company_name,company_ticker,company_lei,company_cik,year,quarter,start_date,end_date,filing_date,parent,tag,financial_name,factor,balance,unit,value
NetApp Inc,NTAP,QTX3D84DZDD5JYOCYH15,0001002047,2009.0,FY,2008-04-26,2009-04-24,2011-06-23 16:08:45+00:00,netincomecontinuing,netincome,Consolidated Net Income / (Loss),+,credit,usd,64600000.0
NetApp Inc,NTAP,QTX3D84DZDD5JYOCYH15,0001002047,2009.0,FY,2008-04-26,2009-04-24,2011-06-23 16:08:45+00:00,netcashfromcontinuingoperatingactivities,netincomecontinuing,Net Income / (Loss) Continuing Operations,+,credit,usd,64600000.0
NetApp Inc,NTAP,QTX3D84DZDD5JYOCYH15,0001002047,2009.0,FY,2008-04-26,2009-04-24,2011-06-23 16:08:45+00:00,netcashfromcontinuingoperatingactivities,depreciationexpense,Depreciation Expense,+,debit,usd,170500000.0
NetApp Inc,NTAP,QTX3D84DZDD5JYOCYH15,0001002047,2009.0,FY,2008-04-26,2009-04-24,2011-06-23 16:08:45+00:00,netcashfromcontinuingoperatingactivities,amortizationexpense,Amortization Expense,+,debit,usd,41000000.0
NetApp Inc,NTAP,QTX3D84DZDD5JYOCYH15,0001002047,2009.0,FY,2008-04-26,2009-04-24,2011-06-23 16:08:45+00:00,netcashfromcontinuingoperatingactivities,noncashadjustmentstonetincome,Non-Cash Adjustments To Reconcile Net Income,+,debit,usd,207300000.0
NetApp Inc,NTAP,QTX3D84DZDD5JYOCYH15,0001002047,2009.0,FY,2008-04-26,2009-04-24,2011-06-23 16:08:45+00:00,netcashfromcontinuingoperatingactivities,increasedecreaseinoperatingcapital,"Changes in Operating Assets and Liabilities, net",+,debit,usd,405800000.0
NetApp Inc,NTAP,QTX3D84DZDD5JYOCYH15,0001002047,2009.0,FY,2008-04-26,2009-04-24,2011-06-23 16:08:45+00:00,netcashfromoperatingactivities,netcashfromcontinuingoperatingactivities,Net Cash From Continuing Operating Activities,+,debit,usd,889200000.0
NetApp Inc,NTAP,QTX3D84DZDD5JYOCYH15,0001002047,2009.0,FY,2008-04-26,2009-04-24,2011-06-23 16:08:45+00:00,netchangeincash,netcashfromoperatingactivities,Net Cash From Operating Activities,+,debit,usd,889200000.0
NetApp Inc,NTAP,QTX3D84DZDD5JYOCYH15,0001002047,2009.0,FY,2008-04-26,2009-04-24,2011-06-23 16:08:45+00:00,netcashfromcontinuinginvestingactivities,purchaseofplantpropertyandequipment,"Purchase of Property, Plant & Equipment",+,debit,usd,-289600000.0
NetApp Inc,NTAP,QTX3D84DZDD5JYOCYH15,0001002047,2009.0,FY,2008-04-26,2009-04-24,2011-06-23 16:08:45+00:00,netcashfromcontinuinginvestingactivities,acquisitions,Acquisitions,+,debit,usd,0.0
NetApp Inc,NTAP,QTX3D84DZDD5JYOCYH15,0001002047,2009.0,FY,2008-04-26,2009-04-24,2011-06-23 16:08:45+00:00,netcashfromcontinuinginvestingactivities,purchaseofinvestments,Purchase of Investments,+,debit,usd,-1152500000.0
NetApp Inc,NTAP,QTX3D84DZDD5JYOCYH15,0001002047,2009.0,FY,2008-04-26,2009-04-24,2011-06-23 16:08:45+00:00,netcashfromcontinuinginvestingactivities,saleofinvestments,Sale and/or Maturity of Investments,+,debit,usd,1035700000.0
NetApp Inc,NTAP,QTX3D84DZDD5JYOCYH15,0001002047,2009.0,FY,2008-04-26,2009-04-24,2011-06-23 16:08:45+00:00,netcashfromcontinuinginvestingactivities,otherinvestingactivitiesnet,"Other Investing Activities, net",+,debit,usd,-596900000.0
NetApp Inc,NTAP,QTX3D84DZDD5JYOCYH15,0001002047,2009.0,FY,2008-04-26,2009-04-24,2011-06-23 16:08:45+00:00,netcashfrominvestingactivities,netcashfromcontinuinginvestingactivities,Net Cash From Continuing Investing Activities,+,debit,usd,-1003300000.0
NetApp Inc,NTAP,QTX3D84DZDD5JYOCYH15,0001002047,2009.0,FY,2008-04-26,2009-04-24,2011-06-23 16:08:45+00:00,netchangeincash,netcashfrominvestingactivities,Net Cash From Investing Activities,+,debit,usd,-1003300000.0
NetApp Inc,NTAP,QTX3D84DZDD5JYOCYH15,0001002047,2009.0,FY,2008-04-26,2009-04-24,2011-06-23 16:08:45+00:00,netcashfromcontinuingfinancingactivities,repaymentofdebt,Repayment of Debt,+,debit,usd,-172600000.0
NetApp Inc,NTAP,QTX3D84DZDD5JYOCYH15,0001002047,2009.0,FY,2008-04-26,2009-04-24,2011-06-23 16:08:45+00:00,netcashfromcontinuingfinancingactivities,repurchaseofcommonequity,Repurchase of Common Equity,+,debit,usd,-400000000.0
NetApp Inc,NTAP,QTX3D84DZDD5JYOCYH15,0001002047,2009.0,FY,2008-04-26,2009-04-24,2011-06-23 16:08:45+00:00,netcashfromcontinuingfinancingactivities,issuanceofdebt,Issuance of Debt,+,debit,usd,1238400000.0
NetApp Inc,NTAP,QTX3D84DZDD5JYOCYH15,0001002047,2009.0,FY,2008-04-26,2009-04-24,2011-06-23 16:08:45+00:00,netcashfromcontinuingfinancingactivities,issuanceofcommonequity,Issuance of Common Equity,+,debit,usd,249000000.0
NetApp Inc,NTAP,QTX3D84DZDD5JYOCYH15,0001002047,2009.0,FY,2008-04-26,2009-04-24,2011-06-23 16:08:45+00:00,netcashfromcontinuingfinancingactivities,otherfinancingactivitiesnet,"Other Financing Activities, net",+,debit,usd,-218200000.0
NetApp Inc,NTAP,QTX3D84DZDD5JYOCYH15,0001002047,2009.0,FY,2008-04-26,2009-04-24,2011-06-23 16:08:45+00:00,netcashfromfinancingactivities,netcashfromcontinuingfinancingactivities,Net Cash From Continuing Financing Activities,+,debit,usd,696600000.0
NetApp Inc,NTAP,QTX3D84DZDD5JYOCYH15,0001002047,2009.0,FY,2008-04-26,2009-04-24,2011-06-23 16:08:45+00:00,netchangeincash,netcashfromfinancingactivities,Net Cash From Financing Activities,+,debit,usd,696600000.0
NetApp Inc,NTAP,QTX3D84DZDD5JYOCYH15,0001002047,2009.0,FY,2008-04-26,2009-04-24,2011-06-23 16:08:45+00:00,netchangeincash,effectofexchangeratechanges,Effect of Exchange Rate Changes,+,debit,usd,-24800000.0
NetApp Inc,NTAP,QTX3D84DZDD5JYOCYH15,0001002047,2009.0,FY,2008-04-26,2009-04-24,2011-06-23 16:08:45+00:00,,netchangeincash,Net Change in Cash & Equivalents,=,debit,usd,557700000.0
NetApp Inc,NTAP,QTX3D84DZDD5JYOCYH15,0001002047,2010.0,FY,2009-04-25,2010-04-30,2012-06-19 17:18:25+00:00,netincomecontinuing,netincome,Consolidated Net Income / (Loss),+,credit,usd,400400000.0
NetApp Inc,NTAP,QTX3D84DZDD5JYOCYH15,0001002047,2010.0,FY,2009-04-25,2010-04-30,2012-06-19 17:18:25+00:00,netcashfromcontinuingoperatingactivities,netincomecontinuing,Net Income / (Loss) Continuing Operations,+,credit,usd,400400000.0
NetApp Inc,NTAP,QTX3D84DZDD5JYOCYH15,0001002047,2010.0,FY,2009-04-25,2010-04-30,2012-06-19 17:18:25+00:00,netcashfromcontinuingoperatingactivities,depreciationexpense,Depreciation Expense,+,debit,usd,166000000.0
NetApp Inc,NTAP,QTX3D84DZDD5JYOCYH15,0001002047,2010.0,FY,2009-04-25,2010-04-30,2012-06-19 17:18:25+00:00,netcashfromcontinuingoperatingactivities,amortizationexpense,Amortization Expense,+,debit,usd,50800000.0
NetApp Inc,NTAP,QTX3D84DZDD5JYOCYH15,0001002047,2010.0,FY,2009-04-25,2010-04-30,2012-06-19 17:18:25+00:00,netcashfromcontinuingoperatingactivities,noncashadjustmentstonetincome,Non-Cash Adjustments To Reconcile Net Income,+,debit,usd,160000000.0
NetApp Inc,NTAP,QTX3D84DZDD5JYOCYH15,0001002047,2010.0,FY,2009-04-25,2010-04-30,2012-06-19 17:18:25+00:00,netcashfromcontinuingoperatingactivities,increasedecreaseinoperatingcapital,"Changes in Operating Assets and Liabilities, net",+,debit,usd,197800000.0
NetApp Inc,NTAP,QTX3D84DZDD5JYOCYH15,0001002047,2010.0,FY,2009-04-25,2010-04-30,2012-06-19 17:18:25+00:00,netcashfromoperatingactivities,netcashfromcontinuingoperatingactivities,Net Cash From Continuing Operating Activities,+,debit,usd,975000000.0
NetApp Inc,NTAP,QTX3D84DZDD5JYOCYH15,0001002047,2010.0,FY,2009-04-25,2010-04-30,2012-06-19 17:18:25+00:00,netchangeincash,netcashfromoperatingactivities,Net Cash From Operating Activities,+,debit,usd,975000000.0
NetApp Inc,NTAP,QTX3D84DZDD5JYOCYH15,0001002047,2010.0,FY,2009-04-25,2010-04-30,2012-06-19 17:18:25+00:00,netcashfromcontinuinginvestingactivities,purchaseofplantpropertyandequipment,"Purchase of Property, Plant & Equipment",+,debit,usd,-135600000.0
NetApp Inc,NTAP,QTX3D84DZDD5JYOCYH15,0001002047,2010.0,FY,2009-04-25,2010-04-30,2012-06-19 17:18:25+00:00,netcashfromcontinuinginvestingactivities,acquisitions,Acquisitions,+,debit,usd,0.0
NetApp Inc,NTAP,QTX3D84DZDD5JYOCYH15,0001002047,2010.0,FY,2009-04-25,2010-04-30,2012-06-19 17:18:25+00:00,netcashfromcontinuinginvestingactivities,purchaseofinvestments,Purchase of Investments,+,debit,usd,-2632600000.0
NetApp Inc,NTAP,QTX3D84DZDD5JYOCYH15,0001002047,2010.0,FY,2009-04-25,2010-04-30,2012-06-19 17:18:25+00:00,netcashfromcontinuinginvestingactivities,saleofinvestments,Sale and/or Maturity of Investments,+,debit,usd,1772300000.0
NetApp Inc,NTAP,QTX3D84DZDD5JYOCYH15,0001002047,2010.0,FY,2009-04-25,2010-04-30,2012-06-19 17:18:25+00:00,netcashfromcontinuinginvestingactivities,otherinvestingactivitiesnet,"Other Investing Activities, net",+,debit,usd,8200000.0
NetApp Inc,NTAP,QTX3D84DZDD5JYOCYH15,0001002047,2010.0,FY,2009-04-25,2010-04-30,2012-06-19 17:18:25+00:00,netcashfrominvestingactivities,netcashfromcontinuinginvestingactivities,Net Cash From Continuing Investing Activities,+,debit,usd,-987700000.0
NetApp Inc,NTAP,QTX3D84DZDD5JYOCYH15,0001002047,2010.0,FY,2009-04-25,2010-04-30,2012-06-19 17:18:25+00:00,netchangeincash,netcashfrominvestingactivities,Net Cash From Investing Activities,+,debit,usd,-987700000.0
NetApp Inc,NTAP,QTX3D84DZDD5JYOCYH15,0001002047,2010.0,FY,2009-04-25,2010-04-30,2012-06-19 17:18:25+00:00,netcashfromcontinuingfinancingactivities,repaymentofdebt,Repayment of Debt,+,debit,usd,0.0
NetApp Inc,NTAP,QTX3D84DZDD5JYOCYH15,0001002047,2010.0,FY,2009-04-25,2010-04-30,2012-06-19 17:18:25+00:00,netcashfromcontinuingfinancingactivities,repurchaseofcommonequity,Repurchase of Common Equity,+,debit,usd,0.0
NetApp Inc,NTAP,QTX3D84DZDD5JYOCYH15,0001002047,2010.0,FY,2009-04-25,2010-04-30,2012-06-19 17:18:25+00:00,netcashfromcontinuingfinancingactivities,issuanceofdebt,Issuance of Debt,+,debit,usd,14200000.0
NetApp Inc,NTAP,QTX3D84DZDD5JYOCYH15,0001002047,2010.0,FY,2009-04-25,2010-04-30,2012-06-19 17:18:25+00:00,netcashfromcontinuingfinancingactivities,issuanceofcommonequity,Issuance of Common Equity,+,debit,usd,197100000.0
NetApp Inc,NTAP,QTX3D84DZDD5JYOCYH15,0001002047,2010.0,FY,2009-04-25,2010-04-30,2012-06-19 17:18:25+00:00,netcashfromcontinuingfinancingactivities,otherfinancingactivitiesnet,"Other Financing Activities, net",+,debit,usd,8600000.0
NetApp Inc,NTAP,QTX3D84DZDD5JYOCYH15,0001002047,2010.0,FY,2009-04-25,2010-04-30,2012-06-19 17:18:25+00:00,netcashfromfinancingactivities,netcashfromcontinuingfinancingactivities,Net Cash From Continuing Financing Activities,+,debit,usd,219900000.0
NetApp Inc,NTAP,QTX3D84DZDD5JYOCYH15,0001002047,2010.0,FY,2009-04-25,2010-04-30,2012-06-19 17:18:25+00:00,netchangeincash,netcashfromfinancingactivities,Net Cash From Financing Activities,+,debit,usd,219900000.0
NetApp Inc,NTAP,QTX3D84DZDD5JYOCYH15,0001002047,2010.0,FY,2009-04-25,2010-04-30,2012-06-19 17:18:25+00:00,netchangeincash,effectofexchangeratechanges,Effect of Exchange Rate Changes,+,debit,usd,3600000.0
NetApp Inc,NTAP,QTX3D84DZDD5JYOCYH15,0001002047,2010.0,FY,2009-04-25,2010-04-30,2012-06-19 17:18:25+00:00,,netchangeincash,Net Change in Cash & Equivalents,=,debit,usd,210800000.0
NetApp Inc,NTAP,QTX3D84DZDD5JYOCYH15,0001002047,2010.0,Q4,2010-01-30,2010-04-30,,netincomecontinuing,netincome,Consolidated Net Income / (Loss),+,credit,usd,145200000.0
NetApp Inc,NTAP,QTX3D84DZDD5JYOCYH15,0001002047,2010.0,Q4,2010-01-30,2010-04-30,,netcashfromcontinuingoperatingactivities,netincomecontinuing,Net Income / (Loss) Continuing Operations,+,credit,usd,145200000.0
NetApp Inc,NTAP,QTX3D84DZDD5JYOCYH15,0001002047,2010.0,Q4,2010-01-30,2010-04-30,,netcashfromcontinuingoperatingactivities,depreciationexpense,Depreciation Expense,+,debit,usd,40000000.0
NetApp Inc,NTAP,QTX3D84DZDD5JYOCYH15,0001002047,2010.0,Q4,2010-01-30,2010-04-30,,netcashfromcontinuingoperatingactivities,amortizationexpense,Amortization Expense,+,debit,usd,13000000.0
NetApp Inc,NTAP,QTX3D84DZDD5JYOCYH15,0001002047,2010.0,Q4,2010-01-30,2010-04-30,,netcashfromcontinuingoperatingactivities,noncashadjustmentstonetincome,Non-Cash Adjustments To Reconcile Net Income,+,debit,usd,137200000.0
NetApp Inc,NTAP,QTX3D84DZDD5JYOCYH15,0001002047,2010.0,Q4,2010-01-30,2010-04-30,,netcashfromcontinuingoperatingactivities,increasedecreaseinoperatingcapital,"Changes in Operating Assets and Liabilities, net",+,debit,usd,139200000.0
NetApp Inc,NTAP,QTX3D84DZDD5JYOCYH15,0001002047,2010.0,Q4,2010-01-30,2010-04-30,,netcashfromoperatingactivities,netcashfromcontinuingoperatingactivities,Net Cash From Continuing Operating Activities,+,debit,usd,474600000.0
NetApp Inc,NTAP,QTX3D84DZDD5JYOCYH15,0001002047,2010.0,Q4,2010-01-30,2010-04-30,,netchangeincash,netcashfromoperatingactivities,Net Cash From Operating Activities,+,debit,usd,474600000.0
NetApp Inc,NTAP,QTX3D84DZDD5JYOCYH15,0001002047,2010.0,Q4,2010-01-30,2010-04-30,,netcashfromcontinuinginvestingactivities,purchaseofplantpropertyandequipment,"Purchase of Property, Plant & Equipment",+,debit,usd,-38400000.0
NetApp Inc,NTAP,QTX3D84DZDD5JYOCYH15,0001002047,2010.0,Q4,2010-01-30,2010-04-30,,netcashfromcontinuinginvestingactivities,purchaseofinvestments,Purchase of Investments,+,debit,usd,-1297700000.0
NetApp Inc,NTAP,QTX3D84DZDD5JYOCYH15,0001002047,2010.0,Q4,2010-01-30,2010-04-30,,netcashfromcontinuinginvestingactivities,saleofinvestments,Sale and/or Maturity of Investments,+,debit,usd,528800000.0
NetApp Inc,NTAP,QTX3D84DZDD5JYOCYH15,0001002047,2010.0,Q4,2010-01-30,2010-04-30,,netcashfromcontinuinginvestingactivities,otherinvestingactivitiesnet,"Other Investing Activities, net",+,debit,usd,4100000.0
NetApp Inc,NTAP,QTX3D84DZDD5JYOCYH15,0001002047,2010.0,Q4,2010-01-30,2010-04-30,,netcashfrominvestingactivities,netcashfromcontinuinginvestingactivities,Net Cash From Continuing Investing Activities,+,debit,usd,-803200000.0
NetApp Inc,NTAP,QTX3D84DZDD5JYOCYH15,0001002047,2010.0,Q4,2010-01-30,2010-04-30,,netchangeincash,netcashfrominvestingactivities,Net Cash From Investing Activities,+,debit,usd,-803200000.0
NetApp Inc,NTAP,QTX3D84DZDD5JYOCYH15,0001002047,2010.0,Q4,2010-01-30,2010-04-30,,netcashfromcontinuingfinancingactivities,issuanceofdebt,Issuance of Debt,+,debit,usd,14200000.0
NetApp Inc,NTAP,QTX3D84DZDD5JYOCYH15,0001002047,2010.0,Q4,2010-01-30,2010-04-30,,netcashfromcontinuingfinancingactivities,issuanceofcommonequity,Issuance of Common Equity,+,debit,usd,40400000.0
NetApp Inc,NTAP,QTX3D84DZDD5JYOCYH15,0001002047,2010.0,Q4,2010-01-30,2010-04-30,,netcashfromcontinuingfinancingactivities,otherfinancingactivitiesnet,"Other Financing Activities, net",+,debit,usd,7600000.0
NetApp Inc,NTAP,QTX3D84DZDD5JYOCYH15,0001002047,2010.0,Q4,2010-01-30,2010-04-30,,netcashfromfinancingactivities,netcashfromcontinuingfinancingactivities,Net Cash From Continuing Financing Activities,+,debit,usd,62200000.0
NetApp Inc,NTAP,QTX3D84DZDD5JYOCYH15,0001002047,2010.0,Q4,2010-01-30,2010-04-30,,netchangeincash,netcashfromfinancingactivities,Net Cash From Financing Activities,+,debit,usd,62200000.0
NetApp Inc,NTAP,QTX3D84DZDD5JYOCYH15,0001002047,2010.0,Q4,2010-01-30,2010-04-30,,netchangeincash,effectofexchangeratechanges,Effect of Exchange Rate Changes,+,debit,usd,-4400000.0
NetApp Inc,NTAP,QTX3D84DZDD5JYOCYH15,0001002047,2010.0,Q4,2010-01-30,2010-04-30,,,netchangeincash,Net Change in Cash & Equivalents,=,debit,usd,-270800000.0
NetApp Inc,NTAP,QTX3D84DZDD5JYOCYH15,0001002047,2010.0,Q2YTD,2009-04-25,2009-10-30,2010-12-06 16:03:40+00:00,netincomecontinuing,netincome,Consolidated Net Income / (Loss),+,credit,usd,147300000.0
NetApp Inc,NTAP,QTX3D84DZDD5JYOCYH15,0001002047,2010.0,Q2YTD,2009-04-25,2009-10-30,2010-12-06 16:03:40+00:00,netcashfromcontinuingoperatingactivities,netincomecontinuing,Net Income / (Loss) Continuing Operations,+,credit,usd,147300000.0
NetApp Inc,NTAP,QTX3D84DZDD5JYOCYH15,0001002047,2010.0,Q2YTD,2009-04-25,2009-10-30,2010-12-06 16:03:40+00:00,netcashfromcontinuingoperatingactivities,depreciationexpense,Depreciation Expense,+,debit,usd,85200000.0
NetApp Inc,NTAP,QTX3D84DZDD5JYOCYH15,0001002047,2010.0,Q2YTD,2009-04-25,2009-10-30,2010-12-06 16:03:40+00:00,netcashfromcontinuingoperatingactivities,amortizationexpense,Amortization Expense,+,debit,usd,-25300000.0
NetApp Inc,NTAP,QTX3D84DZDD5JYOCYH15,0001002047,2010.0,Q2YTD,2009-04-25,2009-10-30,2010-12-06 16:03:40+00:00,netcashfromcontinuingoperatingactivities,noncashadjustmentstonetincome,Non-Cash Adjustments To Reconcile Net Income,+,debit,usd,86800000.0
NetApp Inc,NTAP,QTX3D84DZDD5JYOCYH15,0001002047,2010.0,Q2YTD,2009-04-25,2009-10-30,2010-12-06 16:03:40+00:00,netcashfromcontinuingoperatingactivities,increasedecreaseinoperatingcapital,"Changes in Operating Assets and Liabilities, net",+,debit,usd,11500000.0
NetApp Inc,NTAP,QTX3D84DZDD5JYOCYH15,0001002047,2010.0,Q2YTD,2009-04-25,2009-10-30,2010-12-06 16:03:40+00:00,netcashfromoperatingactivities,netcashfromcontinuingoperatingactivities,Net Cash From Continuing Operating Activities,+,debit,usd,305500000.0
NetApp Inc,NTAP,QTX3D84DZDD5JYOCYH15,0001002047,2010.0,Q2YTD,2009-04-25,2009-10-30,2010-12-06 16:03:40+00:00,netchangeincash,netcashfromoperatingactivities,Net Cash From Operating Activities,+,debit,usd,305500000.0
NetApp Inc,NTAP,QTX3D84DZDD5JYOCYH15,0001002047,2010.0,Q2YTD,2009-04-25,2009-10-30,2010-12-06 16:03:40+00:00,netcashfromcontinuinginvestingactivities,purchaseofplantpropertyandequipment,"Purchase of Property, Plant & Equipment",+,debit,usd,-47500000.0
NetApp Inc,NTAP,QTX3D84DZDD5JYOCYH15,0001002047,2010.0,Q2YTD,2009-04-25,2009-10-30,2010-12-06 16:03:40+00:00,netcashfromcontinuinginvestingactivities,acquisitions,Acquisitions,+,debit,usd,0.0
NetApp Inc,NTAP,QTX3D84DZDD5JYOCYH15,0001002047,2010.0,Q2YTD,2009-04-25,2009-10-30,2010-12-06 16:03:40+00:00,netcashfromcontinuinginvestingactivities,purchaseofinvestments,Purchase of Investments,+,debit,usd,-883200000.0
NetApp Inc,NTAP,QTX3D84DZDD5JYOCYH15,0001002047,2010.0,Q2YTD,2009-04-25,2009-10-30,2010-12-06 16:03:40+00:00,netcashfromcontinuinginvestingactivities,saleofinvestments,Sale and/or Maturity of Investments,+,debit,usd,780800000.0
NetApp Inc,NTAP,QTX3D84DZDD5JYOCYH15,0001002047,2010.0,Q2YTD,2009-04-25,2009-10-30,2010-12-06 16:03:40+00:00,netcashfromcontinuinginvestingactivities,otherinvestingactivitiesnet,"Other Investing Activities, net",+,debit,usd,3600000.0
NetApp Inc,NTAP,QTX3D84DZDD5JYOCYH15,0001002047,2010.0,Q2YTD,2009-04-25,2009-10-30,2010-12-06 16:03:40+00:00,netcashfrominvestingactivities,netcashfromcontinuinginvestingactivities,Net Cash From Continuing Investing Activities,+,debit,usd,-146300000.0
NetApp Inc,NTAP,QTX3D84DZDD5JYOCYH15,0001002047,2010.0,Q2YTD,2009-04-25,2009-10-30,2010-12-06 16:03:40+00:00,netchangeincash,netcashfrominvestingactivities,Net Cash From Investing Activities,+,debit,usd,-146300000.0
NetApp Inc,NTAP,QTX3D84DZDD5JYOCYH15,0001002047,2010.0,Q2YTD,2009-04-25,2009-10-30,2010-12-06 16:03:40+00:00,netcashfromcontinuingfinancingactivities,repaymentofdebt,Repayment of Debt,+,debit,usd,0.0
NetApp Inc,NTAP,QTX3D84DZDD5JYOCYH15,0001002047,2010.0,Q2YTD,2009-04-25,2009-10-30,2010-12-06 16:03:40+00:00,netcashfromcontinuingfinancingactivities,issuanceofcommonequity,Issuance of Common Equity,+,debit,usd,60100000.0
NetApp Inc,NTAP,QTX3D84DZDD5JYOCYH15,0001002047,2010.0,Q2YTD,2009-04-25,2009-10-30,2010-12-06 16:03:40+00:00,netcashfromcontinuingfinancingactivities,otherfinancingactivitiesnet,"Other Financing Activities, net",+,debit,usd,1400000.0
NetApp Inc,NTAP,QTX3D84DZDD5JYOCYH15,0001002047,2010.0,Q2YTD,2009-04-25,2009-10-30,2010-12-06 16:03:40+00:00,netcashfromfinancingactivities,netcashfromcontinuingfinancingactivities,Net Cash From Continuing Financing Activities,+,debit,usd,61500000.0
NetApp Inc,NTAP,QTX3D84DZDD5JYOCYH15,0001002047,2010.0,Q2YTD,2009-04-25,2009-10-30,2010-12-06 16:03:40+00:00,netchangeincash,netcashfromfinancingactivities,Net Cash From Financing Activities,+,debit,usd,61500000.0
NetApp Inc,NTAP,QTX3D84DZDD5JYOCYH15,0001002047,2010.0,Q2YTD,2009-04-25,2009-10-30,2010-12-06 16:03:40+00:00,netchangeincash,effectofexchangeratechanges,Effect of Exchange Rate Changes,+,debit,usd,13900000.0
NetApp Inc,NTAP,QTX3D84DZDD5JYOCYH15,0001002047,2010.0,Q2YTD,2009-04-25,2009-10-30,2010-12-06 16:03:40+00:00,,netchangeincash,Net Change in Cash & Equivalents,=,debit,usd,234600000.0
NetApp Inc,NTAP,QTX3D84DZDD5JYOCYH15,0001002047,2010.0,Q2,2009-08-01,2009-10-30,,netincomecontinuing,netincome,Consolidated Net Income / (Loss),+,credit,usd,95600000.0
NetApp Inc,NTAP,QTX3D84DZDD5JYOCYH15,0001002047,2010.0,Q2,2009-08-01,2009-10-30,,netcashfromcontinuingoperatingactivities,netincomecontinuing,Net Income / (Loss) Continuing Operations,+,credit,usd,95600000.0
NetApp Inc,NTAP,QTX3D84DZDD5JYOCYH15,0001002047,2010.0,Q2,2009-08-01,2009-10-30,,netcashfromcontinuingoperatingactivities,depreciationexpense,Depreciation Expense,+,debit,usd,42200000.0
NetApp Inc,NTAP,QTX3D84DZDD5JYOCYH15,0001002047,2010.0,Q2,2009-08-01,2009-10-30,,netcashfromcontinuingoperatingactivities,amortizationexpense,Amortization Expense,+,debit,usd,-38400000.0
NetApp Inc,NTAP,QTX3D84DZDD5JYOCYH15,0001002047,2010.0,Q2,2009-08-01,2009-10-30,,netcashfromcontinuingoperatingactivities,noncashadjustmentstonetincome,Non-Cash Adjustments To Reconcile Net Income,+,debit,usd,15500000.0
NetApp Inc,NTAP,QTX3D84DZDD5JYOCYH15,0001002047,2010.0,Q2,2009-08-01,2009-10-30,,netcashfromcontinuingoperatingactivities,increasedecreaseinoperatingcapital,"Changes in Operating Assets and Liabilities, net",+,debit,usd,152400000.0
NetApp Inc,NTAP,QTX3D84DZDD5JYOCYH15,0001002047,2010.0,Q2,2009-08-01,2009-10-30,,netcashfromoperatingactivities,netcashfromcontinuingoperatingactivities,Net Cash From Continuing Operating Activities,+,debit,usd,267300000.0
NetApp Inc,NTAP,QTX3D84DZDD5JYOCYH15,0001002047,2010.0,Q2,2009-08-01,2009-10-30,,netchangeincash,netcashfromoperatingactivities,Net Cash From Operating Activities,+,debit,usd,267300000.0
NetApp Inc,NTAP,QTX3D84DZDD5JYOCYH15,0001002047,2010.0,Q2,2009-08-01,2009-10-30,,netcashfromcontinuinginvestingactivities,purchaseofplantpropertyandequipment,"Purchase of Property, Plant & Equipment",+,debit,usd,-22800000.0
NetApp Inc,NTAP,QTX3D84DZDD5JYOCYH15,0001002047,2010.0,Q2,2009-08-01,2009-10-30,,netcashfromcontinuinginvestingactivities,purchaseofinvestments,Purchase of Investments,+,debit,usd,-722300000.0
NetApp Inc,NTAP,QTX3D84DZDD5JYOCYH15,0001002047,2010.0,Q2,2009-08-01,2009-10-30,,netcashfromcontinuinginvestingactivities,saleofinvestments,Sale and/or Maturity of Investments,+,debit,usd,386300000.0
NetApp Inc,NTAP,QTX3D84DZDD5JYOCYH15,0001002047,2010.0,Q2,2009-08-01,2009-10-30,,netcashfromcontinuinginvestingactivities,otherinvestingactivitiesnet,"Other Investing Activities, net",+,debit,usd,4000000.0
NetApp Inc,NTAP,QTX3D84DZDD5JYOCYH15,0001002047,2010.0,Q2,2009-08-01,2009-10-30,,netcashfrominvestingactivities,netcashfromcontinuinginvestingactivities,Net Cash From Continuing Investing Activities,+,debit,usd,-354800000.0
NetApp Inc,NTAP,QTX3D84DZDD5JYOCYH15,0001002047,2010.0,Q2,2009-08-01,2009-10-30,,netchangeincash,netcashfrominvestingactivities,Net Cash From Investing Activities,+,debit,usd,-354800000.0
NetApp Inc,NTAP,QTX3D84DZDD5JYOCYH15,0001002047,2010.0,Q2,2009-08-01,2009-10-30,,netcashfromcontinuingfinancingactivities,issuanceofcommonequity,Issuance of Common Equity,+,debit,usd,26800000.0
NetApp Inc,NTAP,QTX3D84DZDD5JYOCYH15,0001002047,2010.0,Q2,2009-08-01,2009-10-30,,netcashfromcontinuingfinancingactivities,otherfinancingactivitiesnet,"Other Financing Activities, net",+,debit,usd,1400000.0
NetApp Inc,NTAP,QTX3D84DZDD5JYOCYH15,0001002047,2010.0,Q2,2009-08-01,2009-10-30,,netcashfromfinancingactivities,netcashfromcontinuingfinancingactivities,Net Cash From Continuing Financing Activities,+,debit,usd,28200000.0
NetApp Inc,NTAP,QTX3D84DZDD5JYOCYH15,0001002047,2010.0,Q2,2009-08-01,2009-10-30,,netchangeincash,netcashfromfinancingactivities,Net Cash From Financing Activities,+,debit,usd,28200000.0
NetApp Inc,NTAP,QTX3D84DZDD5JYOCYH15,0001002047,2010.0,Q2,2009-08-01,2009-10-30,,netchangeincash,effectofexchangeratechanges,Effect of Exchange Rate Changes,+,debit,usd,3700000.0
NetApp Inc,NTAP,QTX3D84DZDD5JYOCYH15,0001002047,2010.0,Q2,2009-08-01,2009-10-30,,,netchangeincash,Net Change in Cash & Equivalents,=,debit,usd,-55600000.0
NetApp Inc,NTAP,QTX3D84DZDD5JYOCYH15,0001002047,2011.0,FY,2010-05-01,2011-04-29,2013-06-17 16:34:38+00:00,netincomecontinuing,netincome,Consolidated Net Income / (Loss),+,credit,usd,673100000.0
NetApp Inc,NTAP,QTX3D84DZDD5JYOCYH15,0001002047,2011.0,FY,2010-05-01,2011-04-29,2013-06-17 16:34:38+00:00,netcashfromcontinuingoperatingactivities,netincomecontinuing,Net Income / (Loss) Continuing Operations,+,credit,usd,673100000.0
NetApp Inc,NTAP,QTX3D84DZDD5JYOCYH15,0001002047,2011.0,FY,2010-05-01,2011-04-29,2013-06-17 16:34:38+00:00,netcashfromcontinuingoperatingactivities,depreciationexpense,Depreciation Expense,+,debit,usd,165600000.0
NetApp Inc,NTAP,QTX3D84DZDD5JYOCYH15,0001002047,2011.0,FY,2010-05-01,2011-04-29,2013-06-17 16:34:38+00:00,netcashfromcontinuingoperatingactivities,amortizationexpense,Amortization Expense,+,debit,usd,53100000.0
NetApp Inc,NTAP,QTX3D84DZDD5JYOCYH15,0001002047,2011.0,FY,2010-05-01,2011-04-29,2013-06-17 16:34:38+00:00,netcashfromcontinuingoperatingactivities,noncashadjustmentstonetincome,Non-Cash Adjustments To Reconcile Net Income,+,debit,usd,190800000.0
NetApp Inc,NTAP,QTX3D84DZDD5JYOCYH15,0001002047,2011.0,FY,2010-05-01,2011-04-29,2013-06-17 16:34:38+00:00,netcashfromcontinuingoperatingactivities,increasedecreaseinoperatingcapital,"Changes in Operating Assets and Liabilities, net",+,debit,usd,263700000.0
NetApp Inc,NTAP,QTX3D84DZDD5JYOCYH15,0001002047,2011.0,FY,2010-05-01,2011-04-29,2013-06-17 16:34:38+00:00,netcashfromoperatingactivities,netcashfromcontinuingoperatingactivities,Net Cash From Continuing Operating Activities,+,debit,usd,1346300000.0
NetApp Inc,NTAP,QTX3D84DZDD5JYOCYH15,0001002047,2011.0,FY,2010-05-01,2011-04-29,2013-06-17 16:34:38+00:00,netchangeincash,netcashfromoperatingactivities,Net Cash From Operating Activities,+,debit,usd,1346300000.0
NetApp Inc,NTAP,QTX3D84DZDD5JYOCYH15,0001002047,2011.0,FY,2010-05-01,2011-04-29,2013-06-17 16:34:38+00:00,netcashfromcontinuinginvestingactivities,purchaseofplantpropertyandequipment,"Purchase of Property, Plant & Equipment",+,debit,usd,-222700000.0
NetApp Inc,NTAP,QTX3D84DZDD5JYOCYH15,0001002047,2011.0,FY,2010-05-01,2011-04-29,2013-06-17 16:34:38+00:00,netcashfromcontinuinginvestingactivities,acquisitions,Acquisitions,+,debit,usd,-136500000.0
NetApp Inc,NTAP,QTX3D84DZDD5JYOCYH15,0001002047,2011.0,FY,2010-05-01,2011-04-29,2013-06-17 16:34:38+00:00,netcashfromcontinuinginvestingactivities,purchaseofinvestments,Purchase of Investments,+,debit,usd,-2190900000.0
NetApp Inc,NTAP,QTX3D84DZDD5JYOCYH15,0001002047,2011.0,FY,2010-05-01,2011-04-29,2013-06-17 16:34:38+00:00,netcashfromcontinuinginvestingactivities,saleofinvestments,Sale and/or Maturity of Investments,+,debit,usd,1772400000.0
NetApp Inc,NTAP,QTX3D84DZDD5JYOCYH15,0001002047,2011.0,FY,2010-05-01,2011-04-29,2013-06-17 16:34:38+00:00,netcashfromcontinuinginvestingactivities,otherinvestingactivitiesnet,"Other Investing Activities, net",+,debit,usd,500000.0
NetApp Inc,NTAP,QTX3D84DZDD5JYOCYH15,0001002047,2011.0,FY,2010-05-01,2011-04-29,2013-06-17 16:34:38+00:00,netcashfrominvestingactivities,netcashfromcontinuinginvestingactivities,Net Cash From Continuing Investing Activities,+,debit,usd,-777200000.0
NetApp Inc,NTAP,QTX3D84DZDD5JYOCYH15,0001002047,2011.0,FY,2010-05-01,2011-04-29,2013-06-17 16:34:38+00:00,netchangeincash,netcashfrominvestingactivities,Net Cash From Investing Activities,+,debit,usd,-777200000.0
NetApp Inc,NTAP,QTX3D84DZDD5JYOCYH15,0001002047,2011.0,FY,2010-05-01,2011-04-29,2013-06-17 16:34:38+00:00,netcashfromcontinuingfinancingactivities,repaymentofdebt,Repayment of Debt,+,debit,usd,-1000000.0
NetApp Inc,NTAP,QTX3D84DZDD5JYOCYH15,0001002047,2011.0,FY,2010-05-01,2011-04-29,2013-06-17 16:34:38+00:00,netcashfromcontinuingfinancingactivities,repurchaseofcommonequity,Repurchase of Common Equity,+,debit,usd,0.0
NetApp Inc,NTAP,QTX3D84DZDD5JYOCYH15,0001002047,2011.0,FY,2010-05-01,2011-04-29,2013-06-17 16:34:38+00:00,netcashfromcontinuingfinancingactivities,issuanceofcommonequity,Issuance of Common Equity,+,debit,usd,324200000.0
NetApp Inc,NTAP,QTX3D84DZDD5JYOCYH15,0001002047,2011.0,FY,2010-05-01,2011-04-29,2013-06-17 16:34:38+00:00,netcashfromcontinuingfinancingactivities,otherfinancingactivitiesnet,"Other Financing Activities, net",+,debit,usd,127700000.0
NetApp Inc,NTAP,QTX3D84DZDD5JYOCYH15,0001002047,2011.0,FY,2010-05-01,2011-04-29,2013-06-17 16:34:38+00:00,netcashfromfinancingactivities,netcashfromcontinuingfinancingactivities,Net Cash From Continuing Financing Activities,+,debit,usd,450900000.0
NetApp Inc,NTAP,QTX3D84DZDD5JYOCYH15,0001002047,2011.0,FY,2010-05-01,2011-04-29,2013-06-17 16:34:38+00:00,netchangeincash,netcashfromfinancingactivities,Net Cash From Financing Activities,+,debit,usd,450900000.0
NetApp Inc,NTAP,QTX3D84DZDD5JYOCYH15,0001002047,2011.0,FY,2010-05-01,2011-04-29,2013-06-17 16:34:38+00:00,netchangeincash,effectofexchangeratechanges,Effect of Exchange Rate Changes,+,debit,usd,32300000.0
NetApp Inc,NTAP,QTX3D84DZDD5JYOCYH15,0001002047,2011.0,FY,2010-05-01,2011-04-29,2013-06-17 16:34:38+00:00,,netchangeincash,Net Change in Cash & Equivalents,=,debit,usd,1052300000.0
NetApp Inc,NTAP,QTX3D84DZDD5JYOCYH15,0001002047,2011.0,Q4,2011-01-29,2011-04-29,,netincomecontinuing,netincome,Consolidated Net Income / (Loss),+,credit,usd,160600000.0
NetApp Inc,NTAP,QTX3D84DZDD5JYOCYH15,0001002047,2011.0,Q4,2011-01-29,2011-04-29,,netcashfromcontinuingoperatingactivities,netincomecontinuing,Net Income / (Loss) Continuing Operations,+,credit,usd,160600000.0
NetApp Inc,NTAP,QTX3D84DZDD5JYOCYH15,0001002047,2011.0,Q4,2011-01-29,2011-04-29,,netcashfromcontinuingoperatingactivities,depreciationexpense,Depreciation Expense,+,debit,usd,42300000.0
NetApp Inc,NTAP,QTX3D84DZDD5JYOCYH15,0001002047,2011.0,Q4,2011-01-29,2011-04-29,,netcashfromcontinuingoperatingactivities,amortizationexpense,Amortization Expense,+,debit,usd,13900000.0
NetApp Inc,NTAP,QTX3D84DZDD5JYOCYH15,0001002047,2011.0,Q4,2011-01-29,2011-04-29,,netcashfromcontinuingoperatingactivities,noncashadjustmentstonetincome,Non-Cash Adjustments To Reconcile Net Income,+,debit,usd,38000000.0
NetApp Inc,NTAP,QTX3D84DZDD5JYOCYH15,0001002047,2011.0,Q4,2011-01-29,2011-04-29,,netcashfromcontinuingoperatingactivities,increasedecreaseinoperatingcapital,"Changes in Operating Assets and Liabilities, net",+,debit,usd,204000000.0
NetApp Inc,NTAP,QTX3D84DZDD5JYOCYH15,0001002047,2011.0,Q4,2011-01-29,2011-04-29,,netcashfromoperatingactivities,netcashfromcontinuingoperatingactivities,Net Cash From Continuing Operating Activities,+,debit,usd,458800000.0
NetApp Inc,NTAP,QTX3D84DZDD5JYOCYH15,0001002047,2011.0,Q4,2011-01-29,2011-04-29,,netchangeincash,netcashfromoperatingactivities,Net Cash From Operating Activities,+,debit,usd,458800000.0
NetApp Inc,NTAP,QTX3D84DZDD5JYOCYH15,0001002047,2011.0,Q4,2011-01-29,2011-04-29,,netcashfromcontinuinginvestingactivities,purchaseofplantpropertyandequipment,"Purchase of Property, Plant & Equipment",+,debit,usd,-72900000.0
NetApp Inc,NTAP,QTX3D84DZDD5JYOCYH15,0001002047,2011.0,Q4,2011-01-29,2011-04-29,,netcashfromcontinuinginvestingactivities,acquisitions,Acquisitions,+,debit,usd,-61600000.0
NetApp Inc,NTAP,QTX3D84DZDD5JYOCYH15,0001002047,2011.0,Q4,2011-01-29,2011-04-29,,netcashfromcontinuinginvestingactivities,purchaseofinvestments,Purchase of Investments,+,debit,usd,-500000.0
NetApp Inc,NTAP,QTX3D84DZDD5JYOCYH15,0001002047,2011.0,Q4,2011-01-29,2011-04-29,,netcashfromcontinuinginvestingactivities,saleofinvestments,Sale and/or Maturity of Investments,+,debit,usd,417500000.0
NetApp Inc,NTAP,QTX3D84DZDD5JYOCYH15,0001002047,2011.0,Q4,2011-01-29,2011-04-29,,netcashfromcontinuinginvestingactivities,otherinvestingactivitiesnet,"Other Investing Activities, net",+,debit,usd,-300000.0
NetApp Inc,NTAP,QTX3D84DZDD5JYOCYH15,0001002047,2011.0,Q4,2011-01-29,2011-04-29,,netcashfrominvestingactivities,netcashfromcontinuinginvestingactivities,Net Cash From Continuing Investing Activities,+,debit,usd,282200000.0
NetApp Inc,NTAP,QTX3D84DZDD5JYOCYH15,0001002047,2011.0,Q4,2011-01-29,2011-04-29,,netchangeincash,netcashfrominvestingactivities,Net Cash From Investing Activities,+,debit,usd,282200000.0
NetApp Inc,NTAP,QTX3D84DZDD5JYOCYH15,0001002047,2011.0,Q4,2011-01-29,2011-04-29,,netcashfromcontinuingfinancingactivities,repaymentofdebt,Repayment of Debt,+,debit,usd,-1000000.0
NetApp Inc,NTAP,QTX3D84DZDD5JYOCYH15,0001002047,2011.0,Q4,2011-01-29,2011-04-29,,netcashfromcontinuingfinancingactivities,issuanceofdebt,Issuance of Debt,+,debit,usd,-400000.0
NetApp Inc,NTAP,QTX3D84DZDD5JYOCYH15,0001002047,2011.0,Q4,2011-01-29,2011-04-29,,netcashfromcontinuingfinancingactivities,issuanceofcommonequity,Issuance of Common Equity,+,debit,usd,12200000.0
NetApp Inc,NTAP,QTX3D84DZDD5JYOCYH15,0001002047,2011.0,Q4,2011-01-29,2011-04-29,,netcashfromcontinuingfinancingactivities,otherfinancingactivitiesnet,"Other Financing Activities, net",+,debit,usd,64400000.0
NetApp Inc,NTAP,QTX3D84DZDD5JYOCYH15,0001002047,2011.0,Q4,2011-01-29,2011-04-29,,netcashfromfinancingactivities,netcashfromcontinuingfinancingactivities,Net Cash From Continuing Financing Activities,+,debit,usd,75200000.0
NetApp Inc,NTAP,QTX3D84DZDD5JYOCYH15,0001002047,2011.0,Q4,2011-01-29,2011-04-29,,netchangeincash,netcashfromfinancingactivities,Net Cash From Financing Activities,+,debit,usd,75200000.0
NetApp Inc,NTAP,QTX3D84DZDD5JYOCYH15,0001002047,2011.0,Q4,2011-01-29,2011-04-29,,netchangeincash,effectofexchangeratechanges,Effect of Exchange Rate Changes,+,debit,usd,21700000.0
NetApp Inc,NTAP,QTX3D84DZDD5JYOCYH15,0001002047,2011.0,Q4,2011-01-29,2011-04-29,,,netchangeincash,Net Change in Cash & Equivalents,=,debit,usd,837900000.0
NetApp Inc,NTAP,QTX3D84DZDD5JYOCYH15,0001002047,2011.0,Q3YTD,2010-05-01,2011-01-28,2012-03-05 16:36:57+00:00,netincomecontinuing,netincome,Consolidated Net Income / (Loss),+,credit,usd,512500000.0
NetApp Inc,NTAP,QTX3D84DZDD5JYOCYH15,0001002047,2011.0,Q3YTD,2010-05-01,2011-01-28,2012-03-05 16:36:57+00:00,netcashfromcontinuingoperatingactivities,netincomecontinuing,Net Income / (Loss) Continuing Operations,+,credit,usd,512500000.0
NetApp Inc,NTAP,QTX3D84DZDD5JYOCYH15,0001002047,2011.0,Q3YTD,2010-05-01,2011-01-28,2012-03-05 16:36:57+00:00,netcashfromcontinuingoperatingactivities,depreciationexpense,Depreciation Expense,+,debit,usd,123300000.0
NetApp Inc,NTAP,QTX3D84DZDD5JYOCYH15,0001002047,2011.0,Q3YTD,2010-05-01,2011-01-28,2012-03-05 16:36:57+00:00,netcashfromcontinuingoperatingactivities,amortizationexpense,Amortization Expense,+,debit,usd,39200000.0
NetApp Inc,NTAP,QTX3D84DZDD5JYOCYH15,0001002047,2011.0,Q3YTD,2010-05-01,2011-01-28,2012-03-05 16:36:57+00:00,netcashfromcontinuingoperatingactivities,noncashadjustmentstonetincome,Non-Cash Adjustments To Reconcile Net Income,+,debit,usd,152800000.0
NetApp Inc,NTAP,QTX3D84DZDD5JYOCYH15,0001002047,2011.0,Q3YTD,2010-05-01,2011-01-28,2012-03-05 16:36:57+00:00,netcashfromcontinuingoperatingactivities,increasedecreaseinoperatingcapital,"Changes in Operating Assets and Liabilities, net",+,debit,usd,59700000.0
NetApp Inc,NTAP,QTX3D84DZDD5JYOCYH15,0001002047,2011.0,Q3YTD,2010-05-01,2011-01-28,2012-03-05 16:36:57+00:00,netcashfromoperatingactivities,netcashfromcontinuingoperatingactivities,Net Cash From Continuing Operating Activities,+,debit,usd,887500000.0
NetApp Inc,NTAP,QTX3D84DZDD5JYOCYH15,0001002047,2011.0,Q3YTD,2010-05-01,2011-01-28,2012-03-05 16:36:57+00:00,netchangeincash,netcashfromoperatingactivities,Net Cash From Operating Activities,+,debit,usd,887500000.0
NetApp Inc,NTAP,QTX3D84DZDD5JYOCYH15,0001002047,2011.0,Q3YTD,2010-05-01,2011-01-28,2012-03-05 16:36:57+00:00,netcashfromcontinuinginvestingactivities,purchaseofplantpropertyandequipment,"Purchase of Property, Plant & Equipment",+,debit,usd,-149800000.0
NetApp Inc,NTAP,QTX3D84DZDD5JYOCYH15,0001002047,2011.0,Q3YTD,2010-05-01,2011-01-28,2012-03-05 16:36:57+00:00,netcashfromcontinuinginvestingactivities,acquisitions,Acquisitions,+,debit,usd,-74900000.0
NetApp Inc,NTAP,QTX3D84DZDD5JYOCYH15,0001002047,2011.0,Q3YTD,2010-05-01,2011-01-28,2012-03-05 16:36:57+00:00,netcashfromcontinuinginvestingactivities,purchaseofinvestments,Purchase of Investments,+,debit,usd,-2190400000.0
NetApp Inc,NTAP,QTX3D84DZDD5JYOCYH15,0001002047,2011.0,Q3YTD,2010-05-01,2011-01-28,2012-03-05 16:36:57+00:00,netcashfromcontinuinginvestingactivities,saleofinvestments,Sale and/or Maturity of Investments,+,debit,usd,1354900000.0
NetApp Inc,NTAP,QTX3D84DZDD5JYOCYH15,0001002047,2011.0,Q3YTD,2010-05-01,2011-01-28,2012-03-05 16:36:57+00:00,netcashfromcontinuinginvestingactivities,otherinvestingactivitiesnet,"Other Investing Activities, net",+,debit,usd,800000.0
NetApp Inc,NTAP,QTX3D84DZDD5JYOCYH15,0001002047,2011.0,Q3YTD,2010-05-01,2011-01-28,2012-03-05 16:36:57+00:00,netcashfrominvestingactivities,netcashfromcontinuinginvestingactivities,Net Cash From Continuing Investing Activities,+,debit,usd,-1059400000.0
NetApp Inc,NTAP,QTX3D84DZDD5JYOCYH15,0001002047,2011.0,Q3YTD,2010-05-01,2011-01-28,2012-03-05 16:36:57+00:00,netchangeincash,netcashfrominvestingactivities,Net Cash From Investing Activities,+,debit,usd,-1059400000.0
NetApp Inc,NTAP,QTX3D84DZDD5JYOCYH15,0001002047,2011.0,Q3YTD,2010-05-01,2011-01-28,2012-03-05 16:36:57+00:00,netcashfromcontinuingfinancingactivities,repurchaseofcommonequity,Repurchase of Common Equity,+,debit,usd,0.0
NetApp Inc,NTAP,QTX3D84DZDD5JYOCYH15,0001002047,2011.0,Q3YTD,2010-05-01,2011-01-28,2012-03-05 16:36:57+00:00,netcashfromcontinuingfinancingactivities,issuanceofdebt,Issuance of Debt,+,debit,usd,400000.0
NetApp Inc,NTAP,QTX3D84DZDD5JYOCYH15,0001002047,2011.0,Q3YTD,2010-05-01,2011-01-28,2012-03-05 16:36:57+00:00,netcashfromcontinuingfinancingactivities,issuanceofcommonequity,Issuance of Common Equity,+,debit,usd,312000000.0
NetApp Inc,NTAP,QTX3D84DZDD5JYOCYH15,0001002047,2011.0,Q3YTD,2010-05-01,2011-01-28,2012-03-05 16:36:57+00:00,netcashfromcontinuingfinancingactivities,otherfinancingactivitiesnet,"Other Financing Activities, net",+,debit,usd,63300000.0
NetApp Inc,NTAP,QTX3D84DZDD5JYOCYH15,0001002047,2011.0,Q3YTD,2010-05-01,2011-01-28,2012-03-05 16:36:57+00:00,netcashfromfinancingactivities,netcashfromcontinuingfinancingactivities,Net Cash From Continuing Financing Activities,+,debit,usd,375700000.0
NetApp Inc,NTAP,QTX3D84DZDD5JYOCYH15,0001002047,2011.0,Q3YTD,2010-05-01,2011-01-28,2012-03-05 16:36:57+00:00,netchangeincash,netcashfromfinancingactivities,Net Cash From Financing Activities,+,debit,usd,375700000.0
NetApp Inc,NTAP,QTX3D84DZDD5JYOCYH15,0001002047,2011.0,Q3YTD,2010-05-01,2011-01-28,2012-03-05 16:36:57+00:00,netchangeincash,effectofexchangeratechanges,Effect of Exchange Rate Changes,+,debit,usd,10600000.0
NetApp Inc,NTAP,QTX3D84DZDD5JYOCYH15,0001002047,2011.0,Q3YTD,2010-05-01,2011-01-28,2012-03-05 16:36:57+00:00,,netchangeincash,Net Change in Cash & Equivalents,=,debit,usd,214400000.0
NetApp Inc,NTAP,QTX3D84DZDD5JYOCYH15,0001002047,2011.0,Q3TTM,2010-01-30,2011-01-28,,netincomecontinuing,netincome,Consolidated Net Income / (Loss),+,credit,usd,657700000.0
NetApp Inc,NTAP,QTX3D84DZDD5JYOCYH15,0001002047,2011.0,Q3TTM,2010-01-30,2011-01-28,,netcashfromcontinuingoperatingactivities,netincomecontinuing,Net Income / (Loss) Continuing Operations,+,credit,usd,657700000.0
NetApp Inc,NTAP,QTX3D84DZDD5JYOCYH15,0001002047,2011.0,Q3TTM,2010-01-30,2011-01-28,,netcashfromcontinuingoperatingactivities,depreciationexpense,Depreciation Expense,+,debit,usd,163300000.0
NetApp Inc,NTAP,QTX3D84DZDD5JYOCYH15,0001002047,2011.0,Q3TTM,2010-01-30,2011-01-28,,netcashfromcontinuingoperatingactivities,amortizationexpense,Amortization Expense,+,debit,usd,52200000.0
NetApp Inc,NTAP,QTX3D84DZDD5JYOCYH15,0001002047,2011.0,Q3TTM,2010-01-30,2011-01-28,,netcashfromcontinuingoperatingactivities,noncashadjustmentstonetincome,Non-Cash Adjustments To Reconcile Net Income,+,debit,usd,290000000.0
NetApp Inc,NTAP,QTX3D84DZDD5JYOCYH15,0001002047,2011.0,Q3TTM,2010-01-30,2011-01-28,,netcashfromcontinuingoperatingactivities,increasedecreaseinoperatingcapital,"Changes in Operating Assets and Liabilities, net",+,debit,usd,198900000.0
NetApp Inc,NTAP,QTX3D84DZDD5JYOCYH15,0001002047,2011.0,Q3TTM,2010-01-30,2011-01-28,,netcashfromoperatingactivities,netcashfromcontinuingoperatingactivities,Net Cash From Continuing Operating Activities,+,debit,usd,1362100000.0
NetApp Inc,NTAP,QTX3D84DZDD5JYOCYH15,0001002047,2011.0,Q3TTM,2010-01-30,2011-01-28,,netchangeincash,netcashfromoperatingactivities,Net Cash From Operating Activities,+,debit,usd,1362100000.0
NetApp Inc,NTAP,QTX3D84DZDD5JYOCYH15,0001002047,2011.0,Q3TTM,2010-01-30,2011-01-28,,netcashfromcontinuinginvestingactivities,purchaseofplantpropertyandequipment,"Purchase of Property, Plant & Equipment",+,debit,usd,-188200000.0
NetApp Inc,NTAP,QTX3D84DZDD5JYOCYH15,0001002047,2011.0,Q3TTM,2010-01-30,2011-01-28,,netcashfromcontinuinginvestingactivities,acquisitions,Acquisitions,+,debit,usd,-74900000.0
NetApp Inc,NTAP,QTX3D84DZDD5JYOCYH15,0001002047,2011.0,Q3TTM,2010-01-30,2011-01-28,,netcashfromcontinuinginvestingactivities,purchaseofinvestments,Purchase of Investments,+,debit,usd,-3488100000.0
NetApp Inc,NTAP,QTX3D84DZDD5JYOCYH15,0001002047,2011.0,Q3TTM,2010-01-30,2011-01-28,,netcashfromcontinuinginvestingactivities,saleofinvestments,Sale and/or Maturity of Investments,+,debit,usd,1883700000.0
NetApp Inc,NTAP,QTX3D84DZDD5JYOCYH15,0001002047,2011.0,Q3TTM,2010-01-30,2011-01-28,,netcashfromcontinuinginvestingactivities,otherinvestingactivitiesnet,"Other Investing Activities, net",+,debit,usd,4900000.0
NetApp Inc,NTAP,QTX3D84DZDD5JYOCYH15,0001002047,2011.0,Q3TTM,2010-01-30,2011-01-28,,netcashfrominvestingactivities,netcashfromcontinuinginvestingactivities,Net Cash From Continuing Investing Activities,+,debit,usd,-1862600000.0
NetApp Inc,NTAP,QTX3D84DZDD5JYOCYH15,0001002047,2011.0,Q3TTM,2010-01-30,2011-01-28,,netchangeincash,netcashfrominvestingactivities,Net Cash From Investing Activities,+,debit,usd,-1862600000.0
NetApp Inc,NTAP,QTX3D84DZDD5JYOCYH15,0001002047,2011.0,Q3TTM,2010-01-30,2011-01-28,,netcashfromcontinuingfinancingactivities,issuanceofdebt,Issuance of Debt,+,debit,usd,14600000.0
NetApp Inc,NTAP,QTX3D84DZDD5JYOCYH15,0001002047,2011.0,Q3TTM,2010-01-30,2011-01-28,,netcashfromcontinuingfinancingactivities,issuanceofcommonequity,Issuance of Common Equity,+,debit,usd,352400000.0
NetApp Inc,NTAP,QTX3D84DZDD5JYOCYH15,0001002047,2011.0,Q3TTM,2010-01-30,2011-01-28,,netcashfromcontinuingfinancingactivities,otherfinancingactivitiesnet,"Other Financing Activities, net",+,debit,usd,70900000.0
NetApp Inc,NTAP,QTX3D84DZDD5JYOCYH15,0001002047,2011.0,Q3TTM,2010-01-30,2011-01-28,,netcashfromfinancingactivities,netcashfromcontinuingfinancingactivities,Net Cash From Continuing Financing Activities,+,debit,usd,437900000.0
NetApp Inc,NTAP,QTX3D84DZDD5JYOCYH15,0001002047,2011.0,Q3TTM,2010-01-30,2011-01-28,,netchangeincash,netcashfromfinancingactivities,Net Cash From Financing Activities,+,debit,usd,437900000.0
NetApp Inc,NTAP,QTX3D84DZDD5JYOCYH15,0001002047,2011.0,Q3TTM,2010-01-30,2011-01-28,,netchangeincash,effectofexchangeratechanges,Effect of Exchange Rate Changes,+,debit,usd,6200000.0
NetApp Inc,NTAP,QTX3D84DZDD5JYOCYH15,0001002047,2011.0,Q3TTM,2010-01-30,2011-01-28,,,netchangeincash,Net Change in Cash & Equivalents,=,debit,usd,-56400000.0
NetApp Inc,NTAP,QTX3D84DZDD5JYOCYH15,0001002047,2011.0,Q3,2010-10-30,2011-01-28,,netincomecontinuing,netincome,Consolidated Net Income / (Loss),+,credit,usd,186400000.0
NetApp Inc,NTAP,QTX3D84DZDD5JYOCYH15,0001002047,2011.0,Q3,2010-10-30,2011-01-28,,netcashfromcontinuingoperatingactivities,netincomecontinuing,Net Income / (Loss) Continuing Operations,+,credit,usd,186400000.0
NetApp Inc,NTAP,QTX3D84DZDD5JYOCYH15,0001002047,2011.0,Q3,2010-10-30,2011-01-28,,netcashfromcontinuingoperatingactivities,depreciationexpense,Depreciation Expense,+,debit,usd,41000000.0
NetApp Inc,NTAP,QTX3D84DZDD5JYOCYH15,0001002047,2011.0,Q3,2010-10-30,2011-01-28,,netcashfromcontinuingoperatingactivities,amortizationexpense,Amortization Expense,+,debit,usd,13300000.0
NetApp Inc,NTAP,QTX3D84DZDD5JYOCYH15,0001002047,2011.0,Q3,2010-10-30,2011-01-28,,netcashfromcontinuingoperatingactivities,noncashadjustmentstonetincome,Non-Cash Adjustments To Reconcile Net Income,+,debit,usd,52400000.0
NetApp Inc,NTAP,QTX3D84DZDD5JYOCYH15,0001002047,2011.0,Q3,2010-10-30,2011-01-28,,netcashfromcontinuingoperatingactivities,increasedecreaseinoperatingcapital,"Changes in Operating Assets and Liabilities, net",+,debit,usd,61300000.0
NetApp Inc,NTAP,QTX3D84DZDD5JYOCYH15,0001002047,2011.0,Q3,2010-10-30,2011-01-28,,netcashfromoperatingactivities,netcashfromcontinuingoperatingactivities,Net Cash From Continuing Operating Activities,+,debit,usd,354400000.0
NetApp Inc,NTAP,QTX3D84DZDD5JYOCYH15,0001002047,2011.0,Q3,2010-10-30,2011-01-28,,netchangeincash,netcashfromoperatingactivities,Net Cash From Operating Activities,+,debit,usd,354400000.0
NetApp Inc,NTAP,QTX3D84DZDD5JYOCYH15,0001002047,2011.0,Q3,2010-10-30,2011-01-28,,netcashfromcontinuinginvestingactivities,purchaseofplantpropertyandequipment,"Purchase of Property, Plant & Equipment",+,debit,usd,-66300000.0
NetApp Inc,NTAP,QTX3D84DZDD5JYOCYH15,0001002047,2011.0,Q3,2010-10-30,2011-01-28,,netcashfromcontinuinginvestingactivities,purchaseofinvestments,Purchase of Investments,+,debit,usd,-540300000.0
NetApp Inc,NTAP,QTX3D84DZDD5JYOCYH15,0001002047,2011.0,Q3,2010-10-30,2011-01-28,,netcashfromcontinuinginvestingactivities,saleofinvestments,Sale and/or Maturity of Investments,+,debit,usd,299600000.0
NetApp Inc,NTAP,QTX3D84DZDD5JYOCYH15,0001002047,2011.0,Q3,2010-10-30,2011-01-28,,netcashfromcontinuinginvestingactivities,otherinvestingactivitiesnet,"Other Investing Activities, net",+,debit,usd,800000.0
NetApp Inc,NTAP,QTX3D84DZDD5JYOCYH15,0001002047,2011.0,Q3,2010-10-30,2011-01-28,,netcashfrominvestingactivities,netcashfromcontinuinginvestingactivities,Net Cash From Continuing Investing Activities,+,debit,usd,-306200000.0
NetApp Inc,NTAP,QTX3D84DZDD5JYOCYH15,0001002047,2011.0,Q3,2010-10-30,2011-01-28,,netchangeincash,netcashfrominvestingactivities,Net Cash From Investing Activities,+,debit,usd,-306200000.0
NetApp Inc,NTAP,QTX3D84DZDD5JYOCYH15,0001002047,2011.0,Q3,2010-10-30,2011-01-28,,netcashfromcontinuingfinancingactivities,repaymentofdebt,Repayment of Debt,+,debit,usd,2000000.0
NetApp Inc,NTAP,QTX3D84DZDD5JYOCYH15,0001002047,2011.0,Q3,2010-10-30,2011-01-28,,netcashfromcontinuingfinancingactivities,issuanceofdebt,Issuance of Debt,+,debit,usd,400000.0
NetApp Inc,NTAP,QTX3D84DZDD5JYOCYH15,0001002047,2011.0,Q3,2010-10-30,2011-01-28,,netcashfromcontinuingfinancingactivities,issuanceofcommonequity,Issuance of Common Equity,+,debit,usd,75900000.0
NetApp Inc,NTAP,QTX3D84DZDD5JYOCYH15,0001002047,2011.0,Q3,2010-10-30,2011-01-28,,netcashfromcontinuingfinancingactivities,otherfinancingactivitiesnet,"Other Financing Activities, net",+,debit,usd,21700000.0
NetApp Inc,NTAP,QTX3D84DZDD5JYOCYH15,0001002047,2011.0,Q3,2010-10-30,2011-01-28,,netcashfromfinancingactivities,netcashfromcontinuingfinancingactivities,Net Cash From Continuing Financing Activities,+,debit,usd,100000000.0
NetApp Inc,NTAP,QTX3D84DZDD5JYOCYH15,0001002047,2011.0,Q3,2010-10-30,2011-01-28,,netchangeincash,netcashfromfinancingactivities,Net Cash From Financing Activities,+,debit,usd,100000000.0
NetApp Inc,NTAP,QTX3D84DZDD5JYOCYH15,0001002047,2011.0,Q3,2010-10-30,2011-01-28,,netchangeincash,effectofexchangeratechanges,Effect of Exchange Rate Changes,+,debit,usd,100000.0
NetApp Inc,NTAP,QTX3D84DZDD5JYOCYH15,0001002047,2011.0,Q3,2010-10-30,2011-01-28,,,netchangeincash,Net Change in Cash & Equivalents,=,debit,usd,148300000.0
NetApp Inc,NTAP,QTX3D84DZDD5JYOCYH15,0001002047,2011.0,Q2YTD,2010-05-01,2010-10-29,2011-12-05 16:22:15+00:00,netincomecontinuing,netincome,Consolidated Net Income / (Loss),+,credit,usd,326100000.0
NetApp Inc,NTAP,QTX3D84DZDD5JYOCYH15,0001002047,2011.0,Q2YTD,2010-05-01,2010-10-29,2011-12-05 16:22:15+00:00,netcashfromcontinuingoperatingactivities,netincomecontinuing,Net Income / (Loss) Continuing Operations,+,credit,usd,326100000.0
NetApp Inc,NTAP,QTX3D84DZDD5JYOCYH15,0001002047,2011.0,Q2YTD,2010-05-01,2010-10-29,2011-12-05 16:22:15+00:00,netcashfromcontinuingoperatingactivities,depreciationexpense,Depreciation Expense,+,debit,usd,82300000.0
NetApp Inc,NTAP,QTX3D84DZDD5JYOCYH15,0001002047,2011.0,Q2YTD,2010-05-01,2010-10-29,2011-12-05 16:22:15+00:00,netcashfromcontinuingoperatingactivities,amortizationexpense,Amortization Expense,+,debit,usd,25900000.0
NetApp Inc,NTAP,QTX3D84DZDD5JYOCYH15,0001002047,2011.0,Q2YTD,2010-05-01,2010-10-29,2011-12-05 16:22:15+00:00,netcashfromcontinuingoperatingactivities,noncashadjustmentstonetincome,Non-Cash Adjustments To Reconcile Net Income,+,debit,usd,100400000.0
NetApp Inc,NTAP,QTX3D84DZDD5JYOCYH15,0001002047,2011.0,Q2YTD,2010-05-01,2010-10-29,2011-12-05 16:22:15+00:00,netcashfromcontinuingoperatingactivities,increasedecreaseinoperatingcapital,"Changes in Operating Assets and Liabilities, net",+,debit,usd,-1600000.0
NetApp Inc,NTAP,QTX3D84DZDD5JYOCYH15,0001002047,2011.0,Q2YTD,2010-05-01,2010-10-29,2011-12-05 16:22:15+00:00,netcashfromoperatingactivities,netcashfromcontinuingoperatingactivities,Net Cash From Continuing Operating Activities,+,debit,usd,533100000.0
NetApp Inc,NTAP,QTX3D84DZDD5JYOCYH15,0001002047,2011.0,Q2YTD,2010-05-01,2010-10-29,2011-12-05 16:22:15+00:00,netchangeincash,netcashfromoperatingactivities,Net Cash From Operating Activities,+,debit,usd,533100000.0
NetApp Inc,NTAP,QTX3D84DZDD5JYOCYH15,0001002047,2011.0,Q2YTD,2010-05-01,2010-10-29,2011-12-05 16:22:15+00:00,netcashfromcontinuinginvestingactivities,purchaseofplantpropertyandequipment,"Purchase of Property, Plant & Equipment",+,debit,usd,-83500000.0
NetApp Inc,NTAP,QTX3D84DZDD5JYOCYH15,0001002047,2011.0,Q2YTD,2010-05-01,2010-10-29,2011-12-05 16:22:15+00:00,netcashfromcontinuinginvestingactivities,acquisitions,Acquisitions,+,debit,usd,-74900000.0
NetApp Inc,NTAP,QTX3D84DZDD5JYOCYH15,0001002047,2011.0,Q2YTD,2010-05-01,2010-10-29,2011-12-05 16:22:15+00:00,netcashfromcontinuinginvestingactivities,purchaseofinvestments,Purchase of Investments,+,debit,usd,-1650100000.0
NetApp Inc,NTAP,QTX3D84DZDD5JYOCYH15,0001002047,2011.0,Q2YTD,2010-05-01,2010-10-29,2011-12-05 16:22:15+00:00,netcashfromcontinuinginvestingactivities,saleofinvestments,Sale and/or Maturity of Investments,+,debit,usd,1055300000.0
NetApp Inc,NTAP,QTX3D84DZDD5JYOCYH15,0001002047,2011.0,Q2YTD,2010-05-01,2010-10-29,2011-12-05 16:22:15+00:00,netcashfromcontinuinginvestingactivities,otherinvestingactivitiesnet,"Other Investing Activities, net",+,debit,usd,0.0
NetApp Inc,NTAP,QTX3D84DZDD5JYOCYH15,0001002047,2011.0,Q2YTD,2010-05-01,2010-10-29,2011-12-05 16:22:15+00:00,netcashfrominvestingactivities,netcashfromcontinuinginvestingactivities,Net Cash From Continuing Investing Activities,+,debit,usd,-753200000.0
NetApp Inc,NTAP,QTX3D84DZDD5JYOCYH15,0001002047,2011.0,Q2YTD,2010-05-01,2010-10-29,2011-12-05 16:22:15+00:00,netchangeincash,netcashfrominvestingactivities,Net Cash From Investing Activities,+,debit,usd,-753200000.0
NetApp Inc,NTAP,QTX3D84DZDD5JYOCYH15,0001002047,2011.0,Q2YTD,2010-05-01,2010-10-29,2011-12-05 16:22:15+00:00,netcashfromcontinuingfinancingactivities,repaymentofdebt,Repayment of Debt,+,debit,usd,-2000000.0
NetApp Inc,NTAP,QTX3D84DZDD5JYOCYH15,0001002047,2011.0,Q2YTD,2010-05-01,2010-10-29,2011-12-05 16:22:15+00:00,netcashfromcontinuingfinancingactivities,repurchaseofcommonequity,Repurchase of Common Equity,+,debit,usd,0.0
NetApp Inc,NTAP,QTX3D84DZDD5JYOCYH15,0001002047,2011.0,Q2YTD,2010-05-01,2010-10-29,2011-12-05 16:22:15+00:00,netcashfromcontinuingfinancingactivities,issuanceofcommonequity,Issuance of Common Equity,+,debit,usd,236100000.0
NetApp Inc,NTAP,QTX3D84DZDD5JYOCYH15,0001002047,2011.0,Q2YTD,2010-05-01,2010-10-29,2011-12-05 16:22:15+00:00,netcashfromcontinuingfinancingactivities,otherfinancingactivitiesnet,"Other Financing Activities, net",+,debit,usd,41600000.0
NetApp Inc,NTAP,QTX3D84DZDD5JYOCYH15,0001002047,2011.0,Q2YTD,2010-05-01,2010-10-29,2011-12-05 16:22:15+00:00,netcashfromfinancingactivities,netcashfromcontinuingfinancingactivities,Net Cash From Continuing Financing Activities,+,debit,usd,275700000.0
NetApp Inc,NTAP,QTX3D84DZDD5JYOCYH15,0001002047,2011.0,Q2YTD,2010-05-01,2010-10-29,2011-12-05 16:22:15+00:00,netchangeincash,netcashfromfinancingactivities,Net Cash From Financing Activities,+,debit,usd,275700000.0
NetApp Inc,NTAP,QTX3D84DZDD5JYOCYH15,0001002047,2011.0,Q2YTD,2010-05-01,2010-10-29,2011-12-05 16:22:15+00:00,netchangeincash,effectofexchangeratechanges,Effect of Exchange Rate Changes,+,debit,usd,10500000.0
NetApp Inc,NTAP,QTX3D84DZDD5JYOCYH15,0001002047,2011.0,Q2YTD,2010-05-01,2010-10-29,2011-12-05 16:22:15+00:00,,netchangeincash,Net Change in Cash & Equivalents,=,debit,usd,66100000.0
NetApp Inc,NTAP,QTX3D84DZDD5JYOCYH15,0001002047,2011.0,Q2TTM,2009-10-31,2010-10-29,,netincomecontinuing,netincome,Consolidated Net Income / (Loss),+,credit,usd,579200000.0
NetApp Inc,NTAP,QTX3D84DZDD5JYOCYH15,0001002047,2011.0,Q2TTM,2009-10-31,2010-10-29,,netcashfromcontinuingoperatingactivities,netincomecontinuing,Net Income / (Loss) Continuing Operations,+,credit,usd,579200000.0
NetApp Inc,NTAP,QTX3D84DZDD5JYOCYH15,0001002047,2011.0,Q2TTM,2009-10-31,2010-10-29,,netcashfromcontinuingoperatingactivities,depreciationexpense,Depreciation Expense,+,debit,usd,163100000.0
NetApp Inc,NTAP,QTX3D84DZDD5JYOCYH15,0001002047,2011.0,Q2TTM,2009-10-31,2010-10-29,,netcashfromcontinuingoperatingactivities,amortizationexpense,Amortization Expense,+,debit,usd,102000000.0
NetApp Inc,NTAP,QTX3D84DZDD5JYOCYH15,0001002047,2011.0,Q2TTM,2009-10-31,2010-10-29,,netcashfromcontinuingoperatingactivities,noncashadjustmentstonetincome,Non-Cash Adjustments To Reconcile Net Income,+,debit,usd,173600000.0
NetApp Inc,NTAP,QTX3D84DZDD5JYOCYH15,0001002047,2011.0,Q2TTM,2009-10-31,2010-10-29,,netcashfromcontinuingoperatingactivities,increasedecreaseinoperatingcapital,"Changes in Operating Assets and Liabilities, net",+,debit,usd,184700000.0
NetApp Inc,NTAP,QTX3D84DZDD5JYOCYH15,0001002047,2011.0,Q2TTM,2009-10-31,2010-10-29,,netcashfromoperatingactivities,netcashfromcontinuingoperatingactivities,Net Cash From Continuing Operating Activities,+,debit,usd,1202600000.0
NetApp Inc,NTAP,QTX3D84DZDD5JYOCYH15,0001002047,2011.0,Q2TTM,2009-10-31,2010-10-29,,netchangeincash,netcashfromoperatingactivities,Net Cash From Operating Activities,+,debit,usd,1202600000.0
NetApp Inc,NTAP,QTX3D84DZDD5JYOCYH15,0001002047,2011.0,Q2TTM,2009-10-31,2010-10-29,,netcashfromcontinuinginvestingactivities,purchaseofplantpropertyandequipment,"Purchase of Property, Plant & Equipment",+,debit,usd,-171600000.0
NetApp Inc,NTAP,QTX3D84DZDD5JYOCYH15,0001002047,2011.0,Q2TTM,2009-10-31,2010-10-29,,netcashfromcontinuinginvestingactivities,acquisitions,Acquisitions,+,debit,usd,-74900000.0
NetApp Inc,NTAP,QTX3D84DZDD5JYOCYH15,0001002047,2011.0,Q2TTM,2009-10-31,2010-10-29,,netcashfromcontinuinginvestingactivities,purchaseofinvestments,Purchase of Investments,+,debit,usd,-3399500000.0
NetApp Inc,NTAP,QTX3D84DZDD5JYOCYH15,0001002047,2011.0,Q2TTM,2009-10-31,2010-10-29,,netcashfromcontinuinginvestingactivities,saleofinvestments,Sale and/or Maturity of Investments,+,debit,usd,2046800000.0
NetApp Inc,NTAP,QTX3D84DZDD5JYOCYH15,0001002047,2011.0,Q2TTM,2009-10-31,2010-10-29,,netcashfromcontinuinginvestingactivities,otherinvestingactivitiesnet,"Other Investing Activities, net",+,debit,usd,4600000.0
NetApp Inc,NTAP,QTX3D84DZDD5JYOCYH15,0001002047,2011.0,Q2TTM,2009-10-31,2010-10-29,,netcashfrominvestingactivities,netcashfromcontinuinginvestingactivities,Net Cash From Continuing Investing Activities,+,debit,usd,-1594600000.0
NetApp Inc,NTAP,QTX3D84DZDD5JYOCYH15,0001002047,2011.0,Q2TTM,2009-10-31,2010-10-29,,netchangeincash,netcashfrominvestingactivities,Net Cash From Investing Activities,+,debit,usd,-1594600000.0
NetApp Inc,NTAP,QTX3D84DZDD5JYOCYH15,0001002047,2011.0,Q2TTM,2009-10-31,2010-10-29,,netcashfromcontinuingfinancingactivities,repaymentofdebt,Repayment of Debt,+,debit,usd,-2000000.0
NetApp Inc,NTAP,QTX3D84DZDD5JYOCYH15,0001002047,2011.0,Q2TTM,2009-10-31,2010-10-29,,netcashfromcontinuingfinancingactivities,issuanceofdebt,Issuance of Debt,+,debit,usd,14200000.0
NetApp Inc,NTAP,QTX3D84DZDD5JYOCYH15,0001002047,2011.0,Q2TTM,2009-10-31,2010-10-29,,netcashfromcontinuingfinancingactivities,issuanceofcommonequity,Issuance of Common Equity,+,debit,usd,373100000.0
NetApp Inc,NTAP,QTX3D84DZDD5JYOCYH15,0001002047,2011.0,Q2TTM,2009-10-31,2010-10-29,,netcashfromcontinuingfinancingactivities,otherfinancingactivitiesnet,"Other Financing Activities, net",+,debit,usd,48800000.0
NetApp Inc,NTAP,QTX3D84DZDD5JYOCYH15,0001002047,2011.0,Q2TTM,2009-10-31,2010-10-29,,netcashfromfinancingactivities,netcashfromcontinuingfinancingactivities,Net Cash From Continuing Financing Activities,+,debit,usd,434100000.0
NetApp Inc,NTAP,QTX3D84DZDD5JYOCYH15,0001002047,2011.0,Q2TTM,2009-10-31,2010-10-29,,netchangeincash,netcashfromfinancingactivities,Net Cash From Financing Activities,+,debit,usd,434100000.0
NetApp Inc,NTAP,QTX3D84DZDD5JYOCYH15,0001002047,2011.0,Q2TTM,2009-10-31,2010-10-29,,netchangeincash,effectofexchangeratechanges,Effect of Exchange Rate Changes,+,debit,usd,200000.0
NetApp Inc,NTAP,QTX3D84DZDD5JYOCYH15,0001002047,2011.0,Q2TTM,2009-10-31,2010-10-29,,,netchangeincash,Net Change in Cash & Equivalents,=,debit,usd,42300000.0
NetApp Inc,NTAP,QTX3D84DZDD5JYOCYH15,0001002047,2011.0,Q2,2010-07-31,2010-10-29,,netincomecontinuing,netincome,Consolidated Net Income / (Loss),+,credit,usd,184300000.0
NetApp Inc,NTAP,QTX3D84DZDD5JYOCYH15,0001002047,2011.0,Q2,2010-07-31,2010-10-29,,netcashfromcontinuingoperatingactivities,netincomecontinuing,Net Income / (Loss) Continuing Operations,+,credit,usd,184300000.0
NetApp Inc,NTAP,QTX3D84DZDD5JYOCYH15,0001002047,2011.0,Q2,2010-07-31,2010-10-29,,netcashfromcontinuingoperatingactivities,depreciationexpense,Depreciation Expense,+,debit,usd,41600000.0
NetApp Inc,NTAP,QTX3D84DZDD5JYOCYH15,0001002047,2011.0,Q2,2010-07-31,2010-10-29,,netcashfromcontinuingoperatingactivities,amortizationexpense,Amortization Expense,+,debit,usd,13000000.0
NetApp Inc,NTAP,QTX3D84DZDD5JYOCYH15,0001002047,2011.0,Q2,2010-07-31,2010-10-29,,netcashfromcontinuingoperatingactivities,noncashadjustmentstonetincome,Non-Cash Adjustments To Reconcile Net Income,+,debit,usd,53600000.0
NetApp Inc,NTAP,QTX3D84DZDD5JYOCYH15,0001002047,2011.0,Q2,2010-07-31,2010-10-29,,netcashfromcontinuingoperatingactivities,increasedecreaseinoperatingcapital,"Changes in Operating Assets and Liabilities, net",+,debit,usd,63300000.0
NetApp Inc,NTAP,QTX3D84DZDD5JYOCYH15,0001002047,2011.0,Q2,2010-07-31,2010-10-29,,netcashfromoperatingactivities,netcashfromcontinuingoperatingactivities,Net Cash From Continuing Operating Activities,+,debit,usd,355800000.0
NetApp Inc,NTAP,QTX3D84DZDD5JYOCYH15,0001002047,2011.0,Q2,2010-07-31,2010-10-29,,netchangeincash,netcashfromoperatingactivities,Net Cash From Operating Activities,+,debit,usd,355800000.0
NetApp Inc,NTAP,QTX3D84DZDD5JYOCYH15,0001002047,2011.0,Q2,2010-07-31,2010-10-29,,netcashfromcontinuinginvestingactivities,purchaseofplantpropertyandequipment,"Purchase of Property, Plant & Equipment",+,debit,usd,-43300000.0
NetApp Inc,NTAP,QTX3D84DZDD5JYOCYH15,0001002047,2011.0,Q2,2010-07-31,2010-10-29,,netcashfromcontinuinginvestingactivities,purchaseofinvestments,Purchase of Investments,+,debit,usd,-924000000.0
NetApp Inc,NTAP,QTX3D84DZDD5JYOCYH15,0001002047,2011.0,Q2,2010-07-31,2010-10-29,,netcashfromcontinuinginvestingactivities,saleofinvestments,Sale and/or Maturity of Investments,+,debit,usd,623100000.0
NetApp Inc,NTAP,QTX3D84DZDD5JYOCYH15,0001002047,2011.0,Q2,2010-07-31,2010-10-29,,netcashfromcontinuinginvestingactivities,otherinvestingactivitiesnet,"Other Investing Activities, net",+,debit,usd,-100000.0
NetApp Inc,NTAP,QTX3D84DZDD5JYOCYH15,0001002047,2011.0,Q2,2010-07-31,2010-10-29,,netcashfrominvestingactivities,netcashfromcontinuinginvestingactivities,Net Cash From Continuing Investing Activities,+,debit,usd,-344300000.0
NetApp Inc,NTAP,QTX3D84DZDD5JYOCYH15,0001002047,2011.0,Q2,2010-07-31,2010-10-29,,netchangeincash,netcashfrominvestingactivities,Net Cash From Investing Activities,+,debit,usd,-344300000.0
NetApp Inc,NTAP,QTX3D84DZDD5JYOCYH15,0001002047,2011.0,Q2,2010-07-31,2010-10-29,,netcashfromcontinuingfinancingactivities,repaymentofdebt,Repayment of Debt,+,debit,usd,-2000000.0
NetApp Inc,NTAP,QTX3D84DZDD5JYOCYH15,0001002047,2011.0,Q2,2010-07-31,2010-10-29,,netcashfromcontinuingfinancingactivities,issuanceofcommonequity,Issuance of Common Equity,+,debit,usd,96200000.0
NetApp Inc,NTAP,QTX3D84DZDD5JYOCYH15,0001002047,2011.0,Q2,2010-07-31,2010-10-29,,netcashfromcontinuingfinancingactivities,otherfinancingactivitiesnet,"Other Financing Activities, net",+,debit,usd,41600000.0
NetApp Inc,NTAP,QTX3D84DZDD5JYOCYH15,0001002047,2011.0,Q2,2010-07-31,2010-10-29,,netcashfromfinancingactivities,netcashfromcontinuingfinancingactivities,Net Cash From Continuing Financing Activities,+,debit,usd,135800000.0
NetApp Inc,NTAP,QTX3D84DZDD5JYOCYH15,0001002047,2011.0,Q2,2010-07-31,2010-10-29,,netchangeincash,netcashfromfinancingactivities,Net Cash From Financing Activities,+,debit,usd,135800000.0
NetApp Inc,NTAP,QTX3D84DZDD5JYOCYH15,0001002047,2011.0,Q2,2010-07-31,2010-10-29,,netchangeincash,effectofexchangeratechanges,Effect of Exchange Rate Changes,+,debit,usd,11800000.0
NetApp Inc,NTAP,QTX3D84DZDD5JYOCYH15,0001002047,2011.0,Q2,2010-07-31,2010-10-29,,,netchangeincash,Net Change in Cash & Equivalents,=,debit,usd,159100000.0
NetApp Inc,NTAP,QTX3D84DZDD5JYOCYH15,0001002047,2011.0,Q1TTM,2009-08-01,2010-07-30,,netincomecontinuing,netincome,Consolidated Net Income / (Loss),+,credit,usd,490500000.0
NetApp Inc,NTAP,QTX3D84DZDD5JYOCYH15,0001002047,2011.0,Q1TTM,2009-08-01,2010-07-30,,netcashfromcontinuingoperatingactivities,netincomecontinuing,Net Income / (Loss) Continuing Operations,+,credit,usd,490500000.0
NetApp Inc,NTAP,QTX3D84DZDD5JYOCYH15,0001002047,2011.0,Q1TTM,2009-08-01,2010-07-30,,netcashfromcontinuingoperatingactivities,depreciationexpense,Depreciation Expense,+,debit,usd,163700000.0
NetApp Inc,NTAP,QTX3D84DZDD5JYOCYH15,0001002047,2011.0,Q1TTM,2009-08-01,2010-07-30,,netcashfromcontinuingoperatingactivities,amortizationexpense,Amortization Expense,+,debit,usd,50600000.0
NetApp Inc,NTAP,QTX3D84DZDD5JYOCYH15,0001002047,2011.0,Q1TTM,2009-08-01,2010-07-30,,netcashfromcontinuingoperatingactivities,noncashadjustmentstonetincome,Non-Cash Adjustments To Reconcile Net Income,+,debit,usd,135500000.0
NetApp Inc,NTAP,QTX3D84DZDD5JYOCYH15,0001002047,2011.0,Q1TTM,2009-08-01,2010-07-30,,netcashfromcontinuingoperatingactivities,increasedecreaseinoperatingcapital,"Changes in Operating Assets and Liabilities, net",+,debit,usd,273800000.0
NetApp Inc,NTAP,QTX3D84DZDD5JYOCYH15,0001002047,2011.0,Q1TTM,2009-08-01,2010-07-30,,netcashfromoperatingactivities,netcashfromcontinuingoperatingactivities,Net Cash From Continuing Operating Activities,+,debit,usd,1114100000.0
NetApp Inc,NTAP,QTX3D84DZDD5JYOCYH15,0001002047,2011.0,Q1TTM,2009-08-01,2010-07-30,,netchangeincash,netcashfromoperatingactivities,Net Cash From Operating Activities,+,debit,usd,1114100000.0
NetApp Inc,NTAP,QTX3D84DZDD5JYOCYH15,0001002047,2011.0,Q1TTM,2009-08-01,2010-07-30,,netcashfromcontinuinginvestingactivities,purchaseofplantpropertyandequipment,"Purchase of Property, Plant & Equipment",+,debit,usd,-151100000.0
NetApp Inc,NTAP,QTX3D84DZDD5JYOCYH15,0001002047,2011.0,Q1TTM,2009-08-01,2010-07-30,,netcashfromcontinuinginvestingactivities,acquisitions,Acquisitions,+,debit,usd,-74900000.0
NetApp Inc,NTAP,QTX3D84DZDD5JYOCYH15,0001002047,2011.0,Q1TTM,2009-08-01,2010-07-30,,netcashfromcontinuinginvestingactivities,purchaseofinvestments,Purchase of Investments,+,debit,usd,-3197800000.0
NetApp Inc,NTAP,QTX3D84DZDD5JYOCYH15,0001002047,2011.0,Q1TTM,2009-08-01,2010-07-30,,netcashfromcontinuinginvestingactivities,saleofinvestments,Sale and/or Maturity of Investments,+,debit,usd,1810000000.0
NetApp Inc,NTAP,QTX3D84DZDD5JYOCYH15,0001002047,2011.0,Q1TTM,2009-08-01,2010-07-30,,netcashfromcontinuinginvestingactivities,otherinvestingactivitiesnet,"Other Investing Activities, net",+,debit,usd,8700000.0
NetApp Inc,NTAP,QTX3D84DZDD5JYOCYH15,0001002047,2011.0,Q1TTM,2009-08-01,2010-07-30,,netcashfrominvestingactivities,netcashfromcontinuinginvestingactivities,Net Cash From Continuing Investing Activities,+,debit,usd,-1605100000.0
NetApp Inc,NTAP,QTX3D84DZDD5JYOCYH15,0001002047,2011.0,Q1TTM,2009-08-01,2010-07-30,,netchangeincash,netcashfrominvestingactivities,Net Cash From Investing Activities,+,debit,usd,-1605100000.0
NetApp Inc,NTAP,QTX3D84DZDD5JYOCYH15,0001002047,2011.0,Q1TTM,2009-08-01,2010-07-30,,netcashfromcontinuingfinancingactivities,issuanceofdebt,Issuance of Debt,+,debit,usd,14200000.0
NetApp Inc,NTAP,QTX3D84DZDD5JYOCYH15,0001002047,2011.0,Q1TTM,2009-08-01,2010-07-30,,netcashfromcontinuingfinancingactivities,issuanceofcommonequity,Issuance of Common Equity,+,debit,usd,303700000.0
NetApp Inc,NTAP,QTX3D84DZDD5JYOCYH15,0001002047,2011.0,Q1TTM,2009-08-01,2010-07-30,,netcashfromcontinuingfinancingactivities,otherfinancingactivitiesnet,"Other Financing Activities, net",+,debit,usd,8600000.0
NetApp Inc,NTAP,QTX3D84DZDD5JYOCYH15,0001002047,2011.0,Q1TTM,2009-08-01,2010-07-30,,netcashfromfinancingactivities,netcashfromcontinuingfinancingactivities,Net Cash From Continuing Financing Activities,+,debit,usd,326500000.0
NetApp Inc,NTAP,QTX3D84DZDD5JYOCYH15,0001002047,2011.0,Q1TTM,2009-08-01,2010-07-30,,netchangeincash,netcashfromfinancingactivities,Net Cash From Financing Activities,+,debit,usd,326500000.0
NetApp Inc,NTAP,QTX3D84DZDD5JYOCYH15,0001002047,2011.0,Q1TTM,2009-08-01,2010-07-30,,netchangeincash,effectofexchangeratechanges,Effect of Exchange Rate Changes,+,debit,usd,-7900000.0
NetApp Inc,NTAP,QTX3D84DZDD5JYOCYH15,0001002047,2011.0,Q1TTM,2009-08-01,2010-07-30,,,netchangeincash,Net Change in Cash & Equivalents,=,debit,usd,-172400000.0
NetApp Inc,NTAP,QTX3D84DZDD5JYOCYH15,0001002047,2012.0,Q4,2012-01-28,2012-04-27,,netincomecontinuing,netincome,Consolidated Net Income / (Loss),+,credit,usd,180700000.0
NetApp Inc,NTAP,QTX3D84DZDD5JYOCYH15,0001002047,2012.0,Q4,2012-01-28,2012-04-27,,netcashfromcontinuingoperatingactivities,netincomecontinuing,Net Income / (Loss) Continuing Operations,+,credit,usd,180700000.0
NetApp Inc,NTAP,QTX3D84DZDD5JYOCYH15,0001002047,2012.0,Q4,2012-01-28,2012-04-27,,netcashfromcontinuingoperatingactivities,depreciationexpense,Depreciation Expense,+,debit,usd,82600000.0
NetApp Inc,NTAP,QTX3D84DZDD5JYOCYH15,0001002047,2012.0,Q4,2012-01-28,2012-04-27,,netcashfromcontinuingoperatingactivities,amortizationexpense,Amortization Expense,+,debit,usd,14200000.0
NetApp Inc,NTAP,QTX3D84DZDD5JYOCYH15,0001002047,2012.0,Q4,2012-01-28,2012-04-27,,netcashfromcontinuingoperatingactivities,noncashadjustmentstonetincome,Non-Cash Adjustments To Reconcile Net Income,+,debit,usd,57600000.0
NetApp Inc,NTAP,QTX3D84DZDD5JYOCYH15,0001002047,2012.0,Q4,2012-01-28,2012-04-27,,netcashfromcontinuingoperatingactivities,increasedecreaseinoperatingcapital,"Changes in Operating Assets and Liabilities, net",+,debit,usd,247500000.0
NetApp Inc,NTAP,QTX3D84DZDD5JYOCYH15,0001002047,2012.0,Q4,2012-01-28,2012-04-27,,netcashfromoperatingactivities,netcashfromcontinuingoperatingactivities,Net Cash From Continuing Operating Activities,+,debit,usd,582600000.0
NetApp Inc,NTAP,QTX3D84DZDD5JYOCYH15,0001002047,2012.0,Q4,2012-01-28,2012-04-27,,netchangeincash,netcashfromoperatingactivities,Net Cash From Operating Activities,+,debit,usd,582600000.0
NetApp Inc,NTAP,QTX3D84DZDD5JYOCYH15,0001002047,2012.0,Q4,2012-01-28,2012-04-27,,netcashfromcontinuinginvestingactivities,purchaseofplantpropertyandequipment,"Purchase of Property, Plant & Equipment",+,debit,usd,-124200000.0
NetApp Inc,NTAP,QTX3D84DZDD5JYOCYH15,0001002047,2012.0,Q4,2012-01-28,2012-04-27,,netcashfromcontinuinginvestingactivities,purchaseofinvestments,Purchase of Investments,+,debit,usd,-1853500000.0
NetApp Inc,NTAP,QTX3D84DZDD5JYOCYH15,0001002047,2012.0,Q4,2012-01-28,2012-04-27,,netcashfromcontinuinginvestingactivities,saleofinvestments,Sale and/or Maturity of Investments,+,debit,usd,449800000.0
NetApp Inc,NTAP,QTX3D84DZDD5JYOCYH15,0001002047,2012.0,Q4,2012-01-28,2012-04-27,,netcashfromcontinuinginvestingactivities,otherinvestingactivitiesnet,"Other Investing Activities, net",+,debit,usd,1600000.0
NetApp Inc,NTAP,QTX3D84DZDD5JYOCYH15,0001002047,2012.0,Q4,2012-01-28,2012-04-27,,netcashfrominvestingactivities,netcashfromcontinuinginvestingactivities,Net Cash From Continuing Investing Activities,+,debit,usd,-1526300000.0
NetApp Inc,NTAP,QTX3D84DZDD5JYOCYH15,0001002047,2012.0,Q4,2012-01-28,2012-04-27,,netchangeincash,netcashfrominvestingactivities,Net Cash From Investing Activities,+,debit,usd,-1526300000.0
NetApp Inc,NTAP,QTX3D84DZDD5JYOCYH15,0001002047,2012.0,Q4,2012-01-28,2012-04-27,,netcashfromcontinuingfinancingactivities,issuanceofdebt,Issuance of Debt,+,debit,usd,-2100000.0
NetApp Inc,NTAP,QTX3D84DZDD5JYOCYH15,0001002047,2012.0,Q4,2012-01-28,2012-04-27,,netcashfromcontinuingfinancingactivities,issuanceofcommonequity,Issuance of Common Equity,+,debit,usd,41100000.0
NetApp Inc,NTAP,QTX3D84DZDD5JYOCYH15,0001002047,2012.0,Q4,2012-01-28,2012-04-27,,netcashfromcontinuingfinancingactivities,otherfinancingactivitiesnet,"Other Financing Activities, net",+,debit,usd,32600000.0
NetApp Inc,NTAP,QTX3D84DZDD5JYOCYH15,0001002047,2012.0,Q4,2012-01-28,2012-04-27,,netcashfromfinancingactivities,netcashfromcontinuingfinancingactivities,Net Cash From Continuing Financing Activities,+,debit,usd,71600000.0
NetApp Inc,NTAP,QTX3D84DZDD5JYOCYH15,0001002047,2012.0,Q4,2012-01-28,2012-04-27,,netchangeincash,netcashfromfinancingactivities,Net Cash From Financing Activities,+,debit,usd,71600000.0
NetApp Inc,NTAP,QTX3D84DZDD5JYOCYH15,0001002047,2012.0,Q4,2012-01-28,2012-04-27,,netchangeincash,effectofexchangeratechanges,Effect of Exchange Rate Changes,+,debit,usd,1000000.0
NetApp Inc,NTAP,QTX3D84DZDD5JYOCYH15,0001002047,2012.0,Q4,2012-01-28,2012-04-27,,,netchangeincash,Net Change in Cash & Equivalents,=,debit,usd,-871100000.0
NetApp Inc,NTAP,QTX3D84DZDD5JYOCYH15,0001002047,2012.0,FY,2011-04-30,2012-04-27,2014-06-17 16:14:01+00:00,netincomecontinuing,netincome,Consolidated Net Income / (Loss),+,credit,usd,605400000.0
NetApp Inc,NTAP,QTX3D84DZDD5JYOCYH15,0001002047,2012.0,FY,2011-04-30,2012-04-27,2014-06-17 16:14:01+00:00,netcashfromcontinuingoperatingactivities,netincomecontinuing,Net Income / (Loss) Continuing Operations,+,credit,usd,605400000.0
NetApp Inc,NTAP,QTX3D84DZDD5JYOCYH15,0001002047,2012.0,FY,2011-04-30,2012-04-27,2014-06-17 16:14:01+00:00,netcashfromcontinuingoperatingactivities,depreciationexpense,Depreciation Expense,+,debit,usd,293100000.0
NetApp Inc,NTAP,QTX3D84DZDD5JYOCYH15,0001002047,2012.0,FY,2011-04-30,2012-04-27,2014-06-17 16:14:01+00:00,netcashfromcontinuingoperatingactivities,amortizationexpense,Amortization Expense,+,debit,usd,52900000.0
NetApp Inc,NTAP,QTX3D84DZDD5JYOCYH15,0001002047,2012.0,FY,2011-04-30,2012-04-27,2014-06-17 16:14:01+00:00,netcashfromcontinuingoperatingactivities,noncashadjustmentstonetincome,Non-Cash Adjustments To Reconcile Net Income,+,debit,usd,241500000.0
NetApp Inc,NTAP,QTX3D84DZDD5JYOCYH15,0001002047,2012.0,FY,2011-04-30,2012-04-27,2014-06-17 16:14:01+00:00,netcashfromcontinuingoperatingactivities,increasedecreaseinoperatingcapital,"Changes in Operating Assets and Liabilities, net",+,debit,usd,269700000.0
NetApp Inc,NTAP,QTX3D84DZDD5JYOCYH15,0001002047,2012.0,FY,2011-04-30,2012-04-27,2014-06-17 16:14:01+00:00,netcashfromoperatingactivities,netcashfromcontinuingoperatingactivities,Net Cash From Continuing Operating Activities,+,debit,usd,1462600000.0
NetApp Inc,NTAP,QTX3D84DZDD5JYOCYH15,0001002047,2012.0,FY,2011-04-30,2012-04-27,2014-06-17 16:14:01+00:00,netchangeincash,netcashfromoperatingactivities,Net Cash From Operating Activities,+,debit,usd,1462600000.0
NetApp Inc,NTAP,QTX3D84DZDD5JYOCYH15,0001002047,2012.0,FY,2011-04-30,2012-04-27,2014-06-17 16:14:01+00:00,netcashfromcontinuinginvestingactivities,purchaseofplantpropertyandequipment,"Purchase of Property, Plant & Equipment",+,debit,usd,-407100000.0
NetApp Inc,NTAP,QTX3D84DZDD5JYOCYH15,0001002047,2012.0,FY,2011-04-30,2012-04-27,2014-06-17 16:14:01+00:00,netcashfromcontinuinginvestingactivities,acquisitions,Acquisitions,+,debit,usd,-480000000.0
NetApp Inc,NTAP,QTX3D84DZDD5JYOCYH15,0001002047,2012.0,FY,2011-04-30,2012-04-27,2014-06-17 16:14:01+00:00,netcashfromcontinuinginvestingactivities,purchaseofinvestments,Purchase of Investments,+,debit,usd,-3572400000.0
NetApp Inc,NTAP,QTX3D84DZDD5JYOCYH15,0001002047,2012.0,FY,2011-04-30,2012-04-27,2014-06-17 16:14:01+00:00,netcashfromcontinuinginvestingactivities,saleofinvestments,Sale and/or Maturity of Investments,+,debit,usd,2147500000.0
NetApp Inc,NTAP,QTX3D84DZDD5JYOCYH15,0001002047,2012.0,FY,2011-04-30,2012-04-27,2014-06-17 16:14:01+00:00,netcashfromcontinuinginvestingactivities,otherinvestingactivitiesnet,"Other Investing Activities, net",+,debit,usd,1600000.0
NetApp Inc,NTAP,QTX3D84DZDD5JYOCYH15,0001002047,2012.0,FY,2011-04-30,2012-04-27,2014-06-17 16:14:01+00:00,netcashfrominvestingactivities,netcashfromcontinuinginvestingactivities,Net Cash From Continuing Investing Activities,+,debit,usd,-2310400000.0
NetApp Inc,NTAP,QTX3D84DZDD5JYOCYH15,0001002047,2012.0,FY,2011-04-30,2012-04-27,2014-06-17 16:14:01+00:00,netchangeincash,netcashfrominvestingactivities,Net Cash From Investing Activities,+,debit,usd,-2310400000.0
NetApp Inc,NTAP,QTX3D84DZDD5JYOCYH15,0001002047,2012.0,FY,2011-04-30,2012-04-27,2014-06-17 16:14:01+00:00,netcashfromcontinuingfinancingactivities,repaymentofdebt,Repayment of Debt,+,debit,usd,0.0
NetApp Inc,NTAP,QTX3D84DZDD5JYOCYH15,0001002047,2012.0,FY,2011-04-30,2012-04-27,2014-06-17 16:14:01+00:00,netcashfromcontinuingfinancingactivities,repurchaseofcommonequity,Repurchase of Common Equity,+,debit,usd,-600000000.0
NetApp Inc,NTAP,QTX3D84DZDD5JYOCYH15,0001002047,2012.0,FY,2011-04-30,2012-04-27,2014-06-17 16:14:01+00:00,netcashfromcontinuingfinancingactivities,paymentofdividends,Payment of Dividends,+,debit,usd,0.0
NetApp Inc,NTAP,QTX3D84DZDD5JYOCYH15,0001002047,2012.0,FY,2011-04-30,2012-04-27,2014-06-17 16:14:01+00:00,netcashfromcontinuingfinancingactivities,issuanceofdebt,Issuance of Debt,+,debit,usd,1000000.0
NetApp Inc,NTAP,QTX3D84DZDD5JYOCYH15,0001002047,2012.0,FY,2011-04-30,2012-04-27,2014-06-17 16:14:01+00:00,netcashfromcontinuingfinancingactivities,issuanceofcommonequity,Issuance of Common Equity,+,debit,usd,142100000.0
NetApp Inc,NTAP,QTX3D84DZDD5JYOCYH15,0001002047,2012.0,FY,2011-04-30,2012-04-27,2014-06-17 16:14:01+00:00,netcashfromcontinuingfinancingactivities,otherfinancingactivitiesnet,"Other Financing Activities, net",+,debit,usd,113300000.0
NetApp Inc,NTAP,QTX3D84DZDD5JYOCYH15,0001002047,2012.0,FY,2011-04-30,2012-04-27,2014-06-17 16:14:01+00:00,netcashfromfinancingactivities,netcashfromcontinuingfinancingactivities,Net Cash From Continuing Financing Activities,+,debit,usd,-343600000.0
NetApp Inc,NTAP,QTX3D84DZDD5JYOCYH15,0001002047,2012.0,FY,2011-04-30,2012-04-27,2014-06-17 16:14:01+00:00,netchangeincash,netcashfromfinancingactivities,Net Cash From Financing Activities,+,debit,usd,-343600000.0
NetApp Inc,NTAP,QTX3D84DZDD5JYOCYH15,0001002047,2012.0,FY,2011-04-30,2012-04-27,2014-06-17 16:14:01+00:00,netchangeincash,effectofexchangeratechanges,Effect of Exchange Rate Changes,+,debit,usd,-16100000.0
NetApp Inc,NTAP,QTX3D84DZDD5JYOCYH15,0001002047,2012.0,FY,2011-04-30,2012-04-27,2014-06-17 16:14:01+00:00,,netchangeincash,Net Change in Cash & Equivalents,=,debit,usd,-1207500000.0
NetApp Inc,NTAP,QTX3D84DZDD5JYOCYH15,0001002047,2012.0,Q3YTD,2011-04-30,2012-01-27,2012-03-05 16:36:57+00:00,netincomecontinuing,netincome,Consolidated Net Income / (Loss),+,credit,usd,424700000.0
NetApp Inc,NTAP,QTX3D84DZDD5JYOCYH15,0001002047,2012.0,Q3YTD,2011-04-30,2012-01-27,2012-03-05 16:36:57+00:00,netcashfromcontinuingoperatingactivities,netincomecontinuing,Net Income / (Loss) Continuing Operations,+,credit,usd,424700000.0
NetApp Inc,NTAP,QTX3D84DZDD5JYOCYH15,0001002047,2012.0,Q3YTD,2011-04-30,2012-01-27,2012-03-05 16:36:57+00:00,netcashfromcontinuingoperatingactivities,depreciationexpense,Depreciation Expense,+,debit,usd,210500000.0
NetApp Inc,NTAP,QTX3D84DZDD5JYOCYH15,0001002047,2012.0,Q3YTD,2011-04-30,2012-01-27,2012-03-05 16:36:57+00:00,netcashfromcontinuingoperatingactivities,amortizationexpense,Amortization Expense,+,debit,usd,38700000.0
NetApp Inc,NTAP,QTX3D84DZDD5JYOCYH15,0001002047,2012.0,Q3YTD,2011-04-30,2012-01-27,2012-03-05 16:36:57+00:00,netcashfromcontinuingoperatingactivities,noncashadjustmentstonetincome,Non-Cash Adjustments To Reconcile Net Income,+,debit,usd,183900000.0
NetApp Inc,NTAP,QTX3D84DZDD5JYOCYH15,0001002047,2012.0,Q3YTD,2011-04-30,2012-01-27,2012-03-05 16:36:57+00:00,netcashfromcontinuingoperatingactivities,increasedecreaseinoperatingcapital,"Changes in Operating Assets and Liabilities, net",+,debit,usd,22200000.0
NetApp Inc,NTAP,QTX3D84DZDD5JYOCYH15,0001002047,2012.0,Q3YTD,2011-04-30,2012-01-27,2012-03-05 16:36:57+00:00,netcashfromoperatingactivities,netcashfromcontinuingoperatingactivities,Net Cash From Continuing Operating Activities,+,debit,usd,880000000.0
NetApp Inc,NTAP,QTX3D84DZDD5JYOCYH15,0001002047,2012.0,Q3YTD,2011-04-30,2012-01-27,2012-03-05 16:36:57+00:00,netchangeincash,netcashfromoperatingactivities,Net Cash From Operating Activities,+,debit,usd,880000000.0
NetApp Inc,NTAP,QTX3D84DZDD5JYOCYH15,0001002047,2012.0,Q3YTD,2011-04-30,2012-01-27,2012-03-05 16:36:57+00:00,netcashfromcontinuinginvestingactivities,purchaseofplantpropertyandequipment,"Purchase of Property, Plant & Equipment",+,debit,usd,-282900000.0
NetApp Inc,NTAP,QTX3D84DZDD5JYOCYH15,0001002047,2012.0,Q3YTD,2011-04-30,2012-01-27,2012-03-05 16:36:57+00:00,netcashfromcontinuinginvestingactivities,acquisitions,Acquisitions,+,debit,usd,-480000000.0
NetApp Inc,NTAP,QTX3D84DZDD5JYOCYH15,0001002047,2012.0,Q3YTD,2011-04-30,2012-01-27,2012-03-05 16:36:57+00:00,netcashfromcontinuinginvestingactivities,purchaseofinvestments,Purchase of Investments,+,debit,usd,-1718900000.0
NetApp Inc,NTAP,QTX3D84DZDD5JYOCYH15,0001002047,2012.0,Q3YTD,2011-04-30,2012-01-27,2012-03-05 16:36:57+00:00,netcashfromcontinuinginvestingactivities,saleofinvestments,Sale and/or Maturity of Investments,+,debit,usd,1697700000.0
NetApp Inc,NTAP,QTX3D84DZDD5JYOCYH15,0001002047,2012.0,Q3YTD,2011-04-30,2012-01-27,2012-03-05 16:36:57+00:00,netcashfromcontinuinginvestingactivities,otherinvestingactivitiesnet,"Other Investing Activities, net",+,debit,usd,0.0
NetApp Inc,NTAP,QTX3D84DZDD5JYOCYH15,0001002047,2012.0,Q3YTD,2011-04-30,2012-01-27,2012-03-05 16:36:57+00:00,netcashfrominvestingactivities,netcashfromcontinuinginvestingactivities,Net Cash From Continuing Investing Activities,+,debit,usd,-784100000.0
NetApp Inc,NTAP,QTX3D84DZDD5JYOCYH15,0001002047,2012.0,Q3YTD,2011-04-30,2012-01-27,2012-03-05 16:36:57+00:00,netchangeincash,netcashfrominvestingactivities,Net Cash From Investing Activities,+,debit,usd,-784100000.0
NetApp Inc,NTAP,QTX3D84DZDD5JYOCYH15,0001002047,2012.0,Q3YTD,2011-04-30,2012-01-27,2012-03-05 16:36:57+00:00,netcashfromcontinuingfinancingactivities,repurchaseofcommonequity,Repurchase of Common Equity,+,debit,usd,-600000000.0
NetApp Inc,NTAP,QTX3D84DZDD5JYOCYH15,0001002047,2012.0,Q3YTD,2011-04-30,2012-01-27,2012-03-05 16:36:57+00:00,netcashfromcontinuingfinancingactivities,issuanceofdebt,Issuance of Debt,+,debit,usd,3100000.0
NetApp Inc,NTAP,QTX3D84DZDD5JYOCYH15,0001002047,2012.0,Q3YTD,2011-04-30,2012-01-27,2012-03-05 16:36:57+00:00,netcashfromcontinuingfinancingactivities,issuanceofcommonequity,Issuance of Common Equity,+,debit,usd,101000000.0
NetApp Inc,NTAP,QTX3D84DZDD5JYOCYH15,0001002047,2012.0,Q3YTD,2011-04-30,2012-01-27,2012-03-05 16:36:57+00:00,netcashfromcontinuingfinancingactivities,otherfinancingactivitiesnet,"Other Financing Activities, net",+,debit,usd,80700000.0
NetApp Inc,NTAP,QTX3D84DZDD5JYOCYH15,0001002047,2012.0,Q3YTD,2011-04-30,2012-01-27,2012-03-05 16:36:57+00:00,netcashfromfinancingactivities,netcashfromcontinuingfinancingactivities,Net Cash From Continuing Financing Activities,+,debit,usd,-415200000.0
NetApp Inc,NTAP,QTX3D84DZDD5JYOCYH15,0001002047,2012.0,Q3YTD,2011-04-30,2012-01-27,2012-03-05 16:36:57+00:00,netchangeincash,netcashfromfinancingactivities,Net Cash From Financing Activities,+,debit,usd,-415200000.0
NetApp Inc,NTAP,QTX3D84DZDD5JYOCYH15,0001002047,2012.0,Q3YTD,2011-04-30,2012-01-27,2012-03-05 16:36:57+00:00,netchangeincash,effectofexchangeratechanges,Effect of Exchange Rate Changes,+,debit,usd,-17100000.0
NetApp Inc,NTAP,QTX3D84DZDD5JYOCYH15,0001002047,2012.0,Q3YTD,2011-04-30,2012-01-27,2012-03-05 16:36:57+00:00,,netchangeincash,Net Change in Cash & Equivalents,=,debit,usd,-336400000.0
NetApp Inc,NTAP,QTX3D84DZDD5JYOCYH15,0001002047,2012.0,Q3TTM,2011-01-29,2012-01-27,,netincomecontinuing,netincome,Consolidated Net Income / (Loss),+,credit,usd,585300000.0
NetApp Inc,NTAP,QTX3D84DZDD5JYOCYH15,0001002047,2012.0,Q3TTM,2011-01-29,2012-01-27,,netcashfromcontinuingoperatingactivities,netincomecontinuing,Net Income / (Loss) Continuing Operations,+,credit,usd,585300000.0
NetApp Inc,NTAP,QTX3D84DZDD5JYOCYH15,0001002047,2012.0,Q3TTM,2011-01-29,2012-01-27,,netcashfromcontinuingoperatingactivities,depreciationexpense,Depreciation Expense,+,debit,usd,252800000.0
NetApp Inc,NTAP,QTX3D84DZDD5JYOCYH15,0001002047,2012.0,Q3TTM,2011-01-29,2012-01-27,,netcashfromcontinuingoperatingactivities,amortizationexpense,Amortization Expense,+,debit,usd,52600000.0
NetApp Inc,NTAP,QTX3D84DZDD5JYOCYH15,0001002047,2012.0,Q3TTM,2011-01-29,2012-01-27,,netcashfromcontinuingoperatingactivities,noncashadjustmentstonetincome,Non-Cash Adjustments To Reconcile Net Income,+,debit,usd,221900000.0
NetApp Inc,NTAP,QTX3D84DZDD5JYOCYH15,0001002047,2012.0,Q3TTM,2011-01-29,2012-01-27,,netcashfromcontinuingoperatingactivities,increasedecreaseinoperatingcapital,"Changes in Operating Assets and Liabilities, net",+,debit,usd,226200000.0
NetApp Inc,NTAP,QTX3D84DZDD5JYOCYH15,0001002047,2012.0,Q3TTM,2011-01-29,2012-01-27,,netcashfromoperatingactivities,netcashfromcontinuingoperatingactivities,Net Cash From Continuing Operating Activities,+,debit,usd,1338800000.0
NetApp Inc,NTAP,QTX3D84DZDD5JYOCYH15,0001002047,2012.0,Q3TTM,2011-01-29,2012-01-27,,netchangeincash,netcashfromoperatingactivities,Net Cash From Operating Activities,+,debit,usd,1338800000.0
NetApp Inc,NTAP,QTX3D84DZDD5JYOCYH15,0001002047,2012.0,Q3TTM,2011-01-29,2012-01-27,,netcashfromcontinuinginvestingactivities,purchaseofplantpropertyandequipment,"Purchase of Property, Plant & Equipment",+,debit,usd,-355800000.0
NetApp Inc,NTAP,QTX3D84DZDD5JYOCYH15,0001002047,2012.0,Q3TTM,2011-01-29,2012-01-27,,netcashfromcontinuinginvestingactivities,acquisitions,Acquisitions,+,debit,usd,-541600000.0
NetApp Inc,NTAP,QTX3D84DZDD5JYOCYH15,0001002047,2012.0,Q3TTM,2011-01-29,2012-01-27,,netcashfromcontinuinginvestingactivities,purchaseofinvestments,Purchase of Investments,+,debit,usd,-1719400000.0
NetApp Inc,NTAP,QTX3D84DZDD5JYOCYH15,0001002047,2012.0,Q3TTM,2011-01-29,2012-01-27,,netcashfromcontinuinginvestingactivities,saleofinvestments,Sale and/or Maturity of Investments,+,debit,usd,2115200000.0
NetApp Inc,NTAP,QTX3D84DZDD5JYOCYH15,0001002047,2012.0,Q3TTM,2011-01-29,2012-01-27,,netcashfromcontinuinginvestingactivities,otherinvestingactivitiesnet,"Other Investing Activities, net",+,debit,usd,-300000.0
NetApp Inc,NTAP,QTX3D84DZDD5JYOCYH15,0001002047,2012.0,Q3TTM,2011-01-29,2012-01-27,,netcashfrominvestingactivities,netcashfromcontinuinginvestingactivities,Net Cash From Continuing Investing Activities,+,debit,usd,-501900000.0
NetApp Inc,NTAP,QTX3D84DZDD5JYOCYH15,0001002047,2012.0,Q3TTM,2011-01-29,2012-01-27,,netchangeincash,netcashfrominvestingactivities,Net Cash From Investing Activities,+,debit,usd,-501900000.0
NetApp Inc,NTAP,QTX3D84DZDD5JYOCYH15,0001002047,2012.0,Q3TTM,2011-01-29,2012-01-27,,netcashfromcontinuingfinancingactivities,repaymentofdebt,Repayment of Debt,+,debit,usd,-1000000.0
NetApp Inc,NTAP,QTX3D84DZDD5JYOCYH15,0001002047,2012.0,Q3TTM,2011-01-29,2012-01-27,,netcashfromcontinuingfinancingactivities,repurchaseofcommonequity,Repurchase of Common Equity,+,debit,usd,-600000000.0
NetApp Inc,NTAP,QTX3D84DZDD5JYOCYH15,0001002047,2012.0,Q3TTM,2011-01-29,2012-01-27,,netcashfromcontinuingfinancingactivities,issuanceofdebt,Issuance of Debt,+,debit,usd,2700000.0
NetApp Inc,NTAP,QTX3D84DZDD5JYOCYH15,0001002047,2012.0,Q3TTM,2011-01-29,2012-01-27,,netcashfromcontinuingfinancingactivities,issuanceofcommonequity,Issuance of Common Equity,+,debit,usd,113200000.0
NetApp Inc,NTAP,QTX3D84DZDD5JYOCYH15,0001002047,2012.0,Q3TTM,2011-01-29,2012-01-27,,netcashfromcontinuingfinancingactivities,otherfinancingactivitiesnet,"Other Financing Activities, net",+,debit,usd,145100000.0
NetApp Inc,NTAP,QTX3D84DZDD5JYOCYH15,0001002047,2012.0,Q3TTM,2011-01-29,2012-01-27,,netcashfromfinancingactivities,netcashfromcontinuingfinancingactivities,Net Cash From Continuing Financing Activities,+,debit,usd,-340000000.0
NetApp Inc,NTAP,QTX3D84DZDD5JYOCYH15,0001002047,2012.0,Q3TTM,2011-01-29,2012-01-27,,netchangeincash,netcashfromfinancingactivities,Net Cash From Financing Activities,+,debit,usd,-340000000.0
NetApp Inc,NTAP,QTX3D84DZDD5JYOCYH15,0001002047,2012.0,Q3TTM,2011-01-29,2012-01-27,,netchangeincash,effectofexchangeratechanges,Effect of Exchange Rate Changes,+,debit,usd,4600000.0
NetApp Inc,NTAP,QTX3D84DZDD5JYOCYH15,0001002047,2012.0,Q3TTM,2011-01-29,2012-01-27,,,netchangeincash,Net Change in Cash & Equivalents,=,debit,usd,501500000.0
NetApp Inc,NTAP,QTX3D84DZDD5JYOCYH15,0001002047,2012.0,Q3,2011-10-29,2012-01-27,,netincomecontinuing,netincome,Consolidated Net Income / (Loss),+,credit,usd,119600000.0
NetApp Inc,NTAP,QTX3D84DZDD5JYOCYH15,0001002047,2012.0,Q3,2011-10-29,2012-01-27,,netcashfromcontinuingoperatingactivities,netincomecontinuing,Net Income / (Loss) Continuing Operations,+,credit,usd,119600000.0
NetApp Inc,NTAP,QTX3D84DZDD5JYOCYH15,0001002047,2012.0,Q3,2011-10-29,2012-01-27,,netcashfromcontinuingoperatingactivities,depreciationexpense,Depreciation Expense,+,debit,usd,73600000.0
NetApp Inc,NTAP,QTX3D84DZDD5JYOCYH15,0001002047,2012.0,Q3,2011-10-29,2012-01-27,,netcashfromcontinuingoperatingactivities,amortizationexpense,Amortization Expense,+,debit,usd,13500000.0
NetApp Inc,NTAP,QTX3D84DZDD5JYOCYH15,0001002047,2012.0,Q3,2011-10-29,2012-01-27,,netcashfromcontinuingoperatingactivities,noncashadjustmentstonetincome,Non-Cash Adjustments To Reconcile Net Income,+,debit,usd,71600000.0
NetApp Inc,NTAP,QTX3D84DZDD5JYOCYH15,0001002047,2012.0,Q3,2011-10-29,2012-01-27,,netcashfromcontinuingoperatingactivities,increasedecreaseinoperatingcapital,"Changes in Operating Assets and Liabilities, net",+,debit,usd,-9100000.0
NetApp Inc,NTAP,QTX3D84DZDD5JYOCYH15,0001002047,2012.0,Q3,2011-10-29,2012-01-27,,netcashfromoperatingactivities,netcashfromcontinuingoperatingactivities,Net Cash From Continuing Operating Activities,+,debit,usd,269200000.0
NetApp Inc,NTAP,QTX3D84DZDD5JYOCYH15,0001002047,2012.0,Q3,2011-10-29,2012-01-27,,netchangeincash,netcashfromoperatingactivities,Net Cash From Operating Activities,+,debit,usd,269200000.0
NetApp Inc,NTAP,QTX3D84DZDD5JYOCYH15,0001002047,2012.0,Q3,2011-10-29,2012-01-27,,netcashfromcontinuinginvestingactivities,purchaseofplantpropertyandequipment,"Purchase of Property, Plant & Equipment",+,debit,usd,-91300000.0
NetApp Inc,NTAP,QTX3D84DZDD5JYOCYH15,0001002047,2012.0,Q3,2011-10-29,2012-01-27,,netcashfromcontinuinginvestingactivities,purchaseofinvestments,Purchase of Investments,+,debit,usd,-412300000.0
NetApp Inc,NTAP,QTX3D84DZDD5JYOCYH15,0001002047,2012.0,Q3,2011-10-29,2012-01-27,,netcashfromcontinuinginvestingactivities,saleofinvestments,Sale and/or Maturity of Investments,+,debit,usd,350700000.0
NetApp Inc,NTAP,QTX3D84DZDD5JYOCYH15,0001002047,2012.0,Q3,2011-10-29,2012-01-27,,netcashfromcontinuinginvestingactivities,otherinvestingactivitiesnet,"Other Investing Activities, net",+,debit,usd,-2000000.0
NetApp Inc,NTAP,QTX3D84DZDD5JYOCYH15,0001002047,2012.0,Q3,2011-10-29,2012-01-27,,netcashfrominvestingactivities,netcashfromcontinuinginvestingactivities,Net Cash From Continuing Investing Activities,+,debit,usd,-154900000.0
NetApp Inc,NTAP,QTX3D84DZDD5JYOCYH15,0001002047,2012.0,Q3,2011-10-29,2012-01-27,,netchangeincash,netcashfrominvestingactivities,Net Cash From Investing Activities,+,debit,usd,-154900000.0
NetApp Inc,NTAP,QTX3D84DZDD5JYOCYH15,0001002047,2012.0,Q3,2011-10-29,2012-01-27,,netcashfromcontinuingfinancingactivities,issuanceofdebt,Issuance of Debt,+,debit,usd,1500000.0
NetApp Inc,NTAP,QTX3D84DZDD5JYOCYH15,0001002047,2012.0,Q3,2011-10-29,2012-01-27,,netcashfromcontinuingfinancingactivities,issuanceofcommonequity,Issuance of Common Equity,+,debit,usd,49100000.0
NetApp Inc,NTAP,QTX3D84DZDD5JYOCYH15,0001002047,2012.0,Q3,2011-10-29,2012-01-27,,netcashfromcontinuingfinancingactivities,otherfinancingactivitiesnet,"Other Financing Activities, net",+,debit,usd,-4000000.0
NetApp Inc,NTAP,QTX3D84DZDD5JYOCYH15,0001002047,2012.0,Q3,2011-10-29,2012-01-27,,netcashfromfinancingactivities,netcashfromcontinuingfinancingactivities,Net Cash From Continuing Financing Activities,+,debit,usd,46600000.0
NetApp Inc,NTAP,QTX3D84DZDD5JYOCYH15,0001002047,2012.0,Q3,2011-10-29,2012-01-27,,netchangeincash,netcashfromfinancingactivities,Net Cash From Financing Activities,+,debit,usd,46600000.0
NetApp Inc,NTAP,QTX3D84DZDD5JYOCYH15,0001002047,2012.0,Q3,2011-10-29,2012-01-27,,netchangeincash,effectofexchangeratechanges,Effect of Exchange Rate Changes,+,debit,usd,-9000000.0
NetApp Inc,NTAP,QTX3D84DZDD5JYOCYH15,0001002047,2012.0,Q3,2011-10-29,2012-01-27,,,netchangeincash,Net Change in Cash & Equivalents,=,debit,usd,151900000.0
NetApp Inc,NTAP,QTX3D84DZDD5JYOCYH15,0001002047,2012.0,Q2YTD,2011-04-30,2011-10-28,2011-12-05 16:22:15+00:00,netincomecontinuing,netincome,Consolidated Net Income / (Loss),+,credit,usd,305100000.0
NetApp Inc,NTAP,QTX3D84DZDD5JYOCYH15,0001002047,2012.0,Q2YTD,2011-04-30,2011-10-28,2011-12-05 16:22:15+00:00,netcashfromcontinuingoperatingactivities,netincomecontinuing,Net Income / (Loss) Continuing Operations,+,credit,usd,305100000.0
NetApp Inc,NTAP,QTX3D84DZDD5JYOCYH15,0001002047,2012.0,Q2YTD,2011-04-30,2011-10-28,2011-12-05 16:22:15+00:00,netcashfromcontinuingoperatingactivities,depreciationexpense,Depreciation Expense,+,debit,usd,136900000.0
NetApp Inc,NTAP,QTX3D84DZDD5JYOCYH15,0001002047,2012.0,Q2YTD,2011-04-30,2011-10-28,2011-12-05 16:22:15+00:00,netcashfromcontinuingoperatingactivities,amortizationexpense,Amortization Expense,+,debit,usd,25200000.0
NetApp Inc,NTAP,QTX3D84DZDD5JYOCYH15,0001002047,2012.0,Q2YTD,2011-04-30,2011-10-28,2011-12-05 16:22:15+00:00,netcashfromcontinuingoperatingactivities,noncashadjustmentstonetincome,Non-Cash Adjustments To Reconcile Net Income,+,debit,usd,112300000.0
NetApp Inc,NTAP,QTX3D84DZDD5JYOCYH15,0001002047,2012.0,Q2YTD,2011-04-30,2011-10-28,2011-12-05 16:22:15+00:00,netcashfromcontinuingoperatingactivities,increasedecreaseinoperatingcapital,"Changes in Operating Assets and Liabilities, net",+,debit,usd,31300000.0
NetApp Inc,NTAP,QTX3D84DZDD5JYOCYH15,0001002047,2012.0,Q2YTD,2011-04-30,2011-10-28,2011-12-05 16:22:15+00:00,netcashfromoperatingactivities,netcashfromcontinuingoperatingactivities,Net Cash From Continuing Operating Activities,+,debit,usd,610800000.0
NetApp Inc,NTAP,QTX3D84DZDD5JYOCYH15,0001002047,2012.0,Q2YTD,2011-04-30,2011-10-28,2011-12-05 16:22:15+00:00,netchangeincash,netcashfromoperatingactivities,Net Cash From Operating Activities,+,debit,usd,610800000.0
NetApp Inc,NTAP,QTX3D84DZDD5JYOCYH15,0001002047,2012.0,Q2YTD,2011-04-30,2011-10-28,2011-12-05 16:22:15+00:00,netcashfromcontinuinginvestingactivities,purchaseofplantpropertyandequipment,"Purchase of Property, Plant & Equipment",+,debit,usd,-191600000.0
NetApp Inc,NTAP,QTX3D84DZDD5JYOCYH15,0001002047,2012.0,Q2YTD,2011-04-30,2011-10-28,2011-12-05 16:22:15+00:00,netcashfromcontinuinginvestingactivities,acquisitions,Acquisitions,+,debit,usd,-480000000.0
NetApp Inc,NTAP,QTX3D84DZDD5JYOCYH15,0001002047,2012.0,Q2YTD,2011-04-30,2011-10-28,2011-12-05 16:22:15+00:00,netcashfromcontinuinginvestingactivities,purchaseofinvestments,Purchase of Investments,+,debit,usd,-1306600000.0
NetApp Inc,NTAP,QTX3D84DZDD5JYOCYH15,0001002047,2012.0,Q2YTD,2011-04-30,2011-10-28,2011-12-05 16:22:15+00:00,netcashfromcontinuinginvestingactivities,saleofinvestments,Sale and/or Maturity of Investments,+,debit,usd,1347000000.0
NetApp Inc,NTAP,QTX3D84DZDD5JYOCYH15,0001002047,2012.0,Q2YTD,2011-04-30,2011-10-28,2011-12-05 16:22:15+00:00,netcashfromcontinuinginvestingactivities,otherinvestingactivitiesnet,"Other Investing Activities, net",+,debit,usd,2000000.0
NetApp Inc,NTAP,QTX3D84DZDD5JYOCYH15,0001002047,2012.0,Q2YTD,2011-04-30,2011-10-28,2011-12-05 16:22:15+00:00,netcashfrominvestingactivities,netcashfromcontinuinginvestingactivities,Net Cash From Continuing Investing Activities,+,debit,usd,-629200000.0
NetApp Inc,NTAP,QTX3D84DZDD5JYOCYH15,0001002047,2012.0,Q2YTD,2011-04-30,2011-10-28,2011-12-05 16:22:15+00:00,netchangeincash,netcashfrominvestingactivities,Net Cash From Investing Activities,+,debit,usd,-629200000.0
NetApp Inc,NTAP,QTX3D84DZDD5JYOCYH15,0001002047,2012.0,Q2YTD,2011-04-30,2011-10-28,2011-12-05 16:22:15+00:00,netcashfromcontinuingfinancingactivities,repurchaseofcommonequity,Repurchase of Common Equity,+,debit,usd,-600000000.0
NetApp Inc,NTAP,QTX3D84DZDD5JYOCYH15,0001002047,2012.0,Q2YTD,2011-04-30,2011-10-28,2011-12-05 16:22:15+00:00,netcashfromcontinuingfinancingactivities,issuanceofdebt,Issuance of Debt,+,debit,usd,1600000.0
NetApp Inc,NTAP,QTX3D84DZDD5JYOCYH15,0001002047,2012.0,Q2YTD,2011-04-30,2011-10-28,2011-12-05 16:22:15+00:00,netcashfromcontinuingfinancingactivities,issuanceofcommonequity,Issuance of Common Equity,+,debit,usd,51900000.0
NetApp Inc,NTAP,QTX3D84DZDD5JYOCYH15,0001002047,2012.0,Q2YTD,2011-04-30,2011-10-28,2011-12-05 16:22:15+00:00,netcashfromcontinuingfinancingactivities,otherfinancingactivitiesnet,"Other Financing Activities, net",+,debit,usd,84700000.0
NetApp Inc,NTAP,QTX3D84DZDD5JYOCYH15,0001002047,2012.0,Q2YTD,2011-04-30,2011-10-28,2011-12-05 16:22:15+00:00,netcashfromfinancingactivities,netcashfromcontinuingfinancingactivities,Net Cash From Continuing Financing Activities,+,debit,usd,-461800000.0
NetApp Inc,NTAP,QTX3D84DZDD5JYOCYH15,0001002047,2012.0,Q2YTD,2011-04-30,2011-10-28,2011-12-05 16:22:15+00:00,netchangeincash,netcashfromfinancingactivities,Net Cash From Financing Activities,+,debit,usd,-461800000.0
NetApp Inc,NTAP,QTX3D84DZDD5JYOCYH15,0001002047,2012.0,Q2YTD,2011-04-30,2011-10-28,2011-12-05 16:22:15+00:00,netchangeincash,effectofexchangeratechanges,Effect of Exchange Rate Changes,+,debit,usd,-8100000.0
NetApp Inc,NTAP,QTX3D84DZDD5JYOCYH15,0001002047,2012.0,Q2YTD,2011-04-30,2011-10-28,2011-12-05 16:22:15+00:00,,netchangeincash,Net Change in Cash & Equivalents,=,debit,usd,-488300000.0
NetApp Inc,NTAP,QTX3D84DZDD5JYOCYH15,0001002047,2012.0,Q2TTM,2010-10-30,2011-10-28,,netincomecontinuing,netincome,Consolidated Net Income / (Loss),+,credit,usd,652100000.0
NetApp Inc,NTAP,QTX3D84DZDD5JYOCYH15,0001002047,2012.0,Q2TTM,2010-10-30,2011-10-28,,netcashfromcontinuingoperatingactivities,netincomecontinuing,Net Income / (Loss) Continuing Operations,+,credit,usd,652100000.0
NetApp Inc,NTAP,QTX3D84DZDD5JYOCYH15,0001002047,2012.0,Q2TTM,2010-10-30,2011-10-28,,netcashfromcontinuingoperatingactivities,depreciationexpense,Depreciation Expense,+,debit,usd,220200000.0
NetApp Inc,NTAP,QTX3D84DZDD5JYOCYH15,0001002047,2012.0,Q2TTM,2010-10-30,2011-10-28,,netcashfromcontinuingoperatingactivities,amortizationexpense,Amortization Expense,+,debit,usd,52400000.0
NetApp Inc,NTAP,QTX3D84DZDD5JYOCYH15,0001002047,2012.0,Q2TTM,2010-10-30,2011-10-28,,netcashfromcontinuingoperatingactivities,noncashadjustmentstonetincome,Non-Cash Adjustments To Reconcile Net Income,+,debit,usd,202700000.0
NetApp Inc,NTAP,QTX3D84DZDD5JYOCYH15,0001002047,2012.0,Q2TTM,2010-10-30,2011-10-28,,netcashfromcontinuingoperatingactivities,increasedecreaseinoperatingcapital,"Changes in Operating Assets and Liabilities, net",+,debit,usd,296600000.0
NetApp Inc,NTAP,QTX3D84DZDD5JYOCYH15,0001002047,2012.0,Q2TTM,2010-10-30,2011-10-28,,netcashfromoperatingactivities,netcashfromcontinuingoperatingactivities,Net Cash From Continuing Operating Activities,+,debit,usd,1424000000.0
NetApp Inc,NTAP,QTX3D84DZDD5JYOCYH15,0001002047,2012.0,Q2TTM,2010-10-30,2011-10-28,,netchangeincash,netcashfromoperatingactivities,Net Cash From Operating Activities,+,debit,usd,1424000000.0
NetApp Inc,NTAP,QTX3D84DZDD5JYOCYH15,0001002047,2012.0,Q2TTM,2010-10-30,2011-10-28,,netcashfromcontinuinginvestingactivities,purchaseofplantpropertyandequipment,"Purchase of Property, Plant & Equipment",+,debit,usd,-330800000.0
NetApp Inc,NTAP,QTX3D84DZDD5JYOCYH15,0001002047,2012.0,Q2TTM,2010-10-30,2011-10-28,,netcashfromcontinuinginvestingactivities,acquisitions,Acquisitions,+,debit,usd,-541600000.0
NetApp Inc,NTAP,QTX3D84DZDD5JYOCYH15,0001002047,2012.0,Q2TTM,2010-10-30,2011-10-28,,netcashfromcontinuinginvestingactivities,purchaseofinvestments,Purchase of Investments,+,debit,usd,-1847400000.0
NetApp Inc,NTAP,QTX3D84DZDD5JYOCYH15,0001002047,2012.0,Q2TTM,2010-10-30,2011-10-28,,netcashfromcontinuinginvestingactivities,saleofinvestments,Sale and/or Maturity of Investments,+,debit,usd,2064100000.0
NetApp Inc,NTAP,QTX3D84DZDD5JYOCYH15,0001002047,2012.0,Q2TTM,2010-10-30,2011-10-28,,netcashfromcontinuinginvestingactivities,otherinvestingactivitiesnet,"Other Investing Activities, net",+,debit,usd,2500000.0
NetApp Inc,NTAP,QTX3D84DZDD5JYOCYH15,0001002047,2012.0,Q2TTM,2010-10-30,2011-10-28,,netcashfrominvestingactivities,netcashfromcontinuinginvestingactivities,Net Cash From Continuing Investing Activities,+,debit,usd,-653200000.0
NetApp Inc,NTAP,QTX3D84DZDD5JYOCYH15,0001002047,2012.0,Q2TTM,2010-10-30,2011-10-28,,netchangeincash,netcashfrominvestingactivities,Net Cash From Investing Activities,+,debit,usd,-653200000.0
NetApp Inc,NTAP,QTX3D84DZDD5JYOCYH15,0001002047,2012.0,Q2TTM,2010-10-30,2011-10-28,,netcashfromcontinuingfinancingactivities,repaymentofdebt,Repayment of Debt,+,debit,usd,1000000.0
NetApp Inc,NTAP,QTX3D84DZDD5JYOCYH15,0001002047,2012.0,Q2TTM,2010-10-30,2011-10-28,,netcashfromcontinuingfinancingactivities,repurchaseofcommonequity,Repurchase of Common Equity,+,debit,usd,-600000000.0
NetApp Inc,NTAP,QTX3D84DZDD5JYOCYH15,0001002047,2012.0,Q2TTM,2010-10-30,2011-10-28,,netcashfromcontinuingfinancingactivities,issuanceofdebt,Issuance of Debt,+,debit,usd,1600000.0
NetApp Inc,NTAP,QTX3D84DZDD5JYOCYH15,0001002047,2012.0,Q2TTM,2010-10-30,2011-10-28,,netcashfromcontinuingfinancingactivities,issuanceofcommonequity,Issuance of Common Equity,+,debit,usd,140000000.0
NetApp Inc,NTAP,QTX3D84DZDD5JYOCYH15,0001002047,2012.0,Q2TTM,2010-10-30,2011-10-28,,netcashfromcontinuingfinancingactivities,otherfinancingactivitiesnet,"Other Financing Activities, net",+,debit,usd,170800000.0
NetApp Inc,NTAP,QTX3D84DZDD5JYOCYH15,0001002047,2012.0,Q2TTM,2010-10-30,2011-10-28,,netcashfromfinancingactivities,netcashfromcontinuingfinancingactivities,Net Cash From Continuing Financing Activities,+,debit,usd,-286600000.0
NetApp Inc,NTAP,QTX3D84DZDD5JYOCYH15,0001002047,2012.0,Q2TTM,2010-10-30,2011-10-28,,netchangeincash,netcashfromfinancingactivities,Net Cash From Financing Activities,+,debit,usd,-286600000.0
NetApp Inc,NTAP,QTX3D84DZDD5JYOCYH15,0001002047,2012.0,Q2TTM,2010-10-30,2011-10-28,,netchangeincash,effectofexchangeratechanges,Effect of Exchange Rate Changes,+,debit,usd,13700000.0
NetApp Inc,NTAP,QTX3D84DZDD5JYOCYH15,0001002047,2012.0,Q2TTM,2010-10-30,2011-10-28,,,netchangeincash,Net Change in Cash & Equivalents,=,debit,usd,497900000.0
NetApp Inc,NTAP,QTX3D84DZDD5JYOCYH15,0001002047,2012.0,Q2,2011-07-30,2011-10-28,,netincomecontinuing,netincome,Consolidated Net Income / (Loss),+,credit,usd,165600000.0
NetApp Inc,NTAP,QTX3D84DZDD5JYOCYH15,0001002047,2012.0,Q2,2011-07-30,2011-10-28,,netcashfromcontinuingoperatingactivities,netincomecontinuing,Net Income / (Loss) Continuing Operations,+,credit,usd,165600000.0
NetApp Inc,NTAP,QTX3D84DZDD5JYOCYH15,0001002047,2012.0,Q2,2011-07-30,2011-10-28,,netcashfromcontinuingoperatingactivities,depreciationexpense,Depreciation Expense,+,debit,usd,68400000.0
NetApp Inc,NTAP,QTX3D84DZDD5JYOCYH15,0001002047,2012.0,Q2,2011-07-30,2011-10-28,,netcashfromcontinuingoperatingactivities,amortizationexpense,Amortization Expense,+,debit,usd,11500000.0
NetApp Inc,NTAP,QTX3D84DZDD5JYOCYH15,0001002047,2012.0,Q2,2011-07-30,2011-10-28,,netcashfromcontinuingoperatingactivities,noncashadjustmentstonetincome,Non-Cash Adjustments To Reconcile Net Income,+,debit,usd,313100000.0
NetApp Inc,NTAP,QTX3D84DZDD5JYOCYH15,0001002047,2012.0,Q2,2011-07-30,2011-10-28,,netcashfromcontinuingoperatingactivities,increasedecreaseinoperatingcapital,"Changes in Operating Assets and Liabilities, net",+,debit,usd,-188400000.0
NetApp Inc,NTAP,QTX3D84DZDD5JYOCYH15,0001002047,2012.0,Q2,2011-07-30,2011-10-28,,netcashfromoperatingactivities,netcashfromcontinuingoperatingactivities,Net Cash From Continuing Operating Activities,+,debit,usd,370200000.0
NetApp Inc,NTAP,QTX3D84DZDD5JYOCYH15,0001002047,2012.0,Q2,2011-07-30,2011-10-28,,netchangeincash,netcashfromoperatingactivities,Net Cash From Operating Activities,+,debit,usd,370200000.0
NetApp Inc,NTAP,QTX3D84DZDD5JYOCYH15,0001002047,2012.0,Q2,2011-07-30,2011-10-28,,netcashfromcontinuinginvestingactivities,purchaseofplantpropertyandequipment,"Purchase of Property, Plant & Equipment",+,debit,usd,-93300000.0
NetApp Inc,NTAP,QTX3D84DZDD5JYOCYH15,0001002047,2012.0,Q2,2011-07-30,2011-10-28,,netcashfromcontinuinginvestingactivities,purchaseofinvestments,Purchase of Investments,+,debit,usd,-741700000.0
NetApp Inc,NTAP,QTX3D84DZDD5JYOCYH15,0001002047,2012.0,Q2,2011-07-30,2011-10-28,,netcashfromcontinuinginvestingactivities,saleofinvestments,Sale and/or Maturity of Investments,+,debit,usd,536300000.0
NetApp Inc,NTAP,QTX3D84DZDD5JYOCYH15,0001002047,2012.0,Q2,2011-07-30,2011-10-28,,netcashfromcontinuinginvestingactivities,otherinvestingactivitiesnet,"Other Investing Activities, net",+,debit,usd,300000.0
NetApp Inc,NTAP,QTX3D84DZDD5JYOCYH15,0001002047,2012.0,Q2,2011-07-30,2011-10-28,,netcashfrominvestingactivities,netcashfromcontinuinginvestingactivities,Net Cash From Continuing Investing Activities,+,debit,usd,-298400000.0
NetApp Inc,NTAP,QTX3D84DZDD5JYOCYH15,0001002047,2012.0,Q2,2011-07-30,2011-10-28,,netchangeincash,netcashfrominvestingactivities,Net Cash From Investing Activities,+,debit,usd,-298400000.0
NetApp Inc,NTAP,QTX3D84DZDD5JYOCYH15,0001002047,2012.0,Q2,2011-07-30,2011-10-28,,netcashfromcontinuingfinancingactivities,repurchaseofcommonequity,Repurchase of Common Equity,+,debit,usd,-400000000.0
NetApp Inc,NTAP,QTX3D84DZDD5JYOCYH15,0001002047,2012.0,Q2,2011-07-30,2011-10-28,,netcashfromcontinuingfinancingactivities,issuanceofdebt,Issuance of Debt,+,debit,usd,1300000.0
NetApp Inc,NTAP,QTX3D84DZDD5JYOCYH15,0001002047,2012.0,Q2,2011-07-30,2011-10-28,,netcashfromcontinuingfinancingactivities,issuanceofcommonequity,Issuance of Common Equity,+,debit,usd,5300000.0
NetApp Inc,NTAP,QTX3D84DZDD5JYOCYH15,0001002047,2012.0,Q2,2011-07-30,2011-10-28,,netcashfromcontinuingfinancingactivities,otherfinancingactivitiesnet,"Other Financing Activities, net",+,debit,usd,52600000.0
NetApp Inc,NTAP,QTX3D84DZDD5JYOCYH15,0001002047,2012.0,Q2,2011-07-30,2011-10-28,,netcashfromfinancingactivities,netcashfromcontinuingfinancingactivities,Net Cash From Continuing Financing Activities,+,debit,usd,-340800000.0
NetApp Inc,NTAP,QTX3D84DZDD5JYOCYH15,0001002047,2012.0,Q2,2011-07-30,2011-10-28,,netchangeincash,netcashfromfinancingactivities,Net Cash From Financing Activities,+,debit,usd,-340800000.0
NetApp Inc,NTAP,QTX3D84DZDD5JYOCYH15,0001002047,2012.0,Q2,2011-07-30,2011-10-28,,netchangeincash,effectofexchangeratechanges,Effect of Exchange Rate Changes,+,debit,usd,-5200000.0
NetApp Inc,NTAP,QTX3D84DZDD5JYOCYH15,0001002047,2012.0,Q2,2011-07-30,2011-10-28,,,netchangeincash,Net Change in Cash & Equivalents,=,debit,usd,-274200000.0
NetApp Inc,NTAP,QTX3D84DZDD5JYOCYH15,0001002047,2012.0,Q1TTM,2010-07-31,2011-07-29,,netincomecontinuing,netincome,Consolidated Net Income / (Loss),+,credit,usd,670800000.0
NetApp Inc,NTAP,QTX3D84DZDD5JYOCYH15,0001002047,2012.0,Q1TTM,2010-07-31,2011-07-29,,netcashfromcontinuingoperatingactivities,netincomecontinuing,Net Income / (Loss) Continuing Operations,+,credit,usd,670800000.0
NetApp Inc,NTAP,QTX3D84DZDD5JYOCYH15,0001002047,2012.0,Q1TTM,2010-07-31,2011-07-29,,netcashfromcontinuingoperatingactivities,depreciationexpense,Depreciation Expense,+,debit,usd,193400000.0
NetApp Inc,NTAP,QTX3D84DZDD5JYOCYH15,0001002047,2012.0,Q1TTM,2010-07-31,2011-07-29,,netcashfromcontinuingoperatingactivities,amortizationexpense,Amortization Expense,+,debit,usd,53900000.0
NetApp Inc,NTAP,QTX3D84DZDD5JYOCYH15,0001002047,2012.0,Q1TTM,2010-07-31,2011-07-29,,netcashfromcontinuingoperatingactivities,noncashadjustmentstonetincome,Non-Cash Adjustments To Reconcile Net Income,+,debit,usd,-56800000.0
NetApp Inc,NTAP,QTX3D84DZDD5JYOCYH15,0001002047,2012.0,Q1TTM,2010-07-31,2011-07-29,,netcashfromcontinuingoperatingactivities,increasedecreaseinoperatingcapital,"Changes in Operating Assets and Liabilities, net",+,debit,usd,548300000.0
NetApp Inc,NTAP,QTX3D84DZDD5JYOCYH15,0001002047,2012.0,Q1TTM,2010-07-31,2011-07-29,,netcashfromoperatingactivities,netcashfromcontinuingoperatingactivities,Net Cash From Continuing Operating Activities,+,debit,usd,1409600000.0
NetApp Inc,NTAP,QTX3D84DZDD5JYOCYH15,0001002047,2012.0,Q1TTM,2010-07-31,2011-07-29,,netchangeincash,netcashfromoperatingactivities,Net Cash From Operating Activities,+,debit,usd,1409600000.0
NetApp Inc,NTAP,QTX3D84DZDD5JYOCYH15,0001002047,2012.0,Q1TTM,2010-07-31,2011-07-29,,netcashfromcontinuinginvestingactivities,purchaseofplantpropertyandequipment,"Purchase of Property, Plant & Equipment",+,debit,usd,-280800000.0
NetApp Inc,NTAP,QTX3D84DZDD5JYOCYH15,0001002047,2012.0,Q1TTM,2010-07-31,2011-07-29,,netcashfromcontinuinginvestingactivities,acquisitions,Acquisitions,+,debit,usd,-541600000.0
NetApp Inc,NTAP,QTX3D84DZDD5JYOCYH15,0001002047,2012.0,Q1TTM,2010-07-31,2011-07-29,,netcashfromcontinuinginvestingactivities,purchaseofinvestments,Purchase of Investments,+,debit,usd,-2029700000.0
NetApp Inc,NTAP,QTX3D84DZDD5JYOCYH15,0001002047,2012.0,Q1TTM,2010-07-31,2011-07-29,,netcashfromcontinuinginvestingactivities,saleofinvestments,Sale and/or Maturity of Investments,+,debit,usd,2150900000.0
NetApp Inc,NTAP,QTX3D84DZDD5JYOCYH15,0001002047,2012.0,Q1TTM,2010-07-31,2011-07-29,,netcashfromcontinuinginvestingactivities,otherinvestingactivitiesnet,"Other Investing Activities, net",+,debit,usd,2100000.0
NetApp Inc,NTAP,QTX3D84DZDD5JYOCYH15,0001002047,2012.0,Q1TTM,2010-07-31,2011-07-29,,netcashfrominvestingactivities,netcashfromcontinuinginvestingactivities,Net Cash From Continuing Investing Activities,+,debit,usd,-699100000.0
NetApp Inc,NTAP,QTX3D84DZDD5JYOCYH15,0001002047,2012.0,Q1TTM,2010-07-31,2011-07-29,,netchangeincash,netcashfrominvestingactivities,Net Cash From Investing Activities,+,debit,usd,-699100000.0
NetApp Inc,NTAP,QTX3D84DZDD5JYOCYH15,0001002047,2012.0,Q1TTM,2010-07-31,2011-07-29,,netcashfromcontinuingfinancingactivities,repaymentofdebt,Repayment of Debt,+,debit,usd,-1000000.0
NetApp Inc,NTAP,QTX3D84DZDD5JYOCYH15,0001002047,2012.0,Q1TTM,2010-07-31,2011-07-29,,netcashfromcontinuingfinancingactivities,repurchaseofcommonequity,Repurchase of Common Equity,+,debit,usd,-200000000.0
NetApp Inc,NTAP,QTX3D84DZDD5JYOCYH15,0001002047,2012.0,Q1TTM,2010-07-31,2011-07-29,,netcashfromcontinuingfinancingactivities,issuanceofdebt,Issuance of Debt,+,debit,usd,300000.0
NetApp Inc,NTAP,QTX3D84DZDD5JYOCYH15,0001002047,2012.0,Q1TTM,2010-07-31,2011-07-29,,netcashfromcontinuingfinancingactivities,issuanceofcommonequity,Issuance of Common Equity,+,debit,usd,230900000.0
NetApp Inc,NTAP,QTX3D84DZDD5JYOCYH15,0001002047,2012.0,Q1TTM,2010-07-31,2011-07-29,,netcashfromcontinuingfinancingactivities,otherfinancingactivitiesnet,"Other Financing Activities, net",+,debit,usd,159800000.0
NetApp Inc,NTAP,QTX3D84DZDD5JYOCYH15,0001002047,2012.0,Q1TTM,2010-07-31,2011-07-29,,netcashfromfinancingactivities,netcashfromcontinuingfinancingactivities,Net Cash From Continuing Financing Activities,+,debit,usd,190000000.0
NetApp Inc,NTAP,QTX3D84DZDD5JYOCYH15,0001002047,2012.0,Q1TTM,2010-07-31,2011-07-29,,netchangeincash,netcashfromfinancingactivities,Net Cash From Financing Activities,+,debit,usd,190000000.0
NetApp Inc,NTAP,QTX3D84DZDD5JYOCYH15,0001002047,2012.0,Q1TTM,2010-07-31,2011-07-29,,netchangeincash,effectofexchangeratechanges,Effect of Exchange Rate Changes,+,debit,usd,30700000.0
NetApp Inc,NTAP,QTX3D84DZDD5JYOCYH15,0001002047,2012.0,Q1TTM,2010-07-31,2011-07-29,,,netchangeincash,Net Change in Cash & Equivalents,=,debit,usd,931200000.0
NetApp Inc,NTAP,QTX3D84DZDD5JYOCYH15,0001002047,2013.0,FY,2012-04-28,2013-04-26,2013-06-17 16:34:38+00:00,netincomecontinuing,netincome,Consolidated Net Income / (Loss),+,credit,usd,505300000.0
NetApp Inc,NTAP,QTX3D84DZDD5JYOCYH15,0001002047,2013.0,FY,2012-04-28,2013-04-26,2013-06-17 16:34:38+00:00,netcashfromcontinuingoperatingactivities,netincomecontinuing,Net Income / (Loss) Continuing Operations,+,credit,usd,505300000.0
NetApp Inc,NTAP,QTX3D84DZDD5JYOCYH15,0001002047,2013.0,FY,2012-04-28,2013-04-26,2013-06-17 16:34:38+00:00,netcashfromcontinuingoperatingactivities,depreciationexpense,Depreciation Expense,+,debit,usd,344600000.0
NetApp Inc,NTAP,QTX3D84DZDD5JYOCYH15,0001002047,2013.0,FY,2012-04-28,2013-04-26,2013-06-17 16:34:38+00:00,netcashfromcontinuingoperatingactivities,amortizationexpense,Amortization Expense,+,debit,usd,60200000.0
NetApp Inc,NTAP,QTX3D84DZDD5JYOCYH15,0001002047,2013.0,FY,2012-04-28,2013-04-26,2013-06-17 16:34:38+00:00,netcashfromcontinuingoperatingactivities,noncashadjustmentstonetincome,Non-Cash Adjustments To Reconcile Net Income,+,debit,usd,327800000.0
NetApp Inc,NTAP,QTX3D84DZDD5JYOCYH15,0001002047,2013.0,FY,2012-04-28,2013-04-26,2013-06-17 16:34:38+00:00,netcashfromcontinuingoperatingactivities,increasedecreaseinoperatingcapital,"Changes in Operating Assets and Liabilities, net",+,debit,usd,148400000.0
NetApp Inc,NTAP,QTX3D84DZDD5JYOCYH15,0001002047,2013.0,FY,2012-04-28,2013-04-26,2013-06-17 16:34:38+00:00,netcashfromoperatingactivities,netcashfromcontinuingoperatingactivities,Net Cash From Continuing Operating Activities,+,debit,usd,1386300000.0
NetApp Inc,NTAP,QTX3D84DZDD5JYOCYH15,0001002047,2013.0,FY,2012-04-28,2013-04-26,2013-06-17 16:34:38+00:00,netchangeincash,netcashfromoperatingactivities,Net Cash From Operating Activities,+,debit,usd,1386300000.0
NetApp Inc,NTAP,QTX3D84DZDD5JYOCYH15,0001002047,2013.0,FY,2012-04-28,2013-04-26,2013-06-17 16:34:38+00:00,netcashfromcontinuinginvestingactivities,purchaseofplantpropertyandequipment,"Purchase of Property, Plant & Equipment",+,debit,usd,-303300000.0
NetApp Inc,NTAP,QTX3D84DZDD5JYOCYH15,0001002047,2013.0,FY,2012-04-28,2013-04-26,2013-06-17 16:34:38+00:00,netcashfromcontinuinginvestingactivities,acquisitions,Acquisitions,+,debit,usd,-106500000.0
NetApp Inc,NTAP,QTX3D84DZDD5JYOCYH15,0001002047,2013.0,FY,2012-04-28,2013-04-26,2013-06-17 16:34:38+00:00,netcashfromcontinuinginvestingactivities,purchaseofinvestments,Purchase of Investments,+,debit,usd,-2287700000.0
NetApp Inc,NTAP,QTX3D84DZDD5JYOCYH15,0001002047,2013.0,FY,2012-04-28,2013-04-26,2013-06-17 16:34:38+00:00,netcashfromcontinuinginvestingactivities,saleofinvestments,Sale and/or Maturity of Investments,+,debit,usd,2464700000.0
NetApp Inc,NTAP,QTX3D84DZDD5JYOCYH15,0001002047,2013.0,FY,2012-04-28,2013-04-26,2013-06-17 16:34:38+00:00,netcashfromcontinuinginvestingactivities,otherinvestingactivitiesnet,"Other Investing Activities, net",+,debit,usd,4200000.0
NetApp Inc,NTAP,QTX3D84DZDD5JYOCYH15,0001002047,2013.0,FY,2012-04-28,2013-04-26,2013-06-17 16:34:38+00:00,netcashfrominvestingactivities,netcashfromcontinuinginvestingactivities,Net Cash From Continuing Investing Activities,+,debit,usd,-228600000.0
NetApp Inc,NTAP,QTX3D84DZDD5JYOCYH15,0001002047,2013.0,FY,2012-04-28,2013-04-26,2013-06-17 16:34:38+00:00,netchangeincash,netcashfrominvestingactivities,Net Cash From Investing Activities,+,debit,usd,-228600000.0
NetApp Inc,NTAP,QTX3D84DZDD5JYOCYH15,0001002047,2013.0,FY,2012-04-28,2013-04-26,2013-06-17 16:34:38+00:00,netcashfromcontinuingfinancingactivities,repaymentofdebt,Repayment of Debt,+,debit,usd,-1900000.0
NetApp Inc,NTAP,QTX3D84DZDD5JYOCYH15,0001002047,2013.0,FY,2012-04-28,2013-04-26,2013-06-17 16:34:38+00:00,netcashfromcontinuingfinancingactivities,repurchaseofcommonequity,Repurchase of Common Equity,+,debit,usd,-590000000.0
NetApp Inc,NTAP,QTX3D84DZDD5JYOCYH15,0001002047,2013.0,FY,2012-04-28,2013-04-26,2013-06-17 16:34:38+00:00,netcashfromcontinuingfinancingactivities,issuanceofdebt,Issuance of Debt,+,debit,usd,987300000.0
NetApp Inc,NTAP,QTX3D84DZDD5JYOCYH15,0001002047,2013.0,FY,2012-04-28,2013-04-26,2013-06-17 16:34:38+00:00,netcashfromcontinuingfinancingactivities,issuanceofcommonequity,Issuance of Common Equity,+,debit,usd,110600000.0
NetApp Inc,NTAP,QTX3D84DZDD5JYOCYH15,0001002047,2013.0,FY,2012-04-28,2013-04-26,2013-06-17 16:34:38+00:00,netcashfromcontinuingfinancingactivities,otherfinancingactivitiesnet,"Other Financing Activities, net",+,debit,usd,72900000.0
NetApp Inc,NTAP,QTX3D84DZDD5JYOCYH15,0001002047,2013.0,FY,2012-04-28,2013-04-26,2013-06-17 16:34:38+00:00,netcashfromfinancingactivities,netcashfromcontinuingfinancingactivities,Net Cash From Continuing Financing Activities,+,debit,usd,578900000.0
NetApp Inc,NTAP,QTX3D84DZDD5JYOCYH15,0001002047,2013.0,FY,2012-04-28,2013-04-26,2013-06-17 16:34:38+00:00,netchangeincash,netcashfromfinancingactivities,Net Cash From Financing Activities,+,debit,usd,578900000.0
NetApp Inc,NTAP,QTX3D84DZDD5JYOCYH15,0001002047,2013.0,FY,2012-04-28,2013-04-26,2013-06-17 16:34:38+00:00,netchangeincash,effectofexchangeratechanges,Effect of Exchange Rate Changes,+,debit,usd,-9300000.0
NetApp Inc,NTAP,QTX3D84DZDD5JYOCYH15,0001002047,2013.0,FY,2012-04-28,2013-04-26,2013-06-17 16:34:38+00:00,,netchangeincash,Net Change in Cash & Equivalents,=,debit,usd,1727300000.0
NetApp Inc,NTAP,QTX3D84DZDD5JYOCYH15,0001002047,2013.0,Q4,2013-01-26,2013-04-26,,netincomecontinuing,netincome,Consolidated Net Income / (Loss),+,credit,usd,173800000.0
NetApp Inc,NTAP,QTX3D84DZDD5JYOCYH15,0001002047,2013.0,Q4,2013-01-26,2013-04-26,,netcashfromcontinuingoperatingactivities,netincomecontinuing,Net Income / (Loss) Continuing Operations,+,credit,usd,173800000.0
NetApp Inc,NTAP,QTX3D84DZDD5JYOCYH15,0001002047,2013.0,Q4,2013-01-26,2013-04-26,,netcashfromcontinuingoperatingactivities,depreciationexpense,Depreciation Expense,+,debit,usd,89100000.0
NetApp Inc,NTAP,QTX3D84DZDD5JYOCYH15,0001002047,2013.0,Q4,2013-01-26,2013-04-26,,netcashfromcontinuingoperatingactivities,amortizationexpense,Amortization Expense,+,debit,usd,16200000.0
NetApp Inc,NTAP,QTX3D84DZDD5JYOCYH15,0001002047,2013.0,Q4,2013-01-26,2013-04-26,,netcashfromcontinuingoperatingactivities,noncashadjustmentstonetincome,Non-Cash Adjustments To Reconcile Net Income,+,debit,usd,154800000.0
NetApp Inc,NTAP,QTX3D84DZDD5JYOCYH15,0001002047,2013.0,Q4,2013-01-26,2013-04-26,,netcashfromcontinuingoperatingactivities,increasedecreaseinoperatingcapital,"Changes in Operating Assets and Liabilities, net",+,debit,usd,21700000.0
NetApp Inc,NTAP,QTX3D84DZDD5JYOCYH15,0001002047,2013.0,Q4,2013-01-26,2013-04-26,,netcashfromoperatingactivities,netcashfromcontinuingoperatingactivities,Net Cash From Continuing Operating Activities,+,debit,usd,455600000.0
NetApp Inc,NTAP,QTX3D84DZDD5JYOCYH15,0001002047,2013.0,Q4,2013-01-26,2013-04-26,,netchangeincash,netcashfromoperatingactivities,Net Cash From Operating Activities,+,debit,usd,455600000.0
NetApp Inc,NTAP,QTX3D84DZDD5JYOCYH15,0001002047,2013.0,Q4,2013-01-26,2013-04-26,,netcashfromcontinuinginvestingactivities,purchaseofplantpropertyandequipment,"Purchase of Property, Plant & Equipment",+,debit,usd,-63600000.0
NetApp Inc,NTAP,QTX3D84DZDD5JYOCYH15,0001002047,2013.0,Q4,2013-01-26,2013-04-26,,netcashfromcontinuinginvestingactivities,acquisitions,Acquisitions,+,debit,usd,-17100000.0
NetApp Inc,NTAP,QTX3D84DZDD5JYOCYH15,0001002047,2013.0,Q4,2013-01-26,2013-04-26,,netcashfromcontinuinginvestingactivities,purchaseofinvestments,Purchase of Investments,+,debit,usd,-739400000.0
NetApp Inc,NTAP,QTX3D84DZDD5JYOCYH15,0001002047,2013.0,Q4,2013-01-26,2013-04-26,,netcashfromcontinuinginvestingactivities,saleofinvestments,Sale and/or Maturity of Investments,+,debit,usd,712300000.0
NetApp Inc,NTAP,QTX3D84DZDD5JYOCYH15,0001002047,2013.0,Q4,2013-01-26,2013-04-26,,netcashfromcontinuinginvestingactivities,otherinvestingactivitiesnet,"Other Investing Activities, net",+,debit,usd,1200000.0
NetApp Inc,NTAP,QTX3D84DZDD5JYOCYH15,0001002047,2013.0,Q4,2013-01-26,2013-04-26,,netcashfrominvestingactivities,netcashfromcontinuinginvestingactivities,Net Cash From Continuing Investing Activities,+,debit,usd,-106600000.0
NetApp Inc,NTAP,QTX3D84DZDD5JYOCYH15,0001002047,2013.0,Q4,2013-01-26,2013-04-26,,netchangeincash,netcashfrominvestingactivities,Net Cash From Investing Activities,+,debit,usd,-106600000.0
NetApp Inc,NTAP,QTX3D84DZDD5JYOCYH15,0001002047,2013.0,Q4,2013-01-26,2013-04-26,,netcashfromcontinuingfinancingactivities,repaymentofdebt,Repayment of Debt,+,debit,usd,-1200000.0
NetApp Inc,NTAP,QTX3D84DZDD5JYOCYH15,0001002047,2013.0,Q4,2013-01-26,2013-04-26,,netcashfromcontinuingfinancingactivities,repurchaseofcommonequity,Repurchase of Common Equity,+,debit,usd,-180000000.0
NetApp Inc,NTAP,QTX3D84DZDD5JYOCYH15,0001002047,2013.0,Q4,2013-01-26,2013-04-26,,netcashfromcontinuingfinancingactivities,issuanceofcommonequity,Issuance of Common Equity,+,debit,usd,15100000.0
NetApp Inc,NTAP,QTX3D84DZDD5JYOCYH15,0001002047,2013.0,Q4,2013-01-26,2013-04-26,,netcashfromcontinuingfinancingactivities,otherfinancingactivitiesnet,"Other Financing Activities, net",+,debit,usd,19900000.0
NetApp Inc,NTAP,QTX3D84DZDD5JYOCYH15,0001002047,2013.0,Q4,2013-01-26,2013-04-26,,netcashfromfinancingactivities,netcashfromcontinuingfinancingactivities,Net Cash From Continuing Financing Activities,+,debit,usd,-146200000.0
NetApp Inc,NTAP,QTX3D84DZDD5JYOCYH15,0001002047,2013.0,Q4,2013-01-26,2013-04-26,,netchangeincash,netcashfromfinancingactivities,Net Cash From Financing Activities,+,debit,usd,-146200000.0
NetApp Inc,NTAP,QTX3D84DZDD5JYOCYH15,0001002047,2013.0,Q4,2013-01-26,2013-04-26,,netchangeincash,effectofexchangeratechanges,Effect of Exchange Rate Changes,+,debit,usd,-7400000.0
NetApp Inc,NTAP,QTX3D84DZDD5JYOCYH15,0001002047,2013.0,Q4,2013-01-26,2013-04-26,,,netchangeincash,Net Change in Cash & Equivalents,=,debit,usd,195400000.0
NetApp Inc,NTAP,QTX3D84DZDD5JYOCYH15,0001002047,2013.0,Q3YTD,2012-04-28,2013-01-25,2014-02-26 16:05:11+00:00,netincomecontinuing,netincome,Consolidated Net Income / (Loss),+,credit,usd,331500000.0
NetApp Inc,NTAP,QTX3D84DZDD5JYOCYH15,0001002047,2013.0,Q3YTD,2012-04-28,2013-01-25,2014-02-26 16:05:11+00:00,netcashfromcontinuingoperatingactivities,netincomecontinuing,Net Income / (Loss) Continuing Operations,+,credit,usd,331500000.0
NetApp Inc,NTAP,QTX3D84DZDD5JYOCYH15,0001002047,2013.0,Q3YTD,2012-04-28,2013-01-25,2014-02-26 16:05:11+00:00,netcashfromcontinuingoperatingactivities,depreciationexpense,Depreciation Expense,+,debit,usd,255500000.0
NetApp Inc,NTAP,QTX3D84DZDD5JYOCYH15,0001002047,2013.0,Q3YTD,2012-04-28,2013-01-25,2014-02-26 16:05:11+00:00,netcashfromcontinuingoperatingactivities,amortizationexpense,Amortization Expense,+,debit,usd,44000000.0
NetApp Inc,NTAP,QTX3D84DZDD5JYOCYH15,0001002047,2013.0,Q3YTD,2012-04-28,2013-01-25,2014-02-26 16:05:11+00:00,netcashfromcontinuingoperatingactivities,noncashadjustmentstonetincome,Non-Cash Adjustments To Reconcile Net Income,+,debit,usd,173000000.0
NetApp Inc,NTAP,QTX3D84DZDD5JYOCYH15,0001002047,2013.0,Q3YTD,2012-04-28,2013-01-25,2014-02-26 16:05:11+00:00,netcashfromcontinuingoperatingactivities,increasedecreaseinoperatingcapital,"Changes in Operating Assets and Liabilities, net",+,debit,usd,126700000.0
NetApp Inc,NTAP,QTX3D84DZDD5JYOCYH15,0001002047,2013.0,Q3YTD,2012-04-28,2013-01-25,2014-02-26 16:05:11+00:00,netcashfromoperatingactivities,netcashfromcontinuingoperatingactivities,Net Cash From Continuing Operating Activities,+,debit,usd,930700000.0
NetApp Inc,NTAP,QTX3D84DZDD5JYOCYH15,0001002047,2013.0,Q3YTD,2012-04-28,2013-01-25,2014-02-26 16:05:11+00:00,netchangeincash,netcashfromoperatingactivities,Net Cash From Operating Activities,+,debit,usd,930700000.0
NetApp Inc,NTAP,QTX3D84DZDD5JYOCYH15,0001002047,2013.0,Q3YTD,2012-04-28,2013-01-25,2014-02-26 16:05:11+00:00,netcashfromcontinuinginvestingactivities,purchaseofplantpropertyandequipment,"Purchase of Property, Plant & Equipment",+,debit,usd,-239700000.0
NetApp Inc,NTAP,QTX3D84DZDD5JYOCYH15,0001002047,2013.0,Q3YTD,2012-04-28,2013-01-25,2014-02-26 16:05:11+00:00,netcashfromcontinuinginvestingactivities,acquisitions,Acquisitions,+,debit,usd,-89400000.0
NetApp Inc,NTAP,QTX3D84DZDD5JYOCYH15,0001002047,2013.0,Q3YTD,2012-04-28,2013-01-25,2014-02-26 16:05:11+00:00,netcashfromcontinuinginvestingactivities,purchaseofinvestments,Purchase of Investments,+,debit,usd,-1548300000.0
NetApp Inc,NTAP,QTX3D84DZDD5JYOCYH15,0001002047,2013.0,Q3YTD,2012-04-28,2013-01-25,2014-02-26 16:05:11+00:00,netcashfromcontinuinginvestingactivities,saleofinvestments,Sale and/or Maturity of Investments,+,debit,usd,1752400000.0
NetApp Inc,NTAP,QTX3D84DZDD5JYOCYH15,0001002047,2013.0,Q3YTD,2012-04-28,2013-01-25,2014-02-26 16:05:11+00:00,netcashfromcontinuinginvestingactivities,otherinvestingactivitiesnet,"Other Investing Activities, net",+,debit,usd,3000000.0
NetApp Inc,NTAP,QTX3D84DZDD5JYOCYH15,0001002047,2013.0,Q3YTD,2012-04-28,2013-01-25,2014-02-26 16:05:11+00:00,netcashfrominvestingactivities,netcashfromcontinuinginvestingactivities,Net Cash From Continuing Investing Activities,+,debit,usd,-122000000.0
NetApp Inc,NTAP,QTX3D84DZDD5JYOCYH15,0001002047,2013.0,Q3YTD,2012-04-28,2013-01-25,2014-02-26 16:05:11+00:00,netchangeincash,netcashfrominvestingactivities,Net Cash From Investing Activities,+,debit,usd,-122000000.0
NetApp Inc,NTAP,QTX3D84DZDD5JYOCYH15,0001002047,2013.0,Q3YTD,2012-04-28,2013-01-25,2014-02-26 16:05:11+00:00,netcashfromcontinuingfinancingactivities,repaymentofdebt,Repayment of Debt,+,debit,usd,-700000.0
NetApp Inc,NTAP,QTX3D84DZDD5JYOCYH15,0001002047,2013.0,Q3YTD,2012-04-28,2013-01-25,2014-02-26 16:05:11+00:00,netcashfromcontinuingfinancingactivities,repurchaseofcommonequity,Repurchase of Common Equity,+,debit,usd,-410000000.0
NetApp Inc,NTAP,QTX3D84DZDD5JYOCYH15,0001002047,2013.0,Q3YTD,2012-04-28,2013-01-25,2014-02-26 16:05:11+00:00,netcashfromcontinuingfinancingactivities,paymentofdividends,Payment of Dividends,+,debit,usd,0.0
NetApp Inc,NTAP,QTX3D84DZDD5JYOCYH15,0001002047,2013.0,Q3YTD,2012-04-28,2013-01-25,2014-02-26 16:05:11+00:00,netcashfromcontinuingfinancingactivities,issuanceofdebt,Issuance of Debt,+,debit,usd,987300000.0
NetApp Inc,NTAP,QTX3D84DZDD5JYOCYH15,0001002047,2013.0,Q3YTD,2012-04-28,2013-01-25,2014-02-26 16:05:11+00:00,netcashfromcontinuingfinancingactivities,issuanceofcommonequity,Issuance of Common Equity,+,debit,usd,95500000.0
NetApp Inc,NTAP,QTX3D84DZDD5JYOCYH15,0001002047,2013.0,Q3YTD,2012-04-28,2013-01-25,2014-02-26 16:05:11+00:00,netcashfromcontinuingfinancingactivities,otherfinancingactivitiesnet,"Other Financing Activities, net",+,debit,usd,53000000.0
NetApp Inc,NTAP,QTX3D84DZDD5JYOCYH15,0001002047,2013.0,Q3YTD,2012-04-28,2013-01-25,2014-02-26 16:05:11+00:00,netcashfromfinancingactivities,netcashfromcontinuingfinancingactivities,Net Cash From Continuing Financing Activities,+,debit,usd,725100000.0
NetApp Inc,NTAP,QTX3D84DZDD5JYOCYH15,0001002047,2013.0,Q3YTD,2012-04-28,2013-01-25,2014-02-26 16:05:11+00:00,netchangeincash,netcashfromfinancingactivities,Net Cash From Financing Activities,+,debit,usd,725100000.0
NetApp Inc,NTAP,QTX3D84DZDD5JYOCYH15,0001002047,2013.0,Q3YTD,2012-04-28,2013-01-25,2014-02-26 16:05:11+00:00,netchangeincash,effectofexchangeratechanges,Effect of Exchange Rate Changes,+,debit,usd,-1900000.0
NetApp Inc,NTAP,QTX3D84DZDD5JYOCYH15,0001002047,2013.0,Q3YTD,2012-04-28,2013-01-25,2014-02-26 16:05:11+00:00,,netchangeincash,Net Change in Cash & Equivalents,=,debit,usd,1531900000.0
NetApp Inc,NTAP,QTX3D84DZDD5JYOCYH15,0001002047,2013.0,Q3TTM,2012-01-28,2013-01-25,,netincomecontinuing,netincome,Consolidated Net Income / (Loss),+,credit,usd,512200000.0
NetApp Inc,NTAP,QTX3D84DZDD5JYOCYH15,0001002047,2013.0,Q3TTM,2012-01-28,2013-01-25,,netcashfromcontinuingoperatingactivities,netincomecontinuing,Net Income / (Loss) Continuing Operations,+,credit,usd,512200000.0
NetApp Inc,NTAP,QTX3D84DZDD5JYOCYH15,0001002047,2013.0,Q3TTM,2012-01-28,2013-01-25,,netcashfromcontinuingoperatingactivities,depreciationexpense,Depreciation Expense,+,debit,usd,338100000.0
NetApp Inc,NTAP,QTX3D84DZDD5JYOCYH15,0001002047,2013.0,Q3TTM,2012-01-28,2013-01-25,,netcashfromcontinuingoperatingactivities,amortizationexpense,Amortization Expense,+,debit,usd,58200000.0
NetApp Inc,NTAP,QTX3D84DZDD5JYOCYH15,0001002047,2013.0,Q3TTM,2012-01-28,2013-01-25,,netcashfromcontinuingoperatingactivities,noncashadjustmentstonetincome,Non-Cash Adjustments To Reconcile Net Income,+,debit,usd,230600000.0
NetApp Inc,NTAP,QTX3D84DZDD5JYOCYH15,0001002047,2013.0,Q3TTM,2012-01-28,2013-01-25,,netcashfromcontinuingoperatingactivities,increasedecreaseinoperatingcapital,"Changes in Operating Assets and Liabilities, net",+,debit,usd,374200000.0
NetApp Inc,NTAP,QTX3D84DZDD5JYOCYH15,0001002047,2013.0,Q3TTM,2012-01-28,2013-01-25,,netcashfromoperatingactivities,netcashfromcontinuingoperatingactivities,Net Cash From Continuing Operating Activities,+,debit,usd,1513300000.0
NetApp Inc,NTAP,QTX3D84DZDD5JYOCYH15,0001002047,2013.0,Q3TTM,2012-01-28,2013-01-25,,netchangeincash,netcashfromoperatingactivities,Net Cash From Operating Activities,+,debit,usd,1513300000.0
NetApp Inc,NTAP,QTX3D84DZDD5JYOCYH15,0001002047,2013.0,Q3TTM,2012-01-28,2013-01-25,,netcashfromcontinuinginvestingactivities,purchaseofplantpropertyandequipment,"Purchase of Property, Plant & Equipment",+,debit,usd,-363900000.0
NetApp Inc,NTAP,QTX3D84DZDD5JYOCYH15,0001002047,2013.0,Q3TTM,2012-01-28,2013-01-25,,netcashfromcontinuinginvestingactivities,acquisitions,Acquisitions,+,debit,usd,-89400000.0
NetApp Inc,NTAP,QTX3D84DZDD5JYOCYH15,0001002047,2013.0,Q3TTM,2012-01-28,2013-01-25,,netcashfromcontinuinginvestingactivities,purchaseofinvestments,Purchase of Investments,+,debit,usd,-3401800000.0
NetApp Inc,NTAP,QTX3D84DZDD5JYOCYH15,0001002047,2013.0,Q3TTM,2012-01-28,2013-01-25,,netcashfromcontinuinginvestingactivities,saleofinvestments,Sale and/or Maturity of Investments,+,debit,usd,2202200000.0
NetApp Inc,NTAP,QTX3D84DZDD5JYOCYH15,0001002047,2013.0,Q3TTM,2012-01-28,2013-01-25,,netcashfromcontinuinginvestingactivities,otherinvestingactivitiesnet,"Other Investing Activities, net",+,debit,usd,4600000.0
NetApp Inc,NTAP,QTX3D84DZDD5JYOCYH15,0001002047,2013.0,Q3TTM,2012-01-28,2013-01-25,,netcashfrominvestingactivities,netcashfromcontinuinginvestingactivities,Net Cash From Continuing Investing Activities,+,debit,usd,-1648300000.0
NetApp Inc,NTAP,QTX3D84DZDD5JYOCYH15,0001002047,2013.0,Q3TTM,2012-01-28,2013-01-25,,netchangeincash,netcashfrominvestingactivities,Net Cash From Investing Activities,+,debit,usd,-1648300000.0
NetApp Inc,NTAP,QTX3D84DZDD5JYOCYH15,0001002047,2013.0,Q3TTM,2012-01-28,2013-01-25,,netcashfromcontinuingfinancingactivities,repaymentofdebt,Repayment of Debt,+,debit,usd,-700000.0
NetApp Inc,NTAP,QTX3D84DZDD5JYOCYH15,0001002047,2013.0,Q3TTM,2012-01-28,2013-01-25,,netcashfromcontinuingfinancingactivities,repurchaseofcommonequity,Repurchase of Common Equity,+,debit,usd,-410000000.0
NetApp Inc,NTAP,QTX3D84DZDD5JYOCYH15,0001002047,2013.0,Q3TTM,2012-01-28,2013-01-25,,netcashfromcontinuingfinancingactivities,issuanceofdebt,Issuance of Debt,+,debit,usd,985200000.0
NetApp Inc,NTAP,QTX3D84DZDD5JYOCYH15,0001002047,2013.0,Q3TTM,2012-01-28,2013-01-25,,netcashfromcontinuingfinancingactivities,issuanceofcommonequity,Issuance of Common Equity,+,debit,usd,136600000.0
NetApp Inc,NTAP,QTX3D84DZDD5JYOCYH15,0001002047,2013.0,Q3TTM,2012-01-28,2013-01-25,,netcashfromcontinuingfinancingactivities,otherfinancingactivitiesnet,"Other Financing Activities, net",+,debit,usd,85600000.0
NetApp Inc,NTAP,QTX3D84DZDD5JYOCYH15,0001002047,2013.0,Q3TTM,2012-01-28,2013-01-25,,netcashfromfinancingactivities,netcashfromcontinuingfinancingactivities,Net Cash From Continuing Financing Activities,+,debit,usd,796700000.0
NetApp Inc,NTAP,QTX3D84DZDD5JYOCYH15,0001002047,2013.0,Q3TTM,2012-01-28,2013-01-25,,netchangeincash,netcashfromfinancingactivities,Net Cash From Financing Activities,+,debit,usd,796700000.0
NetApp Inc,NTAP,QTX3D84DZDD5JYOCYH15,0001002047,2013.0,Q3TTM,2012-01-28,2013-01-25,,netchangeincash,effectofexchangeratechanges,Effect of Exchange Rate Changes,+,debit,usd,-900000.0
NetApp Inc,NTAP,QTX3D84DZDD5JYOCYH15,0001002047,2013.0,Q3TTM,2012-01-28,2013-01-25,,,netchangeincash,Net Change in Cash & Equivalents,=,debit,usd,660800000.0
NetApp Inc,NTAP,QTX3D84DZDD5JYOCYH15,0001002047,2013.0,Q3,2012-10-27,2013-01-25,,netincomecontinuing,netincome,Consolidated Net Income / (Loss),+,credit,usd,158100000.0
NetApp Inc,NTAP,QTX3D84DZDD5JYOCYH15,0001002047,2013.0,Q3,2012-10-27,2013-01-25,,netcashfromcontinuingoperatingactivities,netincomecontinuing,Net Income / (Loss) Continuing Operations,+,credit,usd,158100000.0
NetApp Inc,NTAP,QTX3D84DZDD5JYOCYH15,0001002047,2013.0,Q3,2012-10-27,2013-01-25,,netcashfromcontinuingoperatingactivities,depreciationexpense,Depreciation Expense,+,debit,usd,86400000.0
NetApp Inc,NTAP,QTX3D84DZDD5JYOCYH15,0001002047,2013.0,Q3,2012-10-27,2013-01-25,,netcashfromcontinuingoperatingactivities,amortizationexpense,Amortization Expense,+,debit,usd,15300000.0
NetApp Inc,NTAP,QTX3D84DZDD5JYOCYH15,0001002047,2013.0,Q3,2012-10-27,2013-01-25,,netcashfromcontinuingoperatingactivities,noncashadjustmentstonetincome,Non-Cash Adjustments To Reconcile Net Income,+,debit,usd,50000000.0
NetApp Inc,NTAP,QTX3D84DZDD5JYOCYH15,0001002047,2013.0,Q3,2012-10-27,2013-01-25,,netcashfromcontinuingoperatingactivities,increasedecreaseinoperatingcapital,"Changes in Operating Assets and Liabilities, net",+,debit,usd,55300000.0
NetApp Inc,NTAP,QTX3D84DZDD5JYOCYH15,0001002047,2013.0,Q3,2012-10-27,2013-01-25,,netcashfromoperatingactivities,netcashfromcontinuingoperatingactivities,Net Cash From Continuing Operating Activities,+,debit,usd,365100000.0
NetApp Inc,NTAP,QTX3D84DZDD5JYOCYH15,0001002047,2013.0,Q3,2012-10-27,2013-01-25,,netchangeincash,netcashfromoperatingactivities,Net Cash From Operating Activities,+,debit,usd,365100000.0
NetApp Inc,NTAP,QTX3D84DZDD5JYOCYH15,0001002047,2013.0,Q3,2012-10-27,2013-01-25,,netcashfromcontinuinginvestingactivities,purchaseofplantpropertyandequipment,"Purchase of Property, Plant & Equipment",+,debit,usd,-110700000.0
NetApp Inc,NTAP,QTX3D84DZDD5JYOCYH15,0001002047,2013.0,Q3,2012-10-27,2013-01-25,,netcashfromcontinuinginvestingactivities,acquisitions,Acquisitions,+,debit,usd,-89400000.0
NetApp Inc,NTAP,QTX3D84DZDD5JYOCYH15,0001002047,2013.0,Q3,2012-10-27,2013-01-25,,netcashfromcontinuinginvestingactivities,purchaseofinvestments,Purchase of Investments,+,debit,usd,-305300000.0
NetApp Inc,NTAP,QTX3D84DZDD5JYOCYH15,0001002047,2013.0,Q3,2012-10-27,2013-01-25,,netcashfromcontinuinginvestingactivities,saleofinvestments,Sale and/or Maturity of Investments,+,debit,usd,416000000.0
NetApp Inc,NTAP,QTX3D84DZDD5JYOCYH15,0001002047,2013.0,Q3,2012-10-27,2013-01-25,,netcashfromcontinuinginvestingactivities,otherinvestingactivitiesnet,"Other Investing Activities, net",+,debit,usd,200000.0
NetApp Inc,NTAP,QTX3D84DZDD5JYOCYH15,0001002047,2013.0,Q3,2012-10-27,2013-01-25,,netcashfrominvestingactivities,netcashfromcontinuinginvestingactivities,Net Cash From Continuing Investing Activities,+,debit,usd,-89200000.0
NetApp Inc,NTAP,QTX3D84DZDD5JYOCYH15,0001002047,2013.0,Q3,2012-10-27,2013-01-25,,netchangeincash,netcashfrominvestingactivities,Net Cash From Investing Activities,+,debit,usd,-89200000.0
NetApp Inc,NTAP,QTX3D84DZDD5JYOCYH15,0001002047,2013.0,Q3,2012-10-27,2013-01-25,,netcashfromcontinuingfinancingactivities,repaymentofdebt,Repayment of Debt,+,debit,usd,-400000.0
NetApp Inc,NTAP,QTX3D84DZDD5JYOCYH15,0001002047,2013.0,Q3,2012-10-27,2013-01-25,,netcashfromcontinuingfinancingactivities,repurchaseofcommonequity,Repurchase of Common Equity,+,debit,usd,-61700000.0
NetApp Inc,NTAP,QTX3D84DZDD5JYOCYH15,0001002047,2013.0,Q3,2012-10-27,2013-01-25,,netcashfromcontinuingfinancingactivities,issuanceofdebt,Issuance of Debt,+,debit,usd,987300000.0
NetApp Inc,NTAP,QTX3D84DZDD5JYOCYH15,0001002047,2013.0,Q3,2012-10-27,2013-01-25,,netcashfromcontinuingfinancingactivities,issuanceofcommonequity,Issuance of Common Equity,+,debit,usd,50400000.0
NetApp Inc,NTAP,QTX3D84DZDD5JYOCYH15,0001002047,2013.0,Q3,2012-10-27,2013-01-25,,netcashfromcontinuingfinancingactivities,otherfinancingactivitiesnet,"Other Financing Activities, net",+,debit,usd,9400000.0
NetApp Inc,NTAP,QTX3D84DZDD5JYOCYH15,0001002047,2013.0,Q3,2012-10-27,2013-01-25,,netcashfromfinancingactivities,netcashfromcontinuingfinancingactivities,Net Cash From Continuing Financing Activities,+,debit,usd,985000000.0
NetApp Inc,NTAP,QTX3D84DZDD5JYOCYH15,0001002047,2013.0,Q3,2012-10-27,2013-01-25,,netchangeincash,netcashfromfinancingactivities,Net Cash From Financing Activities,+,debit,usd,985000000.0
NetApp Inc,NTAP,QTX3D84DZDD5JYOCYH15,0001002047,2013.0,Q3,2012-10-27,2013-01-25,,netchangeincash,effectofexchangeratechanges,Effect of Exchange Rate Changes,+,debit,usd,4000000.0
NetApp Inc,NTAP,QTX3D84DZDD5JYOCYH15,0001002047,2013.0,Q3,2012-10-27,2013-01-25,,,netchangeincash,Net Change in Cash & Equivalents,=,debit,usd,1264900000.0
NetApp Inc,NTAP,QTX3D84DZDD5JYOCYH15,0001002047,2013.0,Q2YTD,2012-04-28,2012-10-26,2013-11-26 16:10:29+00:00,netincomecontinuing,netincome,Consolidated Net Income / (Loss),+,credit,usd,173400000.0
NetApp Inc,NTAP,QTX3D84DZDD5JYOCYH15,0001002047,2013.0,Q2YTD,2012-04-28,2012-10-26,2013-11-26 16:10:29+00:00,netcashfromcontinuingoperatingactivities,netincomecontinuing,Net Income / (Loss) Continuing Operations,+,credit,usd,173400000.0
NetApp Inc,NTAP,QTX3D84DZDD5JYOCYH15,0001002047,2013.0,Q2YTD,2012-04-28,2012-10-26,2013-11-26 16:10:29+00:00,netcashfromcontinuingoperatingactivities,depreciationexpense,Depreciation Expense,+,debit,usd,169100000.0
NetApp Inc,NTAP,QTX3D84DZDD5JYOCYH15,0001002047,2013.0,Q2YTD,2012-04-28,2012-10-26,2013-11-26 16:10:29+00:00,netcashfromcontinuingoperatingactivities,amortizationexpense,Amortization Expense,+,debit,usd,28700000.0
NetApp Inc,NTAP,QTX3D84DZDD5JYOCYH15,0001002047,2013.0,Q2YTD,2012-04-28,2012-10-26,2013-11-26 16:10:29+00:00,netcashfromcontinuingoperatingactivities,noncashadjustmentstonetincome,Non-Cash Adjustments To Reconcile Net Income,+,debit,usd,123000000.0
NetApp Inc,NTAP,QTX3D84DZDD5JYOCYH15,0001002047,2013.0,Q2YTD,2012-04-28,2012-10-26,2013-11-26 16:10:29+00:00,netcashfromcontinuingoperatingactivities,increasedecreaseinoperatingcapital,"Changes in Operating Assets and Liabilities, net",+,debit,usd,71400000.0
NetApp Inc,NTAP,QTX3D84DZDD5JYOCYH15,0001002047,2013.0,Q2YTD,2012-04-28,2012-10-26,2013-11-26 16:10:29+00:00,netcashfromoperatingactivities,netcashfromcontinuingoperatingactivities,Net Cash From Continuing Operating Activities,+,debit,usd,565600000.0
NetApp Inc,NTAP,QTX3D84DZDD5JYOCYH15,0001002047,2013.0,Q2YTD,2012-04-28,2012-10-26,2013-11-26 16:10:29+00:00,netchangeincash,netcashfromoperatingactivities,Net Cash From Operating Activities,+,debit,usd,565600000.0
NetApp Inc,NTAP,QTX3D84DZDD5JYOCYH15,0001002047,2013.0,Q2YTD,2012-04-28,2012-10-26,2013-11-26 16:10:29+00:00,netcashfromcontinuinginvestingactivities,purchaseofplantpropertyandequipment,"Purchase of Property, Plant & Equipment",+,debit,usd,-129000000.0
NetApp Inc,NTAP,QTX3D84DZDD5JYOCYH15,0001002047,2013.0,Q2YTD,2012-04-28,2012-10-26,2013-11-26 16:10:29+00:00,netcashfromcontinuinginvestingactivities,purchaseofinvestments,Purchase of Investments,+,debit,usd,-1243000000.0
NetApp Inc,NTAP,QTX3D84DZDD5JYOCYH15,0001002047,2013.0,Q2YTD,2012-04-28,2012-10-26,2013-11-26 16:10:29+00:00,netcashfromcontinuinginvestingactivities,saleofinvestments,Sale and/or Maturity of Investments,+,debit,usd,1336400000.0
NetApp Inc,NTAP,QTX3D84DZDD5JYOCYH15,0001002047,2013.0,Q2YTD,2012-04-28,2012-10-26,2013-11-26 16:10:29+00:00,netcashfromcontinuinginvestingactivities,otherinvestingactivitiesnet,"Other Investing Activities, net",+,debit,usd,2800000.0
NetApp Inc,NTAP,QTX3D84DZDD5JYOCYH15,0001002047,2013.0,Q2YTD,2012-04-28,2012-10-26,2013-11-26 16:10:29+00:00,netcashfrominvestingactivities,netcashfromcontinuinginvestingactivities,Net Cash From Continuing Investing Activities,+,debit,usd,-32800000.0
NetApp Inc,NTAP,QTX3D84DZDD5JYOCYH15,0001002047,2013.0,Q2YTD,2012-04-28,2012-10-26,2013-11-26 16:10:29+00:00,netchangeincash,netcashfrominvestingactivities,Net Cash From Investing Activities,+,debit,usd,-32800000.0
NetApp Inc,NTAP,QTX3D84DZDD5JYOCYH15,0001002047,2013.0,Q2YTD,2012-04-28,2012-10-26,2013-11-26 16:10:29+00:00,netcashfromcontinuingfinancingactivities,repaymentofdebt,Repayment of Debt,+,debit,usd,-300000.0
NetApp Inc,NTAP,QTX3D84DZDD5JYOCYH15,0001002047,2013.0,Q2YTD,2012-04-28,2012-10-26,2013-11-26 16:10:29+00:00,netcashfromcontinuingfinancingactivities,repurchaseofcommonequity,Repurchase of Common Equity,+,debit,usd,-348300000.0
NetApp Inc,NTAP,QTX3D84DZDD5JYOCYH15,0001002047,2013.0,Q2YTD,2012-04-28,2012-10-26,2013-11-26 16:10:29+00:00,netcashfromcontinuingfinancingactivities,paymentofdividends,Payment of Dividends,+,debit,usd,0.0
NetApp Inc,NTAP,QTX3D84DZDD5JYOCYH15,0001002047,2013.0,Q2YTD,2012-04-28,2012-10-26,2013-11-26 16:10:29+00:00,netcashfromcontinuingfinancingactivities,issuanceofdebt,Issuance of Debt,+,debit,usd,0.0
NetApp Inc,NTAP,QTX3D84DZDD5JYOCYH15,0001002047,2013.0,Q2YTD,2012-04-28,2012-10-26,2013-11-26 16:10:29+00:00,netcashfromcontinuingfinancingactivities,issuanceofcommonequity,Issuance of Common Equity,+,debit,usd,45100000.0
NetApp Inc,NTAP,QTX3D84DZDD5JYOCYH15,0001002047,2013.0,Q2YTD,2012-04-28,2012-10-26,2013-11-26 16:10:29+00:00,netcashfromcontinuingfinancingactivities,otherfinancingactivitiesnet,"Other Financing Activities, net",+,debit,usd,43600000.0
NetApp Inc,NTAP,QTX3D84DZDD5JYOCYH15,0001002047,2013.0,Q2YTD,2012-04-28,2012-10-26,2013-11-26 16:10:29+00:00,netcashfromfinancingactivities,netcashfromcontinuingfinancingactivities,Net Cash From Continuing Financing Activities,+,debit,usd,-259900000.0
NetApp Inc,NTAP,QTX3D84DZDD5JYOCYH15,0001002047,2013.0,Q2YTD,2012-04-28,2012-10-26,2013-11-26 16:10:29+00:00,netchangeincash,netcashfromfinancingactivities,Net Cash From Financing Activities,+,debit,usd,-259900000.0
NetApp Inc,NTAP,QTX3D84DZDD5JYOCYH15,0001002047,2013.0,Q2YTD,2012-04-28,2012-10-26,2013-11-26 16:10:29+00:00,netchangeincash,effectofexchangeratechanges,Effect of Exchange Rate Changes,+,debit,usd,-5900000.0
NetApp Inc,NTAP,QTX3D84DZDD5JYOCYH15,0001002047,2013.0,Q2YTD,2012-04-28,2012-10-26,2013-11-26 16:10:29+00:00,,netchangeincash,Net Change in Cash & Equivalents,=,debit,usd,267000000.0
NetApp Inc,NTAP,QTX3D84DZDD5JYOCYH15,0001002047,2013.0,Q2TTM,2011-10-29,2012-10-26,,netincomecontinuing,netincome,Consolidated Net Income / (Loss),+,credit,usd,473700000.0
NetApp Inc,NTAP,QTX3D84DZDD5JYOCYH15,0001002047,2013.0,Q2TTM,2011-10-29,2012-10-26,,netcashfromcontinuingoperatingactivities,netincomecontinuing,Net Income / (Loss) Continuing Operations,+,credit,usd,473700000.0
NetApp Inc,NTAP,QTX3D84DZDD5JYOCYH15,0001002047,2013.0,Q2TTM,2011-10-29,2012-10-26,,netcashfromcontinuingoperatingactivities,depreciationexpense,Depreciation Expense,+,debit,usd,325300000.0
NetApp Inc,NTAP,QTX3D84DZDD5JYOCYH15,0001002047,2013.0,Q2TTM,2011-10-29,2012-10-26,,netcashfromcontinuingoperatingactivities,amortizationexpense,Amortization Expense,+,debit,usd,56400000.0
NetApp Inc,NTAP,QTX3D84DZDD5JYOCYH15,0001002047,2013.0,Q2TTM,2011-10-29,2012-10-26,,netcashfromcontinuingoperatingactivities,noncashadjustmentstonetincome,Non-Cash Adjustments To Reconcile Net Income,+,debit,usd,252200000.0
NetApp Inc,NTAP,QTX3D84DZDD5JYOCYH15,0001002047,2013.0,Q2TTM,2011-10-29,2012-10-26,,netcashfromcontinuingoperatingactivities,increasedecreaseinoperatingcapital,"Changes in Operating Assets and Liabilities, net",+,debit,usd,309800000.0
NetApp Inc,NTAP,QTX3D84DZDD5JYOCYH15,0001002047,2013.0,Q2TTM,2011-10-29,2012-10-26,,netcashfromoperatingactivities,netcashfromcontinuingoperatingactivities,Net Cash From Continuing Operating Activities,+,debit,usd,1417400000.0
NetApp Inc,NTAP,QTX3D84DZDD5JYOCYH15,0001002047,2013.0,Q2TTM,2011-10-29,2012-10-26,,netchangeincash,netcashfromoperatingactivities,Net Cash From Operating Activities,+,debit,usd,1417400000.0
NetApp Inc,NTAP,QTX3D84DZDD5JYOCYH15,0001002047,2013.0,Q2TTM,2011-10-29,2012-10-26,,netcashfromcontinuinginvestingactivities,purchaseofplantpropertyandequipment,"Purchase of Property, Plant & Equipment",+,debit,usd,-344500000.0
NetApp Inc,NTAP,QTX3D84DZDD5JYOCYH15,0001002047,2013.0,Q2TTM,2011-10-29,2012-10-26,,netcashfromcontinuinginvestingactivities,purchaseofinvestments,Purchase of Investments,+,debit,usd,-3508800000.0
NetApp Inc,NTAP,QTX3D84DZDD5JYOCYH15,0001002047,2013.0,Q2TTM,2011-10-29,2012-10-26,,netcashfromcontinuinginvestingactivities,saleofinvestments,Sale and/or Maturity of Investments,+,debit,usd,2136900000.0
NetApp Inc,NTAP,QTX3D84DZDD5JYOCYH15,0001002047,2013.0,Q2TTM,2011-10-29,2012-10-26,,netcashfromcontinuinginvestingactivities,otherinvestingactivitiesnet,"Other Investing Activities, net",+,debit,usd,2400000.0
NetApp Inc,NTAP,QTX3D84DZDD5JYOCYH15,0001002047,2013.0,Q2TTM,2011-10-29,2012-10-26,,netcashfrominvestingactivities,netcashfromcontinuinginvestingactivities,Net Cash From Continuing Investing Activities,+,debit,usd,-1714000000.0
NetApp Inc,NTAP,QTX3D84DZDD5JYOCYH15,0001002047,2013.0,Q2TTM,2011-10-29,2012-10-26,,netchangeincash,netcashfrominvestingactivities,Net Cash From Investing Activities,+,debit,usd,-1714000000.0
NetApp Inc,NTAP,QTX3D84DZDD5JYOCYH15,0001002047,2013.0,Q2TTM,2011-10-29,2012-10-26,,netcashfromcontinuingfinancingactivities,repaymentofdebt,Repayment of Debt,+,debit,usd,-300000.0
NetApp Inc,NTAP,QTX3D84DZDD5JYOCYH15,0001002047,2013.0,Q2TTM,2011-10-29,2012-10-26,,netcashfromcontinuingfinancingactivities,repurchaseofcommonequity,Repurchase of Common Equity,+,debit,usd,-348300000.0
NetApp Inc,NTAP,QTX3D84DZDD5JYOCYH15,0001002047,2013.0,Q2TTM,2011-10-29,2012-10-26,,netcashfromcontinuingfinancingactivities,issuanceofdebt,Issuance of Debt,+,debit,usd,-600000.0
NetApp Inc,NTAP,QTX3D84DZDD5JYOCYH15,0001002047,2013.0,Q2TTM,2011-10-29,2012-10-26,,netcashfromcontinuingfinancingactivities,issuanceofcommonequity,Issuance of Common Equity,+,debit,usd,135300000.0
NetApp Inc,NTAP,QTX3D84DZDD5JYOCYH15,0001002047,2013.0,Q2TTM,2011-10-29,2012-10-26,,netcashfromcontinuingfinancingactivities,otherfinancingactivitiesnet,"Other Financing Activities, net",+,debit,usd,72200000.0
NetApp Inc,NTAP,QTX3D84DZDD5JYOCYH15,0001002047,2013.0,Q2TTM,2011-10-29,2012-10-26,,netcashfromfinancingactivities,netcashfromcontinuingfinancingactivities,Net Cash From Continuing Financing Activities,+,debit,usd,-141700000.0
NetApp Inc,NTAP,QTX3D84DZDD5JYOCYH15,0001002047,2013.0,Q2TTM,2011-10-29,2012-10-26,,netchangeincash,netcashfromfinancingactivities,Net Cash From Financing Activities,+,debit,usd,-141700000.0
NetApp Inc,NTAP,QTX3D84DZDD5JYOCYH15,0001002047,2013.0,Q2TTM,2011-10-29,2012-10-26,,netchangeincash,effectofexchangeratechanges,Effect of Exchange Rate Changes,+,debit,usd,-13900000.0
NetApp Inc,NTAP,QTX3D84DZDD5JYOCYH15,0001002047,2013.0,Q2TTM,2011-10-29,2012-10-26,,,netchangeincash,Net Change in Cash & Equivalents,=,debit,usd,-452200000.0
NetApp Inc,NTAP,QTX3D84DZDD5JYOCYH15,0001002047,2013.0,Q2,2012-07-28,2012-10-26,,netincomecontinuing,netincome,Consolidated Net Income / (Loss),+,credit,usd,109600000.0
NetApp Inc,NTAP,QTX3D84DZDD5JYOCYH15,0001002047,2013.0,Q2,2012-07-28,2012-10-26,,netcashfromcontinuingoperatingactivities,netincomecontinuing,Net Income / (Loss) Continuing Operations,+,credit,usd,109600000.0
NetApp Inc,NTAP,QTX3D84DZDD5JYOCYH15,0001002047,2013.0,Q2,2012-07-28,2012-10-26,,netcashfromcontinuingoperatingactivities,depreciationexpense,Depreciation Expense,+,debit,usd,86700000.0
NetApp Inc,NTAP,QTX3D84DZDD5JYOCYH15,0001002047,2013.0,Q2,2012-07-28,2012-10-26,,netcashfromcontinuingoperatingactivities,amortizationexpense,Amortization Expense,+,debit,usd,14400000.0
NetApp Inc,NTAP,QTX3D84DZDD5JYOCYH15,0001002047,2013.0,Q2,2012-07-28,2012-10-26,,netcashfromcontinuingoperatingactivities,noncashadjustmentstonetincome,Non-Cash Adjustments To Reconcile Net Income,+,debit,usd,210200000.0
NetApp Inc,NTAP,QTX3D84DZDD5JYOCYH15,0001002047,2013.0,Q2,2012-07-28,2012-10-26,,netcashfromcontinuingoperatingactivities,increasedecreaseinoperatingcapital,"Changes in Operating Assets and Liabilities, net",+,debit,usd,-84500000.0
NetApp Inc,NTAP,QTX3D84DZDD5JYOCYH15,0001002047,2013.0,Q2,2012-07-28,2012-10-26,,netcashfromoperatingactivities,netcashfromcontinuingoperatingactivities,Net Cash From Continuing Operating Activities,+,debit,usd,336400000.0
NetApp Inc,NTAP,QTX3D84DZDD5JYOCYH15,0001002047,2013.0,Q2,2012-07-28,2012-10-26,,netchangeincash,netcashfromoperatingactivities,Net Cash From Operating Activities,+,debit,usd,336400000.0
NetApp Inc,NTAP,QTX3D84DZDD5JYOCYH15,0001002047,2013.0,Q2,2012-07-28,2012-10-26,,netcashfromcontinuinginvestingactivities,purchaseofplantpropertyandequipment,"Purchase of Property, Plant & Equipment",+,debit,usd,-67100000.0
NetApp Inc,NTAP,QTX3D84DZDD5JYOCYH15,0001002047,2013.0,Q2,2012-07-28,2012-10-26,,netcashfromcontinuinginvestingactivities,purchaseofinvestments,Purchase of Investments,+,debit,usd,-615000000.0
NetApp Inc,NTAP,QTX3D84DZDD5JYOCYH15,0001002047,2013.0,Q2,2012-07-28,2012-10-26,,netcashfromcontinuinginvestingactivities,saleofinvestments,Sale and/or Maturity of Investments,+,debit,usd,774500000.0
NetApp Inc,NTAP,QTX3D84DZDD5JYOCYH15,0001002047,2013.0,Q2,2012-07-28,2012-10-26,,netcashfromcontinuinginvestingactivities,otherinvestingactivitiesnet,"Other Investing Activities, net",+,debit,usd,1500000.0
NetApp Inc,NTAP,QTX3D84DZDD5JYOCYH15,0001002047,2013.0,Q2,2012-07-28,2012-10-26,,netcashfrominvestingactivities,netcashfromcontinuinginvestingactivities,Net Cash From Continuing Investing Activities,+,debit,usd,93900000.0
NetApp Inc,NTAP,QTX3D84DZDD5JYOCYH15,0001002047,2013.0,Q2,2012-07-28,2012-10-26,,netchangeincash,netcashfrominvestingactivities,Net Cash From Investing Activities,+,debit,usd,93900000.0
NetApp Inc,NTAP,QTX3D84DZDD5JYOCYH15,0001002047,2013.0,Q2,2012-07-28,2012-10-26,,netcashfromcontinuingfinancingactivities,repaymentofdebt,Repayment of Debt,+,debit,usd,1700000.0
NetApp Inc,NTAP,QTX3D84DZDD5JYOCYH15,0001002047,2013.0,Q2,2012-07-28,2012-10-26,,netcashfromcontinuingfinancingactivities,repurchaseofcommonequity,Repurchase of Common Equity,+,debit,usd,-198300000.0
NetApp Inc,NTAP,QTX3D84DZDD5JYOCYH15,0001002047,2013.0,Q2,2012-07-28,2012-10-26,,netcashfromcontinuingfinancingactivities,issuanceofcommonequity,Issuance of Common Equity,+,debit,usd,10100000.0
NetApp Inc,NTAP,QTX3D84DZDD5JYOCYH15,0001002047,2013.0,Q2,2012-07-28,2012-10-26,,netcashfromcontinuingfinancingactivities,otherfinancingactivitiesnet,"Other Financing Activities, net",+,debit,usd,38700000.0
NetApp Inc,NTAP,QTX3D84DZDD5JYOCYH15,0001002047,2013.0,Q2,2012-07-28,2012-10-26,,netcashfromfinancingactivities,netcashfromcontinuingfinancingactivities,Net Cash From Continuing Financing Activities,+,debit,usd,-147800000.0
NetApp Inc,NTAP,QTX3D84DZDD5JYOCYH15,0001002047,2013.0,Q2,2012-07-28,2012-10-26,,netchangeincash,netcashfromfinancingactivities,Net Cash From Financing Activities,+,debit,usd,-147800000.0
NetApp Inc,NTAP,QTX3D84DZDD5JYOCYH15,0001002047,2013.0,Q2,2012-07-28,2012-10-26,,netchangeincash,effectofexchangeratechanges,Effect of Exchange Rate Changes,+,debit,usd,4900000.0
NetApp Inc,NTAP,QTX3D84DZDD5JYOCYH15,0001002047,2013.0,Q2,2012-07-28,2012-10-26,,,netchangeincash,Net Change in Cash & Equivalents,=,debit,usd,287400000.0
NetApp Inc,NTAP,QTX3D84DZDD5JYOCYH15,0001002047,2013.0,Q1TTM,2011-07-30,2012-07-27,,netincomecontinuing,netincome,Consolidated Net Income / (Loss),+,credit,usd,529700000.0
NetApp Inc,NTAP,QTX3D84DZDD5JYOCYH15,0001002047,2013.0,Q1TTM,2011-07-30,2012-07-27,,netcashfromcontinuingoperatingactivities,netincomecontinuing,Net Income / (Loss) Continuing Operations,+,credit,usd,529700000.0
NetApp Inc,NTAP,QTX3D84DZDD5JYOCYH15,0001002047,2013.0,Q1TTM,2011-07-30,2012-07-27,,netcashfromcontinuingoperatingactivities,depreciationexpense,Depreciation Expense,+,debit,usd,307000000.0
NetApp Inc,NTAP,QTX3D84DZDD5JYOCYH15,0001002047,2013.0,Q1TTM,2011-07-30,2012-07-27,,netcashfromcontinuingoperatingactivities,amortizationexpense,Amortization Expense,+,debit,usd,53500000.0
NetApp Inc,NTAP,QTX3D84DZDD5JYOCYH15,0001002047,2013.0,Q1TTM,2011-07-30,2012-07-27,,netcashfromcontinuingoperatingactivities,noncashadjustmentstonetincome,Non-Cash Adjustments To Reconcile Net Income,+,debit,usd,355100000.0
NetApp Inc,NTAP,QTX3D84DZDD5JYOCYH15,0001002047,2013.0,Q1TTM,2011-07-30,2012-07-27,,netcashfromcontinuingoperatingactivities,increasedecreaseinoperatingcapital,"Changes in Operating Assets and Liabilities, net",+,debit,usd,205900000.0
NetApp Inc,NTAP,QTX3D84DZDD5JYOCYH15,0001002047,2013.0,Q1TTM,2011-07-30,2012-07-27,,netcashfromoperatingactivities,netcashfromcontinuingoperatingactivities,Net Cash From Continuing Operating Activities,+,debit,usd,1451200000.0
NetApp Inc,NTAP,QTX3D84DZDD5JYOCYH15,0001002047,2013.0,Q1TTM,2011-07-30,2012-07-27,,netchangeincash,netcashfromoperatingactivities,Net Cash From Operating Activities,+,debit,usd,1451200000.0
NetApp Inc,NTAP,QTX3D84DZDD5JYOCYH15,0001002047,2013.0,Q1TTM,2011-07-30,2012-07-27,,netcashfromcontinuinginvestingactivities,purchaseofplantpropertyandequipment,"Purchase of Property, Plant & Equipment",+,debit,usd,-370700000.0
NetApp Inc,NTAP,QTX3D84DZDD5JYOCYH15,0001002047,2013.0,Q1TTM,2011-07-30,2012-07-27,,netcashfromcontinuinginvestingactivities,purchaseofinvestments,Purchase of Investments,+,debit,usd,-3635500000.0
NetApp Inc,NTAP,QTX3D84DZDD5JYOCYH15,0001002047,2013.0,Q1TTM,2011-07-30,2012-07-27,,netcashfromcontinuinginvestingactivities,saleofinvestments,Sale and/or Maturity of Investments,+,debit,usd,1898700000.0
NetApp Inc,NTAP,QTX3D84DZDD5JYOCYH15,0001002047,2013.0,Q1TTM,2011-07-30,2012-07-27,,netcashfromcontinuinginvestingactivities,otherinvestingactivitiesnet,"Other Investing Activities, net",+,debit,usd,1200000.0
NetApp Inc,NTAP,QTX3D84DZDD5JYOCYH15,0001002047,2013.0,Q1TTM,2011-07-30,2012-07-27,,netcashfrominvestingactivities,netcashfromcontinuinginvestingactivities,Net Cash From Continuing Investing Activities,+,debit,usd,-2106300000.0
NetApp Inc,NTAP,QTX3D84DZDD5JYOCYH15,0001002047,2013.0,Q1TTM,2011-07-30,2012-07-27,,netchangeincash,netcashfrominvestingactivities,Net Cash From Investing Activities,+,debit,usd,-2106300000.0
NetApp Inc,NTAP,QTX3D84DZDD5JYOCYH15,0001002047,2013.0,Q1TTM,2011-07-30,2012-07-27,,netcashfromcontinuingfinancingactivities,repaymentofdebt,Repayment of Debt,+,debit,usd,-2000000.0
NetApp Inc,NTAP,QTX3D84DZDD5JYOCYH15,0001002047,2013.0,Q1TTM,2011-07-30,2012-07-27,,netcashfromcontinuingfinancingactivities,repurchaseofcommonequity,Repurchase of Common Equity,+,debit,usd,-550000000.0
NetApp Inc,NTAP,QTX3D84DZDD5JYOCYH15,0001002047,2013.0,Q1TTM,2011-07-30,2012-07-27,,netcashfromcontinuingfinancingactivities,issuanceofdebt,Issuance of Debt,+,debit,usd,700000.0
NetApp Inc,NTAP,QTX3D84DZDD5JYOCYH15,0001002047,2013.0,Q1TTM,2011-07-30,2012-07-27,,netcashfromcontinuingfinancingactivities,issuanceofcommonequity,Issuance of Common Equity,+,debit,usd,130500000.0
NetApp Inc,NTAP,QTX3D84DZDD5JYOCYH15,0001002047,2013.0,Q1TTM,2011-07-30,2012-07-27,,netcashfromcontinuingfinancingactivities,otherfinancingactivitiesnet,"Other Financing Activities, net",+,debit,usd,86100000.0
NetApp Inc,NTAP,QTX3D84DZDD5JYOCYH15,0001002047,2013.0,Q1TTM,2011-07-30,2012-07-27,,netcashfromfinancingactivities,netcashfromcontinuingfinancingactivities,Net Cash From Continuing Financing Activities,+,debit,usd,-334700000.0
NetApp Inc,NTAP,QTX3D84DZDD5JYOCYH15,0001002047,2013.0,Q1TTM,2011-07-30,2012-07-27,,netchangeincash,netcashfromfinancingactivities,Net Cash From Financing Activities,+,debit,usd,-334700000.0
NetApp Inc,NTAP,QTX3D84DZDD5JYOCYH15,0001002047,2013.0,Q1TTM,2011-07-30,2012-07-27,,netchangeincash,effectofexchangeratechanges,Effect of Exchange Rate Changes,+,debit,usd,-24000000.0
NetApp Inc,NTAP,QTX3D84DZDD5JYOCYH15,0001002047,2013.0,Q1TTM,2011-07-30,2012-07-27,,,netchangeincash,Net Change in Cash & Equivalents,=,debit,usd,-1013800000.0
NetApp Inc,NTAP,QTX3D84DZDD5JYOCYH15,0001002047,2014.0,FY,2013-04-27,2014-04-25,2015-06-12 16:06:31+00:00,netincomecontinuing,netincome,Consolidated Net Income / (Loss),+,credit,usd,637500000.0
NetApp Inc,NTAP,QTX3D84DZDD5JYOCYH15,0001002047,2014.0,FY,2013-04-27,2014-04-25,2015-06-12 16:06:31+00:00,netcashfromcontinuingoperatingactivities,netincomecontinuing,Net Income / (Loss) Continuing Operations,+,credit,usd,637500000.0
NetApp Inc,NTAP,QTX3D84DZDD5JYOCYH15,0001002047,2014.0,FY,2013-04-27,2014-04-25,2015-06-12 16:06:31+00:00,netcashfromcontinuingoperatingactivities,depreciationexpense,Depreciation Expense,+,debit,usd,334100000.0
NetApp Inc,NTAP,QTX3D84DZDD5JYOCYH15,0001002047,2014.0,FY,2013-04-27,2014-04-25,2015-06-12 16:06:31+00:00,netcashfromcontinuingoperatingactivities,amortizationexpense,Amortization Expense,+,debit,usd,9700000.0
NetApp Inc,NTAP,QTX3D84DZDD5JYOCYH15,0001002047,2014.0,FY,2013-04-27,2014-04-25,2015-06-12 16:06:31+00:00,netcashfromcontinuingoperatingactivities,noncashadjustmentstonetincome,Non-Cash Adjustments To Reconcile Net Income,+,debit,usd,307900000.0
NetApp Inc,NTAP,QTX3D84DZDD5JYOCYH15,0001002047,2014.0,FY,2013-04-27,2014-04-25,2015-06-12 16:06:31+00:00,netcashfromcontinuingoperatingactivities,increasedecreaseinoperatingcapital,"Changes in Operating Assets and Liabilities, net",+,debit,usd,60200000.0
NetApp Inc,NTAP,QTX3D84DZDD5JYOCYH15,0001002047,2014.0,FY,2013-04-27,2014-04-25,2015-06-12 16:06:31+00:00,netcashfromoperatingactivities,netcashfromcontinuingoperatingactivities,Net Cash From Continuing Operating Activities,+,debit,usd,1349600000.0
NetApp Inc,NTAP,QTX3D84DZDD5JYOCYH15,0001002047,2014.0,FY,2013-04-27,2014-04-25,2015-06-12 16:06:31+00:00,netchangeincash,netcashfromoperatingactivities,Net Cash From Operating Activities,+,debit,usd,1349600000.0
NetApp Inc,NTAP,QTX3D84DZDD5JYOCYH15,0001002047,2014.0,FY,2013-04-27,2014-04-25,2015-06-12 16:06:31+00:00,netcashfromcontinuinginvestingactivities,purchaseofplantpropertyandequipment,"Purchase of Property, Plant & Equipment",+,debit,usd,-221400000.0
NetApp Inc,NTAP,QTX3D84DZDD5JYOCYH15,0001002047,2014.0,FY,2013-04-27,2014-04-25,2015-06-12 16:06:31+00:00,netcashfromcontinuinginvestingactivities,acquisitions,Acquisitions,+,debit,usd,0.0
NetApp Inc,NTAP,QTX3D84DZDD5JYOCYH15,0001002047,2014.0,FY,2013-04-27,2014-04-25,2015-06-12 16:06:31+00:00,netcashfromcontinuinginvestingactivities,purchaseofinvestments,Purchase of Investments,+,debit,usd,-1018500000.0
NetApp Inc,NTAP,QTX3D84DZDD5JYOCYH15,0001002047,2014.0,FY,2013-04-27,2014-04-25,2015-06-12 16:06:31+00:00,netcashfromcontinuinginvestingactivities,saleofinvestments,Sale and/or Maturity of Investments,+,debit,usd,1993500000.0
NetApp Inc,NTAP,QTX3D84DZDD5JYOCYH15,0001002047,2014.0,FY,2013-04-27,2014-04-25,2015-06-12 16:06:31+00:00,netcashfromcontinuinginvestingactivities,otherinvestingactivitiesnet,"Other Investing Activities, net",+,debit,usd,6800000.0
NetApp Inc,NTAP,QTX3D84DZDD5JYOCYH15,0001002047,2014.0,FY,2013-04-27,2014-04-25,2015-06-12 16:06:31+00:00,netcashfrominvestingactivities,netcashfromcontinuinginvestingactivities,Net Cash From Continuing Investing Activities,+,debit,usd,760400000.0
NetApp Inc,NTAP,QTX3D84DZDD5JYOCYH15,0001002047,2014.0,FY,2013-04-27,2014-04-25,2015-06-12 16:06:31+00:00,netchangeincash,netcashfrominvestingactivities,Net Cash From Investing Activities,+,debit,usd,760400000.0
NetApp Inc,NTAP,QTX3D84DZDD5JYOCYH15,0001002047,2014.0,FY,2013-04-27,2014-04-25,2015-06-12 16:06:31+00:00,netcashfromcontinuingfinancingactivities,repaymentofdebt,Repayment of Debt,+,debit,usd,-1274100000.0
NetApp Inc,NTAP,QTX3D84DZDD5JYOCYH15,0001002047,2014.0,FY,2013-04-27,2014-04-25,2015-06-12 16:06:31+00:00,netcashfromcontinuingfinancingactivities,repurchaseofcommonequity,Repurchase of Common Equity,+,debit,usd,-1881500000.0
NetApp Inc,NTAP,QTX3D84DZDD5JYOCYH15,0001002047,2014.0,FY,2013-04-27,2014-04-25,2015-06-12 16:06:31+00:00,netcashfromcontinuingfinancingactivities,paymentofdividends,Payment of Dividends,+,debit,usd,-202300000.0
NetApp Inc,NTAP,QTX3D84DZDD5JYOCYH15,0001002047,2014.0,FY,2013-04-27,2014-04-25,2015-06-12 16:06:31+00:00,netcashfromcontinuingfinancingactivities,issuanceofdebt,Issuance of Debt,+,debit,usd,0.0
NetApp Inc,NTAP,QTX3D84DZDD5JYOCYH15,0001002047,2014.0,FY,2013-04-27,2014-04-25,2015-06-12 16:06:31+00:00,netcashfromcontinuingfinancingactivities,issuanceofcommonequity,Issuance of Common Equity,+,debit,usd,201400000.0
NetApp Inc,NTAP,QTX3D84DZDD5JYOCYH15,0001002047,2014.0,FY,2013-04-27,2014-04-25,2015-06-12 16:06:31+00:00,netcashfromcontinuingfinancingactivities,otherfinancingactivitiesnet,"Other Financing Activities, net",+,debit,usd,52500000.0
NetApp Inc,NTAP,QTX3D84DZDD5JYOCYH15,0001002047,2014.0,FY,2013-04-27,2014-04-25,2015-06-12 16:06:31+00:00,netcashfromfinancingactivities,netcashfromcontinuingfinancingactivities,Net Cash From Continuing Financing Activities,+,debit,usd,-3104000000.0
NetApp Inc,NTAP,QTX3D84DZDD5JYOCYH15,0001002047,2014.0,FY,2013-04-27,2014-04-25,2015-06-12 16:06:31+00:00,netchangeincash,netcashfromfinancingactivities,Net Cash From Financing Activities,+,debit,usd,-3104000000.0
NetApp Inc,NTAP,QTX3D84DZDD5JYOCYH15,0001002047,2014.0,FY,2013-04-27,2014-04-25,2015-06-12 16:06:31+00:00,netchangeincash,effectofexchangeratechanges,Effect of Exchange Rate Changes,+,debit,usd,7900000.0
NetApp Inc,NTAP,QTX3D84DZDD5JYOCYH15,0001002047,2014.0,FY,2013-04-27,2014-04-25,2015-06-12 16:06:31+00:00,,netchangeincash,Net Change in Cash & Equivalents,=,debit,usd,-986100000.0
NetApp Inc,NTAP,QTX3D84DZDD5JYOCYH15,0001002047,2014.0,Q4,2014-01-25,2014-04-25,,netincomecontinuing,netincome,Consolidated Net Income / (Loss),+,credit,usd,197000000.0
NetApp Inc,NTAP,QTX3D84DZDD5JYOCYH15,0001002047,2014.0,Q4,2014-01-25,2014-04-25,,netcashfromcontinuingoperatingactivities,netincomecontinuing,Net Income / (Loss) Continuing Operations,+,credit,usd,197000000.0
NetApp Inc,NTAP,QTX3D84DZDD5JYOCYH15,0001002047,2014.0,Q4,2014-01-25,2014-04-25,,netcashfromcontinuingoperatingactivities,depreciationexpense,Depreciation Expense,+,debit,usd,82100000.0
NetApp Inc,NTAP,QTX3D84DZDD5JYOCYH15,0001002047,2014.0,Q4,2014-01-25,2014-04-25,,netcashfromcontinuingoperatingactivities,amortizationexpense,Amortization Expense,+,debit,usd,9700000.0
NetApp Inc,NTAP,QTX3D84DZDD5JYOCYH15,0001002047,2014.0,Q4,2014-01-25,2014-04-25,,netcashfromcontinuingoperatingactivities,noncashadjustmentstonetincome,Non-Cash Adjustments To Reconcile Net Income,+,debit,usd,127000000.0
NetApp Inc,NTAP,QTX3D84DZDD5JYOCYH15,0001002047,2014.0,Q4,2014-01-25,2014-04-25,,netcashfromcontinuingoperatingactivities,increasedecreaseinoperatingcapital,"Changes in Operating Assets and Liabilities, net",+,debit,usd,-46500000.0
NetApp Inc,NTAP,QTX3D84DZDD5JYOCYH15,0001002047,2014.0,Q4,2014-01-25,2014-04-25,,netcashfromoperatingactivities,netcashfromcontinuingoperatingactivities,Net Cash From Continuing Operating Activities,+,debit,usd,369500000.0
NetApp Inc,NTAP,QTX3D84DZDD5JYOCYH15,0001002047,2014.0,Q4,2014-01-25,2014-04-25,,netchangeincash,netcashfromoperatingactivities,Net Cash From Operating Activities,+,debit,usd,369500000.0
NetApp Inc,NTAP,QTX3D84DZDD5JYOCYH15,0001002047,2014.0,Q4,2014-01-25,2014-04-25,,netcashfromcontinuinginvestingactivities,purchaseofplantpropertyandequipment,"Purchase of Property, Plant & Equipment",+,debit,usd,-56000000.0
NetApp Inc,NTAP,QTX3D84DZDD5JYOCYH15,0001002047,2014.0,Q4,2014-01-25,2014-04-25,,netcashfromcontinuinginvestingactivities,purchaseofinvestments,Purchase of Investments,+,debit,usd,-317200000.0
NetApp Inc,NTAP,QTX3D84DZDD5JYOCYH15,0001002047,2014.0,Q4,2014-01-25,2014-04-25,,netcashfromcontinuinginvestingactivities,saleofinvestments,Sale and/or Maturity of Investments,+,debit,usd,529500000.0
NetApp Inc,NTAP,QTX3D84DZDD5JYOCYH15,0001002047,2014.0,Q4,2014-01-25,2014-04-25,,netcashfromcontinuinginvestingactivities,otherinvestingactivitiesnet,"Other Investing Activities, net",+,debit,usd,4200000.0
NetApp Inc,NTAP,QTX3D84DZDD5JYOCYH15,0001002047,2014.0,Q4,2014-01-25,2014-04-25,,netcashfrominvestingactivities,netcashfromcontinuinginvestingactivities,Net Cash From Continuing Investing Activities,+,debit,usd,160500000.0
NetApp Inc,NTAP,QTX3D84DZDD5JYOCYH15,0001002047,2014.0,Q4,2014-01-25,2014-04-25,,netchangeincash,netcashfrominvestingactivities,Net Cash From Investing Activities,+,debit,usd,160500000.0
NetApp Inc,NTAP,QTX3D84DZDD5JYOCYH15,0001002047,2014.0,Q4,2014-01-25,2014-04-25,,netcashfromcontinuingfinancingactivities,repaymentofdebt,Repayment of Debt,+,debit,usd,-1700000.0
NetApp Inc,NTAP,QTX3D84DZDD5JYOCYH15,0001002047,2014.0,Q4,2014-01-25,2014-04-25,,netcashfromcontinuingfinancingactivities,repurchaseofcommonequity,Repurchase of Common Equity,+,debit,usd,-374500000.0
NetApp Inc,NTAP,QTX3D84DZDD5JYOCYH15,0001002047,2014.0,Q4,2014-01-25,2014-04-25,,netcashfromcontinuingfinancingactivities,paymentofdividends,Payment of Dividends,+,debit,usd,-49200000.0
NetApp Inc,NTAP,QTX3D84DZDD5JYOCYH15,0001002047,2014.0,Q4,2014-01-25,2014-04-25,,netcashfromcontinuingfinancingactivities,issuanceofcommonequity,Issuance of Common Equity,+,debit,usd,9600000.0
NetApp Inc,NTAP,QTX3D84DZDD5JYOCYH15,0001002047,2014.0,Q4,2014-01-25,2014-04-25,,netcashfromcontinuingfinancingactivities,otherfinancingactivitiesnet,"Other Financing Activities, net",+,debit,usd,19100000.0
NetApp Inc,NTAP,QTX3D84DZDD5JYOCYH15,0001002047,2014.0,Q4,2014-01-25,2014-04-25,,netcashfromfinancingactivities,netcashfromcontinuingfinancingactivities,Net Cash From Continuing Financing Activities,+,debit,usd,-396700000.0
NetApp Inc,NTAP,QTX3D84DZDD5JYOCYH15,0001002047,2014.0,Q4,2014-01-25,2014-04-25,,netchangeincash,netcashfromfinancingactivities,Net Cash From Financing Activities,+,debit,usd,-396700000.0
NetApp Inc,NTAP,QTX3D84DZDD5JYOCYH15,0001002047,2014.0,Q4,2014-01-25,2014-04-25,,netchangeincash,effectofexchangeratechanges,Effect of Exchange Rate Changes,+,debit,usd,5000000.0
NetApp Inc,NTAP,QTX3D84DZDD5JYOCYH15,0001002047,2014.0,Q4,2014-01-25,2014-04-25,,,netchangeincash,Net Change in Cash & Equivalents,=,debit,usd,138300000.0
NetApp Inc,NTAP,QTX3D84DZDD5JYOCYH15,0001002047,2014.0,Q3TTM,2013-01-26,2014-01-24,,netincomecontinuing,netincome,Consolidated Net Income / (Loss),+,credit,usd,614300000.0
NetApp Inc,NTAP,QTX3D84DZDD5JYOCYH15,0001002047,2014.0,Q3TTM,2013-01-26,2014-01-24,,netcashfromcontinuingoperatingactivities,netincomecontinuing,Net Income / (Loss) Continuing Operations,+,credit,usd,614300000.0
NetApp Inc,NTAP,QTX3D84DZDD5JYOCYH15,0001002047,2014.0,Q3TTM,2013-01-26,2014-01-24,,netcashfromcontinuingoperatingactivities,depreciationexpense,Depreciation Expense,+,debit,usd,341100000.0
NetApp Inc,NTAP,QTX3D84DZDD5JYOCYH15,0001002047,2014.0,Q3TTM,2013-01-26,2014-01-24,,netcashfromcontinuingoperatingactivities,amortizationexpense,Amortization Expense,+,debit,usd,16200000.0
NetApp Inc,NTAP,QTX3D84DZDD5JYOCYH15,0001002047,2014.0,Q3TTM,2013-01-26,2014-01-24,,netcashfromcontinuingoperatingactivities,noncashadjustmentstonetincome,Non-Cash Adjustments To Reconcile Net Income,+,debit,usd,335700000.0
NetApp Inc,NTAP,QTX3D84DZDD5JYOCYH15,0001002047,2014.0,Q3TTM,2013-01-26,2014-01-24,,netcashfromcontinuingoperatingactivities,increasedecreaseinoperatingcapital,"Changes in Operating Assets and Liabilities, net",+,debit,usd,128400000.0
NetApp Inc,NTAP,QTX3D84DZDD5JYOCYH15,0001002047,2014.0,Q3TTM,2013-01-26,2014-01-24,,netcashfromoperatingactivities,netcashfromcontinuingoperatingactivities,Net Cash From Continuing Operating Activities,+,debit,usd,1435700000.0
NetApp Inc,NTAP,QTX3D84DZDD5JYOCYH15,0001002047,2014.0,Q3TTM,2013-01-26,2014-01-24,,netchangeincash,netcashfromoperatingactivities,Net Cash From Operating Activities,+,debit,usd,1435700000.0
NetApp Inc,NTAP,QTX3D84DZDD5JYOCYH15,0001002047,2014.0,Q3TTM,2013-01-26,2014-01-24,,netcashfromcontinuinginvestingactivities,purchaseofplantpropertyandequipment,"Purchase of Property, Plant & Equipment",+,debit,usd,-229000000.0
NetApp Inc,NTAP,QTX3D84DZDD5JYOCYH15,0001002047,2014.0,Q3TTM,2013-01-26,2014-01-24,,netcashfromcontinuinginvestingactivities,acquisitions,Acquisitions,+,debit,usd,-17100000.0
NetApp Inc,NTAP,QTX3D84DZDD5JYOCYH15,0001002047,2014.0,Q3TTM,2013-01-26,2014-01-24,,netcashfromcontinuinginvestingactivities,purchaseofinvestments,Purchase of Investments,+,debit,usd,-1440700000.0
NetApp Inc,NTAP,QTX3D84DZDD5JYOCYH15,0001002047,2014.0,Q3TTM,2013-01-26,2014-01-24,,netcashfromcontinuinginvestingactivities,saleofinvestments,Sale and/or Maturity of Investments,+,debit,usd,2176300000.0
NetApp Inc,NTAP,QTX3D84DZDD5JYOCYH15,0001002047,2014.0,Q3TTM,2013-01-26,2014-01-24,,netcashfromcontinuinginvestingactivities,otherinvestingactivitiesnet,"Other Investing Activities, net",+,debit,usd,3800000.0
NetApp Inc,NTAP,QTX3D84DZDD5JYOCYH15,0001002047,2014.0,Q3TTM,2013-01-26,2014-01-24,,netcashfrominvestingactivities,netcashfromcontinuinginvestingactivities,Net Cash From Continuing Investing Activities,+,debit,usd,493300000.0
NetApp Inc,NTAP,QTX3D84DZDD5JYOCYH15,0001002047,2014.0,Q3TTM,2013-01-26,2014-01-24,,netchangeincash,netcashfrominvestingactivities,Net Cash From Investing Activities,+,debit,usd,493300000.0
NetApp Inc,NTAP,QTX3D84DZDD5JYOCYH15,0001002047,2014.0,Q3TTM,2013-01-26,2014-01-24,,netcashfromcontinuingfinancingactivities,repaymentofdebt,Repayment of Debt,+,debit,usd,-1273600000.0
NetApp Inc,NTAP,QTX3D84DZDD5JYOCYH15,0001002047,2014.0,Q3TTM,2013-01-26,2014-01-24,,netcashfromcontinuingfinancingactivities,repurchaseofcommonequity,Repurchase of Common Equity,+,debit,usd,-1687000000.0
NetApp Inc,NTAP,QTX3D84DZDD5JYOCYH15,0001002047,2014.0,Q3TTM,2013-01-26,2014-01-24,,netcashfromcontinuingfinancingactivities,paymentofdividends,Payment of Dividends,+,debit,usd,-153100000.0
NetApp Inc,NTAP,QTX3D84DZDD5JYOCYH15,0001002047,2014.0,Q3TTM,2013-01-26,2014-01-24,,netcashfromcontinuingfinancingactivities,issuanceofcommonequity,Issuance of Common Equity,+,debit,usd,206900000.0
NetApp Inc,NTAP,QTX3D84DZDD5JYOCYH15,0001002047,2014.0,Q3TTM,2013-01-26,2014-01-24,,netcashfromcontinuingfinancingactivities,otherfinancingactivitiesnet,"Other Financing Activities, net",+,debit,usd,53300000.0
NetApp Inc,NTAP,QTX3D84DZDD5JYOCYH15,0001002047,2014.0,Q3TTM,2013-01-26,2014-01-24,,netcashfromfinancingactivities,netcashfromcontinuingfinancingactivities,Net Cash From Continuing Financing Activities,+,debit,usd,-2853500000.0
NetApp Inc,NTAP,QTX3D84DZDD5JYOCYH15,0001002047,2014.0,Q3TTM,2013-01-26,2014-01-24,,netchangeincash,netcashfromfinancingactivities,Net Cash From Financing Activities,+,debit,usd,-2853500000.0
NetApp Inc,NTAP,QTX3D84DZDD5JYOCYH15,0001002047,2014.0,Q3TTM,2013-01-26,2014-01-24,,netchangeincash,effectofexchangeratechanges,Effect of Exchange Rate Changes,+,debit,usd,-4500000.0
NetApp Inc,NTAP,QTX3D84DZDD5JYOCYH15,0001002047,2014.0,Q3TTM,2013-01-26,2014-01-24,,,netchangeincash,Net Change in Cash & Equivalents,=,debit,usd,-929000000.0
NetApp Inc,NTAP,QTX3D84DZDD5JYOCYH15,0001002047,2014.0,Q3,2013-10-26,2014-01-24,,netincomecontinuing,netincome,Consolidated Net Income / (Loss),+,credit,usd,192100000.0
NetApp Inc,NTAP,QTX3D84DZDD5JYOCYH15,0001002047,2014.0,Q3,2013-10-26,2014-01-24,,netcashfromcontinuingoperatingactivities,netincomecontinuing,Net Income / (Loss) Continuing Operations,+,credit,usd,192100000.0
NetApp Inc,NTAP,QTX3D84DZDD5JYOCYH15,0001002047,2014.0,Q3,2013-10-26,2014-01-24,,netcashfromcontinuingoperatingactivities,depreciationexpense,Depreciation Expense,+,debit,usd,83600000.0
NetApp Inc,NTAP,QTX3D84DZDD5JYOCYH15,0001002047,2014.0,Q3,2013-10-26,2014-01-24,,netcashfromcontinuingoperatingactivities,noncashadjustmentstonetincome,Non-Cash Adjustments To Reconcile Net Income,+,debit,usd,64200000.0
NetApp Inc,NTAP,QTX3D84DZDD5JYOCYH15,0001002047,2014.0,Q3,2013-10-26,2014-01-24,,netcashfromcontinuingoperatingactivities,increasedecreaseinoperatingcapital,"Changes in Operating Assets and Liabilities, net",+,debit,usd,-8100000.0
NetApp Inc,NTAP,QTX3D84DZDD5JYOCYH15,0001002047,2014.0,Q3,2013-10-26,2014-01-24,,netcashfromoperatingactivities,netcashfromcontinuingoperatingactivities,Net Cash From Continuing Operating Activities,+,debit,usd,331800000.0
NetApp Inc,NTAP,QTX3D84DZDD5JYOCYH15,0001002047,2014.0,Q3,2013-10-26,2014-01-24,,netchangeincash,netcashfromoperatingactivities,Net Cash From Operating Activities,+,debit,usd,331800000.0
NetApp Inc,NTAP,QTX3D84DZDD5JYOCYH15,0001002047,2014.0,Q3,2013-10-26,2014-01-24,,netcashfromcontinuinginvestingactivities,purchaseofplantpropertyandequipment,"Purchase of Property, Plant & Equipment",+,debit,usd,-57900000.0
NetApp Inc,NTAP,QTX3D84DZDD5JYOCYH15,0001002047,2014.0,Q3,2013-10-26,2014-01-24,,netcashfromcontinuinginvestingactivities,purchaseofinvestments,Purchase of Investments,+,debit,usd,-225200000.0
NetApp Inc,NTAP,QTX3D84DZDD5JYOCYH15,0001002047,2014.0,Q3,2013-10-26,2014-01-24,,netcashfromcontinuinginvestingactivities,saleofinvestments,Sale and/or Maturity of Investments,+,debit,usd,315800000.0
NetApp Inc,NTAP,QTX3D84DZDD5JYOCYH15,0001002047,2014.0,Q3,2013-10-26,2014-01-24,,netcashfromcontinuinginvestingactivities,otherinvestingactivitiesnet,"Other Investing Activities, net",+,debit,usd,-800000.0
NetApp Inc,NTAP,QTX3D84DZDD5JYOCYH15,0001002047,2014.0,Q3,2013-10-26,2014-01-24,,netcashfrominvestingactivities,netcashfromcontinuinginvestingactivities,Net Cash From Continuing Investing Activities,+,debit,usd,31900000.0
NetApp Inc,NTAP,QTX3D84DZDD5JYOCYH15,0001002047,2014.0,Q3,2013-10-26,2014-01-24,,netchangeincash,netcashfrominvestingactivities,Net Cash From Investing Activities,+,debit,usd,31900000.0
NetApp Inc,NTAP,QTX3D84DZDD5JYOCYH15,0001002047,2014.0,Q3,2013-10-26,2014-01-24,,netcashfromcontinuingfinancingactivities,repaymentofdebt,Repayment of Debt,+,debit,usd,-1800000.0
NetApp Inc,NTAP,QTX3D84DZDD5JYOCYH15,0001002047,2014.0,Q3,2013-10-26,2014-01-24,,netcashfromcontinuingfinancingactivities,repurchaseofcommonequity,Repurchase of Common Equity,+,debit,usd,-507000000.0
NetApp Inc,NTAP,QTX3D84DZDD5JYOCYH15,0001002047,2014.0,Q3,2013-10-26,2014-01-24,,netcashfromcontinuingfinancingactivities,paymentofdividends,Payment of Dividends,+,debit,usd,-50400000.0
NetApp Inc,NTAP,QTX3D84DZDD5JYOCYH15,0001002047,2014.0,Q3,2013-10-26,2014-01-24,,netcashfromcontinuingfinancingactivities,issuanceofcommonequity,Issuance of Common Equity,+,debit,usd,67900000.0
NetApp Inc,NTAP,QTX3D84DZDD5JYOCYH15,0001002047,2014.0,Q3,2013-10-26,2014-01-24,,netcashfromcontinuingfinancingactivities,otherfinancingactivitiesnet,"Other Financing Activities, net",+,debit,usd,23900000.0
NetApp Inc,NTAP,QTX3D84DZDD5JYOCYH15,0001002047,2014.0,Q3,2013-10-26,2014-01-24,,netcashfromfinancingactivities,netcashfromcontinuingfinancingactivities,Net Cash From Continuing Financing Activities,+,debit,usd,-467400000.0
NetApp Inc,NTAP,QTX3D84DZDD5JYOCYH15,0001002047,2014.0,Q3,2013-10-26,2014-01-24,,netchangeincash,netcashfromfinancingactivities,Net Cash From Financing Activities,+,debit,usd,-467400000.0
NetApp Inc,NTAP,QTX3D84DZDD5JYOCYH15,0001002047,2014.0,Q3,2013-10-26,2014-01-24,,netchangeincash,effectofexchangeratechanges,Effect of Exchange Rate Changes,+,debit,usd,-4100000.0
NetApp Inc,NTAP,QTX3D84DZDD5JYOCYH15,0001002047,2014.0,Q3,2013-10-26,2014-01-24,,,netchangeincash,Net Change in Cash & Equivalents,=,debit,usd,-107800000.0
NetApp Inc,NTAP,QTX3D84DZDD5JYOCYH15,0001002047,2014.0,Q3YTD,2013-04-27,2014-01-24,2015-02-25 16:06:20+00:00,netincomecontinuing,netincome,Consolidated Net Income / (Loss),+,credit,usd,440500000.0
NetApp Inc,NTAP,QTX3D84DZDD5JYOCYH15,0001002047,2014.0,Q3YTD,2013-04-27,2014-01-24,2015-02-25 16:06:20+00:00,netcashfromcontinuingoperatingactivities,netincomecontinuing,Net Income / (Loss) Continuing Operations,+,credit,usd,440500000.0
NetApp Inc,NTAP,QTX3D84DZDD5JYOCYH15,0001002047,2014.0,Q3YTD,2013-04-27,2014-01-24,2015-02-25 16:06:20+00:00,netcashfromcontinuingoperatingactivities,depreciationexpense,Depreciation Expense,+,debit,usd,252000000.0
NetApp Inc,NTAP,QTX3D84DZDD5JYOCYH15,0001002047,2014.0,Q3YTD,2013-04-27,2014-01-24,2015-02-25 16:06:20+00:00,netcashfromcontinuingoperatingactivities,noncashadjustmentstonetincome,Non-Cash Adjustments To Reconcile Net Income,+,debit,usd,180900000.0
NetApp Inc,NTAP,QTX3D84DZDD5JYOCYH15,0001002047,2014.0,Q3YTD,2013-04-27,2014-01-24,2015-02-25 16:06:20+00:00,netcashfromcontinuingoperatingactivities,increasedecreaseinoperatingcapital,"Changes in Operating Assets and Liabilities, net",+,debit,usd,106700000.0
NetApp Inc,NTAP,QTX3D84DZDD5JYOCYH15,0001002047,2014.0,Q3YTD,2013-04-27,2014-01-24,2015-02-25 16:06:20+00:00,netcashfromoperatingactivities,netcashfromcontinuingoperatingactivities,Net Cash From Continuing Operating Activities,+,debit,usd,980100000.0
NetApp Inc,NTAP,QTX3D84DZDD5JYOCYH15,0001002047,2014.0,Q3YTD,2013-04-27,2014-01-24,2015-02-25 16:06:20+00:00,netchangeincash,netcashfromoperatingactivities,Net Cash From Operating Activities,+,debit,usd,980100000.0
NetApp Inc,NTAP,QTX3D84DZDD5JYOCYH15,0001002047,2014.0,Q3YTD,2013-04-27,2014-01-24,2015-02-25 16:06:20+00:00,netcashfromcontinuinginvestingactivities,purchaseofplantpropertyandequipment,"Purchase of Property, Plant & Equipment",+,debit,usd,-165400000.0
NetApp Inc,NTAP,QTX3D84DZDD5JYOCYH15,0001002047,2014.0,Q3YTD,2013-04-27,2014-01-24,2015-02-25 16:06:20+00:00,netcashfromcontinuinginvestingactivities,acquisitions,Acquisitions,+,debit,usd,0.0
NetApp Inc,NTAP,QTX3D84DZDD5JYOCYH15,0001002047,2014.0,Q3YTD,2013-04-27,2014-01-24,2015-02-25 16:06:20+00:00,netcashfromcontinuinginvestingactivities,purchaseofinvestments,Purchase of Investments,+,debit,usd,-701300000.0
NetApp Inc,NTAP,QTX3D84DZDD5JYOCYH15,0001002047,2014.0,Q3YTD,2013-04-27,2014-01-24,2015-02-25 16:06:20+00:00,netcashfromcontinuinginvestingactivities,saleofinvestments,Sale and/or Maturity of Investments,+,debit,usd,1464000000.0
NetApp Inc,NTAP,QTX3D84DZDD5JYOCYH15,0001002047,2014.0,Q3YTD,2013-04-27,2014-01-24,2015-02-25 16:06:20+00:00,netcashfromcontinuinginvestingactivities,otherinvestingactivitiesnet,"Other Investing Activities, net",+,debit,usd,2600000.0
NetApp Inc,NTAP,QTX3D84DZDD5JYOCYH15,0001002047,2014.0,Q3YTD,2013-04-27,2014-01-24,2015-02-25 16:06:20+00:00,netcashfrominvestingactivities,netcashfromcontinuinginvestingactivities,Net Cash From Continuing Investing Activities,+,debit,usd,599900000.0
NetApp Inc,NTAP,QTX3D84DZDD5JYOCYH15,0001002047,2014.0,Q3YTD,2013-04-27,2014-01-24,2015-02-25 16:06:20+00:00,netchangeincash,netcashfrominvestingactivities,Net Cash From Investing Activities,+,debit,usd,599900000.0
NetApp Inc,NTAP,QTX3D84DZDD5JYOCYH15,0001002047,2014.0,Q3YTD,2013-04-27,2014-01-24,2015-02-25 16:06:20+00:00,netcashfromcontinuingfinancingactivities,repaymentofdebt,Repayment of Debt,+,debit,usd,-1272400000.0
NetApp Inc,NTAP,QTX3D84DZDD5JYOCYH15,0001002047,2014.0,Q3YTD,2013-04-27,2014-01-24,2015-02-25 16:06:20+00:00,netcashfromcontinuingfinancingactivities,repurchaseofcommonequity,Repurchase of Common Equity,+,debit,usd,-1507000000.0
NetApp Inc,NTAP,QTX3D84DZDD5JYOCYH15,0001002047,2014.0,Q3YTD,2013-04-27,2014-01-24,2015-02-25 16:06:20+00:00,netcashfromcontinuingfinancingactivities,paymentofdividends,Payment of Dividends,+,debit,usd,-153100000.0
NetApp Inc,NTAP,QTX3D84DZDD5JYOCYH15,0001002047,2014.0,Q3YTD,2013-04-27,2014-01-24,2015-02-25 16:06:20+00:00,netcashfromcontinuingfinancingactivities,issuanceofdebt,Issuance of Debt,+,debit,usd,0.0
NetApp Inc,NTAP,QTX3D84DZDD5JYOCYH15,0001002047,2014.0,Q3YTD,2013-04-27,2014-01-24,2015-02-25 16:06:20+00:00,netcashfromcontinuingfinancingactivities,issuanceofcommonequity,Issuance of Common Equity,+,debit,usd,191800000.0
NetApp Inc,NTAP,QTX3D84DZDD5JYOCYH15,0001002047,2014.0,Q3YTD,2013-04-27,2014-01-24,2015-02-25 16:06:20+00:00,netcashfromcontinuingfinancingactivities,otherfinancingactivitiesnet,"Other Financing Activities, net",+,debit,usd,33400000.0
NetApp Inc,NTAP,QTX3D84DZDD5JYOCYH15,0001002047,2014.0,Q3YTD,2013-04-27,2014-01-24,2015-02-25 16:06:20+00:00,netcashfromfinancingactivities,netcashfromcontinuingfinancingactivities,Net Cash From Continuing Financing Activities,+,debit,usd,-2707300000.0
NetApp Inc,NTAP,QTX3D84DZDD5JYOCYH15,0001002047,2014.0,Q3YTD,2013-04-27,2014-01-24,2015-02-25 16:06:20+00:00,netchangeincash,netcashfromfinancingactivities,Net Cash From Financing Activities,+,debit,usd,-2707300000.0
NetApp Inc,NTAP,QTX3D84DZDD5JYOCYH15,0001002047,2014.0,Q3YTD,2013-04-27,2014-01-24,2015-02-25 16:06:20+00:00,netchangeincash,effectofexchangeratechanges,Effect of Exchange Rate Changes,+,debit,usd,2900000.0
NetApp Inc,NTAP,QTX3D84DZDD5JYOCYH15,0001002047,2014.0,Q3YTD,2013-04-27,2014-01-24,2015-02-25 16:06:20+00:00,,netchangeincash,Net Change in Cash & Equivalents,=,debit,usd,-1124400000.0
NetApp Inc,NTAP,QTX3D84DZDD5JYOCYH15,0001002047,2014.0,Q2TTM,2012-10-27,2013-10-25,,netincomecontinuing,netincome,Consolidated Net Income / (Loss),+,credit,usd,580300000.0
NetApp Inc,NTAP,QTX3D84DZDD5JYOCYH15,0001002047,2014.0,Q2TTM,2012-10-27,2013-10-25,,netcashfromcontinuingoperatingactivities,netincomecontinuing,Net Income / (Loss) Continuing Operations,+,credit,usd,580300000.0
NetApp Inc,NTAP,QTX3D84DZDD5JYOCYH15,0001002047,2014.0,Q2TTM,2012-10-27,2013-10-25,,netcashfromcontinuingoperatingactivities,depreciationexpense,Depreciation Expense,+,debit,usd,343900000.0
NetApp Inc,NTAP,QTX3D84DZDD5JYOCYH15,0001002047,2014.0,Q2TTM,2012-10-27,2013-10-25,,netcashfromcontinuingoperatingactivities,amortizationexpense,Amortization Expense,+,debit,usd,31500000.0
NetApp Inc,NTAP,QTX3D84DZDD5JYOCYH15,0001002047,2014.0,Q2TTM,2012-10-27,2013-10-25,,netcashfromcontinuingoperatingactivities,noncashadjustmentstonetincome,Non-Cash Adjustments To Reconcile Net Income,+,debit,usd,321500000.0
NetApp Inc,NTAP,QTX3D84DZDD5JYOCYH15,0001002047,2014.0,Q2TTM,2012-10-27,2013-10-25,,netcashfromcontinuingoperatingactivities,increasedecreaseinoperatingcapital,"Changes in Operating Assets and Liabilities, net",+,debit,usd,191800000.0
NetApp Inc,NTAP,QTX3D84DZDD5JYOCYH15,0001002047,2014.0,Q2TTM,2012-10-27,2013-10-25,,netcashfromoperatingactivities,netcashfromcontinuingoperatingactivities,Net Cash From Continuing Operating Activities,+,debit,usd,1469000000.0
NetApp Inc,NTAP,QTX3D84DZDD5JYOCYH15,0001002047,2014.0,Q2TTM,2012-10-27,2013-10-25,,netchangeincash,netcashfromoperatingactivities,Net Cash From Operating Activities,+,debit,usd,1469000000.0
NetApp Inc,NTAP,QTX3D84DZDD5JYOCYH15,0001002047,2014.0,Q2TTM,2012-10-27,2013-10-25,,netcashfromcontinuinginvestingactivities,purchaseofplantpropertyandequipment,"Purchase of Property, Plant & Equipment",+,debit,usd,-281800000.0
NetApp Inc,NTAP,QTX3D84DZDD5JYOCYH15,0001002047,2014.0,Q2TTM,2012-10-27,2013-10-25,,netcashfromcontinuinginvestingactivities,acquisitions,Acquisitions,+,debit,usd,-106500000.0
NetApp Inc,NTAP,QTX3D84DZDD5JYOCYH15,0001002047,2014.0,Q2TTM,2012-10-27,2013-10-25,,netcashfromcontinuinginvestingactivities,purchaseofinvestments,Purchase of Investments,+,debit,usd,-1520800000.0
NetApp Inc,NTAP,QTX3D84DZDD5JYOCYH15,0001002047,2014.0,Q2TTM,2012-10-27,2013-10-25,,netcashfromcontinuinginvestingactivities,saleofinvestments,Sale and/or Maturity of Investments,+,debit,usd,2276500000.0
NetApp Inc,NTAP,QTX3D84DZDD5JYOCYH15,0001002047,2014.0,Q2TTM,2012-10-27,2013-10-25,,netcashfromcontinuinginvestingactivities,otherinvestingactivitiesnet,"Other Investing Activities, net",+,debit,usd,4800000.0
NetApp Inc,NTAP,QTX3D84DZDD5JYOCYH15,0001002047,2014.0,Q2TTM,2012-10-27,2013-10-25,,netcashfrominvestingactivities,netcashfromcontinuinginvestingactivities,Net Cash From Continuing Investing Activities,+,debit,usd,372200000.0
NetApp Inc,NTAP,QTX3D84DZDD5JYOCYH15,0001002047,2014.0,Q2TTM,2012-10-27,2013-10-25,,netchangeincash,netcashfrominvestingactivities,Net Cash From Investing Activities,+,debit,usd,372200000.0
NetApp Inc,NTAP,QTX3D84DZDD5JYOCYH15,0001002047,2014.0,Q2TTM,2012-10-27,2013-10-25,,netcashfromcontinuingfinancingactivities,repaymentofdebt,Repayment of Debt,+,debit,usd,-1272200000.0
NetApp Inc,NTAP,QTX3D84DZDD5JYOCYH15,0001002047,2014.0,Q2TTM,2012-10-27,2013-10-25,,netcashfromcontinuingfinancingactivities,repurchaseofcommonequity,Repurchase of Common Equity,+,debit,usd,-1241700000.0
NetApp Inc,NTAP,QTX3D84DZDD5JYOCYH15,0001002047,2014.0,Q2TTM,2012-10-27,2013-10-25,,netcashfromcontinuingfinancingactivities,paymentofdividends,Payment of Dividends,+,debit,usd,-102700000.0
NetApp Inc,NTAP,QTX3D84DZDD5JYOCYH15,0001002047,2014.0,Q2TTM,2012-10-27,2013-10-25,,netcashfromcontinuingfinancingactivities,issuanceofdebt,Issuance of Debt,+,debit,usd,987300000.0
NetApp Inc,NTAP,QTX3D84DZDD5JYOCYH15,0001002047,2014.0,Q2TTM,2012-10-27,2013-10-25,,netcashfromcontinuingfinancingactivities,issuanceofcommonequity,Issuance of Common Equity,+,debit,usd,189400000.0
NetApp Inc,NTAP,QTX3D84DZDD5JYOCYH15,0001002047,2014.0,Q2TTM,2012-10-27,2013-10-25,,netcashfromcontinuingfinancingactivities,otherfinancingactivitiesnet,"Other Financing Activities, net",+,debit,usd,38800000.0
NetApp Inc,NTAP,QTX3D84DZDD5JYOCYH15,0001002047,2014.0,Q2TTM,2012-10-27,2013-10-25,,netcashfromfinancingactivities,netcashfromcontinuingfinancingactivities,Net Cash From Continuing Financing Activities,+,debit,usd,-1401100000.0
NetApp Inc,NTAP,QTX3D84DZDD5JYOCYH15,0001002047,2014.0,Q2TTM,2012-10-27,2013-10-25,,netchangeincash,netcashfromfinancingactivities,Net Cash From Financing Activities,+,debit,usd,-1401100000.0
NetApp Inc,NTAP,QTX3D84DZDD5JYOCYH15,0001002047,2014.0,Q2TTM,2012-10-27,2013-10-25,,netchangeincash,effectofexchangeratechanges,Effect of Exchange Rate Changes,+,debit,usd,3600000.0
NetApp Inc,NTAP,QTX3D84DZDD5JYOCYH15,0001002047,2014.0,Q2TTM,2012-10-27,2013-10-25,,,netchangeincash,Net Change in Cash & Equivalents,=,debit,usd,443700000.0
NetApp Inc,NTAP,QTX3D84DZDD5JYOCYH15,0001002047,2014.0,Q2,2013-07-27,2013-10-25,,netincomecontinuing,netincome,Consolidated Net Income / (Loss),+,credit,usd,166800000.0
NetApp Inc,NTAP,QTX3D84DZDD5JYOCYH15,0001002047,2014.0,Q2,2013-07-27,2013-10-25,,netcashfromcontinuingoperatingactivities,netincomecontinuing,Net Income / (Loss) Continuing Operations,+,credit,usd,166800000.0
NetApp Inc,NTAP,QTX3D84DZDD5JYOCYH15,0001002047,2014.0,Q2,2013-07-27,2013-10-25,,netcashfromcontinuingoperatingactivities,depreciationexpense,Depreciation Expense,+,debit,usd,82500000.0
NetApp Inc,NTAP,QTX3D84DZDD5JYOCYH15,0001002047,2014.0,Q2,2013-07-27,2013-10-25,,netcashfromcontinuingoperatingactivities,amortizationexpense,Amortization Expense,+,debit,usd,-8200000.0
NetApp Inc,NTAP,QTX3D84DZDD5JYOCYH15,0001002047,2014.0,Q2,2013-07-27,2013-10-25,,netcashfromcontinuingoperatingactivities,noncashadjustmentstonetincome,Non-Cash Adjustments To Reconcile Net Income,+,debit,usd,75800000.0
NetApp Inc,NTAP,QTX3D84DZDD5JYOCYH15,0001002047,2014.0,Q2,2013-07-27,2013-10-25,,netcashfromcontinuingoperatingactivities,increasedecreaseinoperatingcapital,"Changes in Operating Assets and Liabilities, net",+,debit,usd,45600000.0
NetApp Inc,NTAP,QTX3D84DZDD5JYOCYH15,0001002047,2014.0,Q2,2013-07-27,2013-10-25,,netcashfromoperatingactivities,netcashfromcontinuingoperatingactivities,Net Cash From Continuing Operating Activities,+,debit,usd,362500000.0
NetApp Inc,NTAP,QTX3D84DZDD5JYOCYH15,0001002047,2014.0,Q2,2013-07-27,2013-10-25,,netchangeincash,netcashfromoperatingactivities,Net Cash From Operating Activities,+,debit,usd,362500000.0
NetApp Inc,NTAP,QTX3D84DZDD5JYOCYH15,0001002047,2014.0,Q2,2013-07-27,2013-10-25,,netcashfromcontinuinginvestingactivities,purchaseofplantpropertyandequipment,"Purchase of Property, Plant & Equipment",+,debit,usd,-42200000.0
NetApp Inc,NTAP,QTX3D84DZDD5JYOCYH15,0001002047,2014.0,Q2,2013-07-27,2013-10-25,,netcashfromcontinuinginvestingactivities,purchaseofinvestments,Purchase of Investments,+,debit,usd,-241200000.0
NetApp Inc,NTAP,QTX3D84DZDD5JYOCYH15,0001002047,2014.0,Q2,2013-07-27,2013-10-25,,netcashfromcontinuinginvestingactivities,saleofinvestments,Sale and/or Maturity of Investments,+,debit,usd,523300000.0
NetApp Inc,NTAP,QTX3D84DZDD5JYOCYH15,0001002047,2014.0,Q2,2013-07-27,2013-10-25,,netcashfromcontinuinginvestingactivities,otherinvestingactivitiesnet,"Other Investing Activities, net",+,debit,usd,2200000.0
NetApp Inc,NTAP,QTX3D84DZDD5JYOCYH15,0001002047,2014.0,Q2,2013-07-27,2013-10-25,,netcashfrominvestingactivities,netcashfromcontinuinginvestingactivities,Net Cash From Continuing Investing Activities,+,debit,usd,242100000.0
NetApp Inc,NTAP,QTX3D84DZDD5JYOCYH15,0001002047,2014.0,Q2,2013-07-27,2013-10-25,,netchangeincash,netcashfrominvestingactivities,Net Cash From Investing Activities,+,debit,usd,242100000.0
NetApp Inc,NTAP,QTX3D84DZDD5JYOCYH15,0001002047,2014.0,Q2,2013-07-27,2013-10-25,,netcashfromcontinuingfinancingactivities,repaymentofdebt,Repayment of Debt,+,debit,usd,-5700000.0
NetApp Inc,NTAP,QTX3D84DZDD5JYOCYH15,0001002047,2014.0,Q2,2013-07-27,2013-10-25,,netcashfromcontinuingfinancingactivities,repurchaseofcommonequity,Repurchase of Common Equity,+,debit,usd,-150500000.0
NetApp Inc,NTAP,QTX3D84DZDD5JYOCYH15,0001002047,2014.0,Q2,2013-07-27,2013-10-25,,netcashfromcontinuingfinancingactivities,paymentofdividends,Payment of Dividends,+,debit,usd,-51300000.0
NetApp Inc,NTAP,QTX3D84DZDD5JYOCYH15,0001002047,2014.0,Q2,2013-07-27,2013-10-25,,netcashfromcontinuingfinancingactivities,issuanceofdebt,Issuance of Debt,+,debit,usd,-9500000.0
NetApp Inc,NTAP,QTX3D84DZDD5JYOCYH15,0001002047,2014.0,Q2,2013-07-27,2013-10-25,,netcashfromcontinuingfinancingactivities,issuanceofcommonequity,Issuance of Common Equity,+,debit,usd,52400000.0
NetApp Inc,NTAP,QTX3D84DZDD5JYOCYH15,0001002047,2014.0,Q2,2013-07-27,2013-10-25,,netcashfromcontinuingfinancingactivities,otherfinancingactivitiesnet,"Other Financing Activities, net",+,debit,usd,9400000.0
NetApp Inc,NTAP,QTX3D84DZDD5JYOCYH15,0001002047,2014.0,Q2,2013-07-27,2013-10-25,,netcashfromfinancingactivities,netcashfromcontinuingfinancingactivities,Net Cash From Continuing Financing Activities,+,debit,usd,-155200000.0
NetApp Inc,NTAP,QTX3D84DZDD5JYOCYH15,0001002047,2014.0,Q2,2013-07-27,2013-10-25,,netchangeincash,netcashfromfinancingactivities,Net Cash From Financing Activities,+,debit,usd,-155200000.0
NetApp Inc,NTAP,QTX3D84DZDD5JYOCYH15,0001002047,2014.0,Q2,2013-07-27,2013-10-25,,netchangeincash,effectofexchangeratechanges,Effect of Exchange Rate Changes,+,debit,usd,14300000.0
NetApp Inc,NTAP,QTX3D84DZDD5JYOCYH15,0001002047,2014.0,Q2,2013-07-27,2013-10-25,,,netchangeincash,Net Change in Cash & Equivalents,=,debit,usd,463700000.0
NetApp Inc,NTAP,QTX3D84DZDD5JYOCYH15,0001002047,2014.0,Q2YTD,2013-04-27,2013-10-25,2014-11-25 16:09:39+00:00,netincomecontinuing,netincome,Consolidated Net Income / (Loss),+,credit,usd,248400000.0
NetApp Inc,NTAP,QTX3D84DZDD5JYOCYH15,0001002047,2014.0,Q2YTD,2013-04-27,2013-10-25,2014-11-25 16:09:39+00:00,netcashfromcontinuingoperatingactivities,netincomecontinuing,Net Income / (Loss) Continuing Operations,+,credit,usd,248400000.0
NetApp Inc,NTAP,QTX3D84DZDD5JYOCYH15,0001002047,2014.0,Q2YTD,2013-04-27,2013-10-25,2014-11-25 16:09:39+00:00,netcashfromcontinuingoperatingactivities,depreciationexpense,Depreciation Expense,+,debit,usd,168400000.0
NetApp Inc,NTAP,QTX3D84DZDD5JYOCYH15,0001002047,2014.0,Q2YTD,2013-04-27,2013-10-25,2014-11-25 16:09:39+00:00,netcashfromcontinuingoperatingactivities,noncashadjustmentstonetincome,Non-Cash Adjustments To Reconcile Net Income,+,debit,usd,116700000.0
NetApp Inc,NTAP,QTX3D84DZDD5JYOCYH15,0001002047,2014.0,Q2YTD,2013-04-27,2013-10-25,2014-11-25 16:09:39+00:00,netcashfromcontinuingoperatingactivities,increasedecreaseinoperatingcapital,"Changes in Operating Assets and Liabilities, net",+,debit,usd,114800000.0
NetApp Inc,NTAP,QTX3D84DZDD5JYOCYH15,0001002047,2014.0,Q2YTD,2013-04-27,2013-10-25,2014-11-25 16:09:39+00:00,netcashfromoperatingactivities,netcashfromcontinuingoperatingactivities,Net Cash From Continuing Operating Activities,+,debit,usd,648300000.0
NetApp Inc,NTAP,QTX3D84DZDD5JYOCYH15,0001002047,2014.0,Q2YTD,2013-04-27,2013-10-25,2014-11-25 16:09:39+00:00,netchangeincash,netcashfromoperatingactivities,Net Cash From Operating Activities,+,debit,usd,648300000.0
NetApp Inc,NTAP,QTX3D84DZDD5JYOCYH15,0001002047,2014.0,Q2YTD,2013-04-27,2013-10-25,2014-11-25 16:09:39+00:00,netcashfromcontinuinginvestingactivities,purchaseofplantpropertyandequipment,"Purchase of Property, Plant & Equipment",+,debit,usd,-107500000.0
NetApp Inc,NTAP,QTX3D84DZDD5JYOCYH15,0001002047,2014.0,Q2YTD,2013-04-27,2013-10-25,2014-11-25 16:09:39+00:00,netcashfromcontinuinginvestingactivities,purchaseofinvestments,Purchase of Investments,+,debit,usd,-476100000.0
NetApp Inc,NTAP,QTX3D84DZDD5JYOCYH15,0001002047,2014.0,Q2YTD,2013-04-27,2013-10-25,2014-11-25 16:09:39+00:00,netcashfromcontinuinginvestingactivities,saleofinvestments,Sale and/or Maturity of Investments,+,debit,usd,1148200000.0
NetApp Inc,NTAP,QTX3D84DZDD5JYOCYH15,0001002047,2014.0,Q2YTD,2013-04-27,2013-10-25,2014-11-25 16:09:39+00:00,netcashfromcontinuinginvestingactivities,otherinvestingactivitiesnet,"Other Investing Activities, net",+,debit,usd,3400000.0
NetApp Inc,NTAP,QTX3D84DZDD5JYOCYH15,0001002047,2014.0,Q2YTD,2013-04-27,2013-10-25,2014-11-25 16:09:39+00:00,netcashfrominvestingactivities,netcashfromcontinuinginvestingactivities,Net Cash From Continuing Investing Activities,+,debit,usd,568000000.0
NetApp Inc,NTAP,QTX3D84DZDD5JYOCYH15,0001002047,2014.0,Q2YTD,2013-04-27,2013-10-25,2014-11-25 16:09:39+00:00,netchangeincash,netcashfrominvestingactivities,Net Cash From Investing Activities,+,debit,usd,568000000.0
NetApp Inc,NTAP,QTX3D84DZDD5JYOCYH15,0001002047,2014.0,Q2YTD,2013-04-27,2013-10-25,2014-11-25 16:09:39+00:00,netcashfromcontinuingfinancingactivities,repaymentofdebt,Repayment of Debt,+,debit,usd,-1270600000.0
NetApp Inc,NTAP,QTX3D84DZDD5JYOCYH15,0001002047,2014.0,Q2YTD,2013-04-27,2013-10-25,2014-11-25 16:09:39+00:00,netcashfromcontinuingfinancingactivities,repurchaseofcommonequity,Repurchase of Common Equity,+,debit,usd,-1000000000.0
NetApp Inc,NTAP,QTX3D84DZDD5JYOCYH15,0001002047,2014.0,Q2YTD,2013-04-27,2013-10-25,2014-11-25 16:09:39+00:00,netcashfromcontinuingfinancingactivities,paymentofdividends,Payment of Dividends,+,debit,usd,-102700000.0
NetApp Inc,NTAP,QTX3D84DZDD5JYOCYH15,0001002047,2014.0,Q2YTD,2013-04-27,2013-10-25,2014-11-25 16:09:39+00:00,netcashfromcontinuingfinancingactivities,issuanceofdebt,Issuance of Debt,+,debit,usd,0.0
NetApp Inc,NTAP,QTX3D84DZDD5JYOCYH15,0001002047,2014.0,Q2YTD,2013-04-27,2013-10-25,2014-11-25 16:09:39+00:00,netcashfromcontinuingfinancingactivities,issuanceofcommonequity,Issuance of Common Equity,+,debit,usd,123900000.0
NetApp Inc,NTAP,QTX3D84DZDD5JYOCYH15,0001002047,2014.0,Q2YTD,2013-04-27,2013-10-25,2014-11-25 16:09:39+00:00,netcashfromcontinuingfinancingactivities,otherfinancingactivitiesnet,"Other Financing Activities, net",+,debit,usd,9500000.0
NetApp Inc,NTAP,QTX3D84DZDD5JYOCYH15,0001002047,2014.0,Q2YTD,2013-04-27,2013-10-25,2014-11-25 16:09:39+00:00,netcashfromfinancingactivities,netcashfromcontinuingfinancingactivities,Net Cash From Continuing Financing Activities,+,debit,usd,-2239900000.0
NetApp Inc,NTAP,QTX3D84DZDD5JYOCYH15,0001002047,2014.0,Q2YTD,2013-04-27,2013-10-25,2014-11-25 16:09:39+00:00,netchangeincash,netcashfromfinancingactivities,Net Cash From Financing Activities,+,debit,usd,-2239900000.0
NetApp Inc,NTAP,QTX3D84DZDD5JYOCYH15,0001002047,2014.0,Q2YTD,2013-04-27,2013-10-25,2014-11-25 16:09:39+00:00,netchangeincash,effectofexchangeratechanges,Effect of Exchange Rate Changes,+,debit,usd,7000000.0
NetApp Inc,NTAP,QTX3D84DZDD5JYOCYH15,0001002047,2014.0,Q2YTD,2013-04-27,2013-10-25,2014-11-25 16:09:39+00:00,,netchangeincash,Net Change in Cash & Equivalents,=,debit,usd,-1016600000.0
NetApp Inc,NTAP,QTX3D84DZDD5JYOCYH15,0001002047,2014.0,Q1TTM,2012-07-28,2013-07-26,,netincomecontinuing,netincome,Consolidated Net Income / (Loss),+,credit,usd,523100000.0
NetApp Inc,NTAP,QTX3D84DZDD5JYOCYH15,0001002047,2014.0,Q1TTM,2012-07-28,2013-07-26,,netcashfromcontinuingoperatingactivities,netincomecontinuing,Net Income / (Loss) Continuing Operations,+,credit,usd,523100000.0
NetApp Inc,NTAP,QTX3D84DZDD5JYOCYH15,0001002047,2014.0,Q1TTM,2012-07-28,2013-07-26,,netcashfromcontinuingoperatingactivities,depreciationexpense,Depreciation Expense,+,debit,usd,348100000.0
NetApp Inc,NTAP,QTX3D84DZDD5JYOCYH15,0001002047,2014.0,Q1TTM,2012-07-28,2013-07-26,,netcashfromcontinuingoperatingactivities,amortizationexpense,Amortization Expense,+,debit,usd,54100000.0
NetApp Inc,NTAP,QTX3D84DZDD5JYOCYH15,0001002047,2014.0,Q1TTM,2012-07-28,2013-07-26,,netcashfromcontinuingoperatingactivities,noncashadjustmentstonetincome,Non-Cash Adjustments To Reconcile Net Income,+,debit,usd,455900000.0
NetApp Inc,NTAP,QTX3D84DZDD5JYOCYH15,0001002047,2014.0,Q1TTM,2012-07-28,2013-07-26,,netcashfromcontinuingoperatingactivities,increasedecreaseinoperatingcapital,"Changes in Operating Assets and Liabilities, net",+,debit,usd,61700000.0
NetApp Inc,NTAP,QTX3D84DZDD5JYOCYH15,0001002047,2014.0,Q1TTM,2012-07-28,2013-07-26,,netcashfromoperatingactivities,netcashfromcontinuingoperatingactivities,Net Cash From Continuing Operating Activities,+,debit,usd,1442900000.0
NetApp Inc,NTAP,QTX3D84DZDD5JYOCYH15,0001002047,2014.0,Q1TTM,2012-07-28,2013-07-26,,netchangeincash,netcashfromoperatingactivities,Net Cash From Operating Activities,+,debit,usd,1442900000.0
NetApp Inc,NTAP,QTX3D84DZDD5JYOCYH15,0001002047,2014.0,Q1TTM,2012-07-28,2013-07-26,,netcashfromcontinuinginvestingactivities,purchaseofplantpropertyandequipment,"Purchase of Property, Plant & Equipment",+,debit,usd,-306700000.0
NetApp Inc,NTAP,QTX3D84DZDD5JYOCYH15,0001002047,2014.0,Q1TTM,2012-07-28,2013-07-26,,netcashfromcontinuinginvestingactivities,acquisitions,Acquisitions,+,debit,usd,-106500000.0
NetApp Inc,NTAP,QTX3D84DZDD5JYOCYH15,0001002047,2014.0,Q1TTM,2012-07-28,2013-07-26,,netcashfromcontinuinginvestingactivities,purchaseofinvestments,Purchase of Investments,+,debit,usd,-1894600000.0
NetApp Inc,NTAP,QTX3D84DZDD5JYOCYH15,0001002047,2014.0,Q1TTM,2012-07-28,2013-07-26,,netcashfromcontinuinginvestingactivities,saleofinvestments,Sale and/or Maturity of Investments,+,debit,usd,2527700000.0
NetApp Inc,NTAP,QTX3D84DZDD5JYOCYH15,0001002047,2014.0,Q1TTM,2012-07-28,2013-07-26,,netcashfromcontinuinginvestingactivities,otherinvestingactivitiesnet,"Other Investing Activities, net",+,debit,usd,4100000.0
NetApp Inc,NTAP,QTX3D84DZDD5JYOCYH15,0001002047,2014.0,Q1TTM,2012-07-28,2013-07-26,,netcashfrominvestingactivities,netcashfromcontinuinginvestingactivities,Net Cash From Continuing Investing Activities,+,debit,usd,224000000.0
NetApp Inc,NTAP,QTX3D84DZDD5JYOCYH15,0001002047,2014.0,Q1TTM,2012-07-28,2013-07-26,,netchangeincash,netcashfrominvestingactivities,Net Cash From Investing Activities,+,debit,usd,224000000.0
NetApp Inc,NTAP,QTX3D84DZDD5JYOCYH15,0001002047,2014.0,Q1TTM,2012-07-28,2013-07-26,,netcashfromcontinuingfinancingactivities,repaymentofdebt,Repayment of Debt,+,debit,usd,-1264800000.0
NetApp Inc,NTAP,QTX3D84DZDD5JYOCYH15,0001002047,2014.0,Q1TTM,2012-07-28,2013-07-26,,netcashfromcontinuingfinancingactivities,repurchaseofcommonequity,Repurchase of Common Equity,+,debit,usd,-1289500000.0
NetApp Inc,NTAP,QTX3D84DZDD5JYOCYH15,0001002047,2014.0,Q1TTM,2012-07-28,2013-07-26,,netcashfromcontinuingfinancingactivities,paymentofdividends,Payment of Dividends,+,debit,usd,-51400000.0
NetApp Inc,NTAP,QTX3D84DZDD5JYOCYH15,0001002047,2014.0,Q1TTM,2012-07-28,2013-07-26,,netcashfromcontinuingfinancingactivities,issuanceofdebt,Issuance of Debt,+,debit,usd,996800000.0
NetApp Inc,NTAP,QTX3D84DZDD5JYOCYH15,0001002047,2014.0,Q1TTM,2012-07-28,2013-07-26,,netcashfromcontinuingfinancingactivities,issuanceofcommonequity,Issuance of Common Equity,+,debit,usd,147100000.0
NetApp Inc,NTAP,QTX3D84DZDD5JYOCYH15,0001002047,2014.0,Q1TTM,2012-07-28,2013-07-26,,netcashfromcontinuingfinancingactivities,otherfinancingactivitiesnet,"Other Financing Activities, net",+,debit,usd,68100000.0
NetApp Inc,NTAP,QTX3D84DZDD5JYOCYH15,0001002047,2014.0,Q1TTM,2012-07-28,2013-07-26,,netcashfromfinancingactivities,netcashfromcontinuingfinancingactivities,Net Cash From Continuing Financing Activities,+,debit,usd,-1393700000.0
NetApp Inc,NTAP,QTX3D84DZDD5JYOCYH15,0001002047,2014.0,Q1TTM,2012-07-28,2013-07-26,,netchangeincash,netcashfromfinancingactivities,Net Cash From Financing Activities,+,debit,usd,-1393700000.0
NetApp Inc,NTAP,QTX3D84DZDD5JYOCYH15,0001002047,2014.0,Q1TTM,2012-07-28,2013-07-26,,netchangeincash,effectofexchangeratechanges,Effect of Exchange Rate Changes,+,debit,usd,-5800000.0
NetApp Inc,NTAP,QTX3D84DZDD5JYOCYH15,0001002047,2014.0,Q1TTM,2012-07-28,2013-07-26,,,netchangeincash,Net Change in Cash & Equivalents,=,debit,usd,267400000.0
NetApp Inc,NTAP,QTX3D84DZDD5JYOCYH15,0001002047,2014.0,Q1,2013-04-27,2013-07-26,2014-08-28 16:54:35+00:00,netincomecontinuing,netincome,Consolidated Net Income / (Loss),+,credit,usd,81600000.0
NetApp Inc,NTAP,QTX3D84DZDD5JYOCYH15,0001002047,2014.0,Q1,2013-04-27,2013-07-26,2014-08-28 16:54:35+00:00,netcashfromcontinuingoperatingactivities,netincomecontinuing,Net Income / (Loss) Continuing Operations,+,credit,usd,81600000.0
NetApp Inc,NTAP,QTX3D84DZDD5JYOCYH15,0001002047,2014.0,Q1,2013-04-27,2013-07-26,2014-08-28 16:54:35+00:00,netcashfromcontinuingoperatingactivities,depreciationexpense,Depreciation Expense,+,debit,usd,85900000.0
NetApp Inc,NTAP,QTX3D84DZDD5JYOCYH15,0001002047,2014.0,Q1,2013-04-27,2013-07-26,2014-08-28 16:54:35+00:00,netcashfromcontinuingoperatingactivities,amortizationexpense,Amortization Expense,+,debit,usd,8200000.0
NetApp Inc,NTAP,QTX3D84DZDD5JYOCYH15,0001002047,2014.0,Q1,2013-04-27,2013-07-26,2014-08-28 16:54:35+00:00,netcashfromcontinuingoperatingactivities,noncashadjustmentstonetincome,Non-Cash Adjustments To Reconcile Net Income,+,debit,usd,40900000.0
NetApp Inc,NTAP,QTX3D84DZDD5JYOCYH15,0001002047,2014.0,Q1,2013-04-27,2013-07-26,2014-08-28 16:54:35+00:00,netcashfromcontinuingoperatingactivities,increasedecreaseinoperatingcapital,"Changes in Operating Assets and Liabilities, net",+,debit,usd,69200000.0
NetApp Inc,NTAP,QTX3D84DZDD5JYOCYH15,0001002047,2014.0,Q1,2013-04-27,2013-07-26,2014-08-28 16:54:35+00:00,netcashfromoperatingactivities,netcashfromcontinuingoperatingactivities,Net Cash From Continuing Operating Activities,+,debit,usd,285800000.0
NetApp Inc,NTAP,QTX3D84DZDD5JYOCYH15,0001002047,2014.0,Q1,2013-04-27,2013-07-26,2014-08-28 16:54:35+00:00,netchangeincash,netcashfromoperatingactivities,Net Cash From Operating Activities,+,debit,usd,285800000.0
NetApp Inc,NTAP,QTX3D84DZDD5JYOCYH15,0001002047,2014.0,Q1,2013-04-27,2013-07-26,2014-08-28 16:54:35+00:00,netcashfromcontinuinginvestingactivities,purchaseofplantpropertyandequipment,"Purchase of Property, Plant & Equipment",+,debit,usd,-65300000.0
NetApp Inc,NTAP,QTX3D84DZDD5JYOCYH15,0001002047,2014.0,Q1,2013-04-27,2013-07-26,2014-08-28 16:54:35+00:00,netcashfromcontinuinginvestingactivities,purchaseofinvestments,Purchase of Investments,+,debit,usd,-234900000.0
NetApp Inc,NTAP,QTX3D84DZDD5JYOCYH15,0001002047,2014.0,Q1,2013-04-27,2013-07-26,2014-08-28 16:54:35+00:00,netcashfromcontinuinginvestingactivities,saleofinvestments,Sale and/or Maturity of Investments,+,debit,usd,624900000.0
NetApp Inc,NTAP,QTX3D84DZDD5JYOCYH15,0001002047,2014.0,Q1,2013-04-27,2013-07-26,2014-08-28 16:54:35+00:00,netcashfromcontinuinginvestingactivities,otherinvestingactivitiesnet,"Other Investing Activities, net",+,debit,usd,1200000.0
NetApp Inc,NTAP,QTX3D84DZDD5JYOCYH15,0001002047,2014.0,Q1,2013-04-27,2013-07-26,2014-08-28 16:54:35+00:00,netcashfrominvestingactivities,netcashfromcontinuinginvestingactivities,Net Cash From Continuing Investing Activities,+,debit,usd,325900000.0
NetApp Inc,NTAP,QTX3D84DZDD5JYOCYH15,0001002047,2014.0,Q1,2013-04-27,2013-07-26,2014-08-28 16:54:35+00:00,netchangeincash,netcashfrominvestingactivities,Net Cash From Investing Activities,+,debit,usd,325900000.0
NetApp Inc,NTAP,QTX3D84DZDD5JYOCYH15,0001002047,2014.0,Q1,2013-04-27,2013-07-26,2014-08-28 16:54:35+00:00,netcashfromcontinuingfinancingactivities,repaymentofdebt,Repayment of Debt,+,debit,usd,-1264900000.0
NetApp Inc,NTAP,QTX3D84DZDD5JYOCYH15,0001002047,2014.0,Q1,2013-04-27,2013-07-26,2014-08-28 16:54:35+00:00,netcashfromcontinuingfinancingactivities,repurchaseofcommonequity,Repurchase of Common Equity,+,debit,usd,-849500000.0
NetApp Inc,NTAP,QTX3D84DZDD5JYOCYH15,0001002047,2014.0,Q1,2013-04-27,2013-07-26,2014-08-28 16:54:35+00:00,netcashfromcontinuingfinancingactivities,paymentofdividends,Payment of Dividends,+,debit,usd,-51400000.0
NetApp Inc,NTAP,QTX3D84DZDD5JYOCYH15,0001002047,2014.0,Q1,2013-04-27,2013-07-26,2014-08-28 16:54:35+00:00,netcashfromcontinuingfinancingactivities,issuanceofdebt,Issuance of Debt,+,debit,usd,9500000.0
NetApp Inc,NTAP,QTX3D84DZDD5JYOCYH15,0001002047,2014.0,Q1,2013-04-27,2013-07-26,2014-08-28 16:54:35+00:00,netcashfromcontinuingfinancingactivities,issuanceofcommonequity,Issuance of Common Equity,+,debit,usd,71500000.0
NetApp Inc,NTAP,QTX3D84DZDD5JYOCYH15,0001002047,2014.0,Q1,2013-04-27,2013-07-26,2014-08-28 16:54:35+00:00,netcashfromcontinuingfinancingactivities,otherfinancingactivitiesnet,"Other Financing Activities, net",+,debit,usd,100000.0
NetApp Inc,NTAP,QTX3D84DZDD5JYOCYH15,0001002047,2014.0,Q1,2013-04-27,2013-07-26,2014-08-28 16:54:35+00:00,netcashfromfinancingactivities,netcashfromcontinuingfinancingactivities,Net Cash From Continuing Financing Activities,+,debit,usd,-2084700000.0
NetApp Inc,NTAP,QTX3D84DZDD5JYOCYH15,0001002047,2014.0,Q1,2013-04-27,2013-07-26,2014-08-28 16:54:35+00:00,netchangeincash,netcashfromfinancingactivities,Net Cash From Financing Activities,+,debit,usd,-2084700000.0
NetApp Inc,NTAP,QTX3D84DZDD5JYOCYH15,0001002047,2014.0,Q1,2013-04-27,2013-07-26,2014-08-28 16:54:35+00:00,netchangeincash,effectofexchangeratechanges,Effect of Exchange Rate Changes,+,debit,usd,-7300000.0
NetApp Inc,NTAP,QTX3D84DZDD5JYOCYH15,0001002047,2014.0,Q1,2013-04-27,2013-07-26,2014-08-28 16:54:35+00:00,,netchangeincash,Net Change in Cash & Equivalents,=,debit,usd,-1480300000.0
NetApp Inc,NTAP,QTX3D84DZDD5JYOCYH15,0001002047,2015.0,FY,2014-04-26,2015-04-24,2015-06-12 16:06:31+00:00,netincomecontinuing,netincome,Consolidated Net Income / (Loss),+,credit,usd,559900000.0
NetApp Inc,NTAP,QTX3D84DZDD5JYOCYH15,0001002047,2015.0,FY,2014-04-26,2015-04-24,2015-06-12 16:06:31+00:00,netcashfromcontinuingoperatingactivities,netincomecontinuing,Net Income / (Loss) Continuing Operations,+,credit,usd,559900000.0
NetApp Inc,NTAP,QTX3D84DZDD5JYOCYH15,0001002047,2015.0,FY,2014-04-26,2015-04-24,2015-06-12 16:06:31+00:00,netcashfromcontinuingoperatingactivities,depreciationexpense,Depreciation Expense,+,debit,usd,307200000.0
NetApp Inc,NTAP,QTX3D84DZDD5JYOCYH15,0001002047,2015.0,FY,2014-04-26,2015-04-24,2015-06-12 16:06:31+00:00,netcashfromcontinuingoperatingactivities,amortizationexpense,Amortization Expense,+,debit,usd,2700000.0
NetApp Inc,NTAP,QTX3D84DZDD5JYOCYH15,0001002047,2015.0,FY,2014-04-26,2015-04-24,2015-06-12 16:06:31+00:00,netcashfromcontinuingoperatingactivities,noncashadjustmentstonetincome,Non-Cash Adjustments To Reconcile Net Income,+,debit,usd,236000000.0
NetApp Inc,NTAP,QTX3D84DZDD5JYOCYH15,0001002047,2015.0,FY,2014-04-26,2015-04-24,2015-06-12 16:06:31+00:00,netcashfromcontinuingoperatingactivities,increasedecreaseinoperatingcapital,"Changes in Operating Assets and Liabilities, net",+,debit,usd,162300000.0
NetApp Inc,NTAP,QTX3D84DZDD5JYOCYH15,0001002047,2015.0,FY,2014-04-26,2015-04-24,2015-06-12 16:06:31+00:00,netcashfromoperatingactivities,netcashfromcontinuingoperatingactivities,Net Cash From Continuing Operating Activities,+,debit,usd,1268100000.0
NetApp Inc,NTAP,QTX3D84DZDD5JYOCYH15,0001002047,2015.0,FY,2014-04-26,2015-04-24,2015-06-12 16:06:31+00:00,netchangeincash,netcashfromoperatingactivities,Net Cash From Operating Activities,+,debit,usd,1268100000.0
NetApp Inc,NTAP,QTX3D84DZDD5JYOCYH15,0001002047,2015.0,FY,2014-04-26,2015-04-24,2015-06-12 16:06:31+00:00,netcashfromcontinuinginvestingactivities,purchaseofplantpropertyandequipment,"Purchase of Property, Plant & Equipment",+,debit,usd,-175300000.0
NetApp Inc,NTAP,QTX3D84DZDD5JYOCYH15,0001002047,2015.0,FY,2014-04-26,2015-04-24,2015-06-12 16:06:31+00:00,netcashfromcontinuinginvestingactivities,acquisitions,Acquisitions,+,debit,usd,-84600000.0
NetApp Inc,NTAP,QTX3D84DZDD5JYOCYH15,0001002047,2015.0,FY,2014-04-26,2015-04-24,2015-06-12 16:06:31+00:00,netcashfromcontinuinginvestingactivities,purchaseofinvestments,Purchase of Investments,+,debit,usd,-2596800000.0
NetApp Inc,NTAP,QTX3D84DZDD5JYOCYH15,0001002047,2015.0,FY,2014-04-26,2015-04-24,2015-06-12 16:06:31+00:00,netcashfromcontinuinginvestingactivities,saleofinvestments,Sale and/or Maturity of Investments,+,debit,usd,1952000000.0
NetApp Inc,NTAP,QTX3D84DZDD5JYOCYH15,0001002047,2015.0,FY,2014-04-26,2015-04-24,2015-06-12 16:06:31+00:00,netcashfromcontinuinginvestingactivities,otherinvestingactivitiesnet,"Other Investing Activities, net",+,debit,usd,1500000.0
NetApp Inc,NTAP,QTX3D84DZDD5JYOCYH15,0001002047,2015.0,FY,2014-04-26,2015-04-24,2015-06-12 16:06:31+00:00,netcashfrominvestingactivities,netcashfromcontinuinginvestingactivities,Net Cash From Continuing Investing Activities,+,debit,usd,-903200000.0
NetApp Inc,NTAP,QTX3D84DZDD5JYOCYH15,0001002047,2015.0,FY,2014-04-26,2015-04-24,2015-06-12 16:06:31+00:00,netchangeincash,netcashfrominvestingactivities,Net Cash From Investing Activities,+,debit,usd,-903200000.0
NetApp Inc,NTAP,QTX3D84DZDD5JYOCYH15,0001002047,2015.0,FY,2014-04-26,2015-04-24,2015-06-12 16:06:31+00:00,netcashfromcontinuingfinancingactivities,repaymentofdebt,Repayment of Debt,+,debit,usd,-9400000.0
NetApp Inc,NTAP,QTX3D84DZDD5JYOCYH15,0001002047,2015.0,FY,2014-04-26,2015-04-24,2015-06-12 16:06:31+00:00,netcashfromcontinuingfinancingactivities,repurchaseofcommonequity,Repurchase of Common Equity,+,debit,usd,-1165200000.0
NetApp Inc,NTAP,QTX3D84DZDD5JYOCYH15,0001002047,2015.0,FY,2014-04-26,2015-04-24,2015-06-12 16:06:31+00:00,netcashfromcontinuingfinancingactivities,paymentofdividends,Payment of Dividends,+,debit,usd,-207400000.0
NetApp Inc,NTAP,QTX3D84DZDD5JYOCYH15,0001002047,2015.0,FY,2014-04-26,2015-04-24,2015-06-12 16:06:31+00:00,netcashfromcontinuingfinancingactivities,issuanceofdebt,Issuance of Debt,+,debit,usd,494700000.0
NetApp Inc,NTAP,QTX3D84DZDD5JYOCYH15,0001002047,2015.0,FY,2014-04-26,2015-04-24,2015-06-12 16:06:31+00:00,netcashfromcontinuingfinancingactivities,issuanceofcommonequity,Issuance of Common Equity,+,debit,usd,156900000.0
NetApp Inc,NTAP,QTX3D84DZDD5JYOCYH15,0001002047,2015.0,FY,2014-04-26,2015-04-24,2015-06-12 16:06:31+00:00,netcashfromcontinuingfinancingactivities,otherfinancingactivitiesnet,"Other Financing Activities, net",+,debit,usd,55200000.0
NetApp Inc,NTAP,QTX3D84DZDD5JYOCYH15,0001002047,2015.0,FY,2014-04-26,2015-04-24,2015-06-12 16:06:31+00:00,netcashfromfinancingactivities,netcashfromcontinuingfinancingactivities,Net Cash From Continuing Financing Activities,+,debit,usd,-675200000.0
NetApp Inc,NTAP,QTX3D84DZDD5JYOCYH15,0001002047,2015.0,FY,2014-04-26,2015-04-24,2015-06-12 16:06:31+00:00,netchangeincash,netcashfromfinancingactivities,Net Cash From Financing Activities,+,debit,usd,-675200000.0
NetApp Inc,NTAP,QTX3D84DZDD5JYOCYH15,0001002047,2015.0,FY,2014-04-26,2015-04-24,2015-06-12 16:06:31+00:00,netchangeincash,effectofexchangeratechanges,Effect of Exchange Rate Changes,+,debit,usd,-59200000.0
NetApp Inc,NTAP,QTX3D84DZDD5JYOCYH15,0001002047,2015.0,FY,2014-04-26,2015-04-24,2015-06-12 16:06:31+00:00,,netchangeincash,Net Change in Cash & Equivalents,=,debit,usd,-369500000.0
NetApp Inc,NTAP,QTX3D84DZDD5JYOCYH15,0001002047,2015.0,Q4,2015-01-24,2015-04-24,,netincomecontinuing,netincome,Consolidated Net Income / (Loss),+,credit,usd,134900000.0
NetApp Inc,NTAP,QTX3D84DZDD5JYOCYH15,0001002047,2015.0,Q4,2015-01-24,2015-04-24,,netcashfromcontinuingoperatingactivities,netincomecontinuing,Net Income / (Loss) Continuing Operations,+,credit,usd,134900000.0
NetApp Inc,NTAP,QTX3D84DZDD5JYOCYH15,0001002047,2015.0,Q4,2015-01-24,2015-04-24,,netcashfromcontinuingoperatingactivities,depreciationexpense,Depreciation Expense,+,debit,usd,72200000.0
NetApp Inc,NTAP,QTX3D84DZDD5JYOCYH15,0001002047,2015.0,Q4,2015-01-24,2015-04-24,,netcashfromcontinuingoperatingactivities,amortizationexpense,Amortization Expense,+,debit,usd,2700000.0
NetApp Inc,NTAP,QTX3D84DZDD5JYOCYH15,0001002047,2015.0,Q4,2015-01-24,2015-04-24,,netcashfromcontinuingoperatingactivities,noncashadjustmentstonetincome,Non-Cash Adjustments To Reconcile Net Income,+,debit,usd,66000000.0
NetApp Inc,NTAP,QTX3D84DZDD5JYOCYH15,0001002047,2015.0,Q4,2015-01-24,2015-04-24,,netcashfromcontinuingoperatingactivities,increasedecreaseinoperatingcapital,"Changes in Operating Assets and Liabilities, net",+,debit,usd,120300000.0
NetApp Inc,NTAP,QTX3D84DZDD5JYOCYH15,0001002047,2015.0,Q4,2015-01-24,2015-04-24,,netcashfromoperatingactivities,netcashfromcontinuingoperatingactivities,Net Cash From Continuing Operating Activities,+,debit,usd,396100000.0
NetApp Inc,NTAP,QTX3D84DZDD5JYOCYH15,0001002047,2015.0,Q4,2015-01-24,2015-04-24,,netchangeincash,netcashfromoperatingactivities,Net Cash From Operating Activities,+,debit,usd,396100000.0
NetApp Inc,NTAP,QTX3D84DZDD5JYOCYH15,0001002047,2015.0,Q4,2015-01-24,2015-04-24,,netcashfromcontinuinginvestingactivities,purchaseofplantpropertyandequipment,"Purchase of Property, Plant & Equipment",+,debit,usd,-37300000.0
NetApp Inc,NTAP,QTX3D84DZDD5JYOCYH15,0001002047,2015.0,Q4,2015-01-24,2015-04-24,,netcashfromcontinuinginvestingactivities,acquisitions,Acquisitions,+,debit,usd,400000.0
NetApp Inc,NTAP,QTX3D84DZDD5JYOCYH15,0001002047,2015.0,Q4,2015-01-24,2015-04-24,,netcashfromcontinuinginvestingactivities,purchaseofinvestments,Purchase of Investments,+,debit,usd,-1164800000.0
NetApp Inc,NTAP,QTX3D84DZDD5JYOCYH15,0001002047,2015.0,Q4,2015-01-24,2015-04-24,,netcashfromcontinuinginvestingactivities,saleofinvestments,Sale and/or Maturity of Investments,+,debit,usd,479000000.0
NetApp Inc,NTAP,QTX3D84DZDD5JYOCYH15,0001002047,2015.0,Q4,2015-01-24,2015-04-24,,netcashfromcontinuinginvestingactivities,otherinvestingactivitiesnet,"Other Investing Activities, net",+,debit,usd,-1500000.0
NetApp Inc,NTAP,QTX3D84DZDD5JYOCYH15,0001002047,2015.0,Q4,2015-01-24,2015-04-24,,netcashfrominvestingactivities,netcashfromcontinuinginvestingactivities,Net Cash From Continuing Investing Activities,+,debit,usd,-724200000.0
NetApp Inc,NTAP,QTX3D84DZDD5JYOCYH15,0001002047,2015.0,Q4,2015-01-24,2015-04-24,,netchangeincash,netcashfrominvestingactivities,Net Cash From Investing Activities,+,debit,usd,-724200000.0
NetApp Inc,NTAP,QTX3D84DZDD5JYOCYH15,0001002047,2015.0,Q4,2015-01-24,2015-04-24,,netcashfromcontinuingfinancingactivities,repaymentofdebt,Repayment of Debt,+,debit,usd,-1400000.0
NetApp Inc,NTAP,QTX3D84DZDD5JYOCYH15,0001002047,2015.0,Q4,2015-01-24,2015-04-24,,netcashfromcontinuingfinancingactivities,repurchaseofcommonequity,Repurchase of Common Equity,+,debit,usd,-246200000.0
NetApp Inc,NTAP,QTX3D84DZDD5JYOCYH15,0001002047,2015.0,Q4,2015-01-24,2015-04-24,,netcashfromcontinuingfinancingactivities,paymentofdividends,Payment of Dividends,+,debit,usd,-50400000.0
NetApp Inc,NTAP,QTX3D84DZDD5JYOCYH15,0001002047,2015.0,Q4,2015-01-24,2015-04-24,,netcashfromcontinuingfinancingactivities,issuanceofdebt,Issuance of Debt,+,debit,usd,-300000.0
NetApp Inc,NTAP,QTX3D84DZDD5JYOCYH15,0001002047,2015.0,Q4,2015-01-24,2015-04-24,,netcashfromcontinuingfinancingactivities,issuanceofcommonequity,Issuance of Common Equity,+,debit,usd,10900000.0
NetApp Inc,NTAP,QTX3D84DZDD5JYOCYH15,0001002047,2015.0,Q4,2015-01-24,2015-04-24,,netcashfromcontinuingfinancingactivities,otherfinancingactivitiesnet,"Other Financing Activities, net",+,debit,usd,1200000.0
NetApp Inc,NTAP,QTX3D84DZDD5JYOCYH15,0001002047,2015.0,Q4,2015-01-24,2015-04-24,,netcashfromfinancingactivities,netcashfromcontinuingfinancingactivities,Net Cash From Continuing Financing Activities,+,debit,usd,-286200000.0
NetApp Inc,NTAP,QTX3D84DZDD5JYOCYH15,0001002047,2015.0,Q4,2015-01-24,2015-04-24,,netchangeincash,netcashfromfinancingactivities,Net Cash From Financing Activities,+,debit,usd,-286200000.0
NetApp Inc,NTAP,QTX3D84DZDD5JYOCYH15,0001002047,2015.0,Q4,2015-01-24,2015-04-24,,netchangeincash,effectofexchangeratechanges,Effect of Exchange Rate Changes,+,debit,usd,-4200000.0
NetApp Inc,NTAP,QTX3D84DZDD5JYOCYH15,0001002047,2015.0,Q4,2015-01-24,2015-04-24,,,netchangeincash,Net Change in Cash & Equivalents,=,debit,usd,-618500000.0
NetApp Inc,NTAP,QTX3D84DZDD5JYOCYH15,0001002047,2015.0,Q3YTD,2014-04-26,2015-01-23,2016-03-07 16:07:16+00:00,netincomecontinuing,netincome,Consolidated Net Income / (Loss),+,credit,usd,425000000.0
NetApp Inc,NTAP,QTX3D84DZDD5JYOCYH15,0001002047,2015.0,Q3YTD,2014-04-26,2015-01-23,2016-03-07 16:07:16+00:00,netcashfromcontinuingoperatingactivities,netincomecontinuing,Net Income / (Loss) Continuing Operations,+,credit,usd,425000000.0
NetApp Inc,NTAP,QTX3D84DZDD5JYOCYH15,0001002047,2015.0,Q3YTD,2014-04-26,2015-01-23,2016-03-07 16:07:16+00:00,netcashfromcontinuingoperatingactivities,depreciationexpense,Depreciation Expense,+,debit,usd,235000000.0
NetApp Inc,NTAP,QTX3D84DZDD5JYOCYH15,0001002047,2015.0,Q3YTD,2014-04-26,2015-01-23,2016-03-07 16:07:16+00:00,netcashfromcontinuingoperatingactivities,noncashadjustmentstonetincome,Non-Cash Adjustments To Reconcile Net Income,+,debit,usd,170000000.0
NetApp Inc,NTAP,QTX3D84DZDD5JYOCYH15,0001002047,2015.0,Q3YTD,2014-04-26,2015-01-23,2016-03-07 16:07:16+00:00,netcashfromcontinuingoperatingactivities,increasedecreaseinoperatingcapital,"Changes in Operating Assets and Liabilities, net",+,debit,usd,42000000.0
NetApp Inc,NTAP,QTX3D84DZDD5JYOCYH15,0001002047,2015.0,Q3YTD,2014-04-26,2015-01-23,2016-03-07 16:07:16+00:00,netcashfromoperatingactivities,netcashfromcontinuingoperatingactivities,Net Cash From Continuing Operating Activities,+,debit,usd,872000000.0
NetApp Inc,NTAP,QTX3D84DZDD5JYOCYH15,0001002047,2015.0,Q3YTD,2014-04-26,2015-01-23,2016-03-07 16:07:16+00:00,netchangeincash,netcashfromoperatingactivities,Net Cash From Operating Activities,+,debit,usd,872000000.0
NetApp Inc,NTAP,QTX3D84DZDD5JYOCYH15,0001002047,2015.0,Q3YTD,2014-04-26,2015-01-23,2016-03-07 16:07:16+00:00,netcashfromcontinuinginvestingactivities,purchaseofplantpropertyandequipment,"Purchase of Property, Plant & Equipment",+,debit,usd,-138000000.0
NetApp Inc,NTAP,QTX3D84DZDD5JYOCYH15,0001002047,2015.0,Q3YTD,2014-04-26,2015-01-23,2016-03-07 16:07:16+00:00,netcashfromcontinuinginvestingactivities,acquisitions,Acquisitions,+,debit,usd,-85000000.0
NetApp Inc,NTAP,QTX3D84DZDD5JYOCYH15,0001002047,2015.0,Q3YTD,2014-04-26,2015-01-23,2016-03-07 16:07:16+00:00,netcashfromcontinuinginvestingactivities,purchaseofinvestments,Purchase of Investments,+,debit,usd,-1432000000.0
NetApp Inc,NTAP,QTX3D84DZDD5JYOCYH15,0001002047,2015.0,Q3YTD,2014-04-26,2015-01-23,2016-03-07 16:07:16+00:00,netcashfromcontinuinginvestingactivities,saleofinvestments,Sale and/or Maturity of Investments,+,debit,usd,1473000000.0
NetApp Inc,NTAP,QTX3D84DZDD5JYOCYH15,0001002047,2015.0,Q3YTD,2014-04-26,2015-01-23,2016-03-07 16:07:16+00:00,netcashfromcontinuinginvestingactivities,otherinvestingactivitiesnet,"Other Investing Activities, net",+,debit,usd,3000000.0
NetApp Inc,NTAP,QTX3D84DZDD5JYOCYH15,0001002047,2015.0,Q3YTD,2014-04-26,2015-01-23,2016-03-07 16:07:16+00:00,netcashfrominvestingactivities,netcashfromcontinuinginvestingactivities,Net Cash From Continuing Investing Activities,+,debit,usd,-179000000.0
NetApp Inc,NTAP,QTX3D84DZDD5JYOCYH15,0001002047,2015.0,Q3YTD,2014-04-26,2015-01-23,2016-03-07 16:07:16+00:00,netchangeincash,netcashfrominvestingactivities,Net Cash From Investing Activities,+,debit,usd,-179000000.0
NetApp Inc,NTAP,QTX3D84DZDD5JYOCYH15,0001002047,2015.0,Q3YTD,2014-04-26,2015-01-23,2016-03-07 16:07:16+00:00,netcashfromcontinuingfinancingactivities,repaymentofdebt,Repayment of Debt,+,debit,usd,-8000000.0
NetApp Inc,NTAP,QTX3D84DZDD5JYOCYH15,0001002047,2015.0,Q3YTD,2014-04-26,2015-01-23,2016-03-07 16:07:16+00:00,netcashfromcontinuingfinancingactivities,repurchaseofcommonequity,Repurchase of Common Equity,+,debit,usd,-919000000.0
NetApp Inc,NTAP,QTX3D84DZDD5JYOCYH15,0001002047,2015.0,Q3YTD,2014-04-26,2015-01-23,2016-03-07 16:07:16+00:00,netcashfromcontinuingfinancingactivities,paymentofdividends,Payment of Dividends,+,debit,usd,-157000000.0
NetApp Inc,NTAP,QTX3D84DZDD5JYOCYH15,0001002047,2015.0,Q3YTD,2014-04-26,2015-01-23,2016-03-07 16:07:16+00:00,netcashfromcontinuingfinancingactivities,issuanceofdebt,Issuance of Debt,+,debit,usd,495000000.0
NetApp Inc,NTAP,QTX3D84DZDD5JYOCYH15,0001002047,2015.0,Q3YTD,2014-04-26,2015-01-23,2016-03-07 16:07:16+00:00,netcashfromcontinuingfinancingactivities,issuanceofcommonequity,Issuance of Common Equity,+,debit,usd,146000000.0
NetApp Inc,NTAP,QTX3D84DZDD5JYOCYH15,0001002047,2015.0,Q3YTD,2014-04-26,2015-01-23,2016-03-07 16:07:16+00:00,netcashfromcontinuingfinancingactivities,otherfinancingactivitiesnet,"Other Financing Activities, net",+,debit,usd,54000000.0
NetApp Inc,NTAP,QTX3D84DZDD5JYOCYH15,0001002047,2015.0,Q3YTD,2014-04-26,2015-01-23,2016-03-07 16:07:16+00:00,netcashfromfinancingactivities,netcashfromcontinuingfinancingactivities,Net Cash From Continuing Financing Activities,+,debit,usd,-389000000.0
NetApp Inc,NTAP,QTX3D84DZDD5JYOCYH15,0001002047,2015.0,Q3YTD,2014-04-26,2015-01-23,2016-03-07 16:07:16+00:00,netchangeincash,netcashfromfinancingactivities,Net Cash From Financing Activities,+,debit,usd,-389000000.0
NetApp Inc,NTAP,QTX3D84DZDD5JYOCYH15,0001002047,2015.0,Q3YTD,2014-04-26,2015-01-23,2016-03-07 16:07:16+00:00,netchangeincash,effectofexchangeratechanges,Effect of Exchange Rate Changes,+,debit,usd,-55000000.0
NetApp Inc,NTAP,QTX3D84DZDD5JYOCYH15,0001002047,2015.0,Q3YTD,2014-04-26,2015-01-23,2016-03-07 16:07:16+00:00,,netchangeincash,Net Change in Cash & Equivalents,=,debit,usd,249000000.0
NetApp Inc,NTAP,QTX3D84DZDD5JYOCYH15,0001002047,2015.0,Q3TTM,2014-01-25,2015-01-23,,netincomecontinuing,netincome,Consolidated Net Income / (Loss),+,credit,usd,622000000.0
NetApp Inc,NTAP,QTX3D84DZDD5JYOCYH15,0001002047,2015.0,Q3TTM,2014-01-25,2015-01-23,,netcashfromcontinuingoperatingactivities,netincomecontinuing,Net Income / (Loss) Continuing Operations,+,credit,usd,622000000.0
NetApp Inc,NTAP,QTX3D84DZDD5JYOCYH15,0001002047,2015.0,Q3TTM,2014-01-25,2015-01-23,,netcashfromcontinuingoperatingactivities,depreciationexpense,Depreciation Expense,+,debit,usd,317100000.0
NetApp Inc,NTAP,QTX3D84DZDD5JYOCYH15,0001002047,2015.0,Q3TTM,2014-01-25,2015-01-23,,netcashfromcontinuingoperatingactivities,amortizationexpense,Amortization Expense,+,debit,usd,9700000.0
NetApp Inc,NTAP,QTX3D84DZDD5JYOCYH15,0001002047,2015.0,Q3TTM,2014-01-25,2015-01-23,,netcashfromcontinuingoperatingactivities,noncashadjustmentstonetincome,Non-Cash Adjustments To Reconcile Net Income,+,debit,usd,297000000.0
NetApp Inc,NTAP,QTX3D84DZDD5JYOCYH15,0001002047,2015.0,Q3TTM,2014-01-25,2015-01-23,,netcashfromcontinuingoperatingactivities,increasedecreaseinoperatingcapital,"Changes in Operating Assets and Liabilities, net",+,debit,usd,-4500000.0
NetApp Inc,NTAP,QTX3D84DZDD5JYOCYH15,0001002047,2015.0,Q3TTM,2014-01-25,2015-01-23,,netcashfromoperatingactivities,netcashfromcontinuingoperatingactivities,Net Cash From Continuing Operating Activities,+,debit,usd,1241500000.0
NetApp Inc,NTAP,QTX3D84DZDD5JYOCYH15,0001002047,2015.0,Q3TTM,2014-01-25,2015-01-23,,netchangeincash,netcashfromoperatingactivities,Net Cash From Operating Activities,+,debit,usd,1241500000.0
NetApp Inc,NTAP,QTX3D84DZDD5JYOCYH15,0001002047,2015.0,Q3TTM,2014-01-25,2015-01-23,,netcashfromcontinuinginvestingactivities,purchaseofplantpropertyandequipment,"Purchase of Property, Plant & Equipment",+,debit,usd,-194000000.0
NetApp Inc,NTAP,QTX3D84DZDD5JYOCYH15,0001002047,2015.0,Q3TTM,2014-01-25,2015-01-23,,netcashfromcontinuinginvestingactivities,acquisitions,Acquisitions,+,debit,usd,-85000000.0
NetApp Inc,NTAP,QTX3D84DZDD5JYOCYH15,0001002047,2015.0,Q3TTM,2014-01-25,2015-01-23,,netcashfromcontinuinginvestingactivities,purchaseofinvestments,Purchase of Investments,+,debit,usd,-1749200000.0
NetApp Inc,NTAP,QTX3D84DZDD5JYOCYH15,0001002047,2015.0,Q3TTM,2014-01-25,2015-01-23,,netcashfromcontinuinginvestingactivities,saleofinvestments,Sale and/or Maturity of Investments,+,debit,usd,2002500000.0
NetApp Inc,NTAP,QTX3D84DZDD5JYOCYH15,0001002047,2015.0,Q3TTM,2014-01-25,2015-01-23,,netcashfromcontinuinginvestingactivities,otherinvestingactivitiesnet,"Other Investing Activities, net",+,debit,usd,7200000.0
NetApp Inc,NTAP,QTX3D84DZDD5JYOCYH15,0001002047,2015.0,Q3TTM,2014-01-25,2015-01-23,,netcashfrominvestingactivities,netcashfromcontinuinginvestingactivities,Net Cash From Continuing Investing Activities,+,debit,usd,-18500000.0
NetApp Inc,NTAP,QTX3D84DZDD5JYOCYH15,0001002047,2015.0,Q3TTM,2014-01-25,2015-01-23,,netchangeincash,netcashfrominvestingactivities,Net Cash From Investing Activities,+,debit,usd,-18500000.0
NetApp Inc,NTAP,QTX3D84DZDD5JYOCYH15,0001002047,2015.0,Q3TTM,2014-01-25,2015-01-23,,netcashfromcontinuingfinancingactivities,repaymentofdebt,Repayment of Debt,+,debit,usd,-9700000.0
NetApp Inc,NTAP,QTX3D84DZDD5JYOCYH15,0001002047,2015.0,Q3TTM,2014-01-25,2015-01-23,,netcashfromcontinuingfinancingactivities,repurchaseofcommonequity,Repurchase of Common Equity,+,debit,usd,-1293500000.0
NetApp Inc,NTAP,QTX3D84DZDD5JYOCYH15,0001002047,2015.0,Q3TTM,2014-01-25,2015-01-23,,netcashfromcontinuingfinancingactivities,paymentofdividends,Payment of Dividends,+,debit,usd,-206200000.0
NetApp Inc,NTAP,QTX3D84DZDD5JYOCYH15,0001002047,2015.0,Q3TTM,2014-01-25,2015-01-23,,netcashfromcontinuingfinancingactivities,issuanceofdebt,Issuance of Debt,+,debit,usd,495000000.0
NetApp Inc,NTAP,QTX3D84DZDD5JYOCYH15,0001002047,2015.0,Q3TTM,2014-01-25,2015-01-23,,netcashfromcontinuingfinancingactivities,issuanceofcommonequity,Issuance of Common Equity,+,debit,usd,155600000.0
NetApp Inc,NTAP,QTX3D84DZDD5JYOCYH15,0001002047,2015.0,Q3TTM,2014-01-25,2015-01-23,,netcashfromcontinuingfinancingactivities,otherfinancingactivitiesnet,"Other Financing Activities, net",+,debit,usd,73100000.0
NetApp Inc,NTAP,QTX3D84DZDD5JYOCYH15,0001002047,2015.0,Q3TTM,2014-01-25,2015-01-23,,netcashfromfinancingactivities,netcashfromcontinuingfinancingactivities,Net Cash From Continuing Financing Activities,+,debit,usd,-785700000.0
NetApp Inc,NTAP,QTX3D84DZDD5JYOCYH15,0001002047,2015.0,Q3TTM,2014-01-25,2015-01-23,,netchangeincash,netcashfromfinancingactivities,Net Cash From Financing Activities,+,debit,usd,-785700000.0
NetApp Inc,NTAP,QTX3D84DZDD5JYOCYH15,0001002047,2015.0,Q3TTM,2014-01-25,2015-01-23,,netchangeincash,effectofexchangeratechanges,Effect of Exchange Rate Changes,+,debit,usd,-50000000.0
NetApp Inc,NTAP,QTX3D84DZDD5JYOCYH15,0001002047,2015.0,Q3TTM,2014-01-25,2015-01-23,,,netchangeincash,Net Change in Cash & Equivalents,=,debit,usd,387300000.0
NetApp Inc,NTAP,QTX3D84DZDD5JYOCYH15,0001002047,2015.0,Q3,2014-10-25,2015-01-23,,netincomecontinuing,netincome,Consolidated Net Income / (Loss),+,credit,usd,177000000.0
NetApp Inc,NTAP,QTX3D84DZDD5JYOCYH15,0001002047,2015.0,Q3,2014-10-25,2015-01-23,,netcashfromcontinuingoperatingactivities,netincomecontinuing,Net Income / (Loss) Continuing Operations,+,credit,usd,177000000.0
NetApp Inc,NTAP,QTX3D84DZDD5JYOCYH15,0001002047,2015.0,Q3,2014-10-25,2015-01-23,,netcashfromcontinuingoperatingactivities,depreciationexpense,Depreciation Expense,+,debit,usd,80000000.0
NetApp Inc,NTAP,QTX3D84DZDD5JYOCYH15,0001002047,2015.0,Q3,2014-10-25,2015-01-23,,netcashfromcontinuingoperatingactivities,noncashadjustmentstonetincome,Non-Cash Adjustments To Reconcile Net Income,+,debit,usd,37000000.0
NetApp Inc,NTAP,QTX3D84DZDD5JYOCYH15,0001002047,2015.0,Q3,2014-10-25,2015-01-23,,netcashfromcontinuingoperatingactivities,increasedecreaseinoperatingcapital,"Changes in Operating Assets and Liabilities, net",+,debit,usd,-19000000.0
NetApp Inc,NTAP,QTX3D84DZDD5JYOCYH15,0001002047,2015.0,Q3,2014-10-25,2015-01-23,,netcashfromoperatingactivities,netcashfromcontinuingoperatingactivities,Net Cash From Continuing Operating Activities,+,debit,usd,275000000.0
NetApp Inc,NTAP,QTX3D84DZDD5JYOCYH15,0001002047,2015.0,Q3,2014-10-25,2015-01-23,,netchangeincash,netcashfromoperatingactivities,Net Cash From Operating Activities,+,debit,usd,275000000.0
NetApp Inc,NTAP,QTX3D84DZDD5JYOCYH15,0001002047,2015.0,Q3,2014-10-25,2015-01-23,,netcashfromcontinuinginvestingactivities,purchaseofplantpropertyandequipment,"Purchase of Property, Plant & Equipment",+,debit,usd,-29000000.0
NetApp Inc,NTAP,QTX3D84DZDD5JYOCYH15,0001002047,2015.0,Q3,2014-10-25,2015-01-23,,netcashfromcontinuinginvestingactivities,acquisitions,Acquisitions,+,debit,usd,-85000000.0
NetApp Inc,NTAP,QTX3D84DZDD5JYOCYH15,0001002047,2015.0,Q3,2014-10-25,2015-01-23,,netcashfromcontinuinginvestingactivities,purchaseofinvestments,Purchase of Investments,+,debit,usd,-829000000.0
NetApp Inc,NTAP,QTX3D84DZDD5JYOCYH15,0001002047,2015.0,Q3,2014-10-25,2015-01-23,,netcashfromcontinuinginvestingactivities,saleofinvestments,Sale and/or Maturity of Investments,+,debit,usd,509000000.0
NetApp Inc,NTAP,QTX3D84DZDD5JYOCYH15,0001002047,2015.0,Q3,2014-10-25,2015-01-23,,netcashfromcontinuinginvestingactivities,otherinvestingactivitiesnet,"Other Investing Activities, net",+,debit,usd,4000000.0
NetApp Inc,NTAP,QTX3D84DZDD5JYOCYH15,0001002047,2015.0,Q3,2014-10-25,2015-01-23,,netcashfrominvestingactivities,netcashfromcontinuinginvestingactivities,Net Cash From Continuing Investing Activities,+,debit,usd,-430000000.0
NetApp Inc,NTAP,QTX3D84DZDD5JYOCYH15,0001002047,2015.0,Q3,2014-10-25,2015-01-23,,netchangeincash,netcashfrominvestingactivities,Net Cash From Investing Activities,+,debit,usd,-430000000.0
NetApp Inc,NTAP,QTX3D84DZDD5JYOCYH15,0001002047,2015.0,Q3,2014-10-25,2015-01-23,,netcashfromcontinuingfinancingactivities,repaymentofdebt,Repayment of Debt,+,debit,usd,-4000000.0
NetApp Inc,NTAP,QTX3D84DZDD5JYOCYH15,0001002047,2015.0,Q3,2014-10-25,2015-01-23,,netcashfromcontinuingfinancingactivities,repurchaseofcommonequity,Repurchase of Common Equity,+,debit,usd,-200000000.0
NetApp Inc,NTAP,QTX3D84DZDD5JYOCYH15,0001002047,2015.0,Q3,2014-10-25,2015-01-23,,netcashfromcontinuingfinancingactivities,paymentofdividends,Payment of Dividends,+,debit,usd,-52000000.0
NetApp Inc,NTAP,QTX3D84DZDD5JYOCYH15,0001002047,2015.0,Q3,2014-10-25,2015-01-23,,netcashfromcontinuingfinancingactivities,issuanceofcommonequity,Issuance of Common Equity,+,debit,usd,75000000.0
NetApp Inc,NTAP,QTX3D84DZDD5JYOCYH15,0001002047,2015.0,Q3,2014-10-25,2015-01-23,,netcashfromcontinuingfinancingactivities,otherfinancingactivitiesnet,"Other Financing Activities, net",+,debit,usd,5000000.0
NetApp Inc,NTAP,QTX3D84DZDD5JYOCYH15,0001002047,2015.0,Q3,2014-10-25,2015-01-23,,netcashfromfinancingactivities,netcashfromcontinuingfinancingactivities,Net Cash From Continuing Financing Activities,+,debit,usd,-176000000.0
NetApp Inc,NTAP,QTX3D84DZDD5JYOCYH15,0001002047,2015.0,Q3,2014-10-25,2015-01-23,,netchangeincash,netcashfromfinancingactivities,Net Cash From Financing Activities,+,debit,usd,-176000000.0
NetApp Inc,NTAP,QTX3D84DZDD5JYOCYH15,0001002047,2015.0,Q3,2014-10-25,2015-01-23,,netchangeincash,effectofexchangeratechanges,Effect of Exchange Rate Changes,+,debit,usd,-34000000.0
NetApp Inc,NTAP,QTX3D84DZDD5JYOCYH15,0001002047,2015.0,Q3,2014-10-25,2015-01-23,,,netchangeincash,Net Change in Cash & Equivalents,=,debit,usd,-365000000.0
NetApp Inc,NTAP,QTX3D84DZDD5JYOCYH15,0001002047,2015.0,Q2YTD,2014-04-26,2014-10-24,2015-12-02 16:06:00+00:00,netincomecontinuing,netincome,Consolidated Net Income / (Loss),+,credit,usd,248000000.0
NetApp Inc,NTAP,QTX3D84DZDD5JYOCYH15,0001002047,2015.0,Q2YTD,2014-04-26,2014-10-24,2015-12-02 16:06:00+00:00,netcashfromcontinuingoperatingactivities,netincomecontinuing,Net Income / (Loss) Continuing Operations,+,credit,usd,248000000.0
NetApp Inc,NTAP,QTX3D84DZDD5JYOCYH15,0001002047,2015.0,Q2YTD,2014-04-26,2014-10-24,2015-12-02 16:06:00+00:00,netcashfromcontinuingoperatingactivities,depreciationexpense,Depreciation Expense,+,debit,usd,155000000.0
NetApp Inc,NTAP,QTX3D84DZDD5JYOCYH15,0001002047,2015.0,Q2YTD,2014-04-26,2014-10-24,2015-12-02 16:06:00+00:00,netcashfromcontinuingoperatingactivities,noncashadjustmentstonetincome,Non-Cash Adjustments To Reconcile Net Income,+,debit,usd,133000000.0
NetApp Inc,NTAP,QTX3D84DZDD5JYOCYH15,0001002047,2015.0,Q2YTD,2014-04-26,2014-10-24,2015-12-02 16:06:00+00:00,netcashfromcontinuingoperatingactivities,increasedecreaseinoperatingcapital,"Changes in Operating Assets and Liabilities, net",+,debit,usd,61000000.0
NetApp Inc,NTAP,QTX3D84DZDD5JYOCYH15,0001002047,2015.0,Q2YTD,2014-04-26,2014-10-24,2015-12-02 16:06:00+00:00,netcashfromoperatingactivities,netcashfromcontinuingoperatingactivities,Net Cash From Continuing Operating Activities,+,debit,usd,597000000.0
NetApp Inc,NTAP,QTX3D84DZDD5JYOCYH15,0001002047,2015.0,Q2YTD,2014-04-26,2014-10-24,2015-12-02 16:06:00+00:00,netchangeincash,netcashfromoperatingactivities,Net Cash From Operating Activities,+,debit,usd,597000000.0
NetApp Inc,NTAP,QTX3D84DZDD5JYOCYH15,0001002047,2015.0,Q2YTD,2014-04-26,2014-10-24,2015-12-02 16:06:00+00:00,netcashfromcontinuinginvestingactivities,purchaseofplantpropertyandequipment,"Purchase of Property, Plant & Equipment",+,debit,usd,-109000000.0
NetApp Inc,NTAP,QTX3D84DZDD5JYOCYH15,0001002047,2015.0,Q2YTD,2014-04-26,2014-10-24,2015-12-02 16:06:00+00:00,netcashfromcontinuinginvestingactivities,purchaseofinvestments,Purchase of Investments,+,debit,usd,-603000000.0
NetApp Inc,NTAP,QTX3D84DZDD5JYOCYH15,0001002047,2015.0,Q2YTD,2014-04-26,2014-10-24,2015-12-02 16:06:00+00:00,netcashfromcontinuinginvestingactivities,saleofinvestments,Sale and/or Maturity of Investments,+,debit,usd,964000000.0
NetApp Inc,NTAP,QTX3D84DZDD5JYOCYH15,0001002047,2015.0,Q2YTD,2014-04-26,2014-10-24,2015-12-02 16:06:00+00:00,netcashfromcontinuinginvestingactivities,otherinvestingactivitiesnet,"Other Investing Activities, net",+,debit,usd,-1000000.0
NetApp Inc,NTAP,QTX3D84DZDD5JYOCYH15,0001002047,2015.0,Q2YTD,2014-04-26,2014-10-24,2015-12-02 16:06:00+00:00,netcashfrominvestingactivities,netcashfromcontinuinginvestingactivities,Net Cash From Continuing Investing Activities,+,debit,usd,251000000.0
NetApp Inc,NTAP,QTX3D84DZDD5JYOCYH15,0001002047,2015.0,Q2YTD,2014-04-26,2014-10-24,2015-12-02 16:06:00+00:00,netchangeincash,netcashfrominvestingactivities,Net Cash From Investing Activities,+,debit,usd,251000000.0
NetApp Inc,NTAP,QTX3D84DZDD5JYOCYH15,0001002047,2015.0,Q2YTD,2014-04-26,2014-10-24,2015-12-02 16:06:00+00:00,netcashfromcontinuingfinancingactivities,repaymentofdebt,Repayment of Debt,+,debit,usd,-4000000.0
NetApp Inc,NTAP,QTX3D84DZDD5JYOCYH15,0001002047,2015.0,Q2YTD,2014-04-26,2014-10-24,2015-12-02 16:06:00+00:00,netcashfromcontinuingfinancingactivities,repurchaseofcommonequity,Repurchase of Common Equity,+,debit,usd,-719000000.0
NetApp Inc,NTAP,QTX3D84DZDD5JYOCYH15,0001002047,2015.0,Q2YTD,2014-04-26,2014-10-24,2015-12-02 16:06:00+00:00,netcashfromcontinuingfinancingactivities,paymentofdividends,Payment of Dividends,+,debit,usd,-105000000.0
NetApp Inc,NTAP,QTX3D84DZDD5JYOCYH15,0001002047,2015.0,Q2YTD,2014-04-26,2014-10-24,2015-12-02 16:06:00+00:00,netcashfromcontinuingfinancingactivities,issuanceofdebt,Issuance of Debt,+,debit,usd,495000000.0
NetApp Inc,NTAP,QTX3D84DZDD5JYOCYH15,0001002047,2015.0,Q2YTD,2014-04-26,2014-10-24,2015-12-02 16:06:00+00:00,netcashfromcontinuingfinancingactivities,issuanceofcommonequity,Issuance of Common Equity,+,debit,usd,71000000.0
NetApp Inc,NTAP,QTX3D84DZDD5JYOCYH15,0001002047,2015.0,Q2YTD,2014-04-26,2014-10-24,2015-12-02 16:06:00+00:00,netcashfromcontinuingfinancingactivities,otherfinancingactivitiesnet,"Other Financing Activities, net",+,debit,usd,49000000.0
NetApp Inc,NTAP,QTX3D84DZDD5JYOCYH15,0001002047,2015.0,Q2YTD,2014-04-26,2014-10-24,2015-12-02 16:06:00+00:00,netcashfromfinancingactivities,netcashfromcontinuingfinancingactivities,Net Cash From Continuing Financing Activities,+,debit,usd,-213000000.0
NetApp Inc,NTAP,QTX3D84DZDD5JYOCYH15,0001002047,2015.0,Q2YTD,2014-04-26,2014-10-24,2015-12-02 16:06:00+00:00,netchangeincash,netcashfromfinancingactivities,Net Cash From Financing Activities,+,debit,usd,-213000000.0
NetApp Inc,NTAP,QTX3D84DZDD5JYOCYH15,0001002047,2015.0,Q2YTD,2014-04-26,2014-10-24,2015-12-02 16:06:00+00:00,netchangeincash,effectofexchangeratechanges,Effect of Exchange Rate Changes,+,debit,usd,-21000000.0
NetApp Inc,NTAP,QTX3D84DZDD5JYOCYH15,0001002047,2015.0,Q2YTD,2014-04-26,2014-10-24,2015-12-02 16:06:00+00:00,,netchangeincash,Net Change in Cash & Equivalents,=,debit,usd,614000000.0
NetApp Inc,NTAP,QTX3D84DZDD5JYOCYH15,0001002047,2015.0,Q2TTM,2013-10-26,2014-10-24,,netincomecontinuing,netincome,Consolidated Net Income / (Loss),+,credit,usd,637100000.0
NetApp Inc,NTAP,QTX3D84DZDD5JYOCYH15,0001002047,2015.0,Q2TTM,2013-10-26,2014-10-24,,netcashfromcontinuingoperatingactivities,netincomecontinuing,Net Income / (Loss) Continuing Operations,+,credit,usd,637100000.0
NetApp Inc,NTAP,QTX3D84DZDD5JYOCYH15,0001002047,2015.0,Q2TTM,2013-10-26,2014-10-24,,netcashfromcontinuingoperatingactivities,depreciationexpense,Depreciation Expense,+,debit,usd,320700000.0
NetApp Inc,NTAP,QTX3D84DZDD5JYOCYH15,0001002047,2015.0,Q2TTM,2013-10-26,2014-10-24,,netcashfromcontinuingoperatingactivities,amortizationexpense,Amortization Expense,+,debit,usd,9700000.0
NetApp Inc,NTAP,QTX3D84DZDD5JYOCYH15,0001002047,2015.0,Q2TTM,2013-10-26,2014-10-24,,netcashfromcontinuingoperatingactivities,noncashadjustmentstonetincome,Non-Cash Adjustments To Reconcile Net Income,+,debit,usd,324200000.0
NetApp Inc,NTAP,QTX3D84DZDD5JYOCYH15,0001002047,2015.0,Q2TTM,2013-10-26,2014-10-24,,netcashfromcontinuingoperatingactivities,increasedecreaseinoperatingcapital,"Changes in Operating Assets and Liabilities, net",+,debit,usd,6400000.0
NetApp Inc,NTAP,QTX3D84DZDD5JYOCYH15,0001002047,2015.0,Q2TTM,2013-10-26,2014-10-24,,netcashfromoperatingactivities,netcashfromcontinuingoperatingactivities,Net Cash From Continuing Operating Activities,+,debit,usd,1298300000.0
NetApp Inc,NTAP,QTX3D84DZDD5JYOCYH15,0001002047,2015.0,Q2TTM,2013-10-26,2014-10-24,,netchangeincash,netcashfromoperatingactivities,Net Cash From Operating Activities,+,debit,usd,1298300000.0
NetApp Inc,NTAP,QTX3D84DZDD5JYOCYH15,0001002047,2015.0,Q2TTM,2013-10-26,2014-10-24,,netcashfromcontinuinginvestingactivities,purchaseofplantpropertyandequipment,"Purchase of Property, Plant & Equipment",+,debit,usd,-222900000.0
NetApp Inc,NTAP,QTX3D84DZDD5JYOCYH15,0001002047,2015.0,Q2TTM,2013-10-26,2014-10-24,,netcashfromcontinuinginvestingactivities,purchaseofinvestments,Purchase of Investments,+,debit,usd,-1145400000.0
NetApp Inc,NTAP,QTX3D84DZDD5JYOCYH15,0001002047,2015.0,Q2TTM,2013-10-26,2014-10-24,,netcashfromcontinuinginvestingactivities,saleofinvestments,Sale and/or Maturity of Investments,+,debit,usd,1809300000.0
NetApp Inc,NTAP,QTX3D84DZDD5JYOCYH15,0001002047,2015.0,Q2TTM,2013-10-26,2014-10-24,,netcashfromcontinuinginvestingactivities,otherinvestingactivitiesnet,"Other Investing Activities, net",+,debit,usd,2400000.0
NetApp Inc,NTAP,QTX3D84DZDD5JYOCYH15,0001002047,2015.0,Q2TTM,2013-10-26,2014-10-24,,netcashfrominvestingactivities,netcashfromcontinuinginvestingactivities,Net Cash From Continuing Investing Activities,+,debit,usd,443400000.0
NetApp Inc,NTAP,QTX3D84DZDD5JYOCYH15,0001002047,2015.0,Q2TTM,2013-10-26,2014-10-24,,netchangeincash,netcashfrominvestingactivities,Net Cash From Investing Activities,+,debit,usd,443400000.0
NetApp Inc,NTAP,QTX3D84DZDD5JYOCYH15,0001002047,2015.0,Q2TTM,2013-10-26,2014-10-24,,netcashfromcontinuingfinancingactivities,repaymentofdebt,Repayment of Debt,+,debit,usd,-7500000.0
NetApp Inc,NTAP,QTX3D84DZDD5JYOCYH15,0001002047,2015.0,Q2TTM,2013-10-26,2014-10-24,,netcashfromcontinuingfinancingactivities,repurchaseofcommonequity,Repurchase of Common Equity,+,debit,usd,-1600500000.0
NetApp Inc,NTAP,QTX3D84DZDD5JYOCYH15,0001002047,2015.0,Q2TTM,2013-10-26,2014-10-24,,netcashfromcontinuingfinancingactivities,paymentofdividends,Payment of Dividends,+,debit,usd,-204600000.0
NetApp Inc,NTAP,QTX3D84DZDD5JYOCYH15,0001002047,2015.0,Q2TTM,2013-10-26,2014-10-24,,netcashfromcontinuingfinancingactivities,issuanceofdebt,Issuance of Debt,+,debit,usd,495000000.0
NetApp Inc,NTAP,QTX3D84DZDD5JYOCYH15,0001002047,2015.0,Q2TTM,2013-10-26,2014-10-24,,netcashfromcontinuingfinancingactivities,issuanceofcommonequity,Issuance of Common Equity,+,debit,usd,148500000.0
NetApp Inc,NTAP,QTX3D84DZDD5JYOCYH15,0001002047,2015.0,Q2TTM,2013-10-26,2014-10-24,,netcashfromcontinuingfinancingactivities,otherfinancingactivitiesnet,"Other Financing Activities, net",+,debit,usd,92000000.0
NetApp Inc,NTAP,QTX3D84DZDD5JYOCYH15,0001002047,2015.0,Q2TTM,2013-10-26,2014-10-24,,netcashfromfinancingactivities,netcashfromcontinuingfinancingactivities,Net Cash From Continuing Financing Activities,+,debit,usd,-1077100000.0
NetApp Inc,NTAP,QTX3D84DZDD5JYOCYH15,0001002047,2015.0,Q2TTM,2013-10-26,2014-10-24,,netchangeincash,netcashfromfinancingactivities,Net Cash From Financing Activities,+,debit,usd,-1077100000.0
NetApp Inc,NTAP,QTX3D84DZDD5JYOCYH15,0001002047,2015.0,Q2TTM,2013-10-26,2014-10-24,,netchangeincash,effectofexchangeratechanges,Effect of Exchange Rate Changes,+,debit,usd,-20100000.0
NetApp Inc,NTAP,QTX3D84DZDD5JYOCYH15,0001002047,2015.0,Q2TTM,2013-10-26,2014-10-24,,,netchangeincash,Net Change in Cash & Equivalents,=,debit,usd,644500000.0
NetApp Inc,NTAP,QTX3D84DZDD5JYOCYH15,0001002047,2015.0,Q2,2014-07-26,2014-10-24,,netincomecontinuing,netincome,Consolidated Net Income / (Loss),+,credit,usd,160000000.0
NetApp Inc,NTAP,QTX3D84DZDD5JYOCYH15,0001002047,2015.0,Q2,2014-07-26,2014-10-24,,netcashfromcontinuingoperatingactivities,netincomecontinuing,Net Income / (Loss) Continuing Operations,+,credit,usd,160000000.0
NetApp Inc,NTAP,QTX3D84DZDD5JYOCYH15,0001002047,2015.0,Q2,2014-07-26,2014-10-24,,netcashfromcontinuingoperatingactivities,depreciationexpense,Depreciation Expense,+,debit,usd,77000000.0
NetApp Inc,NTAP,QTX3D84DZDD5JYOCYH15,0001002047,2015.0,Q2,2014-07-26,2014-10-24,,netcashfromcontinuingoperatingactivities,noncashadjustmentstonetincome,Non-Cash Adjustments To Reconcile Net Income,+,debit,usd,76000000.0
NetApp Inc,NTAP,QTX3D84DZDD5JYOCYH15,0001002047,2015.0,Q2,2014-07-26,2014-10-24,,netcashfromcontinuingoperatingactivities,increasedecreaseinoperatingcapital,"Changes in Operating Assets and Liabilities, net",+,debit,usd,68000000.0
NetApp Inc,NTAP,QTX3D84DZDD5JYOCYH15,0001002047,2015.0,Q2,2014-07-26,2014-10-24,,netcashfromoperatingactivities,netcashfromcontinuingoperatingactivities,Net Cash From Continuing Operating Activities,+,debit,usd,381000000.0
NetApp Inc,NTAP,QTX3D84DZDD5JYOCYH15,0001002047,2015.0,Q2,2014-07-26,2014-10-24,,netchangeincash,netcashfromoperatingactivities,Net Cash From Operating Activities,+,debit,usd,381000000.0
NetApp Inc,NTAP,QTX3D84DZDD5JYOCYH15,0001002047,2015.0,Q2,2014-07-26,2014-10-24,,netcashfromcontinuinginvestingactivities,purchaseofplantpropertyandequipment,"Purchase of Property, Plant & Equipment",+,debit,usd,-51000000.0
NetApp Inc,NTAP,QTX3D84DZDD5JYOCYH15,0001002047,2015.0,Q2,2014-07-26,2014-10-24,,netcashfromcontinuinginvestingactivities,purchaseofinvestments,Purchase of Investments,+,debit,usd,-271000000.0
NetApp Inc,NTAP,QTX3D84DZDD5JYOCYH15,0001002047,2015.0,Q2,2014-07-26,2014-10-24,,netcashfromcontinuinginvestingactivities,saleofinvestments,Sale and/or Maturity of Investments,+,debit,usd,441000000.0
NetApp Inc,NTAP,QTX3D84DZDD5JYOCYH15,0001002047,2015.0,Q2,2014-07-26,2014-10-24,,netcashfromcontinuinginvestingactivities,otherinvestingactivitiesnet,"Other Investing Activities, net",+,debit,usd,-1000000.0
NetApp Inc,NTAP,QTX3D84DZDD5JYOCYH15,0001002047,2015.0,Q2,2014-07-26,2014-10-24,,netcashfrominvestingactivities,netcashfromcontinuinginvestingactivities,Net Cash From Continuing Investing Activities,+,debit,usd,118000000.0
NetApp Inc,NTAP,QTX3D84DZDD5JYOCYH15,0001002047,2015.0,Q2,2014-07-26,2014-10-24,,netchangeincash,netcashfrominvestingactivities,Net Cash From Investing Activities,+,debit,usd,118000000.0
NetApp Inc,NTAP,QTX3D84DZDD5JYOCYH15,0001002047,2015.0,Q2,2014-07-26,2014-10-24,,netcashfromcontinuingfinancingactivities,repaymentofdebt,Repayment of Debt,+,debit,usd,-2000000.0
NetApp Inc,NTAP,QTX3D84DZDD5JYOCYH15,0001002047,2015.0,Q2,2014-07-26,2014-10-24,,netcashfromcontinuingfinancingactivities,repurchaseofcommonequity,Repurchase of Common Equity,+,debit,usd,-600000000.0
NetApp Inc,NTAP,QTX3D84DZDD5JYOCYH15,0001002047,2015.0,Q2,2014-07-26,2014-10-24,,netcashfromcontinuingfinancingactivities,paymentofdividends,Payment of Dividends,+,debit,usd,-52000000.0
NetApp Inc,NTAP,QTX3D84DZDD5JYOCYH15,0001002047,2015.0,Q2,2014-07-26,2014-10-24,,netcashfromcontinuingfinancingactivities,issuanceofcommonequity,Issuance of Common Equity,+,debit,usd,43000000.0
NetApp Inc,NTAP,QTX3D84DZDD5JYOCYH15,0001002047,2015.0,Q2,2014-07-26,2014-10-24,,netcashfromcontinuingfinancingactivities,otherfinancingactivitiesnet,"Other Financing Activities, net",+,debit,usd,6000000.0
NetApp Inc,NTAP,QTX3D84DZDD5JYOCYH15,0001002047,2015.0,Q2,2014-07-26,2014-10-24,,netcashfromfinancingactivities,netcashfromcontinuingfinancingactivities,Net Cash From Continuing Financing Activities,+,debit,usd,-605000000.0
NetApp Inc,NTAP,QTX3D84DZDD5JYOCYH15,0001002047,2015.0,Q2,2014-07-26,2014-10-24,,netchangeincash,netcashfromfinancingactivities,Net Cash From Financing Activities,+,debit,usd,-605000000.0
NetApp Inc,NTAP,QTX3D84DZDD5JYOCYH15,0001002047,2015.0,Q2,2014-07-26,2014-10-24,,netchangeincash,effectofexchangeratechanges,Effect of Exchange Rate Changes,+,debit,usd,-21000000.0
NetApp Inc,NTAP,QTX3D84DZDD5JYOCYH15,0001002047,2015.0,Q2,2014-07-26,2014-10-24,,,netchangeincash,Net Change in Cash & Equivalents,=,debit,usd,-127000000.0
NetApp Inc,NTAP,QTX3D84DZDD5JYOCYH15,0001002047,2015.0,Q1,2014-04-26,2014-07-25,2015-09-08 16:45:57+00:00,netincomecontinuing,netincome,Consolidated Net Income / (Loss),+,credit,usd,88000000.0
NetApp Inc,NTAP,QTX3D84DZDD5JYOCYH15,0001002047,2015.0,Q1,2014-04-26,2014-07-25,2015-09-08 16:45:57+00:00,netcashfromcontinuingoperatingactivities,netincomecontinuing,Net Income / (Loss) Continuing Operations,+,credit,usd,88000000.0
NetApp Inc,NTAP,QTX3D84DZDD5JYOCYH15,0001002047,2015.0,Q1,2014-04-26,2014-07-25,2015-09-08 16:45:57+00:00,netcashfromcontinuingoperatingactivities,depreciationexpense,Depreciation Expense,+,debit,usd,78000000.0
NetApp Inc,NTAP,QTX3D84DZDD5JYOCYH15,0001002047,2015.0,Q1,2014-04-26,2014-07-25,2015-09-08 16:45:57+00:00,netcashfromcontinuingoperatingactivities,noncashadjustmentstonetincome,Non-Cash Adjustments To Reconcile Net Income,+,debit,usd,57000000.0
NetApp Inc,NTAP,QTX3D84DZDD5JYOCYH15,0001002047,2015.0,Q1,2014-04-26,2014-07-25,2015-09-08 16:45:57+00:00,netcashfromcontinuingoperatingactivities,increasedecreaseinoperatingcapital,"Changes in Operating Assets and Liabilities, net",+,debit,usd,-7000000.0
NetApp Inc,NTAP,QTX3D84DZDD5JYOCYH15,0001002047,2015.0,Q1,2014-04-26,2014-07-25,2015-09-08 16:45:57+00:00,netcashfromoperatingactivities,netcashfromcontinuingoperatingactivities,Net Cash From Continuing Operating Activities,+,debit,usd,216000000.0
NetApp Inc,NTAP,QTX3D84DZDD5JYOCYH15,0001002047,2015.0,Q1,2014-04-26,2014-07-25,2015-09-08 16:45:57+00:00,netchangeincash,netcashfromoperatingactivities,Net Cash From Operating Activities,+,debit,usd,216000000.0
NetApp Inc,NTAP,QTX3D84DZDD5JYOCYH15,0001002047,2015.0,Q1,2014-04-26,2014-07-25,2015-09-08 16:45:57+00:00,netcashfromcontinuinginvestingactivities,purchaseofplantpropertyandequipment,"Purchase of Property, Plant & Equipment",+,debit,usd,-58000000.0
NetApp Inc,NTAP,QTX3D84DZDD5JYOCYH15,0001002047,2015.0,Q1,2014-04-26,2014-07-25,2015-09-08 16:45:57+00:00,netcashfromcontinuinginvestingactivities,purchaseofinvestments,Purchase of Investments,+,debit,usd,-332000000.0
NetApp Inc,NTAP,QTX3D84DZDD5JYOCYH15,0001002047,2015.0,Q1,2014-04-26,2014-07-25,2015-09-08 16:45:57+00:00,netcashfromcontinuinginvestingactivities,saleofinvestments,Sale and/or Maturity of Investments,+,debit,usd,523000000.0
NetApp Inc,NTAP,QTX3D84DZDD5JYOCYH15,0001002047,2015.0,Q1,2014-04-26,2014-07-25,2015-09-08 16:45:57+00:00,netcashfromcontinuinginvestingactivities,otherinvestingactivitiesnet,"Other Investing Activities, net",+,debit,usd,0.0
NetApp Inc,NTAP,QTX3D84DZDD5JYOCYH15,0001002047,2015.0,Q1,2014-04-26,2014-07-25,2015-09-08 16:45:57+00:00,netcashfrominvestingactivities,netcashfromcontinuinginvestingactivities,Net Cash From Continuing Investing Activities,+,debit,usd,133000000.0
NetApp Inc,NTAP,QTX3D84DZDD5JYOCYH15,0001002047,2015.0,Q1,2014-04-26,2014-07-25,2015-09-08 16:45:57+00:00,netchangeincash,netcashfrominvestingactivities,Net Cash From Investing Activities,+,debit,usd,133000000.0
NetApp Inc,NTAP,QTX3D84DZDD5JYOCYH15,0001002047,2015.0,Q1,2014-04-26,2014-07-25,2015-09-08 16:45:57+00:00,netcashfromcontinuingfinancingactivities,repaymentofdebt,Repayment of Debt,+,debit,usd,-2000000.0
NetApp Inc,NTAP,QTX3D84DZDD5JYOCYH15,0001002047,2015.0,Q1,2014-04-26,2014-07-25,2015-09-08 16:45:57+00:00,netcashfromcontinuingfinancingactivities,repurchaseofcommonequity,Repurchase of Common Equity,+,debit,usd,-119000000.0
NetApp Inc,NTAP,QTX3D84DZDD5JYOCYH15,0001002047,2015.0,Q1,2014-04-26,2014-07-25,2015-09-08 16:45:57+00:00,netcashfromcontinuingfinancingactivities,paymentofdividends,Payment of Dividends,+,debit,usd,-53000000.0
NetApp Inc,NTAP,QTX3D84DZDD5JYOCYH15,0001002047,2015.0,Q1,2014-04-26,2014-07-25,2015-09-08 16:45:57+00:00,netcashfromcontinuingfinancingactivities,issuanceofdebt,Issuance of Debt,+,debit,usd,495000000.0
NetApp Inc,NTAP,QTX3D84DZDD5JYOCYH15,0001002047,2015.0,Q1,2014-04-26,2014-07-25,2015-09-08 16:45:57+00:00,netcashfromcontinuingfinancingactivities,issuanceofcommonequity,Issuance of Common Equity,+,debit,usd,28000000.0
NetApp Inc,NTAP,QTX3D84DZDD5JYOCYH15,0001002047,2015.0,Q1,2014-04-26,2014-07-25,2015-09-08 16:45:57+00:00,netcashfromcontinuingfinancingactivities,otherfinancingactivitiesnet,"Other Financing Activities, net",+,debit,usd,43000000.0
NetApp Inc,NTAP,QTX3D84DZDD5JYOCYH15,0001002047,2015.0,Q1,2014-04-26,2014-07-25,2015-09-08 16:45:57+00:00,netcashfromfinancingactivities,netcashfromcontinuingfinancingactivities,Net Cash From Continuing Financing Activities,+,debit,usd,392000000.0
NetApp Inc,NTAP,QTX3D84DZDD5JYOCYH15,0001002047,2015.0,Q1,2014-04-26,2014-07-25,2015-09-08 16:45:57+00:00,netchangeincash,netcashfromfinancingactivities,Net Cash From Financing Activities,+,debit,usd,392000000.0
NetApp Inc,NTAP,QTX3D84DZDD5JYOCYH15,0001002047,2015.0,Q1,2014-04-26,2014-07-25,2015-09-08 16:45:57+00:00,netchangeincash,effectofexchangeratechanges,Effect of Exchange Rate Changes,+,debit,usd,0.0
NetApp Inc,NTAP,QTX3D84DZDD5JYOCYH15,0001002047,2015.0,Q1,2014-04-26,2014-07-25,2015-09-08 16:45:57+00:00,,netchangeincash,Net Change in Cash & Equivalents,=,debit,usd,741000000.0
NetApp Inc,NTAP,QTX3D84DZDD5JYOCYH15,0001002047,2015.0,Q1TTM,2013-07-27,2014-07-25,,netincomecontinuing,netincome,Consolidated Net Income / (Loss),+,credit,usd,643900000.0
NetApp Inc,NTAP,QTX3D84DZDD5JYOCYH15,0001002047,2015.0,Q1TTM,2013-07-27,2014-07-25,,netcashfromcontinuingoperatingactivities,netincomecontinuing,Net Income / (Loss) Continuing Operations,+,credit,usd,643900000.0
NetApp Inc,NTAP,QTX3D84DZDD5JYOCYH15,0001002047,2015.0,Q1TTM,2013-07-27,2014-07-25,,netcashfromcontinuingoperatingactivities,depreciationexpense,Depreciation Expense,+,debit,usd,326200000.0
NetApp Inc,NTAP,QTX3D84DZDD5JYOCYH15,0001002047,2015.0,Q1TTM,2013-07-27,2014-07-25,,netcashfromcontinuingoperatingactivities,amortizationexpense,Amortization Expense,+,debit,usd,1500000.0
NetApp Inc,NTAP,QTX3D84DZDD5JYOCYH15,0001002047,2015.0,Q1TTM,2013-07-27,2014-07-25,,netcashfromcontinuingoperatingactivities,noncashadjustmentstonetincome,Non-Cash Adjustments To Reconcile Net Income,+,debit,usd,324000000.0
NetApp Inc,NTAP,QTX3D84DZDD5JYOCYH15,0001002047,2015.0,Q1TTM,2013-07-27,2014-07-25,,netcashfromcontinuingoperatingactivities,increasedecreaseinoperatingcapital,"Changes in Operating Assets and Liabilities, net",+,debit,usd,-16000000.0
NetApp Inc,NTAP,QTX3D84DZDD5JYOCYH15,0001002047,2015.0,Q1TTM,2013-07-27,2014-07-25,,netcashfromoperatingactivities,netcashfromcontinuingoperatingactivities,Net Cash From Continuing Operating Activities,+,debit,usd,1279800000.0
NetApp Inc,NTAP,QTX3D84DZDD5JYOCYH15,0001002047,2015.0,Q1TTM,2013-07-27,2014-07-25,,netchangeincash,netcashfromoperatingactivities,Net Cash From Operating Activities,+,debit,usd,1279800000.0
NetApp Inc,NTAP,QTX3D84DZDD5JYOCYH15,0001002047,2015.0,Q1TTM,2013-07-27,2014-07-25,,netcashfromcontinuinginvestingactivities,purchaseofplantpropertyandequipment,"Purchase of Property, Plant & Equipment",+,debit,usd,-214100000.0
NetApp Inc,NTAP,QTX3D84DZDD5JYOCYH15,0001002047,2015.0,Q1TTM,2013-07-27,2014-07-25,,netcashfromcontinuinginvestingactivities,purchaseofinvestments,Purchase of Investments,+,debit,usd,-1115600000.0
NetApp Inc,NTAP,QTX3D84DZDD5JYOCYH15,0001002047,2015.0,Q1TTM,2013-07-27,2014-07-25,,netcashfromcontinuinginvestingactivities,saleofinvestments,Sale and/or Maturity of Investments,+,debit,usd,1891600000.0
NetApp Inc,NTAP,QTX3D84DZDD5JYOCYH15,0001002047,2015.0,Q1TTM,2013-07-27,2014-07-25,,netcashfromcontinuinginvestingactivities,otherinvestingactivitiesnet,"Other Investing Activities, net",+,debit,usd,5600000.0
NetApp Inc,NTAP,QTX3D84DZDD5JYOCYH15,0001002047,2015.0,Q1TTM,2013-07-27,2014-07-25,,netcashfrominvestingactivities,netcashfromcontinuinginvestingactivities,Net Cash From Continuing Investing Activities,+,debit,usd,567500000.0
NetApp Inc,NTAP,QTX3D84DZDD5JYOCYH15,0001002047,2015.0,Q1TTM,2013-07-27,2014-07-25,,netchangeincash,netcashfrominvestingactivities,Net Cash From Investing Activities,+,debit,usd,567500000.0
NetApp Inc,NTAP,QTX3D84DZDD5JYOCYH15,0001002047,2015.0,Q1TTM,2013-07-27,2014-07-25,,netcashfromcontinuingfinancingactivities,repaymentofdebt,Repayment of Debt,+,debit,usd,-11200000.0
NetApp Inc,NTAP,QTX3D84DZDD5JYOCYH15,0001002047,2015.0,Q1TTM,2013-07-27,2014-07-25,,netcashfromcontinuingfinancingactivities,repurchaseofcommonequity,Repurchase of Common Equity,+,debit,usd,-1151000000.0
NetApp Inc,NTAP,QTX3D84DZDD5JYOCYH15,0001002047,2015.0,Q1TTM,2013-07-27,2014-07-25,,netcashfromcontinuingfinancingactivities,paymentofdividends,Payment of Dividends,+,debit,usd,-203900000.0
NetApp Inc,NTAP,QTX3D84DZDD5JYOCYH15,0001002047,2015.0,Q1TTM,2013-07-27,2014-07-25,,netcashfromcontinuingfinancingactivities,issuanceofdebt,Issuance of Debt,+,debit,usd,485500000.0
NetApp Inc,NTAP,QTX3D84DZDD5JYOCYH15,0001002047,2015.0,Q1TTM,2013-07-27,2014-07-25,,netcashfromcontinuingfinancingactivities,issuanceofcommonequity,Issuance of Common Equity,+,debit,usd,157900000.0
NetApp Inc,NTAP,QTX3D84DZDD5JYOCYH15,0001002047,2015.0,Q1TTM,2013-07-27,2014-07-25,,netcashfromcontinuingfinancingactivities,otherfinancingactivitiesnet,"Other Financing Activities, net",+,debit,usd,95400000.0
NetApp Inc,NTAP,QTX3D84DZDD5JYOCYH15,0001002047,2015.0,Q1TTM,2013-07-27,2014-07-25,,netcashfromfinancingactivities,netcashfromcontinuingfinancingactivities,Net Cash From Continuing Financing Activities,+,debit,usd,-627300000.0
NetApp Inc,NTAP,QTX3D84DZDD5JYOCYH15,0001002047,2015.0,Q1TTM,2013-07-27,2014-07-25,,netchangeincash,netcashfromfinancingactivities,Net Cash From Financing Activities,+,debit,usd,-627300000.0
NetApp Inc,NTAP,QTX3D84DZDD5JYOCYH15,0001002047,2015.0,Q1TTM,2013-07-27,2014-07-25,,netchangeincash,effectofexchangeratechanges,Effect of Exchange Rate Changes,+,debit,usd,15200000.0
NetApp Inc,NTAP,QTX3D84DZDD5JYOCYH15,0001002047,2015.0,Q1TTM,2013-07-27,2014-07-25,,,netchangeincash,Net Change in Cash & Equivalents,=,debit,usd,1235200000.0
NetApp Inc,NTAP,QTX3D84DZDD5JYOCYH15,0001002047,2016.0,FY,2015-04-25,2016-04-29,2018-06-19 16:30:25+00:00,netincomecontinuing,netincome,Consolidated Net Income / (Loss),+,credit,usd,229000000.0
NetApp Inc,NTAP,QTX3D84DZDD5JYOCYH15,0001002047,2016.0,FY,2015-04-25,2016-04-29,2018-06-19 16:30:25+00:00,netcashfromcontinuingoperatingactivities,netincomecontinuing,Net Income / (Loss) Continuing Operations,+,credit,usd,229000000.0
NetApp Inc,NTAP,QTX3D84DZDD5JYOCYH15,0001002047,2016.0,FY,2015-04-25,2016-04-29,2018-06-19 16:30:25+00:00,netcashfromcontinuingoperatingactivities,depreciationexpense,Depreciation Expense,+,debit,usd,279000000.0
NetApp Inc,NTAP,QTX3D84DZDD5JYOCYH15,0001002047,2016.0,FY,2015-04-25,2016-04-29,2018-06-19 16:30:25+00:00,netcashfromcontinuingoperatingactivities,noncashadjustmentstonetincome,Non-Cash Adjustments To Reconcile Net Income,+,debit,usd,209000000.0
NetApp Inc,NTAP,QTX3D84DZDD5JYOCYH15,0001002047,2016.0,FY,2015-04-25,2016-04-29,2018-06-19 16:30:25+00:00,netcashfromcontinuingoperatingactivities,increasedecreaseinoperatingcapital,"Changes in Operating Assets and Liabilities, net",+,debit,usd,257000000.0
NetApp Inc,NTAP,QTX3D84DZDD5JYOCYH15,0001002047,2016.0,FY,2015-04-25,2016-04-29,2018-06-19 16:30:25+00:00,netcashfromoperatingactivities,netcashfromcontinuingoperatingactivities,Net Cash From Continuing Operating Activities,+,debit,usd,974000000.0
NetApp Inc,NTAP,QTX3D84DZDD5JYOCYH15,0001002047,2016.0,FY,2015-04-25,2016-04-29,2018-06-19 16:30:25+00:00,netchangeincash,netcashfromoperatingactivities,Net Cash From Operating Activities,+,debit,usd,974000000.0
NetApp Inc,NTAP,QTX3D84DZDD5JYOCYH15,0001002047,2016.0,FY,2015-04-25,2016-04-29,2018-06-19 16:30:25+00:00,netcashfromcontinuinginvestingactivities,purchaseofplantpropertyandequipment,"Purchase of Property, Plant & Equipment",+,debit,usd,-160000000.0
NetApp Inc,NTAP,QTX3D84DZDD5JYOCYH15,0001002047,2016.0,FY,2015-04-25,2016-04-29,2018-06-19 16:30:25+00:00,netcashfromcontinuinginvestingactivities,acquisitions,Acquisitions,+,debit,usd,-842000000.0
NetApp Inc,NTAP,QTX3D84DZDD5JYOCYH15,0001002047,2016.0,FY,2015-04-25,2016-04-29,2018-06-19 16:30:25+00:00,netcashfromcontinuinginvestingactivities,purchaseofinvestments,Purchase of Investments,+,debit,usd,-1589000000.0
NetApp Inc,NTAP,QTX3D84DZDD5JYOCYH15,0001002047,2016.0,FY,2015-04-25,2016-04-29,2018-06-19 16:30:25+00:00,netcashfromcontinuinginvestingactivities,saleofplantpropertyandequipment,"Sale of Property, Plant & Equipment",+,debit,usd,102000000.0
NetApp Inc,NTAP,QTX3D84DZDD5JYOCYH15,0001002047,2016.0,FY,2015-04-25,2016-04-29,2018-06-19 16:30:25+00:00,netcashfromcontinuinginvestingactivities,saleofinvestments,Sale and/or Maturity of Investments,+,debit,usd,2571000000.0
NetApp Inc,NTAP,QTX3D84DZDD5JYOCYH15,0001002047,2016.0,FY,2015-04-25,2016-04-29,2018-06-19 16:30:25+00:00,netcashfromcontinuinginvestingactivities,otherinvestingactivitiesnet,"Other Investing Activities, net",+,debit,usd,3000000.0
NetApp Inc,NTAP,QTX3D84DZDD5JYOCYH15,0001002047,2016.0,FY,2015-04-25,2016-04-29,2018-06-19 16:30:25+00:00,netcashfrominvestingactivities,netcashfromcontinuinginvestingactivities,Net Cash From Continuing Investing Activities,+,debit,usd,85000000.0
NetApp Inc,NTAP,QTX3D84DZDD5JYOCYH15,0001002047,2016.0,FY,2015-04-25,2016-04-29,2018-06-19 16:30:25+00:00,netchangeincash,netcashfrominvestingactivities,Net Cash From Investing Activities,+,debit,usd,85000000.0
NetApp Inc,NTAP,QTX3D84DZDD5JYOCYH15,0001002047,2016.0,FY,2015-04-25,2016-04-29,2018-06-19 16:30:25+00:00,netcashfromcontinuingfinancingactivities,repaymentofdebt,Repayment of Debt,+,debit,usd,-27000000.0
NetApp Inc,NTAP,QTX3D84DZDD5JYOCYH15,0001002047,2016.0,FY,2015-04-25,2016-04-29,2018-06-19 16:30:25+00:00,netcashfromcontinuingfinancingactivities,repurchaseofcommonequity,Repurchase of Common Equity,+,debit,usd,-960000000.0
NetApp Inc,NTAP,QTX3D84DZDD5JYOCYH15,0001002047,2016.0,FY,2015-04-25,2016-04-29,2018-06-19 16:30:25+00:00,netcashfromcontinuingfinancingactivities,paymentofdividends,Payment of Dividends,+,debit,usd,-210000000.0
NetApp Inc,NTAP,QTX3D84DZDD5JYOCYH15,0001002047,2016.0,FY,2015-04-25,2016-04-29,2018-06-19 16:30:25+00:00,netcashfromcontinuingfinancingactivities,issuanceofdebt,Issuance of Debt,+,debit,usd,870000000.0
NetApp Inc,NTAP,QTX3D84DZDD5JYOCYH15,0001002047,2016.0,FY,2015-04-25,2016-04-29,2018-06-19 16:30:25+00:00,netcashfromcontinuingfinancingactivities,issuanceofcommonequity,Issuance of Common Equity,+,debit,usd,120000000.0
NetApp Inc,NTAP,QTX3D84DZDD5JYOCYH15,0001002047,2016.0,FY,2015-04-25,2016-04-29,2018-06-19 16:30:25+00:00,netcashfromcontinuingfinancingactivities,otherfinancingactivitiesnet,"Other Financing Activities, net",+,debit,usd,98000000.0
NetApp Inc,NTAP,QTX3D84DZDD5JYOCYH15,0001002047,2016.0,FY,2015-04-25,2016-04-29,2018-06-19 16:30:25+00:00,netcashfromfinancingactivities,netcashfromcontinuingfinancingactivities,Net Cash From Continuing Financing Activities,+,debit,usd,-109000000.0
NetApp Inc,NTAP,QTX3D84DZDD5JYOCYH15,0001002047,2016.0,FY,2015-04-25,2016-04-29,2018-06-19 16:30:25+00:00,netchangeincash,netcashfromfinancingactivities,Net Cash From Financing Activities,+,debit,usd,-109000000.0
NetApp Inc,NTAP,QTX3D84DZDD5JYOCYH15,0001002047,2016.0,FY,2015-04-25,2016-04-29,2018-06-19 16:30:25+00:00,netchangeincash,effectofexchangeratechanges,Effect of Exchange Rate Changes,+,debit,usd,-4000000.0
NetApp Inc,NTAP,QTX3D84DZDD5JYOCYH15,0001002047,2016.0,FY,2015-04-25,2016-04-29,2018-06-19 16:30:25+00:00,,netchangeincash,Net Change in Cash & Equivalents,=,debit,usd,946000000.0
NetApp Inc,NTAP,QTX3D84DZDD5JYOCYH15,0001002047,2016.0,Q4,2016-01-30,2016-04-29,,netincomecontinuing,netincome,Consolidated Net Income / (Loss),+,credit,usd,-8000000.0
NetApp Inc,NTAP,QTX3D84DZDD5JYOCYH15,0001002047,2016.0,Q4,2016-01-30,2016-04-29,,netcashfromcontinuingoperatingactivities,netincomecontinuing,Net Income / (Loss) Continuing Operations,+,credit,usd,-8000000.0
NetApp Inc,NTAP,QTX3D84DZDD5JYOCYH15,0001002047,2016.0,Q4,2016-01-30,2016-04-29,,netcashfromcontinuingoperatingactivities,depreciationexpense,Depreciation Expense,+,debit,usd,77000000.0
NetApp Inc,NTAP,QTX3D84DZDD5JYOCYH15,0001002047,2016.0,Q4,2016-01-30,2016-04-29,,netcashfromcontinuingoperatingactivities,noncashadjustmentstonetincome,Non-Cash Adjustments To Reconcile Net Income,+,debit,usd,10000000.0
NetApp Inc,NTAP,QTX3D84DZDD5JYOCYH15,0001002047,2016.0,Q4,2016-01-30,2016-04-29,,netcashfromcontinuingoperatingactivities,increasedecreaseinoperatingcapital,"Changes in Operating Assets and Liabilities, net",+,debit,usd,266000000.0
NetApp Inc,NTAP,QTX3D84DZDD5JYOCYH15,0001002047,2016.0,Q4,2016-01-30,2016-04-29,,netcashfromoperatingactivities,netcashfromcontinuingoperatingactivities,Net Cash From Continuing Operating Activities,+,debit,usd,345000000.0
NetApp Inc,NTAP,QTX3D84DZDD5JYOCYH15,0001002047,2016.0,Q4,2016-01-30,2016-04-29,,netchangeincash,netcashfromoperatingactivities,Net Cash From Operating Activities,+,debit,usd,345000000.0
NetApp Inc,NTAP,QTX3D84DZDD5JYOCYH15,0001002047,2016.0,Q4,2016-01-30,2016-04-29,,netcashfromcontinuinginvestingactivities,purchaseofplantpropertyandequipment,"Purchase of Property, Plant & Equipment",+,debit,usd,-35000000.0
NetApp Inc,NTAP,QTX3D84DZDD5JYOCYH15,0001002047,2016.0,Q4,2016-01-30,2016-04-29,,netcashfromcontinuinginvestingactivities,acquisitions,Acquisitions,+,debit,usd,-842000000.0
NetApp Inc,NTAP,QTX3D84DZDD5JYOCYH15,0001002047,2016.0,Q4,2016-01-30,2016-04-29,,netcashfromcontinuinginvestingactivities,purchaseofinvestments,Purchase of Investments,+,debit,usd,-420000000.0
NetApp Inc,NTAP,QTX3D84DZDD5JYOCYH15,0001002047,2016.0,Q4,2016-01-30,2016-04-29,,netcashfromcontinuinginvestingactivities,saleofplantpropertyandequipment,"Sale of Property, Plant & Equipment",+,debit,usd,102000000.0
NetApp Inc,NTAP,QTX3D84DZDD5JYOCYH15,0001002047,2016.0,Q4,2016-01-30,2016-04-29,,netcashfromcontinuinginvestingactivities,saleofinvestments,Sale and/or Maturity of Investments,+,debit,usd,523000000.0
NetApp Inc,NTAP,QTX3D84DZDD5JYOCYH15,0001002047,2016.0,Q4,2016-01-30,2016-04-29,,netcashfromcontinuinginvestingactivities,otherinvestingactivitiesnet,"Other Investing Activities, net",+,debit,usd,4000000.0
NetApp Inc,NTAP,QTX3D84DZDD5JYOCYH15,0001002047,2016.0,Q4,2016-01-30,2016-04-29,,netcashfrominvestingactivities,netcashfromcontinuinginvestingactivities,Net Cash From Continuing Investing Activities,+,debit,usd,-668000000.0
NetApp Inc,NTAP,QTX3D84DZDD5JYOCYH15,0001002047,2016.0,Q4,2016-01-30,2016-04-29,,netchangeincash,netcashfrominvestingactivities,Net Cash From Investing Activities,+,debit,usd,-668000000.0
NetApp Inc,NTAP,QTX3D84DZDD5JYOCYH15,0001002047,2016.0,Q4,2016-01-30,2016-04-29,,netcashfromcontinuingfinancingactivities,repaymentofdebt,Repayment of Debt,+,debit,usd,-24000000.0
NetApp Inc,NTAP,QTX3D84DZDD5JYOCYH15,0001002047,2016.0,Q4,2016-01-30,2016-04-29,,netcashfromcontinuingfinancingactivities,repurchaseofcommonequity,Repurchase of Common Equity,+,debit,usd,-262000000.0
NetApp Inc,NTAP,QTX3D84DZDD5JYOCYH15,0001002047,2016.0,Q4,2016-01-30,2016-04-29,,netcashfromcontinuingfinancingactivities,paymentofdividends,Payment of Dividends,+,debit,usd,-51000000.0
NetApp Inc,NTAP,QTX3D84DZDD5JYOCYH15,0001002047,2016.0,Q4,2016-01-30,2016-04-29,,netcashfromcontinuingfinancingactivities,issuanceofdebt,Issuance of Debt,+,debit,usd,870000000.0
NetApp Inc,NTAP,QTX3D84DZDD5JYOCYH15,0001002047,2016.0,Q4,2016-01-30,2016-04-29,,netcashfromcontinuingfinancingactivities,issuanceofcommonequity,Issuance of Common Equity,+,debit,usd,50000000.0
NetApp Inc,NTAP,QTX3D84DZDD5JYOCYH15,0001002047,2016.0,Q4,2016-01-30,2016-04-29,,netcashfromcontinuingfinancingactivities,otherfinancingactivitiesnet,"Other Financing Activities, net",+,debit,usd,98000000.0
NetApp Inc,NTAP,QTX3D84DZDD5JYOCYH15,0001002047,2016.0,Q4,2016-01-30,2016-04-29,,netcashfromfinancingactivities,netcashfromcontinuingfinancingactivities,Net Cash From Continuing Financing Activities,+,debit,usd,681000000.0
NetApp Inc,NTAP,QTX3D84DZDD5JYOCYH15,0001002047,2016.0,Q4,2016-01-30,2016-04-29,,netchangeincash,netcashfromfinancingactivities,Net Cash From Financing Activities,+,debit,usd,681000000.0
NetApp Inc,NTAP,QTX3D84DZDD5JYOCYH15,0001002047,2016.0,Q4,2016-01-30,2016-04-29,,netchangeincash,effectofexchangeratechanges,Effect of Exchange Rate Changes,+,debit,usd,15000000.0
NetApp Inc,NTAP,QTX3D84DZDD5JYOCYH15,0001002047,2016.0,Q4,2016-01-30,2016-04-29,,,netchangeincash,Net Change in Cash & Equivalents,=,debit,usd,373000000.0
NetApp Inc,NTAP,QTX3D84DZDD5JYOCYH15,0001002047,2016.0,Q3YTD,2015-04-25,2016-01-29,2017-02-28 16:06:36+00:00,netincomecontinuing,netincome,Consolidated Net Income / (Loss),+,credit,usd,237000000.0
NetApp Inc,NTAP,QTX3D84DZDD5JYOCYH15,0001002047,2016.0,Q3YTD,2015-04-25,2016-01-29,2017-02-28 16:06:36+00:00,netcashfromcontinuingoperatingactivities,netincomecontinuing,Net Income / (Loss) Continuing Operations,+,credit,usd,237000000.0
NetApp Inc,NTAP,QTX3D84DZDD5JYOCYH15,0001002047,2016.0,Q3YTD,2015-04-25,2016-01-29,2017-02-28 16:06:36+00:00,netcashfromcontinuingoperatingactivities,depreciationexpense,Depreciation Expense,+,debit,usd,202000000.0
NetApp Inc,NTAP,QTX3D84DZDD5JYOCYH15,0001002047,2016.0,Q3YTD,2015-04-25,2016-01-29,2017-02-28 16:06:36+00:00,netcashfromcontinuingoperatingactivities,noncashadjustmentstonetincome,Non-Cash Adjustments To Reconcile Net Income,+,debit,usd,199000000.0
NetApp Inc,NTAP,QTX3D84DZDD5JYOCYH15,0001002047,2016.0,Q3YTD,2015-04-25,2016-01-29,2017-02-28 16:06:36+00:00,netcashfromcontinuingoperatingactivities,increasedecreaseinoperatingcapital,"Changes in Operating Assets and Liabilities, net",+,debit,usd,-9000000.0
NetApp Inc,NTAP,QTX3D84DZDD5JYOCYH15,0001002047,2016.0,Q3YTD,2015-04-25,2016-01-29,2017-02-28 16:06:36+00:00,netcashfromoperatingactivities,netcashfromcontinuingoperatingactivities,Net Cash From Continuing Operating Activities,+,debit,usd,629000000.0
NetApp Inc,NTAP,QTX3D84DZDD5JYOCYH15,0001002047,2016.0,Q3YTD,2015-04-25,2016-01-29,2017-02-28 16:06:36+00:00,netchangeincash,netcashfromoperatingactivities,Net Cash From Operating Activities,+,debit,usd,629000000.0
NetApp Inc,NTAP,QTX3D84DZDD5JYOCYH15,0001002047,2016.0,Q3YTD,2015-04-25,2016-01-29,2017-02-28 16:06:36+00:00,netcashfromcontinuinginvestingactivities,purchaseofplantpropertyandequipment,"Purchase of Property, Plant & Equipment",+,debit,usd,-125000000.0
NetApp Inc,NTAP,QTX3D84DZDD5JYOCYH15,0001002047,2016.0,Q3YTD,2015-04-25,2016-01-29,2017-02-28 16:06:36+00:00,netcashfromcontinuinginvestingactivities,purchaseofinvestments,Purchase of Investments,+,debit,usd,-1169000000.0
NetApp Inc,NTAP,QTX3D84DZDD5JYOCYH15,0001002047,2016.0,Q3YTD,2015-04-25,2016-01-29,2017-02-28 16:06:36+00:00,netcashfromcontinuinginvestingactivities,saleofinvestments,Sale and/or Maturity of Investments,+,debit,usd,2048000000.0
NetApp Inc,NTAP,QTX3D84DZDD5JYOCYH15,0001002047,2016.0,Q3YTD,2015-04-25,2016-01-29,2017-02-28 16:06:36+00:00,netcashfromcontinuinginvestingactivities,otherinvestingactivitiesnet,"Other Investing Activities, net",+,debit,usd,-1000000.0
NetApp Inc,NTAP,QTX3D84DZDD5JYOCYH15,0001002047,2016.0,Q3YTD,2015-04-25,2016-01-29,2017-02-28 16:06:36+00:00,netcashfrominvestingactivities,netcashfromcontinuinginvestingactivities,Net Cash From Continuing Investing Activities,+,debit,usd,753000000.0
NetApp Inc,NTAP,QTX3D84DZDD5JYOCYH15,0001002047,2016.0,Q3YTD,2015-04-25,2016-01-29,2017-02-28 16:06:36+00:00,netchangeincash,netcashfrominvestingactivities,Net Cash From Investing Activities,+,debit,usd,753000000.0
NetApp Inc,NTAP,QTX3D84DZDD5JYOCYH15,0001002047,2016.0,Q3YTD,2015-04-25,2016-01-29,2017-02-28 16:06:36+00:00,netcashfromcontinuingfinancingactivities,repaymentofdebt,Repayment of Debt,+,debit,usd,-3000000.0
NetApp Inc,NTAP,QTX3D84DZDD5JYOCYH15,0001002047,2016.0,Q3YTD,2015-04-25,2016-01-29,2017-02-28 16:06:36+00:00,netcashfromcontinuingfinancingactivities,repurchaseofcommonequity,Repurchase of Common Equity,+,debit,usd,-698000000.0
NetApp Inc,NTAP,QTX3D84DZDD5JYOCYH15,0001002047,2016.0,Q3YTD,2015-04-25,2016-01-29,2017-02-28 16:06:36+00:00,netcashfromcontinuingfinancingactivities,paymentofdividends,Payment of Dividends,+,debit,usd,-159000000.0
NetApp Inc,NTAP,QTX3D84DZDD5JYOCYH15,0001002047,2016.0,Q3YTD,2015-04-25,2016-01-29,2017-02-28 16:06:36+00:00,netcashfromcontinuingfinancingactivities,issuanceofcommonequity,Issuance of Common Equity,+,debit,usd,70000000.0
NetApp Inc,NTAP,QTX3D84DZDD5JYOCYH15,0001002047,2016.0,Q3YTD,2015-04-25,2016-01-29,2017-02-28 16:06:36+00:00,netcashfromfinancingactivities,netcashfromcontinuingfinancingactivities,Net Cash From Continuing Financing Activities,+,debit,usd,-790000000.0
NetApp Inc,NTAP,QTX3D84DZDD5JYOCYH15,0001002047,2016.0,Q3YTD,2015-04-25,2016-01-29,2017-02-28 16:06:36+00:00,netchangeincash,netcashfromfinancingactivities,Net Cash From Financing Activities,+,debit,usd,-790000000.0
NetApp Inc,NTAP,QTX3D84DZDD5JYOCYH15,0001002047,2016.0,Q3YTD,2015-04-25,2016-01-29,2017-02-28 16:06:36+00:00,netchangeincash,effectofexchangeratechanges,Effect of Exchange Rate Changes,+,debit,usd,-19000000.0
NetApp Inc,NTAP,QTX3D84DZDD5JYOCYH15,0001002047,2016.0,Q3YTD,2015-04-25,2016-01-29,2017-02-28 16:06:36+00:00,,netchangeincash,Net Change in Cash & Equivalents,=,debit,usd,573000000.0
NetApp Inc,NTAP,QTX3D84DZDD5JYOCYH15,0001002047,2016.0,Q3TTM,2015-01-24,2016-01-29,,netincomecontinuing,netincome,Consolidated Net Income / (Loss),+,credit,usd,371900000.0
NetApp Inc,NTAP,QTX3D84DZDD5JYOCYH15,0001002047,2016.0,Q3TTM,2015-01-24,2016-01-29,,netcashfromcontinuingoperatingactivities,netincomecontinuing,Net Income / (Loss) Continuing Operations,+,credit,usd,371900000.0
NetApp Inc,NTAP,QTX3D84DZDD5JYOCYH15,0001002047,2016.0,Q3TTM,2015-01-24,2016-01-29,,netcashfromcontinuingoperatingactivities,depreciationexpense,Depreciation Expense,+,debit,usd,274200000.0
NetApp Inc,NTAP,QTX3D84DZDD5JYOCYH15,0001002047,2016.0,Q3TTM,2015-01-24,2016-01-29,,netcashfromcontinuingoperatingactivities,amortizationexpense,Amortization Expense,+,debit,usd,2700000.0
NetApp Inc,NTAP,QTX3D84DZDD5JYOCYH15,0001002047,2016.0,Q3TTM,2015-01-24,2016-01-29,,netcashfromcontinuingoperatingactivities,noncashadjustmentstonetincome,Non-Cash Adjustments To Reconcile Net Income,+,debit,usd,265000000.0
NetApp Inc,NTAP,QTX3D84DZDD5JYOCYH15,0001002047,2016.0,Q3TTM,2015-01-24,2016-01-29,,netcashfromcontinuingoperatingactivities,increasedecreaseinoperatingcapital,"Changes in Operating Assets and Liabilities, net",+,debit,usd,111300000.0
NetApp Inc,NTAP,QTX3D84DZDD5JYOCYH15,0001002047,2016.0,Q3TTM,2015-01-24,2016-01-29,,netcashfromoperatingactivities,netcashfromcontinuingoperatingactivities,Net Cash From Continuing Operating Activities,+,debit,usd,1025100000.0
NetApp Inc,NTAP,QTX3D84DZDD5JYOCYH15,0001002047,2016.0,Q3TTM,2015-01-24,2016-01-29,,netchangeincash,netcashfromoperatingactivities,Net Cash From Operating Activities,+,debit,usd,1025100000.0
NetApp Inc,NTAP,QTX3D84DZDD5JYOCYH15,0001002047,2016.0,Q3TTM,2015-01-24,2016-01-29,,netcashfromcontinuinginvestingactivities,purchaseofplantpropertyandequipment,"Purchase of Property, Plant & Equipment",+,debit,usd,-162300000.0
NetApp Inc,NTAP,QTX3D84DZDD5JYOCYH15,0001002047,2016.0,Q3TTM,2015-01-24,2016-01-29,,netcashfromcontinuinginvestingactivities,acquisitions,Acquisitions,+,debit,usd,400000.0
NetApp Inc,NTAP,QTX3D84DZDD5JYOCYH15,0001002047,2016.0,Q3TTM,2015-01-24,2016-01-29,,netcashfromcontinuinginvestingactivities,purchaseofinvestments,Purchase of Investments,+,debit,usd,-2333800000.0
NetApp Inc,NTAP,QTX3D84DZDD5JYOCYH15,0001002047,2016.0,Q3TTM,2015-01-24,2016-01-29,,netcashfromcontinuinginvestingactivities,saleofinvestments,Sale and/or Maturity of Investments,+,debit,usd,2527000000.0
NetApp Inc,NTAP,QTX3D84DZDD5JYOCYH15,0001002047,2016.0,Q3TTM,2015-01-24,2016-01-29,,netcashfromcontinuinginvestingactivities,otherinvestingactivitiesnet,"Other Investing Activities, net",+,debit,usd,-2500000.0
NetApp Inc,NTAP,QTX3D84DZDD5JYOCYH15,0001002047,2016.0,Q3TTM,2015-01-24,2016-01-29,,netcashfrominvestingactivities,netcashfromcontinuinginvestingactivities,Net Cash From Continuing Investing Activities,+,debit,usd,28800000.0
NetApp Inc,NTAP,QTX3D84DZDD5JYOCYH15,0001002047,2016.0,Q3TTM,2015-01-24,2016-01-29,,netchangeincash,netcashfrominvestingactivities,Net Cash From Investing Activities,+,debit,usd,28800000.0
NetApp Inc,NTAP,QTX3D84DZDD5JYOCYH15,0001002047,2016.0,Q3TTM,2015-01-24,2016-01-29,,netcashfromcontinuingfinancingactivities,repaymentofdebt,Repayment of Debt,+,debit,usd,-4400000.0
NetApp Inc,NTAP,QTX3D84DZDD5JYOCYH15,0001002047,2016.0,Q3TTM,2015-01-24,2016-01-29,,netcashfromcontinuingfinancingactivities,repurchaseofcommonequity,Repurchase of Common Equity,+,debit,usd,-944200000.0
NetApp Inc,NTAP,QTX3D84DZDD5JYOCYH15,0001002047,2016.0,Q3TTM,2015-01-24,2016-01-29,,netcashfromcontinuingfinancingactivities,paymentofdividends,Payment of Dividends,+,debit,usd,-209400000.0
NetApp Inc,NTAP,QTX3D84DZDD5JYOCYH15,0001002047,2016.0,Q3TTM,2015-01-24,2016-01-29,,netcashfromcontinuingfinancingactivities,issuanceofdebt,Issuance of Debt,+,debit,usd,-300000.0
NetApp Inc,NTAP,QTX3D84DZDD5JYOCYH15,0001002047,2016.0,Q3TTM,2015-01-24,2016-01-29,,netcashfromcontinuingfinancingactivities,issuanceofcommonequity,Issuance of Common Equity,+,debit,usd,80900000.0
NetApp Inc,NTAP,QTX3D84DZDD5JYOCYH15,0001002047,2016.0,Q3TTM,2015-01-24,2016-01-29,,netcashfromcontinuingfinancingactivities,otherfinancingactivitiesnet,"Other Financing Activities, net",+,debit,usd,1200000.0
NetApp Inc,NTAP,QTX3D84DZDD5JYOCYH15,0001002047,2016.0,Q3TTM,2015-01-24,2016-01-29,,netcashfromfinancingactivities,netcashfromcontinuingfinancingactivities,Net Cash From Continuing Financing Activities,+,debit,usd,-1076200000.0
NetApp Inc,NTAP,QTX3D84DZDD5JYOCYH15,0001002047,2016.0,Q3TTM,2015-01-24,2016-01-29,,netchangeincash,netcashfromfinancingactivities,Net Cash From Financing Activities,+,debit,usd,-1076200000.0
NetApp Inc,NTAP,QTX3D84DZDD5JYOCYH15,0001002047,2016.0,Q3TTM,2015-01-24,2016-01-29,,netchangeincash,effectofexchangeratechanges,Effect of Exchange Rate Changes,+,debit,usd,-23200000.0
NetApp Inc,NTAP,QTX3D84DZDD5JYOCYH15,0001002047,2016.0,Q3TTM,2015-01-24,2016-01-29,,,netchangeincash,Net Change in Cash & Equivalents,=,debit,usd,-45500000.0
NetApp Inc,NTAP,QTX3D84DZDD5JYOCYH15,0001002047,2016.0,Q3,2015-10-31,2016-01-29,,netincomecontinuing,netincome,Consolidated Net Income / (Loss),+,credit,usd,153000000.0
NetApp Inc,NTAP,QTX3D84DZDD5JYOCYH15,0001002047,2016.0,Q3,2015-10-31,2016-01-29,,netcashfromcontinuingoperatingactivities,netincomecontinuing,Net Income / (Loss) Continuing Operations,+,credit,usd,153000000.0
NetApp Inc,NTAP,QTX3D84DZDD5JYOCYH15,0001002047,2016.0,Q3,2015-10-31,2016-01-29,,netcashfromcontinuingoperatingactivities,depreciationexpense,Depreciation Expense,+,debit,usd,66000000.0
NetApp Inc,NTAP,QTX3D84DZDD5JYOCYH15,0001002047,2016.0,Q3,2015-10-31,2016-01-29,,netcashfromcontinuingoperatingactivities,noncashadjustmentstonetincome,Non-Cash Adjustments To Reconcile Net Income,+,debit,usd,36000000.0
NetApp Inc,NTAP,QTX3D84DZDD5JYOCYH15,0001002047,2016.0,Q3,2015-10-31,2016-01-29,,netcashfromcontinuingoperatingactivities,increasedecreaseinoperatingcapital,"Changes in Operating Assets and Liabilities, net",+,debit,usd,100000000.0
NetApp Inc,NTAP,QTX3D84DZDD5JYOCYH15,0001002047,2016.0,Q3,2015-10-31,2016-01-29,,netcashfromoperatingactivities,netcashfromcontinuingoperatingactivities,Net Cash From Continuing Operating Activities,+,debit,usd,355000000.0
NetApp Inc,NTAP,QTX3D84DZDD5JYOCYH15,0001002047,2016.0,Q3,2015-10-31,2016-01-29,,netchangeincash,netcashfromoperatingactivities,Net Cash From Operating Activities,+,debit,usd,355000000.0
NetApp Inc,NTAP,QTX3D84DZDD5JYOCYH15,0001002047,2016.0,Q3,2015-10-31,2016-01-29,,netcashfromcontinuinginvestingactivities,purchaseofplantpropertyandequipment,"Purchase of Property, Plant & Equipment",+,debit,usd,-41000000.0
NetApp Inc,NTAP,QTX3D84DZDD5JYOCYH15,0001002047,2016.0,Q3,2015-10-31,2016-01-29,,netcashfromcontinuinginvestingactivities,purchaseofinvestments,Purchase of Investments,+,debit,usd,-283000000.0
NetApp Inc,NTAP,QTX3D84DZDD5JYOCYH15,0001002047,2016.0,Q3,2015-10-31,2016-01-29,,netcashfromcontinuinginvestingactivities,saleofinvestments,Sale and/or Maturity of Investments,+,debit,usd,374000000.0
NetApp Inc,NTAP,QTX3D84DZDD5JYOCYH15,0001002047,2016.0,Q3,2015-10-31,2016-01-29,,netcashfromcontinuinginvestingactivities,otherinvestingactivitiesnet,"Other Investing Activities, net",+,debit,usd,-1000000.0
NetApp Inc,NTAP,QTX3D84DZDD5JYOCYH15,0001002047,2016.0,Q3,2015-10-31,2016-01-29,,netcashfrominvestingactivities,netcashfromcontinuinginvestingactivities,Net Cash From Continuing Investing Activities,+,debit,usd,49000000.0
NetApp Inc,NTAP,QTX3D84DZDD5JYOCYH15,0001002047,2016.0,Q3,2015-10-31,2016-01-29,,netchangeincash,netcashfrominvestingactivities,Net Cash From Investing Activities,+,debit,usd,49000000.0
NetApp Inc,NTAP,QTX3D84DZDD5JYOCYH15,0001002047,2016.0,Q3,2015-10-31,2016-01-29,,netcashfromcontinuingfinancingactivities,repaymentofdebt,Repayment of Debt,+,debit,usd,-3000000.0
NetApp Inc,NTAP,QTX3D84DZDD5JYOCYH15,0001002047,2016.0,Q3,2015-10-31,2016-01-29,,netcashfromcontinuingfinancingactivities,repurchaseofcommonequity,Repurchase of Common Equity,+,debit,usd,-85000000.0
NetApp Inc,NTAP,QTX3D84DZDD5JYOCYH15,0001002047,2016.0,Q3,2015-10-31,2016-01-29,,netcashfromcontinuingfinancingactivities,paymentofdividends,Payment of Dividends,+,debit,usd,-52000000.0
NetApp Inc,NTAP,QTX3D84DZDD5JYOCYH15,0001002047,2016.0,Q3,2015-10-31,2016-01-29,,netcashfromcontinuingfinancingactivities,issuanceofdebt,Issuance of Debt,+,debit,usd,-1000000.0
NetApp Inc,NTAP,QTX3D84DZDD5JYOCYH15,0001002047,2016.0,Q3,2015-10-31,2016-01-29,,netcashfromcontinuingfinancingactivities,issuanceofcommonequity,Issuance of Common Equity,+,debit,usd,45000000.0
NetApp Inc,NTAP,QTX3D84DZDD5JYOCYH15,0001002047,2016.0,Q3,2015-10-31,2016-01-29,,netcashfromfinancingactivities,netcashfromcontinuingfinancingactivities,Net Cash From Continuing Financing Activities,+,debit,usd,-96000000.0
NetApp Inc,NTAP,QTX3D84DZDD5JYOCYH15,0001002047,2016.0,Q3,2015-10-31,2016-01-29,,netchangeincash,netcashfromfinancingactivities,Net Cash From Financing Activities,+,debit,usd,-96000000.0
NetApp Inc,NTAP,QTX3D84DZDD5JYOCYH15,0001002047,2016.0,Q3,2015-10-31,2016-01-29,,netchangeincash,effectofexchangeratechanges,Effect of Exchange Rate Changes,+,debit,usd,-11000000.0
NetApp Inc,NTAP,QTX3D84DZDD5JYOCYH15,0001002047,2016.0,Q3,2015-10-31,2016-01-29,,,netchangeincash,Net Change in Cash & Equivalents,=,debit,usd,297000000.0
NetApp Inc,NTAP,QTX3D84DZDD5JYOCYH15,0001002047,2016.0,Q2YTD,2015-04-25,2015-10-30,2016-12-02 16:06:26+00:00,netincomecontinuing,netincome,Consolidated Net Income / (Loss),+,credit,usd,84000000.0
NetApp Inc,NTAP,QTX3D84DZDD5JYOCYH15,0001002047,2016.0,Q2YTD,2015-04-25,2015-10-30,2016-12-02 16:06:26+00:00,netcashfromcontinuingoperatingactivities,netincomecontinuing,Net Income / (Loss) Continuing Operations,+,credit,usd,84000000.0
NetApp Inc,NTAP,QTX3D84DZDD5JYOCYH15,0001002047,2016.0,Q2YTD,2015-04-25,2015-10-30,2016-12-02 16:06:26+00:00,netcashfromcontinuingoperatingactivities,depreciationexpense,Depreciation Expense,+,debit,usd,136000000.0
NetApp Inc,NTAP,QTX3D84DZDD5JYOCYH15,0001002047,2016.0,Q2YTD,2015-04-25,2015-10-30,2016-12-02 16:06:26+00:00,netcashfromcontinuingoperatingactivities,noncashadjustmentstonetincome,Non-Cash Adjustments To Reconcile Net Income,+,debit,usd,163000000.0
NetApp Inc,NTAP,QTX3D84DZDD5JYOCYH15,0001002047,2016.0,Q2YTD,2015-04-25,2015-10-30,2016-12-02 16:06:26+00:00,netcashfromcontinuingoperatingactivities,increasedecreaseinoperatingcapital,"Changes in Operating Assets and Liabilities, net",+,debit,usd,-109000000.0
NetApp Inc,NTAP,QTX3D84DZDD5JYOCYH15,0001002047,2016.0,Q2YTD,2015-04-25,2015-10-30,2016-12-02 16:06:26+00:00,netcashfromoperatingactivities,netcashfromcontinuingoperatingactivities,Net Cash From Continuing Operating Activities,+,debit,usd,274000000.0
NetApp Inc,NTAP,QTX3D84DZDD5JYOCYH15,0001002047,2016.0,Q2YTD,2015-04-25,2015-10-30,2016-12-02 16:06:26+00:00,netchangeincash,netcashfromoperatingactivities,Net Cash From Operating Activities,+,debit,usd,274000000.0
NetApp Inc,NTAP,QTX3D84DZDD5JYOCYH15,0001002047,2016.0,Q2YTD,2015-04-25,2015-10-30,2016-12-02 16:06:26+00:00,netcashfromcontinuinginvestingactivities,purchaseofplantpropertyandequipment,"Purchase of Property, Plant & Equipment",+,debit,usd,-84000000.0
NetApp Inc,NTAP,QTX3D84DZDD5JYOCYH15,0001002047,2016.0,Q2YTD,2015-04-25,2015-10-30,2016-12-02 16:06:26+00:00,netcashfromcontinuinginvestingactivities,purchaseofinvestments,Purchase of Investments,+,debit,usd,-886000000.0
NetApp Inc,NTAP,QTX3D84DZDD5JYOCYH15,0001002047,2016.0,Q2YTD,2015-04-25,2015-10-30,2016-12-02 16:06:26+00:00,netcashfromcontinuinginvestingactivities,saleofinvestments,Sale and/or Maturity of Investments,+,debit,usd,1674000000.0
NetApp Inc,NTAP,QTX3D84DZDD5JYOCYH15,0001002047,2016.0,Q2YTD,2015-04-25,2015-10-30,2016-12-02 16:06:26+00:00,netcashfromcontinuinginvestingactivities,otherinvestingactivitiesnet,"Other Investing Activities, net",+,debit,usd,0.0
NetApp Inc,NTAP,QTX3D84DZDD5JYOCYH15,0001002047,2016.0,Q2YTD,2015-04-25,2015-10-30,2016-12-02 16:06:26+00:00,netcashfrominvestingactivities,netcashfromcontinuinginvestingactivities,Net Cash From Continuing Investing Activities,+,debit,usd,704000000.0
NetApp Inc,NTAP,QTX3D84DZDD5JYOCYH15,0001002047,2016.0,Q2YTD,2015-04-25,2015-10-30,2016-12-02 16:06:26+00:00,netchangeincash,netcashfrominvestingactivities,Net Cash From Investing Activities,+,debit,usd,704000000.0
NetApp Inc,NTAP,QTX3D84DZDD5JYOCYH15,0001002047,2016.0,Q2YTD,2015-04-25,2015-10-30,2016-12-02 16:06:26+00:00,netcashfromcontinuingfinancingactivities,repaymentofdebt,Repayment of Debt,+,debit,usd,0.0
NetApp Inc,NTAP,QTX3D84DZDD5JYOCYH15,0001002047,2016.0,Q2YTD,2015-04-25,2015-10-30,2016-12-02 16:06:26+00:00,netcashfromcontinuingfinancingactivities,repurchaseofcommonequity,Repurchase of Common Equity,+,debit,usd,-613000000.0
NetApp Inc,NTAP,QTX3D84DZDD5JYOCYH15,0001002047,2016.0,Q2YTD,2015-04-25,2015-10-30,2016-12-02 16:06:26+00:00,netcashfromcontinuingfinancingactivities,paymentofdividends,Payment of Dividends,+,debit,usd,-107000000.0
NetApp Inc,NTAP,QTX3D84DZDD5JYOCYH15,0001002047,2016.0,Q2YTD,2015-04-25,2015-10-30,2016-12-02 16:06:26+00:00,netcashfromcontinuingfinancingactivities,issuanceofdebt,Issuance of Debt,+,debit,usd,1000000.0
NetApp Inc,NTAP,QTX3D84DZDD5JYOCYH15,0001002047,2016.0,Q2YTD,2015-04-25,2015-10-30,2016-12-02 16:06:26+00:00,netcashfromcontinuingfinancingactivities,issuanceofcommonequity,Issuance of Common Equity,+,debit,usd,25000000.0
NetApp Inc,NTAP,QTX3D84DZDD5JYOCYH15,0001002047,2016.0,Q2YTD,2015-04-25,2015-10-30,2016-12-02 16:06:26+00:00,netcashfromfinancingactivities,netcashfromcontinuingfinancingactivities,Net Cash From Continuing Financing Activities,+,debit,usd,-694000000.0
NetApp Inc,NTAP,QTX3D84DZDD5JYOCYH15,0001002047,2016.0,Q2YTD,2015-04-25,2015-10-30,2016-12-02 16:06:26+00:00,netchangeincash,netcashfromfinancingactivities,Net Cash From Financing Activities,+,debit,usd,-694000000.0
NetApp Inc,NTAP,QTX3D84DZDD5JYOCYH15,0001002047,2016.0,Q2YTD,2015-04-25,2015-10-30,2016-12-02 16:06:26+00:00,netchangeincash,effectofexchangeratechanges,Effect of Exchange Rate Changes,+,debit,usd,-8000000.0
NetApp Inc,NTAP,QTX3D84DZDD5JYOCYH15,0001002047,2016.0,Q2YTD,2015-04-25,2015-10-30,2016-12-02 16:06:26+00:00,,netchangeincash,Net Change in Cash & Equivalents,=,debit,usd,276000000.0
NetApp Inc,NTAP,QTX3D84DZDD5JYOCYH15,0001002047,2016.0,Q2TTM,2014-10-25,2015-10-30,,netincomecontinuing,netincome,Consolidated Net Income / (Loss),+,credit,usd,395900000.0
NetApp Inc,NTAP,QTX3D84DZDD5JYOCYH15,0001002047,2016.0,Q2TTM,2014-10-25,2015-10-30,,netcashfromcontinuingoperatingactivities,netincomecontinuing,Net Income / (Loss) Continuing Operations,+,credit,usd,395900000.0
NetApp Inc,NTAP,QTX3D84DZDD5JYOCYH15,0001002047,2016.0,Q2TTM,2014-10-25,2015-10-30,,netcashfromcontinuingoperatingactivities,depreciationexpense,Depreciation Expense,+,debit,usd,288200000.0
NetApp Inc,NTAP,QTX3D84DZDD5JYOCYH15,0001002047,2016.0,Q2TTM,2014-10-25,2015-10-30,,netcashfromcontinuingoperatingactivities,amortizationexpense,Amortization Expense,+,debit,usd,2700000.0
NetApp Inc,NTAP,QTX3D84DZDD5JYOCYH15,0001002047,2016.0,Q2TTM,2014-10-25,2015-10-30,,netcashfromcontinuingoperatingactivities,noncashadjustmentstonetincome,Non-Cash Adjustments To Reconcile Net Income,+,debit,usd,266000000.0
NetApp Inc,NTAP,QTX3D84DZDD5JYOCYH15,0001002047,2016.0,Q2TTM,2014-10-25,2015-10-30,,netcashfromcontinuingoperatingactivities,increasedecreaseinoperatingcapital,"Changes in Operating Assets and Liabilities, net",+,debit,usd,-7700000.0
NetApp Inc,NTAP,QTX3D84DZDD5JYOCYH15,0001002047,2016.0,Q2TTM,2014-10-25,2015-10-30,,netcashfromoperatingactivities,netcashfromcontinuingoperatingactivities,Net Cash From Continuing Operating Activities,+,debit,usd,945100000.0
NetApp Inc,NTAP,QTX3D84DZDD5JYOCYH15,0001002047,2016.0,Q2TTM,2014-10-25,2015-10-30,,netchangeincash,netcashfromoperatingactivities,Net Cash From Operating Activities,+,debit,usd,945100000.0
NetApp Inc,NTAP,QTX3D84DZDD5JYOCYH15,0001002047,2016.0,Q2TTM,2014-10-25,2015-10-30,,netcashfromcontinuinginvestingactivities,purchaseofplantpropertyandequipment,"Purchase of Property, Plant & Equipment",+,debit,usd,-150300000.0
NetApp Inc,NTAP,QTX3D84DZDD5JYOCYH15,0001002047,2016.0,Q2TTM,2014-10-25,2015-10-30,,netcashfromcontinuinginvestingactivities,acquisitions,Acquisitions,+,debit,usd,-84600000.0
NetApp Inc,NTAP,QTX3D84DZDD5JYOCYH15,0001002047,2016.0,Q2TTM,2014-10-25,2015-10-30,,netcashfromcontinuinginvestingactivities,purchaseofinvestments,Purchase of Investments,+,debit,usd,-2879800000.0
NetApp Inc,NTAP,QTX3D84DZDD5JYOCYH15,0001002047,2016.0,Q2TTM,2014-10-25,2015-10-30,,netcashfromcontinuinginvestingactivities,saleofinvestments,Sale and/or Maturity of Investments,+,debit,usd,2662000000.0
NetApp Inc,NTAP,QTX3D84DZDD5JYOCYH15,0001002047,2016.0,Q2TTM,2014-10-25,2015-10-30,,netcashfromcontinuinginvestingactivities,otherinvestingactivitiesnet,"Other Investing Activities, net",+,debit,usd,2500000.0
NetApp Inc,NTAP,QTX3D84DZDD5JYOCYH15,0001002047,2016.0,Q2TTM,2014-10-25,2015-10-30,,netcashfrominvestingactivities,netcashfromcontinuinginvestingactivities,Net Cash From Continuing Investing Activities,+,debit,usd,-450200000.0
NetApp Inc,NTAP,QTX3D84DZDD5JYOCYH15,0001002047,2016.0,Q2TTM,2014-10-25,2015-10-30,,netchangeincash,netcashfrominvestingactivities,Net Cash From Investing Activities,+,debit,usd,-450200000.0
NetApp Inc,NTAP,QTX3D84DZDD5JYOCYH15,0001002047,2016.0,Q2TTM,2014-10-25,2015-10-30,,netcashfromcontinuingfinancingactivities,repaymentofdebt,Repayment of Debt,+,debit,usd,-5400000.0
NetApp Inc,NTAP,QTX3D84DZDD5JYOCYH15,0001002047,2016.0,Q2TTM,2014-10-25,2015-10-30,,netcashfromcontinuingfinancingactivities,repurchaseofcommonequity,Repurchase of Common Equity,+,debit,usd,-1059200000.0
NetApp Inc,NTAP,QTX3D84DZDD5JYOCYH15,0001002047,2016.0,Q2TTM,2014-10-25,2015-10-30,,netcashfromcontinuingfinancingactivities,paymentofdividends,Payment of Dividends,+,debit,usd,-209400000.0
NetApp Inc,NTAP,QTX3D84DZDD5JYOCYH15,0001002047,2016.0,Q2TTM,2014-10-25,2015-10-30,,netcashfromcontinuingfinancingactivities,issuanceofdebt,Issuance of Debt,+,debit,usd,700000.0
NetApp Inc,NTAP,QTX3D84DZDD5JYOCYH15,0001002047,2016.0,Q2TTM,2014-10-25,2015-10-30,,netcashfromcontinuingfinancingactivities,issuanceofcommonequity,Issuance of Common Equity,+,debit,usd,110900000.0
NetApp Inc,NTAP,QTX3D84DZDD5JYOCYH15,0001002047,2016.0,Q2TTM,2014-10-25,2015-10-30,,netcashfromcontinuingfinancingactivities,otherfinancingactivitiesnet,"Other Financing Activities, net",+,debit,usd,6200000.0
NetApp Inc,NTAP,QTX3D84DZDD5JYOCYH15,0001002047,2016.0,Q2TTM,2014-10-25,2015-10-30,,netcashfromfinancingactivities,netcashfromcontinuingfinancingactivities,Net Cash From Continuing Financing Activities,+,debit,usd,-1156200000.0
NetApp Inc,NTAP,QTX3D84DZDD5JYOCYH15,0001002047,2016.0,Q2TTM,2014-10-25,2015-10-30,,netchangeincash,netcashfromfinancingactivities,Net Cash From Financing Activities,+,debit,usd,-1156200000.0
NetApp Inc,NTAP,QTX3D84DZDD5JYOCYH15,0001002047,2016.0,Q2TTM,2014-10-25,2015-10-30,,netchangeincash,effectofexchangeratechanges,Effect of Exchange Rate Changes,+,debit,usd,-46200000.0
NetApp Inc,NTAP,QTX3D84DZDD5JYOCYH15,0001002047,2016.0,Q2TTM,2014-10-25,2015-10-30,,,netchangeincash,Net Change in Cash & Equivalents,=,debit,usd,-707500000.0
NetApp Inc,NTAP,QTX3D84DZDD5JYOCYH15,0001002047,2016.0,Q2,2015-08-01,2015-10-30,,netincomecontinuing,netincome,Consolidated Net Income / (Loss),+,credit,usd,114000000.0
NetApp Inc,NTAP,QTX3D84DZDD5JYOCYH15,0001002047,2016.0,Q2,2015-08-01,2015-10-30,,netcashfromcontinuingoperatingactivities,netincomecontinuing,Net Income / (Loss) Continuing Operations,+,credit,usd,114000000.0
NetApp Inc,NTAP,QTX3D84DZDD5JYOCYH15,0001002047,2016.0,Q2,2015-08-01,2015-10-30,,netcashfromcontinuingoperatingactivities,depreciationexpense,Depreciation Expense,+,debit,usd,67000000.0
NetApp Inc,NTAP,QTX3D84DZDD5JYOCYH15,0001002047,2016.0,Q2,2015-08-01,2015-10-30,,netcashfromcontinuingoperatingactivities,noncashadjustmentstonetincome,Non-Cash Adjustments To Reconcile Net Income,+,debit,usd,71000000.0
NetApp Inc,NTAP,QTX3D84DZDD5JYOCYH15,0001002047,2016.0,Q2,2015-08-01,2015-10-30,,netcashfromcontinuingoperatingactivities,increasedecreaseinoperatingcapital,"Changes in Operating Assets and Liabilities, net",+,debit,usd,-107000000.0
NetApp Inc,NTAP,QTX3D84DZDD5JYOCYH15,0001002047,2016.0,Q2,2015-08-01,2015-10-30,,netcashfromoperatingactivities,netcashfromcontinuingoperatingactivities,Net Cash From Continuing Operating Activities,+,debit,usd,145000000.0
NetApp Inc,NTAP,QTX3D84DZDD5JYOCYH15,0001002047,2016.0,Q2,2015-08-01,2015-10-30,,netchangeincash,netcashfromoperatingactivities,Net Cash From Operating Activities,+,debit,usd,145000000.0
NetApp Inc,NTAP,QTX3D84DZDD5JYOCYH15,0001002047,2016.0,Q2,2015-08-01,2015-10-30,,netcashfromcontinuinginvestingactivities,purchaseofplantpropertyandequipment,"Purchase of Property, Plant & Equipment",+,debit,usd,-46000000.0
NetApp Inc,NTAP,QTX3D84DZDD5JYOCYH15,0001002047,2016.0,Q2,2015-08-01,2015-10-30,,netcashfromcontinuinginvestingactivities,purchaseofinvestments,Purchase of Investments,+,debit,usd,-648000000.0
NetApp Inc,NTAP,QTX3D84DZDD5JYOCYH15,0001002047,2016.0,Q2,2015-08-01,2015-10-30,,netcashfromcontinuinginvestingactivities,saleofinvestments,Sale and/or Maturity of Investments,+,debit,usd,658000000.0
NetApp Inc,NTAP,QTX3D84DZDD5JYOCYH15,0001002047,2016.0,Q2,2015-08-01,2015-10-30,,netcashfromcontinuinginvestingactivities,otherinvestingactivitiesnet,"Other Investing Activities, net",+,debit,usd,-2000000.0
NetApp Inc,NTAP,QTX3D84DZDD5JYOCYH15,0001002047,2016.0,Q2,2015-08-01,2015-10-30,,netcashfrominvestingactivities,netcashfromcontinuinginvestingactivities,Net Cash From Continuing Investing Activities,+,debit,usd,-38000000.0
NetApp Inc,NTAP,QTX3D84DZDD5JYOCYH15,0001002047,2016.0,Q2,2015-08-01,2015-10-30,,netchangeincash,netcashfrominvestingactivities,Net Cash From Investing Activities,+,debit,usd,-38000000.0
NetApp Inc,NTAP,QTX3D84DZDD5JYOCYH15,0001002047,2016.0,Q2,2015-08-01,2015-10-30,,netcashfromcontinuingfinancingactivities,repurchaseofcommonequity,Repurchase of Common Equity,+,debit,usd,-183000000.0
NetApp Inc,NTAP,QTX3D84DZDD5JYOCYH15,0001002047,2016.0,Q2,2015-08-01,2015-10-30,,netcashfromcontinuingfinancingactivities,paymentofdividends,Payment of Dividends,+,debit,usd,-53000000.0
NetApp Inc,NTAP,QTX3D84DZDD5JYOCYH15,0001002047,2016.0,Q2,2015-08-01,2015-10-30,,netcashfromcontinuingfinancingactivities,issuanceofcommonequity,Issuance of Common Equity,+,debit,usd,6000000.0
NetApp Inc,NTAP,QTX3D84DZDD5JYOCYH15,0001002047,2016.0,Q2,2015-08-01,2015-10-30,,netcashfromfinancingactivities,netcashfromcontinuingfinancingactivities,Net Cash From Continuing Financing Activities,+,debit,usd,-230000000.0
NetApp Inc,NTAP,QTX3D84DZDD5JYOCYH15,0001002047,2016.0,Q2,2015-08-01,2015-10-30,,netchangeincash,netcashfromfinancingactivities,Net Cash From Financing Activities,+,debit,usd,-230000000.0
NetApp Inc,NTAP,QTX3D84DZDD5JYOCYH15,0001002047,2016.0,Q2,2015-08-01,2015-10-30,,netchangeincash,effectofexchangeratechanges,Effect of Exchange Rate Changes,+,debit,usd,-3000000.0
NetApp Inc,NTAP,QTX3D84DZDD5JYOCYH15,0001002047,2016.0,Q2,2015-08-01,2015-10-30,,,netchangeincash,Net Change in Cash & Equivalents,=,debit,usd,-126000000.0
NetApp Inc,NTAP,QTX3D84DZDD5JYOCYH15,0001002047,2016.0,Q1,2015-04-25,2015-07-31,2016-09-02 16:07:29+00:00,netincomecontinuing,netincome,Consolidated Net Income / (Loss),+,credit,usd,-30000000.0
NetApp Inc,NTAP,QTX3D84DZDD5JYOCYH15,0001002047,2016.0,Q1,2015-04-25,2015-07-31,2016-09-02 16:07:29+00:00,netcashfromcontinuingoperatingactivities,netincomecontinuing,Net Income / (Loss) Continuing Operations,+,credit,usd,-30000000.0
NetApp Inc,NTAP,QTX3D84DZDD5JYOCYH15,0001002047,2016.0,Q1,2015-04-25,2015-07-31,2016-09-02 16:07:29+00:00,netcashfromcontinuingoperatingactivities,depreciationexpense,Depreciation Expense,+,debit,usd,69000000.0
NetApp Inc,NTAP,QTX3D84DZDD5JYOCYH15,0001002047,2016.0,Q1,2015-04-25,2015-07-31,2016-09-02 16:07:29+00:00,netcashfromcontinuingoperatingactivities,noncashadjustmentstonetincome,Non-Cash Adjustments To Reconcile Net Income,+,debit,usd,92000000.0
NetApp Inc,NTAP,QTX3D84DZDD5JYOCYH15,0001002047,2016.0,Q1,2015-04-25,2015-07-31,2016-09-02 16:07:29+00:00,netcashfromcontinuingoperatingactivities,increasedecreaseinoperatingcapital,"Changes in Operating Assets and Liabilities, net",+,debit,usd,-2000000.0
NetApp Inc,NTAP,QTX3D84DZDD5JYOCYH15,0001002047,2016.0,Q1,2015-04-25,2015-07-31,2016-09-02 16:07:29+00:00,netcashfromoperatingactivities,netcashfromcontinuingoperatingactivities,Net Cash From Continuing Operating Activities,+,debit,usd,129000000.0
NetApp Inc,NTAP,QTX3D84DZDD5JYOCYH15,0001002047,2016.0,Q1,2015-04-25,2015-07-31,2016-09-02 16:07:29+00:00,netchangeincash,netcashfromoperatingactivities,Net Cash From Operating Activities,+,debit,usd,129000000.0
NetApp Inc,NTAP,QTX3D84DZDD5JYOCYH15,0001002047,2016.0,Q1,2015-04-25,2015-07-31,2016-09-02 16:07:29+00:00,netcashfromcontinuinginvestingactivities,purchaseofplantpropertyandequipment,"Purchase of Property, Plant & Equipment",+,debit,usd,-38000000.0
NetApp Inc,NTAP,QTX3D84DZDD5JYOCYH15,0001002047,2016.0,Q1,2015-04-25,2015-07-31,2016-09-02 16:07:29+00:00,netcashfromcontinuinginvestingactivities,purchaseofinvestments,Purchase of Investments,+,debit,usd,-238000000.0
NetApp Inc,NTAP,QTX3D84DZDD5JYOCYH15,0001002047,2016.0,Q1,2015-04-25,2015-07-31,2016-09-02 16:07:29+00:00,netcashfromcontinuinginvestingactivities,saleofinvestments,Sale and/or Maturity of Investments,+,debit,usd,1016000000.0
NetApp Inc,NTAP,QTX3D84DZDD5JYOCYH15,0001002047,2016.0,Q1,2015-04-25,2015-07-31,2016-09-02 16:07:29+00:00,netcashfromcontinuinginvestingactivities,otherinvestingactivitiesnet,"Other Investing Activities, net",+,debit,usd,2000000.0
NetApp Inc,NTAP,QTX3D84DZDD5JYOCYH15,0001002047,2016.0,Q1,2015-04-25,2015-07-31,2016-09-02 16:07:29+00:00,netcashfrominvestingactivities,netcashfromcontinuinginvestingactivities,Net Cash From Continuing Investing Activities,+,debit,usd,742000000.0
NetApp Inc,NTAP,QTX3D84DZDD5JYOCYH15,0001002047,2016.0,Q1,2015-04-25,2015-07-31,2016-09-02 16:07:29+00:00,netchangeincash,netcashfrominvestingactivities,Net Cash From Investing Activities,+,debit,usd,742000000.0
NetApp Inc,NTAP,QTX3D84DZDD5JYOCYH15,0001002047,2016.0,Q1,2015-04-25,2015-07-31,2016-09-02 16:07:29+00:00,netcashfromcontinuingfinancingactivities,repaymentofdebt,Repayment of Debt,+,debit,usd,0.0
NetApp Inc,NTAP,QTX3D84DZDD5JYOCYH15,0001002047,2016.0,Q1,2015-04-25,2015-07-31,2016-09-02 16:07:29+00:00,netcashfromcontinuingfinancingactivities,repurchaseofcommonequity,Repurchase of Common Equity,+,debit,usd,-430000000.0
NetApp Inc,NTAP,QTX3D84DZDD5JYOCYH15,0001002047,2016.0,Q1,2015-04-25,2015-07-31,2016-09-02 16:07:29+00:00,netcashfromcontinuingfinancingactivities,paymentofdividends,Payment of Dividends,+,debit,usd,-54000000.0
NetApp Inc,NTAP,QTX3D84DZDD5JYOCYH15,0001002047,2016.0,Q1,2015-04-25,2015-07-31,2016-09-02 16:07:29+00:00,netcashfromcontinuingfinancingactivities,issuanceofdebt,Issuance of Debt,+,debit,usd,1000000.0
NetApp Inc,NTAP,QTX3D84DZDD5JYOCYH15,0001002047,2016.0,Q1,2015-04-25,2015-07-31,2016-09-02 16:07:29+00:00,netcashfromcontinuingfinancingactivities,issuanceofcommonequity,Issuance of Common Equity,+,debit,usd,19000000.0
NetApp Inc,NTAP,QTX3D84DZDD5JYOCYH15,0001002047,2016.0,Q1,2015-04-25,2015-07-31,2016-09-02 16:07:29+00:00,netcashfromfinancingactivities,netcashfromcontinuingfinancingactivities,Net Cash From Continuing Financing Activities,+,debit,usd,-464000000.0
NetApp Inc,NTAP,QTX3D84DZDD5JYOCYH15,0001002047,2016.0,Q1,2015-04-25,2015-07-31,2016-09-02 16:07:29+00:00,netchangeincash,netcashfromfinancingactivities,Net Cash From Financing Activities,+,debit,usd,-464000000.0
NetApp Inc,NTAP,QTX3D84DZDD5JYOCYH15,0001002047,2016.0,Q1,2015-04-25,2015-07-31,2016-09-02 16:07:29+00:00,netchangeincash,effectofexchangeratechanges,Effect of Exchange Rate Changes,+,debit,usd,-5000000.0
NetApp Inc,NTAP,QTX3D84DZDD5JYOCYH15,0001002047,2016.0,Q1,2015-04-25,2015-07-31,2016-09-02 16:07:29+00:00,,netchangeincash,Net Change in Cash & Equivalents,=,debit,usd,402000000.0
NetApp Inc,NTAP,QTX3D84DZDD5JYOCYH15,0001002047,2016.0,Q1TTM,2014-07-26,2015-07-31,,netincomecontinuing,netincome,Consolidated Net Income / (Loss),+,credit,usd,441900000.0
NetApp Inc,NTAP,QTX3D84DZDD5JYOCYH15,0001002047,2016.0,Q1TTM,2014-07-26,2015-07-31,,netcashfromcontinuingoperatingactivities,netincomecontinuing,Net Income / (Loss) Continuing Operations,+,credit,usd,441900000.0
NetApp Inc,NTAP,QTX3D84DZDD5JYOCYH15,0001002047,2016.0,Q1TTM,2014-07-26,2015-07-31,,netcashfromcontinuingoperatingactivities,depreciationexpense,Depreciation Expense,+,debit,usd,298200000.0
NetApp Inc,NTAP,QTX3D84DZDD5JYOCYH15,0001002047,2016.0,Q1TTM,2014-07-26,2015-07-31,,netcashfromcontinuingoperatingactivities,amortizationexpense,Amortization Expense,+,debit,usd,2700000.0
NetApp Inc,NTAP,QTX3D84DZDD5JYOCYH15,0001002047,2016.0,Q1TTM,2014-07-26,2015-07-31,,netcashfromcontinuingoperatingactivities,noncashadjustmentstonetincome,Non-Cash Adjustments To Reconcile Net Income,+,debit,usd,271000000.0
NetApp Inc,NTAP,QTX3D84DZDD5JYOCYH15,0001002047,2016.0,Q1TTM,2014-07-26,2015-07-31,,netcashfromcontinuingoperatingactivities,increasedecreaseinoperatingcapital,"Changes in Operating Assets and Liabilities, net",+,debit,usd,167300000.0
NetApp Inc,NTAP,QTX3D84DZDD5JYOCYH15,0001002047,2016.0,Q1TTM,2014-07-26,2015-07-31,,netcashfromoperatingactivities,netcashfromcontinuingoperatingactivities,Net Cash From Continuing Operating Activities,+,debit,usd,1181100000.0
NetApp Inc,NTAP,QTX3D84DZDD5JYOCYH15,0001002047,2016.0,Q1TTM,2014-07-26,2015-07-31,,netchangeincash,netcashfromoperatingactivities,Net Cash From Operating Activities,+,debit,usd,1181100000.0
NetApp Inc,NTAP,QTX3D84DZDD5JYOCYH15,0001002047,2016.0,Q1TTM,2014-07-26,2015-07-31,,netcashfromcontinuinginvestingactivities,purchaseofplantpropertyandequipment,"Purchase of Property, Plant & Equipment",+,debit,usd,-155300000.0
NetApp Inc,NTAP,QTX3D84DZDD5JYOCYH15,0001002047,2016.0,Q1TTM,2014-07-26,2015-07-31,,netcashfromcontinuinginvestingactivities,acquisitions,Acquisitions,+,debit,usd,-84600000.0
NetApp Inc,NTAP,QTX3D84DZDD5JYOCYH15,0001002047,2016.0,Q1TTM,2014-07-26,2015-07-31,,netcashfromcontinuinginvestingactivities,purchaseofinvestments,Purchase of Investments,+,debit,usd,-2502800000.0
NetApp Inc,NTAP,QTX3D84DZDD5JYOCYH15,0001002047,2016.0,Q1TTM,2014-07-26,2015-07-31,,netcashfromcontinuinginvestingactivities,saleofinvestments,Sale and/or Maturity of Investments,+,debit,usd,2445000000.0
NetApp Inc,NTAP,QTX3D84DZDD5JYOCYH15,0001002047,2016.0,Q1TTM,2014-07-26,2015-07-31,,netcashfromcontinuinginvestingactivities,otherinvestingactivitiesnet,"Other Investing Activities, net",+,debit,usd,3500000.0
NetApp Inc,NTAP,QTX3D84DZDD5JYOCYH15,0001002047,2016.0,Q1TTM,2014-07-26,2015-07-31,,netcashfrominvestingactivities,netcashfromcontinuinginvestingactivities,Net Cash From Continuing Investing Activities,+,debit,usd,-294200000.0
NetApp Inc,NTAP,QTX3D84DZDD5JYOCYH15,0001002047,2016.0,Q1TTM,2014-07-26,2015-07-31,,netchangeincash,netcashfrominvestingactivities,Net Cash From Investing Activities,+,debit,usd,-294200000.0
NetApp Inc,NTAP,QTX3D84DZDD5JYOCYH15,0001002047,2016.0,Q1TTM,2014-07-26,2015-07-31,,netcashfromcontinuingfinancingactivities,repaymentofdebt,Repayment of Debt,+,debit,usd,-7400000.0
NetApp Inc,NTAP,QTX3D84DZDD5JYOCYH15,0001002047,2016.0,Q1TTM,2014-07-26,2015-07-31,,netcashfromcontinuingfinancingactivities,repurchaseofcommonequity,Repurchase of Common Equity,+,debit,usd,-1476200000.0
NetApp Inc,NTAP,QTX3D84DZDD5JYOCYH15,0001002047,2016.0,Q1TTM,2014-07-26,2015-07-31,,netcashfromcontinuingfinancingactivities,paymentofdividends,Payment of Dividends,+,debit,usd,-208400000.0
NetApp Inc,NTAP,QTX3D84DZDD5JYOCYH15,0001002047,2016.0,Q1TTM,2014-07-26,2015-07-31,,netcashfromcontinuingfinancingactivities,issuanceofdebt,Issuance of Debt,+,debit,usd,700000.0
NetApp Inc,NTAP,QTX3D84DZDD5JYOCYH15,0001002047,2016.0,Q1TTM,2014-07-26,2015-07-31,,netcashfromcontinuingfinancingactivities,issuanceofcommonequity,Issuance of Common Equity,+,debit,usd,147900000.0
NetApp Inc,NTAP,QTX3D84DZDD5JYOCYH15,0001002047,2016.0,Q1TTM,2014-07-26,2015-07-31,,netcashfromcontinuingfinancingactivities,otherfinancingactivitiesnet,"Other Financing Activities, net",+,debit,usd,12200000.0
NetApp Inc,NTAP,QTX3D84DZDD5JYOCYH15,0001002047,2016.0,Q1TTM,2014-07-26,2015-07-31,,netcashfromfinancingactivities,netcashfromcontinuingfinancingactivities,Net Cash From Continuing Financing Activities,+,debit,usd,-1531200000.0
NetApp Inc,NTAP,QTX3D84DZDD5JYOCYH15,0001002047,2016.0,Q1TTM,2014-07-26,2015-07-31,,netchangeincash,netcashfromfinancingactivities,Net Cash From Financing Activities,+,debit,usd,-1531200000.0
NetApp Inc,NTAP,QTX3D84DZDD5JYOCYH15,0001002047,2016.0,Q1TTM,2014-07-26,2015-07-31,,netchangeincash,effectofexchangeratechanges,Effect of Exchange Rate Changes,+,debit,usd,-64200000.0
NetApp Inc,NTAP,QTX3D84DZDD5JYOCYH15,0001002047,2016.0,Q1TTM,2014-07-26,2015-07-31,,,netchangeincash,Net Change in Cash & Equivalents,=,debit,usd,-708500000.0
NetApp Inc,NTAP,QTX3D84DZDD5JYOCYH15,0001002047,2017.0,FY,2016-04-30,2017-04-28,2019-06-18 16:43:53+00:00,netincomecontinuing,netincome,Consolidated Net Income / (Loss),+,credit,usd,481000000.0
NetApp Inc,NTAP,QTX3D84DZDD5JYOCYH15,0001002047,2017.0,FY,2016-04-30,2017-04-28,2019-06-18 16:43:53+00:00,netcashfromcontinuingoperatingactivities,netincomecontinuing,Net Income / (Loss) Continuing Operations,+,credit,usd,481000000.0
NetApp Inc,NTAP,QTX3D84DZDD5JYOCYH15,0001002047,2017.0,FY,2016-04-30,2017-04-28,2019-06-18 16:43:53+00:00,netcashfromcontinuingoperatingactivities,depreciationexpense,Depreciation Expense,+,debit,usd,226000000.0
NetApp Inc,NTAP,QTX3D84DZDD5JYOCYH15,0001002047,2017.0,FY,2016-04-30,2017-04-28,2019-06-18 16:43:53+00:00,netcashfromcontinuingoperatingactivities,noncashadjustmentstonetincome,Non-Cash Adjustments To Reconcile Net Income,+,debit,usd,185000000.0
NetApp Inc,NTAP,QTX3D84DZDD5JYOCYH15,0001002047,2017.0,FY,2016-04-30,2017-04-28,2019-06-18 16:43:53+00:00,netcashfromcontinuingoperatingactivities,increasedecreaseinoperatingcapital,"Changes in Operating Assets and Liabilities, net",+,debit,usd,94000000.0
NetApp Inc,NTAP,QTX3D84DZDD5JYOCYH15,0001002047,2017.0,FY,2016-04-30,2017-04-28,2019-06-18 16:43:53+00:00,netcashfromoperatingactivities,netcashfromcontinuingoperatingactivities,Net Cash From Continuing Operating Activities,+,debit,usd,986000000.0
NetApp Inc,NTAP,QTX3D84DZDD5JYOCYH15,0001002047,2017.0,FY,2016-04-30,2017-04-28,2019-06-18 16:43:53+00:00,netchangeincash,netcashfromoperatingactivities,Net Cash From Operating Activities,+,debit,usd,986000000.0
NetApp Inc,NTAP,QTX3D84DZDD5JYOCYH15,0001002047,2017.0,FY,2016-04-30,2017-04-28,2019-06-18 16:43:53+00:00,netcashfromcontinuinginvestingactivities,purchaseofplantpropertyandequipment,"Purchase of Property, Plant & Equipment",+,debit,usd,-175000000.0
NetApp Inc,NTAP,QTX3D84DZDD5JYOCYH15,0001002047,2017.0,FY,2016-04-30,2017-04-28,2019-06-18 16:43:53+00:00,netcashfromcontinuinginvestingactivities,acquisitions,Acquisitions,+,debit,usd,-8000000.0
NetApp Inc,NTAP,QTX3D84DZDD5JYOCYH15,0001002047,2017.0,FY,2016-04-30,2017-04-28,2019-06-18 16:43:53+00:00,netcashfromcontinuinginvestingactivities,purchaseofinvestments,Purchase of Investments,+,debit,usd,-1977000000.0
NetApp Inc,NTAP,QTX3D84DZDD5JYOCYH15,0001002047,2017.0,FY,2016-04-30,2017-04-28,2019-06-18 16:43:53+00:00,netcashfromcontinuinginvestingactivities,saleofplantpropertyandequipment,"Sale of Property, Plant & Equipment",+,debit,usd,0.0
NetApp Inc,NTAP,QTX3D84DZDD5JYOCYH15,0001002047,2017.0,FY,2016-04-30,2017-04-28,2019-06-18 16:43:53+00:00,netcashfromcontinuinginvestingactivities,saleofinvestments,Sale and/or Maturity of Investments,+,debit,usd,1934000000.0
NetApp Inc,NTAP,QTX3D84DZDD5JYOCYH15,0001002047,2017.0,FY,2016-04-30,2017-04-28,2019-06-18 16:43:53+00:00,netcashfromcontinuinginvestingactivities,otherinvestingactivitiesnet,"Other Investing Activities, net",+,debit,usd,3000000.0
NetApp Inc,NTAP,QTX3D84DZDD5JYOCYH15,0001002047,2017.0,FY,2016-04-30,2017-04-28,2019-06-18 16:43:53+00:00,netcashfrominvestingactivities,netcashfromcontinuinginvestingactivities,Net Cash From Continuing Investing Activities,+,debit,usd,-223000000.0
NetApp Inc,NTAP,QTX3D84DZDD5JYOCYH15,0001002047,2017.0,FY,2016-04-30,2017-04-28,2019-06-18 16:43:53+00:00,netchangeincash,netcashfrominvestingactivities,Net Cash From Investing Activities,+,debit,usd,-223000000.0
NetApp Inc,NTAP,QTX3D84DZDD5JYOCYH15,0001002047,2017.0,FY,2016-04-30,2017-04-28,2019-06-18 16:43:53+00:00,netcashfromcontinuingfinancingactivities,repaymentofdebt,Repayment of Debt,+,debit,usd,-857000000.0
NetApp Inc,NTAP,QTX3D84DZDD5JYOCYH15,0001002047,2017.0,FY,2016-04-30,2017-04-28,2019-06-18 16:43:53+00:00,netcashfromcontinuingfinancingactivities,repurchaseofcommonequity,Repurchase of Common Equity,+,debit,usd,-705000000.0
NetApp Inc,NTAP,QTX3D84DZDD5JYOCYH15,0001002047,2017.0,FY,2016-04-30,2017-04-28,2019-06-18 16:43:53+00:00,netcashfromcontinuingfinancingactivities,paymentofdividends,Payment of Dividends,+,debit,usd,-208000000.0
NetApp Inc,NTAP,QTX3D84DZDD5JYOCYH15,0001002047,2017.0,FY,2016-04-30,2017-04-28,2019-06-18 16:43:53+00:00,netcashfromcontinuingfinancingactivities,issuanceofdebt,Issuance of Debt,+,debit,usd,499000000.0
NetApp Inc,NTAP,QTX3D84DZDD5JYOCYH15,0001002047,2017.0,FY,2016-04-30,2017-04-28,2019-06-18 16:43:53+00:00,netcashfromcontinuingfinancingactivities,issuanceofcommonequity,Issuance of Common Equity,+,debit,usd,140000000.0
NetApp Inc,NTAP,QTX3D84DZDD5JYOCYH15,0001002047,2017.0,FY,2016-04-30,2017-04-28,2019-06-18 16:43:53+00:00,netcashfromcontinuingfinancingactivities,otherfinancingactivitiesnet,"Other Financing Activities, net",+,debit,usd,-48000000.0
NetApp Inc,NTAP,QTX3D84DZDD5JYOCYH15,0001002047,2017.0,FY,2016-04-30,2017-04-28,2019-06-18 16:43:53+00:00,netcashfromfinancingactivities,netcashfromcontinuingfinancingactivities,Net Cash From Continuing Financing Activities,+,debit,usd,-1179000000.0
NetApp Inc,NTAP,QTX3D84DZDD5JYOCYH15,0001002047,2017.0,FY,2016-04-30,2017-04-28,2019-06-18 16:43:53+00:00,netchangeincash,netcashfromfinancingactivities,Net Cash From Financing Activities,+,debit,usd,-1179000000.0
NetApp Inc,NTAP,QTX3D84DZDD5JYOCYH15,0001002047,2017.0,FY,2016-04-30,2017-04-28,2019-06-18 16:43:53+00:00,,netchangeincash,Net Change in Cash & Equivalents,=,debit,usd,-416000000.0
NetApp Inc,NTAP,QTX3D84DZDD5JYOCYH15,0001002047,2017.0,Q4,2017-01-28,2017-04-28,,netincomecontinuing,netincome,Consolidated Net Income / (Loss),+,credit,usd,162000000.0
NetApp Inc,NTAP,QTX3D84DZDD5JYOCYH15,0001002047,2017.0,Q4,2017-01-28,2017-04-28,,netcashfromcontinuingoperatingactivities,netincomecontinuing,Net Income / (Loss) Continuing Operations,+,credit,usd,162000000.0
NetApp Inc,NTAP,QTX3D84DZDD5JYOCYH15,0001002047,2017.0,Q4,2017-01-28,2017-04-28,,netcashfromcontinuingoperatingactivities,depreciationexpense,Depreciation Expense,+,debit,usd,53000000.0
NetApp Inc,NTAP,QTX3D84DZDD5JYOCYH15,0001002047,2017.0,Q4,2017-01-28,2017-04-28,,netcashfromcontinuingoperatingactivities,noncashadjustmentstonetincome,Non-Cash Adjustments To Reconcile Net Income,+,debit,usd,46000000.0
NetApp Inc,NTAP,QTX3D84DZDD5JYOCYH15,0001002047,2017.0,Q4,2017-01-28,2017-04-28,,netcashfromcontinuingoperatingactivities,increasedecreaseinoperatingcapital,"Changes in Operating Assets and Liabilities, net",+,debit,usd,104000000.0
NetApp Inc,NTAP,QTX3D84DZDD5JYOCYH15,0001002047,2017.0,Q4,2017-01-28,2017-04-28,,netcashfromoperatingactivities,netcashfromcontinuingoperatingactivities,Net Cash From Continuing Operating Activities,+,debit,usd,365000000.0
NetApp Inc,NTAP,QTX3D84DZDD5JYOCYH15,0001002047,2017.0,Q4,2017-01-28,2017-04-28,,netchangeincash,netcashfromoperatingactivities,Net Cash From Operating Activities,+,debit,usd,365000000.0
NetApp Inc,NTAP,QTX3D84DZDD5JYOCYH15,0001002047,2017.0,Q4,2017-01-28,2017-04-28,,netcashfromcontinuinginvestingactivities,purchaseofplantpropertyandequipment,"Purchase of Property, Plant & Equipment",+,debit,usd,-38000000.0
NetApp Inc,NTAP,QTX3D84DZDD5JYOCYH15,0001002047,2017.0,Q4,2017-01-28,2017-04-28,,netcashfromcontinuinginvestingactivities,acquisitions,Acquisitions,+,debit,usd,-8000000.0
NetApp Inc,NTAP,QTX3D84DZDD5JYOCYH15,0001002047,2017.0,Q4,2017-01-28,2017-04-28,,netcashfromcontinuinginvestingactivities,purchaseofinvestments,Purchase of Investments,+,debit,usd,-594000000.0
NetApp Inc,NTAP,QTX3D84DZDD5JYOCYH15,0001002047,2017.0,Q4,2017-01-28,2017-04-28,,netcashfromcontinuinginvestingactivities,saleofinvestments,Sale and/or Maturity of Investments,+,debit,usd,549000000.0
NetApp Inc,NTAP,QTX3D84DZDD5JYOCYH15,0001002047,2017.0,Q4,2017-01-28,2017-04-28,,netcashfromcontinuinginvestingactivities,otherinvestingactivitiesnet,"Other Investing Activities, net",+,debit,usd,1000000.0
NetApp Inc,NTAP,QTX3D84DZDD5JYOCYH15,0001002047,2017.0,Q4,2017-01-28,2017-04-28,,netcashfrominvestingactivities,netcashfromcontinuinginvestingactivities,Net Cash From Continuing Investing Activities,+,debit,usd,-90000000.0
NetApp Inc,NTAP,QTX3D84DZDD5JYOCYH15,0001002047,2017.0,Q4,2017-01-28,2017-04-28,,netchangeincash,netcashfrominvestingactivities,Net Cash From Investing Activities,+,debit,usd,-90000000.0
NetApp Inc,NTAP,QTX3D84DZDD5JYOCYH15,0001002047,2017.0,Q4,2017-01-28,2017-04-28,,netcashfromcontinuingfinancingactivities,repurchaseofcommonequity,Repurchase of Common Equity,+,debit,usd,-129000000.0
NetApp Inc,NTAP,QTX3D84DZDD5JYOCYH15,0001002047,2017.0,Q4,2017-01-28,2017-04-28,,netcashfromcontinuingfinancingactivities,paymentofdividends,Payment of Dividends,+,debit,usd,-51000000.0
NetApp Inc,NTAP,QTX3D84DZDD5JYOCYH15,0001002047,2017.0,Q4,2017-01-28,2017-04-28,,netcashfromcontinuingfinancingactivities,issuanceofdebt,Issuance of Debt,+,debit,usd,107000000.0
NetApp Inc,NTAP,QTX3D84DZDD5JYOCYH15,0001002047,2017.0,Q4,2017-01-28,2017-04-28,,netcashfromcontinuingfinancingactivities,issuanceofcommonequity,Issuance of Common Equity,+,debit,usd,28000000.0
NetApp Inc,NTAP,QTX3D84DZDD5JYOCYH15,0001002047,2017.0,Q4,2017-01-28,2017-04-28,,netcashfromcontinuingfinancingactivities,otherfinancingactivitiesnet,"Other Financing Activities, net",+,debit,usd,-6000000.0
NetApp Inc,NTAP,QTX3D84DZDD5JYOCYH15,0001002047,2017.0,Q4,2017-01-28,2017-04-28,,netcashfromfinancingactivities,netcashfromcontinuingfinancingactivities,Net Cash From Continuing Financing Activities,+,debit,usd,-51000000.0
NetApp Inc,NTAP,QTX3D84DZDD5JYOCYH15,0001002047,2017.0,Q4,2017-01-28,2017-04-28,,netchangeincash,netcashfromfinancingactivities,Net Cash From Financing Activities,+,debit,usd,-51000000.0
NetApp Inc,NTAP,QTX3D84DZDD5JYOCYH15,0001002047,2017.0,Q4,2017-01-28,2017-04-28,,netchangeincash,effectofexchangeratechanges,Effect of Exchange Rate Changes,+,debit,usd,15000000.0
NetApp Inc,NTAP,QTX3D84DZDD5JYOCYH15,0001002047,2017.0,Q4,2017-01-28,2017-04-28,,,netchangeincash,Net Change in Cash & Equivalents,=,debit,usd,239000000.0
NetApp Inc,NTAP,QTX3D84DZDD5JYOCYH15,0001002047,2017.0,Q3YTD,2016-04-30,2017-01-27,2018-02-22 16:16:47+00:00,netincomecontinuing,netincome,Consolidated Net Income / (Loss),+,credit,usd,319000000.0
NetApp Inc,NTAP,QTX3D84DZDD5JYOCYH15,0001002047,2017.0,Q3YTD,2016-04-30,2017-01-27,2018-02-22 16:16:47+00:00,netcashfromcontinuingoperatingactivities,netincomecontinuing,Net Income / (Loss) Continuing Operations,+,credit,usd,319000000.0
NetApp Inc,NTAP,QTX3D84DZDD5JYOCYH15,0001002047,2017.0,Q3YTD,2016-04-30,2017-01-27,2018-02-22 16:16:47+00:00,netcashfromcontinuingoperatingactivities,depreciationexpense,Depreciation Expense,+,debit,usd,173000000.0
NetApp Inc,NTAP,QTX3D84DZDD5JYOCYH15,0001002047,2017.0,Q3YTD,2016-04-30,2017-01-27,2018-02-22 16:16:47+00:00,netcashfromcontinuingoperatingactivities,noncashadjustmentstonetincome,Non-Cash Adjustments To Reconcile Net Income,+,debit,usd,139000000.0
NetApp Inc,NTAP,QTX3D84DZDD5JYOCYH15,0001002047,2017.0,Q3YTD,2016-04-30,2017-01-27,2018-02-22 16:16:47+00:00,netcashfromcontinuingoperatingactivities,increasedecreaseinoperatingcapital,"Changes in Operating Assets and Liabilities, net",+,debit,usd,-10000000.0
NetApp Inc,NTAP,QTX3D84DZDD5JYOCYH15,0001002047,2017.0,Q3YTD,2016-04-30,2017-01-27,2018-02-22 16:16:47+00:00,netcashfromoperatingactivities,netcashfromcontinuingoperatingactivities,Net Cash From Continuing Operating Activities,+,debit,usd,621000000.0
NetApp Inc,NTAP,QTX3D84DZDD5JYOCYH15,0001002047,2017.0,Q3YTD,2016-04-30,2017-01-27,2018-02-22 16:16:47+00:00,netchangeincash,netcashfromoperatingactivities,Net Cash From Operating Activities,+,debit,usd,621000000.0
NetApp Inc,NTAP,QTX3D84DZDD5JYOCYH15,0001002047,2017.0,Q3YTD,2016-04-30,2017-01-27,2018-02-22 16:16:47+00:00,netcashfromcontinuinginvestingactivities,purchaseofplantpropertyandequipment,"Purchase of Property, Plant & Equipment",+,debit,usd,-137000000.0
NetApp Inc,NTAP,QTX3D84DZDD5JYOCYH15,0001002047,2017.0,Q3YTD,2016-04-30,2017-01-27,2018-02-22 16:16:47+00:00,netcashfromcontinuinginvestingactivities,acquisitions,Acquisitions,+,debit,usd,0.0
NetApp Inc,NTAP,QTX3D84DZDD5JYOCYH15,0001002047,2017.0,Q3YTD,2016-04-30,2017-01-27,2018-02-22 16:16:47+00:00,netcashfromcontinuinginvestingactivities,purchaseofinvestments,Purchase of Investments,+,debit,usd,-1383000000.0
NetApp Inc,NTAP,QTX3D84DZDD5JYOCYH15,0001002047,2017.0,Q3YTD,2016-04-30,2017-01-27,2018-02-22 16:16:47+00:00,netcashfromcontinuinginvestingactivities,saleofplantpropertyandequipment,"Sale of Property, Plant & Equipment",+,debit,usd,0.0
NetApp Inc,NTAP,QTX3D84DZDD5JYOCYH15,0001002047,2017.0,Q3YTD,2016-04-30,2017-01-27,2018-02-22 16:16:47+00:00,netcashfromcontinuinginvestingactivities,saleofinvestments,Sale and/or Maturity of Investments,+,debit,usd,1385000000.0
NetApp Inc,NTAP,QTX3D84DZDD5JYOCYH15,0001002047,2017.0,Q3YTD,2016-04-30,2017-01-27,2018-02-22 16:16:47+00:00,netcashfromcontinuinginvestingactivities,otherinvestingactivitiesnet,"Other Investing Activities, net",+,debit,usd,2000000.0
NetApp Inc,NTAP,QTX3D84DZDD5JYOCYH15,0001002047,2017.0,Q3YTD,2016-04-30,2017-01-27,2018-02-22 16:16:47+00:00,netcashfrominvestingactivities,netcashfromcontinuinginvestingactivities,Net Cash From Continuing Investing Activities,+,debit,usd,-133000000.0
NetApp Inc,NTAP,QTX3D84DZDD5JYOCYH15,0001002047,2017.0,Q3YTD,2016-04-30,2017-01-27,2018-02-22 16:16:47+00:00,netchangeincash,netcashfrominvestingactivities,Net Cash From Investing Activities,+,debit,usd,-133000000.0
NetApp Inc,NTAP,QTX3D84DZDD5JYOCYH15,0001002047,2017.0,Q3YTD,2016-04-30,2017-01-27,2018-02-22 16:16:47+00:00,netcashfromcontinuingfinancingactivities,repaymentofdebt,Repayment of Debt,+,debit,usd,-857000000.0
NetApp Inc,NTAP,QTX3D84DZDD5JYOCYH15,0001002047,2017.0,Q3YTD,2016-04-30,2017-01-27,2018-02-22 16:16:47+00:00,netcashfromcontinuingfinancingactivities,repurchaseofcommonequity,Repurchase of Common Equity,+,debit,usd,-576000000.0
NetApp Inc,NTAP,QTX3D84DZDD5JYOCYH15,0001002047,2017.0,Q3YTD,2016-04-30,2017-01-27,2018-02-22 16:16:47+00:00,netcashfromcontinuingfinancingactivities,paymentofdividends,Payment of Dividends,+,debit,usd,-157000000.0
NetApp Inc,NTAP,QTX3D84DZDD5JYOCYH15,0001002047,2017.0,Q3YTD,2016-04-30,2017-01-27,2018-02-22 16:16:47+00:00,netcashfromcontinuingfinancingactivities,issuanceofdebt,Issuance of Debt,+,debit,usd,392000000.0
NetApp Inc,NTAP,QTX3D84DZDD5JYOCYH15,0001002047,2017.0,Q3YTD,2016-04-30,2017-01-27,2018-02-22 16:16:47+00:00,netcashfromcontinuingfinancingactivities,issuanceofcommonequity,Issuance of Common Equity,+,debit,usd,112000000.0
NetApp Inc,NTAP,QTX3D84DZDD5JYOCYH15,0001002047,2017.0,Q3YTD,2016-04-30,2017-01-27,2018-02-22 16:16:47+00:00,netcashfromcontinuingfinancingactivities,otherfinancingactivitiesnet,"Other Financing Activities, net",+,debit,usd,-42000000.0
NetApp Inc,NTAP,QTX3D84DZDD5JYOCYH15,0001002047,2017.0,Q3YTD,2016-04-30,2017-01-27,2018-02-22 16:16:47+00:00,netcashfromfinancingactivities,netcashfromcontinuingfinancingactivities,Net Cash From Continuing Financing Activities,+,debit,usd,-1128000000.0
NetApp Inc,NTAP,QTX3D84DZDD5JYOCYH15,0001002047,2017.0,Q3YTD,2016-04-30,2017-01-27,2018-02-22 16:16:47+00:00,netchangeincash,netcashfromfinancingactivities,Net Cash From Financing Activities,+,debit,usd,-1128000000.0
NetApp Inc,NTAP,QTX3D84DZDD5JYOCYH15,0001002047,2017.0,Q3YTD,2016-04-30,2017-01-27,2018-02-22 16:16:47+00:00,netchangeincash,effectofexchangeratechanges,Effect of Exchange Rate Changes,+,debit,usd,-15000000.0
NetApp Inc,NTAP,QTX3D84DZDD5JYOCYH15,0001002047,2017.0,Q3YTD,2016-04-30,2017-01-27,2018-02-22 16:16:47+00:00,,netchangeincash,Net Change in Cash & Equivalents,=,debit,usd,-655000000.0
NetApp Inc,NTAP,QTX3D84DZDD5JYOCYH15,0001002047,2017.0,Q3TTM,2016-01-30,2017-01-27,,netincomecontinuing,netincome,Consolidated Net Income / (Loss),+,credit,usd,311000000.0
NetApp Inc,NTAP,QTX3D84DZDD5JYOCYH15,0001002047,2017.0,Q3TTM,2016-01-30,2017-01-27,,netcashfromcontinuingoperatingactivities,netincomecontinuing,Net Income / (Loss) Continuing Operations,+,credit,usd,311000000.0
NetApp Inc,NTAP,QTX3D84DZDD5JYOCYH15,0001002047,2017.0,Q3TTM,2016-01-30,2017-01-27,,netcashfromcontinuingoperatingactivities,depreciationexpense,Depreciation Expense,+,debit,usd,250000000.0
NetApp Inc,NTAP,QTX3D84DZDD5JYOCYH15,0001002047,2017.0,Q3TTM,2016-01-30,2017-01-27,,netcashfromcontinuingoperatingactivities,noncashadjustmentstonetincome,Non-Cash Adjustments To Reconcile Net Income,+,debit,usd,149000000.0
NetApp Inc,NTAP,QTX3D84DZDD5JYOCYH15,0001002047,2017.0,Q3TTM,2016-01-30,2017-01-27,,netcashfromcontinuingoperatingactivities,increasedecreaseinoperatingcapital,"Changes in Operating Assets and Liabilities, net",+,debit,usd,256000000.0
NetApp Inc,NTAP,QTX3D84DZDD5JYOCYH15,0001002047,2017.0,Q3TTM,2016-01-30,2017-01-27,,netcashfromoperatingactivities,netcashfromcontinuingoperatingactivities,Net Cash From Continuing Operating Activities,+,debit,usd,966000000.0
NetApp Inc,NTAP,QTX3D84DZDD5JYOCYH15,0001002047,2017.0,Q3TTM,2016-01-30,2017-01-27,,netchangeincash,netcashfromoperatingactivities,Net Cash From Operating Activities,+,debit,usd,966000000.0
NetApp Inc,NTAP,QTX3D84DZDD5JYOCYH15,0001002047,2017.0,Q3TTM,2016-01-30,2017-01-27,,netcashfromcontinuinginvestingactivities,purchaseofplantpropertyandequipment,"Purchase of Property, Plant & Equipment",+,debit,usd,-172000000.0
NetApp Inc,NTAP,QTX3D84DZDD5JYOCYH15,0001002047,2017.0,Q3TTM,2016-01-30,2017-01-27,,netcashfromcontinuinginvestingactivities,acquisitions,Acquisitions,+,debit,usd,-842000000.0
NetApp Inc,NTAP,QTX3D84DZDD5JYOCYH15,0001002047,2017.0,Q3TTM,2016-01-30,2017-01-27,,netcashfromcontinuinginvestingactivities,purchaseofinvestments,Purchase of Investments,+,debit,usd,-1803000000.0
NetApp Inc,NTAP,QTX3D84DZDD5JYOCYH15,0001002047,2017.0,Q3TTM,2016-01-30,2017-01-27,,netcashfromcontinuinginvestingactivities,saleofplantpropertyandequipment,"Sale of Property, Plant & Equipment",+,debit,usd,102000000.0
NetApp Inc,NTAP,QTX3D84DZDD5JYOCYH15,0001002047,2017.0,Q3TTM,2016-01-30,2017-01-27,,netcashfromcontinuinginvestingactivities,saleofinvestments,Sale and/or Maturity of Investments,+,debit,usd,1908000000.0
NetApp Inc,NTAP,QTX3D84DZDD5JYOCYH15,0001002047,2017.0,Q3TTM,2016-01-30,2017-01-27,,netcashfromcontinuinginvestingactivities,otherinvestingactivitiesnet,"Other Investing Activities, net",+,debit,usd,6000000.0
NetApp Inc,NTAP,QTX3D84DZDD5JYOCYH15,0001002047,2017.0,Q3TTM,2016-01-30,2017-01-27,,netcashfrominvestingactivities,netcashfromcontinuinginvestingactivities,Net Cash From Continuing Investing Activities,+,debit,usd,-801000000.0
NetApp Inc,NTAP,QTX3D84DZDD5JYOCYH15,0001002047,2017.0,Q3TTM,2016-01-30,2017-01-27,,netchangeincash,netcashfrominvestingactivities,Net Cash From Investing Activities,+,debit,usd,-801000000.0
NetApp Inc,NTAP,QTX3D84DZDD5JYOCYH15,0001002047,2017.0,Q3TTM,2016-01-30,2017-01-27,,netcashfromcontinuingfinancingactivities,repaymentofdebt,Repayment of Debt,+,debit,usd,-881000000.0
NetApp Inc,NTAP,QTX3D84DZDD5JYOCYH15,0001002047,2017.0,Q3TTM,2016-01-30,2017-01-27,,netcashfromcontinuingfinancingactivities,repurchaseofcommonequity,Repurchase of Common Equity,+,debit,usd,-838000000.0
NetApp Inc,NTAP,QTX3D84DZDD5JYOCYH15,0001002047,2017.0,Q3TTM,2016-01-30,2017-01-27,,netcashfromcontinuingfinancingactivities,paymentofdividends,Payment of Dividends,+,debit,usd,-208000000.0
NetApp Inc,NTAP,QTX3D84DZDD5JYOCYH15,0001002047,2017.0,Q3TTM,2016-01-30,2017-01-27,,netcashfromcontinuingfinancingactivities,issuanceofdebt,Issuance of Debt,+,debit,usd,1262000000.0
NetApp Inc,NTAP,QTX3D84DZDD5JYOCYH15,0001002047,2017.0,Q3TTM,2016-01-30,2017-01-27,,netcashfromcontinuingfinancingactivities,issuanceofcommonequity,Issuance of Common Equity,+,debit,usd,162000000.0
NetApp Inc,NTAP,QTX3D84DZDD5JYOCYH15,0001002047,2017.0,Q3TTM,2016-01-30,2017-01-27,,netcashfromcontinuingfinancingactivities,otherfinancingactivitiesnet,"Other Financing Activities, net",+,debit,usd,56000000.0
NetApp Inc,NTAP,QTX3D84DZDD5JYOCYH15,0001002047,2017.0,Q3TTM,2016-01-30,2017-01-27,,netcashfromfinancingactivities,netcashfromcontinuingfinancingactivities,Net Cash From Continuing Financing Activities,+,debit,usd,-447000000.0
NetApp Inc,NTAP,QTX3D84DZDD5JYOCYH15,0001002047,2017.0,Q3TTM,2016-01-30,2017-01-27,,netchangeincash,netcashfromfinancingactivities,Net Cash From Financing Activities,+,debit,usd,-447000000.0
NetApp Inc,NTAP,QTX3D84DZDD5JYOCYH15,0001002047,2017.0,Q3TTM,2016-01-30,2017-01-27,,,netchangeincash,Net Change in Cash & Equivalents,=,debit,usd,-282000000.0
NetApp Inc,NTAP,QTX3D84DZDD5JYOCYH15,0001002047,2017.0,Q3,2016-10-29,2017-01-27,,netincomecontinuing,netincome,Consolidated Net Income / (Loss),+,credit,usd,146000000.0
NetApp Inc,NTAP,QTX3D84DZDD5JYOCYH15,0001002047,2017.0,Q3,2016-10-29,2017-01-27,,netcashfromcontinuingoperatingactivities,netincomecontinuing,Net Income / (Loss) Continuing Operations,+,credit,usd,146000000.0
NetApp Inc,NTAP,QTX3D84DZDD5JYOCYH15,0001002047,2017.0,Q3,2016-10-29,2017-01-27,,netcashfromcontinuingoperatingactivities,depreciationexpense,Depreciation Expense,+,debit,usd,56000000.0
NetApp Inc,NTAP,QTX3D84DZDD5JYOCYH15,0001002047,2017.0,Q3,2016-10-29,2017-01-27,,netcashfromcontinuingoperatingactivities,noncashadjustmentstonetincome,Non-Cash Adjustments To Reconcile Net Income,+,debit,usd,36000000.0
NetApp Inc,NTAP,QTX3D84DZDD5JYOCYH15,0001002047,2017.0,Q3,2016-10-29,2017-01-27,,netcashfromcontinuingoperatingactivities,increasedecreaseinoperatingcapital,"Changes in Operating Assets and Liabilities, net",+,debit,usd,-3000000.0
NetApp Inc,NTAP,QTX3D84DZDD5JYOCYH15,0001002047,2017.0,Q3,2016-10-29,2017-01-27,,netcashfromoperatingactivities,netcashfromcontinuingoperatingactivities,Net Cash From Continuing Operating Activities,+,debit,usd,235000000.0
NetApp Inc,NTAP,QTX3D84DZDD5JYOCYH15,0001002047,2017.0,Q3,2016-10-29,2017-01-27,,netchangeincash,netcashfromoperatingactivities,Net Cash From Operating Activities,+,debit,usd,235000000.0
NetApp Inc,NTAP,QTX3D84DZDD5JYOCYH15,0001002047,2017.0,Q3,2016-10-29,2017-01-27,,netcashfromcontinuinginvestingactivities,purchaseofplantpropertyandequipment,"Purchase of Property, Plant & Equipment",+,debit,usd,-45000000.0
NetApp Inc,NTAP,QTX3D84DZDD5JYOCYH15,0001002047,2017.0,Q3,2016-10-29,2017-01-27,,netcashfromcontinuinginvestingactivities,purchaseofinvestments,Purchase of Investments,+,debit,usd,-588000000.0
NetApp Inc,NTAP,QTX3D84DZDD5JYOCYH15,0001002047,2017.0,Q3,2016-10-29,2017-01-27,,netcashfromcontinuinginvestingactivities,saleofinvestments,Sale and/or Maturity of Investments,+,debit,usd,400000000.0
NetApp Inc,NTAP,QTX3D84DZDD5JYOCYH15,0001002047,2017.0,Q3,2016-10-29,2017-01-27,,netcashfromcontinuinginvestingactivities,otherinvestingactivitiesnet,"Other Investing Activities, net",+,debit,usd,3000000.0
NetApp Inc,NTAP,QTX3D84DZDD5JYOCYH15,0001002047,2017.0,Q3,2016-10-29,2017-01-27,,netcashfrominvestingactivities,netcashfromcontinuinginvestingactivities,Net Cash From Continuing Investing Activities,+,debit,usd,-230000000.0
NetApp Inc,NTAP,QTX3D84DZDD5JYOCYH15,0001002047,2017.0,Q3,2016-10-29,2017-01-27,,netchangeincash,netcashfrominvestingactivities,Net Cash From Investing Activities,+,debit,usd,-230000000.0
NetApp Inc,NTAP,QTX3D84DZDD5JYOCYH15,0001002047,2017.0,Q3,2016-10-29,2017-01-27,,netcashfromcontinuingfinancingactivities,repaymentofdebt,Repayment of Debt,+,debit,usd,-4000000.0
NetApp Inc,NTAP,QTX3D84DZDD5JYOCYH15,0001002047,2017.0,Q3,2016-10-29,2017-01-27,,netcashfromcontinuingfinancingactivities,repurchaseofcommonequity,Repurchase of Common Equity,+,debit,usd,-284000000.0
NetApp Inc,NTAP,QTX3D84DZDD5JYOCYH15,0001002047,2017.0,Q3,2016-10-29,2017-01-27,,netcashfromcontinuingfinancingactivities,paymentofdividends,Payment of Dividends,+,debit,usd,-52000000.0
NetApp Inc,NTAP,QTX3D84DZDD5JYOCYH15,0001002047,2017.0,Q3,2016-10-29,2017-01-27,,netcashfromcontinuingfinancingactivities,issuanceofdebt,Issuance of Debt,+,debit,usd,392000000.0
NetApp Inc,NTAP,QTX3D84DZDD5JYOCYH15,0001002047,2017.0,Q3,2016-10-29,2017-01-27,,netcashfromcontinuingfinancingactivities,issuanceofcommonequity,Issuance of Common Equity,+,debit,usd,51000000.0
NetApp Inc,NTAP,QTX3D84DZDD5JYOCYH15,0001002047,2017.0,Q3,2016-10-29,2017-01-27,,netcashfromcontinuingfinancingactivities,otherfinancingactivitiesnet,"Other Financing Activities, net",+,debit,usd,-6000000.0
NetApp Inc,NTAP,QTX3D84DZDD5JYOCYH15,0001002047,2017.0,Q3,2016-10-29,2017-01-27,,netcashfromfinancingactivities,netcashfromcontinuingfinancingactivities,Net Cash From Continuing Financing Activities,+,debit,usd,97000000.0
NetApp Inc,NTAP,QTX3D84DZDD5JYOCYH15,0001002047,2017.0,Q3,2016-10-29,2017-01-27,,netchangeincash,netcashfromfinancingactivities,Net Cash From Financing Activities,+,debit,usd,97000000.0
NetApp Inc,NTAP,QTX3D84DZDD5JYOCYH15,0001002047,2017.0,Q3,2016-10-29,2017-01-27,,netchangeincash,effectofexchangeratechanges,Effect of Exchange Rate Changes,+,debit,usd,-2000000.0
NetApp Inc,NTAP,QTX3D84DZDD5JYOCYH15,0001002047,2017.0,Q3,2016-10-29,2017-01-27,,,netchangeincash,Net Change in Cash & Equivalents,=,debit,usd,100000000.0
NetApp Inc,NTAP,QTX3D84DZDD5JYOCYH15,0001002047,2017.0,Q2YTD,2016-04-30,2016-10-28,2017-11-29 16:31:32+00:00,netincomecontinuing,netincome,Consolidated Net Income / (Loss),+,credit,usd,173000000.0
NetApp Inc,NTAP,QTX3D84DZDD5JYOCYH15,0001002047,2017.0,Q2YTD,2016-04-30,2016-10-28,2017-11-29 16:31:32+00:00,netcashfromcontinuingoperatingactivities,netincomecontinuing,Net Income / (Loss) Continuing Operations,+,credit,usd,173000000.0
NetApp Inc,NTAP,QTX3D84DZDD5JYOCYH15,0001002047,2017.0,Q2YTD,2016-04-30,2016-10-28,2017-11-29 16:31:32+00:00,netcashfromcontinuingoperatingactivities,depreciationexpense,Depreciation Expense,+,debit,usd,117000000.0
NetApp Inc,NTAP,QTX3D84DZDD5JYOCYH15,0001002047,2017.0,Q2YTD,2016-04-30,2016-10-28,2017-11-29 16:31:32+00:00,netcashfromcontinuingoperatingactivities,noncashadjustmentstonetincome,Non-Cash Adjustments To Reconcile Net Income,+,debit,usd,103000000.0
NetApp Inc,NTAP,QTX3D84DZDD5JYOCYH15,0001002047,2017.0,Q2YTD,2016-04-30,2016-10-28,2017-11-29 16:31:32+00:00,netcashfromcontinuingoperatingactivities,increasedecreaseinoperatingcapital,"Changes in Operating Assets and Liabilities, net",+,debit,usd,-7000000.0
NetApp Inc,NTAP,QTX3D84DZDD5JYOCYH15,0001002047,2017.0,Q2YTD,2016-04-30,2016-10-28,2017-11-29 16:31:32+00:00,netcashfromoperatingactivities,netcashfromcontinuingoperatingactivities,Net Cash From Continuing Operating Activities,+,debit,usd,386000000.0
NetApp Inc,NTAP,QTX3D84DZDD5JYOCYH15,0001002047,2017.0,Q2YTD,2016-04-30,2016-10-28,2017-11-29 16:31:32+00:00,netchangeincash,netcashfromoperatingactivities,Net Cash From Operating Activities,+,debit,usd,386000000.0
NetApp Inc,NTAP,QTX3D84DZDD5JYOCYH15,0001002047,2017.0,Q2YTD,2016-04-30,2016-10-28,2017-11-29 16:31:32+00:00,netcashfromcontinuinginvestingactivities,purchaseofplantpropertyandequipment,"Purchase of Property, Plant & Equipment",+,debit,usd,-92000000.0
NetApp Inc,NTAP,QTX3D84DZDD5JYOCYH15,0001002047,2017.0,Q2YTD,2016-04-30,2016-10-28,2017-11-29 16:31:32+00:00,netcashfromcontinuinginvestingactivities,acquisitions,Acquisitions,+,debit,usd,0.0
NetApp Inc,NTAP,QTX3D84DZDD5JYOCYH15,0001002047,2017.0,Q2YTD,2016-04-30,2016-10-28,2017-11-29 16:31:32+00:00,netcashfromcontinuinginvestingactivities,purchaseofinvestments,Purchase of Investments,+,debit,usd,-795000000.0
NetApp Inc,NTAP,QTX3D84DZDD5JYOCYH15,0001002047,2017.0,Q2YTD,2016-04-30,2016-10-28,2017-11-29 16:31:32+00:00,netcashfromcontinuinginvestingactivities,saleofinvestments,Sale and/or Maturity of Investments,+,debit,usd,985000000.0
NetApp Inc,NTAP,QTX3D84DZDD5JYOCYH15,0001002047,2017.0,Q2YTD,2016-04-30,2016-10-28,2017-11-29 16:31:32+00:00,netcashfromcontinuinginvestingactivities,otherinvestingactivitiesnet,"Other Investing Activities, net",+,debit,usd,-1000000.0
NetApp Inc,NTAP,QTX3D84DZDD5JYOCYH15,0001002047,2017.0,Q2YTD,2016-04-30,2016-10-28,2017-11-29 16:31:32+00:00,netcashfrominvestingactivities,netcashfromcontinuinginvestingactivities,Net Cash From Continuing Investing Activities,+,debit,usd,97000000.0
NetApp Inc,NTAP,QTX3D84DZDD5JYOCYH15,0001002047,2017.0,Q2YTD,2016-04-30,2016-10-28,2017-11-29 16:31:32+00:00,netchangeincash,netcashfrominvestingactivities,Net Cash From Investing Activities,+,debit,usd,97000000.0
NetApp Inc,NTAP,QTX3D84DZDD5JYOCYH15,0001002047,2017.0,Q2YTD,2016-04-30,2016-10-28,2017-11-29 16:31:32+00:00,netcashfromcontinuingfinancingactivities,repaymentofdebt,Repayment of Debt,+,debit,usd,-853000000.0
NetApp Inc,NTAP,QTX3D84DZDD5JYOCYH15,0001002047,2017.0,Q2YTD,2016-04-30,2016-10-28,2017-11-29 16:31:32+00:00,netcashfromcontinuingfinancingactivities,repurchaseofcommonequity,Repurchase of Common Equity,+,debit,usd,-292000000.0
NetApp Inc,NTAP,QTX3D84DZDD5JYOCYH15,0001002047,2017.0,Q2YTD,2016-04-30,2016-10-28,2017-11-29 16:31:32+00:00,netcashfromcontinuingfinancingactivities,paymentofdividends,Payment of Dividends,+,debit,usd,-105000000.0
NetApp Inc,NTAP,QTX3D84DZDD5JYOCYH15,0001002047,2017.0,Q2YTD,2016-04-30,2016-10-28,2017-11-29 16:31:32+00:00,netcashfromcontinuingfinancingactivities,issuanceofdebt,Issuance of Debt,+,debit,usd,0.0
NetApp Inc,NTAP,QTX3D84DZDD5JYOCYH15,0001002047,2017.0,Q2YTD,2016-04-30,2016-10-28,2017-11-29 16:31:32+00:00,netcashfromcontinuingfinancingactivities,issuanceofcommonequity,Issuance of Common Equity,+,debit,usd,61000000.0
NetApp Inc,NTAP,QTX3D84DZDD5JYOCYH15,0001002047,2017.0,Q2YTD,2016-04-30,2016-10-28,2017-11-29 16:31:32+00:00,netcashfromcontinuingfinancingactivities,otherfinancingactivitiesnet,"Other Financing Activities, net",+,debit,usd,-36000000.0
NetApp Inc,NTAP,QTX3D84DZDD5JYOCYH15,0001002047,2017.0,Q2YTD,2016-04-30,2016-10-28,2017-11-29 16:31:32+00:00,netcashfromfinancingactivities,netcashfromcontinuingfinancingactivities,Net Cash From Continuing Financing Activities,+,debit,usd,-1225000000.0
NetApp Inc,NTAP,QTX3D84DZDD5JYOCYH15,0001002047,2017.0,Q2YTD,2016-04-30,2016-10-28,2017-11-29 16:31:32+00:00,netchangeincash,netcashfromfinancingactivities,Net Cash From Financing Activities,+,debit,usd,-1225000000.0
NetApp Inc,NTAP,QTX3D84DZDD5JYOCYH15,0001002047,2017.0,Q2YTD,2016-04-30,2016-10-28,2017-11-29 16:31:32+00:00,netchangeincash,effectofexchangeratechanges,Effect of Exchange Rate Changes,+,debit,usd,-13000000.0
NetApp Inc,NTAP,QTX3D84DZDD5JYOCYH15,0001002047,2017.0,Q2YTD,2016-04-30,2016-10-28,2017-11-29 16:31:32+00:00,,netchangeincash,Net Change in Cash & Equivalents,=,debit,usd,-755000000.0
NetApp Inc,NTAP,QTX3D84DZDD5JYOCYH15,0001002047,2017.0,Q2TTM,2015-10-31,2016-10-28,,netincomecontinuing,netincome,Consolidated Net Income / (Loss),+,credit,usd,318000000.0
NetApp Inc,NTAP,QTX3D84DZDD5JYOCYH15,0001002047,2017.0,Q2TTM,2015-10-31,2016-10-28,,netcashfromcontinuingoperatingactivities,netincomecontinuing,Net Income / (Loss) Continuing Operations,+,credit,usd,318000000.0
NetApp Inc,NTAP,QTX3D84DZDD5JYOCYH15,0001002047,2017.0,Q2TTM,2015-10-31,2016-10-28,,netcashfromcontinuingoperatingactivities,depreciationexpense,Depreciation Expense,+,debit,usd,260000000.0
NetApp Inc,NTAP,QTX3D84DZDD5JYOCYH15,0001002047,2017.0,Q2TTM,2015-10-31,2016-10-28,,netcashfromcontinuingoperatingactivities,noncashadjustmentstonetincome,Non-Cash Adjustments To Reconcile Net Income,+,debit,usd,149000000.0
NetApp Inc,NTAP,QTX3D84DZDD5JYOCYH15,0001002047,2017.0,Q2TTM,2015-10-31,2016-10-28,,netcashfromcontinuingoperatingactivities,increasedecreaseinoperatingcapital,"Changes in Operating Assets and Liabilities, net",+,debit,usd,359000000.0
NetApp Inc,NTAP,QTX3D84DZDD5JYOCYH15,0001002047,2017.0,Q2TTM,2015-10-31,2016-10-28,,netcashfromoperatingactivities,netcashfromcontinuingoperatingactivities,Net Cash From Continuing Operating Activities,+,debit,usd,1086000000.0
NetApp Inc,NTAP,QTX3D84DZDD5JYOCYH15,0001002047,2017.0,Q2TTM,2015-10-31,2016-10-28,,netchangeincash,netcashfromoperatingactivities,Net Cash From Operating Activities,+,debit,usd,1086000000.0
NetApp Inc,NTAP,QTX3D84DZDD5JYOCYH15,0001002047,2017.0,Q2TTM,2015-10-31,2016-10-28,,netcashfromcontinuinginvestingactivities,purchaseofplantpropertyandequipment,"Purchase of Property, Plant & Equipment",+,debit,usd,-168000000.0
NetApp Inc,NTAP,QTX3D84DZDD5JYOCYH15,0001002047,2017.0,Q2TTM,2015-10-31,2016-10-28,,netcashfromcontinuinginvestingactivities,acquisitions,Acquisitions,+,debit,usd,-842000000.0
NetApp Inc,NTAP,QTX3D84DZDD5JYOCYH15,0001002047,2017.0,Q2TTM,2015-10-31,2016-10-28,,netcashfromcontinuinginvestingactivities,purchaseofinvestments,Purchase of Investments,+,debit,usd,-1498000000.0
NetApp Inc,NTAP,QTX3D84DZDD5JYOCYH15,0001002047,2017.0,Q2TTM,2015-10-31,2016-10-28,,netcashfromcontinuinginvestingactivities,saleofplantpropertyandequipment,"Sale of Property, Plant & Equipment",+,debit,usd,102000000.0
NetApp Inc,NTAP,QTX3D84DZDD5JYOCYH15,0001002047,2017.0,Q2TTM,2015-10-31,2016-10-28,,netcashfromcontinuinginvestingactivities,saleofinvestments,Sale and/or Maturity of Investments,+,debit,usd,1882000000.0
NetApp Inc,NTAP,QTX3D84DZDD5JYOCYH15,0001002047,2017.0,Q2TTM,2015-10-31,2016-10-28,,netcashfromcontinuinginvestingactivities,otherinvestingactivitiesnet,"Other Investing Activities, net",+,debit,usd,2000000.0
NetApp Inc,NTAP,QTX3D84DZDD5JYOCYH15,0001002047,2017.0,Q2TTM,2015-10-31,2016-10-28,,netcashfrominvestingactivities,netcashfromcontinuinginvestingactivities,Net Cash From Continuing Investing Activities,+,debit,usd,-522000000.0
NetApp Inc,NTAP,QTX3D84DZDD5JYOCYH15,0001002047,2017.0,Q2TTM,2015-10-31,2016-10-28,,netchangeincash,netcashfrominvestingactivities,Net Cash From Investing Activities,+,debit,usd,-522000000.0
NetApp Inc,NTAP,QTX3D84DZDD5JYOCYH15,0001002047,2017.0,Q2TTM,2015-10-31,2016-10-28,,netcashfromcontinuingfinancingactivities,repaymentofdebt,Repayment of Debt,+,debit,usd,-880000000.0
NetApp Inc,NTAP,QTX3D84DZDD5JYOCYH15,0001002047,2017.0,Q2TTM,2015-10-31,2016-10-28,,netcashfromcontinuingfinancingactivities,repurchaseofcommonequity,Repurchase of Common Equity,+,debit,usd,-639000000.0
NetApp Inc,NTAP,QTX3D84DZDD5JYOCYH15,0001002047,2017.0,Q2TTM,2015-10-31,2016-10-28,,netcashfromcontinuingfinancingactivities,paymentofdividends,Payment of Dividends,+,debit,usd,-208000000.0
NetApp Inc,NTAP,QTX3D84DZDD5JYOCYH15,0001002047,2017.0,Q2TTM,2015-10-31,2016-10-28,,netcashfromcontinuingfinancingactivities,issuanceofdebt,Issuance of Debt,+,debit,usd,869000000.0
NetApp Inc,NTAP,QTX3D84DZDD5JYOCYH15,0001002047,2017.0,Q2TTM,2015-10-31,2016-10-28,,netcashfromcontinuingfinancingactivities,issuanceofcommonequity,Issuance of Common Equity,+,debit,usd,156000000.0
NetApp Inc,NTAP,QTX3D84DZDD5JYOCYH15,0001002047,2017.0,Q2TTM,2015-10-31,2016-10-28,,netcashfromcontinuingfinancingactivities,otherfinancingactivitiesnet,"Other Financing Activities, net",+,debit,usd,62000000.0
NetApp Inc,NTAP,QTX3D84DZDD5JYOCYH15,0001002047,2017.0,Q2TTM,2015-10-31,2016-10-28,,netcashfromfinancingactivities,netcashfromcontinuingfinancingactivities,Net Cash From Continuing Financing Activities,+,debit,usd,-640000000.0
NetApp Inc,NTAP,QTX3D84DZDD5JYOCYH15,0001002047,2017.0,Q2TTM,2015-10-31,2016-10-28,,netchangeincash,netcashfromfinancingactivities,Net Cash From Financing Activities,+,debit,usd,-640000000.0
NetApp Inc,NTAP,QTX3D84DZDD5JYOCYH15,0001002047,2017.0,Q2TTM,2015-10-31,2016-10-28,,netchangeincash,effectofexchangeratechanges,Effect of Exchange Rate Changes,+,debit,usd,-9000000.0
NetApp Inc,NTAP,QTX3D84DZDD5JYOCYH15,0001002047,2017.0,Q2TTM,2015-10-31,2016-10-28,,,netchangeincash,Net Change in Cash & Equivalents,=,debit,usd,-85000000.0
NetApp Inc,NTAP,QTX3D84DZDD5JYOCYH15,0001002047,2017.0,Q2,2016-07-30,2016-10-28,,netincomecontinuing,netincome,Consolidated Net Income / (Loss),+,credit,usd,109000000.0
NetApp Inc,NTAP,QTX3D84DZDD5JYOCYH15,0001002047,2017.0,Q2,2016-07-30,2016-10-28,,netcashfromcontinuingoperatingactivities,netincomecontinuing,Net Income / (Loss) Continuing Operations,+,credit,usd,109000000.0
NetApp Inc,NTAP,QTX3D84DZDD5JYOCYH15,0001002047,2017.0,Q2,2016-07-30,2016-10-28,,netcashfromcontinuingoperatingactivities,depreciationexpense,Depreciation Expense,+,debit,usd,57000000.0
NetApp Inc,NTAP,QTX3D84DZDD5JYOCYH15,0001002047,2017.0,Q2,2016-07-30,2016-10-28,,netcashfromcontinuingoperatingactivities,noncashadjustmentstonetincome,Non-Cash Adjustments To Reconcile Net Income,+,debit,usd,51000000.0
NetApp Inc,NTAP,QTX3D84DZDD5JYOCYH15,0001002047,2017.0,Q2,2016-07-30,2016-10-28,,netcashfromcontinuingoperatingactivities,increasedecreaseinoperatingcapital,"Changes in Operating Assets and Liabilities, net",+,debit,usd,-59000000.0
NetApp Inc,NTAP,QTX3D84DZDD5JYOCYH15,0001002047,2017.0,Q2,2016-07-30,2016-10-28,,netcashfromoperatingactivities,netcashfromcontinuingoperatingactivities,Net Cash From Continuing Operating Activities,+,debit,usd,158000000.0
NetApp Inc,NTAP,QTX3D84DZDD5JYOCYH15,0001002047,2017.0,Q2,2016-07-30,2016-10-28,,netchangeincash,netcashfromoperatingactivities,Net Cash From Operating Activities,+,debit,usd,158000000.0
NetApp Inc,NTAP,QTX3D84DZDD5JYOCYH15,0001002047,2017.0,Q2,2016-07-30,2016-10-28,,netcashfromcontinuinginvestingactivities,purchaseofplantpropertyandequipment,"Purchase of Property, Plant & Equipment",+,debit,usd,-56000000.0
NetApp Inc,NTAP,QTX3D84DZDD5JYOCYH15,0001002047,2017.0,Q2,2016-07-30,2016-10-28,,netcashfromcontinuinginvestingactivities,purchaseofinvestments,Purchase of Investments,+,debit,usd,-510000000.0
NetApp Inc,NTAP,QTX3D84DZDD5JYOCYH15,0001002047,2017.0,Q2,2016-07-30,2016-10-28,,netcashfromcontinuinginvestingactivities,saleofinvestments,Sale and/or Maturity of Investments,+,debit,usd,387000000.0
NetApp Inc,NTAP,QTX3D84DZDD5JYOCYH15,0001002047,2017.0,Q2,2016-07-30,2016-10-28,,netcashfrominvestingactivities,netcashfromcontinuinginvestingactivities,Net Cash From Continuing Investing Activities,+,debit,usd,-179000000.0
NetApp Inc,NTAP,QTX3D84DZDD5JYOCYH15,0001002047,2017.0,Q2,2016-07-30,2016-10-28,,netchangeincash,netcashfrominvestingactivities,Net Cash From Investing Activities,+,debit,usd,-179000000.0
NetApp Inc,NTAP,QTX3D84DZDD5JYOCYH15,0001002047,2017.0,Q2,2016-07-30,2016-10-28,,netcashfromcontinuingfinancingactivities,repaymentofdebt,Repayment of Debt,+,debit,usd,-1000000.0
NetApp Inc,NTAP,QTX3D84DZDD5JYOCYH15,0001002047,2017.0,Q2,2016-07-30,2016-10-28,,netcashfromcontinuingfinancingactivities,repurchaseofcommonequity,Repurchase of Common Equity,+,debit,usd,-117000000.0
NetApp Inc,NTAP,QTX3D84DZDD5JYOCYH15,0001002047,2017.0,Q2,2016-07-30,2016-10-28,,netcashfromcontinuingfinancingactivities,paymentofdividends,Payment of Dividends,+,debit,usd,-52000000.0
NetApp Inc,NTAP,QTX3D84DZDD5JYOCYH15,0001002047,2017.0,Q2,2016-07-30,2016-10-28,,netcashfromcontinuingfinancingactivities,issuanceofcommonequity,Issuance of Common Equity,+,debit,usd,19000000.0
NetApp Inc,NTAP,QTX3D84DZDD5JYOCYH15,0001002047,2017.0,Q2,2016-07-30,2016-10-28,,netcashfromcontinuingfinancingactivities,otherfinancingactivitiesnet,"Other Financing Activities, net",+,debit,usd,-3000000.0
NetApp Inc,NTAP,QTX3D84DZDD5JYOCYH15,0001002047,2017.0,Q2,2016-07-30,2016-10-28,,netcashfromfinancingactivities,netcashfromcontinuingfinancingactivities,Net Cash From Continuing Financing Activities,+,debit,usd,-154000000.0
NetApp Inc,NTAP,QTX3D84DZDD5JYOCYH15,0001002047,2017.0,Q2,2016-07-30,2016-10-28,,netchangeincash,netcashfromfinancingactivities,Net Cash From Financing Activities,+,debit,usd,-154000000.0
NetApp Inc,NTAP,QTX3D84DZDD5JYOCYH15,0001002047,2017.0,Q2,2016-07-30,2016-10-28,,netchangeincash,effectofexchangeratechanges,Effect of Exchange Rate Changes,+,debit,usd,-6000000.0
NetApp Inc,NTAP,QTX3D84DZDD5JYOCYH15,0001002047,2017.0,Q2,2016-07-30,2016-10-28,,,netchangeincash,Net Change in Cash & Equivalents,=,debit,usd,-181000000.0
NetApp Inc,NTAP,QTX3D84DZDD5JYOCYH15,0001002047,2017.0,Q1,2016-04-30,2016-07-29,2017-08-29 16:06:30+00:00,netincomecontinuing,netincome,Consolidated Net Income / (Loss),+,credit,usd,64000000.0
NetApp Inc,NTAP,QTX3D84DZDD5JYOCYH15,0001002047,2017.0,Q1,2016-04-30,2016-07-29,2017-08-29 16:06:30+00:00,netcashfromcontinuingoperatingactivities,netincomecontinuing,Net Income / (Loss) Continuing Operations,+,credit,usd,64000000.0
NetApp Inc,NTAP,QTX3D84DZDD5JYOCYH15,0001002047,2017.0,Q1,2016-04-30,2016-07-29,2017-08-29 16:06:30+00:00,netcashfromcontinuingoperatingactivities,depreciationexpense,Depreciation Expense,+,debit,usd,60000000.0
NetApp Inc,NTAP,QTX3D84DZDD5JYOCYH15,0001002047,2017.0,Q1,2016-04-30,2016-07-29,2017-08-29 16:06:30+00:00,netcashfromcontinuingoperatingactivities,noncashadjustmentstonetincome,Non-Cash Adjustments To Reconcile Net Income,+,debit,usd,52000000.0
NetApp Inc,NTAP,QTX3D84DZDD5JYOCYH15,0001002047,2017.0,Q1,2016-04-30,2016-07-29,2017-08-29 16:06:30+00:00,netcashfromcontinuingoperatingactivities,increasedecreaseinoperatingcapital,"Changes in Operating Assets and Liabilities, net",+,debit,usd,52000000.0
NetApp Inc,NTAP,QTX3D84DZDD5JYOCYH15,0001002047,2017.0,Q1,2016-04-30,2016-07-29,2017-08-29 16:06:30+00:00,netcashfromoperatingactivities,netcashfromcontinuingoperatingactivities,Net Cash From Continuing Operating Activities,+,debit,usd,228000000.0
NetApp Inc,NTAP,QTX3D84DZDD5JYOCYH15,0001002047,2017.0,Q1,2016-04-30,2016-07-29,2017-08-29 16:06:30+00:00,netchangeincash,netcashfromoperatingactivities,Net Cash From Operating Activities,+,debit,usd,228000000.0
NetApp Inc,NTAP,QTX3D84DZDD5JYOCYH15,0001002047,2017.0,Q1,2016-04-30,2016-07-29,2017-08-29 16:06:30+00:00,netcashfromcontinuinginvestingactivities,purchaseofplantpropertyandequipment,"Purchase of Property, Plant & Equipment",+,debit,usd,-36000000.0
NetApp Inc,NTAP,QTX3D84DZDD5JYOCYH15,0001002047,2017.0,Q1,2016-04-30,2016-07-29,2017-08-29 16:06:30+00:00,netcashfromcontinuinginvestingactivities,acquisitions,Acquisitions,+,debit,usd,0.0
NetApp Inc,NTAP,QTX3D84DZDD5JYOCYH15,0001002047,2017.0,Q1,2016-04-30,2016-07-29,2017-08-29 16:06:30+00:00,netcashfromcontinuinginvestingactivities,purchaseofinvestments,Purchase of Investments,+,debit,usd,-285000000.0
NetApp Inc,NTAP,QTX3D84DZDD5JYOCYH15,0001002047,2017.0,Q1,2016-04-30,2016-07-29,2017-08-29 16:06:30+00:00,netcashfromcontinuinginvestingactivities,saleofinvestments,Sale and/or Maturity of Investments,+,debit,usd,598000000.0
NetApp Inc,NTAP,QTX3D84DZDD5JYOCYH15,0001002047,2017.0,Q1,2016-04-30,2016-07-29,2017-08-29 16:06:30+00:00,netcashfromcontinuinginvestingactivities,otherinvestingactivitiesnet,"Other Investing Activities, net",+,debit,usd,-1000000.0
NetApp Inc,NTAP,QTX3D84DZDD5JYOCYH15,0001002047,2017.0,Q1,2016-04-30,2016-07-29,2017-08-29 16:06:30+00:00,netcashfrominvestingactivities,netcashfromcontinuinginvestingactivities,Net Cash From Continuing Investing Activities,+,debit,usd,276000000.0
NetApp Inc,NTAP,QTX3D84DZDD5JYOCYH15,0001002047,2017.0,Q1,2016-04-30,2016-07-29,2017-08-29 16:06:30+00:00,netchangeincash,netcashfrominvestingactivities,Net Cash From Investing Activities,+,debit,usd,276000000.0
NetApp Inc,NTAP,QTX3D84DZDD5JYOCYH15,0001002047,2017.0,Q1,2016-04-30,2016-07-29,2017-08-29 16:06:30+00:00,netcashfromcontinuingfinancingactivities,repaymentofdebt,Repayment of Debt,+,debit,usd,-852000000.0
NetApp Inc,NTAP,QTX3D84DZDD5JYOCYH15,0001002047,2017.0,Q1,2016-04-30,2016-07-29,2017-08-29 16:06:30+00:00,netcashfromcontinuingfinancingactivities,repurchaseofcommonequity,Repurchase of Common Equity,+,debit,usd,-175000000.0
NetApp Inc,NTAP,QTX3D84DZDD5JYOCYH15,0001002047,2017.0,Q1,2016-04-30,2016-07-29,2017-08-29 16:06:30+00:00,netcashfromcontinuingfinancingactivities,paymentofdividends,Payment of Dividends,+,debit,usd,-53000000.0
NetApp Inc,NTAP,QTX3D84DZDD5JYOCYH15,0001002047,2017.0,Q1,2016-04-30,2016-07-29,2017-08-29 16:06:30+00:00,netcashfromcontinuingfinancingactivities,issuanceofcommonequity,Issuance of Common Equity,+,debit,usd,42000000.0
NetApp Inc,NTAP,QTX3D84DZDD5JYOCYH15,0001002047,2017.0,Q1,2016-04-30,2016-07-29,2017-08-29 16:06:30+00:00,netcashfromcontinuingfinancingactivities,otherfinancingactivitiesnet,"Other Financing Activities, net",+,debit,usd,-33000000.0
NetApp Inc,NTAP,QTX3D84DZDD5JYOCYH15,0001002047,2017.0,Q1,2016-04-30,2016-07-29,2017-08-29 16:06:30+00:00,netcashfromfinancingactivities,netcashfromcontinuingfinancingactivities,Net Cash From Continuing Financing Activities,+,debit,usd,-1071000000.0
NetApp Inc,NTAP,QTX3D84DZDD5JYOCYH15,0001002047,2017.0,Q1,2016-04-30,2016-07-29,2017-08-29 16:06:30+00:00,netchangeincash,netcashfromfinancingactivities,Net Cash From Financing Activities,+,debit,usd,-1071000000.0
NetApp Inc,NTAP,QTX3D84DZDD5JYOCYH15,0001002047,2017.0,Q1,2016-04-30,2016-07-29,2017-08-29 16:06:30+00:00,netchangeincash,effectofexchangeratechanges,Effect of Exchange Rate Changes,+,debit,usd,-7000000.0
NetApp Inc,NTAP,QTX3D84DZDD5JYOCYH15,0001002047,2017.0,Q1,2016-04-30,2016-07-29,2017-08-29 16:06:30+00:00,,netchangeincash,Net Change in Cash & Equivalents,=,debit,usd,-574000000.0
NetApp Inc,NTAP,QTX3D84DZDD5JYOCYH15,0001002047,2017.0,Q1TTM,2015-08-01,2016-07-29,,netincomecontinuing,netincome,Consolidated Net Income / (Loss),+,credit,usd,323000000.0
NetApp Inc,NTAP,QTX3D84DZDD5JYOCYH15,0001002047,2017.0,Q1TTM,2015-08-01,2016-07-29,,netcashfromcontinuingoperatingactivities,netincomecontinuing,Net Income / (Loss) Continuing Operations,+,credit,usd,323000000.0
NetApp Inc,NTAP,QTX3D84DZDD5JYOCYH15,0001002047,2017.0,Q1TTM,2015-08-01,2016-07-29,,netcashfromcontinuingoperatingactivities,depreciationexpense,Depreciation Expense,+,debit,usd,270000000.0
NetApp Inc,NTAP,QTX3D84DZDD5JYOCYH15,0001002047,2017.0,Q1TTM,2015-08-01,2016-07-29,,netcashfromcontinuingoperatingactivities,noncashadjustmentstonetincome,Non-Cash Adjustments To Reconcile Net Income,+,debit,usd,169000000.0
NetApp Inc,NTAP,QTX3D84DZDD5JYOCYH15,0001002047,2017.0,Q1TTM,2015-08-01,2016-07-29,,netcashfromcontinuingoperatingactivities,increasedecreaseinoperatingcapital,"Changes in Operating Assets and Liabilities, net",+,debit,usd,311000000.0
NetApp Inc,NTAP,QTX3D84DZDD5JYOCYH15,0001002047,2017.0,Q1TTM,2015-08-01,2016-07-29,,netcashfromoperatingactivities,netcashfromcontinuingoperatingactivities,Net Cash From Continuing Operating Activities,+,debit,usd,1073000000.0
NetApp Inc,NTAP,QTX3D84DZDD5JYOCYH15,0001002047,2017.0,Q1TTM,2015-08-01,2016-07-29,,netchangeincash,netcashfromoperatingactivities,Net Cash From Operating Activities,+,debit,usd,1073000000.0
NetApp Inc,NTAP,QTX3D84DZDD5JYOCYH15,0001002047,2017.0,Q1TTM,2015-08-01,2016-07-29,,netcashfromcontinuinginvestingactivities,purchaseofplantpropertyandequipment,"Purchase of Property, Plant & Equipment",+,debit,usd,-158000000.0
NetApp Inc,NTAP,QTX3D84DZDD5JYOCYH15,0001002047,2017.0,Q1TTM,2015-08-01,2016-07-29,,netcashfromcontinuinginvestingactivities,acquisitions,Acquisitions,+,debit,usd,-842000000.0
NetApp Inc,NTAP,QTX3D84DZDD5JYOCYH15,0001002047,2017.0,Q1TTM,2015-08-01,2016-07-29,,netcashfromcontinuinginvestingactivities,purchaseofinvestments,Purchase of Investments,+,debit,usd,-1636000000.0
NetApp Inc,NTAP,QTX3D84DZDD5JYOCYH15,0001002047,2017.0,Q1TTM,2015-08-01,2016-07-29,,netcashfromcontinuinginvestingactivities,saleofplantpropertyandequipment,"Sale of Property, Plant & Equipment",+,debit,usd,102000000.0
NetApp Inc,NTAP,QTX3D84DZDD5JYOCYH15,0001002047,2017.0,Q1TTM,2015-08-01,2016-07-29,,netcashfromcontinuinginvestingactivities,saleofinvestments,Sale and/or Maturity of Investments,+,debit,usd,2153000000.0
NetApp Inc,NTAP,QTX3D84DZDD5JYOCYH15,0001002047,2017.0,Q1TTM,2015-08-01,2016-07-29,,netcashfrominvestingactivities,netcashfromcontinuinginvestingactivities,Net Cash From Continuing Investing Activities,+,debit,usd,-381000000.0
NetApp Inc,NTAP,QTX3D84DZDD5JYOCYH15,0001002047,2017.0,Q1TTM,2015-08-01,2016-07-29,,netchangeincash,netcashfrominvestingactivities,Net Cash From Investing Activities,+,debit,usd,-381000000.0
NetApp Inc,NTAP,QTX3D84DZDD5JYOCYH15,0001002047,2017.0,Q1TTM,2015-08-01,2016-07-29,,netcashfromcontinuingfinancingactivities,repaymentofdebt,Repayment of Debt,+,debit,usd,-879000000.0
NetApp Inc,NTAP,QTX3D84DZDD5JYOCYH15,0001002047,2017.0,Q1TTM,2015-08-01,2016-07-29,,netcashfromcontinuingfinancingactivities,repurchaseofcommonequity,Repurchase of Common Equity,+,debit,usd,-705000000.0
NetApp Inc,NTAP,QTX3D84DZDD5JYOCYH15,0001002047,2017.0,Q1TTM,2015-08-01,2016-07-29,,netcashfromcontinuingfinancingactivities,paymentofdividends,Payment of Dividends,+,debit,usd,-209000000.0
NetApp Inc,NTAP,QTX3D84DZDD5JYOCYH15,0001002047,2017.0,Q1TTM,2015-08-01,2016-07-29,,netcashfromcontinuingfinancingactivities,issuanceofdebt,Issuance of Debt,+,debit,usd,869000000.0
NetApp Inc,NTAP,QTX3D84DZDD5JYOCYH15,0001002047,2017.0,Q1TTM,2015-08-01,2016-07-29,,netcashfromcontinuingfinancingactivities,issuanceofcommonequity,Issuance of Common Equity,+,debit,usd,143000000.0
NetApp Inc,NTAP,QTX3D84DZDD5JYOCYH15,0001002047,2017.0,Q1TTM,2015-08-01,2016-07-29,,netcashfromcontinuingfinancingactivities,otherfinancingactivitiesnet,"Other Financing Activities, net",+,debit,usd,65000000.0
NetApp Inc,NTAP,QTX3D84DZDD5JYOCYH15,0001002047,2017.0,Q1TTM,2015-08-01,2016-07-29,,netcashfromfinancingactivities,netcashfromcontinuingfinancingactivities,Net Cash From Continuing Financing Activities,+,debit,usd,-716000000.0
NetApp Inc,NTAP,QTX3D84DZDD5JYOCYH15,0001002047,2017.0,Q1TTM,2015-08-01,2016-07-29,,netchangeincash,netcashfromfinancingactivities,Net Cash From Financing Activities,+,debit,usd,-716000000.0
NetApp Inc,NTAP,QTX3D84DZDD5JYOCYH15,0001002047,2017.0,Q1TTM,2015-08-01,2016-07-29,,netchangeincash,effectofexchangeratechanges,Effect of Exchange Rate Changes,+,debit,usd,-6000000.0
NetApp Inc,NTAP,QTX3D84DZDD5JYOCYH15,0001002047,2017.0,Q1TTM,2015-08-01,2016-07-29,,,netchangeincash,Net Change in Cash & Equivalents,=,debit,usd,-30000000.0
NetApp Inc,NTAP,QTX3D84DZDD5JYOCYH15,0001002047,2018.0,FY,2017-04-29,2018-04-27,2020-06-15 16:08:13+00:00,netincomecontinuing,netincome,Consolidated Net Income / (Loss),+,credit,usd,116000000.0
NetApp Inc,NTAP,QTX3D84DZDD5JYOCYH15,0001002047,2018.0,FY,2017-04-29,2018-04-27,2020-06-15 16:08:13+00:00,netcashfromcontinuingoperatingactivities,netincomecontinuing,Net Income / (Loss) Continuing Operations,+,credit,usd,116000000.0
NetApp Inc,NTAP,QTX3D84DZDD5JYOCYH15,0001002047,2018.0,FY,2017-04-29,2018-04-27,2020-06-15 16:08:13+00:00,netcashfromcontinuingoperatingactivities,depreciationexpense,Depreciation Expense,+,debit,usd,198000000.0
NetApp Inc,NTAP,QTX3D84DZDD5JYOCYH15,0001002047,2018.0,FY,2017-04-29,2018-04-27,2020-06-15 16:08:13+00:00,netcashfromcontinuingoperatingactivities,noncashadjustmentstonetincome,Non-Cash Adjustments To Reconcile Net Income,+,debit,usd,-57000000.0
NetApp Inc,NTAP,QTX3D84DZDD5JYOCYH15,0001002047,2018.0,FY,2017-04-29,2018-04-27,2020-06-15 16:08:13+00:00,netcashfromcontinuingoperatingactivities,increasedecreaseinoperatingcapital,"Changes in Operating Assets and Liabilities, net",+,debit,usd,1221000000.0
NetApp Inc,NTAP,QTX3D84DZDD5JYOCYH15,0001002047,2018.0,FY,2017-04-29,2018-04-27,2020-06-15 16:08:13+00:00,netcashfromoperatingactivities,netcashfromcontinuingoperatingactivities,Net Cash From Continuing Operating Activities,+,debit,usd,1478000000.0
NetApp Inc,NTAP,QTX3D84DZDD5JYOCYH15,0001002047,2018.0,FY,2017-04-29,2018-04-27,2020-06-15 16:08:13+00:00,netchangeincash,netcashfromoperatingactivities,Net Cash From Operating Activities,+,debit,usd,1478000000.0
NetApp Inc,NTAP,QTX3D84DZDD5JYOCYH15,0001002047,2018.0,FY,2017-04-29,2018-04-27,2020-06-15 16:08:13+00:00,netcashfromcontinuinginvestingactivities,purchaseofplantpropertyandequipment,"Purchase of Property, Plant & Equipment",+,debit,usd,-145000000.0
NetApp Inc,NTAP,QTX3D84DZDD5JYOCYH15,0001002047,2018.0,FY,2017-04-29,2018-04-27,2020-06-15 16:08:13+00:00,netcashfromcontinuinginvestingactivities,acquisitions,Acquisitions,+,debit,usd,-75000000.0
NetApp Inc,NTAP,QTX3D84DZDD5JYOCYH15,0001002047,2018.0,FY,2017-04-29,2018-04-27,2020-06-15 16:08:13+00:00,netcashfromcontinuinginvestingactivities,purchaseofinvestments,Purchase of Investments,+,debit,usd,-1389000000.0
NetApp Inc,NTAP,QTX3D84DZDD5JYOCYH15,0001002047,2018.0,FY,2017-04-29,2018-04-27,2020-06-15 16:08:13+00:00,netcashfromcontinuinginvestingactivities,saleofplantpropertyandequipment,"Sale of Property, Plant & Equipment",+,debit,usd,210000000.0
NetApp Inc,NTAP,QTX3D84DZDD5JYOCYH15,0001002047,2018.0,FY,2017-04-29,2018-04-27,2020-06-15 16:08:13+00:00,netcashfromcontinuinginvestingactivities,saleofinvestments,Sale and/or Maturity of Investments,+,debit,usd,1379000000.0
NetApp Inc,NTAP,QTX3D84DZDD5JYOCYH15,0001002047,2018.0,FY,2017-04-29,2018-04-27,2020-06-15 16:08:13+00:00,netcashfromcontinuinginvestingactivities,otherinvestingactivitiesnet,"Other Investing Activities, net",+,debit,usd,-1000000.0
NetApp Inc,NTAP,QTX3D84DZDD5JYOCYH15,0001002047,2018.0,FY,2017-04-29,2018-04-27,2020-06-15 16:08:13+00:00,netcashfrominvestingactivities,netcashfromcontinuinginvestingactivities,Net Cash From Continuing Investing Activities,+,debit,usd,-21000000.0
NetApp Inc,NTAP,QTX3D84DZDD5JYOCYH15,0001002047,2018.0,FY,2017-04-29,2018-04-27,2020-06-15 16:08:13+00:00,netchangeincash,netcashfrominvestingactivities,Net Cash From Investing Activities,+,debit,usd,-21000000.0
NetApp Inc,NTAP,QTX3D84DZDD5JYOCYH15,0001002047,2018.0,FY,2017-04-29,2018-04-27,2020-06-15 16:08:13+00:00,netcashfromcontinuingfinancingactivities,repaymentofdebt,Repayment of Debt,+,debit,usd,-871000000.0
NetApp Inc,NTAP,QTX3D84DZDD5JYOCYH15,0001002047,2018.0,FY,2017-04-29,2018-04-27,2020-06-15 16:08:13+00:00,netcashfromcontinuingfinancingactivities,repurchaseofcommonequity,Repurchase of Common Equity,+,debit,usd,-794000000.0
NetApp Inc,NTAP,QTX3D84DZDD5JYOCYH15,0001002047,2018.0,FY,2017-04-29,2018-04-27,2020-06-15 16:08:13+00:00,netcashfromcontinuingfinancingactivities,paymentofdividends,Payment of Dividends,+,debit,usd,-214000000.0
NetApp Inc,NTAP,QTX3D84DZDD5JYOCYH15,0001002047,2018.0,FY,2017-04-29,2018-04-27,2020-06-15 16:08:13+00:00,netcashfromcontinuingfinancingactivities,issuanceofdebt,Issuance of Debt,+,debit,usd,795000000.0
NetApp Inc,NTAP,QTX3D84DZDD5JYOCYH15,0001002047,2018.0,FY,2017-04-29,2018-04-27,2020-06-15 16:08:13+00:00,netcashfromcontinuingfinancingactivities,issuanceofcommonequity,Issuance of Common Equity,+,debit,usd,173000000.0
NetApp Inc,NTAP,QTX3D84DZDD5JYOCYH15,0001002047,2018.0,FY,2017-04-29,2018-04-27,2020-06-15 16:08:13+00:00,netcashfromcontinuingfinancingactivities,otherfinancingactivitiesnet,"Other Financing Activities, net",+,debit,usd,-75000000.0
NetApp Inc,NTAP,QTX3D84DZDD5JYOCYH15,0001002047,2018.0,FY,2017-04-29,2018-04-27,2020-06-15 16:08:13+00:00,netcashfromfinancingactivities,netcashfromcontinuingfinancingactivities,Net Cash From Continuing Financing Activities,+,debit,usd,-986000000.0
NetApp Inc,NTAP,QTX3D84DZDD5JYOCYH15,0001002047,2018.0,FY,2017-04-29,2018-04-27,2020-06-15 16:08:13+00:00,netchangeincash,netcashfromfinancingactivities,Net Cash From Financing Activities,+,debit,usd,-986000000.0
NetApp Inc,NTAP,QTX3D84DZDD5JYOCYH15,0001002047,2018.0,FY,2017-04-29,2018-04-27,2020-06-15 16:08:13+00:00,netchangeincash,effectofexchangeratechanges,Effect of Exchange Rate Changes,+,debit,usd,26000000.0
NetApp Inc,NTAP,QTX3D84DZDD5JYOCYH15,0001002047,2018.0,FY,2017-04-29,2018-04-27,2020-06-15 16:08:13+00:00,,netchangeincash,Net Change in Cash & Equivalents,=,debit,usd,497000000.0
NetApp Inc,NTAP,QTX3D84DZDD5JYOCYH15,0001002047,2018.0,Q4,2018-01-27,2018-04-27,,netincomecontinuing,netincome,Consolidated Net Income / (Loss),+,credit,usd,290000000.0
NetApp Inc,NTAP,QTX3D84DZDD5JYOCYH15,0001002047,2018.0,Q4,2018-01-27,2018-04-27,,netcashfromcontinuingoperatingactivities,netincomecontinuing,Net Income / (Loss) Continuing Operations,+,credit,usd,290000000.0
NetApp Inc,NTAP,QTX3D84DZDD5JYOCYH15,0001002047,2018.0,Q4,2018-01-27,2018-04-27,,netcashfromcontinuingoperatingactivities,depreciationexpense,Depreciation Expense,+,debit,usd,48000000.0
NetApp Inc,NTAP,QTX3D84DZDD5JYOCYH15,0001002047,2018.0,Q4,2018-01-27,2018-04-27,,netcashfromcontinuingoperatingactivities,noncashadjustmentstonetincome,Non-Cash Adjustments To Reconcile Net Income,+,debit,usd,36000000.0
NetApp Inc,NTAP,QTX3D84DZDD5JYOCYH15,0001002047,2018.0,Q4,2018-01-27,2018-04-27,,netcashfromcontinuingoperatingactivities,increasedecreaseinoperatingcapital,"Changes in Operating Assets and Liabilities, net",+,debit,usd,120000000.0
NetApp Inc,NTAP,QTX3D84DZDD5JYOCYH15,0001002047,2018.0,Q4,2018-01-27,2018-04-27,,netcashfromoperatingactivities,netcashfromcontinuingoperatingactivities,Net Cash From Continuing Operating Activities,+,debit,usd,494000000.0
NetApp Inc,NTAP,QTX3D84DZDD5JYOCYH15,0001002047,2018.0,Q4,2018-01-27,2018-04-27,,netchangeincash,netcashfromoperatingactivities,Net Cash From Operating Activities,+,debit,usd,494000000.0
NetApp Inc,NTAP,QTX3D84DZDD5JYOCYH15,0001002047,2018.0,Q4,2018-01-27,2018-04-27,,netcashfromcontinuinginvestingactivities,purchaseofplantpropertyandequipment,"Purchase of Property, Plant & Equipment",+,debit,usd,-48000000.0
NetApp Inc,NTAP,QTX3D84DZDD5JYOCYH15,0001002047,2018.0,Q4,2018-01-27,2018-04-27,,netcashfromcontinuinginvestingactivities,purchaseofinvestments,Purchase of Investments,+,debit,usd,-127000000.0
NetApp Inc,NTAP,QTX3D84DZDD5JYOCYH15,0001002047,2018.0,Q4,2018-01-27,2018-04-27,,netcashfromcontinuinginvestingactivities,saleofinvestments,Sale and/or Maturity of Investments,+,debit,usd,295000000.0
NetApp Inc,NTAP,QTX3D84DZDD5JYOCYH15,0001002047,2018.0,Q4,2018-01-27,2018-04-27,,netcashfrominvestingactivities,netcashfromcontinuinginvestingactivities,Net Cash From Continuing Investing Activities,+,debit,usd,120000000.0
NetApp Inc,NTAP,QTX3D84DZDD5JYOCYH15,0001002047,2018.0,Q4,2018-01-27,2018-04-27,,netchangeincash,netcashfrominvestingactivities,Net Cash From Investing Activities,+,debit,usd,120000000.0
NetApp Inc,NTAP,QTX3D84DZDD5JYOCYH15,0001002047,2018.0,Q4,2018-01-27,2018-04-27,,netcashfromcontinuingfinancingactivities,repaymentofdebt,Repayment of Debt,+,debit,usd,-115000000.0
NetApp Inc,NTAP,QTX3D84DZDD5JYOCYH15,0001002047,2018.0,Q4,2018-01-27,2018-04-27,,netcashfromcontinuingfinancingactivities,repurchaseofcommonequity,Repurchase of Common Equity,+,debit,usd,-344000000.0
NetApp Inc,NTAP,QTX3D84DZDD5JYOCYH15,0001002047,2018.0,Q4,2018-01-27,2018-04-27,,netcashfromcontinuingfinancingactivities,paymentofdividends,Payment of Dividends,+,debit,usd,-53000000.0
NetApp Inc,NTAP,QTX3D84DZDD5JYOCYH15,0001002047,2018.0,Q4,2018-01-27,2018-04-27,,netcashfromcontinuingfinancingactivities,issuanceofdebt,Issuance of Debt,+,debit,usd,-132000000.0
NetApp Inc,NTAP,QTX3D84DZDD5JYOCYH15,0001002047,2018.0,Q4,2018-01-27,2018-04-27,,netcashfromcontinuingfinancingactivities,issuanceofcommonequity,Issuance of Common Equity,+,debit,usd,16000000.0
NetApp Inc,NTAP,QTX3D84DZDD5JYOCYH15,0001002047,2018.0,Q4,2018-01-27,2018-04-27,,netcashfromcontinuingfinancingactivities,otherfinancingactivitiesnet,"Other Financing Activities, net",+,debit,usd,-8000000.0
NetApp Inc,NTAP,QTX3D84DZDD5JYOCYH15,0001002047,2018.0,Q4,2018-01-27,2018-04-27,,netcashfromfinancingactivities,netcashfromcontinuingfinancingactivities,Net Cash From Continuing Financing Activities,+,debit,usd,-636000000.0
NetApp Inc,NTAP,QTX3D84DZDD5JYOCYH15,0001002047,2018.0,Q4,2018-01-27,2018-04-27,,netchangeincash,netcashfromfinancingactivities,Net Cash From Financing Activities,+,debit,usd,-636000000.0
NetApp Inc,NTAP,QTX3D84DZDD5JYOCYH15,0001002047,2018.0,Q4,2018-01-27,2018-04-27,,netchangeincash,effectofexchangeratechanges,Effect of Exchange Rate Changes,+,debit,usd,26000000.0
NetApp Inc,NTAP,QTX3D84DZDD5JYOCYH15,0001002047,2018.0,Q4,2018-01-27,2018-04-27,,,netchangeincash,Net Change in Cash & Equivalents,=,debit,usd,4000000.0
NetApp Inc,NTAP,QTX3D84DZDD5JYOCYH15,0001002047,2018.0,Q3YTD,2017-04-29,2018-01-26,2019-02-19 16:06:58+00:00,netincomecontinuing,netincome,Consolidated Net Income / (Loss),+,credit,usd,-174000000.0
NetApp Inc,NTAP,QTX3D84DZDD5JYOCYH15,0001002047,2018.0,Q3YTD,2017-04-29,2018-01-26,2019-02-19 16:06:58+00:00,netcashfromcontinuingoperatingactivities,netincomecontinuing,Net Income / (Loss) Continuing Operations,+,credit,usd,-174000000.0
NetApp Inc,NTAP,QTX3D84DZDD5JYOCYH15,0001002047,2018.0,Q3YTD,2017-04-29,2018-01-26,2019-02-19 16:06:58+00:00,netcashfromcontinuingoperatingactivities,depreciationexpense,Depreciation Expense,+,debit,usd,150000000.0
NetApp Inc,NTAP,QTX3D84DZDD5JYOCYH15,0001002047,2018.0,Q3YTD,2017-04-29,2018-01-26,2019-02-19 16:06:58+00:00,netcashfromcontinuingoperatingactivities,noncashadjustmentstonetincome,Non-Cash Adjustments To Reconcile Net Income,+,debit,usd,-93000000.0
NetApp Inc,NTAP,QTX3D84DZDD5JYOCYH15,0001002047,2018.0,Q3YTD,2017-04-29,2018-01-26,2019-02-19 16:06:58+00:00,netcashfromcontinuingoperatingactivities,increasedecreaseinoperatingcapital,"Changes in Operating Assets and Liabilities, net",+,debit,usd,1101000000.0
NetApp Inc,NTAP,QTX3D84DZDD5JYOCYH15,0001002047,2018.0,Q3YTD,2017-04-29,2018-01-26,2019-02-19 16:06:58+00:00,netcashfromoperatingactivities,netcashfromcontinuingoperatingactivities,Net Cash From Continuing Operating Activities,+,debit,usd,984000000.0
NetApp Inc,NTAP,QTX3D84DZDD5JYOCYH15,0001002047,2018.0,Q3YTD,2017-04-29,2018-01-26,2019-02-19 16:06:58+00:00,netchangeincash,netcashfromoperatingactivities,Net Cash From Operating Activities,+,debit,usd,984000000.0
NetApp Inc,NTAP,QTX3D84DZDD5JYOCYH15,0001002047,2018.0,Q3YTD,2017-04-29,2018-01-26,2019-02-19 16:06:58+00:00,netcashfromcontinuinginvestingactivities,purchaseofplantpropertyandequipment,"Purchase of Property, Plant & Equipment",+,debit,usd,-97000000.0
NetApp Inc,NTAP,QTX3D84DZDD5JYOCYH15,0001002047,2018.0,Q3YTD,2017-04-29,2018-01-26,2019-02-19 16:06:58+00:00,netcashfromcontinuinginvestingactivities,acquisitions,Acquisitions,+,debit,usd,-75000000.0
NetApp Inc,NTAP,QTX3D84DZDD5JYOCYH15,0001002047,2018.0,Q3YTD,2017-04-29,2018-01-26,2019-02-19 16:06:58+00:00,netcashfromcontinuinginvestingactivities,purchaseofinvestments,Purchase of Investments,+,debit,usd,-1262000000.0
NetApp Inc,NTAP,QTX3D84DZDD5JYOCYH15,0001002047,2018.0,Q3YTD,2017-04-29,2018-01-26,2019-02-19 16:06:58+00:00,netcashfromcontinuinginvestingactivities,saleofplantpropertyandequipment,"Sale of Property, Plant & Equipment",+,debit,usd,210000000.0
NetApp Inc,NTAP,QTX3D84DZDD5JYOCYH15,0001002047,2018.0,Q3YTD,2017-04-29,2018-01-26,2019-02-19 16:06:58+00:00,netcashfromcontinuinginvestingactivities,saleofinvestments,Sale and/or Maturity of Investments,+,debit,usd,1084000000.0
NetApp Inc,NTAP,QTX3D84DZDD5JYOCYH15,0001002047,2018.0,Q3YTD,2017-04-29,2018-01-26,2019-02-19 16:06:58+00:00,netcashfromcontinuinginvestingactivities,otherinvestingactivitiesnet,"Other Investing Activities, net",+,debit,usd,-1000000.0
NetApp Inc,NTAP,QTX3D84DZDD5JYOCYH15,0001002047,2018.0,Q3YTD,2017-04-29,2018-01-26,2019-02-19 16:06:58+00:00,netcashfrominvestingactivities,netcashfromcontinuinginvestingactivities,Net Cash From Continuing Investing Activities,+,debit,usd,-141000000.0
NetApp Inc,NTAP,QTX3D84DZDD5JYOCYH15,0001002047,2018.0,Q3YTD,2017-04-29,2018-01-26,2019-02-19 16:06:58+00:00,netchangeincash,netcashfrominvestingactivities,Net Cash From Investing Activities,+,debit,usd,-141000000.0
NetApp Inc,NTAP,QTX3D84DZDD5JYOCYH15,0001002047,2018.0,Q3YTD,2017-04-29,2018-01-26,2019-02-19 16:06:58+00:00,netcashfromcontinuingfinancingactivities,repaymentofdebt,Repayment of Debt,+,debit,usd,-756000000.0
NetApp Inc,NTAP,QTX3D84DZDD5JYOCYH15,0001002047,2018.0,Q3YTD,2017-04-29,2018-01-26,2019-02-19 16:06:58+00:00,netcashfromcontinuingfinancingactivities,repurchaseofcommonequity,Repurchase of Common Equity,+,debit,usd,-450000000.0
NetApp Inc,NTAP,QTX3D84DZDD5JYOCYH15,0001002047,2018.0,Q3YTD,2017-04-29,2018-01-26,2019-02-19 16:06:58+00:00,netcashfromcontinuingfinancingactivities,paymentofdividends,Payment of Dividends,+,debit,usd,-161000000.0
NetApp Inc,NTAP,QTX3D84DZDD5JYOCYH15,0001002047,2018.0,Q3YTD,2017-04-29,2018-01-26,2019-02-19 16:06:58+00:00,netcashfromcontinuingfinancingactivities,issuanceofdebt,Issuance of Debt,+,debit,usd,927000000.0
NetApp Inc,NTAP,QTX3D84DZDD5JYOCYH15,0001002047,2018.0,Q3YTD,2017-04-29,2018-01-26,2019-02-19 16:06:58+00:00,netcashfromcontinuingfinancingactivities,issuanceofcommonequity,Issuance of Common Equity,+,debit,usd,157000000.0
NetApp Inc,NTAP,QTX3D84DZDD5JYOCYH15,0001002047,2018.0,Q3YTD,2017-04-29,2018-01-26,2019-02-19 16:06:58+00:00,netcashfromcontinuingfinancingactivities,otherfinancingactivitiesnet,"Other Financing Activities, net",+,debit,usd,-67000000.0
NetApp Inc,NTAP,QTX3D84DZDD5JYOCYH15,0001002047,2018.0,Q3YTD,2017-04-29,2018-01-26,2019-02-19 16:06:58+00:00,netcashfromfinancingactivities,netcashfromcontinuingfinancingactivities,Net Cash From Continuing Financing Activities,+,debit,usd,-350000000.0
NetApp Inc,NTAP,QTX3D84DZDD5JYOCYH15,0001002047,2018.0,Q3YTD,2017-04-29,2018-01-26,2019-02-19 16:06:58+00:00,netchangeincash,netcashfromfinancingactivities,Net Cash From Financing Activities,+,debit,usd,-350000000.0
NetApp Inc,NTAP,QTX3D84DZDD5JYOCYH15,0001002047,2018.0,Q3YTD,2017-04-29,2018-01-26,2019-02-19 16:06:58+00:00,,netchangeincash,Net Change in Cash & Equivalents,=,debit,usd,493000000.0
NetApp Inc,NTAP,QTX3D84DZDD5JYOCYH15,0001002047,2018.0,Q3TTM,2017-01-28,2018-01-26,,netincomecontinuing,netincome,Consolidated Net Income / (Loss),+,credit,usd,-12000000.0
NetApp Inc,NTAP,QTX3D84DZDD5JYOCYH15,0001002047,2018.0,Q3TTM,2017-01-28,2018-01-26,,netcashfromcontinuingoperatingactivities,netincomecontinuing,Net Income / (Loss) Continuing Operations,+,credit,usd,-12000000.0
NetApp Inc,NTAP,QTX3D84DZDD5JYOCYH15,0001002047,2018.0,Q3TTM,2017-01-28,2018-01-26,,netcashfromcontinuingoperatingactivities,depreciationexpense,Depreciation Expense,+,debit,usd,203000000.0
NetApp Inc,NTAP,QTX3D84DZDD5JYOCYH15,0001002047,2018.0,Q3TTM,2017-01-28,2018-01-26,,netcashfromcontinuingoperatingactivities,noncashadjustmentstonetincome,Non-Cash Adjustments To Reconcile Net Income,+,debit,usd,-47000000.0
NetApp Inc,NTAP,QTX3D84DZDD5JYOCYH15,0001002047,2018.0,Q3TTM,2017-01-28,2018-01-26,,netcashfromcontinuingoperatingactivities,increasedecreaseinoperatingcapital,"Changes in Operating Assets and Liabilities, net",+,debit,usd,1205000000.0
NetApp Inc,NTAP,QTX3D84DZDD5JYOCYH15,0001002047,2018.0,Q3TTM,2017-01-28,2018-01-26,,netcashfromoperatingactivities,netcashfromcontinuingoperatingactivities,Net Cash From Continuing Operating Activities,+,debit,usd,1349000000.0
NetApp Inc,NTAP,QTX3D84DZDD5JYOCYH15,0001002047,2018.0,Q3TTM,2017-01-28,2018-01-26,,netchangeincash,netcashfromoperatingactivities,Net Cash From Operating Activities,+,debit,usd,1349000000.0
NetApp Inc,NTAP,QTX3D84DZDD5JYOCYH15,0001002047,2018.0,Q3TTM,2017-01-28,2018-01-26,,netcashfromcontinuinginvestingactivities,purchaseofplantpropertyandequipment,"Purchase of Property, Plant & Equipment",+,debit,usd,-135000000.0
NetApp Inc,NTAP,QTX3D84DZDD5JYOCYH15,0001002047,2018.0,Q3TTM,2017-01-28,2018-01-26,,netcashfromcontinuinginvestingactivities,acquisitions,Acquisitions,+,debit,usd,-83000000.0
NetApp Inc,NTAP,QTX3D84DZDD5JYOCYH15,0001002047,2018.0,Q3TTM,2017-01-28,2018-01-26,,netcashfromcontinuinginvestingactivities,purchaseofinvestments,Purchase of Investments,+,debit,usd,-1856000000.0
NetApp Inc,NTAP,QTX3D84DZDD5JYOCYH15,0001002047,2018.0,Q3TTM,2017-01-28,2018-01-26,,netcashfromcontinuinginvestingactivities,saleofplantpropertyandequipment,"Sale of Property, Plant & Equipment",+,debit,usd,210000000.0
NetApp Inc,NTAP,QTX3D84DZDD5JYOCYH15,0001002047,2018.0,Q3TTM,2017-01-28,2018-01-26,,netcashfromcontinuinginvestingactivities,saleofinvestments,Sale and/or Maturity of Investments,+,debit,usd,1633000000.0
NetApp Inc,NTAP,QTX3D84DZDD5JYOCYH15,0001002047,2018.0,Q3TTM,2017-01-28,2018-01-26,,netcashfrominvestingactivities,netcashfromcontinuinginvestingactivities,Net Cash From Continuing Investing Activities,+,debit,usd,-231000000.0
NetApp Inc,NTAP,QTX3D84DZDD5JYOCYH15,0001002047,2018.0,Q3TTM,2017-01-28,2018-01-26,,netchangeincash,netcashfrominvestingactivities,Net Cash From Investing Activities,+,debit,usd,-231000000.0
NetApp Inc,NTAP,QTX3D84DZDD5JYOCYH15,0001002047,2018.0,Q3TTM,2017-01-28,2018-01-26,,netcashfromcontinuingfinancingactivities,repaymentofdebt,Repayment of Debt,+,debit,usd,-756000000.0
NetApp Inc,NTAP,QTX3D84DZDD5JYOCYH15,0001002047,2018.0,Q3TTM,2017-01-28,2018-01-26,,netcashfromcontinuingfinancingactivities,repurchaseofcommonequity,Repurchase of Common Equity,+,debit,usd,-579000000.0
NetApp Inc,NTAP,QTX3D84DZDD5JYOCYH15,0001002047,2018.0,Q3TTM,2017-01-28,2018-01-26,,netcashfromcontinuingfinancingactivities,paymentofdividends,Payment of Dividends,+,debit,usd,-212000000.0
NetApp Inc,NTAP,QTX3D84DZDD5JYOCYH15,0001002047,2018.0,Q3TTM,2017-01-28,2018-01-26,,netcashfromcontinuingfinancingactivities,issuanceofdebt,Issuance of Debt,+,debit,usd,1034000000.0
NetApp Inc,NTAP,QTX3D84DZDD5JYOCYH15,0001002047,2018.0,Q3TTM,2017-01-28,2018-01-26,,netcashfromcontinuingfinancingactivities,issuanceofcommonequity,Issuance of Common Equity,+,debit,usd,185000000.0
NetApp Inc,NTAP,QTX3D84DZDD5JYOCYH15,0001002047,2018.0,Q3TTM,2017-01-28,2018-01-26,,netcashfromcontinuingfinancingactivities,otherfinancingactivitiesnet,"Other Financing Activities, net",+,debit,usd,-73000000.0
NetApp Inc,NTAP,QTX3D84DZDD5JYOCYH15,0001002047,2018.0,Q3TTM,2017-01-28,2018-01-26,,netcashfromfinancingactivities,netcashfromcontinuingfinancingactivities,Net Cash From Continuing Financing Activities,+,debit,usd,-401000000.0
NetApp Inc,NTAP,QTX3D84DZDD5JYOCYH15,0001002047,2018.0,Q3TTM,2017-01-28,2018-01-26,,netchangeincash,netcashfromfinancingactivities,Net Cash From Financing Activities,+,debit,usd,-401000000.0
NetApp Inc,NTAP,QTX3D84DZDD5JYOCYH15,0001002047,2018.0,Q3TTM,2017-01-28,2018-01-26,,netchangeincash,effectofexchangeratechanges,Effect of Exchange Rate Changes,+,debit,usd,15000000.0
NetApp Inc,NTAP,QTX3D84DZDD5JYOCYH15,0001002047,2018.0,Q3TTM,2017-01-28,2018-01-26,,,netchangeincash,Net Change in Cash & Equivalents,=,debit,usd,732000000.0
NetApp Inc,NTAP,QTX3D84DZDD5JYOCYH15,0001002047,2018.0,Q3,2017-10-28,2018-01-26,,netincomecontinuing,netincome,Consolidated Net Income / (Loss),+,credit,usd,-479000000.0
NetApp Inc,NTAP,QTX3D84DZDD5JYOCYH15,0001002047,2018.0,Q3,2017-10-28,2018-01-26,,netcashfromcontinuingoperatingactivities,netincomecontinuing,Net Income / (Loss) Continuing Operations,+,credit,usd,-479000000.0
NetApp Inc,NTAP,QTX3D84DZDD5JYOCYH15,0001002047,2018.0,Q3,2017-10-28,2018-01-26,,netcashfromcontinuingoperatingactivities,depreciationexpense,Depreciation Expense,+,debit,usd,48000000.0
NetApp Inc,NTAP,QTX3D84DZDD5JYOCYH15,0001002047,2018.0,Q3,2017-10-28,2018-01-26,,netcashfromcontinuingoperatingactivities,noncashadjustmentstonetincome,Non-Cash Adjustments To Reconcile Net Income,+,debit,usd,-180000000.0
NetApp Inc,NTAP,QTX3D84DZDD5JYOCYH15,0001002047,2018.0,Q3,2017-10-28,2018-01-26,,netcashfromcontinuingoperatingactivities,increasedecreaseinoperatingcapital,"Changes in Operating Assets and Liabilities, net",+,debit,usd,1031000000.0
NetApp Inc,NTAP,QTX3D84DZDD5JYOCYH15,0001002047,2018.0,Q3,2017-10-28,2018-01-26,,netcashfromoperatingactivities,netcashfromcontinuingoperatingactivities,Net Cash From Continuing Operating Activities,+,debit,usd,420000000.0
NetApp Inc,NTAP,QTX3D84DZDD5JYOCYH15,0001002047,2018.0,Q3,2017-10-28,2018-01-26,,netchangeincash,netcashfromoperatingactivities,Net Cash From Operating Activities,+,debit,usd,420000000.0
NetApp Inc,NTAP,QTX3D84DZDD5JYOCYH15,0001002047,2018.0,Q3,2017-10-28,2018-01-26,,netcashfromcontinuinginvestingactivities,purchaseofplantpropertyandequipment,"Purchase of Property, Plant & Equipment",+,debit,usd,-32000000.0
NetApp Inc,NTAP,QTX3D84DZDD5JYOCYH15,0001002047,2018.0,Q3,2017-10-28,2018-01-26,,netcashfromcontinuinginvestingactivities,purchaseofinvestments,Purchase of Investments,+,debit,usd,-653000000.0
NetApp Inc,NTAP,QTX3D84DZDD5JYOCYH15,0001002047,2018.0,Q3,2017-10-28,2018-01-26,,netcashfromcontinuinginvestingactivities,saleofplantpropertyandequipment,"Sale of Property, Plant & Equipment",+,debit,usd,210000000.0
NetApp Inc,NTAP,QTX3D84DZDD5JYOCYH15,0001002047,2018.0,Q3,2017-10-28,2018-01-26,,netcashfromcontinuinginvestingactivities,saleofinvestments,Sale and/or Maturity of Investments,+,debit,usd,427000000.0
NetApp Inc,NTAP,QTX3D84DZDD5JYOCYH15,0001002047,2018.0,Q3,2017-10-28,2018-01-26,,netcashfromcontinuinginvestingactivities,otherinvestingactivitiesnet,"Other Investing Activities, net",+,debit,usd,-1000000.0
NetApp Inc,NTAP,QTX3D84DZDD5JYOCYH15,0001002047,2018.0,Q3,2017-10-28,2018-01-26,,netcashfrominvestingactivities,netcashfromcontinuinginvestingactivities,Net Cash From Continuing Investing Activities,+,debit,usd,-49000000.0
NetApp Inc,NTAP,QTX3D84DZDD5JYOCYH15,0001002047,2018.0,Q3,2017-10-28,2018-01-26,,netchangeincash,netcashfrominvestingactivities,Net Cash From Investing Activities,+,debit,usd,-49000000.0
NetApp Inc,NTAP,QTX3D84DZDD5JYOCYH15,0001002047,2018.0,Q3,2017-10-28,2018-01-26,,netcashfromcontinuingfinancingactivities,repaymentofdebt,Repayment of Debt,+,debit,usd,-755000000.0
NetApp Inc,NTAP,QTX3D84DZDD5JYOCYH15,0001002047,2018.0,Q3,2017-10-28,2018-01-26,,netcashfromcontinuingfinancingactivities,repurchaseofcommonequity,Repurchase of Common Equity,+,debit,usd,-150000000.0
NetApp Inc,NTAP,QTX3D84DZDD5JYOCYH15,0001002047,2018.0,Q3,2017-10-28,2018-01-26,,netcashfromcontinuingfinancingactivities,paymentofdividends,Payment of Dividends,+,debit,usd,-53000000.0
NetApp Inc,NTAP,QTX3D84DZDD5JYOCYH15,0001002047,2018.0,Q3,2017-10-28,2018-01-26,,netcashfromcontinuingfinancingactivities,issuanceofdebt,Issuance of Debt,+,debit,usd,-86000000.0
NetApp Inc,NTAP,QTX3D84DZDD5JYOCYH15,0001002047,2018.0,Q3,2017-10-28,2018-01-26,,netcashfromcontinuingfinancingactivities,issuanceofcommonequity,Issuance of Common Equity,+,debit,usd,100000000.0
NetApp Inc,NTAP,QTX3D84DZDD5JYOCYH15,0001002047,2018.0,Q3,2017-10-28,2018-01-26,,netcashfromcontinuingfinancingactivities,otherfinancingactivitiesnet,"Other Financing Activities, net",+,debit,usd,-7000000.0
NetApp Inc,NTAP,QTX3D84DZDD5JYOCYH15,0001002047,2018.0,Q3,2017-10-28,2018-01-26,,netcashfromfinancingactivities,netcashfromcontinuingfinancingactivities,Net Cash From Continuing Financing Activities,+,debit,usd,-951000000.0
NetApp Inc,NTAP,QTX3D84DZDD5JYOCYH15,0001002047,2018.0,Q3,2017-10-28,2018-01-26,,netchangeincash,netcashfromfinancingactivities,Net Cash From Financing Activities,+,debit,usd,-951000000.0
NetApp Inc,NTAP,QTX3D84DZDD5JYOCYH15,0001002047,2018.0,Q3,2017-10-28,2018-01-26,,,netchangeincash,Net Change in Cash & Equivalents,=,debit,usd,-580000000.0
NetApp Inc,NTAP,QTX3D84DZDD5JYOCYH15,0001002047,2018.0,Q2YTD,2017-04-29,2017-10-27,2018-11-19 16:09:10+00:00,netincomecontinuing,netincome,Consolidated Net Income / (Loss),+,credit,usd,305000000.0
NetApp Inc,NTAP,QTX3D84DZDD5JYOCYH15,0001002047,2018.0,Q2YTD,2017-04-29,2017-10-27,2018-11-19 16:09:10+00:00,netcashfromcontinuingoperatingactivities,netincomecontinuing,Net Income / (Loss) Continuing Operations,+,credit,usd,305000000.0
NetApp Inc,NTAP,QTX3D84DZDD5JYOCYH15,0001002047,2018.0,Q2YTD,2017-04-29,2017-10-27,2018-11-19 16:09:10+00:00,netcashfromcontinuingoperatingactivities,depreciationexpense,Depreciation Expense,+,debit,usd,102000000.0
NetApp Inc,NTAP,QTX3D84DZDD5JYOCYH15,0001002047,2018.0,Q2YTD,2017-04-29,2017-10-27,2018-11-19 16:09:10+00:00,netcashfromcontinuingoperatingactivities,noncashadjustmentstonetincome,Non-Cash Adjustments To Reconcile Net Income,+,debit,usd,87000000.0
NetApp Inc,NTAP,QTX3D84DZDD5JYOCYH15,0001002047,2018.0,Q2YTD,2017-04-29,2017-10-27,2018-11-19 16:09:10+00:00,netcashfromcontinuingoperatingactivities,increasedecreaseinoperatingcapital,"Changes in Operating Assets and Liabilities, net",+,debit,usd,70000000.0
NetApp Inc,NTAP,QTX3D84DZDD5JYOCYH15,0001002047,2018.0,Q2YTD,2017-04-29,2017-10-27,2018-11-19 16:09:10+00:00,netcashfromoperatingactivities,netcashfromcontinuingoperatingactivities,Net Cash From Continuing Operating Activities,+,debit,usd,564000000.0
NetApp Inc,NTAP,QTX3D84DZDD5JYOCYH15,0001002047,2018.0,Q2YTD,2017-04-29,2017-10-27,2018-11-19 16:09:10+00:00,netchangeincash,netcashfromoperatingactivities,Net Cash From Operating Activities,+,debit,usd,564000000.0
NetApp Inc,NTAP,QTX3D84DZDD5JYOCYH15,0001002047,2018.0,Q2YTD,2017-04-29,2017-10-27,2018-11-19 16:09:10+00:00,netcashfromcontinuinginvestingactivities,purchaseofplantpropertyandequipment,"Purchase of Property, Plant & Equipment",+,debit,usd,-65000000.0
NetApp Inc,NTAP,QTX3D84DZDD5JYOCYH15,0001002047,2018.0,Q2YTD,2017-04-29,2017-10-27,2018-11-19 16:09:10+00:00,netcashfromcontinuinginvestingactivities,acquisitions,Acquisitions,+,debit,usd,-75000000.0
NetApp Inc,NTAP,QTX3D84DZDD5JYOCYH15,0001002047,2018.0,Q2YTD,2017-04-29,2017-10-27,2018-11-19 16:09:10+00:00,netcashfromcontinuinginvestingactivities,purchaseofinvestments,Purchase of Investments,+,debit,usd,-609000000.0
NetApp Inc,NTAP,QTX3D84DZDD5JYOCYH15,0001002047,2018.0,Q2YTD,2017-04-29,2017-10-27,2018-11-19 16:09:10+00:00,netcashfromcontinuinginvestingactivities,saleofinvestments,Sale and/or Maturity of Investments,+,debit,usd,657000000.0
NetApp Inc,NTAP,QTX3D84DZDD5JYOCYH15,0001002047,2018.0,Q2YTD,2017-04-29,2017-10-27,2018-11-19 16:09:10+00:00,netcashfromcontinuinginvestingactivities,otherinvestingactivitiesnet,"Other Investing Activities, net",+,debit,usd,0.0
NetApp Inc,NTAP,QTX3D84DZDD5JYOCYH15,0001002047,2018.0,Q2YTD,2017-04-29,2017-10-27,2018-11-19 16:09:10+00:00,netcashfrominvestingactivities,netcashfromcontinuinginvestingactivities,Net Cash From Continuing Investing Activities,+,debit,usd,-92000000.0
NetApp Inc,NTAP,QTX3D84DZDD5JYOCYH15,0001002047,2018.0,Q2YTD,2017-04-29,2017-10-27,2018-11-19 16:09:10+00:00,netchangeincash,netcashfrominvestingactivities,Net Cash From Investing Activities,+,debit,usd,-92000000.0
NetApp Inc,NTAP,QTX3D84DZDD5JYOCYH15,0001002047,2018.0,Q2YTD,2017-04-29,2017-10-27,2018-11-19 16:09:10+00:00,netcashfromcontinuingfinancingactivities,repaymentofdebt,Repayment of Debt,+,debit,usd,-1000000.0
NetApp Inc,NTAP,QTX3D84DZDD5JYOCYH15,0001002047,2018.0,Q2YTD,2017-04-29,2017-10-27,2018-11-19 16:09:10+00:00,netcashfromcontinuingfinancingactivities,repurchaseofcommonequity,Repurchase of Common Equity,+,debit,usd,-300000000.0
NetApp Inc,NTAP,QTX3D84DZDD5JYOCYH15,0001002047,2018.0,Q2YTD,2017-04-29,2017-10-27,2018-11-19 16:09:10+00:00,netcashfromcontinuingfinancingactivities,paymentofdividends,Payment of Dividends,+,debit,usd,-108000000.0
NetApp Inc,NTAP,QTX3D84DZDD5JYOCYH15,0001002047,2018.0,Q2YTD,2017-04-29,2017-10-27,2018-11-19 16:09:10+00:00,netcashfromcontinuingfinancingactivities,issuanceofdebt,Issuance of Debt,+,debit,usd,1013000000.0
NetApp Inc,NTAP,QTX3D84DZDD5JYOCYH15,0001002047,2018.0,Q2YTD,2017-04-29,2017-10-27,2018-11-19 16:09:10+00:00,netcashfromcontinuingfinancingactivities,issuanceofcommonequity,Issuance of Common Equity,+,debit,usd,57000000.0
NetApp Inc,NTAP,QTX3D84DZDD5JYOCYH15,0001002047,2018.0,Q2YTD,2017-04-29,2017-10-27,2018-11-19 16:09:10+00:00,netcashfromcontinuingfinancingactivities,otherfinancingactivitiesnet,"Other Financing Activities, net",+,debit,usd,-60000000.0
NetApp Inc,NTAP,QTX3D84DZDD5JYOCYH15,0001002047,2018.0,Q2YTD,2017-04-29,2017-10-27,2018-11-19 16:09:10+00:00,netcashfromfinancingactivities,netcashfromcontinuingfinancingactivities,Net Cash From Continuing Financing Activities,+,debit,usd,601000000.0
NetApp Inc,NTAP,QTX3D84DZDD5JYOCYH15,0001002047,2018.0,Q2YTD,2017-04-29,2017-10-27,2018-11-19 16:09:10+00:00,netchangeincash,netcashfromfinancingactivities,Net Cash From Financing Activities,+,debit,usd,601000000.0
NetApp Inc,NTAP,QTX3D84DZDD5JYOCYH15,0001002047,2018.0,Q2YTD,2017-04-29,2017-10-27,2018-11-19 16:09:10+00:00,,netchangeincash,Net Change in Cash & Equivalents,=,debit,usd,1073000000.0
NetApp Inc,NTAP,QTX3D84DZDD5JYOCYH15,0001002047,2018.0,Q2TTM,2016-10-29,2017-10-27,,netincomecontinuing,netincome,Consolidated Net Income / (Loss),+,credit,usd,613000000.0
NetApp Inc,NTAP,QTX3D84DZDD5JYOCYH15,0001002047,2018.0,Q2TTM,2016-10-29,2017-10-27,,netcashfromcontinuingoperatingactivities,netincomecontinuing,Net Income / (Loss) Continuing Operations,+,credit,usd,613000000.0
NetApp Inc,NTAP,QTX3D84DZDD5JYOCYH15,0001002047,2018.0,Q2TTM,2016-10-29,2017-10-27,,netcashfromcontinuingoperatingactivities,depreciationexpense,Depreciation Expense,+,debit,usd,211000000.0
NetApp Inc,NTAP,QTX3D84DZDD5JYOCYH15,0001002047,2018.0,Q2TTM,2016-10-29,2017-10-27,,netcashfromcontinuingoperatingactivities,noncashadjustmentstonetincome,Non-Cash Adjustments To Reconcile Net Income,+,debit,usd,169000000.0
NetApp Inc,NTAP,QTX3D84DZDD5JYOCYH15,0001002047,2018.0,Q2TTM,2016-10-29,2017-10-27,,netcashfromcontinuingoperatingactivities,increasedecreaseinoperatingcapital,"Changes in Operating Assets and Liabilities, net",+,debit,usd,171000000.0
NetApp Inc,NTAP,QTX3D84DZDD5JYOCYH15,0001002047,2018.0,Q2TTM,2016-10-29,2017-10-27,,netcashfromoperatingactivities,netcashfromcontinuingoperatingactivities,Net Cash From Continuing Operating Activities,+,debit,usd,1164000000.0
NetApp Inc,NTAP,QTX3D84DZDD5JYOCYH15,0001002047,2018.0,Q2TTM,2016-10-29,2017-10-27,,netchangeincash,netcashfromoperatingactivities,Net Cash From Operating Activities,+,debit,usd,1164000000.0
NetApp Inc,NTAP,QTX3D84DZDD5JYOCYH15,0001002047,2018.0,Q2TTM,2016-10-29,2017-10-27,,netcashfromcontinuinginvestingactivities,purchaseofplantpropertyandequipment,"Purchase of Property, Plant & Equipment",+,debit,usd,-148000000.0
NetApp Inc,NTAP,QTX3D84DZDD5JYOCYH15,0001002047,2018.0,Q2TTM,2016-10-29,2017-10-27,,netcashfromcontinuinginvestingactivities,acquisitions,Acquisitions,+,debit,usd,-83000000.0
NetApp Inc,NTAP,QTX3D84DZDD5JYOCYH15,0001002047,2018.0,Q2TTM,2016-10-29,2017-10-27,,netcashfromcontinuinginvestingactivities,purchaseofinvestments,Purchase of Investments,+,debit,usd,-1791000000.0
NetApp Inc,NTAP,QTX3D84DZDD5JYOCYH15,0001002047,2018.0,Q2TTM,2016-10-29,2017-10-27,,netcashfromcontinuinginvestingactivities,saleofinvestments,Sale and/or Maturity of Investments,+,debit,usd,1606000000.0
NetApp Inc,NTAP,QTX3D84DZDD5JYOCYH15,0001002047,2018.0,Q2TTM,2016-10-29,2017-10-27,,netcashfromcontinuinginvestingactivities,otherinvestingactivitiesnet,"Other Investing Activities, net",+,debit,usd,4000000.0
NetApp Inc,NTAP,QTX3D84DZDD5JYOCYH15,0001002047,2018.0,Q2TTM,2016-10-29,2017-10-27,,netcashfrominvestingactivities,netcashfromcontinuinginvestingactivities,Net Cash From Continuing Investing Activities,+,debit,usd,-412000000.0
NetApp Inc,NTAP,QTX3D84DZDD5JYOCYH15,0001002047,2018.0,Q2TTM,2016-10-29,2017-10-27,,netchangeincash,netcashfrominvestingactivities,Net Cash From Investing Activities,+,debit,usd,-412000000.0
NetApp Inc,NTAP,QTX3D84DZDD5JYOCYH15,0001002047,2018.0,Q2TTM,2016-10-29,2017-10-27,,netcashfromcontinuingfinancingactivities,repaymentofdebt,Repayment of Debt,+,debit,usd,-5000000.0
NetApp Inc,NTAP,QTX3D84DZDD5JYOCYH15,0001002047,2018.0,Q2TTM,2016-10-29,2017-10-27,,netcashfromcontinuingfinancingactivities,repurchaseofcommonequity,Repurchase of Common Equity,+,debit,usd,-713000000.0
NetApp Inc,NTAP,QTX3D84DZDD5JYOCYH15,0001002047,2018.0,Q2TTM,2016-10-29,2017-10-27,,netcashfromcontinuingfinancingactivities,paymentofdividends,Payment of Dividends,+,debit,usd,-211000000.0
NetApp Inc,NTAP,QTX3D84DZDD5JYOCYH15,0001002047,2018.0,Q2TTM,2016-10-29,2017-10-27,,netcashfromcontinuingfinancingactivities,issuanceofdebt,Issuance of Debt,+,debit,usd,1512000000.0
NetApp Inc,NTAP,QTX3D84DZDD5JYOCYH15,0001002047,2018.0,Q2TTM,2016-10-29,2017-10-27,,netcashfromcontinuingfinancingactivities,issuanceofcommonequity,Issuance of Common Equity,+,debit,usd,136000000.0
NetApp Inc,NTAP,QTX3D84DZDD5JYOCYH15,0001002047,2018.0,Q2TTM,2016-10-29,2017-10-27,,netcashfromcontinuingfinancingactivities,otherfinancingactivitiesnet,"Other Financing Activities, net",+,debit,usd,-72000000.0
NetApp Inc,NTAP,QTX3D84DZDD5JYOCYH15,0001002047,2018.0,Q2TTM,2016-10-29,2017-10-27,,netcashfromfinancingactivities,netcashfromcontinuingfinancingactivities,Net Cash From Continuing Financing Activities,+,debit,usd,647000000.0
NetApp Inc,NTAP,QTX3D84DZDD5JYOCYH15,0001002047,2018.0,Q2TTM,2016-10-29,2017-10-27,,netchangeincash,netcashfromfinancingactivities,Net Cash From Financing Activities,+,debit,usd,647000000.0
NetApp Inc,NTAP,QTX3D84DZDD5JYOCYH15,0001002047,2018.0,Q2TTM,2016-10-29,2017-10-27,,netchangeincash,effectofexchangeratechanges,Effect of Exchange Rate Changes,+,debit,usd,13000000.0
NetApp Inc,NTAP,QTX3D84DZDD5JYOCYH15,0001002047,2018.0,Q2TTM,2016-10-29,2017-10-27,,,netchangeincash,Net Change in Cash & Equivalents,=,debit,usd,1412000000.0
NetApp Inc,NTAP,QTX3D84DZDD5JYOCYH15,0001002047,2018.0,Q2,2017-07-29,2017-10-27,,netincomecontinuing,netincome,Consolidated Net Income / (Loss),+,credit,usd,174000000.0
NetApp Inc,NTAP,QTX3D84DZDD5JYOCYH15,0001002047,2018.0,Q2,2017-07-29,2017-10-27,,netcashfromcontinuingoperatingactivities,netincomecontinuing,Net Income / (Loss) Continuing Operations,+,credit,usd,174000000.0
NetApp Inc,NTAP,QTX3D84DZDD5JYOCYH15,0001002047,2018.0,Q2,2017-07-29,2017-10-27,,netcashfromcontinuingoperatingactivities,depreciationexpense,Depreciation Expense,+,debit,usd,51000000.0
NetApp Inc,NTAP,QTX3D84DZDD5JYOCYH15,0001002047,2018.0,Q2,2017-07-29,2017-10-27,,netcashfromcontinuingoperatingactivities,noncashadjustmentstonetincome,Non-Cash Adjustments To Reconcile Net Income,+,debit,usd,39000000.0
NetApp Inc,NTAP,QTX3D84DZDD5JYOCYH15,0001002047,2018.0,Q2,2017-07-29,2017-10-27,,netcashfromcontinuingoperatingactivities,increasedecreaseinoperatingcapital,"Changes in Operating Assets and Liabilities, net",+,debit,usd,50000000.0
NetApp Inc,NTAP,QTX3D84DZDD5JYOCYH15,0001002047,2018.0,Q2,2017-07-29,2017-10-27,,netcashfromoperatingactivities,netcashfromcontinuingoperatingactivities,Net Cash From Continuing Operating Activities,+,debit,usd,314000000.0
NetApp Inc,NTAP,QTX3D84DZDD5JYOCYH15,0001002047,2018.0,Q2,2017-07-29,2017-10-27,,netchangeincash,netcashfromoperatingactivities,Net Cash From Operating Activities,+,debit,usd,314000000.0
NetApp Inc,NTAP,QTX3D84DZDD5JYOCYH15,0001002047,2018.0,Q2,2017-07-29,2017-10-27,,netcashfromcontinuinginvestingactivities,purchaseofplantpropertyandequipment,"Purchase of Property, Plant & Equipment",+,debit,usd,-29000000.0
NetApp Inc,NTAP,QTX3D84DZDD5JYOCYH15,0001002047,2018.0,Q2,2017-07-29,2017-10-27,,netcashfromcontinuinginvestingactivities,acquisitions,Acquisitions,+,debit,usd,-51000000.0
NetApp Inc,NTAP,QTX3D84DZDD5JYOCYH15,0001002047,2018.0,Q2,2017-07-29,2017-10-27,,netcashfromcontinuinginvestingactivities,purchaseofinvestments,Purchase of Investments,+,debit,usd,-334000000.0
NetApp Inc,NTAP,QTX3D84DZDD5JYOCYH15,0001002047,2018.0,Q2,2017-07-29,2017-10-27,,netcashfromcontinuinginvestingactivities,saleofinvestments,Sale and/or Maturity of Investments,+,debit,usd,270000000.0
NetApp Inc,NTAP,QTX3D84DZDD5JYOCYH15,0001002047,2018.0,Q2,2017-07-29,2017-10-27,,netcashfromcontinuinginvestingactivities,otherinvestingactivitiesnet,"Other Investing Activities, net",+,debit,usd,-1000000.0
NetApp Inc,NTAP,QTX3D84DZDD5JYOCYH15,0001002047,2018.0,Q2,2017-07-29,2017-10-27,,netcashfrominvestingactivities,netcashfromcontinuinginvestingactivities,Net Cash From Continuing Investing Activities,+,debit,usd,-145000000.0
NetApp Inc,NTAP,QTX3D84DZDD5JYOCYH15,0001002047,2018.0,Q2,2017-07-29,2017-10-27,,netchangeincash,netcashfrominvestingactivities,Net Cash From Investing Activities,+,debit,usd,-145000000.0
NetApp Inc,NTAP,QTX3D84DZDD5JYOCYH15,0001002047,2018.0,Q2,2017-07-29,2017-10-27,,netcashfromcontinuingfinancingactivities,repaymentofdebt,Repayment of Debt,+,debit,usd,-1000000.0
NetApp Inc,NTAP,QTX3D84DZDD5JYOCYH15,0001002047,2018.0,Q2,2017-07-29,2017-10-27,,netcashfromcontinuingfinancingactivities,repurchaseofcommonequity,Repurchase of Common Equity,+,debit,usd,-150000000.0
NetApp Inc,NTAP,QTX3D84DZDD5JYOCYH15,0001002047,2018.0,Q2,2017-07-29,2017-10-27,,netcashfromcontinuingfinancingactivities,paymentofdividends,Payment of Dividends,+,debit,usd,-54000000.0
NetApp Inc,NTAP,QTX3D84DZDD5JYOCYH15,0001002047,2018.0,Q2,2017-07-29,2017-10-27,,netcashfromcontinuingfinancingactivities,issuanceofdebt,Issuance of Debt,+,debit,usd,619000000.0
NetApp Inc,NTAP,QTX3D84DZDD5JYOCYH15,0001002047,2018.0,Q2,2017-07-29,2017-10-27,,netcashfromcontinuingfinancingactivities,issuanceofcommonequity,Issuance of Common Equity,+,debit,usd,9000000.0
NetApp Inc,NTAP,QTX3D84DZDD5JYOCYH15,0001002047,2018.0,Q2,2017-07-29,2017-10-27,,netcashfromcontinuingfinancingactivities,otherfinancingactivitiesnet,"Other Financing Activities, net",+,debit,usd,-3000000.0
NetApp Inc,NTAP,QTX3D84DZDD5JYOCYH15,0001002047,2018.0,Q2,2017-07-29,2017-10-27,,netcashfromfinancingactivities,netcashfromcontinuingfinancingactivities,Net Cash From Continuing Financing Activities,+,debit,usd,420000000.0
NetApp Inc,NTAP,QTX3D84DZDD5JYOCYH15,0001002047,2018.0,Q2,2017-07-29,2017-10-27,,netchangeincash,netcashfromfinancingactivities,Net Cash From Financing Activities,+,debit,usd,420000000.0
NetApp Inc,NTAP,QTX3D84DZDD5JYOCYH15,0001002047,2018.0,Q2,2017-07-29,2017-10-27,,,netchangeincash,Net Change in Cash & Equivalents,=,debit,usd,589000000.0
NetApp Inc,NTAP,QTX3D84DZDD5JYOCYH15,0001002047,2018.0,Q1,2017-04-29,2017-07-28,2018-08-21 16:06:57+00:00,netincomecontinuing,netincome,Consolidated Net Income / (Loss),+,credit,usd,131000000.0
NetApp Inc,NTAP,QTX3D84DZDD5JYOCYH15,0001002047,2018.0,Q1,2017-04-29,2017-07-28,2018-08-21 16:06:57+00:00,netcashfromcontinuingoperatingactivities,netincomecontinuing,Net Income / (Loss) Continuing Operations,+,credit,usd,131000000.0
NetApp Inc,NTAP,QTX3D84DZDD5JYOCYH15,0001002047,2018.0,Q1,2017-04-29,2017-07-28,2018-08-21 16:06:57+00:00,netcashfromcontinuingoperatingactivities,depreciationexpense,Depreciation Expense,+,debit,usd,51000000.0
NetApp Inc,NTAP,QTX3D84DZDD5JYOCYH15,0001002047,2018.0,Q1,2017-04-29,2017-07-28,2018-08-21 16:06:57+00:00,netcashfromcontinuingoperatingactivities,noncashadjustmentstonetincome,Non-Cash Adjustments To Reconcile Net Income,+,debit,usd,48000000.0
NetApp Inc,NTAP,QTX3D84DZDD5JYOCYH15,0001002047,2018.0,Q1,2017-04-29,2017-07-28,2018-08-21 16:06:57+00:00,netcashfromcontinuingoperatingactivities,increasedecreaseinoperatingcapital,"Changes in Operating Assets and Liabilities, net",+,debit,usd,20000000.0
NetApp Inc,NTAP,QTX3D84DZDD5JYOCYH15,0001002047,2018.0,Q1,2017-04-29,2017-07-28,2018-08-21 16:06:57+00:00,netcashfromoperatingactivities,netcashfromcontinuingoperatingactivities,Net Cash From Continuing Operating Activities,+,debit,usd,250000000.0
NetApp Inc,NTAP,QTX3D84DZDD5JYOCYH15,0001002047,2018.0,Q1,2017-04-29,2017-07-28,2018-08-21 16:06:57+00:00,netchangeincash,netcashfromoperatingactivities,Net Cash From Operating Activities,+,debit,usd,250000000.0
NetApp Inc,NTAP,QTX3D84DZDD5JYOCYH15,0001002047,2018.0,Q1,2017-04-29,2017-07-28,2018-08-21 16:06:57+00:00,netcashfromcontinuinginvestingactivities,purchaseofplantpropertyandequipment,"Purchase of Property, Plant & Equipment",+,debit,usd,-36000000.0
NetApp Inc,NTAP,QTX3D84DZDD5JYOCYH15,0001002047,2018.0,Q1,2017-04-29,2017-07-28,2018-08-21 16:06:57+00:00,netcashfromcontinuinginvestingactivities,acquisitions,Acquisitions,+,debit,usd,-24000000.0
NetApp Inc,NTAP,QTX3D84DZDD5JYOCYH15,0001002047,2018.0,Q1,2017-04-29,2017-07-28,2018-08-21 16:06:57+00:00,netcashfromcontinuinginvestingactivities,purchaseofinvestments,Purchase of Investments,+,debit,usd,-275000000.0
NetApp Inc,NTAP,QTX3D84DZDD5JYOCYH15,0001002047,2018.0,Q1,2017-04-29,2017-07-28,2018-08-21 16:06:57+00:00,netcashfromcontinuinginvestingactivities,saleofinvestments,Sale and/or Maturity of Investments,+,debit,usd,387000000.0
NetApp Inc,NTAP,QTX3D84DZDD5JYOCYH15,0001002047,2018.0,Q1,2017-04-29,2017-07-28,2018-08-21 16:06:57+00:00,netcashfromcontinuinginvestingactivities,otherinvestingactivitiesnet,"Other Investing Activities, net",+,debit,usd,1000000.0
NetApp Inc,NTAP,QTX3D84DZDD5JYOCYH15,0001002047,2018.0,Q1,2017-04-29,2017-07-28,2018-08-21 16:06:57+00:00,netcashfrominvestingactivities,netcashfromcontinuinginvestingactivities,Net Cash From Continuing Investing Activities,+,debit,usd,53000000.0
NetApp Inc,NTAP,QTX3D84DZDD5JYOCYH15,0001002047,2018.0,Q1,2017-04-29,2017-07-28,2018-08-21 16:06:57+00:00,netchangeincash,netcashfrominvestingactivities,Net Cash From Investing Activities,+,debit,usd,53000000.0
NetApp Inc,NTAP,QTX3D84DZDD5JYOCYH15,0001002047,2018.0,Q1,2017-04-29,2017-07-28,2018-08-21 16:06:57+00:00,netcashfromcontinuingfinancingactivities,repaymentofdebt,Repayment of Debt,+,debit,usd,0.0
NetApp Inc,NTAP,QTX3D84DZDD5JYOCYH15,0001002047,2018.0,Q1,2017-04-29,2017-07-28,2018-08-21 16:06:57+00:00,netcashfromcontinuingfinancingactivities,repurchaseofcommonequity,Repurchase of Common Equity,+,debit,usd,-150000000.0
NetApp Inc,NTAP,QTX3D84DZDD5JYOCYH15,0001002047,2018.0,Q1,2017-04-29,2017-07-28,2018-08-21 16:06:57+00:00,netcashfromcontinuingfinancingactivities,paymentofdividends,Payment of Dividends,+,debit,usd,-54000000.0
NetApp Inc,NTAP,QTX3D84DZDD5JYOCYH15,0001002047,2018.0,Q1,2017-04-29,2017-07-28,2018-08-21 16:06:57+00:00,netcashfromcontinuingfinancingactivities,issuanceofdebt,Issuance of Debt,+,debit,usd,394000000.0
NetApp Inc,NTAP,QTX3D84DZDD5JYOCYH15,0001002047,2018.0,Q1,2017-04-29,2017-07-28,2018-08-21 16:06:57+00:00,netcashfromcontinuingfinancingactivities,issuanceofcommonequity,Issuance of Common Equity,+,debit,usd,48000000.0
NetApp Inc,NTAP,QTX3D84DZDD5JYOCYH15,0001002047,2018.0,Q1,2017-04-29,2017-07-28,2018-08-21 16:06:57+00:00,netcashfromcontinuingfinancingactivities,otherfinancingactivitiesnet,"Other Financing Activities, net",+,debit,usd,-57000000.0
NetApp Inc,NTAP,QTX3D84DZDD5JYOCYH15,0001002047,2018.0,Q1,2017-04-29,2017-07-28,2018-08-21 16:06:57+00:00,netcashfromfinancingactivities,netcashfromcontinuingfinancingactivities,Net Cash From Continuing Financing Activities,+,debit,usd,181000000.0
NetApp Inc,NTAP,QTX3D84DZDD5JYOCYH15,0001002047,2018.0,Q1,2017-04-29,2017-07-28,2018-08-21 16:06:57+00:00,netchangeincash,netcashfromfinancingactivities,Net Cash From Financing Activities,+,debit,usd,181000000.0
NetApp Inc,NTAP,QTX3D84DZDD5JYOCYH15,0001002047,2018.0,Q1,2017-04-29,2017-07-28,2018-08-21 16:06:57+00:00,,netchangeincash,Net Change in Cash & Equivalents,=,debit,usd,484000000.0
NetApp Inc,NTAP,QTX3D84DZDD5JYOCYH15,0001002047,2018.0,Q1TTM,2016-07-30,2017-07-28,,netincomecontinuing,netincome,Consolidated Net Income / (Loss),+,credit,usd,548000000.0
NetApp Inc,NTAP,QTX3D84DZDD5JYOCYH15,0001002047,2018.0,Q1TTM,2016-07-30,2017-07-28,,netcashfromcontinuingoperatingactivities,netincomecontinuing,Net Income / (Loss) Continuing Operations,+,credit,usd,548000000.0
NetApp Inc,NTAP,QTX3D84DZDD5JYOCYH15,0001002047,2018.0,Q1TTM,2016-07-30,2017-07-28,,netcashfromcontinuingoperatingactivities,depreciationexpense,Depreciation Expense,+,debit,usd,217000000.0
NetApp Inc,NTAP,QTX3D84DZDD5JYOCYH15,0001002047,2018.0,Q1TTM,2016-07-30,2017-07-28,,netcashfromcontinuingoperatingactivities,noncashadjustmentstonetincome,Non-Cash Adjustments To Reconcile Net Income,+,debit,usd,181000000.0
NetApp Inc,NTAP,QTX3D84DZDD5JYOCYH15,0001002047,2018.0,Q1TTM,2016-07-30,2017-07-28,,netcashfromcontinuingoperatingactivities,increasedecreaseinoperatingcapital,"Changes in Operating Assets and Liabilities, net",+,debit,usd,62000000.0
NetApp Inc,NTAP,QTX3D84DZDD5JYOCYH15,0001002047,2018.0,Q1TTM,2016-07-30,2017-07-28,,netcashfromoperatingactivities,netcashfromcontinuingoperatingactivities,Net Cash From Continuing Operating Activities,+,debit,usd,1008000000.0
NetApp Inc,NTAP,QTX3D84DZDD5JYOCYH15,0001002047,2018.0,Q1TTM,2016-07-30,2017-07-28,,netchangeincash,netcashfromoperatingactivities,Net Cash From Operating Activities,+,debit,usd,1008000000.0
NetApp Inc,NTAP,QTX3D84DZDD5JYOCYH15,0001002047,2018.0,Q1TTM,2016-07-30,2017-07-28,,netcashfromcontinuinginvestingactivities,purchaseofplantpropertyandequipment,"Purchase of Property, Plant & Equipment",+,debit,usd,-175000000.0
NetApp Inc,NTAP,QTX3D84DZDD5JYOCYH15,0001002047,2018.0,Q1TTM,2016-07-30,2017-07-28,,netcashfromcontinuinginvestingactivities,acquisitions,Acquisitions,+,debit,usd,-32000000.0
NetApp Inc,NTAP,QTX3D84DZDD5JYOCYH15,0001002047,2018.0,Q1TTM,2016-07-30,2017-07-28,,netcashfromcontinuinginvestingactivities,purchaseofinvestments,Purchase of Investments,+,debit,usd,-1967000000.0
NetApp Inc,NTAP,QTX3D84DZDD5JYOCYH15,0001002047,2018.0,Q1TTM,2016-07-30,2017-07-28,,netcashfromcontinuinginvestingactivities,saleofinvestments,Sale and/or Maturity of Investments,+,debit,usd,1723000000.0
NetApp Inc,NTAP,QTX3D84DZDD5JYOCYH15,0001002047,2018.0,Q1TTM,2016-07-30,2017-07-28,,netcashfromcontinuinginvestingactivities,otherinvestingactivitiesnet,"Other Investing Activities, net",+,debit,usd,5000000.0
NetApp Inc,NTAP,QTX3D84DZDD5JYOCYH15,0001002047,2018.0,Q1TTM,2016-07-30,2017-07-28,,netcashfrominvestingactivities,netcashfromcontinuinginvestingactivities,Net Cash From Continuing Investing Activities,+,debit,usd,-446000000.0
NetApp Inc,NTAP,QTX3D84DZDD5JYOCYH15,0001002047,2018.0,Q1TTM,2016-07-30,2017-07-28,,netchangeincash,netcashfrominvestingactivities,Net Cash From Investing Activities,+,debit,usd,-446000000.0
NetApp Inc,NTAP,QTX3D84DZDD5JYOCYH15,0001002047,2018.0,Q1TTM,2016-07-30,2017-07-28,,netcashfromcontinuingfinancingactivities,repaymentofdebt,Repayment of Debt,+,debit,usd,-5000000.0
NetApp Inc,NTAP,QTX3D84DZDD5JYOCYH15,0001002047,2018.0,Q1TTM,2016-07-30,2017-07-28,,netcashfromcontinuingfinancingactivities,repurchaseofcommonequity,Repurchase of Common Equity,+,debit,usd,-680000000.0
NetApp Inc,NTAP,QTX3D84DZDD5JYOCYH15,0001002047,2018.0,Q1TTM,2016-07-30,2017-07-28,,netcashfromcontinuingfinancingactivities,paymentofdividends,Payment of Dividends,+,debit,usd,-209000000.0
NetApp Inc,NTAP,QTX3D84DZDD5JYOCYH15,0001002047,2018.0,Q1TTM,2016-07-30,2017-07-28,,netcashfromcontinuingfinancingactivities,issuanceofdebt,Issuance of Debt,+,debit,usd,893000000.0
NetApp Inc,NTAP,QTX3D84DZDD5JYOCYH15,0001002047,2018.0,Q1TTM,2016-07-30,2017-07-28,,netcashfromcontinuingfinancingactivities,issuanceofcommonequity,Issuance of Common Equity,+,debit,usd,146000000.0
NetApp Inc,NTAP,QTX3D84DZDD5JYOCYH15,0001002047,2018.0,Q1TTM,2016-07-30,2017-07-28,,netcashfromcontinuingfinancingactivities,otherfinancingactivitiesnet,"Other Financing Activities, net",+,debit,usd,-72000000.0
NetApp Inc,NTAP,QTX3D84DZDD5JYOCYH15,0001002047,2018.0,Q1TTM,2016-07-30,2017-07-28,,netcashfromfinancingactivities,netcashfromcontinuingfinancingactivities,Net Cash From Continuing Financing Activities,+,debit,usd,73000000.0
NetApp Inc,NTAP,QTX3D84DZDD5JYOCYH15,0001002047,2018.0,Q1TTM,2016-07-30,2017-07-28,,netchangeincash,netcashfromfinancingactivities,Net Cash From Financing Activities,+,debit,usd,73000000.0
NetApp Inc,NTAP,QTX3D84DZDD5JYOCYH15,0001002047,2018.0,Q1TTM,2016-07-30,2017-07-28,,netchangeincash,effectofexchangeratechanges,Effect of Exchange Rate Changes,+,debit,usd,7000000.0
NetApp Inc,NTAP,QTX3D84DZDD5JYOCYH15,0001002047,2018.0,Q1TTM,2016-07-30,2017-07-28,,,netchangeincash,Net Change in Cash & Equivalents,=,debit,usd,642000000.0
NetApp Inc,NTAP,QTX3D84DZDD5JYOCYH15,0001002047,2019.0,FY,2018-04-28,2019-04-26,2020-06-15 16:08:13+00:00,netincomecontinuing,netincome,Consolidated Net Income / (Loss),+,credit,usd,1169000000.0
NetApp Inc,NTAP,QTX3D84DZDD5JYOCYH15,0001002047,2019.0,FY,2018-04-28,2019-04-26,2020-06-15 16:08:13+00:00,netcashfromcontinuingoperatingactivities,netincomecontinuing,Net Income / (Loss) Continuing Operations,+,credit,usd,1169000000.0
NetApp Inc,NTAP,QTX3D84DZDD5JYOCYH15,0001002047,2019.0,FY,2018-04-28,2019-04-26,2020-06-15 16:08:13+00:00,netcashfromcontinuingoperatingactivities,depreciationexpense,Depreciation Expense,+,debit,usd,197000000.0
NetApp Inc,NTAP,QTX3D84DZDD5JYOCYH15,0001002047,2019.0,FY,2018-04-28,2019-04-26,2020-06-15 16:08:13+00:00,netcashfromcontinuingoperatingactivities,noncashadjustmentstonetincome,Non-Cash Adjustments To Reconcile Net Income,+,debit,usd,85000000.0
NetApp Inc,NTAP,QTX3D84DZDD5JYOCYH15,0001002047,2019.0,FY,2018-04-28,2019-04-26,2020-06-15 16:08:13+00:00,netcashfromcontinuingoperatingactivities,increasedecreaseinoperatingcapital,"Changes in Operating Assets and Liabilities, net",+,debit,usd,-110000000.0
NetApp Inc,NTAP,QTX3D84DZDD5JYOCYH15,0001002047,2019.0,FY,2018-04-28,2019-04-26,2020-06-15 16:08:13+00:00,netcashfromoperatingactivities,netcashfromcontinuingoperatingactivities,Net Cash From Continuing Operating Activities,+,debit,usd,1341000000.0
NetApp Inc,NTAP,QTX3D84DZDD5JYOCYH15,0001002047,2019.0,FY,2018-04-28,2019-04-26,2020-06-15 16:08:13+00:00,netchangeincash,netcashfromoperatingactivities,Net Cash From Operating Activities,+,debit,usd,1341000000.0
NetApp Inc,NTAP,QTX3D84DZDD5JYOCYH15,0001002047,2019.0,FY,2018-04-28,2019-04-26,2020-06-15 16:08:13+00:00,netcashfromcontinuinginvestingactivities,purchaseofplantpropertyandequipment,"Purchase of Property, Plant & Equipment",+,debit,usd,-173000000.0
NetApp Inc,NTAP,QTX3D84DZDD5JYOCYH15,0001002047,2019.0,FY,2018-04-28,2019-04-26,2020-06-15 16:08:13+00:00,netcashfromcontinuinginvestingactivities,acquisitions,Acquisitions,+,debit,usd,-3000000.0
NetApp Inc,NTAP,QTX3D84DZDD5JYOCYH15,0001002047,2019.0,FY,2018-04-28,2019-04-26,2020-06-15 16:08:13+00:00,netcashfromcontinuinginvestingactivities,purchaseofinvestments,Purchase of Investments,+,debit,usd,-41000000.0
NetApp Inc,NTAP,QTX3D84DZDD5JYOCYH15,0001002047,2019.0,FY,2018-04-28,2019-04-26,2020-06-15 16:08:13+00:00,netcashfromcontinuinginvestingactivities,saleofplantpropertyandequipment,"Sale of Property, Plant & Equipment",+,debit,usd,0.0
NetApp Inc,NTAP,QTX3D84DZDD5JYOCYH15,0001002047,2019.0,FY,2018-04-28,2019-04-26,2020-06-15 16:08:13+00:00,netcashfromcontinuinginvestingactivities,saleofinvestments,Sale and/or Maturity of Investments,+,debit,usd,917000000.0
NetApp Inc,NTAP,QTX3D84DZDD5JYOCYH15,0001002047,2019.0,FY,2018-04-28,2019-04-26,2020-06-15 16:08:13+00:00,netcashfromcontinuinginvestingactivities,otherinvestingactivitiesnet,"Other Investing Activities, net",+,debit,usd,4000000.0
NetApp Inc,NTAP,QTX3D84DZDD5JYOCYH15,0001002047,2019.0,FY,2018-04-28,2019-04-26,2020-06-15 16:08:13+00:00,netcashfrominvestingactivities,netcashfromcontinuinginvestingactivities,Net Cash From Continuing Investing Activities,+,debit,usd,704000000.0
NetApp Inc,NTAP,QTX3D84DZDD5JYOCYH15,0001002047,2019.0,FY,2018-04-28,2019-04-26,2020-06-15 16:08:13+00:00,netchangeincash,netcashfrominvestingactivities,Net Cash From Investing Activities,+,debit,usd,704000000.0
NetApp Inc,NTAP,QTX3D84DZDD5JYOCYH15,0001002047,2019.0,FY,2018-04-28,2019-04-26,2020-06-15 16:08:13+00:00,netcashfromcontinuingfinancingactivities,repaymentofdebt,Repayment of Debt,+,debit,usd,-142000000.0
NetApp Inc,NTAP,QTX3D84DZDD5JYOCYH15,0001002047,2019.0,FY,2018-04-28,2019-04-26,2020-06-15 16:08:13+00:00,netcashfromcontinuingfinancingactivities,repurchaseofcommonequity,Repurchase of Common Equity,+,debit,usd,-2111000000.0
NetApp Inc,NTAP,QTX3D84DZDD5JYOCYH15,0001002047,2019.0,FY,2018-04-28,2019-04-26,2020-06-15 16:08:13+00:00,netcashfromcontinuingfinancingactivities,paymentofdividends,Payment of Dividends,+,debit,usd,-403000000.0
NetApp Inc,NTAP,QTX3D84DZDD5JYOCYH15,0001002047,2019.0,FY,2018-04-28,2019-04-26,2020-06-15 16:08:13+00:00,netcashfromcontinuingfinancingactivities,issuanceofdebt,Issuance of Debt,+,debit,usd,0.0
NetApp Inc,NTAP,QTX3D84DZDD5JYOCYH15,0001002047,2019.0,FY,2018-04-28,2019-04-26,2020-06-15 16:08:13+00:00,netcashfromcontinuingfinancingactivities,issuanceofcommonequity,Issuance of Common Equity,+,debit,usd,121000000.0
NetApp Inc,NTAP,QTX3D84DZDD5JYOCYH15,0001002047,2019.0,FY,2018-04-28,2019-04-26,2020-06-15 16:08:13+00:00,netcashfromcontinuingfinancingactivities,otherfinancingactivitiesnet,"Other Financing Activities, net",+,debit,usd,-96000000.0
NetApp Inc,NTAP,QTX3D84DZDD5JYOCYH15,0001002047,2019.0,FY,2018-04-28,2019-04-26,2020-06-15 16:08:13+00:00,netcashfromfinancingactivities,netcashfromcontinuingfinancingactivities,Net Cash From Continuing Financing Activities,+,debit,usd,-2631000000.0
NetApp Inc,NTAP,QTX3D84DZDD5JYOCYH15,0001002047,2019.0,FY,2018-04-28,2019-04-26,2020-06-15 16:08:13+00:00,netchangeincash,netcashfromfinancingactivities,Net Cash From Financing Activities,+,debit,usd,-2631000000.0
NetApp Inc,NTAP,QTX3D84DZDD5JYOCYH15,0001002047,2019.0,FY,2018-04-28,2019-04-26,2020-06-15 16:08:13+00:00,netchangeincash,effectofexchangeratechanges,Effect of Exchange Rate Changes,+,debit,usd,-30000000.0
NetApp Inc,NTAP,QTX3D84DZDD5JYOCYH15,0001002047,2019.0,FY,2018-04-28,2019-04-26,2020-06-15 16:08:13+00:00,,netchangeincash,Net Change in Cash & Equivalents,=,debit,usd,-616000000.0
NetApp Inc,NTAP,QTX3D84DZDD5JYOCYH15,0001002047,2019.0,Q4,2019-01-26,2019-04-26,,netincomecontinuing,netincome,Consolidated Net Income / (Loss),+,credit,usd,396000000.0
NetApp Inc,NTAP,QTX3D84DZDD5JYOCYH15,0001002047,2019.0,Q4,2019-01-26,2019-04-26,,netcashfromcontinuingoperatingactivities,netincomecontinuing,Net Income / (Loss) Continuing Operations,+,credit,usd,396000000.0
NetApp Inc,NTAP,QTX3D84DZDD5JYOCYH15,0001002047,2019.0,Q4,2019-01-26,2019-04-26,,netcashfromcontinuingoperatingactivities,depreciationexpense,Depreciation Expense,+,debit,usd,48000000.0
NetApp Inc,NTAP,QTX3D84DZDD5JYOCYH15,0001002047,2019.0,Q4,2019-01-26,2019-04-26,,netcashfromcontinuingoperatingactivities,noncashadjustmentstonetincome,Non-Cash Adjustments To Reconcile Net Income,+,debit,usd,-36000000.0
NetApp Inc,NTAP,QTX3D84DZDD5JYOCYH15,0001002047,2019.0,Q4,2019-01-26,2019-04-26,,netcashfromcontinuingoperatingactivities,increasedecreaseinoperatingcapital,"Changes in Operating Assets and Liabilities, net",+,debit,usd,-9000000.0
NetApp Inc,NTAP,QTX3D84DZDD5JYOCYH15,0001002047,2019.0,Q4,2019-01-26,2019-04-26,,netcashfromoperatingactivities,netcashfromcontinuingoperatingactivities,Net Cash From Continuing Operating Activities,+,debit,usd,399000000.0
NetApp Inc,NTAP,QTX3D84DZDD5JYOCYH15,0001002047,2019.0,Q4,2019-01-26,2019-04-26,,netchangeincash,netcashfromoperatingactivities,Net Cash From Operating Activities,+,debit,usd,399000000.0
NetApp Inc,NTAP,QTX3D84DZDD5JYOCYH15,0001002047,2019.0,Q4,2019-01-26,2019-04-26,,netcashfromcontinuinginvestingactivities,purchaseofplantpropertyandequipment,"Purchase of Property, Plant & Equipment",+,debit,usd,-35000000.0
NetApp Inc,NTAP,QTX3D84DZDD5JYOCYH15,0001002047,2019.0,Q4,2019-01-26,2019-04-26,,netcashfromcontinuinginvestingactivities,purchaseofinvestments,Purchase of Investments,+,debit,usd,-19000000.0
NetApp Inc,NTAP,QTX3D84DZDD5JYOCYH15,0001002047,2019.0,Q4,2019-01-26,2019-04-26,,netcashfromcontinuinginvestingactivities,saleofinvestments,Sale and/or Maturity of Investments,+,debit,usd,234000000.0
NetApp Inc,NTAP,QTX3D84DZDD5JYOCYH15,0001002047,2019.0,Q4,2019-01-26,2019-04-26,,netcashfromcontinuinginvestingactivities,otherinvestingactivitiesnet,"Other Investing Activities, net",+,debit,usd,3000000.0
NetApp Inc,NTAP,QTX3D84DZDD5JYOCYH15,0001002047,2019.0,Q4,2019-01-26,2019-04-26,,netcashfrominvestingactivities,netcashfromcontinuinginvestingactivities,Net Cash From Continuing Investing Activities,+,debit,usd,183000000.0
NetApp Inc,NTAP,QTX3D84DZDD5JYOCYH15,0001002047,2019.0,Q4,2019-01-26,2019-04-26,,netchangeincash,netcashfrominvestingactivities,Net Cash From Investing Activities,+,debit,usd,183000000.0
NetApp Inc,NTAP,QTX3D84DZDD5JYOCYH15,0001002047,2019.0,Q4,2019-01-26,2019-04-26,,netcashfromcontinuingfinancingactivities,repaymentofdebt,Repayment of Debt,+,debit,usd,84000000.0
NetApp Inc,NTAP,QTX3D84DZDD5JYOCYH15,0001002047,2019.0,Q4,2019-01-26,2019-04-26,,netcashfromcontinuingfinancingactivities,repurchaseofcommonequity,Repurchase of Common Equity,+,debit,usd,-500000000.0
NetApp Inc,NTAP,QTX3D84DZDD5JYOCYH15,0001002047,2019.0,Q4,2019-01-26,2019-04-26,,netcashfromcontinuingfinancingactivities,paymentofdividends,Payment of Dividends,+,debit,usd,-97000000.0
NetApp Inc,NTAP,QTX3D84DZDD5JYOCYH15,0001002047,2019.0,Q4,2019-01-26,2019-04-26,,netcashfromcontinuingfinancingactivities,issuanceofcommonequity,Issuance of Common Equity,+,debit,usd,3000000.0
NetApp Inc,NTAP,QTX3D84DZDD5JYOCYH15,0001002047,2019.0,Q4,2019-01-26,2019-04-26,,netcashfromcontinuingfinancingactivities,otherfinancingactivitiesnet,"Other Financing Activities, net",+,debit,usd,-4000000.0
NetApp Inc,NTAP,QTX3D84DZDD5JYOCYH15,0001002047,2019.0,Q4,2019-01-26,2019-04-26,,netcashfromfinancingactivities,netcashfromcontinuingfinancingactivities,Net Cash From Continuing Financing Activities,+,debit,usd,-514000000.0
NetApp Inc,NTAP,QTX3D84DZDD5JYOCYH15,0001002047,2019.0,Q4,2019-01-26,2019-04-26,,netchangeincash,netcashfromfinancingactivities,Net Cash From Financing Activities,+,debit,usd,-514000000.0
NetApp Inc,NTAP,QTX3D84DZDD5JYOCYH15,0001002047,2019.0,Q4,2019-01-26,2019-04-26,,netchangeincash,effectofexchangeratechanges,Effect of Exchange Rate Changes,+,debit,usd,-30000000.0
NetApp Inc,NTAP,QTX3D84DZDD5JYOCYH15,0001002047,2019.0,Q4,2019-01-26,2019-04-26,,,netchangeincash,Net Change in Cash & Equivalents,=,debit,usd,38000000.0
NetApp Inc,NTAP,QTX3D84DZDD5JYOCYH15,0001002047,2019.0,Q3YTD,2018-04-28,2019-01-25,2020-02-18 16:07:15+00:00,netincomecontinuing,netincome,Consolidated Net Income / (Loss),+,credit,usd,773000000.0
NetApp Inc,NTAP,QTX3D84DZDD5JYOCYH15,0001002047,2019.0,Q3YTD,2018-04-28,2019-01-25,2020-02-18 16:07:15+00:00,netcashfromcontinuingoperatingactivities,netincomecontinuing,Net Income / (Loss) Continuing Operations,+,credit,usd,773000000.0
NetApp Inc,NTAP,QTX3D84DZDD5JYOCYH15,0001002047,2019.0,Q3YTD,2018-04-28,2019-01-25,2020-02-18 16:07:15+00:00,netcashfromcontinuingoperatingactivities,depreciationexpense,Depreciation Expense,+,debit,usd,149000000.0
NetApp Inc,NTAP,QTX3D84DZDD5JYOCYH15,0001002047,2019.0,Q3YTD,2018-04-28,2019-01-25,2020-02-18 16:07:15+00:00,netcashfromcontinuingoperatingactivities,noncashadjustmentstonetincome,Non-Cash Adjustments To Reconcile Net Income,+,debit,usd,121000000.0
NetApp Inc,NTAP,QTX3D84DZDD5JYOCYH15,0001002047,2019.0,Q3YTD,2018-04-28,2019-01-25,2020-02-18 16:07:15+00:00,netcashfromcontinuingoperatingactivities,increasedecreaseinoperatingcapital,"Changes in Operating Assets and Liabilities, net",+,debit,usd,-101000000.0
NetApp Inc,NTAP,QTX3D84DZDD5JYOCYH15,0001002047,2019.0,Q3YTD,2018-04-28,2019-01-25,2020-02-18 16:07:15+00:00,netcashfromoperatingactivities,netcashfromcontinuingoperatingactivities,Net Cash From Continuing Operating Activities,+,debit,usd,942000000.0
NetApp Inc,NTAP,QTX3D84DZDD5JYOCYH15,0001002047,2019.0,Q3YTD,2018-04-28,2019-01-25,2020-02-18 16:07:15+00:00,netchangeincash,netcashfromoperatingactivities,Net Cash From Operating Activities,+,debit,usd,942000000.0
NetApp Inc,NTAP,QTX3D84DZDD5JYOCYH15,0001002047,2019.0,Q3YTD,2018-04-28,2019-01-25,2020-02-18 16:07:15+00:00,netcashfromcontinuinginvestingactivities,purchaseofplantpropertyandequipment,"Purchase of Property, Plant & Equipment",+,debit,usd,-138000000.0
NetApp Inc,NTAP,QTX3D84DZDD5JYOCYH15,0001002047,2019.0,Q3YTD,2018-04-28,2019-01-25,2020-02-18 16:07:15+00:00,netcashfromcontinuinginvestingactivities,acquisitions,Acquisitions,+,debit,usd,-3000000.0
NetApp Inc,NTAP,QTX3D84DZDD5JYOCYH15,0001002047,2019.0,Q3YTD,2018-04-28,2019-01-25,2020-02-18 16:07:15+00:00,netcashfromcontinuinginvestingactivities,purchaseofinvestments,Purchase of Investments,+,debit,usd,-22000000.0
NetApp Inc,NTAP,QTX3D84DZDD5JYOCYH15,0001002047,2019.0,Q3YTD,2018-04-28,2019-01-25,2020-02-18 16:07:15+00:00,netcashfromcontinuinginvestingactivities,saleofplantpropertyandequipment,"Sale of Property, Plant & Equipment",+,debit,usd,0.0
NetApp Inc,NTAP,QTX3D84DZDD5JYOCYH15,0001002047,2019.0,Q3YTD,2018-04-28,2019-01-25,2020-02-18 16:07:15+00:00,netcashfromcontinuinginvestingactivities,saleofinvestments,Sale and/or Maturity of Investments,+,debit,usd,683000000.0
NetApp Inc,NTAP,QTX3D84DZDD5JYOCYH15,0001002047,2019.0,Q3YTD,2018-04-28,2019-01-25,2020-02-18 16:07:15+00:00,netcashfromcontinuinginvestingactivities,otherinvestingactivitiesnet,"Other Investing Activities, net",+,debit,usd,1000000.0
NetApp Inc,NTAP,QTX3D84DZDD5JYOCYH15,0001002047,2019.0,Q3YTD,2018-04-28,2019-01-25,2020-02-18 16:07:15+00:00,netcashfrominvestingactivities,netcashfromcontinuinginvestingactivities,Net Cash From Continuing Investing Activities,+,debit,usd,521000000.0
NetApp Inc,NTAP,QTX3D84DZDD5JYOCYH15,0001002047,2019.0,Q3YTD,2018-04-28,2019-01-25,2020-02-18 16:07:15+00:00,netchangeincash,netcashfrominvestingactivities,Net Cash From Investing Activities,+,debit,usd,521000000.0
NetApp Inc,NTAP,QTX3D84DZDD5JYOCYH15,0001002047,2019.0,Q3YTD,2018-04-28,2019-01-25,2020-02-18 16:07:15+00:00,netcashfromcontinuingfinancingactivities,repaymentofdebt,Repayment of Debt,+,debit,usd,-226000000.0
NetApp Inc,NTAP,QTX3D84DZDD5JYOCYH15,0001002047,2019.0,Q3YTD,2018-04-28,2019-01-25,2020-02-18 16:07:15+00:00,netcashfromcontinuingfinancingactivities,repurchaseofcommonequity,Repurchase of Common Equity,+,debit,usd,-1611000000.0
NetApp Inc,NTAP,QTX3D84DZDD5JYOCYH15,0001002047,2019.0,Q3YTD,2018-04-28,2019-01-25,2020-02-18 16:07:15+00:00,netcashfromcontinuingfinancingactivities,paymentofdividends,Payment of Dividends,+,debit,usd,-306000000.0
NetApp Inc,NTAP,QTX3D84DZDD5JYOCYH15,0001002047,2019.0,Q3YTD,2018-04-28,2019-01-25,2020-02-18 16:07:15+00:00,netcashfromcontinuingfinancingactivities,issuanceofcommonequity,Issuance of Common Equity,+,debit,usd,118000000.0
NetApp Inc,NTAP,QTX3D84DZDD5JYOCYH15,0001002047,2019.0,Q3YTD,2018-04-28,2019-01-25,2020-02-18 16:07:15+00:00,netcashfromcontinuingfinancingactivities,otherfinancingactivitiesnet,"Other Financing Activities, net",+,debit,usd,-92000000.0
NetApp Inc,NTAP,QTX3D84DZDD5JYOCYH15,0001002047,2019.0,Q3YTD,2018-04-28,2019-01-25,2020-02-18 16:07:15+00:00,netcashfromfinancingactivities,netcashfromcontinuingfinancingactivities,Net Cash From Continuing Financing Activities,+,debit,usd,-2117000000.0
NetApp Inc,NTAP,QTX3D84DZDD5JYOCYH15,0001002047,2019.0,Q3YTD,2018-04-28,2019-01-25,2020-02-18 16:07:15+00:00,netchangeincash,netcashfromfinancingactivities,Net Cash From Financing Activities,+,debit,usd,-2117000000.0
NetApp Inc,NTAP,QTX3D84DZDD5JYOCYH15,0001002047,2019.0,Q3YTD,2018-04-28,2019-01-25,2020-02-18 16:07:15+00:00,,netchangeincash,Net Change in Cash & Equivalents,=,debit,usd,-654000000.0
NetApp Inc,NTAP,QTX3D84DZDD5JYOCYH15,0001002047,2019.0,Q3TTM,2018-01-27,2019-01-25,,netincomecontinuing,netincome,Consolidated Net Income / (Loss),+,credit,usd,1063000000.0
NetApp Inc,NTAP,QTX3D84DZDD5JYOCYH15,0001002047,2019.0,Q3TTM,2018-01-27,2019-01-25,,netcashfromcontinuingoperatingactivities,netincomecontinuing,Net Income / (Loss) Continuing Operations,+,credit,usd,1063000000.0
NetApp Inc,NTAP,QTX3D84DZDD5JYOCYH15,0001002047,2019.0,Q3TTM,2018-01-27,2019-01-25,,netcashfromcontinuingoperatingactivities,depreciationexpense,Depreciation Expense,+,debit,usd,197000000.0
NetApp Inc,NTAP,QTX3D84DZDD5JYOCYH15,0001002047,2019.0,Q3TTM,2018-01-27,2019-01-25,,netcashfromcontinuingoperatingactivities,noncashadjustmentstonetincome,Non-Cash Adjustments To Reconcile Net Income,+,debit,usd,157000000.0
NetApp Inc,NTAP,QTX3D84DZDD5JYOCYH15,0001002047,2019.0,Q3TTM,2018-01-27,2019-01-25,,netcashfromcontinuingoperatingactivities,increasedecreaseinoperatingcapital,"Changes in Operating Assets and Liabilities, net",+,debit,usd,19000000.0
NetApp Inc,NTAP,QTX3D84DZDD5JYOCYH15,0001002047,2019.0,Q3TTM,2018-01-27,2019-01-25,,netcashfromoperatingactivities,netcashfromcontinuingoperatingactivities,Net Cash From Continuing Operating Activities,+,debit,usd,1436000000.0
NetApp Inc,NTAP,QTX3D84DZDD5JYOCYH15,0001002047,2019.0,Q3TTM,2018-01-27,2019-01-25,,netchangeincash,netcashfromoperatingactivities,Net Cash From Operating Activities,+,debit,usd,1436000000.0
NetApp Inc,NTAP,QTX3D84DZDD5JYOCYH15,0001002047,2019.0,Q3TTM,2018-01-27,2019-01-25,,netcashfromcontinuinginvestingactivities,purchaseofplantpropertyandequipment,"Purchase of Property, Plant & Equipment",+,debit,usd,-186000000.0
NetApp Inc,NTAP,QTX3D84DZDD5JYOCYH15,0001002047,2019.0,Q3TTM,2018-01-27,2019-01-25,,netcashfromcontinuinginvestingactivities,acquisitions,Acquisitions,+,debit,usd,-3000000.0
NetApp Inc,NTAP,QTX3D84DZDD5JYOCYH15,0001002047,2019.0,Q3TTM,2018-01-27,2019-01-25,,netcashfromcontinuinginvestingactivities,purchaseofinvestments,Purchase of Investments,+,debit,usd,-149000000.0
NetApp Inc,NTAP,QTX3D84DZDD5JYOCYH15,0001002047,2019.0,Q3TTM,2018-01-27,2019-01-25,,netcashfromcontinuinginvestingactivities,saleofinvestments,Sale and/or Maturity of Investments,+,debit,usd,978000000.0
NetApp Inc,NTAP,QTX3D84DZDD5JYOCYH15,0001002047,2019.0,Q3TTM,2018-01-27,2019-01-25,,netcashfromcontinuinginvestingactivities,otherinvestingactivitiesnet,"Other Investing Activities, net",+,debit,usd,1000000.0
NetApp Inc,NTAP,QTX3D84DZDD5JYOCYH15,0001002047,2019.0,Q3TTM,2018-01-27,2019-01-25,,netcashfrominvestingactivities,netcashfromcontinuinginvestingactivities,Net Cash From Continuing Investing Activities,+,debit,usd,641000000.0
NetApp Inc,NTAP,QTX3D84DZDD5JYOCYH15,0001002047,2019.0,Q3TTM,2018-01-27,2019-01-25,,netchangeincash,netcashfrominvestingactivities,Net Cash From Investing Activities,+,debit,usd,641000000.0
NetApp Inc,NTAP,QTX3D84DZDD5JYOCYH15,0001002047,2019.0,Q3TTM,2018-01-27,2019-01-25,,netcashfromcontinuingfinancingactivities,repaymentofdebt,Repayment of Debt,+,debit,usd,-341000000.0
NetApp Inc,NTAP,QTX3D84DZDD5JYOCYH15,0001002047,2019.0,Q3TTM,2018-01-27,2019-01-25,,netcashfromcontinuingfinancingactivities,repurchaseofcommonequity,Repurchase of Common Equity,+,debit,usd,-1955000000.0
NetApp Inc,NTAP,QTX3D84DZDD5JYOCYH15,0001002047,2019.0,Q3TTM,2018-01-27,2019-01-25,,netcashfromcontinuingfinancingactivities,paymentofdividends,Payment of Dividends,+,debit,usd,-359000000.0
NetApp Inc,NTAP,QTX3D84DZDD5JYOCYH15,0001002047,2019.0,Q3TTM,2018-01-27,2019-01-25,,netcashfromcontinuingfinancingactivities,issuanceofdebt,Issuance of Debt,+,debit,usd,-132000000.0
NetApp Inc,NTAP,QTX3D84DZDD5JYOCYH15,0001002047,2019.0,Q3TTM,2018-01-27,2019-01-25,,netcashfromcontinuingfinancingactivities,issuanceofcommonequity,Issuance of Common Equity,+,debit,usd,134000000.0
NetApp Inc,NTAP,QTX3D84DZDD5JYOCYH15,0001002047,2019.0,Q3TTM,2018-01-27,2019-01-25,,netcashfromcontinuingfinancingactivities,otherfinancingactivitiesnet,"Other Financing Activities, net",+,debit,usd,-100000000.0
NetApp Inc,NTAP,QTX3D84DZDD5JYOCYH15,0001002047,2019.0,Q3TTM,2018-01-27,2019-01-25,,netcashfromfinancingactivities,netcashfromcontinuingfinancingactivities,Net Cash From Continuing Financing Activities,+,debit,usd,-2753000000.0
NetApp Inc,NTAP,QTX3D84DZDD5JYOCYH15,0001002047,2019.0,Q3TTM,2018-01-27,2019-01-25,,netchangeincash,netcashfromfinancingactivities,Net Cash From Financing Activities,+,debit,usd,-2753000000.0
NetApp Inc,NTAP,QTX3D84DZDD5JYOCYH15,0001002047,2019.0,Q3TTM,2018-01-27,2019-01-25,,netchangeincash,effectofexchangeratechanges,Effect of Exchange Rate Changes,+,debit,usd,26000000.0
NetApp Inc,NTAP,QTX3D84DZDD5JYOCYH15,0001002047,2019.0,Q3TTM,2018-01-27,2019-01-25,,,netchangeincash,Net Change in Cash & Equivalents,=,debit,usd,-650000000.0
NetApp Inc,NTAP,QTX3D84DZDD5JYOCYH15,0001002047,2019.0,Q3,2018-10-27,2019-01-25,,netincomecontinuing,netincome,Consolidated Net Income / (Loss),+,credit,usd,249000000.0
NetApp Inc,NTAP,QTX3D84DZDD5JYOCYH15,0001002047,2019.0,Q3,2018-10-27,2019-01-25,,netcashfromcontinuingoperatingactivities,netincomecontinuing,Net Income / (Loss) Continuing Operations,+,credit,usd,249000000.0
NetApp Inc,NTAP,QTX3D84DZDD5JYOCYH15,0001002047,2019.0,Q3,2018-10-27,2019-01-25,,netcashfromcontinuingoperatingactivities,depreciationexpense,Depreciation Expense,+,debit,usd,51000000.0
NetApp Inc,NTAP,QTX3D84DZDD5JYOCYH15,0001002047,2019.0,Q3,2018-10-27,2019-01-25,,netcashfromcontinuingoperatingactivities,noncashadjustmentstonetincome,Non-Cash Adjustments To Reconcile Net Income,+,debit,usd,43000000.0
NetApp Inc,NTAP,QTX3D84DZDD5JYOCYH15,0001002047,2019.0,Q3,2018-10-27,2019-01-25,,netcashfromcontinuingoperatingactivities,increasedecreaseinoperatingcapital,"Changes in Operating Assets and Liabilities, net",+,debit,usd,108000000.0
NetApp Inc,NTAP,QTX3D84DZDD5JYOCYH15,0001002047,2019.0,Q3,2018-10-27,2019-01-25,,netcashfromoperatingactivities,netcashfromcontinuingoperatingactivities,Net Cash From Continuing Operating Activities,+,debit,usd,451000000.0
NetApp Inc,NTAP,QTX3D84DZDD5JYOCYH15,0001002047,2019.0,Q3,2018-10-27,2019-01-25,,netchangeincash,netcashfromoperatingactivities,Net Cash From Operating Activities,+,debit,usd,451000000.0
NetApp Inc,NTAP,QTX3D84DZDD5JYOCYH15,0001002047,2019.0,Q3,2018-10-27,2019-01-25,,netcashfromcontinuinginvestingactivities,purchaseofplantpropertyandequipment,"Purchase of Property, Plant & Equipment",+,debit,usd,-31000000.0
NetApp Inc,NTAP,QTX3D84DZDD5JYOCYH15,0001002047,2019.0,Q3,2018-10-27,2019-01-25,,netcashfromcontinuinginvestingactivities,purchaseofinvestments,Purchase of Investments,+,debit,usd,-2000000.0
NetApp Inc,NTAP,QTX3D84DZDD5JYOCYH15,0001002047,2019.0,Q3,2018-10-27,2019-01-25,,netcashfromcontinuinginvestingactivities,saleofinvestments,Sale and/or Maturity of Investments,+,debit,usd,174000000.0
NetApp Inc,NTAP,QTX3D84DZDD5JYOCYH15,0001002047,2019.0,Q3,2018-10-27,2019-01-25,,netcashfromcontinuinginvestingactivities,otherinvestingactivitiesnet,"Other Investing Activities, net",+,debit,usd,-1000000.0
NetApp Inc,NTAP,QTX3D84DZDD5JYOCYH15,0001002047,2019.0,Q3,2018-10-27,2019-01-25,,netcashfrominvestingactivities,netcashfromcontinuinginvestingactivities,Net Cash From Continuing Investing Activities,+,debit,usd,140000000.0
NetApp Inc,NTAP,QTX3D84DZDD5JYOCYH15,0001002047,2019.0,Q3,2018-10-27,2019-01-25,,netchangeincash,netcashfrominvestingactivities,Net Cash From Investing Activities,+,debit,usd,140000000.0
NetApp Inc,NTAP,QTX3D84DZDD5JYOCYH15,0001002047,2019.0,Q3,2018-10-27,2019-01-25,,netcashfromcontinuingfinancingactivities,repaymentofdebt,Repayment of Debt,+,debit,usd,-89000000.0
NetApp Inc,NTAP,QTX3D84DZDD5JYOCYH15,0001002047,2019.0,Q3,2018-10-27,2019-01-25,,netcashfromcontinuingfinancingactivities,repurchaseofcommonequity,Repurchase of Common Equity,+,debit,usd,-550000000.0
NetApp Inc,NTAP,QTX3D84DZDD5JYOCYH15,0001002047,2019.0,Q3,2018-10-27,2019-01-25,,netcashfromcontinuingfinancingactivities,paymentofdividends,Payment of Dividends,+,debit,usd,-99000000.0
NetApp Inc,NTAP,QTX3D84DZDD5JYOCYH15,0001002047,2019.0,Q3,2018-10-27,2019-01-25,,netcashfromcontinuingfinancingactivities,issuanceofcommonequity,Issuance of Common Equity,+,debit,usd,53000000.0
NetApp Inc,NTAP,QTX3D84DZDD5JYOCYH15,0001002047,2019.0,Q3,2018-10-27,2019-01-25,,netcashfromcontinuingfinancingactivities,otherfinancingactivitiesnet,"Other Financing Activities, net",+,debit,usd,-3000000.0
NetApp Inc,NTAP,QTX3D84DZDD5JYOCYH15,0001002047,2019.0,Q3,2018-10-27,2019-01-25,,netcashfromfinancingactivities,netcashfromcontinuingfinancingactivities,Net Cash From Continuing Financing Activities,+,debit,usd,-688000000.0
NetApp Inc,NTAP,QTX3D84DZDD5JYOCYH15,0001002047,2019.0,Q3,2018-10-27,2019-01-25,,netchangeincash,netcashfromfinancingactivities,Net Cash From Financing Activities,+,debit,usd,-688000000.0
NetApp Inc,NTAP,QTX3D84DZDD5JYOCYH15,0001002047,2019.0,Q3,2018-10-27,2019-01-25,,,netchangeincash,Net Change in Cash & Equivalents,=,debit,usd,-97000000.0
NetApp Inc,NTAP,QTX3D84DZDD5JYOCYH15,0001002047,2019.0,Q2YTD,2018-04-28,2018-10-26,2019-11-18 16:07:06+00:00,netincomecontinuing,netincome,Consolidated Net Income / (Loss),+,credit,usd,524000000.0
NetApp Inc,NTAP,QTX3D84DZDD5JYOCYH15,0001002047,2019.0,Q2YTD,2018-04-28,2018-10-26,2019-11-18 16:07:06+00:00,netcashfromcontinuingoperatingactivities,netincomecontinuing,Net Income / (Loss) Continuing Operations,+,credit,usd,524000000.0
NetApp Inc,NTAP,QTX3D84DZDD5JYOCYH15,0001002047,2019.0,Q2YTD,2018-04-28,2018-10-26,2019-11-18 16:07:06+00:00,netcashfromcontinuingoperatingactivities,depreciationexpense,Depreciation Expense,+,debit,usd,98000000.0
NetApp Inc,NTAP,QTX3D84DZDD5JYOCYH15,0001002047,2019.0,Q2YTD,2018-04-28,2018-10-26,2019-11-18 16:07:06+00:00,netcashfromcontinuingoperatingactivities,noncashadjustmentstonetincome,Non-Cash Adjustments To Reconcile Net Income,+,debit,usd,78000000.0
NetApp Inc,NTAP,QTX3D84DZDD5JYOCYH15,0001002047,2019.0,Q2YTD,2018-04-28,2018-10-26,2019-11-18 16:07:06+00:00,netcashfromcontinuingoperatingactivities,increasedecreaseinoperatingcapital,"Changes in Operating Assets and Liabilities, net",+,debit,usd,-209000000.0
NetApp Inc,NTAP,QTX3D84DZDD5JYOCYH15,0001002047,2019.0,Q2YTD,2018-04-28,2018-10-26,2019-11-18 16:07:06+00:00,netcashfromoperatingactivities,netcashfromcontinuingoperatingactivities,Net Cash From Continuing Operating Activities,+,debit,usd,491000000.0
NetApp Inc,NTAP,QTX3D84DZDD5JYOCYH15,0001002047,2019.0,Q2YTD,2018-04-28,2018-10-26,2019-11-18 16:07:06+00:00,netchangeincash,netcashfromoperatingactivities,Net Cash From Operating Activities,+,debit,usd,491000000.0
NetApp Inc,NTAP,QTX3D84DZDD5JYOCYH15,0001002047,2019.0,Q2YTD,2018-04-28,2018-10-26,2019-11-18 16:07:06+00:00,netcashfromcontinuinginvestingactivities,purchaseofplantpropertyandequipment,"Purchase of Property, Plant & Equipment",+,debit,usd,-107000000.0
NetApp Inc,NTAP,QTX3D84DZDD5JYOCYH15,0001002047,2019.0,Q2YTD,2018-04-28,2018-10-26,2019-11-18 16:07:06+00:00,netcashfromcontinuinginvestingactivities,acquisitions,Acquisitions,+,debit,usd,-3000000.0
NetApp Inc,NTAP,QTX3D84DZDD5JYOCYH15,0001002047,2019.0,Q2YTD,2018-04-28,2018-10-26,2019-11-18 16:07:06+00:00,netcashfromcontinuinginvestingactivities,purchaseofinvestments,Purchase of Investments,+,debit,usd,-20000000.0
NetApp Inc,NTAP,QTX3D84DZDD5JYOCYH15,0001002047,2019.0,Q2YTD,2018-04-28,2018-10-26,2019-11-18 16:07:06+00:00,netcashfromcontinuinginvestingactivities,saleofplantpropertyandequipment,"Sale of Property, Plant & Equipment",+,debit,usd,0.0
NetApp Inc,NTAP,QTX3D84DZDD5JYOCYH15,0001002047,2019.0,Q2YTD,2018-04-28,2018-10-26,2019-11-18 16:07:06+00:00,netcashfromcontinuinginvestingactivities,saleofinvestments,Sale and/or Maturity of Investments,+,debit,usd,509000000.0
NetApp Inc,NTAP,QTX3D84DZDD5JYOCYH15,0001002047,2019.0,Q2YTD,2018-04-28,2018-10-26,2019-11-18 16:07:06+00:00,netcashfromcontinuinginvestingactivities,otherinvestingactivitiesnet,"Other Investing Activities, net",+,debit,usd,2000000.0
NetApp Inc,NTAP,QTX3D84DZDD5JYOCYH15,0001002047,2019.0,Q2YTD,2018-04-28,2018-10-26,2019-11-18 16:07:06+00:00,netcashfrominvestingactivities,netcashfromcontinuinginvestingactivities,Net Cash From Continuing Investing Activities,+,debit,usd,381000000.0
NetApp Inc,NTAP,QTX3D84DZDD5JYOCYH15,0001002047,2019.0,Q2YTD,2018-04-28,2018-10-26,2019-11-18 16:07:06+00:00,netchangeincash,netcashfrominvestingactivities,Net Cash From Investing Activities,+,debit,usd,381000000.0
NetApp Inc,NTAP,QTX3D84DZDD5JYOCYH15,0001002047,2019.0,Q2YTD,2018-04-28,2018-10-26,2019-11-18 16:07:06+00:00,netcashfromcontinuingfinancingactivities,repaymentofdebt,Repayment of Debt,+,debit,usd,-137000000.0
NetApp Inc,NTAP,QTX3D84DZDD5JYOCYH15,0001002047,2019.0,Q2YTD,2018-04-28,2018-10-26,2019-11-18 16:07:06+00:00,netcashfromcontinuingfinancingactivities,repurchaseofcommonequity,Repurchase of Common Equity,+,debit,usd,-1061000000.0
NetApp Inc,NTAP,QTX3D84DZDD5JYOCYH15,0001002047,2019.0,Q2YTD,2018-04-28,2018-10-26,2019-11-18 16:07:06+00:00,netcashfromcontinuingfinancingactivities,paymentofdividends,Payment of Dividends,+,debit,usd,-207000000.0
NetApp Inc,NTAP,QTX3D84DZDD5JYOCYH15,0001002047,2019.0,Q2YTD,2018-04-28,2018-10-26,2019-11-18 16:07:06+00:00,netcashfromcontinuingfinancingactivities,issuanceofcommonequity,Issuance of Common Equity,+,debit,usd,65000000.0
NetApp Inc,NTAP,QTX3D84DZDD5JYOCYH15,0001002047,2019.0,Q2YTD,2018-04-28,2018-10-26,2019-11-18 16:07:06+00:00,netcashfromcontinuingfinancingactivities,otherfinancingactivitiesnet,"Other Financing Activities, net",+,debit,usd,-89000000.0
NetApp Inc,NTAP,QTX3D84DZDD5JYOCYH15,0001002047,2019.0,Q2YTD,2018-04-28,2018-10-26,2019-11-18 16:07:06+00:00,netcashfromfinancingactivities,netcashfromcontinuingfinancingactivities,Net Cash From Continuing Financing Activities,+,debit,usd,-1429000000.0
NetApp Inc,NTAP,QTX3D84DZDD5JYOCYH15,0001002047,2019.0,Q2YTD,2018-04-28,2018-10-26,2019-11-18 16:07:06+00:00,netchangeincash,netcashfromfinancingactivities,Net Cash From Financing Activities,+,debit,usd,-1429000000.0
NetApp Inc,NTAP,QTX3D84DZDD5JYOCYH15,0001002047,2019.0,Q2YTD,2018-04-28,2018-10-26,2019-11-18 16:07:06+00:00,,netchangeincash,Net Change in Cash & Equivalents,=,debit,usd,-557000000.0
NetApp Inc,NTAP,QTX3D84DZDD5JYOCYH15,0001002047,2019.0,Q2TTM,2017-10-28,2018-10-26,,netincomecontinuing,netincome,Consolidated Net Income / (Loss),+,credit,usd,335000000.0
NetApp Inc,NTAP,QTX3D84DZDD5JYOCYH15,0001002047,2019.0,Q2TTM,2017-10-28,2018-10-26,,netcashfromcontinuingoperatingactivities,netincomecontinuing,Net Income / (Loss) Continuing Operations,+,credit,usd,335000000.0
NetApp Inc,NTAP,QTX3D84DZDD5JYOCYH15,0001002047,2019.0,Q2TTM,2017-10-28,2018-10-26,,netcashfromcontinuingoperatingactivities,depreciationexpense,Depreciation Expense,+,debit,usd,194000000.0
NetApp Inc,NTAP,QTX3D84DZDD5JYOCYH15,0001002047,2019.0,Q2TTM,2017-10-28,2018-10-26,,netcashfromcontinuingoperatingactivities,noncashadjustmentstonetincome,Non-Cash Adjustments To Reconcile Net Income,+,debit,usd,-66000000.0
NetApp Inc,NTAP,QTX3D84DZDD5JYOCYH15,0001002047,2019.0,Q2TTM,2017-10-28,2018-10-26,,netcashfromcontinuingoperatingactivities,increasedecreaseinoperatingcapital,"Changes in Operating Assets and Liabilities, net",+,debit,usd,942000000.0
NetApp Inc,NTAP,QTX3D84DZDD5JYOCYH15,0001002047,2019.0,Q2TTM,2017-10-28,2018-10-26,,netcashfromoperatingactivities,netcashfromcontinuingoperatingactivities,Net Cash From Continuing Operating Activities,+,debit,usd,1405000000.0
NetApp Inc,NTAP,QTX3D84DZDD5JYOCYH15,0001002047,2019.0,Q2TTM,2017-10-28,2018-10-26,,netchangeincash,netcashfromoperatingactivities,Net Cash From Operating Activities,+,debit,usd,1405000000.0
NetApp Inc,NTAP,QTX3D84DZDD5JYOCYH15,0001002047,2019.0,Q2TTM,2017-10-28,2018-10-26,,netcashfromcontinuinginvestingactivities,purchaseofplantpropertyandequipment,"Purchase of Property, Plant & Equipment",+,debit,usd,-187000000.0
NetApp Inc,NTAP,QTX3D84DZDD5JYOCYH15,0001002047,2019.0,Q2TTM,2017-10-28,2018-10-26,,netcashfromcontinuinginvestingactivities,acquisitions,Acquisitions,+,debit,usd,-3000000.0
NetApp Inc,NTAP,QTX3D84DZDD5JYOCYH15,0001002047,2019.0,Q2TTM,2017-10-28,2018-10-26,,netcashfromcontinuinginvestingactivities,purchaseofinvestments,Purchase of Investments,+,debit,usd,-800000000.0
NetApp Inc,NTAP,QTX3D84DZDD5JYOCYH15,0001002047,2019.0,Q2TTM,2017-10-28,2018-10-26,,netcashfromcontinuinginvestingactivities,saleofplantpropertyandequipment,"Sale of Property, Plant & Equipment",+,debit,usd,210000000.0
NetApp Inc,NTAP,QTX3D84DZDD5JYOCYH15,0001002047,2019.0,Q2TTM,2017-10-28,2018-10-26,,netcashfromcontinuinginvestingactivities,saleofinvestments,Sale and/or Maturity of Investments,+,debit,usd,1231000000.0
NetApp Inc,NTAP,QTX3D84DZDD5JYOCYH15,0001002047,2019.0,Q2TTM,2017-10-28,2018-10-26,,netcashfromcontinuinginvestingactivities,otherinvestingactivitiesnet,"Other Investing Activities, net",+,debit,usd,1000000.0
NetApp Inc,NTAP,QTX3D84DZDD5JYOCYH15,0001002047,2019.0,Q2TTM,2017-10-28,2018-10-26,,netcashfrominvestingactivities,netcashfromcontinuinginvestingactivities,Net Cash From Continuing Investing Activities,+,debit,usd,452000000.0
NetApp Inc,NTAP,QTX3D84DZDD5JYOCYH15,0001002047,2019.0,Q2TTM,2017-10-28,2018-10-26,,netchangeincash,netcashfrominvestingactivities,Net Cash From Investing Activities,+,debit,usd,452000000.0
NetApp Inc,NTAP,QTX3D84DZDD5JYOCYH15,0001002047,2019.0,Q2TTM,2017-10-28,2018-10-26,,netcashfromcontinuingfinancingactivities,repaymentofdebt,Repayment of Debt,+,debit,usd,-1007000000.0
NetApp Inc,NTAP,QTX3D84DZDD5JYOCYH15,0001002047,2019.0,Q2TTM,2017-10-28,2018-10-26,,netcashfromcontinuingfinancingactivities,repurchaseofcommonequity,Repurchase of Common Equity,+,debit,usd,-1555000000.0
NetApp Inc,NTAP,QTX3D84DZDD5JYOCYH15,0001002047,2019.0,Q2TTM,2017-10-28,2018-10-26,,netcashfromcontinuingfinancingactivities,paymentofdividends,Payment of Dividends,+,debit,usd,-313000000.0
NetApp Inc,NTAP,QTX3D84DZDD5JYOCYH15,0001002047,2019.0,Q2TTM,2017-10-28,2018-10-26,,netcashfromcontinuingfinancingactivities,issuanceofdebt,Issuance of Debt,+,debit,usd,-218000000.0
NetApp Inc,NTAP,QTX3D84DZDD5JYOCYH15,0001002047,2019.0,Q2TTM,2017-10-28,2018-10-26,,netcashfromcontinuingfinancingactivities,issuanceofcommonequity,Issuance of Common Equity,+,debit,usd,181000000.0
NetApp Inc,NTAP,QTX3D84DZDD5JYOCYH15,0001002047,2019.0,Q2TTM,2017-10-28,2018-10-26,,netcashfromcontinuingfinancingactivities,otherfinancingactivitiesnet,"Other Financing Activities, net",+,debit,usd,-104000000.0
NetApp Inc,NTAP,QTX3D84DZDD5JYOCYH15,0001002047,2019.0,Q2TTM,2017-10-28,2018-10-26,,netcashfromfinancingactivities,netcashfromcontinuingfinancingactivities,Net Cash From Continuing Financing Activities,+,debit,usd,-3016000000.0
NetApp Inc,NTAP,QTX3D84DZDD5JYOCYH15,0001002047,2019.0,Q2TTM,2017-10-28,2018-10-26,,netchangeincash,netcashfromfinancingactivities,Net Cash From Financing Activities,+,debit,usd,-3016000000.0
NetApp Inc,NTAP,QTX3D84DZDD5JYOCYH15,0001002047,2019.0,Q2TTM,2017-10-28,2018-10-26,,netchangeincash,effectofexchangeratechanges,Effect of Exchange Rate Changes,+,debit,usd,26000000.0
NetApp Inc,NTAP,QTX3D84DZDD5JYOCYH15,0001002047,2019.0,Q2TTM,2017-10-28,2018-10-26,,,netchangeincash,Net Change in Cash & Equivalents,=,debit,usd,-1133000000.0
NetApp Inc,NTAP,QTX3D84DZDD5JYOCYH15,0001002047,2019.0,Q2,2018-07-28,2018-10-26,,netincomecontinuing,netincome,Consolidated Net Income / (Loss),+,credit,usd,241000000.0
NetApp Inc,NTAP,QTX3D84DZDD5JYOCYH15,0001002047,2019.0,Q2,2018-07-28,2018-10-26,,netcashfromcontinuingoperatingactivities,netincomecontinuing,Net Income / (Loss) Continuing Operations,+,credit,usd,241000000.0
NetApp Inc,NTAP,QTX3D84DZDD5JYOCYH15,0001002047,2019.0,Q2,2018-07-28,2018-10-26,,netcashfromcontinuingoperatingactivities,depreciationexpense,Depreciation Expense,+,debit,usd,49000000.0
NetApp Inc,NTAP,QTX3D84DZDD5JYOCYH15,0001002047,2019.0,Q2,2018-07-28,2018-10-26,,netcashfromcontinuingoperatingactivities,noncashadjustmentstonetincome,Non-Cash Adjustments To Reconcile Net Income,+,debit,usd,38000000.0
NetApp Inc,NTAP,QTX3D84DZDD5JYOCYH15,0001002047,2019.0,Q2,2018-07-28,2018-10-26,,netcashfromcontinuingoperatingactivities,increasedecreaseinoperatingcapital,"Changes in Operating Assets and Liabilities, net",+,debit,usd,-163000000.0
NetApp Inc,NTAP,QTX3D84DZDD5JYOCYH15,0001002047,2019.0,Q2,2018-07-28,2018-10-26,,netcashfromoperatingactivities,netcashfromcontinuingoperatingactivities,Net Cash From Continuing Operating Activities,+,debit,usd,165000000.0
NetApp Inc,NTAP,QTX3D84DZDD5JYOCYH15,0001002047,2019.0,Q2,2018-07-28,2018-10-26,,netchangeincash,netcashfromoperatingactivities,Net Cash From Operating Activities,+,debit,usd,165000000.0
NetApp Inc,NTAP,QTX3D84DZDD5JYOCYH15,0001002047,2019.0,Q2,2018-07-28,2018-10-26,,netcashfromcontinuinginvestingactivities,purchaseofplantpropertyandequipment,"Purchase of Property, Plant & Equipment",+,debit,usd,-43000000.0
NetApp Inc,NTAP,QTX3D84DZDD5JYOCYH15,0001002047,2019.0,Q2,2018-07-28,2018-10-26,,netcashfromcontinuinginvestingactivities,acquisitions,Acquisitions,+,debit,usd,-3000000.0
NetApp Inc,NTAP,QTX3D84DZDD5JYOCYH15,0001002047,2019.0,Q2,2018-07-28,2018-10-26,,netcashfromcontinuinginvestingactivities,purchaseofinvestments,Purchase of Investments,+,debit,usd,-1000000.0
NetApp Inc,NTAP,QTX3D84DZDD5JYOCYH15,0001002047,2019.0,Q2,2018-07-28,2018-10-26,,netcashfromcontinuinginvestingactivities,saleofinvestments,Sale and/or Maturity of Investments,+,debit,usd,242000000.0
NetApp Inc,NTAP,QTX3D84DZDD5JYOCYH15,0001002047,2019.0,Q2,2018-07-28,2018-10-26,,netcashfrominvestingactivities,netcashfromcontinuinginvestingactivities,Net Cash From Continuing Investing Activities,+,debit,usd,195000000.0
NetApp Inc,NTAP,QTX3D84DZDD5JYOCYH15,0001002047,2019.0,Q2,2018-07-28,2018-10-26,,netchangeincash,netcashfrominvestingactivities,Net Cash From Investing Activities,+,debit,usd,195000000.0
NetApp Inc,NTAP,QTX3D84DZDD5JYOCYH15,0001002047,2019.0,Q2,2018-07-28,2018-10-26,,netcashfromcontinuingfinancingactivities,repaymentofdebt,Repayment of Debt,+,debit,usd,49000000.0
NetApp Inc,NTAP,QTX3D84DZDD5JYOCYH15,0001002047,2019.0,Q2,2018-07-28,2018-10-26,,netcashfromcontinuingfinancingactivities,repurchaseofcommonequity,Repurchase of Common Equity,+,debit,usd,-561000000.0
NetApp Inc,NTAP,QTX3D84DZDD5JYOCYH15,0001002047,2019.0,Q2,2018-07-28,2018-10-26,,netcashfromcontinuingfinancingactivities,paymentofdividends,Payment of Dividends,+,debit,usd,-102000000.0
NetApp Inc,NTAP,QTX3D84DZDD5JYOCYH15,0001002047,2019.0,Q2,2018-07-28,2018-10-26,,netcashfromcontinuingfinancingactivities,issuanceofcommonequity,Issuance of Common Equity,+,debit,usd,2000000.0
NetApp Inc,NTAP,QTX3D84DZDD5JYOCYH15,0001002047,2019.0,Q2,2018-07-28,2018-10-26,,netcashfromcontinuingfinancingactivities,otherfinancingactivitiesnet,"Other Financing Activities, net",+,debit,usd,-5000000.0
NetApp Inc,NTAP,QTX3D84DZDD5JYOCYH15,0001002047,2019.0,Q2,2018-07-28,2018-10-26,,netcashfromfinancingactivities,netcashfromcontinuingfinancingactivities,Net Cash From Continuing Financing Activities,+,debit,usd,-617000000.0
NetApp Inc,NTAP,QTX3D84DZDD5JYOCYH15,0001002047,2019.0,Q2,2018-07-28,2018-10-26,,netchangeincash,netcashfromfinancingactivities,Net Cash From Financing Activities,+,debit,usd,-617000000.0
NetApp Inc,NTAP,QTX3D84DZDD5JYOCYH15,0001002047,2019.0,Q2,2018-07-28,2018-10-26,,,netchangeincash,Net Change in Cash & Equivalents,=,debit,usd,-257000000.0
NetApp Inc,NTAP,QTX3D84DZDD5JYOCYH15,0001002047,2019.0,Q1,2018-04-28,2018-07-27,2019-08-19 16:31:53+00:00,netincomecontinuing,netincome,Consolidated Net Income / (Loss),+,credit,usd,283000000.0
NetApp Inc,NTAP,QTX3D84DZDD5JYOCYH15,0001002047,2019.0,Q1,2018-04-28,2018-07-27,2019-08-19 16:31:53+00:00,netcashfromcontinuingoperatingactivities,netincomecontinuing,Net Income / (Loss) Continuing Operations,+,credit,usd,283000000.0
NetApp Inc,NTAP,QTX3D84DZDD5JYOCYH15,0001002047,2019.0,Q1,2018-04-28,2018-07-27,2019-08-19 16:31:53+00:00,netcashfromcontinuingoperatingactivities,depreciationexpense,Depreciation Expense,+,debit,usd,49000000.0
NetApp Inc,NTAP,QTX3D84DZDD5JYOCYH15,0001002047,2019.0,Q1,2018-04-28,2018-07-27,2019-08-19 16:31:53+00:00,netcashfromcontinuingoperatingactivities,noncashadjustmentstonetincome,Non-Cash Adjustments To Reconcile Net Income,+,debit,usd,40000000.0
NetApp Inc,NTAP,QTX3D84DZDD5JYOCYH15,0001002047,2019.0,Q1,2018-04-28,2018-07-27,2019-08-19 16:31:53+00:00,netcashfromcontinuingoperatingactivities,increasedecreaseinoperatingcapital,"Changes in Operating Assets and Liabilities, net",+,debit,usd,-46000000.0
NetApp Inc,NTAP,QTX3D84DZDD5JYOCYH15,0001002047,2019.0,Q1,2018-04-28,2018-07-27,2019-08-19 16:31:53+00:00,netcashfromoperatingactivities,netcashfromcontinuingoperatingactivities,Net Cash From Continuing Operating Activities,+,debit,usd,326000000.0
NetApp Inc,NTAP,QTX3D84DZDD5JYOCYH15,0001002047,2019.0,Q1,2018-04-28,2018-07-27,2019-08-19 16:31:53+00:00,netchangeincash,netcashfromoperatingactivities,Net Cash From Operating Activities,+,debit,usd,326000000.0
NetApp Inc,NTAP,QTX3D84DZDD5JYOCYH15,0001002047,2019.0,Q1,2018-04-28,2018-07-27,2019-08-19 16:31:53+00:00,netcashfromcontinuinginvestingactivities,purchaseofplantpropertyandequipment,"Purchase of Property, Plant & Equipment",+,debit,usd,-64000000.0
NetApp Inc,NTAP,QTX3D84DZDD5JYOCYH15,0001002047,2019.0,Q1,2018-04-28,2018-07-27,2019-08-19 16:31:53+00:00,netcashfromcontinuinginvestingactivities,acquisitions,Acquisitions,+,debit,usd,0.0
NetApp Inc,NTAP,QTX3D84DZDD5JYOCYH15,0001002047,2019.0,Q1,2018-04-28,2018-07-27,2019-08-19 16:31:53+00:00,netcashfromcontinuinginvestingactivities,purchaseofinvestments,Purchase of Investments,+,debit,usd,-19000000.0
NetApp Inc,NTAP,QTX3D84DZDD5JYOCYH15,0001002047,2019.0,Q1,2018-04-28,2018-07-27,2019-08-19 16:31:53+00:00,netcashfromcontinuinginvestingactivities,saleofinvestments,Sale and/or Maturity of Investments,+,debit,usd,267000000.0
NetApp Inc,NTAP,QTX3D84DZDD5JYOCYH15,0001002047,2019.0,Q1,2018-04-28,2018-07-27,2019-08-19 16:31:53+00:00,netcashfromcontinuinginvestingactivities,otherinvestingactivitiesnet,"Other Investing Activities, net",+,debit,usd,2000000.0
NetApp Inc,NTAP,QTX3D84DZDD5JYOCYH15,0001002047,2019.0,Q1,2018-04-28,2018-07-27,2019-08-19 16:31:53+00:00,netcashfrominvestingactivities,netcashfromcontinuinginvestingactivities,Net Cash From Continuing Investing Activities,+,debit,usd,186000000.0
NetApp Inc,NTAP,QTX3D84DZDD5JYOCYH15,0001002047,2019.0,Q1,2018-04-28,2018-07-27,2019-08-19 16:31:53+00:00,netchangeincash,netcashfrominvestingactivities,Net Cash From Investing Activities,+,debit,usd,186000000.0
NetApp Inc,NTAP,QTX3D84DZDD5JYOCYH15,0001002047,2019.0,Q1,2018-04-28,2018-07-27,2019-08-19 16:31:53+00:00,netcashfromcontinuingfinancingactivities,repaymentofdebt,Repayment of Debt,+,debit,usd,-186000000.0
NetApp Inc,NTAP,QTX3D84DZDD5JYOCYH15,0001002047,2019.0,Q1,2018-04-28,2018-07-27,2019-08-19 16:31:53+00:00,netcashfromcontinuingfinancingactivities,repurchaseofcommonequity,Repurchase of Common Equity,+,debit,usd,-500000000.0
NetApp Inc,NTAP,QTX3D84DZDD5JYOCYH15,0001002047,2019.0,Q1,2018-04-28,2018-07-27,2019-08-19 16:31:53+00:00,netcashfromcontinuingfinancingactivities,paymentofdividends,Payment of Dividends,+,debit,usd,-105000000.0
NetApp Inc,NTAP,QTX3D84DZDD5JYOCYH15,0001002047,2019.0,Q1,2018-04-28,2018-07-27,2019-08-19 16:31:53+00:00,netcashfromcontinuingfinancingactivities,issuanceofcommonequity,Issuance of Common Equity,+,debit,usd,63000000.0
NetApp Inc,NTAP,QTX3D84DZDD5JYOCYH15,0001002047,2019.0,Q1,2018-04-28,2018-07-27,2019-08-19 16:31:53+00:00,netcashfromcontinuingfinancingactivities,otherfinancingactivitiesnet,"Other Financing Activities, net",+,debit,usd,-84000000.0
NetApp Inc,NTAP,QTX3D84DZDD5JYOCYH15,0001002047,2019.0,Q1,2018-04-28,2018-07-27,2019-08-19 16:31:53+00:00,netcashfromfinancingactivities,netcashfromcontinuingfinancingactivities,Net Cash From Continuing Financing Activities,+,debit,usd,-812000000.0
NetApp Inc,NTAP,QTX3D84DZDD5JYOCYH15,0001002047,2019.0,Q1,2018-04-28,2018-07-27,2019-08-19 16:31:53+00:00,netchangeincash,netcashfromfinancingactivities,Net Cash From Financing Activities,+,debit,usd,-812000000.0
NetApp Inc,NTAP,QTX3D84DZDD5JYOCYH15,0001002047,2019.0,Q1,2018-04-28,2018-07-27,2019-08-19 16:31:53+00:00,,netchangeincash,Net Change in Cash & Equivalents,=,debit,usd,-300000000.0
NetApp Inc,NTAP,QTX3D84DZDD5JYOCYH15,0001002047,2019.0,Q1TTM,2017-07-29,2018-07-27,,netincomecontinuing,netincome,Consolidated Net Income / (Loss),+,credit,usd,268000000.0
NetApp Inc,NTAP,QTX3D84DZDD5JYOCYH15,0001002047,2019.0,Q1TTM,2017-07-29,2018-07-27,,netcashfromcontinuingoperatingactivities,netincomecontinuing,Net Income / (Loss) Continuing Operations,+,credit,usd,268000000.0
NetApp Inc,NTAP,QTX3D84DZDD5JYOCYH15,0001002047,2019.0,Q1TTM,2017-07-29,2018-07-27,,netcashfromcontinuingoperatingactivities,depreciationexpense,Depreciation Expense,+,debit,usd,196000000.0
NetApp Inc,NTAP,QTX3D84DZDD5JYOCYH15,0001002047,2019.0,Q1TTM,2017-07-29,2018-07-27,,netcashfromcontinuingoperatingactivities,noncashadjustmentstonetincome,Non-Cash Adjustments To Reconcile Net Income,+,debit,usd,-65000000.0
NetApp Inc,NTAP,QTX3D84DZDD5JYOCYH15,0001002047,2019.0,Q1TTM,2017-07-29,2018-07-27,,netcashfromcontinuingoperatingactivities,increasedecreaseinoperatingcapital,"Changes in Operating Assets and Liabilities, net",+,debit,usd,1155000000.0
NetApp Inc,NTAP,QTX3D84DZDD5JYOCYH15,0001002047,2019.0,Q1TTM,2017-07-29,2018-07-27,,netcashfromoperatingactivities,netcashfromcontinuingoperatingactivities,Net Cash From Continuing Operating Activities,+,debit,usd,1554000000.0
NetApp Inc,NTAP,QTX3D84DZDD5JYOCYH15,0001002047,2019.0,Q1TTM,2017-07-29,2018-07-27,,netchangeincash,netcashfromoperatingactivities,Net Cash From Operating Activities,+,debit,usd,1554000000.0
NetApp Inc,NTAP,QTX3D84DZDD5JYOCYH15,0001002047,2019.0,Q1TTM,2017-07-29,2018-07-27,,netcashfromcontinuinginvestingactivities,purchaseofplantpropertyandequipment,"Purchase of Property, Plant & Equipment",+,debit,usd,-173000000.0
NetApp Inc,NTAP,QTX3D84DZDD5JYOCYH15,0001002047,2019.0,Q1TTM,2017-07-29,2018-07-27,,netcashfromcontinuinginvestingactivities,acquisitions,Acquisitions,+,debit,usd,-51000000.0
NetApp Inc,NTAP,QTX3D84DZDD5JYOCYH15,0001002047,2019.0,Q1TTM,2017-07-29,2018-07-27,,netcashfromcontinuinginvestingactivities,purchaseofinvestments,Purchase of Investments,+,debit,usd,-1133000000.0
NetApp Inc,NTAP,QTX3D84DZDD5JYOCYH15,0001002047,2019.0,Q1TTM,2017-07-29,2018-07-27,,netcashfromcontinuinginvestingactivities,saleofplantpropertyandequipment,"Sale of Property, Plant & Equipment",+,debit,usd,210000000.0
NetApp Inc,NTAP,QTX3D84DZDD5JYOCYH15,0001002047,2019.0,Q1TTM,2017-07-29,2018-07-27,,netcashfromcontinuinginvestingactivities,saleofinvestments,Sale and/or Maturity of Investments,+,debit,usd,1259000000.0
NetApp Inc,NTAP,QTX3D84DZDD5JYOCYH15,0001002047,2019.0,Q1TTM,2017-07-29,2018-07-27,,netcashfrominvestingactivities,netcashfromcontinuinginvestingactivities,Net Cash From Continuing Investing Activities,+,debit,usd,112000000.0
NetApp Inc,NTAP,QTX3D84DZDD5JYOCYH15,0001002047,2019.0,Q1TTM,2017-07-29,2018-07-27,,netchangeincash,netcashfrominvestingactivities,Net Cash From Investing Activities,+,debit,usd,112000000.0
NetApp Inc,NTAP,QTX3D84DZDD5JYOCYH15,0001002047,2019.0,Q1TTM,2017-07-29,2018-07-27,,netcashfromcontinuingfinancingactivities,repaymentofdebt,Repayment of Debt,+,debit,usd,-1057000000.0
NetApp Inc,NTAP,QTX3D84DZDD5JYOCYH15,0001002047,2019.0,Q1TTM,2017-07-29,2018-07-27,,netcashfromcontinuingfinancingactivities,repurchaseofcommonequity,Repurchase of Common Equity,+,debit,usd,-1144000000.0
NetApp Inc,NTAP,QTX3D84DZDD5JYOCYH15,0001002047,2019.0,Q1TTM,2017-07-29,2018-07-27,,netcashfromcontinuingfinancingactivities,paymentofdividends,Payment of Dividends,+,debit,usd,-265000000.0
NetApp Inc,NTAP,QTX3D84DZDD5JYOCYH15,0001002047,2019.0,Q1TTM,2017-07-29,2018-07-27,,netcashfromcontinuingfinancingactivities,issuanceofdebt,Issuance of Debt,+,debit,usd,401000000.0
NetApp Inc,NTAP,QTX3D84DZDD5JYOCYH15,0001002047,2019.0,Q1TTM,2017-07-29,2018-07-27,,netcashfromcontinuingfinancingactivities,issuanceofcommonequity,Issuance of Common Equity,+,debit,usd,188000000.0
NetApp Inc,NTAP,QTX3D84DZDD5JYOCYH15,0001002047,2019.0,Q1TTM,2017-07-29,2018-07-27,,netcashfromcontinuingfinancingactivities,otherfinancingactivitiesnet,"Other Financing Activities, net",+,debit,usd,-102000000.0
NetApp Inc,NTAP,QTX3D84DZDD5JYOCYH15,0001002047,2019.0,Q1TTM,2017-07-29,2018-07-27,,netcashfromfinancingactivities,netcashfromcontinuingfinancingactivities,Net Cash From Continuing Financing Activities,+,debit,usd,-1979000000.0
NetApp Inc,NTAP,QTX3D84DZDD5JYOCYH15,0001002047,2019.0,Q1TTM,2017-07-29,2018-07-27,,netchangeincash,netcashfromfinancingactivities,Net Cash From Financing Activities,+,debit,usd,-1979000000.0
NetApp Inc,NTAP,QTX3D84DZDD5JYOCYH15,0001002047,2019.0,Q1TTM,2017-07-29,2018-07-27,,netchangeincash,effectofexchangeratechanges,Effect of Exchange Rate Changes,+,debit,usd,26000000.0
NetApp Inc,NTAP,QTX3D84DZDD5JYOCYH15,0001002047,2019.0,Q1TTM,2017-07-29,2018-07-27,,,netchangeincash,Net Change in Cash & Equivalents,=,debit,usd,-287000000.0
NetApp Inc,NTAP,QTX3D84DZDD5JYOCYH15,0001002047,2020.0,Q4,2020-01-25,2020-04-24,,netincomecontinuing,netincome,Consolidated Net Income / (Loss),+,credit,usd,196000000.0
NetApp Inc,NTAP,QTX3D84DZDD5JYOCYH15,0001002047,2020.0,Q4,2020-01-25,2020-04-24,,netcashfromcontinuingoperatingactivities,netincomecontinuing,Net Income / (Loss) Continuing Operations,+,credit,usd,196000000.0
NetApp Inc,NTAP,QTX3D84DZDD5JYOCYH15,0001002047,2020.0,Q4,2020-01-25,2020-04-24,,netcashfromcontinuingoperatingactivities,depreciationexpense,Depreciation Expense,+,debit,usd,47000000.0
NetApp Inc,NTAP,QTX3D84DZDD5JYOCYH15,0001002047,2020.0,Q4,2020-01-25,2020-04-24,,netcashfromcontinuingoperatingactivities,noncashadjustmentstonetincome,Non-Cash Adjustments To Reconcile Net Income,+,debit,usd,47000000.0
NetApp Inc,NTAP,QTX3D84DZDD5JYOCYH15,0001002047,2020.0,Q4,2020-01-25,2020-04-24,,netcashfromcontinuingoperatingactivities,increasedecreaseinoperatingcapital,"Changes in Operating Assets and Liabilities, net",+,debit,usd,93000000.0
NetApp Inc,NTAP,QTX3D84DZDD5JYOCYH15,0001002047,2020.0,Q4,2020-01-25,2020-04-24,,netcashfromoperatingactivities,netcashfromcontinuingoperatingactivities,Net Cash From Continuing Operating Activities,+,debit,usd,383000000.0
NetApp Inc,NTAP,QTX3D84DZDD5JYOCYH15,0001002047,2020.0,Q4,2020-01-25,2020-04-24,,netchangeincash,netcashfromoperatingactivities,Net Cash From Operating Activities,+,debit,usd,383000000.0
NetApp Inc,NTAP,QTX3D84DZDD5JYOCYH15,0001002047,2020.0,Q4,2020-01-25,2020-04-24,,netcashfromcontinuinginvestingactivities,purchaseofplantpropertyandequipment,"Purchase of Property, Plant & Equipment",+,debit,usd,-24000000.0
NetApp Inc,NTAP,QTX3D84DZDD5JYOCYH15,0001002047,2020.0,Q4,2020-01-25,2020-04-24,,netcashfromcontinuinginvestingactivities,acquisitions,Acquisitions,+,debit,usd,-17000000.0
NetApp Inc,NTAP,QTX3D84DZDD5JYOCYH15,0001002047,2020.0,Q4,2020-01-25,2020-04-24,,netcashfromcontinuinginvestingactivities,purchaseofinvestments,Purchase of Investments,+,debit,usd,-1000000.0
NetApp Inc,NTAP,QTX3D84DZDD5JYOCYH15,0001002047,2020.0,Q4,2020-01-25,2020-04-24,,netcashfromcontinuinginvestingactivities,saleofinvestments,Sale and/or Maturity of Investments,+,debit,usd,83000000.0
NetApp Inc,NTAP,QTX3D84DZDD5JYOCYH15,0001002047,2020.0,Q4,2020-01-25,2020-04-24,,netcashfromcontinuinginvestingactivities,otherinvestingactivitiesnet,"Other Investing Activities, net",+,debit,usd,1000000.0
NetApp Inc,NTAP,QTX3D84DZDD5JYOCYH15,0001002047,2020.0,Q4,2020-01-25,2020-04-24,,netcashfrominvestingactivities,netcashfromcontinuinginvestingactivities,Net Cash From Continuing Investing Activities,+,debit,usd,42000000.0
NetApp Inc,NTAP,QTX3D84DZDD5JYOCYH15,0001002047,2020.0,Q4,2020-01-25,2020-04-24,,netchangeincash,netcashfrominvestingactivities,Net Cash From Investing Activities,+,debit,usd,42000000.0
NetApp Inc,NTAP,QTX3D84DZDD5JYOCYH15,0001002047,2020.0,Q4,2020-01-25,2020-04-24,,netcashfromcontinuingfinancingactivities,repaymentofdebt,Repayment of Debt,+,debit,usd,-12000000.0
NetApp Inc,NTAP,QTX3D84DZDD5JYOCYH15,0001002047,2020.0,Q4,2020-01-25,2020-04-24,,netcashfromcontinuingfinancingactivities,repurchaseofcommonequity,Repurchase of Common Equity,+,debit,usd,-161000000.0
NetApp Inc,NTAP,QTX3D84DZDD5JYOCYH15,0001002047,2020.0,Q4,2020-01-25,2020-04-24,,netcashfromcontinuingfinancingactivities,paymentofdividends,Payment of Dividends,+,debit,usd,-105000000.0
NetApp Inc,NTAP,QTX3D84DZDD5JYOCYH15,0001002047,2020.0,Q4,2020-01-25,2020-04-24,,netcashfromcontinuingfinancingactivities,issuanceofdebt,Issuance of Debt,+,debit,usd,-160000000.0
NetApp Inc,NTAP,QTX3D84DZDD5JYOCYH15,0001002047,2020.0,Q4,2020-01-25,2020-04-24,,netcashfromcontinuingfinancingactivities,otherfinancingactivitiesnet,"Other Financing Activities, net",+,debit,usd,-2000000.0
NetApp Inc,NTAP,QTX3D84DZDD5JYOCYH15,0001002047,2020.0,Q4,2020-01-25,2020-04-24,,netcashfromfinancingactivities,netcashfromcontinuingfinancingactivities,Net Cash From Continuing Financing Activities,+,debit,usd,-440000000.0
NetApp Inc,NTAP,QTX3D84DZDD5JYOCYH15,0001002047,2020.0,Q4,2020-01-25,2020-04-24,,netchangeincash,netcashfromfinancingactivities,Net Cash From Financing Activities,+,debit,usd,-440000000.0
NetApp Inc,NTAP,QTX3D84DZDD5JYOCYH15,0001002047,2020.0,Q4,2020-01-25,2020-04-24,,netchangeincash,effectofexchangeratechanges,Effect of Exchange Rate Changes,+,debit,usd,-34000000.0
NetApp Inc,NTAP,QTX3D84DZDD5JYOCYH15,0001002047,2020.0,Q4,2020-01-25,2020-04-24,,,netchangeincash,Net Change in Cash & Equivalents,=,debit,usd,-49000000.0
NetApp Inc,NTAP,QTX3D84DZDD5JYOCYH15,0001002047,2020.0,FY,2019-04-27,2020-04-24,2020-06-15 16:08:13+00:00,netincomecontinuing,netincome,Consolidated Net Income / (Loss),+,credit,usd,819000000.0
NetApp Inc,NTAP,QTX3D84DZDD5JYOCYH15,0001002047,2020.0,FY,2019-04-27,2020-04-24,2020-06-15 16:08:13+00:00,netcashfromcontinuingoperatingactivities,netincomecontinuing,Net Income / (Loss) Continuing Operations,+,credit,usd,819000000.0
NetApp Inc,NTAP,QTX3D84DZDD5JYOCYH15,0001002047,2020.0,FY,2019-04-27,2020-04-24,2020-06-15 16:08:13+00:00,netcashfromcontinuingoperatingactivities,depreciationexpense,Depreciation Expense,+,debit,usd,193000000.0
NetApp Inc,NTAP,QTX3D84DZDD5JYOCYH15,0001002047,2020.0,FY,2019-04-27,2020-04-24,2020-06-15 16:08:13+00:00,netcashfromcontinuingoperatingactivities,noncashadjustmentstonetincome,Non-Cash Adjustments To Reconcile Net Income,+,debit,usd,166000000.0
NetApp Inc,NTAP,QTX3D84DZDD5JYOCYH15,0001002047,2020.0,FY,2019-04-27,2020-04-24,2020-06-15 16:08:13+00:00,netcashfromcontinuingoperatingactivities,increasedecreaseinoperatingcapital,"Changes in Operating Assets and Liabilities, net",+,debit,usd,-118000000.0
NetApp Inc,NTAP,QTX3D84DZDD5JYOCYH15,0001002047,2020.0,FY,2019-04-27,2020-04-24,2020-06-15 16:08:13+00:00,netcashfromoperatingactivities,netcashfromcontinuingoperatingactivities,Net Cash From Continuing Operating Activities,+,debit,usd,1060000000.0
NetApp Inc,NTAP,QTX3D84DZDD5JYOCYH15,0001002047,2020.0,FY,2019-04-27,2020-04-24,2020-06-15 16:08:13+00:00,netchangeincash,netcashfromoperatingactivities,Net Cash From Operating Activities,+,debit,usd,1060000000.0
NetApp Inc,NTAP,QTX3D84DZDD5JYOCYH15,0001002047,2020.0,FY,2019-04-27,2020-04-24,2020-06-15 16:08:13+00:00,netcashfromcontinuinginvestingactivities,purchaseofplantpropertyandequipment,"Purchase of Property, Plant & Equipment",+,debit,usd,-124000000.0
NetApp Inc,NTAP,QTX3D84DZDD5JYOCYH15,0001002047,2020.0,FY,2019-04-27,2020-04-24,2020-06-15 16:08:13+00:00,netcashfromcontinuinginvestingactivities,acquisitions,Acquisitions,+,debit,usd,-73000000.0
NetApp Inc,NTAP,QTX3D84DZDD5JYOCYH15,0001002047,2020.0,FY,2019-04-27,2020-04-24,2020-06-15 16:08:13+00:00,netcashfromcontinuinginvestingactivities,purchaseofinvestments,Purchase of Investments,+,debit,usd,-13000000.0
NetApp Inc,NTAP,QTX3D84DZDD5JYOCYH15,0001002047,2020.0,FY,2019-04-27,2020-04-24,2020-06-15 16:08:13+00:00,netcashfromcontinuinginvestingactivities,saleofplantpropertyandequipment,"Sale of Property, Plant & Equipment",+,debit,usd,96000000.0
NetApp Inc,NTAP,QTX3D84DZDD5JYOCYH15,0001002047,2020.0,FY,2019-04-27,2020-04-24,2020-06-15 16:08:13+00:00,netcashfromcontinuinginvestingactivities,saleofinvestments,Sale and/or Maturity of Investments,+,debit,usd,1383000000.0
NetApp Inc,NTAP,QTX3D84DZDD5JYOCYH15,0001002047,2020.0,FY,2019-04-27,2020-04-24,2020-06-15 16:08:13+00:00,netcashfromcontinuinginvestingactivities,otherinvestingactivitiesnet,"Other Investing Activities, net",+,debit,usd,0.0
NetApp Inc,NTAP,QTX3D84DZDD5JYOCYH15,0001002047,2020.0,FY,2019-04-27,2020-04-24,2020-06-15 16:08:13+00:00,netcashfrominvestingactivities,netcashfromcontinuinginvestingactivities,Net Cash From Continuing Investing Activities,+,debit,usd,1269000000.0
NetApp Inc,NTAP,QTX3D84DZDD5JYOCYH15,0001002047,2020.0,FY,2019-04-27,2020-04-24,2020-06-15 16:08:13+00:00,netchangeincash,netcashfrominvestingactivities,Net Cash From Investing Activities,+,debit,usd,1269000000.0
NetApp Inc,NTAP,QTX3D84DZDD5JYOCYH15,0001002047,2020.0,FY,2019-04-27,2020-04-24,2020-06-15 16:08:13+00:00,netcashfromcontinuingfinancingactivities,repaymentofdebt,Repayment of Debt,+,debit,usd,-416000000.0
NetApp Inc,NTAP,QTX3D84DZDD5JYOCYH15,0001002047,2020.0,FY,2019-04-27,2020-04-24,2020-06-15 16:08:13+00:00,netcashfromcontinuingfinancingactivities,repurchaseofcommonequity,Repurchase of Common Equity,+,debit,usd,-1411000000.0
NetApp Inc,NTAP,QTX3D84DZDD5JYOCYH15,0001002047,2020.0,FY,2019-04-27,2020-04-24,2020-06-15 16:08:13+00:00,netcashfromcontinuingfinancingactivities,paymentofdividends,Payment of Dividends,+,debit,usd,-439000000.0
NetApp Inc,NTAP,QTX3D84DZDD5JYOCYH15,0001002047,2020.0,FY,2019-04-27,2020-04-24,2020-06-15 16:08:13+00:00,netcashfromcontinuingfinancingactivities,issuanceofdebt,Issuance of Debt,+,debit,usd,283000000.0
NetApp Inc,NTAP,QTX3D84DZDD5JYOCYH15,0001002047,2020.0,FY,2019-04-27,2020-04-24,2020-06-15 16:08:13+00:00,netcashfromcontinuingfinancingactivities,issuanceofcommonequity,Issuance of Common Equity,+,debit,usd,102000000.0
NetApp Inc,NTAP,QTX3D84DZDD5JYOCYH15,0001002047,2020.0,FY,2019-04-27,2020-04-24,2020-06-15 16:08:13+00:00,netcashfromcontinuingfinancingactivities,otherfinancingactivitiesnet,"Other Financing Activities, net",+,debit,usd,-79000000.0
NetApp Inc,NTAP,QTX3D84DZDD5JYOCYH15,0001002047,2020.0,FY,2019-04-27,2020-04-24,2020-06-15 16:08:13+00:00,netcashfromfinancingactivities,netcashfromcontinuingfinancingactivities,Net Cash From Continuing Financing Activities,+,debit,usd,-1960000000.0
NetApp Inc,NTAP,QTX3D84DZDD5JYOCYH15,0001002047,2020.0,FY,2019-04-27,2020-04-24,2020-06-15 16:08:13+00:00,netchangeincash,netcashfromfinancingactivities,Net Cash From Financing Activities,+,debit,usd,-1960000000.0
NetApp Inc,NTAP,QTX3D84DZDD5JYOCYH15,0001002047,2020.0,FY,2019-04-27,2020-04-24,2020-06-15 16:08:13+00:00,netchangeincash,effectofexchangeratechanges,Effect of Exchange Rate Changes,+,debit,usd,-34000000.0
NetApp Inc,NTAP,QTX3D84DZDD5JYOCYH15,0001002047,2020.0,FY,2019-04-27,2020-04-24,2020-06-15 16:08:13+00:00,,netchangeincash,Net Change in Cash & Equivalents,=,debit,usd,335000000.0
NetApp Inc,NTAP,QTX3D84DZDD5JYOCYH15,0001002047,2020.0,Q3TTM,2019-01-26,2020-01-24,,netincomecontinuing,netincome,Consolidated Net Income / (Loss),+,credit,usd,1019000000.0
NetApp Inc,NTAP,QTX3D84DZDD5JYOCYH15,0001002047,2020.0,Q3TTM,2019-01-26,2020-01-24,,netcashfromcontinuingoperatingactivities,netincomecontinuing,Net Income / (Loss) Continuing Operations,+,credit,usd,1019000000.0
NetApp Inc,NTAP,QTX3D84DZDD5JYOCYH15,0001002047,2020.0,Q3TTM,2019-01-26,2020-01-24,,netcashfromcontinuingoperatingactivities,depreciationexpense,Depreciation Expense,+,debit,usd,194000000.0
NetApp Inc,NTAP,QTX3D84DZDD5JYOCYH15,0001002047,2020.0,Q3TTM,2019-01-26,2020-01-24,,netcashfromcontinuingoperatingactivities,noncashadjustmentstonetincome,Non-Cash Adjustments To Reconcile Net Income,+,debit,usd,83000000.0
NetApp Inc,NTAP,QTX3D84DZDD5JYOCYH15,0001002047,2020.0,Q3TTM,2019-01-26,2020-01-24,,netcashfromcontinuingoperatingactivities,increasedecreaseinoperatingcapital,"Changes in Operating Assets and Liabilities, net",+,debit,usd,-220000000.0
NetApp Inc,NTAP,QTX3D84DZDD5JYOCYH15,0001002047,2020.0,Q3TTM,2019-01-26,2020-01-24,,netcashfromoperatingactivities,netcashfromcontinuingoperatingactivities,Net Cash From Continuing Operating Activities,+,debit,usd,1076000000.0
NetApp Inc,NTAP,QTX3D84DZDD5JYOCYH15,0001002047,2020.0,Q3TTM,2019-01-26,2020-01-24,,netchangeincash,netcashfromoperatingactivities,Net Cash From Operating Activities,+,debit,usd,1076000000.0
NetApp Inc,NTAP,QTX3D84DZDD5JYOCYH15,0001002047,2020.0,Q3TTM,2019-01-26,2020-01-24,,netcashfromcontinuinginvestingactivities,purchaseofplantpropertyandequipment,"Purchase of Property, Plant & Equipment",+,debit,usd,-135000000.0
NetApp Inc,NTAP,QTX3D84DZDD5JYOCYH15,0001002047,2020.0,Q3TTM,2019-01-26,2020-01-24,,netcashfromcontinuinginvestingactivities,acquisitions,Acquisitions,+,debit,usd,-56000000.0
NetApp Inc,NTAP,QTX3D84DZDD5JYOCYH15,0001002047,2020.0,Q3TTM,2019-01-26,2020-01-24,,netcashfromcontinuinginvestingactivities,purchaseofinvestments,Purchase of Investments,+,debit,usd,-31000000.0
NetApp Inc,NTAP,QTX3D84DZDD5JYOCYH15,0001002047,2020.0,Q3TTM,2019-01-26,2020-01-24,,netcashfromcontinuinginvestingactivities,saleofplantpropertyandequipment,"Sale of Property, Plant & Equipment",+,debit,usd,96000000.0
NetApp Inc,NTAP,QTX3D84DZDD5JYOCYH15,0001002047,2020.0,Q3TTM,2019-01-26,2020-01-24,,netcashfromcontinuinginvestingactivities,saleofinvestments,Sale and/or Maturity of Investments,+,debit,usd,1534000000.0
NetApp Inc,NTAP,QTX3D84DZDD5JYOCYH15,0001002047,2020.0,Q3TTM,2019-01-26,2020-01-24,,netcashfromcontinuinginvestingactivities,otherinvestingactivitiesnet,"Other Investing Activities, net",+,debit,usd,2000000.0
NetApp Inc,NTAP,QTX3D84DZDD5JYOCYH15,0001002047,2020.0,Q3TTM,2019-01-26,2020-01-24,,netcashfrominvestingactivities,netcashfromcontinuinginvestingactivities,Net Cash From Continuing Investing Activities,+,debit,usd,1410000000.0
NetApp Inc,NTAP,QTX3D84DZDD5JYOCYH15,0001002047,2020.0,Q3TTM,2019-01-26,2020-01-24,,netchangeincash,netcashfrominvestingactivities,Net Cash From Investing Activities,+,debit,usd,1410000000.0
NetApp Inc,NTAP,QTX3D84DZDD5JYOCYH15,0001002047,2020.0,Q3TTM,2019-01-26,2020-01-24,,netcashfromcontinuingfinancingactivities,repaymentofdebt,Repayment of Debt,+,debit,usd,-320000000.0
NetApp Inc,NTAP,QTX3D84DZDD5JYOCYH15,0001002047,2020.0,Q3TTM,2019-01-26,2020-01-24,,netcashfromcontinuingfinancingactivities,repurchaseofcommonequity,Repurchase of Common Equity,+,debit,usd,-1750000000.0
NetApp Inc,NTAP,QTX3D84DZDD5JYOCYH15,0001002047,2020.0,Q3TTM,2019-01-26,2020-01-24,,netcashfromcontinuingfinancingactivities,paymentofdividends,Payment of Dividends,+,debit,usd,-431000000.0
NetApp Inc,NTAP,QTX3D84DZDD5JYOCYH15,0001002047,2020.0,Q3TTM,2019-01-26,2020-01-24,,netcashfromcontinuingfinancingactivities,issuanceofdebt,Issuance of Debt,+,debit,usd,443000000.0
NetApp Inc,NTAP,QTX3D84DZDD5JYOCYH15,0001002047,2020.0,Q3TTM,2019-01-26,2020-01-24,,netcashfromcontinuingfinancingactivities,issuanceofcommonequity,Issuance of Common Equity,+,debit,usd,105000000.0
NetApp Inc,NTAP,QTX3D84DZDD5JYOCYH15,0001002047,2020.0,Q3TTM,2019-01-26,2020-01-24,,netcashfromcontinuingfinancingactivities,otherfinancingactivitiesnet,"Other Financing Activities, net",+,debit,usd,-81000000.0
NetApp Inc,NTAP,QTX3D84DZDD5JYOCYH15,0001002047,2020.0,Q3TTM,2019-01-26,2020-01-24,,netcashfromfinancingactivities,netcashfromcontinuingfinancingactivities,Net Cash From Continuing Financing Activities,+,debit,usd,-2034000000.0
NetApp Inc,NTAP,QTX3D84DZDD5JYOCYH15,0001002047,2020.0,Q3TTM,2019-01-26,2020-01-24,,netchangeincash,netcashfromfinancingactivities,Net Cash From Financing Activities,+,debit,usd,-2034000000.0
NetApp Inc,NTAP,QTX3D84DZDD5JYOCYH15,0001002047,2020.0,Q3TTM,2019-01-26,2020-01-24,,netchangeincash,effectofexchangeratechanges,Effect of Exchange Rate Changes,+,debit,usd,-30000000.0
NetApp Inc,NTAP,QTX3D84DZDD5JYOCYH15,0001002047,2020.0,Q3TTM,2019-01-26,2020-01-24,,,netchangeincash,Net Change in Cash & Equivalents,=,debit,usd,422000000.0
NetApp Inc,NTAP,QTX3D84DZDD5JYOCYH15,0001002047,2020.0,Q3,2019-10-26,2020-01-24,,netincomecontinuing,netincome,Consolidated Net Income / (Loss),+,credit,usd,277000000.0
NetApp Inc,NTAP,QTX3D84DZDD5JYOCYH15,0001002047,2020.0,Q3,2019-10-26,2020-01-24,,netcashfromcontinuingoperatingactivities,netincomecontinuing,Net Income / (Loss) Continuing Operations,+,credit,usd,277000000.0
NetApp Inc,NTAP,QTX3D84DZDD5JYOCYH15,0001002047,2020.0,Q3,2019-10-26,2020-01-24,,netcashfromcontinuingoperatingactivities,depreciationexpense,Depreciation Expense,+,debit,usd,47000000.0
NetApp Inc,NTAP,QTX3D84DZDD5JYOCYH15,0001002047,2020.0,Q3,2019-10-26,2020-01-24,,netcashfromcontinuingoperatingactivities,noncashadjustmentstonetincome,Non-Cash Adjustments To Reconcile Net Income,+,debit,usd,75000000.0
NetApp Inc,NTAP,QTX3D84DZDD5JYOCYH15,0001002047,2020.0,Q3,2019-10-26,2020-01-24,,netcashfromcontinuingoperatingactivities,increasedecreaseinoperatingcapital,"Changes in Operating Assets and Liabilities, net",+,debit,usd,21000000.0
NetApp Inc,NTAP,QTX3D84DZDD5JYOCYH15,0001002047,2020.0,Q3,2019-10-26,2020-01-24,,netcashfromoperatingactivities,netcashfromcontinuingoperatingactivities,Net Cash From Continuing Operating Activities,+,debit,usd,420000000.0
NetApp Inc,NTAP,QTX3D84DZDD5JYOCYH15,0001002047,2020.0,Q3,2019-10-26,2020-01-24,,netchangeincash,netcashfromoperatingactivities,Net Cash From Operating Activities,+,debit,usd,420000000.0
NetApp Inc,NTAP,QTX3D84DZDD5JYOCYH15,0001002047,2020.0,Q3,2019-10-26,2020-01-24,,netcashfromcontinuinginvestingactivities,purchaseofplantpropertyandequipment,"Purchase of Property, Plant & Equipment",+,debit,usd,-32000000.0
NetApp Inc,NTAP,QTX3D84DZDD5JYOCYH15,0001002047,2020.0,Q3,2019-10-26,2020-01-24,,netcashfromcontinuinginvestingactivities,purchaseofinvestments,Purchase of Investments,+,debit,usd,-3000000.0
NetApp Inc,NTAP,QTX3D84DZDD5JYOCYH15,0001002047,2020.0,Q3,2019-10-26,2020-01-24,,netcashfromcontinuinginvestingactivities,saleofinvestments,Sale and/or Maturity of Investments,+,debit,usd,145000000.0
NetApp Inc,NTAP,QTX3D84DZDD5JYOCYH15,0001002047,2020.0,Q3,2019-10-26,2020-01-24,,netcashfromcontinuinginvestingactivities,otherinvestingactivitiesnet,"Other Investing Activities, net",+,debit,usd,1000000.0
NetApp Inc,NTAP,QTX3D84DZDD5JYOCYH15,0001002047,2020.0,Q3,2019-10-26,2020-01-24,,netcashfrominvestingactivities,netcashfromcontinuinginvestingactivities,Net Cash From Continuing Investing Activities,+,debit,usd,111000000.0
NetApp Inc,NTAP,QTX3D84DZDD5JYOCYH15,0001002047,2020.0,Q3,2019-10-26,2020-01-24,,netchangeincash,netcashfrominvestingactivities,Net Cash From Investing Activities,+,debit,usd,111000000.0
NetApp Inc,NTAP,QTX3D84DZDD5JYOCYH15,0001002047,2020.0,Q3,2019-10-26,2020-01-24,,netcashfromcontinuingfinancingactivities,repaymentofdebt,Repayment of Debt,+,debit,usd,-2000000.0
NetApp Inc,NTAP,QTX3D84DZDD5JYOCYH15,0001002047,2020.0,Q3,2019-10-26,2020-01-24,,netcashfromcontinuingfinancingactivities,repurchaseofcommonequity,Repurchase of Common Equity,+,debit,usd,-500000000.0
NetApp Inc,NTAP,QTX3D84DZDD5JYOCYH15,0001002047,2020.0,Q3,2019-10-26,2020-01-24,,netcashfromcontinuingfinancingactivities,paymentofdividends,Payment of Dividends,+,debit,usd,-108000000.0
NetApp Inc,NTAP,QTX3D84DZDD5JYOCYH15,0001002047,2020.0,Q3,2019-10-26,2020-01-24,,netcashfromcontinuingfinancingactivities,issuanceofdebt,Issuance of Debt,+,debit,usd,194000000.0
NetApp Inc,NTAP,QTX3D84DZDD5JYOCYH15,0001002047,2020.0,Q3,2019-10-26,2020-01-24,,netcashfromcontinuingfinancingactivities,issuanceofcommonequity,Issuance of Common Equity,+,debit,usd,47000000.0
NetApp Inc,NTAP,QTX3D84DZDD5JYOCYH15,0001002047,2020.0,Q3,2019-10-26,2020-01-24,,netcashfromcontinuingfinancingactivities,otherfinancingactivitiesnet,"Other Financing Activities, net",+,debit,usd,-3000000.0
NetApp Inc,NTAP,QTX3D84DZDD5JYOCYH15,0001002047,2020.0,Q3,2019-10-26,2020-01-24,,netcashfromfinancingactivities,netcashfromcontinuingfinancingactivities,Net Cash From Continuing Financing Activities,+,debit,usd,-372000000.0
NetApp Inc,NTAP,QTX3D84DZDD5JYOCYH15,0001002047,2020.0,Q3,2019-10-26,2020-01-24,,netchangeincash,netcashfromfinancingactivities,Net Cash From Financing Activities,+,debit,usd,-372000000.0
NetApp Inc,NTAP,QTX3D84DZDD5JYOCYH15,0001002047,2020.0,Q3,2019-10-26,2020-01-24,,,netchangeincash,Net Change in Cash & Equivalents,=,debit,usd,159000000.0
NetApp Inc,NTAP,QTX3D84DZDD5JYOCYH15,0001002047,2020.0,Q3YTD,2019-04-27,2020-01-24,2020-02-18 16:07:15+00:00,netincomecontinuing,netincome,Consolidated Net Income / (Loss),+,credit,usd,623000000.0
NetApp Inc,NTAP,QTX3D84DZDD5JYOCYH15,0001002047,2020.0,Q3YTD,2019-04-27,2020-01-24,2020-02-18 16:07:15+00:00,netcashfromcontinuingoperatingactivities,netincomecontinuing,Net Income / (Loss) Continuing Operations,+,credit,usd,623000000.0
NetApp Inc,NTAP,QTX3D84DZDD5JYOCYH15,0001002047,2020.0,Q3YTD,2019-04-27,2020-01-24,2020-02-18 16:07:15+00:00,netcashfromcontinuingoperatingactivities,depreciationexpense,Depreciation Expense,+,debit,usd,146000000.0
NetApp Inc,NTAP,QTX3D84DZDD5JYOCYH15,0001002047,2020.0,Q3YTD,2019-04-27,2020-01-24,2020-02-18 16:07:15+00:00,netcashfromcontinuingoperatingactivities,noncashadjustmentstonetincome,Non-Cash Adjustments To Reconcile Net Income,+,debit,usd,119000000.0
NetApp Inc,NTAP,QTX3D84DZDD5JYOCYH15,0001002047,2020.0,Q3YTD,2019-04-27,2020-01-24,2020-02-18 16:07:15+00:00,netcashfromcontinuingoperatingactivities,increasedecreaseinoperatingcapital,"Changes in Operating Assets and Liabilities, net",+,debit,usd,-211000000.0
NetApp Inc,NTAP,QTX3D84DZDD5JYOCYH15,0001002047,2020.0,Q3YTD,2019-04-27,2020-01-24,2020-02-18 16:07:15+00:00,netcashfromoperatingactivities,netcashfromcontinuingoperatingactivities,Net Cash From Continuing Operating Activities,+,debit,usd,677000000.0
NetApp Inc,NTAP,QTX3D84DZDD5JYOCYH15,0001002047,2020.0,Q3YTD,2019-04-27,2020-01-24,2020-02-18 16:07:15+00:00,netchangeincash,netcashfromoperatingactivities,Net Cash From Operating Activities,+,debit,usd,677000000.0
NetApp Inc,NTAP,QTX3D84DZDD5JYOCYH15,0001002047,2020.0,Q3YTD,2019-04-27,2020-01-24,2020-02-18 16:07:15+00:00,netcashfromcontinuinginvestingactivities,purchaseofplantpropertyandequipment,"Purchase of Property, Plant & Equipment",+,debit,usd,-100000000.0
NetApp Inc,NTAP,QTX3D84DZDD5JYOCYH15,0001002047,2020.0,Q3YTD,2019-04-27,2020-01-24,2020-02-18 16:07:15+00:00,netcashfromcontinuinginvestingactivities,acquisitions,Acquisitions,+,debit,usd,-56000000.0
NetApp Inc,NTAP,QTX3D84DZDD5JYOCYH15,0001002047,2020.0,Q3YTD,2019-04-27,2020-01-24,2020-02-18 16:07:15+00:00,netcashfromcontinuinginvestingactivities,purchaseofinvestments,Purchase of Investments,+,debit,usd,-12000000.0
NetApp Inc,NTAP,QTX3D84DZDD5JYOCYH15,0001002047,2020.0,Q3YTD,2019-04-27,2020-01-24,2020-02-18 16:07:15+00:00,netcashfromcontinuinginvestingactivities,saleofplantpropertyandequipment,"Sale of Property, Plant & Equipment",+,debit,usd,96000000.0
NetApp Inc,NTAP,QTX3D84DZDD5JYOCYH15,0001002047,2020.0,Q3YTD,2019-04-27,2020-01-24,2020-02-18 16:07:15+00:00,netcashfromcontinuinginvestingactivities,saleofinvestments,Sale and/or Maturity of Investments,+,debit,usd,1300000000.0
NetApp Inc,NTAP,QTX3D84DZDD5JYOCYH15,0001002047,2020.0,Q3YTD,2019-04-27,2020-01-24,2020-02-18 16:07:15+00:00,netcashfromcontinuinginvestingactivities,otherinvestingactivitiesnet,"Other Investing Activities, net",+,debit,usd,-1000000.0
NetApp Inc,NTAP,QTX3D84DZDD5JYOCYH15,0001002047,2020.0,Q3YTD,2019-04-27,2020-01-24,2020-02-18 16:07:15+00:00,netcashfrominvestingactivities,netcashfromcontinuinginvestingactivities,Net Cash From Continuing Investing Activities,+,debit,usd,1227000000.0
NetApp Inc,NTAP,QTX3D84DZDD5JYOCYH15,0001002047,2020.0,Q3YTD,2019-04-27,2020-01-24,2020-02-18 16:07:15+00:00,netchangeincash,netcashfrominvestingactivities,Net Cash From Investing Activities,+,debit,usd,1227000000.0
NetApp Inc,NTAP,QTX3D84DZDD5JYOCYH15,0001002047,2020.0,Q3YTD,2019-04-27,2020-01-24,2020-02-18 16:07:15+00:00,netcashfromcontinuingfinancingactivities,repaymentofdebt,Repayment of Debt,+,debit,usd,-404000000.0
NetApp Inc,NTAP,QTX3D84DZDD5JYOCYH15,0001002047,2020.0,Q3YTD,2019-04-27,2020-01-24,2020-02-18 16:07:15+00:00,netcashfromcontinuingfinancingactivities,repurchaseofcommonequity,Repurchase of Common Equity,+,debit,usd,-1250000000.0
NetApp Inc,NTAP,QTX3D84DZDD5JYOCYH15,0001002047,2020.0,Q3YTD,2019-04-27,2020-01-24,2020-02-18 16:07:15+00:00,netcashfromcontinuingfinancingactivities,paymentofdividends,Payment of Dividends,+,debit,usd,-334000000.0
NetApp Inc,NTAP,QTX3D84DZDD5JYOCYH15,0001002047,2020.0,Q3YTD,2019-04-27,2020-01-24,2020-02-18 16:07:15+00:00,netcashfromcontinuingfinancingactivities,issuanceofdebt,Issuance of Debt,+,debit,usd,443000000.0
NetApp Inc,NTAP,QTX3D84DZDD5JYOCYH15,0001002047,2020.0,Q3YTD,2019-04-27,2020-01-24,2020-02-18 16:07:15+00:00,netcashfromcontinuingfinancingactivities,issuanceofcommonequity,Issuance of Common Equity,+,debit,usd,102000000.0
NetApp Inc,NTAP,QTX3D84DZDD5JYOCYH15,0001002047,2020.0,Q3YTD,2019-04-27,2020-01-24,2020-02-18 16:07:15+00:00,netcashfromcontinuingfinancingactivities,otherfinancingactivitiesnet,"Other Financing Activities, net",+,debit,usd,-77000000.0
NetApp Inc,NTAP,QTX3D84DZDD5JYOCYH15,0001002047,2020.0,Q3YTD,2019-04-27,2020-01-24,2020-02-18 16:07:15+00:00,netcashfromfinancingactivities,netcashfromcontinuingfinancingactivities,Net Cash From Continuing Financing Activities,+,debit,usd,-1520000000.0
NetApp Inc,NTAP,QTX3D84DZDD5JYOCYH15,0001002047,2020.0,Q3YTD,2019-04-27,2020-01-24,2020-02-18 16:07:15+00:00,netchangeincash,netcashfromfinancingactivities,Net Cash From Financing Activities,+,debit,usd,-1520000000.0
NetApp Inc,NTAP,QTX3D84DZDD5JYOCYH15,0001002047,2020.0,Q3YTD,2019-04-27,2020-01-24,2020-02-18 16:07:15+00:00,,netchangeincash,Net Change in Cash & Equivalents,=,debit,usd,384000000.0
NetApp Inc,NTAP,QTX3D84DZDD5JYOCYH15,0001002047,2020.0,Q2YTD,2019-04-27,2019-10-25,2019-11-18 16:07:06+00:00,netincomecontinuing,netincome,Consolidated Net Income / (Loss),+,credit,usd,346000000.0
NetApp Inc,NTAP,QTX3D84DZDD5JYOCYH15,0001002047,2020.0,Q2YTD,2019-04-27,2019-10-25,2019-11-18 16:07:06+00:00,netcashfromcontinuingoperatingactivities,netincomecontinuing,Net Income / (Loss) Continuing Operations,+,credit,usd,346000000.0
NetApp Inc,NTAP,QTX3D84DZDD5JYOCYH15,0001002047,2020.0,Q2YTD,2019-04-27,2019-10-25,2019-11-18 16:07:06+00:00,netcashfromcontinuingoperatingactivities,depreciationexpense,Depreciation Expense,+,debit,usd,99000000.0
NetApp Inc,NTAP,QTX3D84DZDD5JYOCYH15,0001002047,2020.0,Q2YTD,2019-04-27,2019-10-25,2019-11-18 16:07:06+00:00,netcashfromcontinuingoperatingactivities,noncashadjustmentstonetincome,Non-Cash Adjustments To Reconcile Net Income,+,debit,usd,44000000.0
NetApp Inc,NTAP,QTX3D84DZDD5JYOCYH15,0001002047,2020.0,Q2YTD,2019-04-27,2019-10-25,2019-11-18 16:07:06+00:00,netcashfromcontinuingoperatingactivities,increasedecreaseinoperatingcapital,"Changes in Operating Assets and Liabilities, net",+,debit,usd,-232000000.0
NetApp Inc,NTAP,QTX3D84DZDD5JYOCYH15,0001002047,2020.0,Q2YTD,2019-04-27,2019-10-25,2019-11-18 16:07:06+00:00,netcashfromoperatingactivities,netcashfromcontinuingoperatingactivities,Net Cash From Continuing Operating Activities,+,debit,usd,257000000.0
NetApp Inc,NTAP,QTX3D84DZDD5JYOCYH15,0001002047,2020.0,Q2YTD,2019-04-27,2019-10-25,2019-11-18 16:07:06+00:00,netchangeincash,netcashfromoperatingactivities,Net Cash From Operating Activities,+,debit,usd,257000000.0
NetApp Inc,NTAP,QTX3D84DZDD5JYOCYH15,0001002047,2020.0,Q2YTD,2019-04-27,2019-10-25,2019-11-18 16:07:06+00:00,netcashfromcontinuinginvestingactivities,purchaseofplantpropertyandequipment,"Purchase of Property, Plant & Equipment",+,debit,usd,-68000000.0
NetApp Inc,NTAP,QTX3D84DZDD5JYOCYH15,0001002047,2020.0,Q2YTD,2019-04-27,2019-10-25,2019-11-18 16:07:06+00:00,netcashfromcontinuinginvestingactivities,acquisitions,Acquisitions,+,debit,usd,-56000000.0
NetApp Inc,NTAP,QTX3D84DZDD5JYOCYH15,0001002047,2020.0,Q2YTD,2019-04-27,2019-10-25,2019-11-18 16:07:06+00:00,netcashfromcontinuinginvestingactivities,purchaseofinvestments,Purchase of Investments,+,debit,usd,-9000000.0
NetApp Inc,NTAP,QTX3D84DZDD5JYOCYH15,0001002047,2020.0,Q2YTD,2019-04-27,2019-10-25,2019-11-18 16:07:06+00:00,netcashfromcontinuinginvestingactivities,saleofplantpropertyandequipment,"Sale of Property, Plant & Equipment",+,debit,usd,96000000.0
NetApp Inc,NTAP,QTX3D84DZDD5JYOCYH15,0001002047,2020.0,Q2YTD,2019-04-27,2019-10-25,2019-11-18 16:07:06+00:00,netcashfromcontinuinginvestingactivities,saleofinvestments,Sale and/or Maturity of Investments,+,debit,usd,1155000000.0
NetApp Inc,NTAP,QTX3D84DZDD5JYOCYH15,0001002047,2020.0,Q2YTD,2019-04-27,2019-10-25,2019-11-18 16:07:06+00:00,netcashfromcontinuinginvestingactivities,otherinvestingactivitiesnet,"Other Investing Activities, net",+,debit,usd,-2000000.0
NetApp Inc,NTAP,QTX3D84DZDD5JYOCYH15,0001002047,2020.0,Q2YTD,2019-04-27,2019-10-25,2019-11-18 16:07:06+00:00,netcashfrominvestingactivities,netcashfromcontinuinginvestingactivities,Net Cash From Continuing Investing Activities,+,debit,usd,1116000000.0
NetApp Inc,NTAP,QTX3D84DZDD5JYOCYH15,0001002047,2020.0,Q2YTD,2019-04-27,2019-10-25,2019-11-18 16:07:06+00:00,netchangeincash,netcashfrominvestingactivities,Net Cash From Investing Activities,+,debit,usd,1116000000.0
NetApp Inc,NTAP,QTX3D84DZDD5JYOCYH15,0001002047,2020.0,Q2YTD,2019-04-27,2019-10-25,2019-11-18 16:07:06+00:00,netcashfromcontinuingfinancingactivities,repaymentofdebt,Repayment of Debt,+,debit,usd,-402000000.0
NetApp Inc,NTAP,QTX3D84DZDD5JYOCYH15,0001002047,2020.0,Q2YTD,2019-04-27,2019-10-25,2019-11-18 16:07:06+00:00,netcashfromcontinuingfinancingactivities,repurchaseofcommonequity,Repurchase of Common Equity,+,debit,usd,-750000000.0
NetApp Inc,NTAP,QTX3D84DZDD5JYOCYH15,0001002047,2020.0,Q2YTD,2019-04-27,2019-10-25,2019-11-18 16:07:06+00:00,netcashfromcontinuingfinancingactivities,paymentofdividends,Payment of Dividends,+,debit,usd,-226000000.0
NetApp Inc,NTAP,QTX3D84DZDD5JYOCYH15,0001002047,2020.0,Q2YTD,2019-04-27,2019-10-25,2019-11-18 16:07:06+00:00,netcashfromcontinuingfinancingactivities,issuanceofdebt,Issuance of Debt,+,debit,usd,249000000.0
NetApp Inc,NTAP,QTX3D84DZDD5JYOCYH15,0001002047,2020.0,Q2YTD,2019-04-27,2019-10-25,2019-11-18 16:07:06+00:00,netcashfromcontinuingfinancingactivities,issuanceofcommonequity,Issuance of Common Equity,+,debit,usd,55000000.0
NetApp Inc,NTAP,QTX3D84DZDD5JYOCYH15,0001002047,2020.0,Q2YTD,2019-04-27,2019-10-25,2019-11-18 16:07:06+00:00,netcashfromcontinuingfinancingactivities,otherfinancingactivitiesnet,"Other Financing Activities, net",+,debit,usd,-74000000.0
NetApp Inc,NTAP,QTX3D84DZDD5JYOCYH15,0001002047,2020.0,Q2YTD,2019-04-27,2019-10-25,2019-11-18 16:07:06+00:00,netcashfromfinancingactivities,netcashfromcontinuingfinancingactivities,Net Cash From Continuing Financing Activities,+,debit,usd,-1148000000.0
NetApp Inc,NTAP,QTX3D84DZDD5JYOCYH15,0001002047,2020.0,Q2YTD,2019-04-27,2019-10-25,2019-11-18 16:07:06+00:00,netchangeincash,netcashfromfinancingactivities,Net Cash From Financing Activities,+,debit,usd,-1148000000.0
NetApp Inc,NTAP,QTX3D84DZDD5JYOCYH15,0001002047,2020.0,Q2YTD,2019-04-27,2019-10-25,2019-11-18 16:07:06+00:00,,netchangeincash,Net Change in Cash & Equivalents,=,debit,usd,225000000.0
NetApp Inc,NTAP,QTX3D84DZDD5JYOCYH15,0001002047,2020.0,Q2TTM,2018-10-27,2019-10-25,,netincomecontinuing,netincome,Consolidated Net Income / (Loss),+,credit,usd,991000000.0
NetApp Inc,NTAP,QTX3D84DZDD5JYOCYH15,0001002047,2020.0,Q2TTM,2018-10-27,2019-10-25,,netcashfromcontinuingoperatingactivities,netincomecontinuing,Net Income / (Loss) Continuing Operations,+,credit,usd,991000000.0
NetApp Inc,NTAP,QTX3D84DZDD5JYOCYH15,0001002047,2020.0,Q2TTM,2018-10-27,2019-10-25,,netcashfromcontinuingoperatingactivities,depreciationexpense,Depreciation Expense,+,debit,usd,198000000.0
NetApp Inc,NTAP,QTX3D84DZDD5JYOCYH15,0001002047,2020.0,Q2TTM,2018-10-27,2019-10-25,,netcashfromcontinuingoperatingactivities,noncashadjustmentstonetincome,Non-Cash Adjustments To Reconcile Net Income,+,debit,usd,51000000.0
NetApp Inc,NTAP,QTX3D84DZDD5JYOCYH15,0001002047,2020.0,Q2TTM,2018-10-27,2019-10-25,,netcashfromcontinuingoperatingactivities,increasedecreaseinoperatingcapital,"Changes in Operating Assets and Liabilities, net",+,debit,usd,-133000000.0
NetApp Inc,NTAP,QTX3D84DZDD5JYOCYH15,0001002047,2020.0,Q2TTM,2018-10-27,2019-10-25,,netcashfromoperatingactivities,netcashfromcontinuingoperatingactivities,Net Cash From Continuing Operating Activities,+,debit,usd,1107000000.0
NetApp Inc,NTAP,QTX3D84DZDD5JYOCYH15,0001002047,2020.0,Q2TTM,2018-10-27,2019-10-25,,netchangeincash,netcashfromoperatingactivities,Net Cash From Operating Activities,+,debit,usd,1107000000.0
NetApp Inc,NTAP,QTX3D84DZDD5JYOCYH15,0001002047,2020.0,Q2TTM,2018-10-27,2019-10-25,,netcashfromcontinuinginvestingactivities,purchaseofplantpropertyandequipment,"Purchase of Property, Plant & Equipment",+,debit,usd,-134000000.0
NetApp Inc,NTAP,QTX3D84DZDD5JYOCYH15,0001002047,2020.0,Q2TTM,2018-10-27,2019-10-25,,netcashfromcontinuinginvestingactivities,acquisitions,Acquisitions,+,debit,usd,-56000000.0
NetApp Inc,NTAP,QTX3D84DZDD5JYOCYH15,0001002047,2020.0,Q2TTM,2018-10-27,2019-10-25,,netcashfromcontinuinginvestingactivities,purchaseofinvestments,Purchase of Investments,+,debit,usd,-30000000.0
NetApp Inc,NTAP,QTX3D84DZDD5JYOCYH15,0001002047,2020.0,Q2TTM,2018-10-27,2019-10-25,,netcashfromcontinuinginvestingactivities,saleofplantpropertyandequipment,"Sale of Property, Plant & Equipment",+,debit,usd,96000000.0
NetApp Inc,NTAP,QTX3D84DZDD5JYOCYH15,0001002047,2020.0,Q2TTM,2018-10-27,2019-10-25,,netcashfromcontinuinginvestingactivities,saleofinvestments,Sale and/or Maturity of Investments,+,debit,usd,1563000000.0
NetApp Inc,NTAP,QTX3D84DZDD5JYOCYH15,0001002047,2020.0,Q2TTM,2018-10-27,2019-10-25,,netcashfrominvestingactivities,netcashfromcontinuinginvestingactivities,Net Cash From Continuing Investing Activities,+,debit,usd,1439000000.0
NetApp Inc,NTAP,QTX3D84DZDD5JYOCYH15,0001002047,2020.0,Q2TTM,2018-10-27,2019-10-25,,netchangeincash,netcashfrominvestingactivities,Net Cash From Investing Activities,+,debit,usd,1439000000.0
NetApp Inc,NTAP,QTX3D84DZDD5JYOCYH15,0001002047,2020.0,Q2TTM,2018-10-27,2019-10-25,,netcashfromcontinuingfinancingactivities,repaymentofdebt,Repayment of Debt,+,debit,usd,-407000000.0
NetApp Inc,NTAP,QTX3D84DZDD5JYOCYH15,0001002047,2020.0,Q2TTM,2018-10-27,2019-10-25,,netcashfromcontinuingfinancingactivities,repurchaseofcommonequity,Repurchase of Common Equity,+,debit,usd,-1800000000.0
NetApp Inc,NTAP,QTX3D84DZDD5JYOCYH15,0001002047,2020.0,Q2TTM,2018-10-27,2019-10-25,,netcashfromcontinuingfinancingactivities,paymentofdividends,Payment of Dividends,+,debit,usd,-422000000.0
NetApp Inc,NTAP,QTX3D84DZDD5JYOCYH15,0001002047,2020.0,Q2TTM,2018-10-27,2019-10-25,,netcashfromcontinuingfinancingactivities,issuanceofdebt,Issuance of Debt,+,debit,usd,249000000.0
NetApp Inc,NTAP,QTX3D84DZDD5JYOCYH15,0001002047,2020.0,Q2TTM,2018-10-27,2019-10-25,,netcashfromcontinuingfinancingactivities,issuanceofcommonequity,Issuance of Common Equity,+,debit,usd,111000000.0
NetApp Inc,NTAP,QTX3D84DZDD5JYOCYH15,0001002047,2020.0,Q2TTM,2018-10-27,2019-10-25,,netcashfromcontinuingfinancingactivities,otherfinancingactivitiesnet,"Other Financing Activities, net",+,debit,usd,-81000000.0
NetApp Inc,NTAP,QTX3D84DZDD5JYOCYH15,0001002047,2020.0,Q2TTM,2018-10-27,2019-10-25,,netcashfromfinancingactivities,netcashfromcontinuingfinancingactivities,Net Cash From Continuing Financing Activities,+,debit,usd,-2350000000.0
NetApp Inc,NTAP,QTX3D84DZDD5JYOCYH15,0001002047,2020.0,Q2TTM,2018-10-27,2019-10-25,,netchangeincash,netcashfromfinancingactivities,Net Cash From Financing Activities,+,debit,usd,-2350000000.0
NetApp Inc,NTAP,QTX3D84DZDD5JYOCYH15,0001002047,2020.0,Q2TTM,2018-10-27,2019-10-25,,netchangeincash,effectofexchangeratechanges,Effect of Exchange Rate Changes,+,debit,usd,-30000000.0
NetApp Inc,NTAP,QTX3D84DZDD5JYOCYH15,0001002047,2020.0,Q2TTM,2018-10-27,2019-10-25,,,netchangeincash,Net Change in Cash & Equivalents,=,debit,usd,166000000.0
NetApp Inc,NTAP,QTX3D84DZDD5JYOCYH15,0001002047,2020.0,Q2,2019-07-27,2019-10-25,,netincomecontinuing,netincome,Consolidated Net Income / (Loss),+,credit,usd,243000000.0
NetApp Inc,NTAP,QTX3D84DZDD5JYOCYH15,0001002047,2020.0,Q2,2019-07-27,2019-10-25,,netcashfromcontinuingoperatingactivities,netincomecontinuing,Net Income / (Loss) Continuing Operations,+,credit,usd,243000000.0
NetApp Inc,NTAP,QTX3D84DZDD5JYOCYH15,0001002047,2020.0,Q2,2019-07-27,2019-10-25,,netcashfromcontinuingoperatingactivities,depreciationexpense,Depreciation Expense,+,debit,usd,50000000.0
NetApp Inc,NTAP,QTX3D84DZDD5JYOCYH15,0001002047,2020.0,Q2,2019-07-27,2019-10-25,,netcashfromcontinuingoperatingactivities,noncashadjustmentstonetincome,Non-Cash Adjustments To Reconcile Net Income,+,debit,usd,2000000.0
NetApp Inc,NTAP,QTX3D84DZDD5JYOCYH15,0001002047,2020.0,Q2,2019-07-27,2019-10-25,,netcashfromcontinuingoperatingactivities,increasedecreaseinoperatingcapital,"Changes in Operating Assets and Liabilities, net",+,debit,usd,-348000000.0
NetApp Inc,NTAP,QTX3D84DZDD5JYOCYH15,0001002047,2020.0,Q2,2019-07-27,2019-10-25,,netcashfromoperatingactivities,netcashfromcontinuingoperatingactivities,Net Cash From Continuing Operating Activities,+,debit,usd,-53000000.0
NetApp Inc,NTAP,QTX3D84DZDD5JYOCYH15,0001002047,2020.0,Q2,2019-07-27,2019-10-25,,netchangeincash,netcashfromoperatingactivities,Net Cash From Operating Activities,+,debit,usd,-53000000.0
NetApp Inc,NTAP,QTX3D84DZDD5JYOCYH15,0001002047,2020.0,Q2,2019-07-27,2019-10-25,,netcashfromcontinuinginvestingactivities,purchaseofplantpropertyandequipment,"Purchase of Property, Plant & Equipment",+,debit,usd,-36000000.0
NetApp Inc,NTAP,QTX3D84DZDD5JYOCYH15,0001002047,2020.0,Q2,2019-07-27,2019-10-25,,netcashfromcontinuinginvestingactivities,purchaseofinvestments,Purchase of Investments,+,debit,usd,-5000000.0
NetApp Inc,NTAP,QTX3D84DZDD5JYOCYH15,0001002047,2020.0,Q2,2019-07-27,2019-10-25,,netcashfromcontinuinginvestingactivities,saleofplantpropertyandequipment,"Sale of Property, Plant & Equipment",+,debit,usd,96000000.0
NetApp Inc,NTAP,QTX3D84DZDD5JYOCYH15,0001002047,2020.0,Q2,2019-07-27,2019-10-25,,netcashfromcontinuinginvestingactivities,saleofinvestments,Sale and/or Maturity of Investments,+,debit,usd,124000000.0
NetApp Inc,NTAP,QTX3D84DZDD5JYOCYH15,0001002047,2020.0,Q2,2019-07-27,2019-10-25,,netcashfromcontinuinginvestingactivities,otherinvestingactivitiesnet,"Other Investing Activities, net",+,debit,usd,-1000000.0
NetApp Inc,NTAP,QTX3D84DZDD5JYOCYH15,0001002047,2020.0,Q2,2019-07-27,2019-10-25,,netcashfrominvestingactivities,netcashfromcontinuinginvestingactivities,Net Cash From Continuing Investing Activities,+,debit,usd,178000000.0
NetApp Inc,NTAP,QTX3D84DZDD5JYOCYH15,0001002047,2020.0,Q2,2019-07-27,2019-10-25,,netchangeincash,netcashfrominvestingactivities,Net Cash From Investing Activities,+,debit,usd,178000000.0
NetApp Inc,NTAP,QTX3D84DZDD5JYOCYH15,0001002047,2020.0,Q2,2019-07-27,2019-10-25,,netcashfromcontinuingfinancingactivities,repaymentofdebt,Repayment of Debt,+,debit,usd,-181000000.0
NetApp Inc,NTAP,QTX3D84DZDD5JYOCYH15,0001002047,2020.0,Q2,2019-07-27,2019-10-25,,netcashfromcontinuingfinancingactivities,repurchaseofcommonequity,Repurchase of Common Equity,+,debit,usd,-500000000.0
NetApp Inc,NTAP,QTX3D84DZDD5JYOCYH15,0001002047,2020.0,Q2,2019-07-27,2019-10-25,,netcashfromcontinuingfinancingactivities,paymentofdividends,Payment of Dividends,+,debit,usd,-111000000.0
NetApp Inc,NTAP,QTX3D84DZDD5JYOCYH15,0001002047,2020.0,Q2,2019-07-27,2019-10-25,,netcashfromcontinuingfinancingactivities,issuanceofdebt,Issuance of Debt,+,debit,usd,249000000.0
NetApp Inc,NTAP,QTX3D84DZDD5JYOCYH15,0001002047,2020.0,Q2,2019-07-27,2019-10-25,,netcashfromcontinuingfinancingactivities,issuanceofcommonequity,Issuance of Common Equity,+,debit,usd,1000000.0
NetApp Inc,NTAP,QTX3D84DZDD5JYOCYH15,0001002047,2020.0,Q2,2019-07-27,2019-10-25,,netcashfromcontinuingfinancingactivities,otherfinancingactivitiesnet,"Other Financing Activities, net",+,debit,usd,-3000000.0
NetApp Inc,NTAP,QTX3D84DZDD5JYOCYH15,0001002047,2020.0,Q2,2019-07-27,2019-10-25,,netcashfromfinancingactivities,netcashfromcontinuingfinancingactivities,Net Cash From Continuing Financing Activities,+,debit,usd,-545000000.0
NetApp Inc,NTAP,QTX3D84DZDD5JYOCYH15,0001002047,2020.0,Q2,2019-07-27,2019-10-25,,netchangeincash,netcashfromfinancingactivities,Net Cash From Financing Activities,+,debit,usd,-545000000.0
NetApp Inc,NTAP,QTX3D84DZDD5JYOCYH15,0001002047,2020.0,Q2,2019-07-27,2019-10-25,,,netchangeincash,Net Change in Cash & Equivalents,=,debit,usd,-420000000.0
NetApp Inc,NTAP,QTX3D84DZDD5JYOCYH15,0001002047,2020.0,Q1,2019-04-27,2019-07-26,2019-08-19 16:31:53+00:00,netincomecontinuing,netincome,Consolidated Net Income / (Loss),+,credit,usd,103000000.0
NetApp Inc,NTAP,QTX3D84DZDD5JYOCYH15,0001002047,2020.0,Q1,2019-04-27,2019-07-26,2019-08-19 16:31:53+00:00,netcashfromcontinuingoperatingactivities,netincomecontinuing,Net Income / (Loss) Continuing Operations,+,credit,usd,103000000.0
NetApp Inc,NTAP,QTX3D84DZDD5JYOCYH15,0001002047,2020.0,Q1,2019-04-27,2019-07-26,2019-08-19 16:31:53+00:00,netcashfromcontinuingoperatingactivities,depreciationexpense,Depreciation Expense,+,debit,usd,49000000.0
NetApp Inc,NTAP,QTX3D84DZDD5JYOCYH15,0001002047,2020.0,Q1,2019-04-27,2019-07-26,2019-08-19 16:31:53+00:00,netcashfromcontinuingoperatingactivities,noncashadjustmentstonetincome,Non-Cash Adjustments To Reconcile Net Income,+,debit,usd,42000000.0
NetApp Inc,NTAP,QTX3D84DZDD5JYOCYH15,0001002047,2020.0,Q1,2019-04-27,2019-07-26,2019-08-19 16:31:53+00:00,netcashfromcontinuingoperatingactivities,increasedecreaseinoperatingcapital,"Changes in Operating Assets and Liabilities, net",+,debit,usd,116000000.0
NetApp Inc,NTAP,QTX3D84DZDD5JYOCYH15,0001002047,2020.0,Q1,2019-04-27,2019-07-26,2019-08-19 16:31:53+00:00,netcashfromoperatingactivities,netcashfromcontinuingoperatingactivities,Net Cash From Continuing Operating Activities,+,debit,usd,310000000.0
NetApp Inc,NTAP,QTX3D84DZDD5JYOCYH15,0001002047,2020.0,Q1,2019-04-27,2019-07-26,2019-08-19 16:31:53+00:00,netchangeincash,netcashfromoperatingactivities,Net Cash From Operating Activities,+,debit,usd,310000000.0
NetApp Inc,NTAP,QTX3D84DZDD5JYOCYH15,0001002047,2020.0,Q1,2019-04-27,2019-07-26,2019-08-19 16:31:53+00:00,netcashfromcontinuinginvestingactivities,purchaseofplantpropertyandequipment,"Purchase of Property, Plant & Equipment",+,debit,usd,-32000000.0
NetApp Inc,NTAP,QTX3D84DZDD5JYOCYH15,0001002047,2020.0,Q1,2019-04-27,2019-07-26,2019-08-19 16:31:53+00:00,netcashfromcontinuinginvestingactivities,acquisitions,Acquisitions,+,debit,usd,-56000000.0
NetApp Inc,NTAP,QTX3D84DZDD5JYOCYH15,0001002047,2020.0,Q1,2019-04-27,2019-07-26,2019-08-19 16:31:53+00:00,netcashfromcontinuinginvestingactivities,purchaseofinvestments,Purchase of Investments,+,debit,usd,-4000000.0
NetApp Inc,NTAP,QTX3D84DZDD5JYOCYH15,0001002047,2020.0,Q1,2019-04-27,2019-07-26,2019-08-19 16:31:53+00:00,netcashfromcontinuinginvestingactivities,saleofinvestments,Sale and/or Maturity of Investments,+,debit,usd,1031000000.0
NetApp Inc,NTAP,QTX3D84DZDD5JYOCYH15,0001002047,2020.0,Q1,2019-04-27,2019-07-26,2019-08-19 16:31:53+00:00,netcashfromcontinuinginvestingactivities,otherinvestingactivitiesnet,"Other Investing Activities, net",+,debit,usd,-1000000.0
NetApp Inc,NTAP,QTX3D84DZDD5JYOCYH15,0001002047,2020.0,Q1,2019-04-27,2019-07-26,2019-08-19 16:31:53+00:00,netcashfrominvestingactivities,netcashfromcontinuinginvestingactivities,Net Cash From Continuing Investing Activities,+,debit,usd,938000000.0
NetApp Inc,NTAP,QTX3D84DZDD5JYOCYH15,0001002047,2020.0,Q1,2019-04-27,2019-07-26,2019-08-19 16:31:53+00:00,netchangeincash,netcashfrominvestingactivities,Net Cash From Investing Activities,+,debit,usd,938000000.0
NetApp Inc,NTAP,QTX3D84DZDD5JYOCYH15,0001002047,2020.0,Q1,2019-04-27,2019-07-26,2019-08-19 16:31:53+00:00,netcashfromcontinuingfinancingactivities,repaymentofdebt,Repayment of Debt,+,debit,usd,-221000000.0
NetApp Inc,NTAP,QTX3D84DZDD5JYOCYH15,0001002047,2020.0,Q1,2019-04-27,2019-07-26,2019-08-19 16:31:53+00:00,netcashfromcontinuingfinancingactivities,repurchaseofcommonequity,Repurchase of Common Equity,+,debit,usd,-250000000.0
NetApp Inc,NTAP,QTX3D84DZDD5JYOCYH15,0001002047,2020.0,Q1,2019-04-27,2019-07-26,2019-08-19 16:31:53+00:00,netcashfromcontinuingfinancingactivities,paymentofdividends,Payment of Dividends,+,debit,usd,-115000000.0
NetApp Inc,NTAP,QTX3D84DZDD5JYOCYH15,0001002047,2020.0,Q1,2019-04-27,2019-07-26,2019-08-19 16:31:53+00:00,netcashfromcontinuingfinancingactivities,issuanceofcommonequity,Issuance of Common Equity,+,debit,usd,54000000.0
NetApp Inc,NTAP,QTX3D84DZDD5JYOCYH15,0001002047,2020.0,Q1,2019-04-27,2019-07-26,2019-08-19 16:31:53+00:00,netcashfromcontinuingfinancingactivities,otherfinancingactivitiesnet,"Other Financing Activities, net",+,debit,usd,-71000000.0
NetApp Inc,NTAP,QTX3D84DZDD5JYOCYH15,0001002047,2020.0,Q1,2019-04-27,2019-07-26,2019-08-19 16:31:53+00:00,netcashfromfinancingactivities,netcashfromcontinuingfinancingactivities,Net Cash From Continuing Financing Activities,+,debit,usd,-603000000.0
NetApp Inc,NTAP,QTX3D84DZDD5JYOCYH15,0001002047,2020.0,Q1,2019-04-27,2019-07-26,2019-08-19 16:31:53+00:00,netchangeincash,netcashfromfinancingactivities,Net Cash From Financing Activities,+,debit,usd,-603000000.0
NetApp Inc,NTAP,QTX3D84DZDD5JYOCYH15,0001002047,2020.0,Q1,2019-04-27,2019-07-26,2019-08-19 16:31:53+00:00,,netchangeincash,Net Change in Cash & Equivalents,=,debit,usd,645000000.0
NetApp Inc,NTAP,QTX3D84DZDD5JYOCYH15,0001002047,2020.0,Q1TTM,2018-07-28,2019-07-26,,netincomecontinuing,netincome,Consolidated Net Income / (Loss),+,credit,usd,989000000.0
NetApp Inc,NTAP,QTX3D84DZDD5JYOCYH15,0001002047,2020.0,Q1TTM,2018-07-28,2019-07-26,,netcashfromcontinuingoperatingactivities,netincomecontinuing,Net Income / (Loss) Continuing Operations,+,credit,usd,989000000.0
NetApp Inc,NTAP,QTX3D84DZDD5JYOCYH15,0001002047,2020.0,Q1TTM,2018-07-28,2019-07-26,,netcashfromcontinuingoperatingactivities,depreciationexpense,Depreciation Expense,+,debit,usd,197000000.0
NetApp Inc,NTAP,QTX3D84DZDD5JYOCYH15,0001002047,2020.0,Q1TTM,2018-07-28,2019-07-26,,netcashfromcontinuingoperatingactivities,noncashadjustmentstonetincome,Non-Cash Adjustments To Reconcile Net Income,+,debit,usd,87000000.0
NetApp Inc,NTAP,QTX3D84DZDD5JYOCYH15,0001002047,2020.0,Q1TTM,2018-07-28,2019-07-26,,netcashfromcontinuingoperatingactivities,increasedecreaseinoperatingcapital,"Changes in Operating Assets and Liabilities, net",+,debit,usd,52000000.0
NetApp Inc,NTAP,QTX3D84DZDD5JYOCYH15,0001002047,2020.0,Q1TTM,2018-07-28,2019-07-26,,netcashfromoperatingactivities,netcashfromcontinuingoperatingactivities,Net Cash From Continuing Operating Activities,+,debit,usd,1325000000.0
NetApp Inc,NTAP,QTX3D84DZDD5JYOCYH15,0001002047,2020.0,Q1TTM,2018-07-28,2019-07-26,,netchangeincash,netcashfromoperatingactivities,Net Cash From Operating Activities,+,debit,usd,1325000000.0
NetApp Inc,NTAP,QTX3D84DZDD5JYOCYH15,0001002047,2020.0,Q1TTM,2018-07-28,2019-07-26,,netcashfromcontinuinginvestingactivities,purchaseofplantpropertyandequipment,"Purchase of Property, Plant & Equipment",+,debit,usd,-141000000.0
NetApp Inc,NTAP,QTX3D84DZDD5JYOCYH15,0001002047,2020.0,Q1TTM,2018-07-28,2019-07-26,,netcashfromcontinuinginvestingactivities,acquisitions,Acquisitions,+,debit,usd,-59000000.0
NetApp Inc,NTAP,QTX3D84DZDD5JYOCYH15,0001002047,2020.0,Q1TTM,2018-07-28,2019-07-26,,netcashfromcontinuinginvestingactivities,purchaseofinvestments,Purchase of Investments,+,debit,usd,-26000000.0
NetApp Inc,NTAP,QTX3D84DZDD5JYOCYH15,0001002047,2020.0,Q1TTM,2018-07-28,2019-07-26,,netcashfromcontinuinginvestingactivities,saleofinvestments,Sale and/or Maturity of Investments,+,debit,usd,1681000000.0
NetApp Inc,NTAP,QTX3D84DZDD5JYOCYH15,0001002047,2020.0,Q1TTM,2018-07-28,2019-07-26,,netcashfromcontinuinginvestingactivities,otherinvestingactivitiesnet,"Other Investing Activities, net",+,debit,usd,1000000.0
NetApp Inc,NTAP,QTX3D84DZDD5JYOCYH15,0001002047,2020.0,Q1TTM,2018-07-28,2019-07-26,,netcashfrominvestingactivities,netcashfromcontinuinginvestingactivities,Net Cash From Continuing Investing Activities,+,debit,usd,1456000000.0
NetApp Inc,NTAP,QTX3D84DZDD5JYOCYH15,0001002047,2020.0,Q1TTM,2018-07-28,2019-07-26,,netchangeincash,netcashfrominvestingactivities,Net Cash From Investing Activities,+,debit,usd,1456000000.0
NetApp Inc,NTAP,QTX3D84DZDD5JYOCYH15,0001002047,2020.0,Q1TTM,2018-07-28,2019-07-26,,netcashfromcontinuingfinancingactivities,repaymentofdebt,Repayment of Debt,+,debit,usd,-177000000.0
NetApp Inc,NTAP,QTX3D84DZDD5JYOCYH15,0001002047,2020.0,Q1TTM,2018-07-28,2019-07-26,,netcashfromcontinuingfinancingactivities,repurchaseofcommonequity,Repurchase of Common Equity,+,debit,usd,-1861000000.0
NetApp Inc,NTAP,QTX3D84DZDD5JYOCYH15,0001002047,2020.0,Q1TTM,2018-07-28,2019-07-26,,netcashfromcontinuingfinancingactivities,paymentofdividends,Payment of Dividends,+,debit,usd,-413000000.0
NetApp Inc,NTAP,QTX3D84DZDD5JYOCYH15,0001002047,2020.0,Q1TTM,2018-07-28,2019-07-26,,netcashfromcontinuingfinancingactivities,issuanceofcommonequity,Issuance of Common Equity,+,debit,usd,112000000.0
NetApp Inc,NTAP,QTX3D84DZDD5JYOCYH15,0001002047,2020.0,Q1TTM,2018-07-28,2019-07-26,,netcashfromcontinuingfinancingactivities,otherfinancingactivitiesnet,"Other Financing Activities, net",+,debit,usd,-83000000.0
NetApp Inc,NTAP,QTX3D84DZDD5JYOCYH15,0001002047,2020.0,Q1TTM,2018-07-28,2019-07-26,,netcashfromfinancingactivities,netcashfromcontinuingfinancingactivities,Net Cash From Continuing Financing Activities,+,debit,usd,-2422000000.0
NetApp Inc,NTAP,QTX3D84DZDD5JYOCYH15,0001002047,2020.0,Q1TTM,2018-07-28,2019-07-26,,netchangeincash,netcashfromfinancingactivities,Net Cash From Financing Activities,+,debit,usd,-2422000000.0
NetApp Inc,NTAP,QTX3D84DZDD5JYOCYH15,0001002047,2020.0,Q1TTM,2018-07-28,2019-07-26,,netchangeincash,effectofexchangeratechanges,Effect of Exchange Rate Changes,+,debit,usd,-30000000.0
NetApp Inc,NTAP,QTX3D84DZDD5JYOCYH15,0001002047,2020.0,Q1TTM,2018-07-28,2019-07-26,,,netchangeincash,Net Change in Cash & Equivalents,=,debit,usd,329000000.0
