company_name,company_ticker,company_lei,company_cik,year,quarter,start_date,end_date,filing_date,parent,tag,financial_name,factor,balance,unit,value
Atrion Corp,ATRI,,0000701288,2010.0,Q3,2010-07-01,2010-09-30,,netincomecontinuing,netincome,Consolidated Net Income / (Loss),+,credit,usd,5399000.0
Atrion Corp,ATRI,,0000701288,2010.0,Q3,2010-07-01,2010-09-30,,netcashfromcontinuingoperatingactivities,netincomecontinuing,Net Income / (Loss) Continuing Operations,+,credit,usd,5399000.0
Atrion Corp,ATRI,,0000701288,2010.0,Q3,2010-07-01,2010-09-30,,netcashfromcontinuingoperatingactivities,depreciationexpense,Depreciation Expense,+,debit,usd,1573000.0
Atrion Corp,ATRI,,0000701288,2010.0,Q3,2010-07-01,2010-09-30,,netcashfromcontinuingoperatingactivities,noncashadjustmentstonetincome,Non-Cash Adjustments To Reconcile Net Income,+,debit,usd,141000.0
Atrion Corp,ATRI,,0000701288,2010.0,Q3,2010-07-01,2010-09-30,,netcashfromcontinuingoperatingactivities,increasedecreaseinoperatingcapital,"Changes in Operating Assets and Liabilities, net",+,debit,usd,-236000.0
Atrion Corp,ATRI,,0000701288,2010.0,Q3,2010-07-01,2010-09-30,,netcashfromoperatingactivities,netcashfromcontinuingoperatingactivities,Net Cash From Continuing Operating Activities,+,debit,usd,6877000.0
Atrion Corp,ATRI,,0000701288,2010.0,Q3,2010-07-01,2010-09-30,,netchangeincash,netcashfromoperatingactivities,Net Cash From Operating Activities,+,debit,usd,6877000.0
Atrion Corp,ATRI,,0000701288,2010.0,Q3,2010-07-01,2010-09-30,,netcashfromcontinuinginvestingactivities,purchaseofplantpropertyandequipment,"Purchase of Property, Plant & Equipment",+,debit,usd,-686000.0
Atrion Corp,ATRI,,0000701288,2010.0,Q3,2010-07-01,2010-09-30,,netcashfromcontinuinginvestingactivities,purchaseofinvestments,Purchase of Investments,+,debit,usd,161000.0
Atrion Corp,ATRI,,0000701288,2010.0,Q3,2010-07-01,2010-09-30,,netcashfromcontinuinginvestingactivities,saleofinvestments,Sale and/or Maturity of Investments,+,debit,usd,1000000.0
Atrion Corp,ATRI,,0000701288,2010.0,Q3,2010-07-01,2010-09-30,,netcashfromcontinuinginvestingactivities,otherinvestingactivitiesnet,"Other Investing Activities, net",+,debit,usd,-71000.0
Atrion Corp,ATRI,,0000701288,2010.0,Q3,2010-07-01,2010-09-30,,netcashfrominvestingactivities,netcashfromcontinuinginvestingactivities,Net Cash From Continuing Investing Activities,+,debit,usd,404000.0
Atrion Corp,ATRI,,0000701288,2010.0,Q3,2010-07-01,2010-09-30,,netchangeincash,netcashfrominvestingactivities,Net Cash From Investing Activities,+,debit,usd,404000.0
Atrion Corp,ATRI,,0000701288,2010.0,Q3,2010-07-01,2010-09-30,,netcashfromcontinuingfinancingactivities,repurchaseofcommonequity,Repurchase of Common Equity,+,debit,usd,-1407000.0
Atrion Corp,ATRI,,0000701288,2010.0,Q3,2010-07-01,2010-09-30,,netcashfromcontinuingfinancingactivities,paymentofdividends,Payment of Dividends,+,debit,usd,-845000.0
Atrion Corp,ATRI,,0000701288,2010.0,Q3,2010-07-01,2010-09-30,,netcashfromcontinuingfinancingactivities,otherfinancingactivitiesnet,"Other Financing Activities, net",+,debit,usd,36000.0
Atrion Corp,ATRI,,0000701288,2010.0,Q3,2010-07-01,2010-09-30,,netcashfromfinancingactivities,netcashfromcontinuingfinancingactivities,Net Cash From Continuing Financing Activities,+,debit,usd,-2216000.0
Atrion Corp,ATRI,,0000701288,2010.0,Q3,2010-07-01,2010-09-30,,netchangeincash,netcashfromfinancingactivities,Net Cash From Financing Activities,+,debit,usd,-2216000.0
Atrion Corp,ATRI,,0000701288,2010.0,Q3,2010-07-01,2010-09-30,,,netchangeincash,Net Change in Cash & Equivalents,=,debit,usd,5065000.0
Atrion Corp,ATRI,,0000701288,2010.0,Q3,2010-07-01,2010-09-30,,,cashincometaxespaid,Cash Income Taxes Paid,=,,usd,3708000.0
Atrion Corp,ATRI,,0000701288,2010.0,Q4,2010-10-01,2010-12-31,,netincomecontinuing,netincome,Consolidated Net Income / (Loss),+,credit,usd,5424000.0
Atrion Corp,ATRI,,0000701288,2010.0,Q4,2010-10-01,2010-12-31,,netcashfromcontinuingoperatingactivities,netincomecontinuing,Net Income / (Loss) Continuing Operations,+,credit,usd,5424000.0
Atrion Corp,ATRI,,0000701288,2010.0,Q4,2010-10-01,2010-12-31,,netcashfromcontinuingoperatingactivities,depreciationexpense,Depreciation Expense,+,debit,usd,1584000.0
Atrion Corp,ATRI,,0000701288,2010.0,Q4,2010-10-01,2010-12-31,,netcashfromcontinuingoperatingactivities,noncashadjustmentstonetincome,Non-Cash Adjustments To Reconcile Net Income,+,debit,usd,142000.0
Atrion Corp,ATRI,,0000701288,2010.0,Q4,2010-10-01,2010-12-31,,netcashfromcontinuingoperatingactivities,increasedecreaseinoperatingcapital,"Changes in Operating Assets and Liabilities, net",+,debit,usd,2131000.0
Atrion Corp,ATRI,,0000701288,2010.0,Q4,2010-10-01,2010-12-31,,netcashfromoperatingactivities,netcashfromcontinuingoperatingactivities,Net Cash From Continuing Operating Activities,+,debit,usd,9281000.0
Atrion Corp,ATRI,,0000701288,2010.0,Q4,2010-10-01,2010-12-31,,netchangeincash,netcashfromoperatingactivities,Net Cash From Operating Activities,+,debit,usd,9281000.0
Atrion Corp,ATRI,,0000701288,2010.0,Q4,2010-10-01,2010-12-31,,netcashfromcontinuinginvestingactivities,purchaseofplantpropertyandequipment,"Purchase of Property, Plant & Equipment",+,debit,usd,-1801000.0
Atrion Corp,ATRI,,0000701288,2010.0,Q4,2010-10-01,2010-12-31,,netcashfromcontinuinginvestingactivities,purchaseofinvestments,Purchase of Investments,+,debit,usd,95000.0
Atrion Corp,ATRI,,0000701288,2010.0,Q4,2010-10-01,2010-12-31,,netcashfromcontinuinginvestingactivities,otherinvestingactivitiesnet,"Other Investing Activities, net",+,debit,usd,18000.0
Atrion Corp,ATRI,,0000701288,2010.0,Q4,2010-10-01,2010-12-31,,netcashfrominvestingactivities,netcashfromcontinuinginvestingactivities,Net Cash From Continuing Investing Activities,+,debit,usd,-1688000.0
Atrion Corp,ATRI,,0000701288,2010.0,Q4,2010-10-01,2010-12-31,,netchangeincash,netcashfrominvestingactivities,Net Cash From Investing Activities,+,debit,usd,-1688000.0
Atrion Corp,ATRI,,0000701288,2010.0,Q4,2010-10-01,2010-12-31,,netcashfromcontinuingfinancingactivities,repurchaseofcommonequity,Repurchase of Common Equity,+,debit,usd,1407000.0
Atrion Corp,ATRI,,0000701288,2010.0,Q4,2010-10-01,2010-12-31,,netcashfromcontinuingfinancingactivities,paymentofdividends,Payment of Dividends,+,debit,usd,-6892000.0
Atrion Corp,ATRI,,0000701288,2010.0,Q4,2010-10-01,2010-12-31,,netcashfromcontinuingfinancingactivities,otherfinancingactivitiesnet,"Other Financing Activities, net",+,debit,usd,-1289000.0
Atrion Corp,ATRI,,0000701288,2010.0,Q4,2010-10-01,2010-12-31,,netcashfromfinancingactivities,netcashfromcontinuingfinancingactivities,Net Cash From Continuing Financing Activities,+,debit,usd,-6774000.0
Atrion Corp,ATRI,,0000701288,2010.0,Q4,2010-10-01,2010-12-31,,netchangeincash,netcashfromfinancingactivities,Net Cash From Financing Activities,+,debit,usd,-6774000.0
Atrion Corp,ATRI,,0000701288,2010.0,Q4,2010-10-01,2010-12-31,,,netchangeincash,Net Change in Cash & Equivalents,=,debit,usd,819000.0
Atrion Corp,ATRI,,0000701288,2010.0,Q4,2010-10-01,2010-12-31,,,cashincometaxespaid,Cash Income Taxes Paid,=,,usd,2345000.0
Atrion Corp,ATRI,,0000701288,2011.0,Q1,2011-01-01,2011-03-31,2012-05-08 16:55:01+00:00,netincomecontinuing,netincome,Consolidated Net Income / (Loss),+,credit,usd,6858000.0
Atrion Corp,ATRI,,0000701288,2011.0,Q1,2011-01-01,2011-03-31,2012-05-08 16:55:01+00:00,netcashfromcontinuingoperatingactivities,netincomecontinuing,Net Income / (Loss) Continuing Operations,+,credit,usd,6858000.0
Atrion Corp,ATRI,,0000701288,2011.0,Q1,2011-01-01,2011-03-31,2012-05-08 16:55:01+00:00,netcashfromcontinuingoperatingactivities,depreciationexpense,Depreciation Expense,+,debit,usd,1572000.0
Atrion Corp,ATRI,,0000701288,2011.0,Q1,2011-01-01,2011-03-31,2012-05-08 16:55:01+00:00,netcashfromcontinuingoperatingactivities,noncashadjustmentstonetincome,Non-Cash Adjustments To Reconcile Net Income,+,debit,usd,142000.0
Atrion Corp,ATRI,,0000701288,2011.0,Q1,2011-01-01,2011-03-31,2012-05-08 16:55:01+00:00,netcashfromcontinuingoperatingactivities,increasedecreaseinoperatingcapital,"Changes in Operating Assets and Liabilities, net",+,debit,usd,-1200000.0
Atrion Corp,ATRI,,0000701288,2011.0,Q1,2011-01-01,2011-03-31,2012-05-08 16:55:01+00:00,netcashfromoperatingactivities,netcashfromcontinuingoperatingactivities,Net Cash From Continuing Operating Activities,+,debit,usd,7372000.0
Atrion Corp,ATRI,,0000701288,2011.0,Q1,2011-01-01,2011-03-31,2012-05-08 16:55:01+00:00,netchangeincash,netcashfromoperatingactivities,Net Cash From Operating Activities,+,debit,usd,7372000.0
Atrion Corp,ATRI,,0000701288,2011.0,Q1,2011-01-01,2011-03-31,2012-05-08 16:55:01+00:00,netcashfromcontinuinginvestingactivities,purchaseofplantpropertyandequipment,"Purchase of Property, Plant & Equipment",+,debit,usd,-1906000.0
Atrion Corp,ATRI,,0000701288,2011.0,Q1,2011-01-01,2011-03-31,2012-05-08 16:55:01+00:00,netcashfromcontinuinginvestingactivities,purchaseofinvestments,Purchase of Investments,+,debit,usd,-9527000.0
Atrion Corp,ATRI,,0000701288,2011.0,Q1,2011-01-01,2011-03-31,2012-05-08 16:55:01+00:00,netcashfromcontinuinginvestingactivities,saleofinvestments,Sale and/or Maturity of Investments,+,debit,usd,2400000.0
Atrion Corp,ATRI,,0000701288,2011.0,Q1,2011-01-01,2011-03-31,2012-05-08 16:55:01+00:00,netcashfromcontinuinginvestingactivities,otherinvestingactivitiesnet,"Other Investing Activities, net",+,debit,usd,-202000.0
Atrion Corp,ATRI,,0000701288,2011.0,Q1,2011-01-01,2011-03-31,2012-05-08 16:55:01+00:00,netcashfrominvestingactivities,netcashfromcontinuinginvestingactivities,Net Cash From Continuing Investing Activities,+,debit,usd,-9235000.0
Atrion Corp,ATRI,,0000701288,2011.0,Q1,2011-01-01,2011-03-31,2012-05-08 16:55:01+00:00,netchangeincash,netcashfrominvestingactivities,Net Cash From Investing Activities,+,debit,usd,-9235000.0
Atrion Corp,ATRI,,0000701288,2011.0,Q1,2011-01-01,2011-03-31,2012-05-08 16:55:01+00:00,netcashfromcontinuingfinancingactivities,paymentofdividends,Payment of Dividends,+,debit,usd,-847000.0
Atrion Corp,ATRI,,0000701288,2011.0,Q1,2011-01-01,2011-03-31,2012-05-08 16:55:01+00:00,netcashfromfinancingactivities,netcashfromcontinuingfinancingactivities,Net Cash From Continuing Financing Activities,+,debit,usd,-847000.0
Atrion Corp,ATRI,,0000701288,2011.0,Q1,2011-01-01,2011-03-31,2012-05-08 16:55:01+00:00,netchangeincash,netcashfromfinancingactivities,Net Cash From Financing Activities,+,debit,usd,-847000.0
Atrion Corp,ATRI,,0000701288,2011.0,Q1,2011-01-01,2011-03-31,2012-05-08 16:55:01+00:00,,netchangeincash,Net Change in Cash & Equivalents,=,debit,usd,-2710000.0
Atrion Corp,ATRI,,0000701288,2011.0,Q1,2011-01-01,2011-03-31,2012-05-08 16:55:01+00:00,,cashincometaxespaid,Cash Income Taxes Paid,=,,usd,270000.0
Atrion Corp,ATRI,,0000701288,2011.0,Q2,2011-04-01,2011-06-30,,netincomecontinuing,netincome,Consolidated Net Income / (Loss),+,credit,usd,7019000.0
Atrion Corp,ATRI,,0000701288,2011.0,Q2,2011-04-01,2011-06-30,,netcashfromcontinuingoperatingactivities,netincomecontinuing,Net Income / (Loss) Continuing Operations,+,credit,usd,7019000.0
Atrion Corp,ATRI,,0000701288,2011.0,Q2,2011-04-01,2011-06-30,,netcashfromcontinuingoperatingactivities,depreciationexpense,Depreciation Expense,+,debit,usd,1591000.0
Atrion Corp,ATRI,,0000701288,2011.0,Q2,2011-04-01,2011-06-30,,netcashfromcontinuingoperatingactivities,noncashadjustmentstonetincome,Non-Cash Adjustments To Reconcile Net Income,+,debit,usd,319000.0
Atrion Corp,ATRI,,0000701288,2011.0,Q2,2011-04-01,2011-06-30,,netcashfromcontinuingoperatingactivities,increasedecreaseinoperatingcapital,"Changes in Operating Assets and Liabilities, net",+,debit,usd,-3068000.0
Atrion Corp,ATRI,,0000701288,2011.0,Q2,2011-04-01,2011-06-30,,netcashfromoperatingactivities,netcashfromcontinuingoperatingactivities,Net Cash From Continuing Operating Activities,+,debit,usd,5861000.0
Atrion Corp,ATRI,,0000701288,2011.0,Q2,2011-04-01,2011-06-30,,netchangeincash,netcashfromoperatingactivities,Net Cash From Operating Activities,+,debit,usd,5861000.0
Atrion Corp,ATRI,,0000701288,2011.0,Q2,2011-04-01,2011-06-30,,netcashfromcontinuinginvestingactivities,purchaseofplantpropertyandequipment,"Purchase of Property, Plant & Equipment",+,debit,usd,-3613000.0
Atrion Corp,ATRI,,0000701288,2011.0,Q2,2011-04-01,2011-06-30,,netcashfromcontinuinginvestingactivities,purchaseofinvestments,Purchase of Investments,+,debit,usd,-196000.0
Atrion Corp,ATRI,,0000701288,2011.0,Q2,2011-04-01,2011-06-30,,netcashfromcontinuinginvestingactivities,otherinvestingactivitiesnet,"Other Investing Activities, net",+,debit,usd,563000.0
Atrion Corp,ATRI,,0000701288,2011.0,Q2,2011-04-01,2011-06-30,,netcashfrominvestingactivities,netcashfromcontinuinginvestingactivities,Net Cash From Continuing Investing Activities,+,debit,usd,-3246000.0
Atrion Corp,ATRI,,0000701288,2011.0,Q2,2011-04-01,2011-06-30,,netchangeincash,netcashfrominvestingactivities,Net Cash From Investing Activities,+,debit,usd,-3246000.0
Atrion Corp,ATRI,,0000701288,2011.0,Q2,2011-04-01,2011-06-30,,netcashfromcontinuingfinancingactivities,paymentofdividends,Payment of Dividends,+,debit,usd,-850000.0
Atrion Corp,ATRI,,0000701288,2011.0,Q2,2011-04-01,2011-06-30,,netcashfromcontinuingfinancingactivities,otherfinancingactivitiesnet,"Other Financing Activities, net",+,debit,usd,19000.0
Atrion Corp,ATRI,,0000701288,2011.0,Q2,2011-04-01,2011-06-30,,netcashfromfinancingactivities,netcashfromcontinuingfinancingactivities,Net Cash From Continuing Financing Activities,+,debit,usd,-831000.0
Atrion Corp,ATRI,,0000701288,2011.0,Q2,2011-04-01,2011-06-30,,netchangeincash,netcashfromfinancingactivities,Net Cash From Financing Activities,+,debit,usd,-831000.0
Atrion Corp,ATRI,,0000701288,2011.0,Q2,2011-04-01,2011-06-30,,,netchangeincash,Net Change in Cash & Equivalents,=,debit,usd,1784000.0
Atrion Corp,ATRI,,0000701288,2011.0,Q2,2011-04-01,2011-06-30,,,cashincometaxespaid,Cash Income Taxes Paid,=,,usd,6623000.0
Atrion Corp,ATRI,,0000701288,2011.0,Q3,2011-07-01,2011-09-30,,netincomecontinuing,netincome,Consolidated Net Income / (Loss),+,credit,usd,6773000.0
Atrion Corp,ATRI,,0000701288,2011.0,Q3,2011-07-01,2011-09-30,,netcashfromcontinuingoperatingactivities,netincomecontinuing,Net Income / (Loss) Continuing Operations,+,credit,usd,6773000.0
Atrion Corp,ATRI,,0000701288,2011.0,Q3,2011-07-01,2011-09-30,,netcashfromcontinuingoperatingactivities,depreciationexpense,Depreciation Expense,+,debit,usd,1698000.0
Atrion Corp,ATRI,,0000701288,2011.0,Q3,2011-07-01,2011-09-30,,netcashfromcontinuingoperatingactivities,noncashadjustmentstonetincome,Non-Cash Adjustments To Reconcile Net Income,+,debit,usd,297000.0
Atrion Corp,ATRI,,0000701288,2011.0,Q3,2011-07-01,2011-09-30,,netcashfromcontinuingoperatingactivities,increasedecreaseinoperatingcapital,"Changes in Operating Assets and Liabilities, net",+,debit,usd,1467000.0
Atrion Corp,ATRI,,0000701288,2011.0,Q3,2011-07-01,2011-09-30,,netcashfromoperatingactivities,netcashfromcontinuingoperatingactivities,Net Cash From Continuing Operating Activities,+,debit,usd,10235000.0
Atrion Corp,ATRI,,0000701288,2011.0,Q3,2011-07-01,2011-09-30,,netchangeincash,netcashfromoperatingactivities,Net Cash From Operating Activities,+,debit,usd,10235000.0
Atrion Corp,ATRI,,0000701288,2011.0,Q3,2011-07-01,2011-09-30,,netcashfromcontinuinginvestingactivities,purchaseofplantpropertyandequipment,"Purchase of Property, Plant & Equipment",+,debit,usd,-2619000.0
Atrion Corp,ATRI,,0000701288,2011.0,Q3,2011-07-01,2011-09-30,,netcashfromcontinuinginvestingactivities,saleofinvestments,Sale and/or Maturity of Investments,+,debit,usd,3890000.0
Atrion Corp,ATRI,,0000701288,2011.0,Q3,2011-07-01,2011-09-30,,netcashfromcontinuinginvestingactivities,otherinvestingactivitiesnet,"Other Investing Activities, net",+,debit,usd,-41000.0
Atrion Corp,ATRI,,0000701288,2011.0,Q3,2011-07-01,2011-09-30,,netcashfrominvestingactivities,netcashfromcontinuinginvestingactivities,Net Cash From Continuing Investing Activities,+,debit,usd,1230000.0
Atrion Corp,ATRI,,0000701288,2011.0,Q3,2011-07-01,2011-09-30,,netchangeincash,netcashfrominvestingactivities,Net Cash From Investing Activities,+,debit,usd,1230000.0
Atrion Corp,ATRI,,0000701288,2011.0,Q3,2011-07-01,2011-09-30,,netcashfromcontinuingfinancingactivities,repurchaseofcommonequity,Repurchase of Common Equity,+,debit,usd,-1513000.0
Atrion Corp,ATRI,,0000701288,2011.0,Q3,2011-07-01,2011-09-30,,netcashfromcontinuingfinancingactivities,paymentofdividends,Payment of Dividends,+,debit,usd,-991000.0
Atrion Corp,ATRI,,0000701288,2011.0,Q3,2011-07-01,2011-09-30,,netcashfromcontinuingfinancingactivities,otherfinancingactivitiesnet,"Other Financing Activities, net",+,debit,usd,-18000.0
Atrion Corp,ATRI,,0000701288,2011.0,Q3,2011-07-01,2011-09-30,,netcashfromfinancingactivities,netcashfromcontinuingfinancingactivities,Net Cash From Continuing Financing Activities,+,debit,usd,-2522000.0
Atrion Corp,ATRI,,0000701288,2011.0,Q3,2011-07-01,2011-09-30,,netchangeincash,netcashfromfinancingactivities,Net Cash From Financing Activities,+,debit,usd,-2522000.0
Atrion Corp,ATRI,,0000701288,2011.0,Q3,2011-07-01,2011-09-30,,,netchangeincash,Net Change in Cash & Equivalents,=,debit,usd,8943000.0
Atrion Corp,ATRI,,0000701288,2011.0,Q3,2011-07-01,2011-09-30,,,cashincometaxespaid,Cash Income Taxes Paid,=,,usd,2144000.0
Atrion Corp,ATRI,,0000701288,2011.0,Q4,2011-10-01,2011-12-31,,netincomecontinuing,netincome,Consolidated Net Income / (Loss),+,credit,usd,5388000.0
Atrion Corp,ATRI,,0000701288,2011.0,Q4,2011-10-01,2011-12-31,,netcashfromcontinuingoperatingactivities,netincomecontinuing,Net Income / (Loss) Continuing Operations,+,credit,usd,5388000.0
Atrion Corp,ATRI,,0000701288,2011.0,Q4,2011-10-01,2011-12-31,,netcashfromcontinuingoperatingactivities,depreciationexpense,Depreciation Expense,+,debit,usd,1683000.0
Atrion Corp,ATRI,,0000701288,2011.0,Q4,2011-10-01,2011-12-31,,netcashfromcontinuingoperatingactivities,noncashadjustmentstonetincome,Non-Cash Adjustments To Reconcile Net Income,+,debit,usd,1113000.0
Atrion Corp,ATRI,,0000701288,2011.0,Q4,2011-10-01,2011-12-31,,netcashfromcontinuingoperatingactivities,increasedecreaseinoperatingcapital,"Changes in Operating Assets and Liabilities, net",+,debit,usd,-112000.0
Atrion Corp,ATRI,,0000701288,2011.0,Q4,2011-10-01,2011-12-31,,netcashfromoperatingactivities,netcashfromcontinuingoperatingactivities,Net Cash From Continuing Operating Activities,+,debit,usd,8072000.0
Atrion Corp,ATRI,,0000701288,2011.0,Q4,2011-10-01,2011-12-31,,netchangeincash,netcashfromoperatingactivities,Net Cash From Operating Activities,+,debit,usd,8072000.0
Atrion Corp,ATRI,,0000701288,2011.0,Q4,2011-10-01,2011-12-31,,netcashfromcontinuinginvestingactivities,purchaseofplantpropertyandequipment,"Purchase of Property, Plant & Equipment",+,debit,usd,-3861000.0
Atrion Corp,ATRI,,0000701288,2011.0,Q4,2011-10-01,2011-12-31,,netcashfromcontinuinginvestingactivities,purchaseofinvestments,Purchase of Investments,+,debit,usd,-5000000.0
Atrion Corp,ATRI,,0000701288,2011.0,Q4,2011-10-01,2011-12-31,,netcashfromcontinuinginvestingactivities,saleofinvestments,Sale and/or Maturity of Investments,+,debit,usd,8000000.0
Atrion Corp,ATRI,,0000701288,2011.0,Q4,2011-10-01,2011-12-31,,netcashfromcontinuinginvestingactivities,otherinvestingactivitiesnet,"Other Investing Activities, net",+,debit,usd,-320000.0
Atrion Corp,ATRI,,0000701288,2011.0,Q4,2011-10-01,2011-12-31,,netcashfrominvestingactivities,netcashfromcontinuinginvestingactivities,Net Cash From Continuing Investing Activities,+,debit,usd,-1181000.0
Atrion Corp,ATRI,,0000701288,2011.0,Q4,2011-10-01,2011-12-31,,netchangeincash,netcashfrominvestingactivities,Net Cash From Investing Activities,+,debit,usd,-1181000.0
Atrion Corp,ATRI,,0000701288,2011.0,Q4,2011-10-01,2011-12-31,,netcashfromcontinuingfinancingactivities,paymentofdividends,Payment of Dividends,+,debit,usd,-988000.0
Atrion Corp,ATRI,,0000701288,2011.0,Q4,2011-10-01,2011-12-31,,netcashfromfinancingactivities,netcashfromcontinuingfinancingactivities,Net Cash From Continuing Financing Activities,+,debit,usd,-988000.0
Atrion Corp,ATRI,,0000701288,2011.0,Q4,2011-10-01,2011-12-31,,netchangeincash,netcashfromfinancingactivities,Net Cash From Financing Activities,+,debit,usd,-988000.0
Atrion Corp,ATRI,,0000701288,2011.0,Q4,2011-10-01,2011-12-31,,,netchangeincash,Net Change in Cash & Equivalents,=,debit,usd,5903000.0
Atrion Corp,ATRI,,0000701288,2011.0,Q4,2011-10-01,2011-12-31,,,cashincometaxespaid,Cash Income Taxes Paid,=,,usd,2884000.0
Atrion Corp,ATRI,,0000701288,2012.0,Q1,2012-01-01,2012-03-31,2012-05-08 16:55:01+00:00,netincomecontinuing,netincome,Consolidated Net Income / (Loss),+,credit,usd,5377000.0
Atrion Corp,ATRI,,0000701288,2012.0,Q1,2012-01-01,2012-03-31,2012-05-08 16:55:01+00:00,netcashfromcontinuingoperatingactivities,netincomecontinuing,Net Income / (Loss) Continuing Operations,+,credit,usd,5377000.0
Atrion Corp,ATRI,,0000701288,2012.0,Q1,2012-01-01,2012-03-31,2012-05-08 16:55:01+00:00,netcashfromcontinuingoperatingactivities,depreciationexpense,Depreciation Expense,+,debit,usd,1718000.0
Atrion Corp,ATRI,,0000701288,2012.0,Q1,2012-01-01,2012-03-31,2012-05-08 16:55:01+00:00,netcashfromcontinuingoperatingactivities,noncashadjustmentstonetincome,Non-Cash Adjustments To Reconcile Net Income,+,debit,usd,286000.0
Atrion Corp,ATRI,,0000701288,2012.0,Q1,2012-01-01,2012-03-31,2012-05-08 16:55:01+00:00,netcashfromcontinuingoperatingactivities,increasedecreaseinoperatingcapital,"Changes in Operating Assets and Liabilities, net",+,debit,usd,-2437000.0
Atrion Corp,ATRI,,0000701288,2012.0,Q1,2012-01-01,2012-03-31,2012-05-08 16:55:01+00:00,netcashfromoperatingactivities,netcashfromcontinuingoperatingactivities,Net Cash From Continuing Operating Activities,+,debit,usd,4944000.0
Atrion Corp,ATRI,,0000701288,2012.0,Q1,2012-01-01,2012-03-31,2012-05-08 16:55:01+00:00,netchangeincash,netcashfromoperatingactivities,Net Cash From Operating Activities,+,debit,usd,4944000.0
Atrion Corp,ATRI,,0000701288,2012.0,Q1,2012-01-01,2012-03-31,2012-05-08 16:55:01+00:00,netcashfromcontinuinginvestingactivities,purchaseofplantpropertyandequipment,"Purchase of Property, Plant & Equipment",+,debit,usd,-2722000.0
Atrion Corp,ATRI,,0000701288,2012.0,Q1,2012-01-01,2012-03-31,2012-05-08 16:55:01+00:00,netcashfromcontinuinginvestingactivities,purchaseofinvestments,Purchase of Investments,+,debit,usd,-9009000.0
Atrion Corp,ATRI,,0000701288,2012.0,Q1,2012-01-01,2012-03-31,2012-05-08 16:55:01+00:00,netcashfromcontinuinginvestingactivities,saleofinvestments,Sale and/or Maturity of Investments,+,debit,usd,4000000.0
Atrion Corp,ATRI,,0000701288,2012.0,Q1,2012-01-01,2012-03-31,2012-05-08 16:55:01+00:00,netcashfromcontinuinginvestingactivities,otherinvestingactivitiesnet,"Other Investing Activities, net",+,debit,usd,113000.0
Atrion Corp,ATRI,,0000701288,2012.0,Q1,2012-01-01,2012-03-31,2012-05-08 16:55:01+00:00,netcashfrominvestingactivities,netcashfromcontinuinginvestingactivities,Net Cash From Continuing Investing Activities,+,debit,usd,-7618000.0
Atrion Corp,ATRI,,0000701288,2012.0,Q1,2012-01-01,2012-03-31,2012-05-08 16:55:01+00:00,netchangeincash,netcashfrominvestingactivities,Net Cash From Investing Activities,+,debit,usd,-7618000.0
Atrion Corp,ATRI,,0000701288,2012.0,Q1,2012-01-01,2012-03-31,2012-05-08 16:55:01+00:00,netcashfromcontinuingfinancingactivities,paymentofdividends,Payment of Dividends,+,debit,usd,-985000.0
Atrion Corp,ATRI,,0000701288,2012.0,Q1,2012-01-01,2012-03-31,2012-05-08 16:55:01+00:00,netcashfromcontinuingfinancingactivities,otherfinancingactivitiesnet,"Other Financing Activities, net",+,debit,usd,-1988000.0
Atrion Corp,ATRI,,0000701288,2012.0,Q1,2012-01-01,2012-03-31,2012-05-08 16:55:01+00:00,netcashfromfinancingactivities,netcashfromcontinuingfinancingactivities,Net Cash From Continuing Financing Activities,+,debit,usd,-2973000.0
Atrion Corp,ATRI,,0000701288,2012.0,Q1,2012-01-01,2012-03-31,2012-05-08 16:55:01+00:00,netchangeincash,netcashfromfinancingactivities,Net Cash From Financing Activities,+,debit,usd,-2973000.0
Atrion Corp,ATRI,,0000701288,2012.0,Q1,2012-01-01,2012-03-31,2012-05-08 16:55:01+00:00,,netchangeincash,Net Change in Cash & Equivalents,=,debit,usd,-5647000.0
Atrion Corp,ATRI,,0000701288,2012.0,Q1,2012-01-01,2012-03-31,2012-05-08 16:55:01+00:00,,cashincometaxespaid,Cash Income Taxes Paid,=,,usd,418000.0
Atrion Corp,ATRI,,0000701288,2012.0,Q2,2012-04-01,2012-06-30,,netincomecontinuing,netincome,Consolidated Net Income / (Loss),+,credit,usd,6099000.0
Atrion Corp,ATRI,,0000701288,2012.0,Q2,2012-04-01,2012-06-30,,netcashfromcontinuingoperatingactivities,netincomecontinuing,Net Income / (Loss) Continuing Operations,+,credit,usd,6099000.0
Atrion Corp,ATRI,,0000701288,2012.0,Q2,2012-04-01,2012-06-30,,netcashfromcontinuingoperatingactivities,depreciationexpense,Depreciation Expense,+,debit,usd,1844000.0
Atrion Corp,ATRI,,0000701288,2012.0,Q2,2012-04-01,2012-06-30,,netcashfromcontinuingoperatingactivities,noncashadjustmentstonetincome,Non-Cash Adjustments To Reconcile Net Income,+,debit,usd,443000.0
Atrion Corp,ATRI,,0000701288,2012.0,Q2,2012-04-01,2012-06-30,,netcashfromcontinuingoperatingactivities,increasedecreaseinoperatingcapital,"Changes in Operating Assets and Liabilities, net",+,debit,usd,-2435000.0
Atrion Corp,ATRI,,0000701288,2012.0,Q2,2012-04-01,2012-06-30,,netcashfromoperatingactivities,netcashfromcontinuingoperatingactivities,Net Cash From Continuing Operating Activities,+,debit,usd,5951000.0
Atrion Corp,ATRI,,0000701288,2012.0,Q2,2012-04-01,2012-06-30,,netchangeincash,netcashfromoperatingactivities,Net Cash From Operating Activities,+,debit,usd,5951000.0
Atrion Corp,ATRI,,0000701288,2012.0,Q2,2012-04-01,2012-06-30,,netcashfromcontinuinginvestingactivities,purchaseofplantpropertyandequipment,"Purchase of Property, Plant & Equipment",+,debit,usd,-2858000.0
Atrion Corp,ATRI,,0000701288,2012.0,Q2,2012-04-01,2012-06-30,,netcashfromcontinuinginvestingactivities,purchaseofinvestments,Purchase of Investments,+,debit,usd,-12536000.0
Atrion Corp,ATRI,,0000701288,2012.0,Q2,2012-04-01,2012-06-30,,netcashfromcontinuinginvestingactivities,saleofinvestments,Sale and/or Maturity of Investments,+,debit,usd,2750000.0
Atrion Corp,ATRI,,0000701288,2012.0,Q2,2012-04-01,2012-06-30,,netcashfromcontinuinginvestingactivities,otherinvestingactivitiesnet,"Other Investing Activities, net",+,debit,usd,-113000.0
Atrion Corp,ATRI,,0000701288,2012.0,Q2,2012-04-01,2012-06-30,,netcashfrominvestingactivities,netcashfromcontinuinginvestingactivities,Net Cash From Continuing Investing Activities,+,debit,usd,-12757000.0
Atrion Corp,ATRI,,0000701288,2012.0,Q2,2012-04-01,2012-06-30,,netchangeincash,netcashfrominvestingactivities,Net Cash From Investing Activities,+,debit,usd,-12757000.0
Atrion Corp,ATRI,,0000701288,2012.0,Q2,2012-04-01,2012-06-30,,netcashfromcontinuingfinancingactivities,paymentofdividends,Payment of Dividends,+,debit,usd,-991000.0
Atrion Corp,ATRI,,0000701288,2012.0,Q2,2012-04-01,2012-06-30,,netcashfromcontinuingfinancingactivities,otherfinancingactivitiesnet,"Other Financing Activities, net",+,debit,usd,-2751000.0
Atrion Corp,ATRI,,0000701288,2012.0,Q2,2012-04-01,2012-06-30,,netcashfromfinancingactivities,netcashfromcontinuingfinancingactivities,Net Cash From Continuing Financing Activities,+,debit,usd,-3742000.0
Atrion Corp,ATRI,,0000701288,2012.0,Q2,2012-04-01,2012-06-30,,netchangeincash,netcashfromfinancingactivities,Net Cash From Financing Activities,+,debit,usd,-3742000.0
Atrion Corp,ATRI,,0000701288,2012.0,Q2,2012-04-01,2012-06-30,,,netchangeincash,Net Change in Cash & Equivalents,=,debit,usd,-10548000.0
Atrion Corp,ATRI,,0000701288,2012.0,Q2,2012-04-01,2012-06-30,,,cashincometaxespaid,Cash Income Taxes Paid,=,,usd,4179000.0
Atrion Corp,ATRI,,0000701288,2012.0,Q3,2012-07-01,2012-09-30,,netincomecontinuing,netincome,Consolidated Net Income / (Loss),+,credit,usd,7259000.0
Atrion Corp,ATRI,,0000701288,2012.0,Q3,2012-07-01,2012-09-30,,netcashfromcontinuingoperatingactivities,netincomecontinuing,Net Income / (Loss) Continuing Operations,+,credit,usd,7259000.0
Atrion Corp,ATRI,,0000701288,2012.0,Q3,2012-07-01,2012-09-30,,netcashfromcontinuingoperatingactivities,depreciationexpense,Depreciation Expense,+,debit,usd,2001000.0
Atrion Corp,ATRI,,0000701288,2012.0,Q3,2012-07-01,2012-09-30,,netcashfromcontinuingoperatingactivities,noncashadjustmentstonetincome,Non-Cash Adjustments To Reconcile Net Income,+,debit,usd,377000.0
Atrion Corp,ATRI,,0000701288,2012.0,Q3,2012-07-01,2012-09-30,,netcashfromcontinuingoperatingactivities,increasedecreaseinoperatingcapital,"Changes in Operating Assets and Liabilities, net",+,debit,usd,2835000.0
Atrion Corp,ATRI,,0000701288,2012.0,Q3,2012-07-01,2012-09-30,,netcashfromoperatingactivities,netcashfromcontinuingoperatingactivities,Net Cash From Continuing Operating Activities,+,debit,usd,12472000.0
Atrion Corp,ATRI,,0000701288,2012.0,Q3,2012-07-01,2012-09-30,,netchangeincash,netcashfromoperatingactivities,Net Cash From Operating Activities,+,debit,usd,12472000.0
Atrion Corp,ATRI,,0000701288,2012.0,Q3,2012-07-01,2012-09-30,,netcashfromcontinuinginvestingactivities,purchaseofplantpropertyandequipment,"Purchase of Property, Plant & Equipment",+,debit,usd,-2398000.0
Atrion Corp,ATRI,,0000701288,2012.0,Q3,2012-07-01,2012-09-30,,netcashfromcontinuinginvestingactivities,saleofinvestments,Sale and/or Maturity of Investments,+,debit,usd,5000000.0
Atrion Corp,ATRI,,0000701288,2012.0,Q3,2012-07-01,2012-09-30,,netcashfrominvestingactivities,netcashfromcontinuinginvestingactivities,Net Cash From Continuing Investing Activities,+,debit,usd,2602000.0
Atrion Corp,ATRI,,0000701288,2012.0,Q3,2012-07-01,2012-09-30,,netchangeincash,netcashfrominvestingactivities,Net Cash From Investing Activities,+,debit,usd,2602000.0
Atrion Corp,ATRI,,0000701288,2012.0,Q3,2012-07-01,2012-09-30,,netcashfromcontinuingfinancingactivities,repurchaseofcommonequity,Repurchase of Common Equity,+,debit,usd,-4756000.0
Atrion Corp,ATRI,,0000701288,2012.0,Q3,2012-07-01,2012-09-30,,netcashfromcontinuingfinancingactivities,paymentofdividends,Payment of Dividends,+,debit,usd,-1128000.0
Atrion Corp,ATRI,,0000701288,2012.0,Q3,2012-07-01,2012-09-30,,netcashfromcontinuingfinancingactivities,otherfinancingactivitiesnet,"Other Financing Activities, net",+,debit,usd,4756000.0
Atrion Corp,ATRI,,0000701288,2012.0,Q3,2012-07-01,2012-09-30,,netcashfromfinancingactivities,netcashfromcontinuingfinancingactivities,Net Cash From Continuing Financing Activities,+,debit,usd,-1128000.0
Atrion Corp,ATRI,,0000701288,2012.0,Q3,2012-07-01,2012-09-30,,netchangeincash,netcashfromfinancingactivities,Net Cash From Financing Activities,+,debit,usd,-1128000.0
Atrion Corp,ATRI,,0000701288,2012.0,Q3,2012-07-01,2012-09-30,,,netchangeincash,Net Change in Cash & Equivalents,=,debit,usd,13946000.0
Atrion Corp,ATRI,,0000701288,2012.0,Q3,2012-07-01,2012-09-30,,,cashincometaxespaid,Cash Income Taxes Paid,=,,usd,1874000.0
Atrion Corp,ATRI,,0000701288,2012.0,Q4,2012-10-01,2012-12-31,,netincomecontinuing,netincome,Consolidated Net Income / (Loss),+,credit,usd,4894000.0
Atrion Corp,ATRI,,0000701288,2012.0,Q4,2012-10-01,2012-12-31,,netcashfromcontinuingoperatingactivities,netincomecontinuing,Net Income / (Loss) Continuing Operations,+,credit,usd,4894000.0
Atrion Corp,ATRI,,0000701288,2012.0,Q4,2012-10-01,2012-12-31,,netcashfromcontinuingoperatingactivities,depreciationexpense,Depreciation Expense,+,debit,usd,2047000.0
Atrion Corp,ATRI,,0000701288,2012.0,Q4,2012-10-01,2012-12-31,,netcashfromcontinuingoperatingactivities,noncashadjustmentstonetincome,Non-Cash Adjustments To Reconcile Net Income,+,debit,usd,1193000.0
Atrion Corp,ATRI,,0000701288,2012.0,Q4,2012-10-01,2012-12-31,,netcashfromcontinuingoperatingactivities,increasedecreaseinoperatingcapital,"Changes in Operating Assets and Liabilities, net",+,debit,usd,-2132000.0
Atrion Corp,ATRI,,0000701288,2012.0,Q4,2012-10-01,2012-12-31,,netcashfromoperatingactivities,netcashfromcontinuingoperatingactivities,Net Cash From Continuing Operating Activities,+,debit,usd,6002000.0
Atrion Corp,ATRI,,0000701288,2012.0,Q4,2012-10-01,2012-12-31,,netchangeincash,netcashfromoperatingactivities,Net Cash From Operating Activities,+,debit,usd,6002000.0
Atrion Corp,ATRI,,0000701288,2012.0,Q4,2012-10-01,2012-12-31,,netcashfromcontinuinginvestingactivities,purchaseofplantpropertyandequipment,"Purchase of Property, Plant & Equipment",+,debit,usd,-2369000.0
Atrion Corp,ATRI,,0000701288,2012.0,Q4,2012-10-01,2012-12-31,,netcashfromcontinuinginvestingactivities,purchaseofinvestments,Purchase of Investments,+,debit,usd,-5021000.0
Atrion Corp,ATRI,,0000701288,2012.0,Q4,2012-10-01,2012-12-31,,netcashfromcontinuinginvestingactivities,saleofinvestments,Sale and/or Maturity of Investments,+,debit,usd,8000000.0
Atrion Corp,ATRI,,0000701288,2012.0,Q4,2012-10-01,2012-12-31,,netcashfrominvestingactivities,netcashfromcontinuinginvestingactivities,Net Cash From Continuing Investing Activities,+,debit,usd,610000.0
Atrion Corp,ATRI,,0000701288,2012.0,Q4,2012-10-01,2012-12-31,,netchangeincash,netcashfrominvestingactivities,Net Cash From Investing Activities,+,debit,usd,610000.0
Atrion Corp,ATRI,,0000701288,2012.0,Q4,2012-10-01,2012-12-31,,netcashfromcontinuingfinancingactivities,repurchaseofcommonequity,Repurchase of Common Equity,+,debit,usd,-588000.0
Atrion Corp,ATRI,,0000701288,2012.0,Q4,2012-10-01,2012-12-31,,netcashfromcontinuingfinancingactivities,paymentofdividends,Payment of Dividends,+,debit,usd,-21356000.0
Atrion Corp,ATRI,,0000701288,2012.0,Q4,2012-10-01,2012-12-31,,netcashfromcontinuingfinancingactivities,otherfinancingactivitiesnet,"Other Financing Activities, net",+,debit,usd,990000.0
Atrion Corp,ATRI,,0000701288,2012.0,Q4,2012-10-01,2012-12-31,,netcashfromfinancingactivities,netcashfromcontinuingfinancingactivities,Net Cash From Continuing Financing Activities,+,debit,usd,-20954000.0
Atrion Corp,ATRI,,0000701288,2012.0,Q4,2012-10-01,2012-12-31,,netchangeincash,netcashfromfinancingactivities,Net Cash From Financing Activities,+,debit,usd,-20954000.0
Atrion Corp,ATRI,,0000701288,2012.0,Q4,2012-10-01,2012-12-31,,,netchangeincash,Net Change in Cash & Equivalents,=,debit,usd,-14342000.0
Atrion Corp,ATRI,,0000701288,2012.0,Q4,2012-10-01,2012-12-31,,,cashincometaxespaid,Cash Income Taxes Paid,=,,usd,3886000.0
Atrion Corp,ATRI,,0000701288,2013.0,Q1,2013-01-01,2013-03-31,2013-05-09 16:47:38+00:00,netincomecontinuing,netincome,Consolidated Net Income / (Loss),+,credit,usd,6635000.0
Atrion Corp,ATRI,,0000701288,2013.0,Q1,2013-01-01,2013-03-31,2013-05-09 16:47:38+00:00,netcashfromcontinuingoperatingactivities,netincomecontinuing,Net Income / (Loss) Continuing Operations,+,credit,usd,6635000.0
Atrion Corp,ATRI,,0000701288,2013.0,Q1,2013-01-01,2013-03-31,2013-05-09 16:47:38+00:00,netcashfromcontinuingoperatingactivities,depreciationexpense,Depreciation Expense,+,debit,usd,2141000.0
Atrion Corp,ATRI,,0000701288,2013.0,Q1,2013-01-01,2013-03-31,2013-05-09 16:47:38+00:00,netcashfromcontinuingoperatingactivities,noncashadjustmentstonetincome,Non-Cash Adjustments To Reconcile Net Income,+,debit,usd,355000.0
Atrion Corp,ATRI,,0000701288,2013.0,Q1,2013-01-01,2013-03-31,2013-05-09 16:47:38+00:00,netcashfromcontinuingoperatingactivities,increasedecreaseinoperatingcapital,"Changes in Operating Assets and Liabilities, net",+,debit,usd,-1072000.0
Atrion Corp,ATRI,,0000701288,2013.0,Q1,2013-01-01,2013-03-31,2013-05-09 16:47:38+00:00,netcashfromoperatingactivities,netcashfromcontinuingoperatingactivities,Net Cash From Continuing Operating Activities,+,debit,usd,8059000.0
Atrion Corp,ATRI,,0000701288,2013.0,Q1,2013-01-01,2013-03-31,2013-05-09 16:47:38+00:00,netchangeincash,netcashfromoperatingactivities,Net Cash From Operating Activities,+,debit,usd,8085000.0
Atrion Corp,ATRI,,0000701288,2013.0,Q1,2013-01-01,2013-03-31,2013-05-09 16:47:38+00:00,netcashfromcontinuinginvestingactivities,purchaseofplantpropertyandequipment,"Purchase of Property, Plant & Equipment",+,debit,usd,-1573000.0
Atrion Corp,ATRI,,0000701288,2013.0,Q1,2013-01-01,2013-03-31,2013-05-09 16:47:38+00:00,netcashfromcontinuinginvestingactivities,saleofinvestments,Sale and/or Maturity of Investments,+,debit,usd,3639000.0
Atrion Corp,ATRI,,0000701288,2013.0,Q1,2013-01-01,2013-03-31,2013-05-09 16:47:38+00:00,netcashfrominvestingactivities,netcashfromcontinuinginvestingactivities,Net Cash From Continuing Investing Activities,+,debit,usd,2066000.0
Atrion Corp,ATRI,,0000701288,2013.0,Q1,2013-01-01,2013-03-31,2013-05-09 16:47:38+00:00,netchangeincash,netcashfrominvestingactivities,Net Cash From Investing Activities,+,debit,usd,2066000.0
Atrion Corp,ATRI,,0000701288,2013.0,Q1,2013-01-01,2013-03-31,2013-05-09 16:47:38+00:00,netcashfromcontinuingfinancingactivities,repurchaseofcommonequity,Repurchase of Common Equity,+,debit,usd,-1008000.0
Atrion Corp,ATRI,,0000701288,2013.0,Q1,2013-01-01,2013-03-31,2013-05-09 16:47:38+00:00,netcashfromcontinuingfinancingactivities,paymentofdividends,Payment of Dividends,+,debit,usd,-1130000.0
Atrion Corp,ATRI,,0000701288,2013.0,Q1,2013-01-01,2013-03-31,2013-05-09 16:47:38+00:00,netcashfromfinancingactivities,netcashfromcontinuingfinancingactivities,Net Cash From Continuing Financing Activities,+,debit,usd,-2138000.0
Atrion Corp,ATRI,,0000701288,2013.0,Q1,2013-01-01,2013-03-31,2013-05-09 16:47:38+00:00,netchangeincash,netcashfromfinancingactivities,Net Cash From Financing Activities,+,debit,usd,-2138000.0
Atrion Corp,ATRI,,0000701288,2013.0,Q1,2013-01-01,2013-03-31,2013-05-09 16:47:38+00:00,,netchangeincash,Net Change in Cash & Equivalents,=,debit,usd,8013000.0
Atrion Corp,ATRI,,0000701288,2013.0,Q1,2013-01-01,2013-03-31,2013-05-09 16:47:38+00:00,,cashincometaxespaid,Cash Income Taxes Paid,=,,usd,46000.0
Atrion Corp,ATRI,,0000701288,2013.0,Q2,2013-04-01,2013-06-30,,netincomecontinuing,netincome,Consolidated Net Income / (Loss),+,credit,usd,6505000.0
Atrion Corp,ATRI,,0000701288,2013.0,Q2,2013-04-01,2013-06-30,,netcashfromcontinuingoperatingactivities,netincomecontinuing,Net Income / (Loss) Continuing Operations,+,credit,usd,6505000.0
Atrion Corp,ATRI,,0000701288,2013.0,Q2,2013-04-01,2013-06-30,,netcashfromcontinuingoperatingactivities,depreciationexpense,Depreciation Expense,+,debit,usd,2130000.0
Atrion Corp,ATRI,,0000701288,2013.0,Q2,2013-04-01,2013-06-30,,netcashfromcontinuingoperatingactivities,noncashadjustmentstonetincome,Non-Cash Adjustments To Reconcile Net Income,+,debit,usd,487000.0
Atrion Corp,ATRI,,0000701288,2013.0,Q2,2013-04-01,2013-06-30,,netcashfromcontinuingoperatingactivities,increasedecreaseinoperatingcapital,"Changes in Operating Assets and Liabilities, net",+,debit,usd,-678000.0
Atrion Corp,ATRI,,0000701288,2013.0,Q2,2013-04-01,2013-06-30,,netcashfromoperatingactivities,netcashfromcontinuingoperatingactivities,Net Cash From Continuing Operating Activities,+,debit,usd,8444000.0
Atrion Corp,ATRI,,0000701288,2013.0,Q2,2013-04-01,2013-06-30,,netchangeincash,netcashfromoperatingactivities,Net Cash From Operating Activities,+,debit,usd,8444000.0
Atrion Corp,ATRI,,0000701288,2013.0,Q2,2013-04-01,2013-06-30,,netcashfromcontinuinginvestingactivities,purchaseofplantpropertyandequipment,"Purchase of Property, Plant & Equipment",+,debit,usd,-1162000.0
Atrion Corp,ATRI,,0000701288,2013.0,Q2,2013-04-01,2013-06-30,,netcashfrominvestingactivities,netcashfromcontinuinginvestingactivities,Net Cash From Continuing Investing Activities,+,debit,usd,-1162000.0
Atrion Corp,ATRI,,0000701288,2013.0,Q2,2013-04-01,2013-06-30,,netchangeincash,netcashfrominvestingactivities,Net Cash From Investing Activities,+,debit,usd,-1162000.0
Atrion Corp,ATRI,,0000701288,2013.0,Q2,2013-04-01,2013-06-30,,netcashfromcontinuingfinancingactivities,repurchaseofcommonequity,Repurchase of Common Equity,+,debit,usd,-1904000.0
Atrion Corp,ATRI,,0000701288,2013.0,Q2,2013-04-01,2013-06-30,,netcashfromcontinuingfinancingactivities,paymentofdividends,Payment of Dividends,+,debit,usd,-1127000.0
Atrion Corp,ATRI,,0000701288,2013.0,Q2,2013-04-01,2013-06-30,,netcashfromcontinuingfinancingactivities,otherfinancingactivitiesnet,"Other Financing Activities, net",+,debit,usd,6000.0
Atrion Corp,ATRI,,0000701288,2013.0,Q2,2013-04-01,2013-06-30,,netcashfromfinancingactivities,netcashfromcontinuingfinancingactivities,Net Cash From Continuing Financing Activities,+,debit,usd,-3025000.0
Atrion Corp,ATRI,,0000701288,2013.0,Q2,2013-04-01,2013-06-30,,netchangeincash,netcashfromfinancingactivities,Net Cash From Financing Activities,+,debit,usd,-3025000.0
Atrion Corp,ATRI,,0000701288,2013.0,Q2,2013-04-01,2013-06-30,,,netchangeincash,Net Change in Cash & Equivalents,=,debit,usd,4257000.0
Atrion Corp,ATRI,,0000701288,2013.0,Q2,2013-04-01,2013-06-30,,,cashincometaxespaid,Cash Income Taxes Paid,=,,usd,5277000.0
Atrion Corp,ATRI,,0000701288,2013.0,Q3,2013-07-01,2013-09-30,,netincomecontinuing,netincome,Consolidated Net Income / (Loss),+,credit,usd,7673000.0
Atrion Corp,ATRI,,0000701288,2013.0,Q3,2013-07-01,2013-09-30,,netcashfromcontinuingoperatingactivities,netincomecontinuing,Net Income / (Loss) Continuing Operations,+,credit,usd,7673000.0
Atrion Corp,ATRI,,0000701288,2013.0,Q3,2013-07-01,2013-09-30,,netcashfromcontinuingoperatingactivities,depreciationexpense,Depreciation Expense,+,debit,usd,2117000.0
Atrion Corp,ATRI,,0000701288,2013.0,Q3,2013-07-01,2013-09-30,,netcashfromcontinuingoperatingactivities,noncashadjustmentstonetincome,Non-Cash Adjustments To Reconcile Net Income,+,debit,usd,373000.0
Atrion Corp,ATRI,,0000701288,2013.0,Q3,2013-07-01,2013-09-30,,netcashfromcontinuingoperatingactivities,increasedecreaseinoperatingcapital,"Changes in Operating Assets and Liabilities, net",+,debit,usd,728000.0
Atrion Corp,ATRI,,0000701288,2013.0,Q3,2013-07-01,2013-09-30,,netcashfromoperatingactivities,netcashfromcontinuingoperatingactivities,Net Cash From Continuing Operating Activities,+,debit,usd,10891000.0
Atrion Corp,ATRI,,0000701288,2013.0,Q3,2013-07-01,2013-09-30,,netchangeincash,netcashfromoperatingactivities,Net Cash From Operating Activities,+,debit,usd,10891000.0
Atrion Corp,ATRI,,0000701288,2013.0,Q3,2013-07-01,2013-09-30,,netcashfromcontinuinginvestingactivities,purchaseofplantpropertyandequipment,"Purchase of Property, Plant & Equipment",+,debit,usd,-1978000.0
Atrion Corp,ATRI,,0000701288,2013.0,Q3,2013-07-01,2013-09-30,,netcashfromcontinuinginvestingactivities,saleofinvestments,Sale and/or Maturity of Investments,+,debit,usd,4000000.0
Atrion Corp,ATRI,,0000701288,2013.0,Q3,2013-07-01,2013-09-30,,netcashfrominvestingactivities,netcashfromcontinuinginvestingactivities,Net Cash From Continuing Investing Activities,+,debit,usd,2022000.0
Atrion Corp,ATRI,,0000701288,2013.0,Q3,2013-07-01,2013-09-30,,netchangeincash,netcashfrominvestingactivities,Net Cash From Investing Activities,+,debit,usd,2022000.0
Atrion Corp,ATRI,,0000701288,2013.0,Q3,2013-07-01,2013-09-30,,netcashfromcontinuingfinancingactivities,repurchaseofcommonequity,Repurchase of Common Equity,+,debit,usd,-1174000.0
Atrion Corp,ATRI,,0000701288,2013.0,Q3,2013-07-01,2013-09-30,,netcashfromcontinuingfinancingactivities,paymentofdividends,Payment of Dividends,+,debit,usd,-1284000.0
Atrion Corp,ATRI,,0000701288,2013.0,Q3,2013-07-01,2013-09-30,,netcashfromfinancingactivities,netcashfromcontinuingfinancingactivities,Net Cash From Continuing Financing Activities,+,debit,usd,-2458000.0
Atrion Corp,ATRI,,0000701288,2013.0,Q3,2013-07-01,2013-09-30,,netchangeincash,netcashfromfinancingactivities,Net Cash From Financing Activities,+,debit,usd,-2458000.0
Atrion Corp,ATRI,,0000701288,2013.0,Q3,2013-07-01,2013-09-30,,,netchangeincash,Net Change in Cash & Equivalents,=,debit,usd,10455000.0
Atrion Corp,ATRI,,0000701288,2013.0,Q3,2013-07-01,2013-09-30,,,cashincometaxespaid,Cash Income Taxes Paid,=,,usd,2604000.0
Atrion Corp,ATRI,,0000701288,2013.0,Q4,2013-10-01,2013-12-31,,netincomecontinuing,netincome,Consolidated Net Income / (Loss),+,credit,usd,5769000.0
Atrion Corp,ATRI,,0000701288,2013.0,Q4,2013-10-01,2013-12-31,,netcashfromcontinuingoperatingactivities,netincomecontinuing,Net Income / (Loss) Continuing Operations,+,credit,usd,5769000.0
Atrion Corp,ATRI,,0000701288,2013.0,Q4,2013-10-01,2013-12-31,,netcashfromcontinuingoperatingactivities,depreciationexpense,Depreciation Expense,+,debit,usd,2204000.0
Atrion Corp,ATRI,,0000701288,2013.0,Q4,2013-10-01,2013-12-31,,netcashfromcontinuingoperatingactivities,noncashadjustmentstonetincome,Non-Cash Adjustments To Reconcile Net Income,+,debit,usd,957000.0
Atrion Corp,ATRI,,0000701288,2013.0,Q4,2013-10-01,2013-12-31,,netcashfromcontinuingoperatingactivities,increasedecreaseinoperatingcapital,"Changes in Operating Assets and Liabilities, net",+,debit,usd,252000.0
Atrion Corp,ATRI,,0000701288,2013.0,Q4,2013-10-01,2013-12-31,,netcashfromoperatingactivities,netcashfromcontinuingoperatingactivities,Net Cash From Continuing Operating Activities,+,debit,usd,9182000.0
Atrion Corp,ATRI,,0000701288,2013.0,Q4,2013-10-01,2013-12-31,,netchangeincash,netcashfromoperatingactivities,Net Cash From Operating Activities,+,debit,usd,9156000.0
Atrion Corp,ATRI,,0000701288,2013.0,Q4,2013-10-01,2013-12-31,,netcashfromcontinuinginvestingactivities,purchaseofplantpropertyandequipment,"Purchase of Property, Plant & Equipment",+,debit,usd,-2790000.0
Atrion Corp,ATRI,,0000701288,2013.0,Q4,2013-10-01,2013-12-31,,netcashfromcontinuinginvestingactivities,acquisitions,Acquisitions,+,debit,usd,-2150000.0
Atrion Corp,ATRI,,0000701288,2013.0,Q4,2013-10-01,2013-12-31,,netcashfrominvestingactivities,netcashfromcontinuinginvestingactivities,Net Cash From Continuing Investing Activities,+,debit,usd,-4940000.0
Atrion Corp,ATRI,,0000701288,2013.0,Q4,2013-10-01,2013-12-31,,netchangeincash,netcashfrominvestingactivities,Net Cash From Investing Activities,+,debit,usd,-4940000.0
Atrion Corp,ATRI,,0000701288,2013.0,Q4,2013-10-01,2013-12-31,,netcashfromcontinuingfinancingactivities,repurchaseofcommonequity,Repurchase of Common Equity,+,debit,usd,-5110000.0
Atrion Corp,ATRI,,0000701288,2013.0,Q4,2013-10-01,2013-12-31,,netcashfromcontinuingfinancingactivities,paymentofdividends,Payment of Dividends,+,debit,usd,-1280000.0
Atrion Corp,ATRI,,0000701288,2013.0,Q4,2013-10-01,2013-12-31,,netcashfromcontinuingfinancingactivities,otherfinancingactivitiesnet,"Other Financing Activities, net",+,debit,usd,9000.0
Atrion Corp,ATRI,,0000701288,2013.0,Q4,2013-10-01,2013-12-31,,netcashfromfinancingactivities,netcashfromcontinuingfinancingactivities,Net Cash From Continuing Financing Activities,+,debit,usd,-6381000.0
Atrion Corp,ATRI,,0000701288,2013.0,Q4,2013-10-01,2013-12-31,,netchangeincash,netcashfromfinancingactivities,Net Cash From Financing Activities,+,debit,usd,-6381000.0
Atrion Corp,ATRI,,0000701288,2013.0,Q4,2013-10-01,2013-12-31,,,netchangeincash,Net Change in Cash & Equivalents,=,debit,usd,-2165000.0
Atrion Corp,ATRI,,0000701288,2013.0,Q4,2013-10-01,2013-12-31,,,cashincometaxespaid,Cash Income Taxes Paid,=,,usd,109000.0
Atrion Corp,ATRI,,0000701288,2014.0,Q1,2014-01-01,2014-03-31,2014-05-05 17:12:44+00:00,netincomecontinuing,netincome,Consolidated Net Income / (Loss),+,credit,usd,7201000.0
Atrion Corp,ATRI,,0000701288,2014.0,Q1,2014-01-01,2014-03-31,2014-05-05 17:12:44+00:00,netcashfromcontinuingoperatingactivities,netincomecontinuing,Net Income / (Loss) Continuing Operations,+,credit,usd,7201000.0
Atrion Corp,ATRI,,0000701288,2014.0,Q1,2014-01-01,2014-03-31,2014-05-05 17:12:44+00:00,netcashfromcontinuingoperatingactivities,depreciationexpense,Depreciation Expense,+,debit,usd,2265000.0
Atrion Corp,ATRI,,0000701288,2014.0,Q1,2014-01-01,2014-03-31,2014-05-05 17:12:44+00:00,netcashfromcontinuingoperatingactivities,noncashadjustmentstonetincome,Non-Cash Adjustments To Reconcile Net Income,+,debit,usd,397000.0
Atrion Corp,ATRI,,0000701288,2014.0,Q1,2014-01-01,2014-03-31,2014-05-05 17:12:44+00:00,netcashfromcontinuingoperatingactivities,increasedecreaseinoperatingcapital,"Changes in Operating Assets and Liabilities, net",+,debit,usd,-2440000.0
Atrion Corp,ATRI,,0000701288,2014.0,Q1,2014-01-01,2014-03-31,2014-05-05 17:12:44+00:00,netcashfromoperatingactivities,netcashfromcontinuingoperatingactivities,Net Cash From Continuing Operating Activities,+,debit,usd,7423000.0
Atrion Corp,ATRI,,0000701288,2014.0,Q1,2014-01-01,2014-03-31,2014-05-05 17:12:44+00:00,netchangeincash,netcashfromoperatingactivities,Net Cash From Operating Activities,+,debit,usd,7423000.0
Atrion Corp,ATRI,,0000701288,2014.0,Q1,2014-01-01,2014-03-31,2014-05-05 17:12:44+00:00,netcashfromcontinuinginvestingactivities,purchaseofplantpropertyandequipment,"Purchase of Property, Plant & Equipment",+,debit,usd,-3479000.0
Atrion Corp,ATRI,,0000701288,2014.0,Q1,2014-01-01,2014-03-31,2014-05-05 17:12:44+00:00,netcashfromcontinuinginvestingactivities,purchaseofinvestments,Purchase of Investments,+,debit,usd,-9375000.0
Atrion Corp,ATRI,,0000701288,2014.0,Q1,2014-01-01,2014-03-31,2014-05-05 17:12:44+00:00,netcashfrominvestingactivities,netcashfromcontinuinginvestingactivities,Net Cash From Continuing Investing Activities,+,debit,usd,-12854000.0
Atrion Corp,ATRI,,0000701288,2014.0,Q1,2014-01-01,2014-03-31,2014-05-05 17:12:44+00:00,netchangeincash,netcashfrominvestingactivities,Net Cash From Investing Activities,+,debit,usd,-12854000.0
Atrion Corp,ATRI,,0000701288,2014.0,Q1,2014-01-01,2014-03-31,2014-05-05 17:12:44+00:00,netcashfromcontinuingfinancingactivities,repurchaseofcommonequity,Repurchase of Common Equity,+,debit,usd,-4667000.0
Atrion Corp,ATRI,,0000701288,2014.0,Q1,2014-01-01,2014-03-31,2014-05-05 17:12:44+00:00,netcashfromcontinuingfinancingactivities,paymentofdividends,Payment of Dividends,+,debit,usd,-1265000.0
Atrion Corp,ATRI,,0000701288,2014.0,Q1,2014-01-01,2014-03-31,2014-05-05 17:12:44+00:00,netcashfromfinancingactivities,netcashfromcontinuingfinancingactivities,Net Cash From Continuing Financing Activities,+,debit,usd,-5932000.0
Atrion Corp,ATRI,,0000701288,2014.0,Q1,2014-01-01,2014-03-31,2014-05-05 17:12:44+00:00,netchangeincash,netcashfromfinancingactivities,Net Cash From Financing Activities,+,debit,usd,-5932000.0
Atrion Corp,ATRI,,0000701288,2014.0,Q1,2014-01-01,2014-03-31,2014-05-05 17:12:44+00:00,,netchangeincash,Net Change in Cash & Equivalents,=,debit,usd,-11363000.0
Atrion Corp,ATRI,,0000701288,2014.0,Q1,2014-01-01,2014-03-31,2014-05-05 17:12:44+00:00,,cashincometaxespaid,Cash Income Taxes Paid,=,,usd,924000.0
Atrion Corp,ATRI,,0000701288,2014.0,Q2,2014-04-01,2014-06-30,,netincomecontinuing,netincome,Consolidated Net Income / (Loss),+,credit,usd,6881000.0
Atrion Corp,ATRI,,0000701288,2014.0,Q2,2014-04-01,2014-06-30,,netcashfromcontinuingoperatingactivities,netincomecontinuing,Net Income / (Loss) Continuing Operations,+,credit,usd,6881000.0
Atrion Corp,ATRI,,0000701288,2014.0,Q2,2014-04-01,2014-06-30,,netcashfromcontinuingoperatingactivities,depreciationexpense,Depreciation Expense,+,debit,usd,2193000.0
Atrion Corp,ATRI,,0000701288,2014.0,Q2,2014-04-01,2014-06-30,,netcashfromcontinuingoperatingactivities,noncashadjustmentstonetincome,Non-Cash Adjustments To Reconcile Net Income,+,debit,usd,762000.0
Atrion Corp,ATRI,,0000701288,2014.0,Q2,2014-04-01,2014-06-30,,netcashfromcontinuingoperatingactivities,increasedecreaseinoperatingcapital,"Changes in Operating Assets and Liabilities, net",+,debit,usd,-2020000.0
Atrion Corp,ATRI,,0000701288,2014.0,Q2,2014-04-01,2014-06-30,,netcashfromoperatingactivities,netcashfromcontinuingoperatingactivities,Net Cash From Continuing Operating Activities,+,debit,usd,7816000.0
Atrion Corp,ATRI,,0000701288,2014.0,Q2,2014-04-01,2014-06-30,,netchangeincash,netcashfromoperatingactivities,Net Cash From Operating Activities,+,debit,usd,7816000.0
Atrion Corp,ATRI,,0000701288,2014.0,Q2,2014-04-01,2014-06-30,,netcashfromcontinuinginvestingactivities,purchaseofplantpropertyandequipment,"Purchase of Property, Plant & Equipment",+,debit,usd,-2463000.0
Atrion Corp,ATRI,,0000701288,2014.0,Q2,2014-04-01,2014-06-30,,netcashfromcontinuinginvestingactivities,purchaseofinvestments,Purchase of Investments,+,debit,usd,-10000000.0
Atrion Corp,ATRI,,0000701288,2014.0,Q2,2014-04-01,2014-06-30,,netcashfromcontinuinginvestingactivities,saleofinvestments,Sale and/or Maturity of Investments,+,debit,usd,19375000.0
Atrion Corp,ATRI,,0000701288,2014.0,Q2,2014-04-01,2014-06-30,,netcashfrominvestingactivities,netcashfromcontinuinginvestingactivities,Net Cash From Continuing Investing Activities,+,debit,usd,6912000.0
Atrion Corp,ATRI,,0000701288,2014.0,Q2,2014-04-01,2014-06-30,,netchangeincash,netcashfrominvestingactivities,Net Cash From Investing Activities,+,debit,usd,6912000.0
Atrion Corp,ATRI,,0000701288,2014.0,Q2,2014-04-01,2014-06-30,,netcashfromcontinuingfinancingactivities,repurchaseofcommonequity,Repurchase of Common Equity,+,debit,usd,-6941000.0
Atrion Corp,ATRI,,0000701288,2014.0,Q2,2014-04-01,2014-06-30,,netcashfromcontinuingfinancingactivities,paymentofdividends,Payment of Dividends,+,debit,usd,-1248000.0
Atrion Corp,ATRI,,0000701288,2014.0,Q2,2014-04-01,2014-06-30,,netcashfromcontinuingfinancingactivities,otherfinancingactivitiesnet,"Other Financing Activities, net",+,debit,usd,-214000.0
Atrion Corp,ATRI,,0000701288,2014.0,Q2,2014-04-01,2014-06-30,,netcashfromfinancingactivities,netcashfromcontinuingfinancingactivities,Net Cash From Continuing Financing Activities,+,debit,usd,-8403000.0
Atrion Corp,ATRI,,0000701288,2014.0,Q2,2014-04-01,2014-06-30,,netchangeincash,netcashfromfinancingactivities,Net Cash From Financing Activities,+,debit,usd,-8403000.0
Atrion Corp,ATRI,,0000701288,2014.0,Q2,2014-04-01,2014-06-30,,,netchangeincash,Net Change in Cash & Equivalents,=,debit,usd,6325000.0
Atrion Corp,ATRI,,0000701288,2014.0,Q2,2014-04-01,2014-06-30,,,cashincometaxespaid,Cash Income Taxes Paid,=,,usd,8761000.0
Atrion Corp,ATRI,,0000701288,2014.0,Q3,2014-07-01,2014-09-30,,netincomecontinuing,netincome,Consolidated Net Income / (Loss),+,credit,usd,7686000.0
Atrion Corp,ATRI,,0000701288,2014.0,Q3,2014-07-01,2014-09-30,,netcashfromcontinuingoperatingactivities,netincomecontinuing,Net Income / (Loss) Continuing Operations,+,credit,usd,7686000.0
Atrion Corp,ATRI,,0000701288,2014.0,Q3,2014-07-01,2014-09-30,,netcashfromcontinuingoperatingactivities,depreciationexpense,Depreciation Expense,+,debit,usd,2238000.0
Atrion Corp,ATRI,,0000701288,2014.0,Q3,2014-07-01,2014-09-30,,netcashfromcontinuingoperatingactivities,noncashadjustmentstonetincome,Non-Cash Adjustments To Reconcile Net Income,+,debit,usd,707000.0
Atrion Corp,ATRI,,0000701288,2014.0,Q3,2014-07-01,2014-09-30,,netcashfromcontinuingoperatingactivities,increasedecreaseinoperatingcapital,"Changes in Operating Assets and Liabilities, net",+,debit,usd,-2610000.0
Atrion Corp,ATRI,,0000701288,2014.0,Q3,2014-07-01,2014-09-30,,netcashfromoperatingactivities,netcashfromcontinuingoperatingactivities,Net Cash From Continuing Operating Activities,+,debit,usd,8021000.0
Atrion Corp,ATRI,,0000701288,2014.0,Q3,2014-07-01,2014-09-30,,netchangeincash,netcashfromoperatingactivities,Net Cash From Operating Activities,+,debit,usd,8021000.0
Atrion Corp,ATRI,,0000701288,2014.0,Q3,2014-07-01,2014-09-30,,netcashfromcontinuinginvestingactivities,purchaseofplantpropertyandequipment,"Purchase of Property, Plant & Equipment",+,debit,usd,-2699000.0
Atrion Corp,ATRI,,0000701288,2014.0,Q3,2014-07-01,2014-09-30,,netcashfrominvestingactivities,netcashfromcontinuinginvestingactivities,Net Cash From Continuing Investing Activities,+,debit,usd,-2699000.0
Atrion Corp,ATRI,,0000701288,2014.0,Q3,2014-07-01,2014-09-30,,netchangeincash,netcashfrominvestingactivities,Net Cash From Investing Activities,+,debit,usd,-2699000.0
Atrion Corp,ATRI,,0000701288,2014.0,Q3,2014-07-01,2014-09-30,,netcashfromcontinuingfinancingactivities,repurchaseofcommonequity,Repurchase of Common Equity,+,debit,usd,-457000.0
Atrion Corp,ATRI,,0000701288,2014.0,Q3,2014-07-01,2014-09-30,,netcashfromcontinuingfinancingactivities,paymentofdividends,Payment of Dividends,+,debit,usd,-1462000.0
Atrion Corp,ATRI,,0000701288,2014.0,Q3,2014-07-01,2014-09-30,,netcashfromcontinuingfinancingactivities,otherfinancingactivitiesnet,"Other Financing Activities, net",+,debit,usd,-3000.0
Atrion Corp,ATRI,,0000701288,2014.0,Q3,2014-07-01,2014-09-30,,netcashfromfinancingactivities,netcashfromcontinuingfinancingactivities,Net Cash From Continuing Financing Activities,+,debit,usd,-1922000.0
Atrion Corp,ATRI,,0000701288,2014.0,Q3,2014-07-01,2014-09-30,,netchangeincash,netcashfromfinancingactivities,Net Cash From Financing Activities,+,debit,usd,-1922000.0
Atrion Corp,ATRI,,0000701288,2014.0,Q3,2014-07-01,2014-09-30,,,netchangeincash,Net Change in Cash & Equivalents,=,debit,usd,3400000.0
Atrion Corp,ATRI,,0000701288,2014.0,Q3,2014-07-01,2014-09-30,,,cashincometaxespaid,Cash Income Taxes Paid,=,,usd,3708000.0
Atrion Corp,ATRI,,0000701288,2014.0,Q4,2014-10-01,2014-12-31,,netincomecontinuing,netincome,Consolidated Net Income / (Loss),+,credit,usd,6040000.0
Atrion Corp,ATRI,,0000701288,2014.0,Q4,2014-10-01,2014-12-31,,netcashfromcontinuingoperatingactivities,netincomecontinuing,Net Income / (Loss) Continuing Operations,+,credit,usd,6040000.0
Atrion Corp,ATRI,,0000701288,2014.0,Q4,2014-10-01,2014-12-31,,netcashfromcontinuingoperatingactivities,depreciationexpense,Depreciation Expense,+,debit,usd,2027000.0
Atrion Corp,ATRI,,0000701288,2014.0,Q4,2014-10-01,2014-12-31,,netcashfromcontinuingoperatingactivities,noncashadjustmentstonetincome,Non-Cash Adjustments To Reconcile Net Income,+,debit,usd,712000.0
Atrion Corp,ATRI,,0000701288,2014.0,Q4,2014-10-01,2014-12-31,,netcashfromcontinuingoperatingactivities,increasedecreaseinoperatingcapital,"Changes in Operating Assets and Liabilities, net",+,debit,usd,-816000.0
Atrion Corp,ATRI,,0000701288,2014.0,Q4,2014-10-01,2014-12-31,,netcashfromoperatingactivities,netcashfromcontinuingoperatingactivities,Net Cash From Continuing Operating Activities,+,debit,usd,7963000.0
Atrion Corp,ATRI,,0000701288,2014.0,Q4,2014-10-01,2014-12-31,,netchangeincash,netcashfromoperatingactivities,Net Cash From Operating Activities,+,debit,usd,7963000.0
Atrion Corp,ATRI,,0000701288,2014.0,Q4,2014-10-01,2014-12-31,,netcashfromcontinuinginvestingactivities,purchaseofplantpropertyandequipment,"Purchase of Property, Plant & Equipment",+,debit,usd,-4030000.0
Atrion Corp,ATRI,,0000701288,2014.0,Q4,2014-10-01,2014-12-31,,netcashfromcontinuinginvestingactivities,purchaseofinvestments,Purchase of Investments,+,debit,usd,-13740000.0
Atrion Corp,ATRI,,0000701288,2014.0,Q4,2014-10-01,2014-12-31,,netcashfromcontinuinginvestingactivities,saleofinvestments,Sale and/or Maturity of Investments,+,debit,usd,16600000.0
Atrion Corp,ATRI,,0000701288,2014.0,Q4,2014-10-01,2014-12-31,,netcashfrominvestingactivities,netcashfromcontinuinginvestingactivities,Net Cash From Continuing Investing Activities,+,debit,usd,-1170000.0
Atrion Corp,ATRI,,0000701288,2014.0,Q4,2014-10-01,2014-12-31,,netchangeincash,netcashfrominvestingactivities,Net Cash From Investing Activities,+,debit,usd,-1170000.0
Atrion Corp,ATRI,,0000701288,2014.0,Q4,2014-10-01,2014-12-31,,netcashfromcontinuingfinancingactivities,repurchaseofcommonequity,Repurchase of Common Equity,+,debit,usd,-11491000.0
Atrion Corp,ATRI,,0000701288,2014.0,Q4,2014-10-01,2014-12-31,,netcashfromcontinuingfinancingactivities,paymentofdividends,Payment of Dividends,+,debit,usd,-1457000.0
Atrion Corp,ATRI,,0000701288,2014.0,Q4,2014-10-01,2014-12-31,,netcashfromcontinuingfinancingactivities,otherfinancingactivitiesnet,"Other Financing Activities, net",+,debit,usd,9000.0
Atrion Corp,ATRI,,0000701288,2014.0,Q4,2014-10-01,2014-12-31,,netcashfromfinancingactivities,netcashfromcontinuingfinancingactivities,Net Cash From Continuing Financing Activities,+,debit,usd,-12939000.0
Atrion Corp,ATRI,,0000701288,2014.0,Q4,2014-10-01,2014-12-31,,netchangeincash,netcashfromfinancingactivities,Net Cash From Financing Activities,+,debit,usd,-12939000.0
Atrion Corp,ATRI,,0000701288,2014.0,Q4,2014-10-01,2014-12-31,,,netchangeincash,Net Change in Cash & Equivalents,=,debit,usd,-6146000.0
Atrion Corp,ATRI,,0000701288,2014.0,Q4,2014-10-01,2014-12-31,,,cashincometaxespaid,Cash Income Taxes Paid,=,,usd,4082000.0
Atrion Corp,ATRI,,0000701288,2015.0,Q1,2015-01-01,2015-03-31,2015-05-06 16:41:25+00:00,netincomecontinuing,netincome,Consolidated Net Income / (Loss),+,credit,usd,7602000.0
Atrion Corp,ATRI,,0000701288,2015.0,Q1,2015-01-01,2015-03-31,2015-05-06 16:41:25+00:00,netcashfromcontinuingoperatingactivities,netincomecontinuing,Net Income / (Loss) Continuing Operations,+,credit,usd,7602000.0
Atrion Corp,ATRI,,0000701288,2015.0,Q1,2015-01-01,2015-03-31,2015-05-06 16:41:25+00:00,netcashfromcontinuingoperatingactivities,depreciationexpense,Depreciation Expense,+,debit,usd,2170000.0
Atrion Corp,ATRI,,0000701288,2015.0,Q1,2015-01-01,2015-03-31,2015-05-06 16:41:25+00:00,netcashfromcontinuingoperatingactivities,noncashadjustmentstonetincome,Non-Cash Adjustments To Reconcile Net Income,+,debit,usd,405000.0
Atrion Corp,ATRI,,0000701288,2015.0,Q1,2015-01-01,2015-03-31,2015-05-06 16:41:25+00:00,netcashfromcontinuingoperatingactivities,increasedecreaseinoperatingcapital,"Changes in Operating Assets and Liabilities, net",+,debit,usd,-2432000.0
Atrion Corp,ATRI,,0000701288,2015.0,Q1,2015-01-01,2015-03-31,2015-05-06 16:41:25+00:00,netcashfromoperatingactivities,netcashfromcontinuingoperatingactivities,Net Cash From Continuing Operating Activities,+,debit,usd,7745000.0
Atrion Corp,ATRI,,0000701288,2015.0,Q1,2015-01-01,2015-03-31,2015-05-06 16:41:25+00:00,netchangeincash,netcashfromoperatingactivities,Net Cash From Operating Activities,+,debit,usd,7745000.0
Atrion Corp,ATRI,,0000701288,2015.0,Q1,2015-01-01,2015-03-31,2015-05-06 16:41:25+00:00,netcashfromcontinuinginvestingactivities,purchaseofplantpropertyandequipment,"Purchase of Property, Plant & Equipment",+,debit,usd,-2661000.0
Atrion Corp,ATRI,,0000701288,2015.0,Q1,2015-01-01,2015-03-31,2015-05-06 16:41:25+00:00,netcashfromcontinuinginvestingactivities,purchaseofinvestments,Purchase of Investments,+,debit,usd,0.0
Atrion Corp,ATRI,,0000701288,2015.0,Q1,2015-01-01,2015-03-31,2015-05-06 16:41:25+00:00,netcashfromcontinuinginvestingactivities,saleofinvestments,Sale and/or Maturity of Investments,+,debit,usd,8400000.0
Atrion Corp,ATRI,,0000701288,2015.0,Q1,2015-01-01,2015-03-31,2015-05-06 16:41:25+00:00,netcashfrominvestingactivities,netcashfromcontinuinginvestingactivities,Net Cash From Continuing Investing Activities,+,debit,usd,5739000.0
Atrion Corp,ATRI,,0000701288,2015.0,Q1,2015-01-01,2015-03-31,2015-05-06 16:41:25+00:00,netchangeincash,netcashfrominvestingactivities,Net Cash From Investing Activities,+,debit,usd,5739000.0
Atrion Corp,ATRI,,0000701288,2015.0,Q1,2015-01-01,2015-03-31,2015-05-06 16:41:25+00:00,netcashfromcontinuingfinancingactivities,repurchaseofcommonequity,Repurchase of Common Equity,+,debit,usd,-16985000.0
Atrion Corp,ATRI,,0000701288,2015.0,Q1,2015-01-01,2015-03-31,2015-05-06 16:41:25+00:00,netcashfromcontinuingfinancingactivities,paymentofdividends,Payment of Dividends,+,debit,usd,-1403000.0
Atrion Corp,ATRI,,0000701288,2015.0,Q1,2015-01-01,2015-03-31,2015-05-06 16:41:25+00:00,netcashfromfinancingactivities,netcashfromcontinuingfinancingactivities,Net Cash From Continuing Financing Activities,+,debit,usd,-18388000.0
Atrion Corp,ATRI,,0000701288,2015.0,Q1,2015-01-01,2015-03-31,2015-05-06 16:41:25+00:00,netchangeincash,netcashfromfinancingactivities,Net Cash From Financing Activities,+,debit,usd,-18388000.0
Atrion Corp,ATRI,,0000701288,2015.0,Q1,2015-01-01,2015-03-31,2015-05-06 16:41:25+00:00,,netchangeincash,Net Change in Cash & Equivalents,=,debit,usd,-4904000.0
Atrion Corp,ATRI,,0000701288,2015.0,Q1,2015-01-01,2015-03-31,2015-05-06 16:41:25+00:00,,cashincometaxespaid,Cash Income Taxes Paid,=,,usd,87000.0
Atrion Corp,ATRI,,0000701288,2015.0,Q2,2015-04-01,2015-06-30,,netincomecontinuing,netincome,Consolidated Net Income / (Loss),+,credit,usd,7473000.0
Atrion Corp,ATRI,,0000701288,2015.0,Q2,2015-04-01,2015-06-30,,netcashfromcontinuingoperatingactivities,netincomecontinuing,Net Income / (Loss) Continuing Operations,+,credit,usd,7473000.0
Atrion Corp,ATRI,,0000701288,2015.0,Q2,2015-04-01,2015-06-30,,netcashfromcontinuingoperatingactivities,depreciationexpense,Depreciation Expense,+,debit,usd,2333000.0
Atrion Corp,ATRI,,0000701288,2015.0,Q2,2015-04-01,2015-06-30,,netcashfromcontinuingoperatingactivities,noncashadjustmentstonetincome,Non-Cash Adjustments To Reconcile Net Income,+,debit,usd,666000.0
Atrion Corp,ATRI,,0000701288,2015.0,Q2,2015-04-01,2015-06-30,,netcashfromcontinuingoperatingactivities,increasedecreaseinoperatingcapital,"Changes in Operating Assets and Liabilities, net",+,debit,usd,-295000.0
Atrion Corp,ATRI,,0000701288,2015.0,Q2,2015-04-01,2015-06-30,,netcashfromoperatingactivities,netcashfromcontinuingoperatingactivities,Net Cash From Continuing Operating Activities,+,debit,usd,10177000.0
Atrion Corp,ATRI,,0000701288,2015.0,Q2,2015-04-01,2015-06-30,,netchangeincash,netcashfromoperatingactivities,Net Cash From Operating Activities,+,debit,usd,10177000.0
Atrion Corp,ATRI,,0000701288,2015.0,Q2,2015-04-01,2015-06-30,,netcashfromcontinuinginvestingactivities,purchaseofplantpropertyandequipment,"Purchase of Property, Plant & Equipment",+,debit,usd,-1997000.0
Atrion Corp,ATRI,,0000701288,2015.0,Q2,2015-04-01,2015-06-30,,netcashfromcontinuinginvestingactivities,saleofinvestments,Sale and/or Maturity of Investments,+,debit,usd,5000000.0
Atrion Corp,ATRI,,0000701288,2015.0,Q2,2015-04-01,2015-06-30,,netcashfrominvestingactivities,netcashfromcontinuinginvestingactivities,Net Cash From Continuing Investing Activities,+,debit,usd,3003000.0
Atrion Corp,ATRI,,0000701288,2015.0,Q2,2015-04-01,2015-06-30,,netchangeincash,netcashfrominvestingactivities,Net Cash From Investing Activities,+,debit,usd,3003000.0
Atrion Corp,ATRI,,0000701288,2015.0,Q2,2015-04-01,2015-06-30,,netcashfromcontinuingfinancingactivities,repurchaseofcommonequity,Repurchase of Common Equity,+,debit,usd,-8087000.0
Atrion Corp,ATRI,,0000701288,2015.0,Q2,2015-04-01,2015-06-30,,netcashfromcontinuingfinancingactivities,paymentofdividends,Payment of Dividends,+,debit,usd,-1379000.0
Atrion Corp,ATRI,,0000701288,2015.0,Q2,2015-04-01,2015-06-30,,netcashfromcontinuingfinancingactivities,otherfinancingactivitiesnet,"Other Financing Activities, net",+,debit,usd,-5000.0
Atrion Corp,ATRI,,0000701288,2015.0,Q2,2015-04-01,2015-06-30,,netcashfromfinancingactivities,netcashfromcontinuingfinancingactivities,Net Cash From Continuing Financing Activities,+,debit,usd,-9471000.0
Atrion Corp,ATRI,,0000701288,2015.0,Q2,2015-04-01,2015-06-30,,netchangeincash,netcashfromfinancingactivities,Net Cash From Financing Activities,+,debit,usd,-9471000.0
Atrion Corp,ATRI,,0000701288,2015.0,Q2,2015-04-01,2015-06-30,,,netchangeincash,Net Change in Cash & Equivalents,=,debit,usd,3709000.0
Atrion Corp,ATRI,,0000701288,2015.0,Q2,2015-04-01,2015-06-30,,,cashincometaxespaid,Cash Income Taxes Paid,=,,usd,5051000.0
Atrion Corp,ATRI,,0000701288,2015.0,Q3,2015-07-01,2015-09-30,,netincomecontinuing,netincome,Consolidated Net Income / (Loss),+,credit,usd,7800000.0
Atrion Corp,ATRI,,0000701288,2015.0,Q3,2015-07-01,2015-09-30,,netcashfromcontinuingoperatingactivities,netincomecontinuing,Net Income / (Loss) Continuing Operations,+,credit,usd,7800000.0
Atrion Corp,ATRI,,0000701288,2015.0,Q3,2015-07-01,2015-09-30,,netcashfromcontinuingoperatingactivities,depreciationexpense,Depreciation Expense,+,debit,usd,2160000.0
Atrion Corp,ATRI,,0000701288,2015.0,Q3,2015-07-01,2015-09-30,,netcashfromcontinuingoperatingactivities,noncashadjustmentstonetincome,Non-Cash Adjustments To Reconcile Net Income,+,debit,usd,400000.0
Atrion Corp,ATRI,,0000701288,2015.0,Q3,2015-07-01,2015-09-30,,netcashfromcontinuingoperatingactivities,increasedecreaseinoperatingcapital,"Changes in Operating Assets and Liabilities, net",+,debit,usd,2201000.0
Atrion Corp,ATRI,,0000701288,2015.0,Q3,2015-07-01,2015-09-30,,netcashfromoperatingactivities,netcashfromcontinuingoperatingactivities,Net Cash From Continuing Operating Activities,+,debit,usd,12561000.0
Atrion Corp,ATRI,,0000701288,2015.0,Q3,2015-07-01,2015-09-30,,netchangeincash,netcashfromoperatingactivities,Net Cash From Operating Activities,+,debit,usd,12561000.0
Atrion Corp,ATRI,,0000701288,2015.0,Q3,2015-07-01,2015-09-30,,netcashfromcontinuinginvestingactivities,purchaseofplantpropertyandequipment,"Purchase of Property, Plant & Equipment",+,debit,usd,-1465000.0
Atrion Corp,ATRI,,0000701288,2015.0,Q3,2015-07-01,2015-09-30,,netcashfrominvestingactivities,netcashfromcontinuinginvestingactivities,Net Cash From Continuing Investing Activities,+,debit,usd,-1465000.0
Atrion Corp,ATRI,,0000701288,2015.0,Q3,2015-07-01,2015-09-30,,netchangeincash,netcashfrominvestingactivities,Net Cash From Investing Activities,+,debit,usd,-1465000.0
Atrion Corp,ATRI,,0000701288,2015.0,Q3,2015-07-01,2015-09-30,,netcashfromcontinuingfinancingactivities,repurchaseofcommonequity,Repurchase of Common Equity,+,debit,usd,-5626000.0
Atrion Corp,ATRI,,0000701288,2015.0,Q3,2015-07-01,2015-09-30,,netcashfromcontinuingfinancingactivities,paymentofdividends,Payment of Dividends,+,debit,usd,-1646000.0
Atrion Corp,ATRI,,0000701288,2015.0,Q3,2015-07-01,2015-09-30,,netcashfromcontinuingfinancingactivities,otherfinancingactivitiesnet,"Other Financing Activities, net",+,debit,usd,1000.0
Atrion Corp,ATRI,,0000701288,2015.0,Q3,2015-07-01,2015-09-30,,netcashfromfinancingactivities,netcashfromcontinuingfinancingactivities,Net Cash From Continuing Financing Activities,+,debit,usd,-7271000.0
Atrion Corp,ATRI,,0000701288,2015.0,Q3,2015-07-01,2015-09-30,,netchangeincash,netcashfromfinancingactivities,Net Cash From Financing Activities,+,debit,usd,-7271000.0
Atrion Corp,ATRI,,0000701288,2015.0,Q3,2015-07-01,2015-09-30,,,netchangeincash,Net Change in Cash & Equivalents,=,debit,usd,3825000.0
Atrion Corp,ATRI,,0000701288,2015.0,Q3,2015-07-01,2015-09-30,,,cashincometaxespaid,Cash Income Taxes Paid,=,,usd,3140000.0
Atrion Corp,ATRI,,0000701288,2015.0,Q4,2015-10-01,2015-12-31,,netincomecontinuing,netincome,Consolidated Net Income / (Loss),+,credit,usd,6050000.0
Atrion Corp,ATRI,,0000701288,2015.0,Q4,2015-10-01,2015-12-31,,netcashfromcontinuingoperatingactivities,netincomecontinuing,Net Income / (Loss) Continuing Operations,+,credit,usd,6050000.0
Atrion Corp,ATRI,,0000701288,2015.0,Q4,2015-10-01,2015-12-31,,netcashfromcontinuingoperatingactivities,depreciationexpense,Depreciation Expense,+,debit,usd,2160000.0
Atrion Corp,ATRI,,0000701288,2015.0,Q4,2015-10-01,2015-12-31,,netcashfromcontinuingoperatingactivities,noncashadjustmentstonetincome,Non-Cash Adjustments To Reconcile Net Income,+,debit,usd,2900000.0
Atrion Corp,ATRI,,0000701288,2015.0,Q4,2015-10-01,2015-12-31,,netcashfromcontinuingoperatingactivities,increasedecreaseinoperatingcapital,"Changes in Operating Assets and Liabilities, net",+,debit,usd,-1166000.0
Atrion Corp,ATRI,,0000701288,2015.0,Q4,2015-10-01,2015-12-31,,netcashfromoperatingactivities,netcashfromcontinuingoperatingactivities,Net Cash From Continuing Operating Activities,+,debit,usd,9944000.0
Atrion Corp,ATRI,,0000701288,2015.0,Q4,2015-10-01,2015-12-31,,netchangeincash,netcashfromoperatingactivities,Net Cash From Operating Activities,+,debit,usd,9944000.0
Atrion Corp,ATRI,,0000701288,2015.0,Q4,2015-10-01,2015-12-31,,netcashfromcontinuinginvestingactivities,purchaseofplantpropertyandequipment,"Purchase of Property, Plant & Equipment",+,debit,usd,-3200000.0
Atrion Corp,ATRI,,0000701288,2015.0,Q4,2015-10-01,2015-12-31,,netcashfromcontinuinginvestingactivities,purchaseofinvestments,Purchase of Investments,+,debit,usd,-168000.0
Atrion Corp,ATRI,,0000701288,2015.0,Q4,2015-10-01,2015-12-31,,netcashfrominvestingactivities,netcashfromcontinuinginvestingactivities,Net Cash From Continuing Investing Activities,+,debit,usd,-3368000.0
Atrion Corp,ATRI,,0000701288,2015.0,Q4,2015-10-01,2015-12-31,,netchangeincash,netcashfrominvestingactivities,Net Cash From Investing Activities,+,debit,usd,-3368000.0
Atrion Corp,ATRI,,0000701288,2015.0,Q4,2015-10-01,2015-12-31,,netcashfromcontinuingfinancingactivities,paymentofdividends,Payment of Dividends,+,debit,usd,-1641000.0
Atrion Corp,ATRI,,0000701288,2015.0,Q4,2015-10-01,2015-12-31,,netcashfromcontinuingfinancingactivities,otherfinancingactivitiesnet,"Other Financing Activities, net",+,debit,usd,6000.0
Atrion Corp,ATRI,,0000701288,2015.0,Q4,2015-10-01,2015-12-31,,netcashfromfinancingactivities,netcashfromcontinuingfinancingactivities,Net Cash From Continuing Financing Activities,+,debit,usd,-1635000.0
Atrion Corp,ATRI,,0000701288,2015.0,Q4,2015-10-01,2015-12-31,,netchangeincash,netcashfromfinancingactivities,Net Cash From Financing Activities,+,debit,usd,-1635000.0
Atrion Corp,ATRI,,0000701288,2015.0,Q4,2015-10-01,2015-12-31,,,netchangeincash,Net Change in Cash & Equivalents,=,debit,usd,4941000.0
Atrion Corp,ATRI,,0000701288,2015.0,Q4,2015-10-01,2015-12-31,,,cashincometaxespaid,Cash Income Taxes Paid,=,,usd,4622000.0
Atrion Corp,ATRI,,0000701288,2016.0,Q1,2016-01-01,2016-03-31,2017-05-10 16:42:29+00:00,netincomecontinuing,netincome,Consolidated Net Income / (Loss),+,credit,usd,6945000.0
Atrion Corp,ATRI,,0000701288,2016.0,Q1,2016-01-01,2016-03-31,2017-05-10 16:42:29+00:00,netcashfromcontinuingoperatingactivities,netincomecontinuing,Net Income / (Loss) Continuing Operations,+,credit,usd,6945000.0
Atrion Corp,ATRI,,0000701288,2016.0,Q1,2016-01-01,2016-03-31,2017-05-10 16:42:29+00:00,netcashfromcontinuingoperatingactivities,depreciationexpense,Depreciation Expense,+,debit,usd,2212000.0
Atrion Corp,ATRI,,0000701288,2016.0,Q1,2016-01-01,2016-03-31,2017-05-10 16:42:29+00:00,netcashfromcontinuingoperatingactivities,noncashadjustmentstonetincome,Non-Cash Adjustments To Reconcile Net Income,+,debit,usd,836000.0
Atrion Corp,ATRI,,0000701288,2016.0,Q1,2016-01-01,2016-03-31,2017-05-10 16:42:29+00:00,netcashfromcontinuingoperatingactivities,increasedecreaseinoperatingcapital,"Changes in Operating Assets and Liabilities, net",+,debit,usd,-2855000.0
Atrion Corp,ATRI,,0000701288,2016.0,Q1,2016-01-01,2016-03-31,2017-05-10 16:42:29+00:00,netcashfromoperatingactivities,netcashfromcontinuingoperatingactivities,Net Cash From Continuing Operating Activities,+,debit,usd,7138000.0
Atrion Corp,ATRI,,0000701288,2016.0,Q1,2016-01-01,2016-03-31,2017-05-10 16:42:29+00:00,netchangeincash,netcashfromoperatingactivities,Net Cash From Operating Activities,+,debit,usd,7138000.0
Atrion Corp,ATRI,,0000701288,2016.0,Q1,2016-01-01,2016-03-31,2017-05-10 16:42:29+00:00,netcashfromcontinuinginvestingactivities,purchaseofplantpropertyandequipment,"Purchase of Property, Plant & Equipment",+,debit,usd,-2947000.0
Atrion Corp,ATRI,,0000701288,2016.0,Q1,2016-01-01,2016-03-31,2017-05-10 16:42:29+00:00,netcashfromcontinuinginvestingactivities,purchaseofinvestments,Purchase of Investments,+,debit,usd,-1676000.0
Atrion Corp,ATRI,,0000701288,2016.0,Q1,2016-01-01,2016-03-31,2017-05-10 16:42:29+00:00,netcashfromcontinuinginvestingactivities,saleofinvestments,Sale and/or Maturity of Investments,+,debit,usd,0.0
Atrion Corp,ATRI,,0000701288,2016.0,Q1,2016-01-01,2016-03-31,2017-05-10 16:42:29+00:00,netcashfrominvestingactivities,netcashfromcontinuinginvestingactivities,Net Cash From Continuing Investing Activities,+,debit,usd,-4623000.0
Atrion Corp,ATRI,,0000701288,2016.0,Q1,2016-01-01,2016-03-31,2017-05-10 16:42:29+00:00,netchangeincash,netcashfrominvestingactivities,Net Cash From Investing Activities,+,debit,usd,-4623000.0
Atrion Corp,ATRI,,0000701288,2016.0,Q1,2016-01-01,2016-03-31,2017-05-10 16:42:29+00:00,netcashfromcontinuingfinancingactivities,repurchaseofcommonequity,Repurchase of Common Equity,+,debit,usd,-1276000.0
Atrion Corp,ATRI,,0000701288,2016.0,Q1,2016-01-01,2016-03-31,2017-05-10 16:42:29+00:00,netcashfromcontinuingfinancingactivities,paymentofdividends,Payment of Dividends,+,debit,usd,-1638000.0
Atrion Corp,ATRI,,0000701288,2016.0,Q1,2016-01-01,2016-03-31,2017-05-10 16:42:29+00:00,netcashfromcontinuingfinancingactivities,otherfinancingactivitiesnet,"Other Financing Activities, net",+,debit,usd,0.0
Atrion Corp,ATRI,,0000701288,2016.0,Q1,2016-01-01,2016-03-31,2017-05-10 16:42:29+00:00,netcashfromfinancingactivities,netcashfromcontinuingfinancingactivities,Net Cash From Continuing Financing Activities,+,debit,usd,-2914000.0
Atrion Corp,ATRI,,0000701288,2016.0,Q1,2016-01-01,2016-03-31,2017-05-10 16:42:29+00:00,netchangeincash,netcashfromfinancingactivities,Net Cash From Financing Activities,+,debit,usd,-2914000.0
Atrion Corp,ATRI,,0000701288,2016.0,Q1,2016-01-01,2016-03-31,2017-05-10 16:42:29+00:00,,netchangeincash,Net Change in Cash & Equivalents,=,debit,usd,-399000.0
Atrion Corp,ATRI,,0000701288,2016.0,Q1,2016-01-01,2016-03-31,2017-05-10 16:42:29+00:00,,cashincometaxespaid,Cash Income Taxes Paid,=,,usd,104000.0
Atrion Corp,ATRI,,0000701288,2016.0,Q2,2016-04-01,2016-06-30,,netincomecontinuing,netincome,Consolidated Net Income / (Loss),+,credit,usd,7451000.0
Atrion Corp,ATRI,,0000701288,2016.0,Q2,2016-04-01,2016-06-30,,netcashfromcontinuingoperatingactivities,netincomecontinuing,Net Income / (Loss) Continuing Operations,+,credit,usd,7451000.0
Atrion Corp,ATRI,,0000701288,2016.0,Q2,2016-04-01,2016-06-30,,netcashfromcontinuingoperatingactivities,depreciationexpense,Depreciation Expense,+,debit,usd,2230000.0
Atrion Corp,ATRI,,0000701288,2016.0,Q2,2016-04-01,2016-06-30,,netcashfromcontinuingoperatingactivities,noncashadjustmentstonetincome,Non-Cash Adjustments To Reconcile Net Income,+,debit,usd,590000.0
Atrion Corp,ATRI,,0000701288,2016.0,Q2,2016-04-01,2016-06-30,,netcashfromcontinuingoperatingactivities,increasedecreaseinoperatingcapital,"Changes in Operating Assets and Liabilities, net",+,debit,usd,-2389000.0
Atrion Corp,ATRI,,0000701288,2016.0,Q2,2016-04-01,2016-06-30,,netcashfromoperatingactivities,netcashfromcontinuingoperatingactivities,Net Cash From Continuing Operating Activities,+,debit,usd,7882000.0
Atrion Corp,ATRI,,0000701288,2016.0,Q2,2016-04-01,2016-06-30,,netchangeincash,netcashfromoperatingactivities,Net Cash From Operating Activities,+,debit,usd,7882000.0
Atrion Corp,ATRI,,0000701288,2016.0,Q2,2016-04-01,2016-06-30,,netcashfromcontinuinginvestingactivities,purchaseofplantpropertyandequipment,"Purchase of Property, Plant & Equipment",+,debit,usd,-2345000.0
Atrion Corp,ATRI,,0000701288,2016.0,Q2,2016-04-01,2016-06-30,,netcashfromcontinuinginvestingactivities,purchaseofinvestments,Purchase of Investments,+,debit,usd,-5123000.0
Atrion Corp,ATRI,,0000701288,2016.0,Q2,2016-04-01,2016-06-30,,netcashfromcontinuinginvestingactivities,saleofinvestments,Sale and/or Maturity of Investments,+,debit,usd,5210000.0
Atrion Corp,ATRI,,0000701288,2016.0,Q2,2016-04-01,2016-06-30,,netcashfrominvestingactivities,netcashfromcontinuinginvestingactivities,Net Cash From Continuing Investing Activities,+,debit,usd,-2258000.0
Atrion Corp,ATRI,,0000701288,2016.0,Q2,2016-04-01,2016-06-30,,netchangeincash,netcashfrominvestingactivities,Net Cash From Investing Activities,+,debit,usd,-2258000.0
Atrion Corp,ATRI,,0000701288,2016.0,Q2,2016-04-01,2016-06-30,,netcashfromcontinuingfinancingactivities,paymentofdividends,Payment of Dividends,+,debit,usd,-1642000.0
Atrion Corp,ATRI,,0000701288,2016.0,Q2,2016-04-01,2016-06-30,,netcashfromcontinuingfinancingactivities,otherfinancingactivitiesnet,"Other Financing Activities, net",+,debit,usd,-1112000.0
Atrion Corp,ATRI,,0000701288,2016.0,Q2,2016-04-01,2016-06-30,,netcashfromfinancingactivities,netcashfromcontinuingfinancingactivities,Net Cash From Continuing Financing Activities,+,debit,usd,-2754000.0
Atrion Corp,ATRI,,0000701288,2016.0,Q2,2016-04-01,2016-06-30,,netchangeincash,netcashfromfinancingactivities,Net Cash From Financing Activities,+,debit,usd,-2754000.0
Atrion Corp,ATRI,,0000701288,2016.0,Q2,2016-04-01,2016-06-30,,,netchangeincash,Net Change in Cash & Equivalents,=,debit,usd,2870000.0
Atrion Corp,ATRI,,0000701288,2016.0,Q2,2016-04-01,2016-06-30,,,cashincometaxespaid,Cash Income Taxes Paid,=,,usd,5756000.0
Atrion Corp,ATRI,,0000701288,2016.0,Q3,2016-07-01,2016-09-30,,netincomecontinuing,netincome,Consolidated Net Income / (Loss),+,credit,usd,7614000.0
Atrion Corp,ATRI,,0000701288,2016.0,Q3,2016-07-01,2016-09-30,,netcashfromcontinuingoperatingactivities,netincomecontinuing,Net Income / (Loss) Continuing Operations,+,credit,usd,7614000.0
Atrion Corp,ATRI,,0000701288,2016.0,Q3,2016-07-01,2016-09-30,,netcashfromcontinuingoperatingactivities,depreciationexpense,Depreciation Expense,+,debit,usd,2213000.0
Atrion Corp,ATRI,,0000701288,2016.0,Q3,2016-07-01,2016-09-30,,netcashfromcontinuingoperatingactivities,noncashadjustmentstonetincome,Non-Cash Adjustments To Reconcile Net Income,+,debit,usd,242000.0
Atrion Corp,ATRI,,0000701288,2016.0,Q3,2016-07-01,2016-09-30,,netcashfromcontinuingoperatingactivities,increasedecreaseinoperatingcapital,"Changes in Operating Assets and Liabilities, net",+,debit,usd,3320000.0
Atrion Corp,ATRI,,0000701288,2016.0,Q3,2016-07-01,2016-09-30,,netcashfromoperatingactivities,netcashfromcontinuingoperatingactivities,Net Cash From Continuing Operating Activities,+,debit,usd,13389000.0
Atrion Corp,ATRI,,0000701288,2016.0,Q3,2016-07-01,2016-09-30,,netchangeincash,netcashfromoperatingactivities,Net Cash From Operating Activities,+,debit,usd,13389000.0
Atrion Corp,ATRI,,0000701288,2016.0,Q3,2016-07-01,2016-09-30,,netcashfromcontinuinginvestingactivities,purchaseofplantpropertyandequipment,"Purchase of Property, Plant & Equipment",+,debit,usd,-3544000.0
Atrion Corp,ATRI,,0000701288,2016.0,Q3,2016-07-01,2016-09-30,,netcashfromcontinuinginvestingactivities,purchaseofinvestments,Purchase of Investments,+,debit,usd,-14999000.0
Atrion Corp,ATRI,,0000701288,2016.0,Q3,2016-07-01,2016-09-30,,netcashfrominvestingactivities,netcashfromcontinuinginvestingactivities,Net Cash From Continuing Investing Activities,+,debit,usd,-18543000.0
Atrion Corp,ATRI,,0000701288,2016.0,Q3,2016-07-01,2016-09-30,,netchangeincash,netcashfrominvestingactivities,Net Cash From Investing Activities,+,debit,usd,-18543000.0
Atrion Corp,ATRI,,0000701288,2016.0,Q3,2016-07-01,2016-09-30,,netcashfromcontinuingfinancingactivities,paymentofdividends,Payment of Dividends,+,debit,usd,-1916000.0
Atrion Corp,ATRI,,0000701288,2016.0,Q3,2016-07-01,2016-09-30,,netcashfromfinancingactivities,netcashfromcontinuingfinancingactivities,Net Cash From Continuing Financing Activities,+,debit,usd,-1916000.0
Atrion Corp,ATRI,,0000701288,2016.0,Q3,2016-07-01,2016-09-30,,netchangeincash,netcashfromfinancingactivities,Net Cash From Financing Activities,+,debit,usd,-1916000.0
Atrion Corp,ATRI,,0000701288,2016.0,Q3,2016-07-01,2016-09-30,,,netchangeincash,Net Change in Cash & Equivalents,=,debit,usd,-7070000.0
Atrion Corp,ATRI,,0000701288,2016.0,Q3,2016-07-01,2016-09-30,,,cashincometaxespaid,Cash Income Taxes Paid,=,,usd,1708000.0
Atrion Corp,ATRI,,0000701288,2016.0,Q4,2016-10-01,2016-12-31,,netincomecontinuing,netincome,Consolidated Net Income / (Loss),+,credit,usd,5571000.0
Atrion Corp,ATRI,,0000701288,2016.0,Q4,2016-10-01,2016-12-31,,netcashfromcontinuingoperatingactivities,netincomecontinuing,Net Income / (Loss) Continuing Operations,+,credit,usd,5571000.0
Atrion Corp,ATRI,,0000701288,2016.0,Q4,2016-10-01,2016-12-31,,netcashfromcontinuingoperatingactivities,depreciationexpense,Depreciation Expense,+,debit,usd,2298000.0
Atrion Corp,ATRI,,0000701288,2016.0,Q4,2016-10-01,2016-12-31,,netcashfromcontinuingoperatingactivities,noncashadjustmentstonetincome,Non-Cash Adjustments To Reconcile Net Income,+,debit,usd,206000.0
Atrion Corp,ATRI,,0000701288,2016.0,Q4,2016-10-01,2016-12-31,,netcashfromcontinuingoperatingactivities,increasedecreaseinoperatingcapital,"Changes in Operating Assets and Liabilities, net",+,debit,usd,919000.0
Atrion Corp,ATRI,,0000701288,2016.0,Q4,2016-10-01,2016-12-31,,netcashfromoperatingactivities,netcashfromcontinuingoperatingactivities,Net Cash From Continuing Operating Activities,+,debit,usd,8994000.0
Atrion Corp,ATRI,,0000701288,2016.0,Q4,2016-10-01,2016-12-31,,netchangeincash,netcashfromoperatingactivities,Net Cash From Operating Activities,+,debit,usd,8994000.0
Atrion Corp,ATRI,,0000701288,2016.0,Q4,2016-10-01,2016-12-31,,netcashfromcontinuinginvestingactivities,purchaseofplantpropertyandequipment,"Purchase of Property, Plant & Equipment",+,debit,usd,-1803000.0
Atrion Corp,ATRI,,0000701288,2016.0,Q4,2016-10-01,2016-12-31,,netcashfromcontinuinginvestingactivities,purchaseofinvestments,Purchase of Investments,+,debit,usd,-9001000.0
Atrion Corp,ATRI,,0000701288,2016.0,Q4,2016-10-01,2016-12-31,,netcashfromcontinuinginvestingactivities,divestitures,Divestitures,+,debit,usd,210000.0
Atrion Corp,ATRI,,0000701288,2016.0,Q4,2016-10-01,2016-12-31,,netcashfromcontinuinginvestingactivities,saleofinvestments,Sale and/or Maturity of Investments,+,debit,usd,-210000.0
Atrion Corp,ATRI,,0000701288,2016.0,Q4,2016-10-01,2016-12-31,,netcashfrominvestingactivities,netcashfromcontinuinginvestingactivities,Net Cash From Continuing Investing Activities,+,debit,usd,-10804000.0
Atrion Corp,ATRI,,0000701288,2016.0,Q4,2016-10-01,2016-12-31,,netchangeincash,netcashfrominvestingactivities,Net Cash From Investing Activities,+,debit,usd,-10804000.0
Atrion Corp,ATRI,,0000701288,2016.0,Q4,2016-10-01,2016-12-31,,netcashfromcontinuingfinancingactivities,paymentofdividends,Payment of Dividends,+,debit,usd,-1915000.0
Atrion Corp,ATRI,,0000701288,2016.0,Q4,2016-10-01,2016-12-31,,netcashfromfinancingactivities,netcashfromcontinuingfinancingactivities,Net Cash From Continuing Financing Activities,+,debit,usd,-1915000.0
Atrion Corp,ATRI,,0000701288,2016.0,Q4,2016-10-01,2016-12-31,,netchangeincash,netcashfromfinancingactivities,Net Cash From Financing Activities,+,debit,usd,-1915000.0
Atrion Corp,ATRI,,0000701288,2016.0,Q4,2016-10-01,2016-12-31,,,netchangeincash,Net Change in Cash & Equivalents,=,debit,usd,-3725000.0
Atrion Corp,ATRI,,0000701288,2016.0,Q4,2016-10-01,2016-12-31,,,cashincometaxespaid,Cash Income Taxes Paid,=,,usd,3182000.0
Atrion Corp,ATRI,,0000701288,2017.0,Q1,2017-01-01,2017-03-31,2018-05-09 16:40:53+00:00,netincomecontinuing,netincome,Consolidated Net Income / (Loss),+,credit,usd,9950000.0
Atrion Corp,ATRI,,0000701288,2017.0,Q1,2017-01-01,2017-03-31,2018-05-09 16:40:53+00:00,netcashfromcontinuingoperatingactivities,netincomecontinuing,Net Income / (Loss) Continuing Operations,+,credit,usd,9950000.0
Atrion Corp,ATRI,,0000701288,2017.0,Q1,2017-01-01,2017-03-31,2018-05-09 16:40:53+00:00,netcashfromcontinuingoperatingactivities,depreciationexpense,Depreciation Expense,+,debit,usd,2099000.0
Atrion Corp,ATRI,,0000701288,2017.0,Q1,2017-01-01,2017-03-31,2018-05-09 16:40:53+00:00,netcashfromcontinuingoperatingactivities,noncashadjustmentstonetincome,Non-Cash Adjustments To Reconcile Net Income,+,debit,usd,275000.0
Atrion Corp,ATRI,,0000701288,2017.0,Q1,2017-01-01,2017-03-31,2018-05-09 16:40:53+00:00,netcashfromcontinuingoperatingactivities,increasedecreaseinoperatingcapital,"Changes in Operating Assets and Liabilities, net",+,debit,usd,-2329000.0
Atrion Corp,ATRI,,0000701288,2017.0,Q1,2017-01-01,2017-03-31,2018-05-09 16:40:53+00:00,netcashfromoperatingactivities,netcashfromcontinuingoperatingactivities,Net Cash From Continuing Operating Activities,+,debit,usd,9995000.0
Atrion Corp,ATRI,,0000701288,2017.0,Q1,2017-01-01,2017-03-31,2018-05-09 16:40:53+00:00,netchangeincash,netcashfromoperatingactivities,Net Cash From Operating Activities,+,debit,usd,9995000.0
Atrion Corp,ATRI,,0000701288,2017.0,Q1,2017-01-01,2017-03-31,2018-05-09 16:40:53+00:00,netcashfromcontinuinginvestingactivities,purchaseofplantpropertyandequipment,"Purchase of Property, Plant & Equipment",+,debit,usd,-2373000.0
Atrion Corp,ATRI,,0000701288,2017.0,Q1,2017-01-01,2017-03-31,2018-05-09 16:40:53+00:00,netcashfromcontinuinginvestingactivities,purchaseofinvestments,Purchase of Investments,+,debit,usd,-19911000.0
Atrion Corp,ATRI,,0000701288,2017.0,Q1,2017-01-01,2017-03-31,2018-05-09 16:40:53+00:00,netcashfromcontinuinginvestingactivities,saleofinvestments,Sale and/or Maturity of Investments,+,debit,usd,15000000.0
Atrion Corp,ATRI,,0000701288,2017.0,Q1,2017-01-01,2017-03-31,2018-05-09 16:40:53+00:00,netcashfrominvestingactivities,netcashfromcontinuinginvestingactivities,Net Cash From Continuing Investing Activities,+,debit,usd,-7284000.0
Atrion Corp,ATRI,,0000701288,2017.0,Q1,2017-01-01,2017-03-31,2018-05-09 16:40:53+00:00,netchangeincash,netcashfrominvestingactivities,Net Cash From Investing Activities,+,debit,usd,-7284000.0
Atrion Corp,ATRI,,0000701288,2017.0,Q1,2017-01-01,2017-03-31,2018-05-09 16:40:53+00:00,netcashfromcontinuingfinancingactivities,paymentofdividends,Payment of Dividends,+,debit,usd,-1929000.0
Atrion Corp,ATRI,,0000701288,2017.0,Q1,2017-01-01,2017-03-31,2018-05-09 16:40:53+00:00,netcashfromcontinuingfinancingactivities,otherfinancingactivitiesnet,"Other Financing Activities, net",+,debit,usd,-3275000.0
Atrion Corp,ATRI,,0000701288,2017.0,Q1,2017-01-01,2017-03-31,2018-05-09 16:40:53+00:00,netcashfromfinancingactivities,netcashfromcontinuingfinancingactivities,Net Cash From Continuing Financing Activities,+,debit,usd,-5204000.0
Atrion Corp,ATRI,,0000701288,2017.0,Q1,2017-01-01,2017-03-31,2018-05-09 16:40:53+00:00,netchangeincash,netcashfromfinancingactivities,Net Cash From Financing Activities,+,debit,usd,-5204000.0
Atrion Corp,ATRI,,0000701288,2017.0,Q1,2017-01-01,2017-03-31,2018-05-09 16:40:53+00:00,,netchangeincash,Net Change in Cash & Equivalents,=,debit,usd,-2493000.0
Atrion Corp,ATRI,,0000701288,2017.0,Q1,2017-01-01,2017-03-31,2018-05-09 16:40:53+00:00,,cashincometaxespaid,Cash Income Taxes Paid,=,,usd,29000.0
Atrion Corp,ATRI,,0000701288,2017.0,Q2,2017-04-01,2017-06-30,,netincomecontinuing,netincome,Consolidated Net Income / (Loss),+,credit,usd,10026000.0
Atrion Corp,ATRI,,0000701288,2017.0,Q2,2017-04-01,2017-06-30,,netcashfromcontinuingoperatingactivities,netincomecontinuing,Net Income / (Loss) Continuing Operations,+,credit,usd,10026000.0
Atrion Corp,ATRI,,0000701288,2017.0,Q2,2017-04-01,2017-06-30,,netcashfromcontinuingoperatingactivities,depreciationexpense,Depreciation Expense,+,debit,usd,2124000.0
Atrion Corp,ATRI,,0000701288,2017.0,Q2,2017-04-01,2017-06-30,,netcashfromcontinuingoperatingactivities,noncashadjustmentstonetincome,Non-Cash Adjustments To Reconcile Net Income,+,debit,usd,630000.0
Atrion Corp,ATRI,,0000701288,2017.0,Q2,2017-04-01,2017-06-30,,netcashfromcontinuingoperatingactivities,increasedecreaseinoperatingcapital,"Changes in Operating Assets and Liabilities, net",+,debit,usd,-2629000.0
Atrion Corp,ATRI,,0000701288,2017.0,Q2,2017-04-01,2017-06-30,,netcashfromoperatingactivities,netcashfromcontinuingoperatingactivities,Net Cash From Continuing Operating Activities,+,debit,usd,10147000.0
Atrion Corp,ATRI,,0000701288,2017.0,Q2,2017-04-01,2017-06-30,,netchangeincash,netcashfromoperatingactivities,Net Cash From Operating Activities,+,debit,usd,10147000.0
Atrion Corp,ATRI,,0000701288,2017.0,Q2,2017-04-01,2017-06-30,,netcashfromcontinuinginvestingactivities,purchaseofplantpropertyandequipment,"Purchase of Property, Plant & Equipment",+,debit,usd,-3049000.0
Atrion Corp,ATRI,,0000701288,2017.0,Q2,2017-04-01,2017-06-30,,netcashfromcontinuinginvestingactivities,purchaseofinvestments,Purchase of Investments,+,debit,usd,-2000000.0
Atrion Corp,ATRI,,0000701288,2017.0,Q2,2017-04-01,2017-06-30,,netcashfromcontinuinginvestingactivities,saleofinvestments,Sale and/or Maturity of Investments,+,debit,usd,4000000.0
Atrion Corp,ATRI,,0000701288,2017.0,Q2,2017-04-01,2017-06-30,,netcashfrominvestingactivities,netcashfromcontinuinginvestingactivities,Net Cash From Continuing Investing Activities,+,debit,usd,-1049000.0
Atrion Corp,ATRI,,0000701288,2017.0,Q2,2017-04-01,2017-06-30,,netchangeincash,netcashfrominvestingactivities,Net Cash From Investing Activities,+,debit,usd,-1049000.0
Atrion Corp,ATRI,,0000701288,2017.0,Q2,2017-04-01,2017-06-30,,netcashfromcontinuingfinancingactivities,paymentofdividends,Payment of Dividends,+,debit,usd,-1944000.0
Atrion Corp,ATRI,,0000701288,2017.0,Q2,2017-04-01,2017-06-30,,netcashfromcontinuingfinancingactivities,otherfinancingactivitiesnet,"Other Financing Activities, net",+,debit,usd,-4460000.0
Atrion Corp,ATRI,,0000701288,2017.0,Q2,2017-04-01,2017-06-30,,netcashfromfinancingactivities,netcashfromcontinuingfinancingactivities,Net Cash From Continuing Financing Activities,+,debit,usd,-6404000.0
Atrion Corp,ATRI,,0000701288,2017.0,Q2,2017-04-01,2017-06-30,,netchangeincash,netcashfromfinancingactivities,Net Cash From Financing Activities,+,debit,usd,-6404000.0
Atrion Corp,ATRI,,0000701288,2017.0,Q2,2017-04-01,2017-06-30,,,netchangeincash,Net Change in Cash & Equivalents,=,debit,usd,2694000.0
Atrion Corp,ATRI,,0000701288,2017.0,Q2,2017-04-01,2017-06-30,,,cashincometaxespaid,Cash Income Taxes Paid,=,,usd,2266000.0
Atrion Corp,ATRI,,0000701288,2017.0,Q3,2017-07-01,2017-09-30,,netincomecontinuing,netincome,Consolidated Net Income / (Loss),+,credit,usd,7971000.0
Atrion Corp,ATRI,,0000701288,2017.0,Q3,2017-07-01,2017-09-30,,netcashfromcontinuingoperatingactivities,netincomecontinuing,Net Income / (Loss) Continuing Operations,+,credit,usd,7971000.0
Atrion Corp,ATRI,,0000701288,2017.0,Q3,2017-07-01,2017-09-30,,netcashfromcontinuingoperatingactivities,depreciationexpense,Depreciation Expense,+,debit,usd,2235000.0
Atrion Corp,ATRI,,0000701288,2017.0,Q3,2017-07-01,2017-09-30,,netcashfromcontinuingoperatingactivities,noncashadjustmentstonetincome,Non-Cash Adjustments To Reconcile Net Income,+,debit,usd,337000.0
Atrion Corp,ATRI,,0000701288,2017.0,Q3,2017-07-01,2017-09-30,,netcashfromcontinuingoperatingactivities,increasedecreaseinoperatingcapital,"Changes in Operating Assets and Liabilities, net",+,debit,usd,6420000.0
Atrion Corp,ATRI,,0000701288,2017.0,Q3,2017-07-01,2017-09-30,,netcashfromoperatingactivities,netcashfromcontinuingoperatingactivities,Net Cash From Continuing Operating Activities,+,debit,usd,16963000.0
Atrion Corp,ATRI,,0000701288,2017.0,Q3,2017-07-01,2017-09-30,,netchangeincash,netcashfromoperatingactivities,Net Cash From Operating Activities,+,debit,usd,16963000.0
Atrion Corp,ATRI,,0000701288,2017.0,Q3,2017-07-01,2017-09-30,,netcashfromcontinuinginvestingactivities,purchaseofplantpropertyandequipment,"Purchase of Property, Plant & Equipment",+,debit,usd,-2168000.0
Atrion Corp,ATRI,,0000701288,2017.0,Q3,2017-07-01,2017-09-30,,netcashfromcontinuinginvestingactivities,purchaseofinvestments,Purchase of Investments,+,debit,usd,-24801000.0
Atrion Corp,ATRI,,0000701288,2017.0,Q3,2017-07-01,2017-09-30,,netcashfromcontinuinginvestingactivities,saleofinvestments,Sale and/or Maturity of Investments,+,debit,usd,13000000.0
Atrion Corp,ATRI,,0000701288,2017.0,Q3,2017-07-01,2017-09-30,,netcashfrominvestingactivities,netcashfromcontinuinginvestingactivities,Net Cash From Continuing Investing Activities,+,debit,usd,-13969000.0
Atrion Corp,ATRI,,0000701288,2017.0,Q3,2017-07-01,2017-09-30,,netchangeincash,netcashfrominvestingactivities,Net Cash From Investing Activities,+,debit,usd,-13969000.0
Atrion Corp,ATRI,,0000701288,2017.0,Q3,2017-07-01,2017-09-30,,netcashfromcontinuingfinancingactivities,paymentofdividends,Payment of Dividends,+,debit,usd,-2222000.0
Atrion Corp,ATRI,,0000701288,2017.0,Q3,2017-07-01,2017-09-30,,netcashfromfinancingactivities,netcashfromcontinuingfinancingactivities,Net Cash From Continuing Financing Activities,+,debit,usd,-2222000.0
Atrion Corp,ATRI,,0000701288,2017.0,Q3,2017-07-01,2017-09-30,,netchangeincash,netcashfromfinancingactivities,Net Cash From Financing Activities,+,debit,usd,-2222000.0
Atrion Corp,ATRI,,0000701288,2017.0,Q3,2017-07-01,2017-09-30,,,netchangeincash,Net Change in Cash & Equivalents,=,debit,usd,772000.0
Atrion Corp,ATRI,,0000701288,2017.0,Q3,2017-07-01,2017-09-30,,,cashincometaxespaid,Cash Income Taxes Paid,=,,usd,116000.0
Atrion Corp,ATRI,,0000701288,2017.0,Q4,2017-10-01,2017-12-31,,netincomecontinuing,netincome,Consolidated Net Income / (Loss),+,credit,usd,8646000.0
Atrion Corp,ATRI,,0000701288,2017.0,Q4,2017-10-01,2017-12-31,,netcashfromcontinuingoperatingactivities,netincomecontinuing,Net Income / (Loss) Continuing Operations,+,credit,usd,8646000.0
Atrion Corp,ATRI,,0000701288,2017.0,Q4,2017-10-01,2017-12-31,,netcashfromcontinuingoperatingactivities,depreciationexpense,Depreciation Expense,+,debit,usd,2219000.0
Atrion Corp,ATRI,,0000701288,2017.0,Q4,2017-10-01,2017-12-31,,netcashfromcontinuingoperatingactivities,noncashadjustmentstonetincome,Non-Cash Adjustments To Reconcile Net Income,+,debit,usd,165000.0
Atrion Corp,ATRI,,0000701288,2017.0,Q4,2017-10-01,2017-12-31,,netcashfromcontinuingoperatingactivities,increasedecreaseinoperatingcapital,"Changes in Operating Assets and Liabilities, net",+,debit,usd,-1102000.0
Atrion Corp,ATRI,,0000701288,2017.0,Q4,2017-10-01,2017-12-31,,netcashfromoperatingactivities,netcashfromcontinuingoperatingactivities,Net Cash From Continuing Operating Activities,+,debit,usd,9932000.0
Atrion Corp,ATRI,,0000701288,2017.0,Q4,2017-10-01,2017-12-31,,netchangeincash,netcashfromoperatingactivities,Net Cash From Operating Activities,+,debit,usd,9932000.0
Atrion Corp,ATRI,,0000701288,2017.0,Q4,2017-10-01,2017-12-31,,netcashfromcontinuinginvestingactivities,purchaseofplantpropertyandequipment,"Purchase of Property, Plant & Equipment",+,debit,usd,-2087000.0
Atrion Corp,ATRI,,0000701288,2017.0,Q4,2017-10-01,2017-12-31,,netcashfromcontinuinginvestingactivities,purchaseofinvestments,Purchase of Investments,+,debit,usd,-22481000.0
Atrion Corp,ATRI,,0000701288,2017.0,Q4,2017-10-01,2017-12-31,,netcashfromcontinuinginvestingactivities,saleofinvestments,Sale and/or Maturity of Investments,+,debit,usd,26000000.0
Atrion Corp,ATRI,,0000701288,2017.0,Q4,2017-10-01,2017-12-31,,netcashfrominvestingactivities,netcashfromcontinuinginvestingactivities,Net Cash From Continuing Investing Activities,+,debit,usd,1432000.0
Atrion Corp,ATRI,,0000701288,2017.0,Q4,2017-10-01,2017-12-31,,netchangeincash,netcashfrominvestingactivities,Net Cash From Investing Activities,+,debit,usd,1432000.0
Atrion Corp,ATRI,,0000701288,2017.0,Q4,2017-10-01,2017-12-31,,netcashfromcontinuingfinancingactivities,paymentofdividends,Payment of Dividends,+,debit,usd,-2223000.0
Atrion Corp,ATRI,,0000701288,2017.0,Q4,2017-10-01,2017-12-31,,netcashfromfinancingactivities,netcashfromcontinuingfinancingactivities,Net Cash From Continuing Financing Activities,+,debit,usd,-2223000.0
Atrion Corp,ATRI,,0000701288,2017.0,Q4,2017-10-01,2017-12-31,,netchangeincash,netcashfromfinancingactivities,Net Cash From Financing Activities,+,debit,usd,-2223000.0
Atrion Corp,ATRI,,0000701288,2017.0,Q4,2017-10-01,2017-12-31,,,netchangeincash,Net Change in Cash & Equivalents,=,debit,usd,9141000.0
Atrion Corp,ATRI,,0000701288,2017.0,Q4,2017-10-01,2017-12-31,,,cashincometaxespaid,Cash Income Taxes Paid,=,,usd,2548000.0
Atrion Corp,ATRI,,0000701288,2018.0,Q1,2018-01-01,2018-03-31,2019-05-08 17:11:20+00:00,netincomecontinuing,netincome,Consolidated Net Income / (Loss),+,credit,usd,8487000.0
Atrion Corp,ATRI,,0000701288,2018.0,Q1,2018-01-01,2018-03-31,2019-05-08 17:11:20+00:00,netcashfromcontinuingoperatingactivities,netincomecontinuing,Net Income / (Loss) Continuing Operations,+,credit,usd,8487000.0
Atrion Corp,ATRI,,0000701288,2018.0,Q1,2018-01-01,2018-03-31,2019-05-08 17:11:20+00:00,netcashfromcontinuingoperatingactivities,depreciationexpense,Depreciation Expense,+,debit,usd,2183000.0
Atrion Corp,ATRI,,0000701288,2018.0,Q1,2018-01-01,2018-03-31,2019-05-08 17:11:20+00:00,netcashfromcontinuingoperatingactivities,noncashadjustmentstonetincome,Non-Cash Adjustments To Reconcile Net Income,+,debit,usd,1105000.0
Atrion Corp,ATRI,,0000701288,2018.0,Q1,2018-01-01,2018-03-31,2019-05-08 17:11:20+00:00,netcashfromcontinuingoperatingactivities,increasedecreaseinoperatingcapital,"Changes in Operating Assets and Liabilities, net",+,debit,usd,-1409000.0
Atrion Corp,ATRI,,0000701288,2018.0,Q1,2018-01-01,2018-03-31,2019-05-08 17:11:20+00:00,netcashfromoperatingactivities,netcashfromcontinuingoperatingactivities,Net Cash From Continuing Operating Activities,+,debit,usd,10366000.0
Atrion Corp,ATRI,,0000701288,2018.0,Q1,2018-01-01,2018-03-31,2019-05-08 17:11:20+00:00,netchangeincash,netcashfromoperatingactivities,Net Cash From Operating Activities,+,debit,usd,10366000.0
Atrion Corp,ATRI,,0000701288,2018.0,Q1,2018-01-01,2018-03-31,2019-05-08 17:11:20+00:00,netcashfromcontinuinginvestingactivities,purchaseofplantpropertyandequipment,"Purchase of Property, Plant & Equipment",+,debit,usd,-3269000.0
Atrion Corp,ATRI,,0000701288,2018.0,Q1,2018-01-01,2018-03-31,2019-05-08 17:11:20+00:00,netcashfromcontinuinginvestingactivities,purchaseofinvestments,Purchase of Investments,+,debit,usd,-25521000.0
Atrion Corp,ATRI,,0000701288,2018.0,Q1,2018-01-01,2018-03-31,2019-05-08 17:11:20+00:00,netcashfromcontinuinginvestingactivities,saleofinvestments,Sale and/or Maturity of Investments,+,debit,usd,10691000.0
Atrion Corp,ATRI,,0000701288,2018.0,Q1,2018-01-01,2018-03-31,2019-05-08 17:11:20+00:00,netcashfrominvestingactivities,netcashfromcontinuinginvestingactivities,Net Cash From Continuing Investing Activities,+,debit,usd,-18099000.0
Atrion Corp,ATRI,,0000701288,2018.0,Q1,2018-01-01,2018-03-31,2019-05-08 17:11:20+00:00,netchangeincash,netcashfrominvestingactivities,Net Cash From Investing Activities,+,debit,usd,-18099000.0
Atrion Corp,ATRI,,0000701288,2018.0,Q1,2018-01-01,2018-03-31,2019-05-08 17:11:20+00:00,netcashfromcontinuingfinancingactivities,paymentofdividends,Payment of Dividends,+,debit,usd,-2222000.0
Atrion Corp,ATRI,,0000701288,2018.0,Q1,2018-01-01,2018-03-31,2019-05-08 17:11:20+00:00,netcashfromfinancingactivities,netcashfromcontinuingfinancingactivities,Net Cash From Continuing Financing Activities,+,debit,usd,-2222000.0
Atrion Corp,ATRI,,0000701288,2018.0,Q1,2018-01-01,2018-03-31,2019-05-08 17:11:20+00:00,netchangeincash,netcashfromfinancingactivities,Net Cash From Financing Activities,+,debit,usd,-2222000.0
Atrion Corp,ATRI,,0000701288,2018.0,Q1,2018-01-01,2018-03-31,2019-05-08 17:11:20+00:00,,netchangeincash,Net Change in Cash & Equivalents,=,debit,usd,-9955000.0
Atrion Corp,ATRI,,0000701288,2018.0,Q1,2018-01-01,2018-03-31,2019-05-08 17:11:20+00:00,,cashincometaxespaid,Cash Income Taxes Paid,=,,usd,24000.0
Atrion Corp,ATRI,,0000701288,2018.0,Q2,2018-04-01,2018-06-30,,netincomecontinuing,netincome,Consolidated Net Income / (Loss),+,credit,usd,8798000.0
Atrion Corp,ATRI,,0000701288,2018.0,Q2,2018-04-01,2018-06-30,,netcashfromcontinuingoperatingactivities,netincomecontinuing,Net Income / (Loss) Continuing Operations,+,credit,usd,8798000.0
Atrion Corp,ATRI,,0000701288,2018.0,Q2,2018-04-01,2018-06-30,,netcashfromcontinuingoperatingactivities,depreciationexpense,Depreciation Expense,+,debit,usd,2272000.0
Atrion Corp,ATRI,,0000701288,2018.0,Q2,2018-04-01,2018-06-30,,netcashfromcontinuingoperatingactivities,noncashadjustmentstonetincome,Non-Cash Adjustments To Reconcile Net Income,+,debit,usd,1012000.0
Atrion Corp,ATRI,,0000701288,2018.0,Q2,2018-04-01,2018-06-30,,netcashfromcontinuingoperatingactivities,increasedecreaseinoperatingcapital,"Changes in Operating Assets and Liabilities, net",+,debit,usd,-1535000.0
Atrion Corp,ATRI,,0000701288,2018.0,Q2,2018-04-01,2018-06-30,,netcashfromoperatingactivities,netcashfromcontinuingoperatingactivities,Net Cash From Continuing Operating Activities,+,debit,usd,10547000.0
Atrion Corp,ATRI,,0000701288,2018.0,Q2,2018-04-01,2018-06-30,,netchangeincash,netcashfromoperatingactivities,Net Cash From Operating Activities,+,debit,usd,10547000.0
Atrion Corp,ATRI,,0000701288,2018.0,Q2,2018-04-01,2018-06-30,,netcashfromcontinuinginvestingactivities,purchaseofplantpropertyandequipment,"Purchase of Property, Plant & Equipment",+,debit,usd,-4329000.0
Atrion Corp,ATRI,,0000701288,2018.0,Q2,2018-04-01,2018-06-30,,netcashfromcontinuinginvestingactivities,purchaseofinvestments,Purchase of Investments,+,debit,usd,-1366000.0
Atrion Corp,ATRI,,0000701288,2018.0,Q2,2018-04-01,2018-06-30,,netcashfromcontinuinginvestingactivities,saleofinvestments,Sale and/or Maturity of Investments,+,debit,usd,13344000.0
Atrion Corp,ATRI,,0000701288,2018.0,Q2,2018-04-01,2018-06-30,,netcashfrominvestingactivities,netcashfromcontinuinginvestingactivities,Net Cash From Continuing Investing Activities,+,debit,usd,7649000.0
Atrion Corp,ATRI,,0000701288,2018.0,Q2,2018-04-01,2018-06-30,,netchangeincash,netcashfrominvestingactivities,Net Cash From Investing Activities,+,debit,usd,7649000.0
Atrion Corp,ATRI,,0000701288,2018.0,Q2,2018-04-01,2018-06-30,,netcashfromcontinuingfinancingactivities,paymentofdividends,Payment of Dividends,+,debit,usd,-2224000.0
Atrion Corp,ATRI,,0000701288,2018.0,Q2,2018-04-01,2018-06-30,,netcashfromcontinuingfinancingactivities,otherfinancingactivitiesnet,"Other Financing Activities, net",+,debit,usd,-90000.0
Atrion Corp,ATRI,,0000701288,2018.0,Q2,2018-04-01,2018-06-30,,netcashfromfinancingactivities,netcashfromcontinuingfinancingactivities,Net Cash From Continuing Financing Activities,+,debit,usd,-2314000.0
Atrion Corp,ATRI,,0000701288,2018.0,Q2,2018-04-01,2018-06-30,,netchangeincash,netcashfromfinancingactivities,Net Cash From Financing Activities,+,debit,usd,-2314000.0
Atrion Corp,ATRI,,0000701288,2018.0,Q2,2018-04-01,2018-06-30,,,netchangeincash,Net Change in Cash & Equivalents,=,debit,usd,15882000.0
Atrion Corp,ATRI,,0000701288,2018.0,Q2,2018-04-01,2018-06-30,,,cashincometaxespaid,Cash Income Taxes Paid,=,,usd,5568000.0
Atrion Corp,ATRI,,0000701288,2018.0,Q3,2018-07-01,2018-09-30,,netincomecontinuing,netincome,Consolidated Net Income / (Loss),+,credit,usd,9221000.0
Atrion Corp,ATRI,,0000701288,2018.0,Q3,2018-07-01,2018-09-30,,netcashfromcontinuingoperatingactivities,netincomecontinuing,Net Income / (Loss) Continuing Operations,+,credit,usd,9221000.0
Atrion Corp,ATRI,,0000701288,2018.0,Q3,2018-07-01,2018-09-30,,netcashfromcontinuingoperatingactivities,depreciationexpense,Depreciation Expense,+,debit,usd,2247000.0
Atrion Corp,ATRI,,0000701288,2018.0,Q3,2018-07-01,2018-09-30,,netcashfromcontinuingoperatingactivities,noncashadjustmentstonetincome,Non-Cash Adjustments To Reconcile Net Income,+,debit,usd,-4638000.0
Atrion Corp,ATRI,,0000701288,2018.0,Q3,2018-07-01,2018-09-30,,netcashfromcontinuingoperatingactivities,increasedecreaseinoperatingcapital,"Changes in Operating Assets and Liabilities, net",+,debit,usd,4948000.0
Atrion Corp,ATRI,,0000701288,2018.0,Q3,2018-07-01,2018-09-30,,netcashfromoperatingactivities,netcashfromcontinuingoperatingactivities,Net Cash From Continuing Operating Activities,+,debit,usd,11778000.0
Atrion Corp,ATRI,,0000701288,2018.0,Q3,2018-07-01,2018-09-30,,netchangeincash,netcashfromoperatingactivities,Net Cash From Operating Activities,+,debit,usd,11778000.0
Atrion Corp,ATRI,,0000701288,2018.0,Q3,2018-07-01,2018-09-30,,netcashfromcontinuinginvestingactivities,purchaseofplantpropertyandequipment,"Purchase of Property, Plant & Equipment",+,debit,usd,-5073000.0
Atrion Corp,ATRI,,0000701288,2018.0,Q3,2018-07-01,2018-09-30,,netcashfromcontinuinginvestingactivities,purchaseofinvestments,Purchase of Investments,+,debit,usd,-114000.0
Atrion Corp,ATRI,,0000701288,2018.0,Q3,2018-07-01,2018-09-30,,netcashfromcontinuinginvestingactivities,saleofinvestments,Sale and/or Maturity of Investments,+,debit,usd,9878000.0
Atrion Corp,ATRI,,0000701288,2018.0,Q3,2018-07-01,2018-09-30,,netcashfrominvestingactivities,netcashfromcontinuinginvestingactivities,Net Cash From Continuing Investing Activities,+,debit,usd,4691000.0
Atrion Corp,ATRI,,0000701288,2018.0,Q3,2018-07-01,2018-09-30,,netchangeincash,netcashfrominvestingactivities,Net Cash From Investing Activities,+,debit,usd,4691000.0
Atrion Corp,ATRI,,0000701288,2018.0,Q3,2018-07-01,2018-09-30,,netcashfromcontinuingfinancingactivities,paymentofdividends,Payment of Dividends,+,debit,usd,-2501000.0
Atrion Corp,ATRI,,0000701288,2018.0,Q3,2018-07-01,2018-09-30,,netcashfromfinancingactivities,netcashfromcontinuingfinancingactivities,Net Cash From Continuing Financing Activities,+,debit,usd,-2501000.0
Atrion Corp,ATRI,,0000701288,2018.0,Q3,2018-07-01,2018-09-30,,netchangeincash,netcashfromfinancingactivities,Net Cash From Financing Activities,+,debit,usd,-2501000.0
Atrion Corp,ATRI,,0000701288,2018.0,Q3,2018-07-01,2018-09-30,,,netchangeincash,Net Change in Cash & Equivalents,=,debit,usd,13968000.0
Atrion Corp,ATRI,,0000701288,2018.0,Q3,2018-07-01,2018-09-30,,,cashincometaxespaid,Cash Income Taxes Paid,=,,usd,-3565000.0
Atrion Corp,ATRI,,0000701288,2018.0,Q4,2018-10-01,2018-12-31,,netincomecontinuing,netincome,Consolidated Net Income / (Loss),+,credit,usd,7749000.0
Atrion Corp,ATRI,,0000701288,2018.0,Q4,2018-10-01,2018-12-31,,netcashfromcontinuingoperatingactivities,netincomecontinuing,Net Income / (Loss) Continuing Operations,+,credit,usd,7749000.0
Atrion Corp,ATRI,,0000701288,2018.0,Q4,2018-10-01,2018-12-31,,netcashfromcontinuingoperatingactivities,depreciationexpense,Depreciation Expense,+,debit,usd,2421000.0
Atrion Corp,ATRI,,0000701288,2018.0,Q4,2018-10-01,2018-12-31,,netcashfromcontinuingoperatingactivities,noncashadjustmentstonetincome,Non-Cash Adjustments To Reconcile Net Income,+,debit,usd,5626000.0
Atrion Corp,ATRI,,0000701288,2018.0,Q4,2018-10-01,2018-12-31,,netcashfromcontinuingoperatingactivities,increasedecreaseinoperatingcapital,"Changes in Operating Assets and Liabilities, net",+,debit,usd,-5251000.0
Atrion Corp,ATRI,,0000701288,2018.0,Q4,2018-10-01,2018-12-31,,netcashfromoperatingactivities,netcashfromcontinuingoperatingactivities,Net Cash From Continuing Operating Activities,+,debit,usd,10545000.0
Atrion Corp,ATRI,,0000701288,2018.0,Q4,2018-10-01,2018-12-31,,netchangeincash,netcashfromoperatingactivities,Net Cash From Operating Activities,+,debit,usd,10545000.0
Atrion Corp,ATRI,,0000701288,2018.0,Q4,2018-10-01,2018-12-31,,netcashfromcontinuinginvestingactivities,purchaseofplantpropertyandequipment,"Purchase of Property, Plant & Equipment",+,debit,usd,-4836000.0
Atrion Corp,ATRI,,0000701288,2018.0,Q4,2018-10-01,2018-12-31,,netcashfromcontinuinginvestingactivities,purchaseofinvestments,Purchase of Investments,+,debit,usd,-1471000.0
Atrion Corp,ATRI,,0000701288,2018.0,Q4,2018-10-01,2018-12-31,,netcashfromcontinuinginvestingactivities,saleofinvestments,Sale and/or Maturity of Investments,+,debit,usd,6985000.0
Atrion Corp,ATRI,,0000701288,2018.0,Q4,2018-10-01,2018-12-31,,netcashfrominvestingactivities,netcashfromcontinuinginvestingactivities,Net Cash From Continuing Investing Activities,+,debit,usd,678000.0
Atrion Corp,ATRI,,0000701288,2018.0,Q4,2018-10-01,2018-12-31,,netchangeincash,netcashfrominvestingactivities,Net Cash From Investing Activities,+,debit,usd,678000.0
Atrion Corp,ATRI,,0000701288,2018.0,Q4,2018-10-01,2018-12-31,,netcashfromcontinuingfinancingactivities,paymentofdividends,Payment of Dividends,+,debit,usd,-2501000.0
Atrion Corp,ATRI,,0000701288,2018.0,Q4,2018-10-01,2018-12-31,,netcashfromfinancingactivities,netcashfromcontinuingfinancingactivities,Net Cash From Continuing Financing Activities,+,debit,usd,-2501000.0
Atrion Corp,ATRI,,0000701288,2018.0,Q4,2018-10-01,2018-12-31,,netchangeincash,netcashfromfinancingactivities,Net Cash From Financing Activities,+,debit,usd,-2501000.0
Atrion Corp,ATRI,,0000701288,2018.0,Q4,2018-10-01,2018-12-31,,,netchangeincash,Net Change in Cash & Equivalents,=,debit,usd,8722000.0
Atrion Corp,ATRI,,0000701288,2018.0,Q4,2018-10-01,2018-12-31,,,cashincometaxespaid,Cash Income Taxes Paid,=,,usd,7831000.0
Atrion Corp,ATRI,,0000701288,2019.0,Q1,2019-01-01,2019-03-31,2020-05-07 16:59:39+00:00,netincomecontinuing,netincome,Consolidated Net Income / (Loss),+,credit,usd,9438000.0
Atrion Corp,ATRI,,0000701288,2019.0,Q1,2019-01-01,2019-03-31,2020-05-07 16:59:39+00:00,netcashfromcontinuingoperatingactivities,netincomecontinuing,Net Income / (Loss) Continuing Operations,+,credit,usd,9438000.0
Atrion Corp,ATRI,,0000701288,2019.0,Q1,2019-01-01,2019-03-31,2020-05-07 16:59:39+00:00,netcashfromcontinuingoperatingactivities,depreciationexpense,Depreciation Expense,+,debit,usd,2546000.0
Atrion Corp,ATRI,,0000701288,2019.0,Q1,2019-01-01,2019-03-31,2020-05-07 16:59:39+00:00,netcashfromcontinuingoperatingactivities,noncashadjustmentstonetincome,Non-Cash Adjustments To Reconcile Net Income,+,debit,usd,233000.0
Atrion Corp,ATRI,,0000701288,2019.0,Q1,2019-01-01,2019-03-31,2020-05-07 16:59:39+00:00,netcashfromcontinuingoperatingactivities,increasedecreaseinoperatingcapital,"Changes in Operating Assets and Liabilities, net",+,debit,usd,688000.0
Atrion Corp,ATRI,,0000701288,2019.0,Q1,2019-01-01,2019-03-31,2020-05-07 16:59:39+00:00,netcashfromoperatingactivities,netcashfromcontinuingoperatingactivities,Net Cash From Continuing Operating Activities,+,debit,usd,12905000.0
Atrion Corp,ATRI,,0000701288,2019.0,Q1,2019-01-01,2019-03-31,2020-05-07 16:59:39+00:00,netchangeincash,netcashfromoperatingactivities,Net Cash From Operating Activities,+,debit,usd,12905000.0
Atrion Corp,ATRI,,0000701288,2019.0,Q1,2019-01-01,2019-03-31,2020-05-07 16:59:39+00:00,netcashfromcontinuinginvestingactivities,purchaseofplantpropertyandequipment,"Purchase of Property, Plant & Equipment",+,debit,usd,-3563000.0
Atrion Corp,ATRI,,0000701288,2019.0,Q1,2019-01-01,2019-03-31,2020-05-07 16:59:39+00:00,netcashfromcontinuinginvestingactivities,purchaseofinvestments,Purchase of Investments,+,debit,usd,-28218000.0
Atrion Corp,ATRI,,0000701288,2019.0,Q1,2019-01-01,2019-03-31,2020-05-07 16:59:39+00:00,netcashfromcontinuinginvestingactivities,divestitures,Divestitures,+,debit,usd,0.0
Atrion Corp,ATRI,,0000701288,2019.0,Q1,2019-01-01,2019-03-31,2020-05-07 16:59:39+00:00,netcashfromcontinuinginvestingactivities,saleofinvestments,Sale and/or Maturity of Investments,+,debit,usd,6667000.0
Atrion Corp,ATRI,,0000701288,2019.0,Q1,2019-01-01,2019-03-31,2020-05-07 16:59:39+00:00,netcashfrominvestingactivities,netcashfromcontinuinginvestingactivities,Net Cash From Continuing Investing Activities,+,debit,usd,-25114000.0
Atrion Corp,ATRI,,0000701288,2019.0,Q1,2019-01-01,2019-03-31,2020-05-07 16:59:39+00:00,netchangeincash,netcashfrominvestingactivities,Net Cash From Investing Activities,+,debit,usd,-25114000.0
Atrion Corp,ATRI,,0000701288,2019.0,Q1,2019-01-01,2019-03-31,2020-05-07 16:59:39+00:00,netcashfromcontinuingfinancingactivities,repurchaseofcommonequity,Repurchase of Common Equity,+,debit,usd,0.0
Atrion Corp,ATRI,,0000701288,2019.0,Q1,2019-01-01,2019-03-31,2020-05-07 16:59:39+00:00,netcashfromcontinuingfinancingactivities,paymentofdividends,Payment of Dividends,+,debit,usd,-2501000.0
Atrion Corp,ATRI,,0000701288,2019.0,Q1,2019-01-01,2019-03-31,2020-05-07 16:59:39+00:00,netcashfromfinancingactivities,netcashfromcontinuingfinancingactivities,Net Cash From Continuing Financing Activities,+,debit,usd,-2501000.0
Atrion Corp,ATRI,,0000701288,2019.0,Q1,2019-01-01,2019-03-31,2020-05-07 16:59:39+00:00,netchangeincash,netcashfromfinancingactivities,Net Cash From Financing Activities,+,debit,usd,-2501000.0
Atrion Corp,ATRI,,0000701288,2019.0,Q1,2019-01-01,2019-03-31,2020-05-07 16:59:39+00:00,,netchangeincash,Net Change in Cash & Equivalents,=,debit,usd,-14710000.0
Atrion Corp,ATRI,,0000701288,2019.0,Q1,2019-01-01,2019-03-31,2020-05-07 16:59:39+00:00,,cashincometaxespaid,Cash Income Taxes Paid,=,,usd,56000.0
Atrion Corp,ATRI,,0000701288,2019.0,Q4,2019-10-01,2019-12-31,,netincomecontinuing,netincome,Consolidated Net Income / (Loss),+,credit,usd,8064000.0
Atrion Corp,ATRI,,0000701288,2019.0,Q4,2019-10-01,2019-12-31,,netcashfromcontinuingoperatingactivities,netincomecontinuing,Net Income / (Loss) Continuing Operations,+,credit,usd,8064000.0
Atrion Corp,ATRI,,0000701288,2019.0,Q4,2019-10-01,2019-12-31,,netcashfromcontinuingoperatingactivities,depreciationexpense,Depreciation Expense,+,debit,usd,2892000.0
Atrion Corp,ATRI,,0000701288,2019.0,Q4,2019-10-01,2019-12-31,,netcashfromcontinuingoperatingactivities,noncashadjustmentstonetincome,Non-Cash Adjustments To Reconcile Net Income,+,debit,usd,-150000.0
Atrion Corp,ATRI,,0000701288,2019.0,Q4,2019-10-01,2019-12-31,,netcashfromcontinuingoperatingactivities,increasedecreaseinoperatingcapital,"Changes in Operating Assets and Liabilities, net",+,debit,usd,-4506000.0
Atrion Corp,ATRI,,0000701288,2019.0,Q4,2019-10-01,2019-12-31,,netcashfromoperatingactivities,netcashfromcontinuingoperatingactivities,Net Cash From Continuing Operating Activities,+,debit,usd,6300000.0
Atrion Corp,ATRI,,0000701288,2019.0,Q4,2019-10-01,2019-12-31,,netchangeincash,netcashfromoperatingactivities,Net Cash From Operating Activities,+,debit,usd,6300000.0
Atrion Corp,ATRI,,0000701288,2019.0,Q4,2019-10-01,2019-12-31,,netcashfromcontinuinginvestingactivities,purchaseofplantpropertyandequipment,"Purchase of Property, Plant & Equipment",+,debit,usd,-5207000.0
Atrion Corp,ATRI,,0000701288,2019.0,Q4,2019-10-01,2019-12-31,,netcashfromcontinuinginvestingactivities,purchaseofinvestments,Purchase of Investments,+,debit,usd,-29182000.0
Atrion Corp,ATRI,,0000701288,2019.0,Q4,2019-10-01,2019-12-31,,netcashfromcontinuinginvestingactivities,saleofinvestments,Sale and/or Maturity of Investments,+,debit,usd,12339000.0
Atrion Corp,ATRI,,0000701288,2019.0,Q4,2019-10-01,2019-12-31,,netcashfrominvestingactivities,netcashfromcontinuinginvestingactivities,Net Cash From Continuing Investing Activities,+,debit,usd,-22050000.0
Atrion Corp,ATRI,,0000701288,2019.0,Q4,2019-10-01,2019-12-31,,netchangeincash,netcashfrominvestingactivities,Net Cash From Investing Activities,+,debit,usd,-22050000.0
Atrion Corp,ATRI,,0000701288,2019.0,Q4,2019-10-01,2019-12-31,,netcashfromcontinuingfinancingactivities,paymentofdividends,Payment of Dividends,+,debit,usd,-2875000.0
Atrion Corp,ATRI,,0000701288,2019.0,Q4,2019-10-01,2019-12-31,,netcashfromfinancingactivities,netcashfromcontinuingfinancingactivities,Net Cash From Continuing Financing Activities,+,debit,usd,-2875000.0
Atrion Corp,ATRI,,0000701288,2019.0,Q4,2019-10-01,2019-12-31,,netchangeincash,netcashfromfinancingactivities,Net Cash From Financing Activities,+,debit,usd,-2875000.0
Atrion Corp,ATRI,,0000701288,2019.0,Q4,2019-10-01,2019-12-31,,,netchangeincash,Net Change in Cash & Equivalents,=,debit,usd,-18625000.0
Atrion Corp,ATRI,,0000701288,2019.0,Q4,2019-10-01,2019-12-31,,,cashincometaxespaid,Cash Income Taxes Paid,=,,usd,1548000.0
