company_name,company_ticker,company_lei,company_cik,year,quarter,start_date,end_date,filing_date,parent,tag,financial_name,factor,balance,unit,value
Global Brass and Copper Holdings Inc,BRSS,5493008IRDIZ3ZYEEX98,0001533526,2012.0,Q2,2012-04-01,2012-06-30,2013-08-12 19:26:31+00:00,totalrevenue,operatingrevenue,Operating Revenue,+,credit,usd,416979000.0
Global Brass and Copper Holdings Inc,BRSS,5493008IRDIZ3ZYEEX98,0001533526,2012.0,Q2,2012-04-01,2012-06-30,2013-08-12 19:26:31+00:00,totalgrossprofit,totalrevenue,Total Revenue,+,credit,usd,416979000.0
Global Brass and Copper Holdings Inc,BRSS,5493008IRDIZ3ZYEEX98,0001533526,2012.0,Q2,2012-04-01,2012-06-30,2013-08-12 19:26:31+00:00,totalcostofrevenue,operatingcostofrevenue,Operating Cost of Revenue,+,debit,usd,369858000.0
Global Brass and Copper Holdings Inc,BRSS,5493008IRDIZ3ZYEEX98,0001533526,2012.0,Q2,2012-04-01,2012-06-30,2013-08-12 19:26:31+00:00,totalgrossprofit,totalcostofrevenue,Total Cost of Revenue,-,debit,usd,369858000.0
Global Brass and Copper Holdings Inc,BRSS,5493008IRDIZ3ZYEEX98,0001533526,2012.0,Q2,2012-04-01,2012-06-30,2013-08-12 19:26:31+00:00,totaloperatingincome,totalgrossprofit,Total Gross Profit,+,credit,usd,47121000.0
Global Brass and Copper Holdings Inc,BRSS,5493008IRDIZ3ZYEEX98,0001533526,2012.0,Q2,2012-04-01,2012-06-30,2013-08-12 19:26:31+00:00,totaloperatingexpenses,sgaexpense,"Selling, General & Admin Expense",+,debit,usd,37965000.0
Global Brass and Copper Holdings Inc,BRSS,5493008IRDIZ3ZYEEX98,0001533526,2012.0,Q2,2012-04-01,2012-06-30,2013-08-12 19:26:31+00:00,totaloperatingincome,totaloperatingexpenses,Total Operating Expenses,-,debit,usd,37965000.0
Global Brass and Copper Holdings Inc,BRSS,5493008IRDIZ3ZYEEX98,0001533526,2012.0,Q2,2012-04-01,2012-06-30,2013-08-12 19:26:31+00:00,totalpretaxincome,totaloperatingincome,Total Operating Income,+,credit,usd,9156000.0
Global Brass and Copper Holdings Inc,BRSS,5493008IRDIZ3ZYEEX98,0001533526,2012.0,Q2,2012-04-01,2012-06-30,2013-08-12 19:26:31+00:00,totalotherincome,totalinterestexpense,Interest Expense,-,debit,usd,29821000.0
Global Brass and Copper Holdings Inc,BRSS,5493008IRDIZ3ZYEEX98,0001533526,2012.0,Q2,2012-04-01,2012-06-30,2013-08-12 19:26:31+00:00,totalotherincome,otherincome,"Other Income / (Expense), net",+,credit,usd,-398000.0
Global Brass and Copper Holdings Inc,BRSS,5493008IRDIZ3ZYEEX98,0001533526,2012.0,Q2,2012-04-01,2012-06-30,2013-08-12 19:26:31+00:00,totalpretaxincome,totalotherincome,"Total Other Income / (Expense), net",+,credit,usd,-30219000.0
Global Brass and Copper Holdings Inc,BRSS,5493008IRDIZ3ZYEEX98,0001533526,2012.0,Q2,2012-04-01,2012-06-30,2013-08-12 19:26:31+00:00,netincomecontinuing,totalpretaxincome,Total Pre-Tax Income ,+,credit,usd,-21063000.0
Global Brass and Copper Holdings Inc,BRSS,5493008IRDIZ3ZYEEX98,0001533526,2012.0,Q2,2012-04-01,2012-06-30,2013-08-12 19:26:31+00:00,netincomecontinuing,incometaxexpense,Income Tax Expense,-,debit,usd,-971000.0
Global Brass and Copper Holdings Inc,BRSS,5493008IRDIZ3ZYEEX98,0001533526,2012.0,Q2,2012-04-01,2012-06-30,2013-08-12 19:26:31+00:00,netincomecontinuing,othergains,"Other Gains / (Losses), net",+,credit,usd,201000.0
Global Brass and Copper Holdings Inc,BRSS,5493008IRDIZ3ZYEEX98,0001533526,2012.0,Q2,2012-04-01,2012-06-30,2013-08-12 19:26:31+00:00,netincome,netincomecontinuing,Net Income / (Loss) Continuing Operations,+,credit,usd,-19891000.0
Global Brass and Copper Holdings Inc,BRSS,5493008IRDIZ3ZYEEX98,0001533526,2012.0,Q2,2012-04-01,2012-06-30,2013-08-12 19:26:31+00:00,netincometocommon,netincome,Consolidated Net Income / (Loss),+,credit,usd,-19891000.0
Global Brass and Copper Holdings Inc,BRSS,5493008IRDIZ3ZYEEX98,0001533526,2012.0,Q2,2012-04-01,2012-06-30,2013-08-12 19:26:31+00:00,netincometocommon,netincometononcontrollinginterest,Net Income / (Loss) Attributable to Noncontrolling Interest,-,debit,usd,114000.0
Global Brass and Copper Holdings Inc,BRSS,5493008IRDIZ3ZYEEX98,0001533526,2012.0,Q2,2012-04-01,2012-06-30,2013-08-12 19:26:31+00:00,,netincometocommon,Net Income / (Loss) Attributable to Common Shareholders,=,credit,usd,-20005000.0
Global Brass and Copper Holdings Inc,BRSS,5493008IRDIZ3ZYEEX98,0001533526,2012.0,Q2,2012-04-01,2012-06-30,2013-08-12 19:26:31+00:00,basiceps,weightedavebasicsharesos,Weighted Average Basic Shares Outstanding,/,,shares,21110000.0
Global Brass and Copper Holdings Inc,BRSS,5493008IRDIZ3ZYEEX98,0001533526,2012.0,Q2,2012-04-01,2012-06-30,2013-08-12 19:26:31+00:00,,basiceps,Basic Earnings per Share,=,,usdpershare,0.05
Global Brass and Copper Holdings Inc,BRSS,5493008IRDIZ3ZYEEX98,0001533526,2012.0,Q2,2012-04-01,2012-06-30,2013-08-12 19:26:31+00:00,dilutedeps,weightedavedilutedsharesos,Weighted Average Diluted Shares Outstanding,/,,shares,21110000.0
Global Brass and Copper Holdings Inc,BRSS,5493008IRDIZ3ZYEEX98,0001533526,2012.0,Q2,2012-04-01,2012-06-30,2013-08-12 19:26:31+00:00,,dilutedeps,Diluted Earnings per Share,=,,usdpershare,-0.95
Global Brass and Copper Holdings Inc,BRSS,5493008IRDIZ3ZYEEX98,0001533526,2012.0,Q2,2012-04-01,2012-06-30,2013-08-12 19:26:31+00:00,basicdilutedeps,weightedavebasicdilutedsharesos,Weighted Average Basic & Diluted Shares Outstanding,/,,shares,-400100000.0
Global Brass and Copper Holdings Inc,BRSS,5493008IRDIZ3ZYEEX98,0001533526,2012.0,Q2,2012-04-01,2012-06-30,2013-08-12 19:26:31+00:00,,basicdilutedeps,Basic & Diluted Earnings per Share,=,,usdpershare,0.05
Global Brass and Copper Holdings Inc,BRSS,5493008IRDIZ3ZYEEX98,0001533526,2012.0,Q3,2012-07-01,2012-09-30,2013-11-12 09:09:01+00:00,totalrevenue,operatingrevenue,Operating Revenue,+,credit,usd,393977000.0
Global Brass and Copper Holdings Inc,BRSS,5493008IRDIZ3ZYEEX98,0001533526,2012.0,Q3,2012-07-01,2012-09-30,2013-11-12 09:09:01+00:00,totalgrossprofit,totalrevenue,Total Revenue,+,credit,usd,393977000.0
Global Brass and Copper Holdings Inc,BRSS,5493008IRDIZ3ZYEEX98,0001533526,2012.0,Q3,2012-07-01,2012-09-30,2013-11-12 09:09:01+00:00,totalcostofrevenue,operatingcostofrevenue,Operating Cost of Revenue,+,debit,usd,349580000.0
Global Brass and Copper Holdings Inc,BRSS,5493008IRDIZ3ZYEEX98,0001533526,2012.0,Q3,2012-07-01,2012-09-30,2013-11-12 09:09:01+00:00,totalgrossprofit,totalcostofrevenue,Total Cost of Revenue,-,debit,usd,349580000.0
Global Brass and Copper Holdings Inc,BRSS,5493008IRDIZ3ZYEEX98,0001533526,2012.0,Q3,2012-07-01,2012-09-30,2013-11-12 09:09:01+00:00,totaloperatingincome,totalgrossprofit,Total Gross Profit,+,credit,usd,44397000.0
Global Brass and Copper Holdings Inc,BRSS,5493008IRDIZ3ZYEEX98,0001533526,2012.0,Q3,2012-07-01,2012-09-30,2013-11-12 09:09:01+00:00,totaloperatingexpenses,sgaexpense,"Selling, General & Admin Expense",+,debit,usd,17353000.0
Global Brass and Copper Holdings Inc,BRSS,5493008IRDIZ3ZYEEX98,0001533526,2012.0,Q3,2012-07-01,2012-09-30,2013-11-12 09:09:01+00:00,totaloperatingincome,totaloperatingexpenses,Total Operating Expenses,-,debit,usd,17353000.0
Global Brass and Copper Holdings Inc,BRSS,5493008IRDIZ3ZYEEX98,0001533526,2012.0,Q3,2012-07-01,2012-09-30,2013-11-12 09:09:01+00:00,totalpretaxincome,totaloperatingincome,Total Operating Income,+,credit,usd,27044000.0
Global Brass and Copper Holdings Inc,BRSS,5493008IRDIZ3ZYEEX98,0001533526,2012.0,Q3,2012-07-01,2012-09-30,2013-11-12 09:09:01+00:00,totalotherincome,totalinterestexpense,Interest Expense,-,debit,usd,9936000.0
Global Brass and Copper Holdings Inc,BRSS,5493008IRDIZ3ZYEEX98,0001533526,2012.0,Q3,2012-07-01,2012-09-30,2013-11-12 09:09:01+00:00,totalotherincome,otherincome,"Other Income / (Expense), net",+,credit,usd,537000.0
Global Brass and Copper Holdings Inc,BRSS,5493008IRDIZ3ZYEEX98,0001533526,2012.0,Q3,2012-07-01,2012-09-30,2013-11-12 09:09:01+00:00,totalpretaxincome,totalotherincome,"Total Other Income / (Expense), net",+,credit,usd,-9399000.0
Global Brass and Copper Holdings Inc,BRSS,5493008IRDIZ3ZYEEX98,0001533526,2012.0,Q3,2012-07-01,2012-09-30,2013-11-12 09:09:01+00:00,netincomecontinuing,totalpretaxincome,Total Pre-Tax Income ,+,credit,usd,17645000.0
Global Brass and Copper Holdings Inc,BRSS,5493008IRDIZ3ZYEEX98,0001533526,2012.0,Q3,2012-07-01,2012-09-30,2013-11-12 09:09:01+00:00,netincomecontinuing,incometaxexpense,Income Tax Expense,-,debit,usd,6769000.0
Global Brass and Copper Holdings Inc,BRSS,5493008IRDIZ3ZYEEX98,0001533526,2012.0,Q3,2012-07-01,2012-09-30,2013-11-12 09:09:01+00:00,netincomecontinuing,othergains,"Other Gains / (Losses), net",+,credit,usd,261000.0
Global Brass and Copper Holdings Inc,BRSS,5493008IRDIZ3ZYEEX98,0001533526,2012.0,Q3,2012-07-01,2012-09-30,2013-11-12 09:09:01+00:00,netincome,netincomecontinuing,Net Income / (Loss) Continuing Operations,+,credit,usd,11137000.0
Global Brass and Copper Holdings Inc,BRSS,5493008IRDIZ3ZYEEX98,0001533526,2012.0,Q3,2012-07-01,2012-09-30,2013-11-12 09:09:01+00:00,netincometocommon,netincome,Consolidated Net Income / (Loss),+,credit,usd,11137000.0
Global Brass and Copper Holdings Inc,BRSS,5493008IRDIZ3ZYEEX98,0001533526,2012.0,Q3,2012-07-01,2012-09-30,2013-11-12 09:09:01+00:00,netincometocommon,netincometononcontrollinginterest,Net Income / (Loss) Attributable to Noncontrolling Interest,-,debit,usd,105000.0
Global Brass and Copper Holdings Inc,BRSS,5493008IRDIZ3ZYEEX98,0001533526,2012.0,Q3,2012-07-01,2012-09-30,2013-11-12 09:09:01+00:00,,netincometocommon,Net Income / (Loss) Attributable to Common Shareholders,=,credit,usd,11032000.0
Global Brass and Copper Holdings Inc,BRSS,5493008IRDIZ3ZYEEX98,0001533526,2012.0,Q3,2012-07-01,2012-09-30,2013-11-12 09:09:01+00:00,basiceps,weightedavebasicsharesos,Weighted Average Basic Shares Outstanding,/,,shares,21110000.0
Global Brass and Copper Holdings Inc,BRSS,5493008IRDIZ3ZYEEX98,0001533526,2012.0,Q3,2012-07-01,2012-09-30,2013-11-12 09:09:01+00:00,,basiceps,Basic Earnings per Share,=,,usdpershare,-0.03
Global Brass and Copper Holdings Inc,BRSS,5493008IRDIZ3ZYEEX98,0001533526,2012.0,Q3,2012-07-01,2012-09-30,2013-11-12 09:09:01+00:00,dilutedeps,weightedavedilutedsharesos,Weighted Average Diluted Shares Outstanding,/,,shares,21110000.0
Global Brass and Copper Holdings Inc,BRSS,5493008IRDIZ3ZYEEX98,0001533526,2012.0,Q3,2012-07-01,2012-09-30,2013-11-12 09:09:01+00:00,,dilutedeps,Diluted Earnings per Share,=,,usdpershare,0.52
Global Brass and Copper Holdings Inc,BRSS,5493008IRDIZ3ZYEEX98,0001533526,2012.0,Q3,2012-07-01,2012-09-30,2013-11-12 09:09:01+00:00,basicdilutedeps,weightedavebasicdilutedsharesos,Weighted Average Basic & Diluted Shares Outstanding,/,,shares,-367700000.0
Global Brass and Copper Holdings Inc,BRSS,5493008IRDIZ3ZYEEX98,0001533526,2012.0,Q3,2012-07-01,2012-09-30,2013-11-12 09:09:01+00:00,,basicdilutedeps,Basic & Diluted Earnings per Share,=,,usdpershare,-0.03
Global Brass and Copper Holdings Inc,BRSS,5493008IRDIZ3ZYEEX98,0001533526,2013.0,Q1,2013-01-01,2013-03-31,2014-05-08 08:59:25+00:00,totalrevenue,operatingrevenue,Operating Revenue,+,credit,usd,445000000.0
Global Brass and Copper Holdings Inc,BRSS,5493008IRDIZ3ZYEEX98,0001533526,2013.0,Q1,2013-01-01,2013-03-31,2014-05-08 08:59:25+00:00,totalgrossprofit,totalrevenue,Total Revenue,+,credit,usd,445000000.0
Global Brass and Copper Holdings Inc,BRSS,5493008IRDIZ3ZYEEX98,0001533526,2013.0,Q1,2013-01-01,2013-03-31,2014-05-08 08:59:25+00:00,totalcostofrevenue,operatingcostofrevenue,Operating Cost of Revenue,+,debit,usd,398100000.0
Global Brass and Copper Holdings Inc,BRSS,5493008IRDIZ3ZYEEX98,0001533526,2013.0,Q1,2013-01-01,2013-03-31,2014-05-08 08:59:25+00:00,totalgrossprofit,totalcostofrevenue,Total Cost of Revenue,-,debit,usd,398100000.0
Global Brass and Copper Holdings Inc,BRSS,5493008IRDIZ3ZYEEX98,0001533526,2013.0,Q1,2013-01-01,2013-03-31,2014-05-08 08:59:25+00:00,totaloperatingincome,totalgrossprofit,Total Gross Profit,+,credit,usd,46900000.0
Global Brass and Copper Holdings Inc,BRSS,5493008IRDIZ3ZYEEX98,0001533526,2013.0,Q1,2013-01-01,2013-03-31,2014-05-08 08:59:25+00:00,totaloperatingexpenses,sgaexpense,"Selling, General & Admin Expense",+,debit,usd,19700000.0
Global Brass and Copper Holdings Inc,BRSS,5493008IRDIZ3ZYEEX98,0001533526,2013.0,Q1,2013-01-01,2013-03-31,2014-05-08 08:59:25+00:00,totaloperatingincome,totaloperatingexpenses,Total Operating Expenses,-,debit,usd,19700000.0
Global Brass and Copper Holdings Inc,BRSS,5493008IRDIZ3ZYEEX98,0001533526,2013.0,Q1,2013-01-01,2013-03-31,2014-05-08 08:59:25+00:00,totalpretaxincome,totaloperatingincome,Total Operating Income,+,credit,usd,27200000.0
Global Brass and Copper Holdings Inc,BRSS,5493008IRDIZ3ZYEEX98,0001533526,2013.0,Q1,2013-01-01,2013-03-31,2014-05-08 08:59:25+00:00,totalotherincome,totalinterestexpense,Interest Expense,-,debit,usd,9900000.0
Global Brass and Copper Holdings Inc,BRSS,5493008IRDIZ3ZYEEX98,0001533526,2013.0,Q1,2013-01-01,2013-03-31,2014-05-08 08:59:25+00:00,totalotherincome,otherincome,"Other Income / (Expense), net",+,credit,usd,-200000.0
Global Brass and Copper Holdings Inc,BRSS,5493008IRDIZ3ZYEEX98,0001533526,2013.0,Q1,2013-01-01,2013-03-31,2014-05-08 08:59:25+00:00,totalpretaxincome,totalotherincome,"Total Other Income / (Expense), net",+,credit,usd,-10100000.0
Global Brass and Copper Holdings Inc,BRSS,5493008IRDIZ3ZYEEX98,0001533526,2013.0,Q1,2013-01-01,2013-03-31,2014-05-08 08:59:25+00:00,netincomecontinuing,totalpretaxincome,Total Pre-Tax Income ,+,credit,usd,17100000.0
Global Brass and Copper Holdings Inc,BRSS,5493008IRDIZ3ZYEEX98,0001533526,2013.0,Q1,2013-01-01,2013-03-31,2014-05-08 08:59:25+00:00,netincomecontinuing,incometaxexpense,Income Tax Expense,-,debit,usd,6000000.0
Global Brass and Copper Holdings Inc,BRSS,5493008IRDIZ3ZYEEX98,0001533526,2013.0,Q1,2013-01-01,2013-03-31,2014-05-08 08:59:25+00:00,netincomecontinuing,othergains,"Other Gains / (Losses), net",+,credit,usd,400000.0
Global Brass and Copper Holdings Inc,BRSS,5493008IRDIZ3ZYEEX98,0001533526,2013.0,Q1,2013-01-01,2013-03-31,2014-05-08 08:59:25+00:00,netincome,netincomecontinuing,Net Income / (Loss) Continuing Operations,+,credit,usd,11500000.0
Global Brass and Copper Holdings Inc,BRSS,5493008IRDIZ3ZYEEX98,0001533526,2013.0,Q1,2013-01-01,2013-03-31,2014-05-08 08:59:25+00:00,netincometocommon,netincome,Consolidated Net Income / (Loss),+,credit,usd,11500000.0
Global Brass and Copper Holdings Inc,BRSS,5493008IRDIZ3ZYEEX98,0001533526,2013.0,Q1,2013-01-01,2013-03-31,2014-05-08 08:59:25+00:00,netincometocommon,netincometononcontrollinginterest,Net Income / (Loss) Attributable to Noncontrolling Interest,-,debit,usd,100000.0
Global Brass and Copper Holdings Inc,BRSS,5493008IRDIZ3ZYEEX98,0001533526,2013.0,Q1,2013-01-01,2013-03-31,2014-05-08 08:59:25+00:00,,netincometocommon,Net Income / (Loss) Attributable to Common Shareholders,=,credit,usd,11400000.0
Global Brass and Copper Holdings Inc,BRSS,5493008IRDIZ3ZYEEX98,0001533526,2013.0,Q1,2013-01-01,2013-03-31,2014-05-08 08:59:25+00:00,basiceps,weightedavebasicsharesos,Weighted Average Basic Shares Outstanding,/,,shares,21100000.0
Global Brass and Copper Holdings Inc,BRSS,5493008IRDIZ3ZYEEX98,0001533526,2013.0,Q1,2013-01-01,2013-03-31,2014-05-08 08:59:25+00:00,,basiceps,Basic Earnings per Share,=,,usdpershare,0.54
Global Brass and Copper Holdings Inc,BRSS,5493008IRDIZ3ZYEEX98,0001533526,2013.0,Q1,2013-01-01,2013-03-31,2014-05-08 08:59:25+00:00,dilutedeps,weightedavedilutedsharesos,Weighted Average Diluted Shares Outstanding,/,,shares,21100000.0
Global Brass and Copper Holdings Inc,BRSS,5493008IRDIZ3ZYEEX98,0001533526,2013.0,Q1,2013-01-01,2013-03-31,2014-05-08 08:59:25+00:00,,dilutedeps,Diluted Earnings per Share,=,,usdpershare,0.54
Global Brass and Copper Holdings Inc,BRSS,5493008IRDIZ3ZYEEX98,0001533526,2013.0,Q1,2013-01-01,2013-03-31,2014-05-08 08:59:25+00:00,basicdilutedeps,weightedavebasicdilutedsharesos,Weighted Average Basic & Diluted Shares Outstanding,/,,shares,21100000.0
Global Brass and Copper Holdings Inc,BRSS,5493008IRDIZ3ZYEEX98,0001533526,2013.0,Q1,2013-01-01,2013-03-31,2014-05-08 08:59:25+00:00,,basicdilutedeps,Basic & Diluted Earnings per Share,=,,usdpershare,0.54
Global Brass and Copper Holdings Inc,BRSS,5493008IRDIZ3ZYEEX98,0001533526,2013.0,Q1,2013-01-01,2013-03-31,2014-05-08 08:59:25+00:00,,cashdividendspershare,Cash Dividends to Common per Share,=,,usdpershare,0.0
Global Brass and Copper Holdings Inc,BRSS,5493008IRDIZ3ZYEEX98,0001533526,2013.0,Q2,2013-04-01,2013-06-30,2014-08-07 09:22:23+00:00,totalrevenue,operatingrevenue,Operating Revenue,+,credit,usd,461500000.0
Global Brass and Copper Holdings Inc,BRSS,5493008IRDIZ3ZYEEX98,0001533526,2013.0,Q2,2013-04-01,2013-06-30,2014-08-07 09:22:23+00:00,totalgrossprofit,totalrevenue,Total Revenue,+,credit,usd,461500000.0
Global Brass and Copper Holdings Inc,BRSS,5493008IRDIZ3ZYEEX98,0001533526,2013.0,Q2,2013-04-01,2013-06-30,2014-08-07 09:22:23+00:00,totalcostofrevenue,operatingcostofrevenue,Operating Cost of Revenue,+,debit,usd,409800000.0
Global Brass and Copper Holdings Inc,BRSS,5493008IRDIZ3ZYEEX98,0001533526,2013.0,Q2,2013-04-01,2013-06-30,2014-08-07 09:22:23+00:00,totalgrossprofit,totalcostofrevenue,Total Cost of Revenue,-,debit,usd,409800000.0
Global Brass and Copper Holdings Inc,BRSS,5493008IRDIZ3ZYEEX98,0001533526,2013.0,Q2,2013-04-01,2013-06-30,2014-08-07 09:22:23+00:00,totaloperatingincome,totalgrossprofit,Total Gross Profit,+,credit,usd,51700000.0
Global Brass and Copper Holdings Inc,BRSS,5493008IRDIZ3ZYEEX98,0001533526,2013.0,Q2,2013-04-01,2013-06-30,2014-08-07 09:22:23+00:00,totaloperatingexpenses,sgaexpense,"Selling, General & Admin Expense",+,debit,usd,52800000.0
Global Brass and Copper Holdings Inc,BRSS,5493008IRDIZ3ZYEEX98,0001533526,2013.0,Q2,2013-04-01,2013-06-30,2014-08-07 09:22:23+00:00,totaloperatingincome,totaloperatingexpenses,Total Operating Expenses,-,debit,usd,52800000.0
Global Brass and Copper Holdings Inc,BRSS,5493008IRDIZ3ZYEEX98,0001533526,2013.0,Q2,2013-04-01,2013-06-30,2014-08-07 09:22:23+00:00,totalpretaxincome,totaloperatingincome,Total Operating Income,+,credit,usd,-1100000.0
Global Brass and Copper Holdings Inc,BRSS,5493008IRDIZ3ZYEEX98,0001533526,2013.0,Q2,2013-04-01,2013-06-30,2014-08-07 09:22:23+00:00,totalotherincome,totalinterestexpense,Interest Expense,-,debit,usd,10000000.0
Global Brass and Copper Holdings Inc,BRSS,5493008IRDIZ3ZYEEX98,0001533526,2013.0,Q2,2013-04-01,2013-06-30,2014-08-07 09:22:23+00:00,totalpretaxincome,totalotherincome,"Total Other Income / (Expense), net",+,credit,usd,-10000000.0
Global Brass and Copper Holdings Inc,BRSS,5493008IRDIZ3ZYEEX98,0001533526,2013.0,Q2,2013-04-01,2013-06-30,2014-08-07 09:22:23+00:00,netincomecontinuing,totalpretaxincome,Total Pre-Tax Income ,+,credit,usd,-11100000.0
Global Brass and Copper Holdings Inc,BRSS,5493008IRDIZ3ZYEEX98,0001533526,2013.0,Q2,2013-04-01,2013-06-30,2014-08-07 09:22:23+00:00,netincomecontinuing,incometaxexpense,Income Tax Expense,-,debit,usd,6500000.0
Global Brass and Copper Holdings Inc,BRSS,5493008IRDIZ3ZYEEX98,0001533526,2013.0,Q2,2013-04-01,2013-06-30,2014-08-07 09:22:23+00:00,netincomecontinuing,othergains,"Other Gains / (Losses), net",+,credit,usd,500000.0
Global Brass and Copper Holdings Inc,BRSS,5493008IRDIZ3ZYEEX98,0001533526,2013.0,Q2,2013-04-01,2013-06-30,2014-08-07 09:22:23+00:00,netincome,netincomecontinuing,Net Income / (Loss) Continuing Operations,+,credit,usd,-17100000.0
Global Brass and Copper Holdings Inc,BRSS,5493008IRDIZ3ZYEEX98,0001533526,2013.0,Q2,2013-04-01,2013-06-30,2014-08-07 09:22:23+00:00,netincometocommon,netincome,Consolidated Net Income / (Loss),+,credit,usd,-17100000.0
Global Brass and Copper Holdings Inc,BRSS,5493008IRDIZ3ZYEEX98,0001533526,2013.0,Q2,2013-04-01,2013-06-30,2014-08-07 09:22:23+00:00,,netincometocommon,Net Income / (Loss) Attributable to Common Shareholders,=,credit,usd,-17100000.0
Global Brass and Copper Holdings Inc,BRSS,5493008IRDIZ3ZYEEX98,0001533526,2013.0,Q2,2013-04-01,2013-06-30,2014-08-07 09:22:23+00:00,basiceps,weightedavebasicsharesos,Weighted Average Basic Shares Outstanding,/,,shares,21100000.0
Global Brass and Copper Holdings Inc,BRSS,5493008IRDIZ3ZYEEX98,0001533526,2013.0,Q2,2013-04-01,2013-06-30,2014-08-07 09:22:23+00:00,,basiceps,Basic Earnings per Share,=,,usdpershare,-0.81
Global Brass and Copper Holdings Inc,BRSS,5493008IRDIZ3ZYEEX98,0001533526,2013.0,Q2,2013-04-01,2013-06-30,2014-08-07 09:22:23+00:00,dilutedeps,weightedavedilutedsharesos,Weighted Average Diluted Shares Outstanding,/,,shares,21100000.0
Global Brass and Copper Holdings Inc,BRSS,5493008IRDIZ3ZYEEX98,0001533526,2013.0,Q2,2013-04-01,2013-06-30,2014-08-07 09:22:23+00:00,,dilutedeps,Diluted Earnings per Share,=,,usdpershare,-0.81
Global Brass and Copper Holdings Inc,BRSS,5493008IRDIZ3ZYEEX98,0001533526,2013.0,Q2,2013-04-01,2013-06-30,2014-08-07 09:22:23+00:00,basicdilutedeps,weightedavebasicdilutedsharesos,Weighted Average Basic & Diluted Shares Outstanding,/,,shares,21100000.0
Global Brass and Copper Holdings Inc,BRSS,5493008IRDIZ3ZYEEX98,0001533526,2013.0,Q2,2013-04-01,2013-06-30,2014-08-07 09:22:23+00:00,,basicdilutedeps,Basic & Diluted Earnings per Share,=,,usdpershare,-0.81
Global Brass and Copper Holdings Inc,BRSS,5493008IRDIZ3ZYEEX98,0001533526,2013.0,Q2,2013-04-01,2013-06-30,2014-08-07 09:22:23+00:00,,cashdividendspershare,Cash Dividends to Common per Share,=,,usdpershare,0.0
Global Brass and Copper Holdings Inc,BRSS,5493008IRDIZ3ZYEEX98,0001533526,2013.0,Q3,2013-07-01,2013-09-30,2014-11-13 09:01:30+00:00,totalrevenue,operatingrevenue,Operating Revenue,+,credit,usd,439200000.0
Global Brass and Copper Holdings Inc,BRSS,5493008IRDIZ3ZYEEX98,0001533526,2013.0,Q3,2013-07-01,2013-09-30,2014-11-13 09:01:30+00:00,totalgrossprofit,totalrevenue,Total Revenue,+,credit,usd,439200000.0
Global Brass and Copper Holdings Inc,BRSS,5493008IRDIZ3ZYEEX98,0001533526,2013.0,Q3,2013-07-01,2013-09-30,2014-11-13 09:01:30+00:00,totalcostofrevenue,operatingcostofrevenue,Operating Cost of Revenue,+,debit,usd,393900000.0
Global Brass and Copper Holdings Inc,BRSS,5493008IRDIZ3ZYEEX98,0001533526,2013.0,Q3,2013-07-01,2013-09-30,2014-11-13 09:01:30+00:00,totalgrossprofit,totalcostofrevenue,Total Cost of Revenue,-,debit,usd,393900000.0
Global Brass and Copper Holdings Inc,BRSS,5493008IRDIZ3ZYEEX98,0001533526,2013.0,Q3,2013-07-01,2013-09-30,2014-11-13 09:01:30+00:00,totaloperatingincome,totalgrossprofit,Total Gross Profit,+,credit,usd,45300000.0
Global Brass and Copper Holdings Inc,BRSS,5493008IRDIZ3ZYEEX98,0001533526,2013.0,Q3,2013-07-01,2013-09-30,2014-11-13 09:01:30+00:00,totaloperatingexpenses,sgaexpense,"Selling, General & Admin Expense",+,debit,usd,20100000.0
Global Brass and Copper Holdings Inc,BRSS,5493008IRDIZ3ZYEEX98,0001533526,2013.0,Q3,2013-07-01,2013-09-30,2014-11-13 09:01:30+00:00,totaloperatingincome,totaloperatingexpenses,Total Operating Expenses,-,debit,usd,20100000.0
Global Brass and Copper Holdings Inc,BRSS,5493008IRDIZ3ZYEEX98,0001533526,2013.0,Q3,2013-07-01,2013-09-30,2014-11-13 09:01:30+00:00,totalpretaxincome,totaloperatingincome,Total Operating Income,+,credit,usd,25200000.0
Global Brass and Copper Holdings Inc,BRSS,5493008IRDIZ3ZYEEX98,0001533526,2013.0,Q3,2013-07-01,2013-09-30,2014-11-13 09:01:30+00:00,totalotherincome,totalinterestexpense,Interest Expense,-,debit,usd,10000000.0
Global Brass and Copper Holdings Inc,BRSS,5493008IRDIZ3ZYEEX98,0001533526,2013.0,Q3,2013-07-01,2013-09-30,2014-11-13 09:01:30+00:00,totalotherincome,otherincome,"Other Income / (Expense), net",+,credit,usd,-200000.0
Global Brass and Copper Holdings Inc,BRSS,5493008IRDIZ3ZYEEX98,0001533526,2013.0,Q3,2013-07-01,2013-09-30,2014-11-13 09:01:30+00:00,totalpretaxincome,totalotherincome,"Total Other Income / (Expense), net",+,credit,usd,-10200000.0
Global Brass and Copper Holdings Inc,BRSS,5493008IRDIZ3ZYEEX98,0001533526,2013.0,Q3,2013-07-01,2013-09-30,2014-11-13 09:01:30+00:00,netincomecontinuing,totalpretaxincome,Total Pre-Tax Income ,+,credit,usd,15000000.0
Global Brass and Copper Holdings Inc,BRSS,5493008IRDIZ3ZYEEX98,0001533526,2013.0,Q3,2013-07-01,2013-09-30,2014-11-13 09:01:30+00:00,netincomecontinuing,incometaxexpense,Income Tax Expense,-,debit,usd,5300000.0
Global Brass and Copper Holdings Inc,BRSS,5493008IRDIZ3ZYEEX98,0001533526,2013.0,Q3,2013-07-01,2013-09-30,2014-11-13 09:01:30+00:00,netincomecontinuing,othergains,"Other Gains / (Losses), net",+,credit,usd,300000.0
Global Brass and Copper Holdings Inc,BRSS,5493008IRDIZ3ZYEEX98,0001533526,2013.0,Q3,2013-07-01,2013-09-30,2014-11-13 09:01:30+00:00,netincome,netincomecontinuing,Net Income / (Loss) Continuing Operations,+,credit,usd,10000000.0
Global Brass and Copper Holdings Inc,BRSS,5493008IRDIZ3ZYEEX98,0001533526,2013.0,Q3,2013-07-01,2013-09-30,2014-11-13 09:01:30+00:00,netincometocommon,netincome,Consolidated Net Income / (Loss),+,credit,usd,10000000.0
Global Brass and Copper Holdings Inc,BRSS,5493008IRDIZ3ZYEEX98,0001533526,2013.0,Q3,2013-07-01,2013-09-30,2014-11-13 09:01:30+00:00,netincometocommon,netincometononcontrollinginterest,Net Income / (Loss) Attributable to Noncontrolling Interest,-,debit,usd,100000.0
Global Brass and Copper Holdings Inc,BRSS,5493008IRDIZ3ZYEEX98,0001533526,2013.0,Q3,2013-07-01,2013-09-30,2014-11-13 09:01:30+00:00,,netincometocommon,Net Income / (Loss) Attributable to Common Shareholders,=,credit,usd,9900000.0
Global Brass and Copper Holdings Inc,BRSS,5493008IRDIZ3ZYEEX98,0001533526,2013.0,Q3,2013-07-01,2013-09-30,2014-11-13 09:01:30+00:00,basiceps,weightedavebasicsharesos,Weighted Average Basic Shares Outstanding,/,,shares,21100000.0
Global Brass and Copper Holdings Inc,BRSS,5493008IRDIZ3ZYEEX98,0001533526,2013.0,Q3,2013-07-01,2013-09-30,2014-11-13 09:01:30+00:00,,basiceps,Basic Earnings per Share,=,,usdpershare,0.47
Global Brass and Copper Holdings Inc,BRSS,5493008IRDIZ3ZYEEX98,0001533526,2013.0,Q3,2013-07-01,2013-09-30,2014-11-13 09:01:30+00:00,dilutedeps,weightedavedilutedsharesos,Weighted Average Diluted Shares Outstanding,/,,shares,21200000.0
Global Brass and Copper Holdings Inc,BRSS,5493008IRDIZ3ZYEEX98,0001533526,2013.0,Q3,2013-07-01,2013-09-30,2014-11-13 09:01:30+00:00,,dilutedeps,Diluted Earnings per Share,=,,usdpershare,0.47
Global Brass and Copper Holdings Inc,BRSS,5493008IRDIZ3ZYEEX98,0001533526,2013.0,Q3,2013-07-01,2013-09-30,2014-11-13 09:01:30+00:00,basicdilutedeps,weightedavebasicdilutedsharesos,Weighted Average Basic & Diluted Shares Outstanding,/,,shares,21100000.0
Global Brass and Copper Holdings Inc,BRSS,5493008IRDIZ3ZYEEX98,0001533526,2013.0,Q3,2013-07-01,2013-09-30,2014-11-13 09:01:30+00:00,,basicdilutedeps,Basic & Diluted Earnings per Share,=,,usdpershare,0.47
Global Brass and Copper Holdings Inc,BRSS,5493008IRDIZ3ZYEEX98,0001533526,2013.0,Q3,2013-07-01,2013-09-30,2014-11-13 09:01:30+00:00,,cashdividendspershare,Cash Dividends to Common per Share,=,,usdpershare,0.0
Global Brass and Copper Holdings Inc,BRSS,5493008IRDIZ3ZYEEX98,0001533526,2013.0,Q4,2013-10-01,2013-12-31,,totalrevenue,operatingrevenue,Operating Revenue,+,credit,usd,412800000.0
Global Brass and Copper Holdings Inc,BRSS,5493008IRDIZ3ZYEEX98,0001533526,2013.0,Q4,2013-10-01,2013-12-31,,totalgrossprofit,totalrevenue,Total Revenue,+,credit,usd,412800000.0
Global Brass and Copper Holdings Inc,BRSS,5493008IRDIZ3ZYEEX98,0001533526,2013.0,Q4,2013-10-01,2013-12-31,,totalcostofrevenue,operatingcostofrevenue,Operating Cost of Revenue,+,debit,usd,374400000.0
Global Brass and Copper Holdings Inc,BRSS,5493008IRDIZ3ZYEEX98,0001533526,2013.0,Q4,2013-10-01,2013-12-31,,totalgrossprofit,totalcostofrevenue,Total Cost of Revenue,-,debit,usd,374400000.0
Global Brass and Copper Holdings Inc,BRSS,5493008IRDIZ3ZYEEX98,0001533526,2013.0,Q4,2013-10-01,2013-12-31,,totaloperatingincome,totalgrossprofit,Total Gross Profit,+,credit,usd,38400000.0
Global Brass and Copper Holdings Inc,BRSS,5493008IRDIZ3ZYEEX98,0001533526,2013.0,Q4,2013-10-01,2013-12-31,,totaloperatingexpenses,sgaexpense,"Selling, General & Admin Expense",+,debit,usd,18200000.0
Global Brass and Copper Holdings Inc,BRSS,5493008IRDIZ3ZYEEX98,0001533526,2013.0,Q4,2013-10-01,2013-12-31,,totaloperatingincome,totaloperatingexpenses,Total Operating Expenses,-,debit,usd,18200000.0
Global Brass and Copper Holdings Inc,BRSS,5493008IRDIZ3ZYEEX98,0001533526,2013.0,Q4,2013-10-01,2013-12-31,,totalpretaxincome,totaloperatingincome,Total Operating Income,+,credit,usd,20200000.0
Global Brass and Copper Holdings Inc,BRSS,5493008IRDIZ3ZYEEX98,0001533526,2013.0,Q4,2013-10-01,2013-12-31,,totalotherincome,totalinterestexpense,Interest Expense,-,debit,usd,9900000.0
Global Brass and Copper Holdings Inc,BRSS,5493008IRDIZ3ZYEEX98,0001533526,2013.0,Q4,2013-10-01,2013-12-31,,totalotherincome,otherincome,"Other Income / (Expense), net",+,credit,usd,100000.0
Global Brass and Copper Holdings Inc,BRSS,5493008IRDIZ3ZYEEX98,0001533526,2013.0,Q4,2013-10-01,2013-12-31,,totalpretaxincome,totalotherincome,"Total Other Income / (Expense), net",+,credit,usd,-9800000.0
Global Brass and Copper Holdings Inc,BRSS,5493008IRDIZ3ZYEEX98,0001533526,2013.0,Q4,2013-10-01,2013-12-31,,netincomecontinuing,totalpretaxincome,Total Pre-Tax Income ,+,credit,usd,10400000.0
Global Brass and Copper Holdings Inc,BRSS,5493008IRDIZ3ZYEEX98,0001533526,2013.0,Q4,2013-10-01,2013-12-31,,netincomecontinuing,incometaxexpense,Income Tax Expense,-,debit,usd,4400000.0
Global Brass and Copper Holdings Inc,BRSS,5493008IRDIZ3ZYEEX98,0001533526,2013.0,Q4,2013-10-01,2013-12-31,,netincomecontinuing,othergains,"Other Gains / (Losses), net",+,credit,usd,300000.0
Global Brass and Copper Holdings Inc,BRSS,5493008IRDIZ3ZYEEX98,0001533526,2013.0,Q4,2013-10-01,2013-12-31,,netincome,netincomecontinuing,Net Income / (Loss) Continuing Operations,+,credit,usd,6300000.0
Global Brass and Copper Holdings Inc,BRSS,5493008IRDIZ3ZYEEX98,0001533526,2013.0,Q4,2013-10-01,2013-12-31,,netincometocommon,netincome,Consolidated Net Income / (Loss),+,credit,usd,6300000.0
Global Brass and Copper Holdings Inc,BRSS,5493008IRDIZ3ZYEEX98,0001533526,2013.0,Q4,2013-10-01,2013-12-31,,netincometocommon,netincometononcontrollinginterest,Net Income / (Loss) Attributable to Noncontrolling Interest,-,debit,usd,100000.0
Global Brass and Copper Holdings Inc,BRSS,5493008IRDIZ3ZYEEX98,0001533526,2013.0,Q4,2013-10-01,2013-12-31,,,netincometocommon,Net Income / (Loss) Attributable to Common Shareholders,=,credit,usd,6200000.0
Global Brass and Copper Holdings Inc,BRSS,5493008IRDIZ3ZYEEX98,0001533526,2013.0,Q4,2013-10-01,2013-12-31,,basiceps,weightedavebasicsharesos,Weighted Average Basic Shares Outstanding,/,,shares,21100000.0
Global Brass and Copper Holdings Inc,BRSS,5493008IRDIZ3ZYEEX98,0001533526,2013.0,Q4,2013-10-01,2013-12-31,,,basiceps,Basic Earnings per Share,=,,usdpershare,0.29
Global Brass and Copper Holdings Inc,BRSS,5493008IRDIZ3ZYEEX98,0001533526,2013.0,Q4,2013-10-01,2013-12-31,,dilutedeps,weightedavedilutedsharesos,Weighted Average Diluted Shares Outstanding,/,,shares,21200000.0
Global Brass and Copper Holdings Inc,BRSS,5493008IRDIZ3ZYEEX98,0001533526,2013.0,Q4,2013-10-01,2013-12-31,,,dilutedeps,Diluted Earnings per Share,=,,usdpershare,0.29
Global Brass and Copper Holdings Inc,BRSS,5493008IRDIZ3ZYEEX98,0001533526,2013.0,Q4,2013-10-01,2013-12-31,,basicdilutedeps,weightedavebasicdilutedsharesos,Weighted Average Basic & Diluted Shares Outstanding,/,,shares,21200000.0
Global Brass and Copper Holdings Inc,BRSS,5493008IRDIZ3ZYEEX98,0001533526,2013.0,Q4,2013-10-01,2013-12-31,,,basicdilutedeps,Basic & Diluted Earnings per Share,=,,usdpershare,0.29
Global Brass and Copper Holdings Inc,BRSS,5493008IRDIZ3ZYEEX98,0001533526,2013.0,Q4,2013-10-01,2013-12-31,,,cashdividendspershare,Cash Dividends to Common per Share,=,,usdpershare,0.04
Global Brass and Copper Holdings Inc,BRSS,5493008IRDIZ3ZYEEX98,0001533526,2014.0,Q1,2014-01-01,2014-03-31,2015-05-11 08:19:59+00:00,totalrevenue,operatingrevenue,Operating Revenue,+,credit,usd,443800000.0
Global Brass and Copper Holdings Inc,BRSS,5493008IRDIZ3ZYEEX98,0001533526,2014.0,Q1,2014-01-01,2014-03-31,2015-05-11 08:19:59+00:00,totalgrossprofit,totalrevenue,Total Revenue,+,credit,usd,443800000.0
Global Brass and Copper Holdings Inc,BRSS,5493008IRDIZ3ZYEEX98,0001533526,2014.0,Q1,2014-01-01,2014-03-31,2015-05-11 08:19:59+00:00,totalcostofrevenue,operatingcostofrevenue,Operating Cost of Revenue,+,debit,usd,400200000.0
Global Brass and Copper Holdings Inc,BRSS,5493008IRDIZ3ZYEEX98,0001533526,2014.0,Q1,2014-01-01,2014-03-31,2015-05-11 08:19:59+00:00,totalgrossprofit,totalcostofrevenue,Total Cost of Revenue,-,debit,usd,400200000.0
Global Brass and Copper Holdings Inc,BRSS,5493008IRDIZ3ZYEEX98,0001533526,2014.0,Q1,2014-01-01,2014-03-31,2015-05-11 08:19:59+00:00,totaloperatingincome,totalgrossprofit,Total Gross Profit,+,credit,usd,43600000.0
Global Brass and Copper Holdings Inc,BRSS,5493008IRDIZ3ZYEEX98,0001533526,2014.0,Q1,2014-01-01,2014-03-31,2015-05-11 08:19:59+00:00,totaloperatingexpenses,sgaexpense,"Selling, General & Admin Expense",+,debit,usd,18800000.0
Global Brass and Copper Holdings Inc,BRSS,5493008IRDIZ3ZYEEX98,0001533526,2014.0,Q1,2014-01-01,2014-03-31,2015-05-11 08:19:59+00:00,totaloperatingincome,totaloperatingexpenses,Total Operating Expenses,-,debit,usd,18800000.0
Global Brass and Copper Holdings Inc,BRSS,5493008IRDIZ3ZYEEX98,0001533526,2014.0,Q1,2014-01-01,2014-03-31,2015-05-11 08:19:59+00:00,totalpretaxincome,totaloperatingincome,Total Operating Income,+,credit,usd,24800000.0
Global Brass and Copper Holdings Inc,BRSS,5493008IRDIZ3ZYEEX98,0001533526,2014.0,Q1,2014-01-01,2014-03-31,2015-05-11 08:19:59+00:00,totalotherincome,totalinterestexpense,Interest Expense,-,debit,usd,9900000.0
Global Brass and Copper Holdings Inc,BRSS,5493008IRDIZ3ZYEEX98,0001533526,2014.0,Q1,2014-01-01,2014-03-31,2015-05-11 08:19:59+00:00,totalotherincome,otherincome,"Other Income / (Expense), net",+,credit,usd,-100000.0
Global Brass and Copper Holdings Inc,BRSS,5493008IRDIZ3ZYEEX98,0001533526,2014.0,Q1,2014-01-01,2014-03-31,2015-05-11 08:19:59+00:00,totalpretaxincome,totalotherincome,"Total Other Income / (Expense), net",+,credit,usd,-10000000.0
Global Brass and Copper Holdings Inc,BRSS,5493008IRDIZ3ZYEEX98,0001533526,2014.0,Q1,2014-01-01,2014-03-31,2015-05-11 08:19:59+00:00,netincomecontinuing,totalpretaxincome,Total Pre-Tax Income ,+,credit,usd,14800000.0
Global Brass and Copper Holdings Inc,BRSS,5493008IRDIZ3ZYEEX98,0001533526,2014.0,Q1,2014-01-01,2014-03-31,2015-05-11 08:19:59+00:00,netincomecontinuing,incometaxexpense,Income Tax Expense,-,debit,usd,5300000.0
Global Brass and Copper Holdings Inc,BRSS,5493008IRDIZ3ZYEEX98,0001533526,2014.0,Q1,2014-01-01,2014-03-31,2015-05-11 08:19:59+00:00,netincomecontinuing,othergains,"Other Gains / (Losses), net",+,credit,usd,300000.0
Global Brass and Copper Holdings Inc,BRSS,5493008IRDIZ3ZYEEX98,0001533526,2014.0,Q1,2014-01-01,2014-03-31,2015-05-11 08:19:59+00:00,netincome,netincomecontinuing,Net Income / (Loss) Continuing Operations,+,credit,usd,9800000.0
Global Brass and Copper Holdings Inc,BRSS,5493008IRDIZ3ZYEEX98,0001533526,2014.0,Q1,2014-01-01,2014-03-31,2015-05-11 08:19:59+00:00,netincometocommon,netincome,Consolidated Net Income / (Loss),+,credit,usd,9800000.0
Global Brass and Copper Holdings Inc,BRSS,5493008IRDIZ3ZYEEX98,0001533526,2014.0,Q1,2014-01-01,2014-03-31,2015-05-11 08:19:59+00:00,netincometocommon,netincometononcontrollinginterest,Net Income / (Loss) Attributable to Noncontrolling Interest,-,debit,usd,100000.0
Global Brass and Copper Holdings Inc,BRSS,5493008IRDIZ3ZYEEX98,0001533526,2014.0,Q1,2014-01-01,2014-03-31,2015-05-11 08:19:59+00:00,,netincometocommon,Net Income / (Loss) Attributable to Common Shareholders,=,credit,usd,9700000.0
Global Brass and Copper Holdings Inc,BRSS,5493008IRDIZ3ZYEEX98,0001533526,2014.0,Q1,2014-01-01,2014-03-31,2015-05-11 08:19:59+00:00,basiceps,weightedavebasicsharesos,Weighted Average Basic Shares Outstanding,/,,shares,21100000.0
Global Brass and Copper Holdings Inc,BRSS,5493008IRDIZ3ZYEEX98,0001533526,2014.0,Q1,2014-01-01,2014-03-31,2015-05-11 08:19:59+00:00,,basiceps,Basic Earnings per Share,=,,usdpershare,0.46
Global Brass and Copper Holdings Inc,BRSS,5493008IRDIZ3ZYEEX98,0001533526,2014.0,Q1,2014-01-01,2014-03-31,2015-05-11 08:19:59+00:00,dilutedeps,weightedavedilutedsharesos,Weighted Average Diluted Shares Outstanding,/,,shares,21200000.0
Global Brass and Copper Holdings Inc,BRSS,5493008IRDIZ3ZYEEX98,0001533526,2014.0,Q1,2014-01-01,2014-03-31,2015-05-11 08:19:59+00:00,,dilutedeps,Diluted Earnings per Share,=,,usdpershare,0.46
Global Brass and Copper Holdings Inc,BRSS,5493008IRDIZ3ZYEEX98,0001533526,2014.0,Q1,2014-01-01,2014-03-31,2015-05-11 08:19:59+00:00,basicdilutedeps,weightedavebasicdilutedsharesos,Weighted Average Basic & Diluted Shares Outstanding,/,,shares,21100000.0
Global Brass and Copper Holdings Inc,BRSS,5493008IRDIZ3ZYEEX98,0001533526,2014.0,Q1,2014-01-01,2014-03-31,2015-05-11 08:19:59+00:00,,basicdilutedeps,Basic & Diluted Earnings per Share,=,,usdpershare,0.46
Global Brass and Copper Holdings Inc,BRSS,5493008IRDIZ3ZYEEX98,0001533526,2014.0,Q1,2014-01-01,2014-03-31,2015-05-11 08:19:59+00:00,,cashdividendspershare,Cash Dividends to Common per Share,=,,usdpershare,0.0375
Global Brass and Copper Holdings Inc,BRSS,5493008IRDIZ3ZYEEX98,0001533526,2014.0,Q2,2014-04-01,2014-06-30,2015-08-07 09:00:21+00:00,totalrevenue,operatingrevenue,Operating Revenue,+,credit,usd,440500000.0
Global Brass and Copper Holdings Inc,BRSS,5493008IRDIZ3ZYEEX98,0001533526,2014.0,Q2,2014-04-01,2014-06-30,2015-08-07 09:00:21+00:00,totalgrossprofit,totalrevenue,Total Revenue,+,credit,usd,440500000.0
Global Brass and Copper Holdings Inc,BRSS,5493008IRDIZ3ZYEEX98,0001533526,2014.0,Q2,2014-04-01,2014-06-30,2015-08-07 09:00:21+00:00,totalcostofrevenue,operatingcostofrevenue,Operating Cost of Revenue,+,debit,usd,396300000.0
Global Brass and Copper Holdings Inc,BRSS,5493008IRDIZ3ZYEEX98,0001533526,2014.0,Q2,2014-04-01,2014-06-30,2015-08-07 09:00:21+00:00,totalgrossprofit,totalcostofrevenue,Total Cost of Revenue,-,debit,usd,396300000.0
Global Brass and Copper Holdings Inc,BRSS,5493008IRDIZ3ZYEEX98,0001533526,2014.0,Q2,2014-04-01,2014-06-30,2015-08-07 09:00:21+00:00,totaloperatingincome,totalgrossprofit,Total Gross Profit,+,credit,usd,44200000.0
Global Brass and Copper Holdings Inc,BRSS,5493008IRDIZ3ZYEEX98,0001533526,2014.0,Q2,2014-04-01,2014-06-30,2015-08-07 09:00:21+00:00,totaloperatingexpenses,sgaexpense,"Selling, General & Admin Expense",+,debit,usd,19900000.0
Global Brass and Copper Holdings Inc,BRSS,5493008IRDIZ3ZYEEX98,0001533526,2014.0,Q2,2014-04-01,2014-06-30,2015-08-07 09:00:21+00:00,totaloperatingincome,totaloperatingexpenses,Total Operating Expenses,-,debit,usd,19900000.0
Global Brass and Copper Holdings Inc,BRSS,5493008IRDIZ3ZYEEX98,0001533526,2014.0,Q2,2014-04-01,2014-06-30,2015-08-07 09:00:21+00:00,totalpretaxincome,totaloperatingincome,Total Operating Income,+,credit,usd,24300000.0
Global Brass and Copper Holdings Inc,BRSS,5493008IRDIZ3ZYEEX98,0001533526,2014.0,Q2,2014-04-01,2014-06-30,2015-08-07 09:00:21+00:00,totalotherincome,totalinterestexpense,Interest Expense,-,debit,usd,9800000.0
Global Brass and Copper Holdings Inc,BRSS,5493008IRDIZ3ZYEEX98,0001533526,2014.0,Q2,2014-04-01,2014-06-30,2015-08-07 09:00:21+00:00,totalotherincome,totalinterestincome,Interest & Investment Income,+,credit,usd,0.0
Global Brass and Copper Holdings Inc,BRSS,5493008IRDIZ3ZYEEX98,0001533526,2014.0,Q2,2014-04-01,2014-06-30,2015-08-07 09:00:21+00:00,totalotherincome,otherincome,"Other Income / (Expense), net",+,credit,usd,-100000.0
Global Brass and Copper Holdings Inc,BRSS,5493008IRDIZ3ZYEEX98,0001533526,2014.0,Q2,2014-04-01,2014-06-30,2015-08-07 09:00:21+00:00,totalpretaxincome,totalotherincome,"Total Other Income / (Expense), net",+,credit,usd,-9900000.0
Global Brass and Copper Holdings Inc,BRSS,5493008IRDIZ3ZYEEX98,0001533526,2014.0,Q2,2014-04-01,2014-06-30,2015-08-07 09:00:21+00:00,netincomecontinuing,totalpretaxincome,Total Pre-Tax Income ,+,credit,usd,14400000.0
Global Brass and Copper Holdings Inc,BRSS,5493008IRDIZ3ZYEEX98,0001533526,2014.0,Q2,2014-04-01,2014-06-30,2015-08-07 09:00:21+00:00,netincomecontinuing,incometaxexpense,Income Tax Expense,-,debit,usd,5500000.0
Global Brass and Copper Holdings Inc,BRSS,5493008IRDIZ3ZYEEX98,0001533526,2014.0,Q2,2014-04-01,2014-06-30,2015-08-07 09:00:21+00:00,netincomecontinuing,othergains,"Other Gains / (Losses), net",+,credit,usd,200000.0
Global Brass and Copper Holdings Inc,BRSS,5493008IRDIZ3ZYEEX98,0001533526,2014.0,Q2,2014-04-01,2014-06-30,2015-08-07 09:00:21+00:00,netincome,netincomecontinuing,Net Income / (Loss) Continuing Operations,+,credit,usd,9100000.0
Global Brass and Copper Holdings Inc,BRSS,5493008IRDIZ3ZYEEX98,0001533526,2014.0,Q2,2014-04-01,2014-06-30,2015-08-07 09:00:21+00:00,netincometocommon,netincome,Consolidated Net Income / (Loss),+,credit,usd,9100000.0
Global Brass and Copper Holdings Inc,BRSS,5493008IRDIZ3ZYEEX98,0001533526,2014.0,Q2,2014-04-01,2014-06-30,2015-08-07 09:00:21+00:00,netincometocommon,netincometononcontrollinginterest,Net Income / (Loss) Attributable to Noncontrolling Interest,-,debit,usd,100000.0
Global Brass and Copper Holdings Inc,BRSS,5493008IRDIZ3ZYEEX98,0001533526,2014.0,Q2,2014-04-01,2014-06-30,2015-08-07 09:00:21+00:00,,netincometocommon,Net Income / (Loss) Attributable to Common Shareholders,=,credit,usd,9000000.0
Global Brass and Copper Holdings Inc,BRSS,5493008IRDIZ3ZYEEX98,0001533526,2014.0,Q2,2014-04-01,2014-06-30,2015-08-07 09:00:21+00:00,basiceps,weightedavebasicsharesos,Weighted Average Basic Shares Outstanding,/,,shares,21200000.0
Global Brass and Copper Holdings Inc,BRSS,5493008IRDIZ3ZYEEX98,0001533526,2014.0,Q2,2014-04-01,2014-06-30,2015-08-07 09:00:21+00:00,,basiceps,Basic Earnings per Share,=,,usdpershare,0.42
Global Brass and Copper Holdings Inc,BRSS,5493008IRDIZ3ZYEEX98,0001533526,2014.0,Q2,2014-04-01,2014-06-30,2015-08-07 09:00:21+00:00,dilutedeps,weightedavedilutedsharesos,Weighted Average Diluted Shares Outstanding,/,,shares,21300000.0
Global Brass and Copper Holdings Inc,BRSS,5493008IRDIZ3ZYEEX98,0001533526,2014.0,Q2,2014-04-01,2014-06-30,2015-08-07 09:00:21+00:00,,dilutedeps,Diluted Earnings per Share,=,,usdpershare,0.42
Global Brass and Copper Holdings Inc,BRSS,5493008IRDIZ3ZYEEX98,0001533526,2014.0,Q2,2014-04-01,2014-06-30,2015-08-07 09:00:21+00:00,basicdilutedeps,weightedavebasicdilutedsharesos,Weighted Average Basic & Diluted Shares Outstanding,/,,shares,21400000.0
Global Brass and Copper Holdings Inc,BRSS,5493008IRDIZ3ZYEEX98,0001533526,2014.0,Q2,2014-04-01,2014-06-30,2015-08-07 09:00:21+00:00,,basicdilutedeps,Basic & Diluted Earnings per Share,=,,usdpershare,0.42
Global Brass and Copper Holdings Inc,BRSS,5493008IRDIZ3ZYEEX98,0001533526,2014.0,Q2,2014-04-01,2014-06-30,2015-08-07 09:00:21+00:00,,cashdividendspershare,Cash Dividends to Common per Share,=,,usdpershare,0.0375
Global Brass and Copper Holdings Inc,BRSS,5493008IRDIZ3ZYEEX98,0001533526,2014.0,Q3,2014-07-01,2014-09-30,2015-11-02 18:08:49+00:00,totalrevenue,operatingrevenue,Operating Revenue,+,credit,usd,436800000.0
Global Brass and Copper Holdings Inc,BRSS,5493008IRDIZ3ZYEEX98,0001533526,2014.0,Q3,2014-07-01,2014-09-30,2015-11-02 18:08:49+00:00,totalgrossprofit,totalrevenue,Total Revenue,+,credit,usd,436800000.0
Global Brass and Copper Holdings Inc,BRSS,5493008IRDIZ3ZYEEX98,0001533526,2014.0,Q3,2014-07-01,2014-09-30,2015-11-02 18:08:49+00:00,totalcostofrevenue,operatingcostofrevenue,Operating Cost of Revenue,+,debit,usd,392200000.0
Global Brass and Copper Holdings Inc,BRSS,5493008IRDIZ3ZYEEX98,0001533526,2014.0,Q3,2014-07-01,2014-09-30,2015-11-02 18:08:49+00:00,totalgrossprofit,totalcostofrevenue,Total Cost of Revenue,-,debit,usd,392200000.0
Global Brass and Copper Holdings Inc,BRSS,5493008IRDIZ3ZYEEX98,0001533526,2014.0,Q3,2014-07-01,2014-09-30,2015-11-02 18:08:49+00:00,totaloperatingincome,totalgrossprofit,Total Gross Profit,+,credit,usd,44600000.0
Global Brass and Copper Holdings Inc,BRSS,5493008IRDIZ3ZYEEX98,0001533526,2014.0,Q3,2014-07-01,2014-09-30,2015-11-02 18:08:49+00:00,totaloperatingexpenses,sgaexpense,"Selling, General & Admin Expense",+,debit,usd,18800000.0
Global Brass and Copper Holdings Inc,BRSS,5493008IRDIZ3ZYEEX98,0001533526,2014.0,Q3,2014-07-01,2014-09-30,2015-11-02 18:08:49+00:00,totaloperatingincome,totaloperatingexpenses,Total Operating Expenses,-,debit,usd,18800000.0
Global Brass and Copper Holdings Inc,BRSS,5493008IRDIZ3ZYEEX98,0001533526,2014.0,Q3,2014-07-01,2014-09-30,2015-11-02 18:08:49+00:00,totalpretaxincome,totaloperatingincome,Total Operating Income,+,credit,usd,25800000.0
Global Brass and Copper Holdings Inc,BRSS,5493008IRDIZ3ZYEEX98,0001533526,2014.0,Q3,2014-07-01,2014-09-30,2015-11-02 18:08:49+00:00,totalotherincome,totalinterestexpense,Interest Expense,-,debit,usd,10000000.0
Global Brass and Copper Holdings Inc,BRSS,5493008IRDIZ3ZYEEX98,0001533526,2014.0,Q3,2014-07-01,2014-09-30,2015-11-02 18:08:49+00:00,totalotherincome,totalinterestincome,Interest & Investment Income,+,credit,usd,0.0
Global Brass and Copper Holdings Inc,BRSS,5493008IRDIZ3ZYEEX98,0001533526,2014.0,Q3,2014-07-01,2014-09-30,2015-11-02 18:08:49+00:00,totalotherincome,otherincome,"Other Income / (Expense), net",+,credit,usd,-100000.0
Global Brass and Copper Holdings Inc,BRSS,5493008IRDIZ3ZYEEX98,0001533526,2014.0,Q3,2014-07-01,2014-09-30,2015-11-02 18:08:49+00:00,totalpretaxincome,totalotherincome,"Total Other Income / (Expense), net",+,credit,usd,-10100000.0
Global Brass and Copper Holdings Inc,BRSS,5493008IRDIZ3ZYEEX98,0001533526,2014.0,Q3,2014-07-01,2014-09-30,2015-11-02 18:08:49+00:00,netincomecontinuing,totalpretaxincome,Total Pre-Tax Income ,+,credit,usd,15700000.0
Global Brass and Copper Holdings Inc,BRSS,5493008IRDIZ3ZYEEX98,0001533526,2014.0,Q3,2014-07-01,2014-09-30,2015-11-02 18:08:49+00:00,netincomecontinuing,incometaxexpense,Income Tax Expense,-,debit,usd,5700000.0
Global Brass and Copper Holdings Inc,BRSS,5493008IRDIZ3ZYEEX98,0001533526,2014.0,Q3,2014-07-01,2014-09-30,2015-11-02 18:08:49+00:00,netincomecontinuing,othergains,"Other Gains / (Losses), net",+,credit,usd,300000.0
Global Brass and Copper Holdings Inc,BRSS,5493008IRDIZ3ZYEEX98,0001533526,2014.0,Q3,2014-07-01,2014-09-30,2015-11-02 18:08:49+00:00,netincome,netincomecontinuing,Net Income / (Loss) Continuing Operations,+,credit,usd,10300000.0
Global Brass and Copper Holdings Inc,BRSS,5493008IRDIZ3ZYEEX98,0001533526,2014.0,Q3,2014-07-01,2014-09-30,2015-11-02 18:08:49+00:00,netincometocommon,netincome,Consolidated Net Income / (Loss),+,credit,usd,10300000.0
Global Brass and Copper Holdings Inc,BRSS,5493008IRDIZ3ZYEEX98,0001533526,2014.0,Q3,2014-07-01,2014-09-30,2015-11-02 18:08:49+00:00,netincometocommon,netincometononcontrollinginterest,Net Income / (Loss) Attributable to Noncontrolling Interest,-,debit,usd,100000.0
Global Brass and Copper Holdings Inc,BRSS,5493008IRDIZ3ZYEEX98,0001533526,2014.0,Q3,2014-07-01,2014-09-30,2015-11-02 18:08:49+00:00,,netincometocommon,Net Income / (Loss) Attributable to Common Shareholders,=,credit,usd,10200000.0
Global Brass and Copper Holdings Inc,BRSS,5493008IRDIZ3ZYEEX98,0001533526,2014.0,Q3,2014-07-01,2014-09-30,2015-11-02 18:08:49+00:00,basiceps,weightedavebasicsharesos,Weighted Average Basic Shares Outstanding,/,,shares,21200000.0
Global Brass and Copper Holdings Inc,BRSS,5493008IRDIZ3ZYEEX98,0001533526,2014.0,Q3,2014-07-01,2014-09-30,2015-11-02 18:08:49+00:00,,basiceps,Basic Earnings per Share,=,,usdpershare,0.48
Global Brass and Copper Holdings Inc,BRSS,5493008IRDIZ3ZYEEX98,0001533526,2014.0,Q3,2014-07-01,2014-09-30,2015-11-02 18:08:49+00:00,dilutedeps,weightedavedilutedsharesos,Weighted Average Diluted Shares Outstanding,/,,shares,21300000.0
Global Brass and Copper Holdings Inc,BRSS,5493008IRDIZ3ZYEEX98,0001533526,2014.0,Q3,2014-07-01,2014-09-30,2015-11-02 18:08:49+00:00,,dilutedeps,Diluted Earnings per Share,=,,usdpershare,0.48
Global Brass and Copper Holdings Inc,BRSS,5493008IRDIZ3ZYEEX98,0001533526,2014.0,Q3,2014-07-01,2014-09-30,2015-11-02 18:08:49+00:00,basicdilutedeps,weightedavebasicdilutedsharesos,Weighted Average Basic & Diluted Shares Outstanding,/,,shares,21300000.0
Global Brass and Copper Holdings Inc,BRSS,5493008IRDIZ3ZYEEX98,0001533526,2014.0,Q3,2014-07-01,2014-09-30,2015-11-02 18:08:49+00:00,,basicdilutedeps,Basic & Diluted Earnings per Share,=,,usdpershare,0.48
Global Brass and Copper Holdings Inc,BRSS,5493008IRDIZ3ZYEEX98,0001533526,2014.0,Q3,2014-07-01,2014-09-30,2015-11-02 18:08:49+00:00,,cashdividendspershare,Cash Dividends to Common per Share,=,,usdpershare,0.0375
Global Brass and Copper Holdings Inc,BRSS,5493008IRDIZ3ZYEEX98,0001533526,2014.0,Q4,2014-10-01,2014-12-31,,totalrevenue,operatingrevenue,Operating Revenue,+,credit,usd,390300000.0
Global Brass and Copper Holdings Inc,BRSS,5493008IRDIZ3ZYEEX98,0001533526,2014.0,Q4,2014-10-01,2014-12-31,,totalgrossprofit,totalrevenue,Total Revenue,+,credit,usd,390300000.0
Global Brass and Copper Holdings Inc,BRSS,5493008IRDIZ3ZYEEX98,0001533526,2014.0,Q4,2014-10-01,2014-12-31,,totalcostofrevenue,operatingcostofrevenue,Operating Cost of Revenue,+,debit,usd,358100000.0
Global Brass and Copper Holdings Inc,BRSS,5493008IRDIZ3ZYEEX98,0001533526,2014.0,Q4,2014-10-01,2014-12-31,,totalgrossprofit,totalcostofrevenue,Total Cost of Revenue,-,debit,usd,358100000.0
Global Brass and Copper Holdings Inc,BRSS,5493008IRDIZ3ZYEEX98,0001533526,2014.0,Q4,2014-10-01,2014-12-31,,totaloperatingincome,totalgrossprofit,Total Gross Profit,+,credit,usd,32200000.0
Global Brass and Copper Holdings Inc,BRSS,5493008IRDIZ3ZYEEX98,0001533526,2014.0,Q4,2014-10-01,2014-12-31,,totaloperatingexpenses,sgaexpense,"Selling, General & Admin Expense",+,debit,usd,19400000.0
Global Brass and Copper Holdings Inc,BRSS,5493008IRDIZ3ZYEEX98,0001533526,2014.0,Q4,2014-10-01,2014-12-31,,totaloperatingincome,totaloperatingexpenses,Total Operating Expenses,-,debit,usd,19400000.0
Global Brass and Copper Holdings Inc,BRSS,5493008IRDIZ3ZYEEX98,0001533526,2014.0,Q4,2014-10-01,2014-12-31,,totalpretaxincome,totaloperatingincome,Total Operating Income,+,credit,usd,12800000.0
Global Brass and Copper Holdings Inc,BRSS,5493008IRDIZ3ZYEEX98,0001533526,2014.0,Q4,2014-10-01,2014-12-31,,totalotherincome,totalinterestexpense,Interest Expense,-,debit,usd,9900000.0
Global Brass and Copper Holdings Inc,BRSS,5493008IRDIZ3ZYEEX98,0001533526,2014.0,Q4,2014-10-01,2014-12-31,,totalotherincome,otherincome,"Other Income / (Expense), net",+,credit,usd,-200000.0
Global Brass and Copper Holdings Inc,BRSS,5493008IRDIZ3ZYEEX98,0001533526,2014.0,Q4,2014-10-01,2014-12-31,,totalpretaxincome,totalotherincome,"Total Other Income / (Expense), net",+,credit,usd,-10100000.0
Global Brass and Copper Holdings Inc,BRSS,5493008IRDIZ3ZYEEX98,0001533526,2014.0,Q4,2014-10-01,2014-12-31,,netincomecontinuing,totalpretaxincome,Total Pre-Tax Income ,+,credit,usd,2700000.0
Global Brass and Copper Holdings Inc,BRSS,5493008IRDIZ3ZYEEX98,0001533526,2014.0,Q4,2014-10-01,2014-12-31,,netincomecontinuing,incometaxexpense,Income Tax Expense,-,debit,usd,100000.0
Global Brass and Copper Holdings Inc,BRSS,5493008IRDIZ3ZYEEX98,0001533526,2014.0,Q4,2014-10-01,2014-12-31,,netincomecontinuing,othergains,"Other Gains / (Losses), net",+,credit,usd,300000.0
Global Brass and Copper Holdings Inc,BRSS,5493008IRDIZ3ZYEEX98,0001533526,2014.0,Q4,2014-10-01,2014-12-31,,netincome,netincomecontinuing,Net Income / (Loss) Continuing Operations,+,credit,usd,2900000.0
Global Brass and Copper Holdings Inc,BRSS,5493008IRDIZ3ZYEEX98,0001533526,2014.0,Q4,2014-10-01,2014-12-31,,netincometocommon,netincome,Consolidated Net Income / (Loss),+,credit,usd,2900000.0
Global Brass and Copper Holdings Inc,BRSS,5493008IRDIZ3ZYEEX98,0001533526,2014.0,Q4,2014-10-01,2014-12-31,,netincometocommon,netincometononcontrollinginterest,Net Income / (Loss) Attributable to Noncontrolling Interest,-,debit,usd,100000.0
Global Brass and Copper Holdings Inc,BRSS,5493008IRDIZ3ZYEEX98,0001533526,2014.0,Q4,2014-10-01,2014-12-31,,,netincometocommon,Net Income / (Loss) Attributable to Common Shareholders,=,credit,usd,2800000.0
Global Brass and Copper Holdings Inc,BRSS,5493008IRDIZ3ZYEEX98,0001533526,2014.0,Q4,2014-10-01,2014-12-31,,basiceps,weightedavebasicsharesos,Weighted Average Basic Shares Outstanding,/,,shares,21200000.0
Global Brass and Copper Holdings Inc,BRSS,5493008IRDIZ3ZYEEX98,0001533526,2014.0,Q4,2014-10-01,2014-12-31,,,basiceps,Basic Earnings per Share,=,,usdpershare,0.14
Global Brass and Copper Holdings Inc,BRSS,5493008IRDIZ3ZYEEX98,0001533526,2014.0,Q4,2014-10-01,2014-12-31,,dilutedeps,weightedavedilutedsharesos,Weighted Average Diluted Shares Outstanding,/,,shares,21300000.0
Global Brass and Copper Holdings Inc,BRSS,5493008IRDIZ3ZYEEX98,0001533526,2014.0,Q4,2014-10-01,2014-12-31,,,dilutedeps,Diluted Earnings per Share,=,,usdpershare,0.13
Global Brass and Copper Holdings Inc,BRSS,5493008IRDIZ3ZYEEX98,0001533526,2014.0,Q4,2014-10-01,2014-12-31,,basicdilutedeps,weightedavebasicdilutedsharesos,Weighted Average Basic & Diluted Shares Outstanding,/,,shares,21100000.0
Global Brass and Copper Holdings Inc,BRSS,5493008IRDIZ3ZYEEX98,0001533526,2014.0,Q4,2014-10-01,2014-12-31,,,basicdilutedeps,Basic & Diluted Earnings per Share,=,,usdpershare,0.14
Global Brass and Copper Holdings Inc,BRSS,5493008IRDIZ3ZYEEX98,0001533526,2014.0,Q4,2014-10-01,2014-12-31,,,cashdividendspershare,Cash Dividends to Common per Share,=,,usdpershare,0.04
Global Brass and Copper Holdings Inc,BRSS,5493008IRDIZ3ZYEEX98,0001533526,2015.0,Q1,2015-01-01,2015-03-31,2016-05-04 17:45:15+00:00,totalrevenue,operatingrevenue,Operating Revenue,+,credit,usd,400200000.0
Global Brass and Copper Holdings Inc,BRSS,5493008IRDIZ3ZYEEX98,0001533526,2015.0,Q1,2015-01-01,2015-03-31,2016-05-04 17:45:15+00:00,totalgrossprofit,totalrevenue,Total Revenue,+,credit,usd,400200000.0
Global Brass and Copper Holdings Inc,BRSS,5493008IRDIZ3ZYEEX98,0001533526,2015.0,Q1,2015-01-01,2015-03-31,2016-05-04 17:45:15+00:00,totalcostofrevenue,operatingcostofrevenue,Operating Cost of Revenue,+,debit,usd,356300000.0
Global Brass and Copper Holdings Inc,BRSS,5493008IRDIZ3ZYEEX98,0001533526,2015.0,Q1,2015-01-01,2015-03-31,2016-05-04 17:45:15+00:00,totalgrossprofit,totalcostofrevenue,Total Cost of Revenue,-,debit,usd,356300000.0
Global Brass and Copper Holdings Inc,BRSS,5493008IRDIZ3ZYEEX98,0001533526,2015.0,Q1,2015-01-01,2015-03-31,2016-05-04 17:45:15+00:00,totaloperatingincome,totalgrossprofit,Total Gross Profit,+,credit,usd,43900000.0
Global Brass and Copper Holdings Inc,BRSS,5493008IRDIZ3ZYEEX98,0001533526,2015.0,Q1,2015-01-01,2015-03-31,2016-05-04 17:45:15+00:00,totaloperatingexpenses,sgaexpense,"Selling, General & Admin Expense",+,debit,usd,21400000.0
Global Brass and Copper Holdings Inc,BRSS,5493008IRDIZ3ZYEEX98,0001533526,2015.0,Q1,2015-01-01,2015-03-31,2016-05-04 17:45:15+00:00,totaloperatingincome,totaloperatingexpenses,Total Operating Expenses,-,debit,usd,21400000.0
Global Brass and Copper Holdings Inc,BRSS,5493008IRDIZ3ZYEEX98,0001533526,2015.0,Q1,2015-01-01,2015-03-31,2016-05-04 17:45:15+00:00,totalpretaxincome,totaloperatingincome,Total Operating Income,+,credit,usd,22500000.0
Global Brass and Copper Holdings Inc,BRSS,5493008IRDIZ3ZYEEX98,0001533526,2015.0,Q1,2015-01-01,2015-03-31,2016-05-04 17:45:15+00:00,totalotherincome,totalinterestexpense,Interest Expense,-,debit,usd,10000000.0
Global Brass and Copper Holdings Inc,BRSS,5493008IRDIZ3ZYEEX98,0001533526,2015.0,Q1,2015-01-01,2015-03-31,2016-05-04 17:45:15+00:00,totalotherincome,otherincome,"Other Income / (Expense), net",+,credit,usd,-100000.0
Global Brass and Copper Holdings Inc,BRSS,5493008IRDIZ3ZYEEX98,0001533526,2015.0,Q1,2015-01-01,2015-03-31,2016-05-04 17:45:15+00:00,totalpretaxincome,totalotherincome,"Total Other Income / (Expense), net",+,credit,usd,-10100000.0
Global Brass and Copper Holdings Inc,BRSS,5493008IRDIZ3ZYEEX98,0001533526,2015.0,Q1,2015-01-01,2015-03-31,2016-05-04 17:45:15+00:00,netincomecontinuing,totalpretaxincome,Total Pre-Tax Income ,+,credit,usd,12400000.0
Global Brass and Copper Holdings Inc,BRSS,5493008IRDIZ3ZYEEX98,0001533526,2015.0,Q1,2015-01-01,2015-03-31,2016-05-04 17:45:15+00:00,netincomecontinuing,incometaxexpense,Income Tax Expense,-,debit,usd,4500000.0
Global Brass and Copper Holdings Inc,BRSS,5493008IRDIZ3ZYEEX98,0001533526,2015.0,Q1,2015-01-01,2015-03-31,2016-05-04 17:45:15+00:00,netincomecontinuing,othergains,"Other Gains / (Losses), net",+,credit,usd,200000.0
Global Brass and Copper Holdings Inc,BRSS,5493008IRDIZ3ZYEEX98,0001533526,2015.0,Q1,2015-01-01,2015-03-31,2016-05-04 17:45:15+00:00,netincome,netincomecontinuing,Net Income / (Loss) Continuing Operations,+,credit,usd,8100000.0
Global Brass and Copper Holdings Inc,BRSS,5493008IRDIZ3ZYEEX98,0001533526,2015.0,Q1,2015-01-01,2015-03-31,2016-05-04 17:45:15+00:00,netincometocommon,netincome,Consolidated Net Income / (Loss),+,credit,usd,8100000.0
Global Brass and Copper Holdings Inc,BRSS,5493008IRDIZ3ZYEEX98,0001533526,2015.0,Q1,2015-01-01,2015-03-31,2016-05-04 17:45:15+00:00,netincometocommon,netincometononcontrollinginterest,Net Income / (Loss) Attributable to Noncontrolling Interest,-,debit,usd,0.0
Global Brass and Copper Holdings Inc,BRSS,5493008IRDIZ3ZYEEX98,0001533526,2015.0,Q1,2015-01-01,2015-03-31,2016-05-04 17:45:15+00:00,,netincometocommon,Net Income / (Loss) Attributable to Common Shareholders,=,credit,usd,8100000.0
Global Brass and Copper Holdings Inc,BRSS,5493008IRDIZ3ZYEEX98,0001533526,2015.0,Q1,2015-01-01,2015-03-31,2016-05-04 17:45:15+00:00,basiceps,weightedavebasicsharesos,Weighted Average Basic Shares Outstanding,/,,shares,21200000.0
Global Brass and Copper Holdings Inc,BRSS,5493008IRDIZ3ZYEEX98,0001533526,2015.0,Q1,2015-01-01,2015-03-31,2016-05-04 17:45:15+00:00,,basiceps,Basic Earnings per Share,=,,usdpershare,0.38
Global Brass and Copper Holdings Inc,BRSS,5493008IRDIZ3ZYEEX98,0001533526,2015.0,Q1,2015-01-01,2015-03-31,2016-05-04 17:45:15+00:00,dilutedeps,weightedavedilutedsharesos,Weighted Average Diluted Shares Outstanding,/,,shares,21300000.0
Global Brass and Copper Holdings Inc,BRSS,5493008IRDIZ3ZYEEX98,0001533526,2015.0,Q1,2015-01-01,2015-03-31,2016-05-04 17:45:15+00:00,,dilutedeps,Diluted Earnings per Share,=,,usdpershare,0.38
Global Brass and Copper Holdings Inc,BRSS,5493008IRDIZ3ZYEEX98,0001533526,2015.0,Q1,2015-01-01,2015-03-31,2016-05-04 17:45:15+00:00,basicdilutedeps,weightedavebasicdilutedsharesos,Weighted Average Basic & Diluted Shares Outstanding,/,,shares,21300000.0
Global Brass and Copper Holdings Inc,BRSS,5493008IRDIZ3ZYEEX98,0001533526,2015.0,Q1,2015-01-01,2015-03-31,2016-05-04 17:45:15+00:00,,basicdilutedeps,Basic & Diluted Earnings per Share,=,,usdpershare,0.38
Global Brass and Copper Holdings Inc,BRSS,5493008IRDIZ3ZYEEX98,0001533526,2015.0,Q1,2015-01-01,2015-03-31,2016-05-04 17:45:15+00:00,,cashdividendspershare,Cash Dividends to Common per Share,=,,usdpershare,0.0375
Global Brass and Copper Holdings Inc,BRSS,5493008IRDIZ3ZYEEX98,0001533526,2015.0,Q2,2015-04-01,2015-06-30,2016-08-04 17:51:16+00:00,totalrevenue,operatingrevenue,Operating Revenue,+,credit,usd,414900000.0
Global Brass and Copper Holdings Inc,BRSS,5493008IRDIZ3ZYEEX98,0001533526,2015.0,Q2,2015-04-01,2015-06-30,2016-08-04 17:51:16+00:00,totalgrossprofit,totalrevenue,Total Revenue,+,credit,usd,414900000.0
Global Brass and Copper Holdings Inc,BRSS,5493008IRDIZ3ZYEEX98,0001533526,2015.0,Q2,2015-04-01,2015-06-30,2016-08-04 17:51:16+00:00,totalcostofrevenue,operatingcostofrevenue,Operating Cost of Revenue,+,debit,usd,364600000.0
Global Brass and Copper Holdings Inc,BRSS,5493008IRDIZ3ZYEEX98,0001533526,2015.0,Q2,2015-04-01,2015-06-30,2016-08-04 17:51:16+00:00,totalgrossprofit,totalcostofrevenue,Total Cost of Revenue,-,debit,usd,364600000.0
Global Brass and Copper Holdings Inc,BRSS,5493008IRDIZ3ZYEEX98,0001533526,2015.0,Q2,2015-04-01,2015-06-30,2016-08-04 17:51:16+00:00,totaloperatingincome,totalgrossprofit,Total Gross Profit,+,credit,usd,50300000.0
Global Brass and Copper Holdings Inc,BRSS,5493008IRDIZ3ZYEEX98,0001533526,2015.0,Q2,2015-04-01,2015-06-30,2016-08-04 17:51:16+00:00,totaloperatingexpenses,sgaexpense,"Selling, General & Admin Expense",+,debit,usd,21900000.0
Global Brass and Copper Holdings Inc,BRSS,5493008IRDIZ3ZYEEX98,0001533526,2015.0,Q2,2015-04-01,2015-06-30,2016-08-04 17:51:16+00:00,totaloperatingincome,totaloperatingexpenses,Total Operating Expenses,-,debit,usd,21900000.0
Global Brass and Copper Holdings Inc,BRSS,5493008IRDIZ3ZYEEX98,0001533526,2015.0,Q2,2015-04-01,2015-06-30,2016-08-04 17:51:16+00:00,totalpretaxincome,totaloperatingincome,Total Operating Income,+,credit,usd,28400000.0
Global Brass and Copper Holdings Inc,BRSS,5493008IRDIZ3ZYEEX98,0001533526,2015.0,Q2,2015-04-01,2015-06-30,2016-08-04 17:51:16+00:00,totalotherincome,totalinterestexpense,Interest Expense,-,debit,usd,9900000.0
Global Brass and Copper Holdings Inc,BRSS,5493008IRDIZ3ZYEEX98,0001533526,2015.0,Q2,2015-04-01,2015-06-30,2016-08-04 17:51:16+00:00,totalotherincome,totalinterestincome,Interest & Investment Income,+,credit,usd,6300000.0
Global Brass and Copper Holdings Inc,BRSS,5493008IRDIZ3ZYEEX98,0001533526,2015.0,Q2,2015-04-01,2015-06-30,2016-08-04 17:51:16+00:00,totalotherincome,otherincome,"Other Income / (Expense), net",+,credit,usd,200000.0
Global Brass and Copper Holdings Inc,BRSS,5493008IRDIZ3ZYEEX98,0001533526,2015.0,Q2,2015-04-01,2015-06-30,2016-08-04 17:51:16+00:00,totalpretaxincome,totalotherincome,"Total Other Income / (Expense), net",+,credit,usd,-3400000.0
Global Brass and Copper Holdings Inc,BRSS,5493008IRDIZ3ZYEEX98,0001533526,2015.0,Q2,2015-04-01,2015-06-30,2016-08-04 17:51:16+00:00,netincomecontinuing,totalpretaxincome,Total Pre-Tax Income ,+,credit,usd,25000000.0
Global Brass and Copper Holdings Inc,BRSS,5493008IRDIZ3ZYEEX98,0001533526,2015.0,Q2,2015-04-01,2015-06-30,2016-08-04 17:51:16+00:00,netincomecontinuing,incometaxexpense,Income Tax Expense,-,debit,usd,7900000.0
Global Brass and Copper Holdings Inc,BRSS,5493008IRDIZ3ZYEEX98,0001533526,2015.0,Q2,2015-04-01,2015-06-30,2016-08-04 17:51:16+00:00,netincomecontinuing,othergains,"Other Gains / (Losses), net",+,credit,usd,100000.0
Global Brass and Copper Holdings Inc,BRSS,5493008IRDIZ3ZYEEX98,0001533526,2015.0,Q2,2015-04-01,2015-06-30,2016-08-04 17:51:16+00:00,netincome,netincomecontinuing,Net Income / (Loss) Continuing Operations,+,credit,usd,17200000.0
Global Brass and Copper Holdings Inc,BRSS,5493008IRDIZ3ZYEEX98,0001533526,2015.0,Q2,2015-04-01,2015-06-30,2016-08-04 17:51:16+00:00,netincometocommon,netincome,Consolidated Net Income / (Loss),+,credit,usd,17200000.0
Global Brass and Copper Holdings Inc,BRSS,5493008IRDIZ3ZYEEX98,0001533526,2015.0,Q2,2015-04-01,2015-06-30,2016-08-04 17:51:16+00:00,netincometocommon,netincometononcontrollinginterest,Net Income / (Loss) Attributable to Noncontrolling Interest,-,debit,usd,100000.0
Global Brass and Copper Holdings Inc,BRSS,5493008IRDIZ3ZYEEX98,0001533526,2015.0,Q2,2015-04-01,2015-06-30,2016-08-04 17:51:16+00:00,,netincometocommon,Net Income / (Loss) Attributable to Common Shareholders,=,credit,usd,17100000.0
Global Brass and Copper Holdings Inc,BRSS,5493008IRDIZ3ZYEEX98,0001533526,2015.0,Q2,2015-04-01,2015-06-30,2016-08-04 17:51:16+00:00,basiceps,weightedavebasicsharesos,Weighted Average Basic Shares Outstanding,/,,shares,21300000.0
Global Brass and Copper Holdings Inc,BRSS,5493008IRDIZ3ZYEEX98,0001533526,2015.0,Q2,2015-04-01,2015-06-30,2016-08-04 17:51:16+00:00,,basiceps,Basic Earnings per Share,=,,usdpershare,0.8
Global Brass and Copper Holdings Inc,BRSS,5493008IRDIZ3ZYEEX98,0001533526,2015.0,Q2,2015-04-01,2015-06-30,2016-08-04 17:51:16+00:00,dilutedeps,weightedavedilutedsharesos,Weighted Average Diluted Shares Outstanding,/,,shares,21400000.0
Global Brass and Copper Holdings Inc,BRSS,5493008IRDIZ3ZYEEX98,0001533526,2015.0,Q2,2015-04-01,2015-06-30,2016-08-04 17:51:16+00:00,,dilutedeps,Diluted Earnings per Share,=,,usdpershare,0.8
Global Brass and Copper Holdings Inc,BRSS,5493008IRDIZ3ZYEEX98,0001533526,2015.0,Q2,2015-04-01,2015-06-30,2016-08-04 17:51:16+00:00,basicdilutedeps,weightedavebasicdilutedsharesos,Weighted Average Basic & Diluted Shares Outstanding,/,,shares,21400000.0
Global Brass and Copper Holdings Inc,BRSS,5493008IRDIZ3ZYEEX98,0001533526,2015.0,Q2,2015-04-01,2015-06-30,2016-08-04 17:51:16+00:00,,basicdilutedeps,Basic & Diluted Earnings per Share,=,,usdpershare,0.8
Global Brass and Copper Holdings Inc,BRSS,5493008IRDIZ3ZYEEX98,0001533526,2015.0,Q2,2015-04-01,2015-06-30,2016-08-04 17:51:16+00:00,,cashdividendspershare,Cash Dividends to Common per Share,=,,usdpershare,0.0375
Global Brass and Copper Holdings Inc,BRSS,5493008IRDIZ3ZYEEX98,0001533526,2015.0,Q3,2015-07-01,2015-09-30,2016-11-03 17:41:05+00:00,totalrevenue,operatingrevenue,Operating Revenue,+,credit,usd,367700000.0
Global Brass and Copper Holdings Inc,BRSS,5493008IRDIZ3ZYEEX98,0001533526,2015.0,Q3,2015-07-01,2015-09-30,2016-11-03 17:41:05+00:00,totalgrossprofit,totalrevenue,Total Revenue,+,credit,usd,367700000.0
Global Brass and Copper Holdings Inc,BRSS,5493008IRDIZ3ZYEEX98,0001533526,2015.0,Q3,2015-07-01,2015-09-30,2016-11-03 17:41:05+00:00,totalcostofrevenue,operatingcostofrevenue,Operating Cost of Revenue,+,debit,usd,325100000.0
Global Brass and Copper Holdings Inc,BRSS,5493008IRDIZ3ZYEEX98,0001533526,2015.0,Q3,2015-07-01,2015-09-30,2016-11-03 17:41:05+00:00,totalgrossprofit,totalcostofrevenue,Total Cost of Revenue,-,debit,usd,325100000.0
Global Brass and Copper Holdings Inc,BRSS,5493008IRDIZ3ZYEEX98,0001533526,2015.0,Q3,2015-07-01,2015-09-30,2016-11-03 17:41:05+00:00,totaloperatingincome,totalgrossprofit,Total Gross Profit,+,credit,usd,42600000.0
Global Brass and Copper Holdings Inc,BRSS,5493008IRDIZ3ZYEEX98,0001533526,2015.0,Q3,2015-07-01,2015-09-30,2016-11-03 17:41:05+00:00,totaloperatingexpenses,sgaexpense,"Selling, General & Admin Expense",+,debit,usd,20200000.0
Global Brass and Copper Holdings Inc,BRSS,5493008IRDIZ3ZYEEX98,0001533526,2015.0,Q3,2015-07-01,2015-09-30,2016-11-03 17:41:05+00:00,totaloperatingincome,totaloperatingexpenses,Total Operating Expenses,-,debit,usd,20200000.0
Global Brass and Copper Holdings Inc,BRSS,5493008IRDIZ3ZYEEX98,0001533526,2015.0,Q3,2015-07-01,2015-09-30,2016-11-03 17:41:05+00:00,totalpretaxincome,totaloperatingincome,Total Operating Income,+,credit,usd,22400000.0
Global Brass and Copper Holdings Inc,BRSS,5493008IRDIZ3ZYEEX98,0001533526,2015.0,Q3,2015-07-01,2015-09-30,2016-11-03 17:41:05+00:00,totalotherincome,totalinterestexpense,Interest Expense,-,debit,usd,12200000.0
Global Brass and Copper Holdings Inc,BRSS,5493008IRDIZ3ZYEEX98,0001533526,2015.0,Q3,2015-07-01,2015-09-30,2016-11-03 17:41:05+00:00,totalotherincome,totalinterestincome,Interest & Investment Income,+,credit,usd,0.0
Global Brass and Copper Holdings Inc,BRSS,5493008IRDIZ3ZYEEX98,0001533526,2015.0,Q3,2015-07-01,2015-09-30,2016-11-03 17:41:05+00:00,totalotherincome,otherincome,"Other Income / (Expense), net",+,credit,usd,100000.0
Global Brass and Copper Holdings Inc,BRSS,5493008IRDIZ3ZYEEX98,0001533526,2015.0,Q3,2015-07-01,2015-09-30,2016-11-03 17:41:05+00:00,totalpretaxincome,totalotherincome,"Total Other Income / (Expense), net",+,credit,usd,-12100000.0
Global Brass and Copper Holdings Inc,BRSS,5493008IRDIZ3ZYEEX98,0001533526,2015.0,Q3,2015-07-01,2015-09-30,2016-11-03 17:41:05+00:00,netincomecontinuing,totalpretaxincome,Total Pre-Tax Income ,+,credit,usd,10300000.0
Global Brass and Copper Holdings Inc,BRSS,5493008IRDIZ3ZYEEX98,0001533526,2015.0,Q3,2015-07-01,2015-09-30,2016-11-03 17:41:05+00:00,netincomecontinuing,incometaxexpense,Income Tax Expense,-,debit,usd,3300000.0
Global Brass and Copper Holdings Inc,BRSS,5493008IRDIZ3ZYEEX98,0001533526,2015.0,Q3,2015-07-01,2015-09-30,2016-11-03 17:41:05+00:00,netincomecontinuing,othergains,"Other Gains / (Losses), net",+,credit,usd,0.0
Global Brass and Copper Holdings Inc,BRSS,5493008IRDIZ3ZYEEX98,0001533526,2015.0,Q3,2015-07-01,2015-09-30,2016-11-03 17:41:05+00:00,netincome,netincomecontinuing,Net Income / (Loss) Continuing Operations,+,credit,usd,7000000.0
Global Brass and Copper Holdings Inc,BRSS,5493008IRDIZ3ZYEEX98,0001533526,2015.0,Q3,2015-07-01,2015-09-30,2016-11-03 17:41:05+00:00,netincometocommon,netincome,Consolidated Net Income / (Loss),+,credit,usd,7000000.0
Global Brass and Copper Holdings Inc,BRSS,5493008IRDIZ3ZYEEX98,0001533526,2015.0,Q3,2015-07-01,2015-09-30,2016-11-03 17:41:05+00:00,netincometocommon,netincometononcontrollinginterest,Net Income / (Loss) Attributable to Noncontrolling Interest,-,debit,usd,100000.0
Global Brass and Copper Holdings Inc,BRSS,5493008IRDIZ3ZYEEX98,0001533526,2015.0,Q3,2015-07-01,2015-09-30,2016-11-03 17:41:05+00:00,,netincometocommon,Net Income / (Loss) Attributable to Common Shareholders,=,credit,usd,6900000.0
Global Brass and Copper Holdings Inc,BRSS,5493008IRDIZ3ZYEEX98,0001533526,2015.0,Q3,2015-07-01,2015-09-30,2016-11-03 17:41:05+00:00,basiceps,weightedavebasicsharesos,Weighted Average Basic Shares Outstanding,/,,shares,21300000.0
Global Brass and Copper Holdings Inc,BRSS,5493008IRDIZ3ZYEEX98,0001533526,2015.0,Q3,2015-07-01,2015-09-30,2016-11-03 17:41:05+00:00,,basiceps,Basic Earnings per Share,=,,usdpershare,0.32
Global Brass and Copper Holdings Inc,BRSS,5493008IRDIZ3ZYEEX98,0001533526,2015.0,Q3,2015-07-01,2015-09-30,2016-11-03 17:41:05+00:00,dilutedeps,weightedavedilutedsharesos,Weighted Average Diluted Shares Outstanding,/,,shares,21400000.0
Global Brass and Copper Holdings Inc,BRSS,5493008IRDIZ3ZYEEX98,0001533526,2015.0,Q3,2015-07-01,2015-09-30,2016-11-03 17:41:05+00:00,,dilutedeps,Diluted Earnings per Share,=,,usdpershare,0.32
Global Brass and Copper Holdings Inc,BRSS,5493008IRDIZ3ZYEEX98,0001533526,2015.0,Q3,2015-07-01,2015-09-30,2016-11-03 17:41:05+00:00,basicdilutedeps,weightedavebasicdilutedsharesos,Weighted Average Basic & Diluted Shares Outstanding,/,,shares,21600000.0
Global Brass and Copper Holdings Inc,BRSS,5493008IRDIZ3ZYEEX98,0001533526,2015.0,Q3,2015-07-01,2015-09-30,2016-11-03 17:41:05+00:00,,basicdilutedeps,Basic & Diluted Earnings per Share,=,,usdpershare,0.32
Global Brass and Copper Holdings Inc,BRSS,5493008IRDIZ3ZYEEX98,0001533526,2015.0,Q3,2015-07-01,2015-09-30,2016-11-03 17:41:05+00:00,,cashdividendspershare,Cash Dividends to Common per Share,=,,usdpershare,0.0375
Global Brass and Copper Holdings Inc,BRSS,5493008IRDIZ3ZYEEX98,0001533526,2015.0,Q4,2015-10-01,2015-12-31,,totalrevenue,operatingrevenue,Operating Revenue,+,credit,usd,323400000.0
Global Brass and Copper Holdings Inc,BRSS,5493008IRDIZ3ZYEEX98,0001533526,2015.0,Q4,2015-10-01,2015-12-31,,totalgrossprofit,totalrevenue,Total Revenue,+,credit,usd,323400000.0
Global Brass and Copper Holdings Inc,BRSS,5493008IRDIZ3ZYEEX98,0001533526,2015.0,Q4,2015-10-01,2015-12-31,,totalcostofrevenue,operatingcostofrevenue,Operating Cost of Revenue,+,debit,usd,289900000.0
Global Brass and Copper Holdings Inc,BRSS,5493008IRDIZ3ZYEEX98,0001533526,2015.0,Q4,2015-10-01,2015-12-31,,totalgrossprofit,totalcostofrevenue,Total Cost of Revenue,-,debit,usd,289900000.0
Global Brass and Copper Holdings Inc,BRSS,5493008IRDIZ3ZYEEX98,0001533526,2015.0,Q4,2015-10-01,2015-12-31,,totaloperatingincome,totalgrossprofit,Total Gross Profit,+,credit,usd,33500000.0
Global Brass and Copper Holdings Inc,BRSS,5493008IRDIZ3ZYEEX98,0001533526,2015.0,Q4,2015-10-01,2015-12-31,,totaloperatingexpenses,sgaexpense,"Selling, General & Admin Expense",+,debit,usd,19700000.0
Global Brass and Copper Holdings Inc,BRSS,5493008IRDIZ3ZYEEX98,0001533526,2015.0,Q4,2015-10-01,2015-12-31,,totaloperatingincome,totaloperatingexpenses,Total Operating Expenses,-,debit,usd,19700000.0
Global Brass and Copper Holdings Inc,BRSS,5493008IRDIZ3ZYEEX98,0001533526,2015.0,Q4,2015-10-01,2015-12-31,,totalpretaxincome,totaloperatingincome,Total Operating Income,+,credit,usd,13800000.0
Global Brass and Copper Holdings Inc,BRSS,5493008IRDIZ3ZYEEX98,0001533526,2015.0,Q4,2015-10-01,2015-12-31,,totalotherincome,totalinterestexpense,Interest Expense,-,debit,usd,10100000.0
Global Brass and Copper Holdings Inc,BRSS,5493008IRDIZ3ZYEEX98,0001533526,2015.0,Q4,2015-10-01,2015-12-31,,totalpretaxincome,totalotherincome,"Total Other Income / (Expense), net",+,credit,usd,-10100000.0
Global Brass and Copper Holdings Inc,BRSS,5493008IRDIZ3ZYEEX98,0001533526,2015.0,Q4,2015-10-01,2015-12-31,,netincomecontinuing,totalpretaxincome,Total Pre-Tax Income ,+,credit,usd,3700000.0
Global Brass and Copper Holdings Inc,BRSS,5493008IRDIZ3ZYEEX98,0001533526,2015.0,Q4,2015-10-01,2015-12-31,,netincomecontinuing,incometaxexpense,Income Tax Expense,-,debit,usd,200000.0
Global Brass and Copper Holdings Inc,BRSS,5493008IRDIZ3ZYEEX98,0001533526,2015.0,Q4,2015-10-01,2015-12-31,,netincome,netincomecontinuing,Net Income / (Loss) Continuing Operations,+,credit,usd,3500000.0
Global Brass and Copper Holdings Inc,BRSS,5493008IRDIZ3ZYEEX98,0001533526,2015.0,Q4,2015-10-01,2015-12-31,,netincometocommon,netincome,Consolidated Net Income / (Loss),+,credit,usd,3500000.0
Global Brass and Copper Holdings Inc,BRSS,5493008IRDIZ3ZYEEX98,0001533526,2015.0,Q4,2015-10-01,2015-12-31,,,netincometocommon,Net Income / (Loss) Attributable to Common Shareholders,=,credit,usd,3500000.0
Global Brass and Copper Holdings Inc,BRSS,5493008IRDIZ3ZYEEX98,0001533526,2015.0,Q4,2015-10-01,2015-12-31,,basiceps,weightedavebasicsharesos,Weighted Average Basic Shares Outstanding,/,,shares,21300000.0
Global Brass and Copper Holdings Inc,BRSS,5493008IRDIZ3ZYEEX98,0001533526,2015.0,Q4,2015-10-01,2015-12-31,,,basiceps,Basic Earnings per Share,=,,usdpershare,0.17
Global Brass and Copper Holdings Inc,BRSS,5493008IRDIZ3ZYEEX98,0001533526,2015.0,Q4,2015-10-01,2015-12-31,,dilutedeps,weightedavedilutedsharesos,Weighted Average Diluted Shares Outstanding,/,,shares,21400000.0
Global Brass and Copper Holdings Inc,BRSS,5493008IRDIZ3ZYEEX98,0001533526,2015.0,Q4,2015-10-01,2015-12-31,,,dilutedeps,Diluted Earnings per Share,=,,usdpershare,0.16
Global Brass and Copper Holdings Inc,BRSS,5493008IRDIZ3ZYEEX98,0001533526,2015.0,Q4,2015-10-01,2015-12-31,,basicdilutedeps,weightedavebasicdilutedsharesos,Weighted Average Basic & Diluted Shares Outstanding,/,,shares,21300000.0
Global Brass and Copper Holdings Inc,BRSS,5493008IRDIZ3ZYEEX98,0001533526,2015.0,Q4,2015-10-01,2015-12-31,,,basicdilutedeps,Basic & Diluted Earnings per Share,=,,usdpershare,0.17
Global Brass and Copper Holdings Inc,BRSS,5493008IRDIZ3ZYEEX98,0001533526,2015.0,Q4,2015-10-01,2015-12-31,,,cashdividendspershare,Cash Dividends to Common per Share,=,,usdpershare,0.04
Global Brass and Copper Holdings Inc,BRSS,5493008IRDIZ3ZYEEX98,0001533526,2016.0,Q1,2016-01-01,2016-03-31,2017-05-04 17:45:28+00:00,totalrevenue,operatingrevenue,Operating Revenue,+,credit,usd,328900000.0
Global Brass and Copper Holdings Inc,BRSS,5493008IRDIZ3ZYEEX98,0001533526,2016.0,Q1,2016-01-01,2016-03-31,2017-05-04 17:45:28+00:00,totalgrossprofit,totalrevenue,Total Revenue,+,credit,usd,328900000.0
Global Brass and Copper Holdings Inc,BRSS,5493008IRDIZ3ZYEEX98,0001533526,2016.0,Q1,2016-01-01,2016-03-31,2017-05-04 17:45:28+00:00,totalcostofrevenue,operatingcostofrevenue,Operating Cost of Revenue,+,debit,usd,279400000.0
Global Brass and Copper Holdings Inc,BRSS,5493008IRDIZ3ZYEEX98,0001533526,2016.0,Q1,2016-01-01,2016-03-31,2017-05-04 17:45:28+00:00,totalgrossprofit,totalcostofrevenue,Total Cost of Revenue,-,debit,usd,279400000.0
Global Brass and Copper Holdings Inc,BRSS,5493008IRDIZ3ZYEEX98,0001533526,2016.0,Q1,2016-01-01,2016-03-31,2017-05-04 17:45:28+00:00,totaloperatingincome,totalgrossprofit,Total Gross Profit,+,credit,usd,49500000.0
Global Brass and Copper Holdings Inc,BRSS,5493008IRDIZ3ZYEEX98,0001533526,2016.0,Q1,2016-01-01,2016-03-31,2017-05-04 17:45:28+00:00,totaloperatingexpenses,sgaexpense,"Selling, General & Admin Expense",+,debit,usd,19700000.0
Global Brass and Copper Holdings Inc,BRSS,5493008IRDIZ3ZYEEX98,0001533526,2016.0,Q1,2016-01-01,2016-03-31,2017-05-04 17:45:28+00:00,totaloperatingincome,totaloperatingexpenses,Total Operating Expenses,-,debit,usd,19700000.0
Global Brass and Copper Holdings Inc,BRSS,5493008IRDIZ3ZYEEX98,0001533526,2016.0,Q1,2016-01-01,2016-03-31,2017-05-04 17:45:28+00:00,totalpretaxincome,totaloperatingincome,Total Operating Income,+,credit,usd,29800000.0
Global Brass and Copper Holdings Inc,BRSS,5493008IRDIZ3ZYEEX98,0001533526,2016.0,Q1,2016-01-01,2016-03-31,2017-05-04 17:45:28+00:00,totalotherincome,totalinterestexpense,Interest Expense,-,debit,usd,11300000.0
Global Brass and Copper Holdings Inc,BRSS,5493008IRDIZ3ZYEEX98,0001533526,2016.0,Q1,2016-01-01,2016-03-31,2017-05-04 17:45:28+00:00,totalotherincome,otherincome,"Other Income / (Expense), net",+,credit,usd,400000.0
Global Brass and Copper Holdings Inc,BRSS,5493008IRDIZ3ZYEEX98,0001533526,2016.0,Q1,2016-01-01,2016-03-31,2017-05-04 17:45:28+00:00,totalpretaxincome,totalotherincome,"Total Other Income / (Expense), net",+,credit,usd,-10900000.0
Global Brass and Copper Holdings Inc,BRSS,5493008IRDIZ3ZYEEX98,0001533526,2016.0,Q1,2016-01-01,2016-03-31,2017-05-04 17:45:28+00:00,netincomecontinuing,totalpretaxincome,Total Pre-Tax Income ,+,credit,usd,18900000.0
Global Brass and Copper Holdings Inc,BRSS,5493008IRDIZ3ZYEEX98,0001533526,2016.0,Q1,2016-01-01,2016-03-31,2017-05-04 17:45:28+00:00,netincomecontinuing,incometaxexpense,Income Tax Expense,-,debit,usd,6700000.0
Global Brass and Copper Holdings Inc,BRSS,5493008IRDIZ3ZYEEX98,0001533526,2016.0,Q1,2016-01-01,2016-03-31,2017-05-04 17:45:28+00:00,netincome,netincomecontinuing,Net Income / (Loss) Continuing Operations,+,credit,usd,12200000.0
Global Brass and Copper Holdings Inc,BRSS,5493008IRDIZ3ZYEEX98,0001533526,2016.0,Q1,2016-01-01,2016-03-31,2017-05-04 17:45:28+00:00,netincometocommon,netincome,Consolidated Net Income / (Loss),+,credit,usd,12200000.0
Global Brass and Copper Holdings Inc,BRSS,5493008IRDIZ3ZYEEX98,0001533526,2016.0,Q1,2016-01-01,2016-03-31,2017-05-04 17:45:28+00:00,netincometocommon,netincometononcontrollinginterest,Net Income / (Loss) Attributable to Noncontrolling Interest,-,debit,usd,0.0
Global Brass and Copper Holdings Inc,BRSS,5493008IRDIZ3ZYEEX98,0001533526,2016.0,Q1,2016-01-01,2016-03-31,2017-05-04 17:45:28+00:00,,netincometocommon,Net Income / (Loss) Attributable to Common Shareholders,=,credit,usd,12200000.0
Global Brass and Copper Holdings Inc,BRSS,5493008IRDIZ3ZYEEX98,0001533526,2016.0,Q1,2016-01-01,2016-03-31,2017-05-04 17:45:28+00:00,basiceps,weightedavebasicsharesos,Weighted Average Basic Shares Outstanding,/,,shares,21300000.0
Global Brass and Copper Holdings Inc,BRSS,5493008IRDIZ3ZYEEX98,0001533526,2016.0,Q1,2016-01-01,2016-03-31,2017-05-04 17:45:28+00:00,,basiceps,Basic Earnings per Share,=,,usdpershare,0.57
Global Brass and Copper Holdings Inc,BRSS,5493008IRDIZ3ZYEEX98,0001533526,2016.0,Q1,2016-01-01,2016-03-31,2017-05-04 17:45:28+00:00,dilutedeps,weightedavedilutedsharesos,Weighted Average Diluted Shares Outstanding,/,,shares,21500000.0
Global Brass and Copper Holdings Inc,BRSS,5493008IRDIZ3ZYEEX98,0001533526,2016.0,Q1,2016-01-01,2016-03-31,2017-05-04 17:45:28+00:00,,dilutedeps,Diluted Earnings per Share,=,,usdpershare,0.57
Global Brass and Copper Holdings Inc,BRSS,5493008IRDIZ3ZYEEX98,0001533526,2016.0,Q1,2016-01-01,2016-03-31,2017-05-04 17:45:28+00:00,basicdilutedeps,weightedavebasicdilutedsharesos,Weighted Average Basic & Diluted Shares Outstanding,/,,shares,21400000.0
Global Brass and Copper Holdings Inc,BRSS,5493008IRDIZ3ZYEEX98,0001533526,2016.0,Q1,2016-01-01,2016-03-31,2017-05-04 17:45:28+00:00,,basicdilutedeps,Basic & Diluted Earnings per Share,=,,usdpershare,0.57
Global Brass and Copper Holdings Inc,BRSS,5493008IRDIZ3ZYEEX98,0001533526,2016.0,Q1,2016-01-01,2016-03-31,2017-05-04 17:45:28+00:00,,cashdividendspershare,Cash Dividends to Common per Share,=,,usdpershare,0.0375
Global Brass and Copper Holdings Inc,BRSS,5493008IRDIZ3ZYEEX98,0001533526,2016.0,Q2,2016-04-01,2016-06-30,2017-08-02 16:36:35+00:00,totalrevenue,operatingrevenue,Operating Revenue,+,credit,usd,337900000.0
Global Brass and Copper Holdings Inc,BRSS,5493008IRDIZ3ZYEEX98,0001533526,2016.0,Q2,2016-04-01,2016-06-30,2017-08-02 16:36:35+00:00,totalgrossprofit,totalrevenue,Total Revenue,+,credit,usd,337900000.0
Global Brass and Copper Holdings Inc,BRSS,5493008IRDIZ3ZYEEX98,0001533526,2016.0,Q2,2016-04-01,2016-06-30,2017-08-02 16:36:35+00:00,totalcostofrevenue,operatingcostofrevenue,Operating Cost of Revenue,+,debit,usd,296600000.0
Global Brass and Copper Holdings Inc,BRSS,5493008IRDIZ3ZYEEX98,0001533526,2016.0,Q2,2016-04-01,2016-06-30,2017-08-02 16:36:35+00:00,totalgrossprofit,totalcostofrevenue,Total Cost of Revenue,-,debit,usd,296600000.0
Global Brass and Copper Holdings Inc,BRSS,5493008IRDIZ3ZYEEX98,0001533526,2016.0,Q2,2016-04-01,2016-06-30,2017-08-02 16:36:35+00:00,totaloperatingincome,totalgrossprofit,Total Gross Profit,+,credit,usd,41300000.0
Global Brass and Copper Holdings Inc,BRSS,5493008IRDIZ3ZYEEX98,0001533526,2016.0,Q2,2016-04-01,2016-06-30,2017-08-02 16:36:35+00:00,totaloperatingexpenses,sgaexpense,"Selling, General & Admin Expense",+,debit,usd,19800000.0
Global Brass and Copper Holdings Inc,BRSS,5493008IRDIZ3ZYEEX98,0001533526,2016.0,Q2,2016-04-01,2016-06-30,2017-08-02 16:36:35+00:00,totaloperatingincome,totaloperatingexpenses,Total Operating Expenses,-,debit,usd,19800000.0
Global Brass and Copper Holdings Inc,BRSS,5493008IRDIZ3ZYEEX98,0001533526,2016.0,Q2,2016-04-01,2016-06-30,2017-08-02 16:36:35+00:00,totalpretaxincome,totaloperatingincome,Total Operating Income,+,credit,usd,21500000.0
Global Brass and Copper Holdings Inc,BRSS,5493008IRDIZ3ZYEEX98,0001533526,2016.0,Q2,2016-04-01,2016-06-30,2017-08-02 16:36:35+00:00,totalotherincome,totalinterestexpense,Interest Expense,-,debit,usd,8300000.0
Global Brass and Copper Holdings Inc,BRSS,5493008IRDIZ3ZYEEX98,0001533526,2016.0,Q2,2016-04-01,2016-06-30,2017-08-02 16:36:35+00:00,totalpretaxincome,totalotherincome,"Total Other Income / (Expense), net",+,credit,usd,-8300000.0
Global Brass and Copper Holdings Inc,BRSS,5493008IRDIZ3ZYEEX98,0001533526,2016.0,Q2,2016-04-01,2016-06-30,2017-08-02 16:36:35+00:00,netincomecontinuing,totalpretaxincome,Total Pre-Tax Income ,+,credit,usd,13200000.0
Global Brass and Copper Holdings Inc,BRSS,5493008IRDIZ3ZYEEX98,0001533526,2016.0,Q2,2016-04-01,2016-06-30,2017-08-02 16:36:35+00:00,netincomecontinuing,incometaxexpense,Income Tax Expense,-,debit,usd,4600000.0
Global Brass and Copper Holdings Inc,BRSS,5493008IRDIZ3ZYEEX98,0001533526,2016.0,Q2,2016-04-01,2016-06-30,2017-08-02 16:36:35+00:00,netincome,netincomecontinuing,Net Income / (Loss) Continuing Operations,+,credit,usd,8600000.0
Global Brass and Copper Holdings Inc,BRSS,5493008IRDIZ3ZYEEX98,0001533526,2016.0,Q2,2016-04-01,2016-06-30,2017-08-02 16:36:35+00:00,netincometocommon,netincome,Consolidated Net Income / (Loss),+,credit,usd,8600000.0
Global Brass and Copper Holdings Inc,BRSS,5493008IRDIZ3ZYEEX98,0001533526,2016.0,Q2,2016-04-01,2016-06-30,2017-08-02 16:36:35+00:00,netincometocommon,netincometononcontrollinginterest,Net Income / (Loss) Attributable to Noncontrolling Interest,-,debit,usd,200000.0
Global Brass and Copper Holdings Inc,BRSS,5493008IRDIZ3ZYEEX98,0001533526,2016.0,Q2,2016-04-01,2016-06-30,2017-08-02 16:36:35+00:00,,netincometocommon,Net Income / (Loss) Attributable to Common Shareholders,=,credit,usd,8400000.0
Global Brass and Copper Holdings Inc,BRSS,5493008IRDIZ3ZYEEX98,0001533526,2016.0,Q2,2016-04-01,2016-06-30,2017-08-02 16:36:35+00:00,basiceps,weightedavebasicsharesos,Weighted Average Basic Shares Outstanding,/,,shares,21300000.0
Global Brass and Copper Holdings Inc,BRSS,5493008IRDIZ3ZYEEX98,0001533526,2016.0,Q2,2016-04-01,2016-06-30,2017-08-02 16:36:35+00:00,,basiceps,Basic Earnings per Share,=,,usdpershare,0.39
Global Brass and Copper Holdings Inc,BRSS,5493008IRDIZ3ZYEEX98,0001533526,2016.0,Q2,2016-04-01,2016-06-30,2017-08-02 16:36:35+00:00,dilutedeps,weightedavedilutedsharesos,Weighted Average Diluted Shares Outstanding,/,,shares,21500000.0
Global Brass and Copper Holdings Inc,BRSS,5493008IRDIZ3ZYEEX98,0001533526,2016.0,Q2,2016-04-01,2016-06-30,2017-08-02 16:36:35+00:00,,dilutedeps,Diluted Earnings per Share,=,,usdpershare,0.39
Global Brass and Copper Holdings Inc,BRSS,5493008IRDIZ3ZYEEX98,0001533526,2016.0,Q2,2016-04-01,2016-06-30,2017-08-02 16:36:35+00:00,basicdilutedeps,weightedavebasicdilutedsharesos,Weighted Average Basic & Diluted Shares Outstanding,/,,shares,21500000.0
Global Brass and Copper Holdings Inc,BRSS,5493008IRDIZ3ZYEEX98,0001533526,2016.0,Q2,2016-04-01,2016-06-30,2017-08-02 16:36:35+00:00,,basicdilutedeps,Basic & Diluted Earnings per Share,=,,usdpershare,0.39
Global Brass and Copper Holdings Inc,BRSS,5493008IRDIZ3ZYEEX98,0001533526,2016.0,Q2,2016-04-01,2016-06-30,2017-08-02 16:36:35+00:00,,cashdividendspershare,Cash Dividends to Common per Share,=,,usdpershare,0.0375
Global Brass and Copper Holdings Inc,BRSS,5493008IRDIZ3ZYEEX98,0001533526,2016.0,Q3,2016-07-01,2016-09-30,2017-11-02 16:54:00+00:00,totalrevenue,operatingrevenue,Operating Revenue,+,credit,usd,349100000.0
Global Brass and Copper Holdings Inc,BRSS,5493008IRDIZ3ZYEEX98,0001533526,2016.0,Q3,2016-07-01,2016-09-30,2017-11-02 16:54:00+00:00,totalgrossprofit,totalrevenue,Total Revenue,+,credit,usd,349100000.0
Global Brass and Copper Holdings Inc,BRSS,5493008IRDIZ3ZYEEX98,0001533526,2016.0,Q3,2016-07-01,2016-09-30,2017-11-02 16:54:00+00:00,totalcostofrevenue,operatingcostofrevenue,Operating Cost of Revenue,+,debit,usd,296900000.0
Global Brass and Copper Holdings Inc,BRSS,5493008IRDIZ3ZYEEX98,0001533526,2016.0,Q3,2016-07-01,2016-09-30,2017-11-02 16:54:00+00:00,totalgrossprofit,totalcostofrevenue,Total Cost of Revenue,-,debit,usd,296900000.0
Global Brass and Copper Holdings Inc,BRSS,5493008IRDIZ3ZYEEX98,0001533526,2016.0,Q3,2016-07-01,2016-09-30,2017-11-02 16:54:00+00:00,totaloperatingincome,totalgrossprofit,Total Gross Profit,+,credit,usd,52200000.0
Global Brass and Copper Holdings Inc,BRSS,5493008IRDIZ3ZYEEX98,0001533526,2016.0,Q3,2016-07-01,2016-09-30,2017-11-02 16:54:00+00:00,totaloperatingexpenses,sgaexpense,"Selling, General & Admin Expense",+,debit,usd,21900000.0
Global Brass and Copper Holdings Inc,BRSS,5493008IRDIZ3ZYEEX98,0001533526,2016.0,Q3,2016-07-01,2016-09-30,2017-11-02 16:54:00+00:00,totaloperatingincome,totaloperatingexpenses,Total Operating Expenses,-,debit,usd,21900000.0
Global Brass and Copper Holdings Inc,BRSS,5493008IRDIZ3ZYEEX98,0001533526,2016.0,Q3,2016-07-01,2016-09-30,2017-11-02 16:54:00+00:00,totalpretaxincome,totaloperatingincome,Total Operating Income,+,credit,usd,30300000.0
Global Brass and Copper Holdings Inc,BRSS,5493008IRDIZ3ZYEEX98,0001533526,2016.0,Q3,2016-07-01,2016-09-30,2017-11-02 16:54:00+00:00,totalotherincome,totalinterestexpense,Interest Expense,-,debit,usd,25300000.0
Global Brass and Copper Holdings Inc,BRSS,5493008IRDIZ3ZYEEX98,0001533526,2016.0,Q3,2016-07-01,2016-09-30,2017-11-02 16:54:00+00:00,totalotherincome,otherincome,"Other Income / (Expense), net",+,credit,usd,-200000.0
Global Brass and Copper Holdings Inc,BRSS,5493008IRDIZ3ZYEEX98,0001533526,2016.0,Q3,2016-07-01,2016-09-30,2017-11-02 16:54:00+00:00,totalpretaxincome,totalotherincome,"Total Other Income / (Expense), net",+,credit,usd,-25500000.0
Global Brass and Copper Holdings Inc,BRSS,5493008IRDIZ3ZYEEX98,0001533526,2016.0,Q3,2016-07-01,2016-09-30,2017-11-02 16:54:00+00:00,netincomecontinuing,totalpretaxincome,Total Pre-Tax Income ,+,credit,usd,4800000.0
Global Brass and Copper Holdings Inc,BRSS,5493008IRDIZ3ZYEEX98,0001533526,2016.0,Q3,2016-07-01,2016-09-30,2017-11-02 16:54:00+00:00,netincomecontinuing,incometaxexpense,Income Tax Expense,-,debit,usd,700000.0
Global Brass and Copper Holdings Inc,BRSS,5493008IRDIZ3ZYEEX98,0001533526,2016.0,Q3,2016-07-01,2016-09-30,2017-11-02 16:54:00+00:00,netincome,netincomecontinuing,Net Income / (Loss) Continuing Operations,+,credit,usd,4100000.0
Global Brass and Copper Holdings Inc,BRSS,5493008IRDIZ3ZYEEX98,0001533526,2016.0,Q3,2016-07-01,2016-09-30,2017-11-02 16:54:00+00:00,netincometocommon,netincome,Consolidated Net Income / (Loss),+,credit,usd,4100000.0
Global Brass and Copper Holdings Inc,BRSS,5493008IRDIZ3ZYEEX98,0001533526,2016.0,Q3,2016-07-01,2016-09-30,2017-11-02 16:54:00+00:00,netincometocommon,netincometononcontrollinginterest,Net Income / (Loss) Attributable to Noncontrolling Interest,-,debit,usd,200000.0
Global Brass and Copper Holdings Inc,BRSS,5493008IRDIZ3ZYEEX98,0001533526,2016.0,Q3,2016-07-01,2016-09-30,2017-11-02 16:54:00+00:00,,netincometocommon,Net Income / (Loss) Attributable to Common Shareholders,=,credit,usd,3900000.0
Global Brass and Copper Holdings Inc,BRSS,5493008IRDIZ3ZYEEX98,0001533526,2016.0,Q3,2016-07-01,2016-09-30,2017-11-02 16:54:00+00:00,basiceps,weightedavebasicsharesos,Weighted Average Basic Shares Outstanding,/,,shares,21400000.0
Global Brass and Copper Holdings Inc,BRSS,5493008IRDIZ3ZYEEX98,0001533526,2016.0,Q3,2016-07-01,2016-09-30,2017-11-02 16:54:00+00:00,,basiceps,Basic Earnings per Share,=,,usdpershare,0.18
Global Brass and Copper Holdings Inc,BRSS,5493008IRDIZ3ZYEEX98,0001533526,2016.0,Q3,2016-07-01,2016-09-30,2017-11-02 16:54:00+00:00,dilutedeps,weightedavedilutedsharesos,Weighted Average Diluted Shares Outstanding,/,,shares,21600000.0
Global Brass and Copper Holdings Inc,BRSS,5493008IRDIZ3ZYEEX98,0001533526,2016.0,Q3,2016-07-01,2016-09-30,2017-11-02 16:54:00+00:00,,dilutedeps,Diluted Earnings per Share,=,,usdpershare,0.18
Global Brass and Copper Holdings Inc,BRSS,5493008IRDIZ3ZYEEX98,0001533526,2016.0,Q3,2016-07-01,2016-09-30,2017-11-02 16:54:00+00:00,basicdilutedeps,weightedavebasicdilutedsharesos,Weighted Average Basic & Diluted Shares Outstanding,/,,shares,21700000.0
Global Brass and Copper Holdings Inc,BRSS,5493008IRDIZ3ZYEEX98,0001533526,2016.0,Q3,2016-07-01,2016-09-30,2017-11-02 16:54:00+00:00,,basicdilutedeps,Basic & Diluted Earnings per Share,=,,usdpershare,0.18
Global Brass and Copper Holdings Inc,BRSS,5493008IRDIZ3ZYEEX98,0001533526,2016.0,Q3,2016-07-01,2016-09-30,2017-11-02 16:54:00+00:00,,cashdividendspershare,Cash Dividends to Common per Share,=,,usdpershare,0.0375
Global Brass and Copper Holdings Inc,BRSS,5493008IRDIZ3ZYEEX98,0001533526,2016.0,Q4,2016-10-01,2016-12-31,,totalrevenue,operatingrevenue,Operating Revenue,+,credit,usd,322400000.0
Global Brass and Copper Holdings Inc,BRSS,5493008IRDIZ3ZYEEX98,0001533526,2016.0,Q4,2016-10-01,2016-12-31,,totalgrossprofit,totalrevenue,Total Revenue,+,credit,usd,322400000.0
Global Brass and Copper Holdings Inc,BRSS,5493008IRDIZ3ZYEEX98,0001533526,2016.0,Q4,2016-10-01,2016-12-31,,totalcostofrevenue,operatingcostofrevenue,Operating Cost of Revenue,+,debit,usd,283700000.0
Global Brass and Copper Holdings Inc,BRSS,5493008IRDIZ3ZYEEX98,0001533526,2016.0,Q4,2016-10-01,2016-12-31,,totalgrossprofit,totalcostofrevenue,Total Cost of Revenue,-,debit,usd,283700000.0
Global Brass and Copper Holdings Inc,BRSS,5493008IRDIZ3ZYEEX98,0001533526,2016.0,Q4,2016-10-01,2016-12-31,,totaloperatingincome,totalgrossprofit,Total Gross Profit,+,credit,usd,38700000.0
Global Brass and Copper Holdings Inc,BRSS,5493008IRDIZ3ZYEEX98,0001533526,2016.0,Q4,2016-10-01,2016-12-31,,totaloperatingexpenses,sgaexpense,"Selling, General & Admin Expense",+,debit,usd,21400000.0
Global Brass and Copper Holdings Inc,BRSS,5493008IRDIZ3ZYEEX98,0001533526,2016.0,Q4,2016-10-01,2016-12-31,,totaloperatingincome,totaloperatingexpenses,Total Operating Expenses,-,debit,usd,21400000.0
Global Brass and Copper Holdings Inc,BRSS,5493008IRDIZ3ZYEEX98,0001533526,2016.0,Q4,2016-10-01,2016-12-31,,totalpretaxincome,totaloperatingincome,Total Operating Income,+,credit,usd,17300000.0
Global Brass and Copper Holdings Inc,BRSS,5493008IRDIZ3ZYEEX98,0001533526,2016.0,Q4,2016-10-01,2016-12-31,,totalotherincome,totalinterestexpense,Interest Expense,-,debit,usd,4700000.0
Global Brass and Copper Holdings Inc,BRSS,5493008IRDIZ3ZYEEX98,0001533526,2016.0,Q4,2016-10-01,2016-12-31,,totalpretaxincome,totalotherincome,"Total Other Income / (Expense), net",+,credit,usd,-4700000.0
Global Brass and Copper Holdings Inc,BRSS,5493008IRDIZ3ZYEEX98,0001533526,2016.0,Q4,2016-10-01,2016-12-31,,netincomecontinuing,totalpretaxincome,Total Pre-Tax Income ,+,credit,usd,12600000.0
Global Brass and Copper Holdings Inc,BRSS,5493008IRDIZ3ZYEEX98,0001533526,2016.0,Q4,2016-10-01,2016-12-31,,netincomecontinuing,incometaxexpense,Income Tax Expense,-,debit,usd,4700000.0
Global Brass and Copper Holdings Inc,BRSS,5493008IRDIZ3ZYEEX98,0001533526,2016.0,Q4,2016-10-01,2016-12-31,,netincome,netincomecontinuing,Net Income / (Loss) Continuing Operations,+,credit,usd,7900000.0
Global Brass and Copper Holdings Inc,BRSS,5493008IRDIZ3ZYEEX98,0001533526,2016.0,Q4,2016-10-01,2016-12-31,,netincometocommon,netincome,Consolidated Net Income / (Loss),+,credit,usd,7900000.0
Global Brass and Copper Holdings Inc,BRSS,5493008IRDIZ3ZYEEX98,0001533526,2016.0,Q4,2016-10-01,2016-12-31,,netincometocommon,netincometononcontrollinginterest,Net Income / (Loss) Attributable to Noncontrolling Interest,-,debit,usd,200000.0
Global Brass and Copper Holdings Inc,BRSS,5493008IRDIZ3ZYEEX98,0001533526,2016.0,Q4,2016-10-01,2016-12-31,,,netincometocommon,Net Income / (Loss) Attributable to Common Shareholders,=,credit,usd,7700000.0
Global Brass and Copper Holdings Inc,BRSS,5493008IRDIZ3ZYEEX98,0001533526,2016.0,Q4,2016-10-01,2016-12-31,,basiceps,weightedavebasicsharesos,Weighted Average Basic Shares Outstanding,/,,shares,21400000.0
Global Brass and Copper Holdings Inc,BRSS,5493008IRDIZ3ZYEEX98,0001533526,2016.0,Q4,2016-10-01,2016-12-31,,,basiceps,Basic Earnings per Share,=,,usdpershare,0.36
Global Brass and Copper Holdings Inc,BRSS,5493008IRDIZ3ZYEEX98,0001533526,2016.0,Q4,2016-10-01,2016-12-31,,dilutedeps,weightedavedilutedsharesos,Weighted Average Diluted Shares Outstanding,/,,shares,21600000.0
Global Brass and Copper Holdings Inc,BRSS,5493008IRDIZ3ZYEEX98,0001533526,2016.0,Q4,2016-10-01,2016-12-31,,,dilutedeps,Diluted Earnings per Share,=,,usdpershare,0.35
Global Brass and Copper Holdings Inc,BRSS,5493008IRDIZ3ZYEEX98,0001533526,2016.0,Q4,2016-10-01,2016-12-31,,basicdilutedeps,weightedavebasicdilutedsharesos,Weighted Average Basic & Diluted Shares Outstanding,/,,shares,21500000.0
Global Brass and Copper Holdings Inc,BRSS,5493008IRDIZ3ZYEEX98,0001533526,2016.0,Q4,2016-10-01,2016-12-31,,,basicdilutedeps,Basic & Diluted Earnings per Share,=,,usdpershare,0.36
Global Brass and Copper Holdings Inc,BRSS,5493008IRDIZ3ZYEEX98,0001533526,2016.0,Q4,2016-10-01,2016-12-31,,,cashdividendspershare,Cash Dividends to Common per Share,=,,usdpershare,0.04
Global Brass and Copper Holdings Inc,BRSS,5493008IRDIZ3ZYEEX98,0001533526,2017.0,Q1,2017-01-01,2017-03-31,2018-05-03 16:34:42+00:00,totalrevenue,operatingrevenue,Operating Revenue,+,credit,usd,419500000.0
Global Brass and Copper Holdings Inc,BRSS,5493008IRDIZ3ZYEEX98,0001533526,2017.0,Q1,2017-01-01,2017-03-31,2018-05-03 16:34:42+00:00,totalgrossprofit,totalrevenue,Total Revenue,+,credit,usd,419500000.0
Global Brass and Copper Holdings Inc,BRSS,5493008IRDIZ3ZYEEX98,0001533526,2017.0,Q1,2017-01-01,2017-03-31,2018-05-03 16:34:42+00:00,totalcostofrevenue,operatingcostofrevenue,Operating Cost of Revenue,+,debit,usd,368900000.0
Global Brass and Copper Holdings Inc,BRSS,5493008IRDIZ3ZYEEX98,0001533526,2017.0,Q1,2017-01-01,2017-03-31,2018-05-03 16:34:42+00:00,totalgrossprofit,totalcostofrevenue,Total Cost of Revenue,-,debit,usd,368900000.0
Global Brass and Copper Holdings Inc,BRSS,5493008IRDIZ3ZYEEX98,0001533526,2017.0,Q1,2017-01-01,2017-03-31,2018-05-03 16:34:42+00:00,totaloperatingincome,totalgrossprofit,Total Gross Profit,+,credit,usd,50600000.0
Global Brass and Copper Holdings Inc,BRSS,5493008IRDIZ3ZYEEX98,0001533526,2017.0,Q1,2017-01-01,2017-03-31,2018-05-03 16:34:42+00:00,totaloperatingexpenses,sgaexpense,"Selling, General & Admin Expense",+,debit,usd,22900000.0
Global Brass and Copper Holdings Inc,BRSS,5493008IRDIZ3ZYEEX98,0001533526,2017.0,Q1,2017-01-01,2017-03-31,2018-05-03 16:34:42+00:00,totaloperatingincome,totaloperatingexpenses,Total Operating Expenses,-,debit,usd,22900000.0
Global Brass and Copper Holdings Inc,BRSS,5493008IRDIZ3ZYEEX98,0001533526,2017.0,Q1,2017-01-01,2017-03-31,2018-05-03 16:34:42+00:00,totalpretaxincome,totaloperatingincome,Total Operating Income,+,credit,usd,27700000.0
Global Brass and Copper Holdings Inc,BRSS,5493008IRDIZ3ZYEEX98,0001533526,2017.0,Q1,2017-01-01,2017-03-31,2018-05-03 16:34:42+00:00,totalotherincome,totalinterestexpense,Interest Expense,-,debit,usd,4700000.0
Global Brass and Copper Holdings Inc,BRSS,5493008IRDIZ3ZYEEX98,0001533526,2017.0,Q1,2017-01-01,2017-03-31,2018-05-03 16:34:42+00:00,totalotherincome,otherincome,"Other Income / (Expense), net",+,credit,usd,-300000.0
Global Brass and Copper Holdings Inc,BRSS,5493008IRDIZ3ZYEEX98,0001533526,2017.0,Q1,2017-01-01,2017-03-31,2018-05-03 16:34:42+00:00,totalpretaxincome,totalotherincome,"Total Other Income / (Expense), net",+,credit,usd,-5000000.0
Global Brass and Copper Holdings Inc,BRSS,5493008IRDIZ3ZYEEX98,0001533526,2017.0,Q1,2017-01-01,2017-03-31,2018-05-03 16:34:42+00:00,netincomecontinuing,totalpretaxincome,Total Pre-Tax Income ,+,credit,usd,22700000.0
Global Brass and Copper Holdings Inc,BRSS,5493008IRDIZ3ZYEEX98,0001533526,2017.0,Q1,2017-01-01,2017-03-31,2018-05-03 16:34:42+00:00,netincomecontinuing,incometaxexpense,Income Tax Expense,-,debit,usd,5000000.0
Global Brass and Copper Holdings Inc,BRSS,5493008IRDIZ3ZYEEX98,0001533526,2017.0,Q1,2017-01-01,2017-03-31,2018-05-03 16:34:42+00:00,netincome,netincomecontinuing,Net Income / (Loss) Continuing Operations,+,credit,usd,17700000.0
Global Brass and Copper Holdings Inc,BRSS,5493008IRDIZ3ZYEEX98,0001533526,2017.0,Q1,2017-01-01,2017-03-31,2018-05-03 16:34:42+00:00,netincometocommon,netincome,Consolidated Net Income / (Loss),+,credit,usd,17700000.0
Global Brass and Copper Holdings Inc,BRSS,5493008IRDIZ3ZYEEX98,0001533526,2017.0,Q1,2017-01-01,2017-03-31,2018-05-03 16:34:42+00:00,netincometocommon,netincometononcontrollinginterest,Net Income / (Loss) Attributable to Noncontrolling Interest,-,debit,usd,200000.0
Global Brass and Copper Holdings Inc,BRSS,5493008IRDIZ3ZYEEX98,0001533526,2017.0,Q1,2017-01-01,2017-03-31,2018-05-03 16:34:42+00:00,,netincometocommon,Net Income / (Loss) Attributable to Common Shareholders,=,credit,usd,17500000.0
Global Brass and Copper Holdings Inc,BRSS,5493008IRDIZ3ZYEEX98,0001533526,2017.0,Q1,2017-01-01,2017-03-31,2018-05-03 16:34:42+00:00,basiceps,weightedavebasicsharesos,Weighted Average Basic Shares Outstanding,/,,shares,21500000.0
Global Brass and Copper Holdings Inc,BRSS,5493008IRDIZ3ZYEEX98,0001533526,2017.0,Q1,2017-01-01,2017-03-31,2018-05-03 16:34:42+00:00,,basiceps,Basic Earnings per Share,=,,usdpershare,0.79
Global Brass and Copper Holdings Inc,BRSS,5493008IRDIZ3ZYEEX98,0001533526,2017.0,Q1,2017-01-01,2017-03-31,2018-05-03 16:34:42+00:00,dilutedeps,weightedavedilutedsharesos,Weighted Average Diluted Shares Outstanding,/,,shares,22100000.0
Global Brass and Copper Holdings Inc,BRSS,5493008IRDIZ3ZYEEX98,0001533526,2017.0,Q1,2017-01-01,2017-03-31,2018-05-03 16:34:42+00:00,,dilutedeps,Diluted Earnings per Share,=,,usdpershare,0.79
Global Brass and Copper Holdings Inc,BRSS,5493008IRDIZ3ZYEEX98,0001533526,2017.0,Q1,2017-01-01,2017-03-31,2018-05-03 16:34:42+00:00,basicdilutedeps,weightedavebasicdilutedsharesos,Weighted Average Basic & Diluted Shares Outstanding,/,,shares,22200000.0
Global Brass and Copper Holdings Inc,BRSS,5493008IRDIZ3ZYEEX98,0001533526,2017.0,Q1,2017-01-01,2017-03-31,2018-05-03 16:34:42+00:00,,basicdilutedeps,Basic & Diluted Earnings per Share,=,,usdpershare,0.79
Global Brass and Copper Holdings Inc,BRSS,5493008IRDIZ3ZYEEX98,0001533526,2017.0,Q1,2017-01-01,2017-03-31,2018-05-03 16:34:42+00:00,,cashdividendspershare,Cash Dividends to Common per Share,=,,usdpershare,0.0375
Global Brass and Copper Holdings Inc,BRSS,5493008IRDIZ3ZYEEX98,0001533526,2017.0,Q2,2017-04-01,2017-06-30,2018-08-02 17:38:01+00:00,totalrevenue,operatingrevenue,Operating Revenue,+,credit,usd,374800000.0
Global Brass and Copper Holdings Inc,BRSS,5493008IRDIZ3ZYEEX98,0001533526,2017.0,Q2,2017-04-01,2017-06-30,2018-08-02 17:38:01+00:00,totalgrossprofit,totalrevenue,Total Revenue,+,credit,usd,374800000.0
Global Brass and Copper Holdings Inc,BRSS,5493008IRDIZ3ZYEEX98,0001533526,2017.0,Q2,2017-04-01,2017-06-30,2018-08-02 17:38:01+00:00,totalcostofrevenue,operatingcostofrevenue,Operating Cost of Revenue,+,debit,usd,330600000.0
Global Brass and Copper Holdings Inc,BRSS,5493008IRDIZ3ZYEEX98,0001533526,2017.0,Q2,2017-04-01,2017-06-30,2018-08-02 17:38:01+00:00,totalgrossprofit,totalcostofrevenue,Total Cost of Revenue,-,debit,usd,330600000.0
Global Brass and Copper Holdings Inc,BRSS,5493008IRDIZ3ZYEEX98,0001533526,2017.0,Q2,2017-04-01,2017-06-30,2018-08-02 17:38:01+00:00,totaloperatingincome,totalgrossprofit,Total Gross Profit,+,credit,usd,44200000.0
Global Brass and Copper Holdings Inc,BRSS,5493008IRDIZ3ZYEEX98,0001533526,2017.0,Q2,2017-04-01,2017-06-30,2018-08-02 17:38:01+00:00,totaloperatingexpenses,sgaexpense,"Selling, General & Admin Expense",+,debit,usd,19300000.0
Global Brass and Copper Holdings Inc,BRSS,5493008IRDIZ3ZYEEX98,0001533526,2017.0,Q2,2017-04-01,2017-06-30,2018-08-02 17:38:01+00:00,totaloperatingincome,totaloperatingexpenses,Total Operating Expenses,-,debit,usd,19300000.0
Global Brass and Copper Holdings Inc,BRSS,5493008IRDIZ3ZYEEX98,0001533526,2017.0,Q2,2017-04-01,2017-06-30,2018-08-02 17:38:01+00:00,totalpretaxincome,totaloperatingincome,Total Operating Income,+,credit,usd,24900000.0
Global Brass and Copper Holdings Inc,BRSS,5493008IRDIZ3ZYEEX98,0001533526,2017.0,Q2,2017-04-01,2017-06-30,2018-08-02 17:38:01+00:00,totalotherincome,totalinterestexpense,Interest Expense,-,debit,usd,4800000.0
Global Brass and Copper Holdings Inc,BRSS,5493008IRDIZ3ZYEEX98,0001533526,2017.0,Q2,2017-04-01,2017-06-30,2018-08-02 17:38:01+00:00,totalotherincome,otherincome,"Other Income / (Expense), net",+,credit,usd,4500000.0
Global Brass and Copper Holdings Inc,BRSS,5493008IRDIZ3ZYEEX98,0001533526,2017.0,Q2,2017-04-01,2017-06-30,2018-08-02 17:38:01+00:00,totalpretaxincome,totalotherincome,"Total Other Income / (Expense), net",+,credit,usd,-300000.0
Global Brass and Copper Holdings Inc,BRSS,5493008IRDIZ3ZYEEX98,0001533526,2017.0,Q2,2017-04-01,2017-06-30,2018-08-02 17:38:01+00:00,netincomecontinuing,totalpretaxincome,Total Pre-Tax Income ,+,credit,usd,24600000.0
Global Brass and Copper Holdings Inc,BRSS,5493008IRDIZ3ZYEEX98,0001533526,2017.0,Q2,2017-04-01,2017-06-30,2018-08-02 17:38:01+00:00,netincomecontinuing,incometaxexpense,Income Tax Expense,-,debit,usd,8800000.0
Global Brass and Copper Holdings Inc,BRSS,5493008IRDIZ3ZYEEX98,0001533526,2017.0,Q2,2017-04-01,2017-06-30,2018-08-02 17:38:01+00:00,netincome,netincomecontinuing,Net Income / (Loss) Continuing Operations,+,credit,usd,15800000.0
Global Brass and Copper Holdings Inc,BRSS,5493008IRDIZ3ZYEEX98,0001533526,2017.0,Q2,2017-04-01,2017-06-30,2018-08-02 17:38:01+00:00,netincometocommon,netincome,Consolidated Net Income / (Loss),+,credit,usd,15800000.0
Global Brass and Copper Holdings Inc,BRSS,5493008IRDIZ3ZYEEX98,0001533526,2017.0,Q2,2017-04-01,2017-06-30,2018-08-02 17:38:01+00:00,netincometocommon,netincometononcontrollinginterest,Net Income / (Loss) Attributable to Noncontrolling Interest,-,debit,usd,100000.0
Global Brass and Copper Holdings Inc,BRSS,5493008IRDIZ3ZYEEX98,0001533526,2017.0,Q2,2017-04-01,2017-06-30,2018-08-02 17:38:01+00:00,,netincometocommon,Net Income / (Loss) Attributable to Common Shareholders,=,credit,usd,15700000.0
Global Brass and Copper Holdings Inc,BRSS,5493008IRDIZ3ZYEEX98,0001533526,2017.0,Q2,2017-04-01,2017-06-30,2018-08-02 17:38:01+00:00,basiceps,weightedavebasicsharesos,Weighted Average Basic Shares Outstanding,/,,shares,21800000.0
Global Brass and Copper Holdings Inc,BRSS,5493008IRDIZ3ZYEEX98,0001533526,2017.0,Q2,2017-04-01,2017-06-30,2018-08-02 17:38:01+00:00,,basiceps,Basic Earnings per Share,=,,usdpershare,0.74
Global Brass and Copper Holdings Inc,BRSS,5493008IRDIZ3ZYEEX98,0001533526,2017.0,Q2,2017-04-01,2017-06-30,2018-08-02 17:38:01+00:00,dilutedeps,weightedavedilutedsharesos,Weighted Average Diluted Shares Outstanding,/,,shares,22100000.0
Global Brass and Copper Holdings Inc,BRSS,5493008IRDIZ3ZYEEX98,0001533526,2017.0,Q2,2017-04-01,2017-06-30,2018-08-02 17:38:01+00:00,,dilutedeps,Diluted Earnings per Share,=,,usdpershare,0.71
Global Brass and Copper Holdings Inc,BRSS,5493008IRDIZ3ZYEEX98,0001533526,2017.0,Q2,2017-04-01,2017-06-30,2018-08-02 17:38:01+00:00,basicdilutedeps,weightedavebasicdilutedsharesos,Weighted Average Basic & Diluted Shares Outstanding,/,,shares,21200000.0
Global Brass and Copper Holdings Inc,BRSS,5493008IRDIZ3ZYEEX98,0001533526,2017.0,Q2,2017-04-01,2017-06-30,2018-08-02 17:38:01+00:00,,basicdilutedeps,Basic & Diluted Earnings per Share,=,,usdpershare,0.74
Global Brass and Copper Holdings Inc,BRSS,5493008IRDIZ3ZYEEX98,0001533526,2017.0,Q2,2017-04-01,2017-06-30,2018-08-02 17:38:01+00:00,,cashdividendspershare,Cash Dividends to Common per Share,=,,usdpershare,0.0375
Global Brass and Copper Holdings Inc,BRSS,5493008IRDIZ3ZYEEX98,0001533526,2017.0,Q3,2017-07-01,2017-09-30,2018-11-01 16:34:33+00:00,totalrevenue,operatingrevenue,Operating Revenue,+,credit,usd,359400000.0
Global Brass and Copper Holdings Inc,BRSS,5493008IRDIZ3ZYEEX98,0001533526,2017.0,Q3,2017-07-01,2017-09-30,2018-11-01 16:34:33+00:00,totalgrossprofit,totalrevenue,Total Revenue,+,credit,usd,359400000.0
Global Brass and Copper Holdings Inc,BRSS,5493008IRDIZ3ZYEEX98,0001533526,2017.0,Q3,2017-07-01,2017-09-30,2018-11-01 16:34:33+00:00,totalcostofrevenue,operatingcostofrevenue,Operating Cost of Revenue,+,debit,usd,315800000.0
Global Brass and Copper Holdings Inc,BRSS,5493008IRDIZ3ZYEEX98,0001533526,2017.0,Q3,2017-07-01,2017-09-30,2018-11-01 16:34:33+00:00,totalgrossprofit,totalcostofrevenue,Total Cost of Revenue,-,debit,usd,315800000.0
Global Brass and Copper Holdings Inc,BRSS,5493008IRDIZ3ZYEEX98,0001533526,2017.0,Q3,2017-07-01,2017-09-30,2018-11-01 16:34:33+00:00,totaloperatingincome,totalgrossprofit,Total Gross Profit,+,credit,usd,43600000.0
Global Brass and Copper Holdings Inc,BRSS,5493008IRDIZ3ZYEEX98,0001533526,2017.0,Q3,2017-07-01,2017-09-30,2018-11-01 16:34:33+00:00,totaloperatingexpenses,sgaexpense,"Selling, General & Admin Expense",+,debit,usd,19400000.0
Global Brass and Copper Holdings Inc,BRSS,5493008IRDIZ3ZYEEX98,0001533526,2017.0,Q3,2017-07-01,2017-09-30,2018-11-01 16:34:33+00:00,totaloperatingincome,totaloperatingexpenses,Total Operating Expenses,-,debit,usd,19400000.0
Global Brass and Copper Holdings Inc,BRSS,5493008IRDIZ3ZYEEX98,0001533526,2017.0,Q3,2017-07-01,2017-09-30,2018-11-01 16:34:33+00:00,totalpretaxincome,totaloperatingincome,Total Operating Income,+,credit,usd,24200000.0
Global Brass and Copper Holdings Inc,BRSS,5493008IRDIZ3ZYEEX98,0001533526,2017.0,Q3,2017-07-01,2017-09-30,2018-11-01 16:34:33+00:00,totalotherincome,totalinterestexpense,Interest Expense,-,debit,usd,4600000.0
Global Brass and Copper Holdings Inc,BRSS,5493008IRDIZ3ZYEEX98,0001533526,2017.0,Q3,2017-07-01,2017-09-30,2018-11-01 16:34:33+00:00,totalotherincome,otherincome,"Other Income / (Expense), net",+,credit,usd,-600000.0
Global Brass and Copper Holdings Inc,BRSS,5493008IRDIZ3ZYEEX98,0001533526,2017.0,Q3,2017-07-01,2017-09-30,2018-11-01 16:34:33+00:00,totalpretaxincome,totalotherincome,"Total Other Income / (Expense), net",+,credit,usd,-5200000.0
Global Brass and Copper Holdings Inc,BRSS,5493008IRDIZ3ZYEEX98,0001533526,2017.0,Q3,2017-07-01,2017-09-30,2018-11-01 16:34:33+00:00,netincomecontinuing,totalpretaxincome,Total Pre-Tax Income ,+,credit,usd,19000000.0
Global Brass and Copper Holdings Inc,BRSS,5493008IRDIZ3ZYEEX98,0001533526,2017.0,Q3,2017-07-01,2017-09-30,2018-11-01 16:34:33+00:00,netincomecontinuing,incometaxexpense,Income Tax Expense,-,debit,usd,6600000.0
Global Brass and Copper Holdings Inc,BRSS,5493008IRDIZ3ZYEEX98,0001533526,2017.0,Q3,2017-07-01,2017-09-30,2018-11-01 16:34:33+00:00,netincome,netincomecontinuing,Net Income / (Loss) Continuing Operations,+,credit,usd,12400000.0
Global Brass and Copper Holdings Inc,BRSS,5493008IRDIZ3ZYEEX98,0001533526,2017.0,Q3,2017-07-01,2017-09-30,2018-11-01 16:34:33+00:00,netincometocommon,netincome,Consolidated Net Income / (Loss),+,credit,usd,12400000.0
Global Brass and Copper Holdings Inc,BRSS,5493008IRDIZ3ZYEEX98,0001533526,2017.0,Q3,2017-07-01,2017-09-30,2018-11-01 16:34:33+00:00,netincometocommon,netincometononcontrollinginterest,Net Income / (Loss) Attributable to Noncontrolling Interest,-,debit,usd,100000.0
Global Brass and Copper Holdings Inc,BRSS,5493008IRDIZ3ZYEEX98,0001533526,2017.0,Q3,2017-07-01,2017-09-30,2018-11-01 16:34:33+00:00,,netincometocommon,Net Income / (Loss) Attributable to Common Shareholders,=,credit,usd,12300000.0
Global Brass and Copper Holdings Inc,BRSS,5493008IRDIZ3ZYEEX98,0001533526,2017.0,Q3,2017-07-01,2017-09-30,2018-11-01 16:34:33+00:00,basiceps,weightedavebasicsharesos,Weighted Average Basic Shares Outstanding,/,,shares,21800000.0
Global Brass and Copper Holdings Inc,BRSS,5493008IRDIZ3ZYEEX98,0001533526,2017.0,Q3,2017-07-01,2017-09-30,2018-11-01 16:34:33+00:00,,basiceps,Basic Earnings per Share,=,,usdpershare,0.57
Global Brass and Copper Holdings Inc,BRSS,5493008IRDIZ3ZYEEX98,0001533526,2017.0,Q3,2017-07-01,2017-09-30,2018-11-01 16:34:33+00:00,dilutedeps,weightedavedilutedsharesos,Weighted Average Diluted Shares Outstanding,/,,shares,22100000.0
Global Brass and Copper Holdings Inc,BRSS,5493008IRDIZ3ZYEEX98,0001533526,2017.0,Q3,2017-07-01,2017-09-30,2018-11-01 16:34:33+00:00,,dilutedeps,Diluted Earnings per Share,=,,usdpershare,0.56
Global Brass and Copper Holdings Inc,BRSS,5493008IRDIZ3ZYEEX98,0001533526,2017.0,Q3,2017-07-01,2017-09-30,2018-11-01 16:34:33+00:00,basicdilutedeps,weightedavebasicdilutedsharesos,Weighted Average Basic & Diluted Shares Outstanding,/,,shares,21600000.0
Global Brass and Copper Holdings Inc,BRSS,5493008IRDIZ3ZYEEX98,0001533526,2017.0,Q3,2017-07-01,2017-09-30,2018-11-01 16:34:33+00:00,,basicdilutedeps,Basic & Diluted Earnings per Share,=,,usdpershare,0.57
Global Brass and Copper Holdings Inc,BRSS,5493008IRDIZ3ZYEEX98,0001533526,2017.0,Q3,2017-07-01,2017-09-30,2018-11-01 16:34:33+00:00,,cashdividendspershare,Cash Dividends to Common per Share,=,,usdpershare,0.06
Global Brass and Copper Holdings Inc,BRSS,5493008IRDIZ3ZYEEX98,0001533526,2017.0,Q4,2017-10-01,2017-12-31,,totalrevenue,operatingrevenue,Operating Revenue,+,credit,usd,424900000.0
Global Brass and Copper Holdings Inc,BRSS,5493008IRDIZ3ZYEEX98,0001533526,2017.0,Q4,2017-10-01,2017-12-31,,totalgrossprofit,totalrevenue,Total Revenue,+,credit,usd,424900000.0
Global Brass and Copper Holdings Inc,BRSS,5493008IRDIZ3ZYEEX98,0001533526,2017.0,Q4,2017-10-01,2017-12-31,,totalcostofrevenue,operatingcostofrevenue,Operating Cost of Revenue,+,debit,usd,379100000.0
Global Brass and Copper Holdings Inc,BRSS,5493008IRDIZ3ZYEEX98,0001533526,2017.0,Q4,2017-10-01,2017-12-31,,totalgrossprofit,totalcostofrevenue,Total Cost of Revenue,-,debit,usd,379100000.0
Global Brass and Copper Holdings Inc,BRSS,5493008IRDIZ3ZYEEX98,0001533526,2017.0,Q4,2017-10-01,2017-12-31,,totaloperatingincome,totalgrossprofit,Total Gross Profit,+,credit,usd,45800000.0
Global Brass and Copper Holdings Inc,BRSS,5493008IRDIZ3ZYEEX98,0001533526,2017.0,Q4,2017-10-01,2017-12-31,,totaloperatingexpenses,sgaexpense,"Selling, General & Admin Expense",+,debit,usd,22200000.0
Global Brass and Copper Holdings Inc,BRSS,5493008IRDIZ3ZYEEX98,0001533526,2017.0,Q4,2017-10-01,2017-12-31,,totaloperatingincome,totaloperatingexpenses,Total Operating Expenses,-,debit,usd,22200000.0
Global Brass and Copper Holdings Inc,BRSS,5493008IRDIZ3ZYEEX98,0001533526,2017.0,Q4,2017-10-01,2017-12-31,,totalpretaxincome,totaloperatingincome,Total Operating Income,+,credit,usd,23600000.0
Global Brass and Copper Holdings Inc,BRSS,5493008IRDIZ3ZYEEX98,0001533526,2017.0,Q4,2017-10-01,2017-12-31,,totalotherincome,totalinterestexpense,Interest Expense,-,debit,usd,3700000.0
Global Brass and Copper Holdings Inc,BRSS,5493008IRDIZ3ZYEEX98,0001533526,2017.0,Q4,2017-10-01,2017-12-31,,totalotherincome,otherincome,"Other Income / (Expense), net",+,credit,usd,-600000.0
Global Brass and Copper Holdings Inc,BRSS,5493008IRDIZ3ZYEEX98,0001533526,2017.0,Q4,2017-10-01,2017-12-31,,totalpretaxincome,totalotherincome,"Total Other Income / (Expense), net",+,credit,usd,-4300000.0
Global Brass and Copper Holdings Inc,BRSS,5493008IRDIZ3ZYEEX98,0001533526,2017.0,Q4,2017-10-01,2017-12-31,,netincomecontinuing,totalpretaxincome,Total Pre-Tax Income ,+,credit,usd,19300000.0
Global Brass and Copper Holdings Inc,BRSS,5493008IRDIZ3ZYEEX98,0001533526,2017.0,Q4,2017-10-01,2017-12-31,,netincomecontinuing,incometaxexpense,Income Tax Expense,-,debit,usd,13500000.0
Global Brass and Copper Holdings Inc,BRSS,5493008IRDIZ3ZYEEX98,0001533526,2017.0,Q4,2017-10-01,2017-12-31,,netincome,netincomecontinuing,Net Income / (Loss) Continuing Operations,+,credit,usd,5800000.0
Global Brass and Copper Holdings Inc,BRSS,5493008IRDIZ3ZYEEX98,0001533526,2017.0,Q4,2017-10-01,2017-12-31,,netincometocommon,netincome,Consolidated Net Income / (Loss),+,credit,usd,5800000.0
Global Brass and Copper Holdings Inc,BRSS,5493008IRDIZ3ZYEEX98,0001533526,2017.0,Q4,2017-10-01,2017-12-31,,netincometocommon,netincometononcontrollinginterest,Net Income / (Loss) Attributable to Noncontrolling Interest,-,debit,usd,200000.0
Global Brass and Copper Holdings Inc,BRSS,5493008IRDIZ3ZYEEX98,0001533526,2017.0,Q4,2017-10-01,2017-12-31,,,netincometocommon,Net Income / (Loss) Attributable to Common Shareholders,=,credit,usd,5600000.0
Global Brass and Copper Holdings Inc,BRSS,5493008IRDIZ3ZYEEX98,0001533526,2017.0,Q4,2017-10-01,2017-12-31,,basiceps,weightedavebasicsharesos,Weighted Average Basic Shares Outstanding,/,,shares,21700000.0
Global Brass and Copper Holdings Inc,BRSS,5493008IRDIZ3ZYEEX98,0001533526,2017.0,Q4,2017-10-01,2017-12-31,,,basiceps,Basic Earnings per Share,=,,usdpershare,0.25
Global Brass and Copper Holdings Inc,BRSS,5493008IRDIZ3ZYEEX98,0001533526,2017.0,Q4,2017-10-01,2017-12-31,,dilutedeps,weightedavedilutedsharesos,Weighted Average Diluted Shares Outstanding,/,,shares,22100000.0
Global Brass and Copper Holdings Inc,BRSS,5493008IRDIZ3ZYEEX98,0001533526,2017.0,Q4,2017-10-01,2017-12-31,,,dilutedeps,Diluted Earnings per Share,=,,usdpershare,0.25
Global Brass and Copper Holdings Inc,BRSS,5493008IRDIZ3ZYEEX98,0001533526,2017.0,Q4,2017-10-01,2017-12-31,,basicdilutedeps,weightedavebasicdilutedsharesos,Weighted Average Basic & Diluted Shares Outstanding,/,,shares,21700000.0
Global Brass and Copper Holdings Inc,BRSS,5493008IRDIZ3ZYEEX98,0001533526,2017.0,Q4,2017-10-01,2017-12-31,,,basicdilutedeps,Basic & Diluted Earnings per Share,=,,usdpershare,0.25
Global Brass and Copper Holdings Inc,BRSS,5493008IRDIZ3ZYEEX98,0001533526,2017.0,Q4,2017-10-01,2017-12-31,,,cashdividendspershare,Cash Dividends to Common per Share,=,,usdpershare,0.06
Global Brass and Copper Holdings Inc,BRSS,5493008IRDIZ3ZYEEX98,0001533526,2018.0,Q1,2018-01-01,2018-03-31,2019-05-02 16:48:48+00:00,totalrevenue,operatingrevenue,Operating Revenue,+,credit,usd,471800000.0
Global Brass and Copper Holdings Inc,BRSS,5493008IRDIZ3ZYEEX98,0001533526,2018.0,Q1,2018-01-01,2018-03-31,2019-05-02 16:48:48+00:00,totalgrossprofit,totalrevenue,Total Revenue,+,credit,usd,471800000.0
Global Brass and Copper Holdings Inc,BRSS,5493008IRDIZ3ZYEEX98,0001533526,2018.0,Q1,2018-01-01,2018-03-31,2019-05-02 16:48:48+00:00,totalcostofrevenue,operatingcostofrevenue,Operating Cost of Revenue,+,debit,usd,422800000.0
Global Brass and Copper Holdings Inc,BRSS,5493008IRDIZ3ZYEEX98,0001533526,2018.0,Q1,2018-01-01,2018-03-31,2019-05-02 16:48:48+00:00,totalgrossprofit,totalcostofrevenue,Total Cost of Revenue,-,debit,usd,422800000.0
Global Brass and Copper Holdings Inc,BRSS,5493008IRDIZ3ZYEEX98,0001533526,2018.0,Q1,2018-01-01,2018-03-31,2019-05-02 16:48:48+00:00,totaloperatingincome,totalgrossprofit,Total Gross Profit,+,credit,usd,49000000.0
Global Brass and Copper Holdings Inc,BRSS,5493008IRDIZ3ZYEEX98,0001533526,2018.0,Q1,2018-01-01,2018-03-31,2019-05-02 16:48:48+00:00,totaloperatingexpenses,sgaexpense,"Selling, General & Admin Expense",+,debit,usd,23400000.0
Global Brass and Copper Holdings Inc,BRSS,5493008IRDIZ3ZYEEX98,0001533526,2018.0,Q1,2018-01-01,2018-03-31,2019-05-02 16:48:48+00:00,totaloperatingincome,totaloperatingexpenses,Total Operating Expenses,-,debit,usd,23400000.0
Global Brass and Copper Holdings Inc,BRSS,5493008IRDIZ3ZYEEX98,0001533526,2018.0,Q1,2018-01-01,2018-03-31,2019-05-02 16:48:48+00:00,totalpretaxincome,totaloperatingincome,Total Operating Income,+,credit,usd,25600000.0
Global Brass and Copper Holdings Inc,BRSS,5493008IRDIZ3ZYEEX98,0001533526,2018.0,Q1,2018-01-01,2018-03-31,2019-05-02 16:48:48+00:00,totalotherincome,totalinterestexpense,Interest Expense,-,debit,usd,4300000.0
Global Brass and Copper Holdings Inc,BRSS,5493008IRDIZ3ZYEEX98,0001533526,2018.0,Q1,2018-01-01,2018-03-31,2019-05-02 16:48:48+00:00,totalotherincome,otherincome,"Other Income / (Expense), net",+,credit,usd,-100000.0
Global Brass and Copper Holdings Inc,BRSS,5493008IRDIZ3ZYEEX98,0001533526,2018.0,Q1,2018-01-01,2018-03-31,2019-05-02 16:48:48+00:00,totalpretaxincome,totalotherincome,"Total Other Income / (Expense), net",+,credit,usd,-4400000.0
Global Brass and Copper Holdings Inc,BRSS,5493008IRDIZ3ZYEEX98,0001533526,2018.0,Q1,2018-01-01,2018-03-31,2019-05-02 16:48:48+00:00,netincomecontinuing,totalpretaxincome,Total Pre-Tax Income ,+,credit,usd,21200000.0
Global Brass and Copper Holdings Inc,BRSS,5493008IRDIZ3ZYEEX98,0001533526,2018.0,Q1,2018-01-01,2018-03-31,2019-05-02 16:48:48+00:00,netincomecontinuing,incometaxexpense,Income Tax Expense,-,debit,usd,5300000.0
Global Brass and Copper Holdings Inc,BRSS,5493008IRDIZ3ZYEEX98,0001533526,2018.0,Q1,2018-01-01,2018-03-31,2019-05-02 16:48:48+00:00,netincome,netincomecontinuing,Net Income / (Loss) Continuing Operations,+,credit,usd,15900000.0
Global Brass and Copper Holdings Inc,BRSS,5493008IRDIZ3ZYEEX98,0001533526,2018.0,Q1,2018-01-01,2018-03-31,2019-05-02 16:48:48+00:00,netincometocommon,netincome,Consolidated Net Income / (Loss),+,credit,usd,15900000.0
Global Brass and Copper Holdings Inc,BRSS,5493008IRDIZ3ZYEEX98,0001533526,2018.0,Q1,2018-01-01,2018-03-31,2019-05-02 16:48:48+00:00,netincometocommon,netincometononcontrollinginterest,Net Income / (Loss) Attributable to Noncontrolling Interest,-,debit,usd,100000.0
Global Brass and Copper Holdings Inc,BRSS,5493008IRDIZ3ZYEEX98,0001533526,2018.0,Q1,2018-01-01,2018-03-31,2019-05-02 16:48:48+00:00,,netincometocommon,Net Income / (Loss) Attributable to Common Shareholders,=,credit,usd,15800000.0
Global Brass and Copper Holdings Inc,BRSS,5493008IRDIZ3ZYEEX98,0001533526,2018.0,Q1,2018-01-01,2018-03-31,2019-05-02 16:48:48+00:00,basiceps,weightedavebasicsharesos,Weighted Average Basic Shares Outstanding,/,,shares,21900000.0
Global Brass and Copper Holdings Inc,BRSS,5493008IRDIZ3ZYEEX98,0001533526,2018.0,Q1,2018-01-01,2018-03-31,2019-05-02 16:48:48+00:00,,basiceps,Basic Earnings per Share,=,,usdpershare,0.72
Global Brass and Copper Holdings Inc,BRSS,5493008IRDIZ3ZYEEX98,0001533526,2018.0,Q1,2018-01-01,2018-03-31,2019-05-02 16:48:48+00:00,dilutedeps,weightedavedilutedsharesos,Weighted Average Diluted Shares Outstanding,/,,shares,22300000.0
Global Brass and Copper Holdings Inc,BRSS,5493008IRDIZ3ZYEEX98,0001533526,2018.0,Q1,2018-01-01,2018-03-31,2019-05-02 16:48:48+00:00,,dilutedeps,Diluted Earnings per Share,=,,usdpershare,0.71
Global Brass and Copper Holdings Inc,BRSS,5493008IRDIZ3ZYEEX98,0001533526,2018.0,Q1,2018-01-01,2018-03-31,2019-05-02 16:48:48+00:00,basicdilutedeps,weightedavebasicdilutedsharesos,Weighted Average Basic & Diluted Shares Outstanding,/,,shares,21900000.0
Global Brass and Copper Holdings Inc,BRSS,5493008IRDIZ3ZYEEX98,0001533526,2018.0,Q1,2018-01-01,2018-03-31,2019-05-02 16:48:48+00:00,,basicdilutedeps,Basic & Diluted Earnings per Share,=,,usdpershare,0.72
Global Brass and Copper Holdings Inc,BRSS,5493008IRDIZ3ZYEEX98,0001533526,2018.0,Q1,2018-01-01,2018-03-31,2019-05-02 16:48:48+00:00,,cashdividendspershare,Cash Dividends to Common per Share,=,,usdpershare,0.06
Global Brass and Copper Holdings Inc,BRSS,5493008IRDIZ3ZYEEX98,0001533526,2018.0,Q2,2018-04-01,2018-06-30,2018-08-02 17:38:01+00:00,totalrevenue,operatingrevenue,Operating Revenue,+,credit,usd,459400000.0
Global Brass and Copper Holdings Inc,BRSS,5493008IRDIZ3ZYEEX98,0001533526,2018.0,Q2,2018-04-01,2018-06-30,2018-08-02 17:38:01+00:00,totalgrossprofit,totalrevenue,Total Revenue,+,credit,usd,459400000.0
Global Brass and Copper Holdings Inc,BRSS,5493008IRDIZ3ZYEEX98,0001533526,2018.0,Q2,2018-04-01,2018-06-30,2018-08-02 17:38:01+00:00,totalcostofrevenue,operatingcostofrevenue,Operating Cost of Revenue,+,debit,usd,401500000.0
Global Brass and Copper Holdings Inc,BRSS,5493008IRDIZ3ZYEEX98,0001533526,2018.0,Q2,2018-04-01,2018-06-30,2018-08-02 17:38:01+00:00,totalgrossprofit,totalcostofrevenue,Total Cost of Revenue,-,debit,usd,401500000.0
Global Brass and Copper Holdings Inc,BRSS,5493008IRDIZ3ZYEEX98,0001533526,2018.0,Q2,2018-04-01,2018-06-30,2018-08-02 17:38:01+00:00,totaloperatingincome,totalgrossprofit,Total Gross Profit,+,credit,usd,57900000.0
Global Brass and Copper Holdings Inc,BRSS,5493008IRDIZ3ZYEEX98,0001533526,2018.0,Q2,2018-04-01,2018-06-30,2018-08-02 17:38:01+00:00,totaloperatingexpenses,sgaexpense,"Selling, General & Admin Expense",+,debit,usd,23100000.0
Global Brass and Copper Holdings Inc,BRSS,5493008IRDIZ3ZYEEX98,0001533526,2018.0,Q2,2018-04-01,2018-06-30,2018-08-02 17:38:01+00:00,totaloperatingincome,totaloperatingexpenses,Total Operating Expenses,-,debit,usd,23100000.0
Global Brass and Copper Holdings Inc,BRSS,5493008IRDIZ3ZYEEX98,0001533526,2018.0,Q2,2018-04-01,2018-06-30,2018-08-02 17:38:01+00:00,totalpretaxincome,totaloperatingincome,Total Operating Income,+,credit,usd,34800000.0
Global Brass and Copper Holdings Inc,BRSS,5493008IRDIZ3ZYEEX98,0001533526,2018.0,Q2,2018-04-01,2018-06-30,2018-08-02 17:38:01+00:00,totalotherincome,totalinterestexpense,Interest Expense,-,debit,usd,4800000.0
Global Brass and Copper Holdings Inc,BRSS,5493008IRDIZ3ZYEEX98,0001533526,2018.0,Q2,2018-04-01,2018-06-30,2018-08-02 17:38:01+00:00,totalotherincome,otherincome,"Other Income / (Expense), net",+,credit,usd,-900000.0
Global Brass and Copper Holdings Inc,BRSS,5493008IRDIZ3ZYEEX98,0001533526,2018.0,Q2,2018-04-01,2018-06-30,2018-08-02 17:38:01+00:00,totalpretaxincome,totalotherincome,"Total Other Income / (Expense), net",+,credit,usd,-5700000.0
Global Brass and Copper Holdings Inc,BRSS,5493008IRDIZ3ZYEEX98,0001533526,2018.0,Q2,2018-04-01,2018-06-30,2018-08-02 17:38:01+00:00,netincomecontinuing,totalpretaxincome,Total Pre-Tax Income ,+,credit,usd,29100000.0
Global Brass and Copper Holdings Inc,BRSS,5493008IRDIZ3ZYEEX98,0001533526,2018.0,Q2,2018-04-01,2018-06-30,2018-08-02 17:38:01+00:00,netincomecontinuing,incometaxexpense,Income Tax Expense,-,debit,usd,8000000.0
Global Brass and Copper Holdings Inc,BRSS,5493008IRDIZ3ZYEEX98,0001533526,2018.0,Q2,2018-04-01,2018-06-30,2018-08-02 17:38:01+00:00,netincome,netincomecontinuing,Net Income / (Loss) Continuing Operations,+,credit,usd,21100000.0
Global Brass and Copper Holdings Inc,BRSS,5493008IRDIZ3ZYEEX98,0001533526,2018.0,Q2,2018-04-01,2018-06-30,2018-08-02 17:38:01+00:00,netincometocommon,netincome,Consolidated Net Income / (Loss),+,credit,usd,21100000.0
Global Brass and Copper Holdings Inc,BRSS,5493008IRDIZ3ZYEEX98,0001533526,2018.0,Q2,2018-04-01,2018-06-30,2018-08-02 17:38:01+00:00,netincometocommon,netincometononcontrollinginterest,Net Income / (Loss) Attributable to Noncontrolling Interest,-,debit,usd,100000.0
Global Brass and Copper Holdings Inc,BRSS,5493008IRDIZ3ZYEEX98,0001533526,2018.0,Q2,2018-04-01,2018-06-30,2018-08-02 17:38:01+00:00,,netincometocommon,Net Income / (Loss) Attributable to Common Shareholders,=,credit,usd,21000000.0
Global Brass and Copper Holdings Inc,BRSS,5493008IRDIZ3ZYEEX98,0001533526,2018.0,Q2,2018-04-01,2018-06-30,2018-08-02 17:38:01+00:00,basiceps,weightedavebasicsharesos,Weighted Average Basic Shares Outstanding,/,,shares,22000000.0
Global Brass and Copper Holdings Inc,BRSS,5493008IRDIZ3ZYEEX98,0001533526,2018.0,Q2,2018-04-01,2018-06-30,2018-08-02 17:38:01+00:00,,basiceps,Basic Earnings per Share,=,,usdpershare,0.95
Global Brass and Copper Holdings Inc,BRSS,5493008IRDIZ3ZYEEX98,0001533526,2018.0,Q2,2018-04-01,2018-06-30,2018-08-02 17:38:01+00:00,dilutedeps,weightedavedilutedsharesos,Weighted Average Diluted Shares Outstanding,/,,shares,22300000.0
Global Brass and Copper Holdings Inc,BRSS,5493008IRDIZ3ZYEEX98,0001533526,2018.0,Q2,2018-04-01,2018-06-30,2018-08-02 17:38:01+00:00,,dilutedeps,Diluted Earnings per Share,=,,usdpershare,0.94
Global Brass and Copper Holdings Inc,BRSS,5493008IRDIZ3ZYEEX98,0001533526,2018.0,Q2,2018-04-01,2018-06-30,2018-08-02 17:38:01+00:00,basicdilutedeps,weightedavebasicdilutedsharesos,Weighted Average Basic & Diluted Shares Outstanding,/,,shares,22100000.0
Global Brass and Copper Holdings Inc,BRSS,5493008IRDIZ3ZYEEX98,0001533526,2018.0,Q2,2018-04-01,2018-06-30,2018-08-02 17:38:01+00:00,,basicdilutedeps,Basic & Diluted Earnings per Share,=,,usdpershare,0.95
Global Brass and Copper Holdings Inc,BRSS,5493008IRDIZ3ZYEEX98,0001533526,2018.0,Q2,2018-04-01,2018-06-30,2018-08-02 17:38:01+00:00,,cashdividendspershare,Cash Dividends to Common per Share,=,,usdpershare,0.06
Global Brass and Copper Holdings Inc,BRSS,5493008IRDIZ3ZYEEX98,0001533526,2018.0,Q3,2018-07-01,2018-09-30,2018-11-01 16:34:33+00:00,totalrevenue,operatingrevenue,Operating Revenue,+,credit,usd,429900000.0
Global Brass and Copper Holdings Inc,BRSS,5493008IRDIZ3ZYEEX98,0001533526,2018.0,Q3,2018-07-01,2018-09-30,2018-11-01 16:34:33+00:00,totalgrossprofit,totalrevenue,Total Revenue,+,credit,usd,429900000.0
Global Brass and Copper Holdings Inc,BRSS,5493008IRDIZ3ZYEEX98,0001533526,2018.0,Q3,2018-07-01,2018-09-30,2018-11-01 16:34:33+00:00,totalcostofrevenue,operatingcostofrevenue,Operating Cost of Revenue,+,debit,usd,387000000.0
Global Brass and Copper Holdings Inc,BRSS,5493008IRDIZ3ZYEEX98,0001533526,2018.0,Q3,2018-07-01,2018-09-30,2018-11-01 16:34:33+00:00,totalgrossprofit,totalcostofrevenue,Total Cost of Revenue,-,debit,usd,387000000.0
Global Brass and Copper Holdings Inc,BRSS,5493008IRDIZ3ZYEEX98,0001533526,2018.0,Q3,2018-07-01,2018-09-30,2018-11-01 16:34:33+00:00,totaloperatingincome,totalgrossprofit,Total Gross Profit,+,credit,usd,42900000.0
Global Brass and Copper Holdings Inc,BRSS,5493008IRDIZ3ZYEEX98,0001533526,2018.0,Q3,2018-07-01,2018-09-30,2018-11-01 16:34:33+00:00,totaloperatingexpenses,sgaexpense,"Selling, General & Admin Expense",+,debit,usd,22000000.0
Global Brass and Copper Holdings Inc,BRSS,5493008IRDIZ3ZYEEX98,0001533526,2018.0,Q3,2018-07-01,2018-09-30,2018-11-01 16:34:33+00:00,totaloperatingincome,totaloperatingexpenses,Total Operating Expenses,-,debit,usd,22000000.0
Global Brass and Copper Holdings Inc,BRSS,5493008IRDIZ3ZYEEX98,0001533526,2018.0,Q3,2018-07-01,2018-09-30,2018-11-01 16:34:33+00:00,totalpretaxincome,totaloperatingincome,Total Operating Income,+,credit,usd,20900000.0
Global Brass and Copper Holdings Inc,BRSS,5493008IRDIZ3ZYEEX98,0001533526,2018.0,Q3,2018-07-01,2018-09-30,2018-11-01 16:34:33+00:00,totalotherincome,totalinterestexpense,Interest Expense,-,debit,usd,4100000.0
Global Brass and Copper Holdings Inc,BRSS,5493008IRDIZ3ZYEEX98,0001533526,2018.0,Q3,2018-07-01,2018-09-30,2018-11-01 16:34:33+00:00,totalotherincome,otherincome,"Other Income / (Expense), net",+,credit,usd,0.0
Global Brass and Copper Holdings Inc,BRSS,5493008IRDIZ3ZYEEX98,0001533526,2018.0,Q3,2018-07-01,2018-09-30,2018-11-01 16:34:33+00:00,totalpretaxincome,totalotherincome,"Total Other Income / (Expense), net",+,credit,usd,-4100000.0
Global Brass and Copper Holdings Inc,BRSS,5493008IRDIZ3ZYEEX98,0001533526,2018.0,Q3,2018-07-01,2018-09-30,2018-11-01 16:34:33+00:00,netincomecontinuing,totalpretaxincome,Total Pre-Tax Income ,+,credit,usd,16800000.0
Global Brass and Copper Holdings Inc,BRSS,5493008IRDIZ3ZYEEX98,0001533526,2018.0,Q3,2018-07-01,2018-09-30,2018-11-01 16:34:33+00:00,netincomecontinuing,incometaxexpense,Income Tax Expense,-,debit,usd,1900000.0
Global Brass and Copper Holdings Inc,BRSS,5493008IRDIZ3ZYEEX98,0001533526,2018.0,Q3,2018-07-01,2018-09-30,2018-11-01 16:34:33+00:00,netincome,netincomecontinuing,Net Income / (Loss) Continuing Operations,+,credit,usd,14900000.0
Global Brass and Copper Holdings Inc,BRSS,5493008IRDIZ3ZYEEX98,0001533526,2018.0,Q3,2018-07-01,2018-09-30,2018-11-01 16:34:33+00:00,netincometocommon,netincome,Consolidated Net Income / (Loss),+,credit,usd,14900000.0
Global Brass and Copper Holdings Inc,BRSS,5493008IRDIZ3ZYEEX98,0001533526,2018.0,Q3,2018-07-01,2018-09-30,2018-11-01 16:34:33+00:00,netincometocommon,netincometononcontrollinginterest,Net Income / (Loss) Attributable to Noncontrolling Interest,-,debit,usd,100000.0
Global Brass and Copper Holdings Inc,BRSS,5493008IRDIZ3ZYEEX98,0001533526,2018.0,Q3,2018-07-01,2018-09-30,2018-11-01 16:34:33+00:00,,netincometocommon,Net Income / (Loss) Attributable to Common Shareholders,=,credit,usd,14800000.0
Global Brass and Copper Holdings Inc,BRSS,5493008IRDIZ3ZYEEX98,0001533526,2018.0,Q3,2018-07-01,2018-09-30,2018-11-01 16:34:33+00:00,basiceps,weightedavebasicsharesos,Weighted Average Basic Shares Outstanding,/,,shares,22100000.0
Global Brass and Copper Holdings Inc,BRSS,5493008IRDIZ3ZYEEX98,0001533526,2018.0,Q3,2018-07-01,2018-09-30,2018-11-01 16:34:33+00:00,,basiceps,Basic Earnings per Share,=,,usdpershare,0.67
Global Brass and Copper Holdings Inc,BRSS,5493008IRDIZ3ZYEEX98,0001533526,2018.0,Q3,2018-07-01,2018-09-30,2018-11-01 16:34:33+00:00,dilutedeps,weightedavedilutedsharesos,Weighted Average Diluted Shares Outstanding,/,,shares,22400000.0
Global Brass and Copper Holdings Inc,BRSS,5493008IRDIZ3ZYEEX98,0001533526,2018.0,Q3,2018-07-01,2018-09-30,2018-11-01 16:34:33+00:00,,dilutedeps,Diluted Earnings per Share,=,,usdpershare,0.66
Global Brass and Copper Holdings Inc,BRSS,5493008IRDIZ3ZYEEX98,0001533526,2018.0,Q3,2018-07-01,2018-09-30,2018-11-01 16:34:33+00:00,basicdilutedeps,weightedavebasicdilutedsharesos,Weighted Average Basic & Diluted Shares Outstanding,/,,shares,22100000.0
Global Brass and Copper Holdings Inc,BRSS,5493008IRDIZ3ZYEEX98,0001533526,2018.0,Q3,2018-07-01,2018-09-30,2018-11-01 16:34:33+00:00,,basicdilutedeps,Basic & Diluted Earnings per Share,=,,usdpershare,0.67
Global Brass and Copper Holdings Inc,BRSS,5493008IRDIZ3ZYEEX98,0001533526,2018.0,Q3,2018-07-01,2018-09-30,2018-11-01 16:34:33+00:00,,cashdividendspershare,Cash Dividends to Common per Share,=,,usdpershare,0.09
Global Brass and Copper Holdings Inc,BRSS,5493008IRDIZ3ZYEEX98,0001533526,2018.0,Q4,2018-10-01,2018-12-31,,totalrevenue,operatingrevenue,Operating Revenue,+,credit,usd,404300000.0
Global Brass and Copper Holdings Inc,BRSS,5493008IRDIZ3ZYEEX98,0001533526,2018.0,Q4,2018-10-01,2018-12-31,,totalgrossprofit,totalrevenue,Total Revenue,+,credit,usd,404300000.0
Global Brass and Copper Holdings Inc,BRSS,5493008IRDIZ3ZYEEX98,0001533526,2018.0,Q4,2018-10-01,2018-12-31,,totalcostofrevenue,operatingcostofrevenue,Operating Cost of Revenue,+,debit,usd,367400000.0
Global Brass and Copper Holdings Inc,BRSS,5493008IRDIZ3ZYEEX98,0001533526,2018.0,Q4,2018-10-01,2018-12-31,,totalgrossprofit,totalcostofrevenue,Total Cost of Revenue,-,debit,usd,367400000.0
Global Brass and Copper Holdings Inc,BRSS,5493008IRDIZ3ZYEEX98,0001533526,2018.0,Q4,2018-10-01,2018-12-31,,totaloperatingincome,totalgrossprofit,Total Gross Profit,+,credit,usd,36900000.0
Global Brass and Copper Holdings Inc,BRSS,5493008IRDIZ3ZYEEX98,0001533526,2018.0,Q4,2018-10-01,2018-12-31,,totaloperatingexpenses,sgaexpense,"Selling, General & Admin Expense",+,debit,usd,24200000.0
Global Brass and Copper Holdings Inc,BRSS,5493008IRDIZ3ZYEEX98,0001533526,2018.0,Q4,2018-10-01,2018-12-31,,totaloperatingincome,totaloperatingexpenses,Total Operating Expenses,-,debit,usd,24200000.0
Global Brass and Copper Holdings Inc,BRSS,5493008IRDIZ3ZYEEX98,0001533526,2018.0,Q4,2018-10-01,2018-12-31,,totalpretaxincome,totaloperatingincome,Total Operating Income,+,credit,usd,12700000.0
Global Brass and Copper Holdings Inc,BRSS,5493008IRDIZ3ZYEEX98,0001533526,2018.0,Q4,2018-10-01,2018-12-31,,totalotherincome,totalinterestexpense,Interest Expense,-,debit,usd,4100000.0
Global Brass and Copper Holdings Inc,BRSS,5493008IRDIZ3ZYEEX98,0001533526,2018.0,Q4,2018-10-01,2018-12-31,,totalotherincome,otherincome,"Other Income / (Expense), net",+,credit,usd,200000.0
Global Brass and Copper Holdings Inc,BRSS,5493008IRDIZ3ZYEEX98,0001533526,2018.0,Q4,2018-10-01,2018-12-31,,totalpretaxincome,totalotherincome,"Total Other Income / (Expense), net",+,credit,usd,-3900000.0
Global Brass and Copper Holdings Inc,BRSS,5493008IRDIZ3ZYEEX98,0001533526,2018.0,Q4,2018-10-01,2018-12-31,,netincomecontinuing,totalpretaxincome,Total Pre-Tax Income ,+,credit,usd,8800000.0
Global Brass and Copper Holdings Inc,BRSS,5493008IRDIZ3ZYEEX98,0001533526,2018.0,Q4,2018-10-01,2018-12-31,,netincomecontinuing,incometaxexpense,Income Tax Expense,-,debit,usd,2100000.0
Global Brass and Copper Holdings Inc,BRSS,5493008IRDIZ3ZYEEX98,0001533526,2018.0,Q4,2018-10-01,2018-12-31,,netincome,netincomecontinuing,Net Income / (Loss) Continuing Operations,+,credit,usd,6700000.0
Global Brass and Copper Holdings Inc,BRSS,5493008IRDIZ3ZYEEX98,0001533526,2018.0,Q4,2018-10-01,2018-12-31,,netincometocommon,netincome,Consolidated Net Income / (Loss),+,credit,usd,6700000.0
Global Brass and Copper Holdings Inc,BRSS,5493008IRDIZ3ZYEEX98,0001533526,2018.0,Q4,2018-10-01,2018-12-31,,netincometocommon,netincometononcontrollinginterest,Net Income / (Loss) Attributable to Noncontrolling Interest,-,debit,usd,100000.0
Global Brass and Copper Holdings Inc,BRSS,5493008IRDIZ3ZYEEX98,0001533526,2018.0,Q4,2018-10-01,2018-12-31,,,netincometocommon,Net Income / (Loss) Attributable to Common Shareholders,=,credit,usd,6600000.0
Global Brass and Copper Holdings Inc,BRSS,5493008IRDIZ3ZYEEX98,0001533526,2018.0,Q4,2018-10-01,2018-12-31,,basiceps,weightedavebasicsharesos,Weighted Average Basic Shares Outstanding,/,,shares,21900000.0
Global Brass and Copper Holdings Inc,BRSS,5493008IRDIZ3ZYEEX98,0001533526,2018.0,Q4,2018-10-01,2018-12-31,,,basiceps,Basic Earnings per Share,=,,usdpershare,0.32
Global Brass and Copper Holdings Inc,BRSS,5493008IRDIZ3ZYEEX98,0001533526,2018.0,Q4,2018-10-01,2018-12-31,,dilutedeps,weightedavedilutedsharesos,Weighted Average Diluted Shares Outstanding,/,,shares,22300000.0
Global Brass and Copper Holdings Inc,BRSS,5493008IRDIZ3ZYEEX98,0001533526,2018.0,Q4,2018-10-01,2018-12-31,,,dilutedeps,Diluted Earnings per Share,=,,usdpershare,0.3
Global Brass and Copper Holdings Inc,BRSS,5493008IRDIZ3ZYEEX98,0001533526,2018.0,Q4,2018-10-01,2018-12-31,,basicdilutedeps,weightedavebasicdilutedsharesos,Weighted Average Basic & Diluted Shares Outstanding,/,,shares,21900000.0
Global Brass and Copper Holdings Inc,BRSS,5493008IRDIZ3ZYEEX98,0001533526,2018.0,Q4,2018-10-01,2018-12-31,,,basicdilutedeps,Basic & Diluted Earnings per Share,=,,usdpershare,0.32
Global Brass and Copper Holdings Inc,BRSS,5493008IRDIZ3ZYEEX98,0001533526,2018.0,Q4,2018-10-01,2018-12-31,,,cashdividendspershare,Cash Dividends to Common per Share,=,,usdpershare,0.09
Global Brass and Copper Holdings Inc,BRSS,5493008IRDIZ3ZYEEX98,0001533526,2019.0,Q1,2019-01-01,2019-03-31,2019-05-02 16:48:48+00:00,totalrevenue,operatingrevenue,Operating Revenue,+,credit,usd,430300000.0
Global Brass and Copper Holdings Inc,BRSS,5493008IRDIZ3ZYEEX98,0001533526,2019.0,Q1,2019-01-01,2019-03-31,2019-05-02 16:48:48+00:00,totalgrossprofit,totalrevenue,Total Revenue,+,credit,usd,430300000.0
Global Brass and Copper Holdings Inc,BRSS,5493008IRDIZ3ZYEEX98,0001533526,2019.0,Q1,2019-01-01,2019-03-31,2019-05-02 16:48:48+00:00,totalcostofrevenue,operatingcostofrevenue,Operating Cost of Revenue,+,debit,usd,377700000.0
Global Brass and Copper Holdings Inc,BRSS,5493008IRDIZ3ZYEEX98,0001533526,2019.0,Q1,2019-01-01,2019-03-31,2019-05-02 16:48:48+00:00,totalgrossprofit,totalcostofrevenue,Total Cost of Revenue,-,debit,usd,377700000.0
Global Brass and Copper Holdings Inc,BRSS,5493008IRDIZ3ZYEEX98,0001533526,2019.0,Q1,2019-01-01,2019-03-31,2019-05-02 16:48:48+00:00,totaloperatingincome,totalgrossprofit,Total Gross Profit,+,credit,usd,52600000.0
Global Brass and Copper Holdings Inc,BRSS,5493008IRDIZ3ZYEEX98,0001533526,2019.0,Q1,2019-01-01,2019-03-31,2019-05-02 16:48:48+00:00,totaloperatingexpenses,sgaexpense,"Selling, General & Admin Expense",+,debit,usd,23900000.0
Global Brass and Copper Holdings Inc,BRSS,5493008IRDIZ3ZYEEX98,0001533526,2019.0,Q1,2019-01-01,2019-03-31,2019-05-02 16:48:48+00:00,totaloperatingincome,totaloperatingexpenses,Total Operating Expenses,-,debit,usd,23900000.0
Global Brass and Copper Holdings Inc,BRSS,5493008IRDIZ3ZYEEX98,0001533526,2019.0,Q1,2019-01-01,2019-03-31,2019-05-02 16:48:48+00:00,totalpretaxincome,totaloperatingincome,Total Operating Income,+,credit,usd,28700000.0
Global Brass and Copper Holdings Inc,BRSS,5493008IRDIZ3ZYEEX98,0001533526,2019.0,Q1,2019-01-01,2019-03-31,2019-05-02 16:48:48+00:00,totalotherincome,totalinterestexpense,Interest Expense,-,debit,usd,4000000.0
Global Brass and Copper Holdings Inc,BRSS,5493008IRDIZ3ZYEEX98,0001533526,2019.0,Q1,2019-01-01,2019-03-31,2019-05-02 16:48:48+00:00,totalotherincome,otherincome,"Other Income / (Expense), net",+,credit,usd,0.0
Global Brass and Copper Holdings Inc,BRSS,5493008IRDIZ3ZYEEX98,0001533526,2019.0,Q1,2019-01-01,2019-03-31,2019-05-02 16:48:48+00:00,totalpretaxincome,totalotherincome,"Total Other Income / (Expense), net",+,credit,usd,-4000000.0
Global Brass and Copper Holdings Inc,BRSS,5493008IRDIZ3ZYEEX98,0001533526,2019.0,Q1,2019-01-01,2019-03-31,2019-05-02 16:48:48+00:00,netincomecontinuing,totalpretaxincome,Total Pre-Tax Income ,+,credit,usd,24700000.0
Global Brass and Copper Holdings Inc,BRSS,5493008IRDIZ3ZYEEX98,0001533526,2019.0,Q1,2019-01-01,2019-03-31,2019-05-02 16:48:48+00:00,netincomecontinuing,incometaxexpense,Income Tax Expense,-,debit,usd,6700000.0
Global Brass and Copper Holdings Inc,BRSS,5493008IRDIZ3ZYEEX98,0001533526,2019.0,Q1,2019-01-01,2019-03-31,2019-05-02 16:48:48+00:00,netincome,netincomecontinuing,Net Income / (Loss) Continuing Operations,+,credit,usd,18000000.0
Global Brass and Copper Holdings Inc,BRSS,5493008IRDIZ3ZYEEX98,0001533526,2019.0,Q1,2019-01-01,2019-03-31,2019-05-02 16:48:48+00:00,netincometocommon,netincome,Consolidated Net Income / (Loss),+,credit,usd,18000000.0
Global Brass and Copper Holdings Inc,BRSS,5493008IRDIZ3ZYEEX98,0001533526,2019.0,Q1,2019-01-01,2019-03-31,2019-05-02 16:48:48+00:00,netincometocommon,netincometononcontrollinginterest,Net Income / (Loss) Attributable to Noncontrolling Interest,-,debit,usd,100000.0
Global Brass and Copper Holdings Inc,BRSS,5493008IRDIZ3ZYEEX98,0001533526,2019.0,Q1,2019-01-01,2019-03-31,2019-05-02 16:48:48+00:00,,netincometocommon,Net Income / (Loss) Attributable to Common Shareholders,=,credit,usd,17900000.0
Global Brass and Copper Holdings Inc,BRSS,5493008IRDIZ3ZYEEX98,0001533526,2019.0,Q1,2019-01-01,2019-03-31,2019-05-02 16:48:48+00:00,basiceps,weightedavebasicsharesos,Weighted Average Basic Shares Outstanding,/,,shares,21700000.0
Global Brass and Copper Holdings Inc,BRSS,5493008IRDIZ3ZYEEX98,0001533526,2019.0,Q1,2019-01-01,2019-03-31,2019-05-02 16:48:48+00:00,,basiceps,Basic Earnings per Share,=,,usdpershare,0.83
Global Brass and Copper Holdings Inc,BRSS,5493008IRDIZ3ZYEEX98,0001533526,2019.0,Q1,2019-01-01,2019-03-31,2019-05-02 16:48:48+00:00,dilutedeps,weightedavedilutedsharesos,Weighted Average Diluted Shares Outstanding,/,,shares,22000000.0
Global Brass and Copper Holdings Inc,BRSS,5493008IRDIZ3ZYEEX98,0001533526,2019.0,Q1,2019-01-01,2019-03-31,2019-05-02 16:48:48+00:00,,dilutedeps,Diluted Earnings per Share,=,,usdpershare,0.82
Global Brass and Copper Holdings Inc,BRSS,5493008IRDIZ3ZYEEX98,0001533526,2019.0,Q1,2019-01-01,2019-03-31,2019-05-02 16:48:48+00:00,basicdilutedeps,weightedavebasicdilutedsharesos,Weighted Average Basic & Diluted Shares Outstanding,/,,shares,21600000.0
Global Brass and Copper Holdings Inc,BRSS,5493008IRDIZ3ZYEEX98,0001533526,2019.0,Q1,2019-01-01,2019-03-31,2019-05-02 16:48:48+00:00,,basicdilutedeps,Basic & Diluted Earnings per Share,=,,usdpershare,0.83
Global Brass and Copper Holdings Inc,BRSS,5493008IRDIZ3ZYEEX98,0001533526,2019.0,Q1,2019-01-01,2019-03-31,2019-05-02 16:48:48+00:00,,cashdividendspershare,Cash Dividends to Common per Share,=,,usdpershare,0.09
