company_name,company_ticker,company_lei,company_cik,year,quarter,start_date,end_date,filing_date,parent,tag,financial_name,factor,balance,unit,value
Douglas Emmett Inc,DEI,,0001364250,2009.0,Q3,2009-07-01,2009-09-30,,netincomecontinuing,netincome,Consolidated Net Income / (Loss),+,credit,usd,-11112000.0
Douglas Emmett Inc,DEI,,0001364250,2009.0,Q3,2009-07-01,2009-09-30,,netcashfromcontinuingoperatingactivities,netincomecontinuing,Net Income / (Loss) Continuing Operations,+,credit,usd,-11112000.0
Douglas Emmett Inc,DEI,,0001364250,2009.0,Q3,2009-07-01,2009-09-30,,netcashfromcontinuingoperatingactivities,depreciationexpense,Depreciation Expense,+,debit,usd,55529000.0
Douglas Emmett Inc,DEI,,0001364250,2009.0,Q3,2009-07-01,2009-09-30,,netcashfromcontinuingoperatingactivities,amortizationexpense,Amortization Expense,+,debit,usd,-783000.0
Douglas Emmett Inc,DEI,,0001364250,2009.0,Q3,2009-07-01,2009-09-30,,netcashfromcontinuingoperatingactivities,noncashadjustmentstonetincome,Non-Cash Adjustments to Reconcile Net Income,+,debit,usd,-17105000.0
Douglas Emmett Inc,DEI,,0001364250,2009.0,Q3,2009-07-01,2009-09-30,,netcashfromcontinuingoperatingactivities,increasedecreaseinoperatingcapital,"Changes in Operating Assets and Liabilities, net",+,debit,usd,22463000.0
Douglas Emmett Inc,DEI,,0001364250,2009.0,Q3,2009-07-01,2009-09-30,,netcashfromoperatingactivities,netcashfromcontinuingoperatingactivities,Net Cash From Continuing Operating Activities,+,debit,usd,48992000.0
Douglas Emmett Inc,DEI,,0001364250,2009.0,Q3,2009-07-01,2009-09-30,,netchangeincash,netcashfromoperatingactivities,Net Cash From Operating Activities,+,debit,usd,48992000.0
Douglas Emmett Inc,DEI,,0001364250,2009.0,Q3,2009-07-01,2009-09-30,,netcashfromcontinuinginvestingactivities,purchaseofinvestments,Purchase of Investment Securities,+,debit,usd,-9927000.0
Douglas Emmett Inc,DEI,,0001364250,2009.0,Q3,2009-07-01,2009-09-30,,netcashfrominvestingactivities,netcashfromcontinuinginvestingactivities,Net Cash From Continuing Investing Activities,+,debit,usd,-9927000.0
Douglas Emmett Inc,DEI,,0001364250,2009.0,Q3,2009-07-01,2009-09-30,,netchangeincash,netcashfrominvestingactivities,Net Cash From Investing Activities,+,debit,usd,-9927000.0
Douglas Emmett Inc,DEI,,0001364250,2009.0,Q3,2009-07-01,2009-09-30,,netcashfromcontinuingfinancingactivities,repurchaseofcommonequity,Repurchase of Common Equity,+,debit,usd,1000.0
Douglas Emmett Inc,DEI,,0001364250,2009.0,Q3,2009-07-01,2009-09-30,,netcashfromcontinuingfinancingactivities,paymentofdividends,Payment of Dividends,+,debit,usd,-15610000.0
Douglas Emmett Inc,DEI,,0001364250,2009.0,Q3,2009-07-01,2009-09-30,,netcashfromcontinuingfinancingactivities,otherfinancingactivitiesnet,"Other Financing Activities, Net",+,debit,usd,-2883000.0
Douglas Emmett Inc,DEI,,0001364250,2009.0,Q3,2009-07-01,2009-09-30,,netcashfromfinancingactivities,netcashfromcontinuingfinancingactivities,Net Cash From Continuing Financing Activities,+,debit,usd,-18492000.0
Douglas Emmett Inc,DEI,,0001364250,2009.0,Q3,2009-07-01,2009-09-30,,netchangeincash,netcashfromfinancingactivities,Net Cash From Financing Activities,+,debit,usd,-18492000.0
Douglas Emmett Inc,DEI,,0001364250,2009.0,Q3,2009-07-01,2009-09-30,,,netchangeincash,Net Change in Cash & Equivalents,=,debit,usd,20573000.0
Douglas Emmett Inc,DEI,,0001364250,2009.0,Q4,2009-10-01,2009-12-31,,netincomecontinuing,netincome,Consolidated Net Income / (Loss),+,credit,usd,-11277000.0
Douglas Emmett Inc,DEI,,0001364250,2009.0,Q4,2009-10-01,2009-12-31,,netcashfromcontinuingoperatingactivities,netincomecontinuing,Net Income / (Loss) Continuing Operations,+,credit,usd,-11277000.0
Douglas Emmett Inc,DEI,,0001364250,2009.0,Q4,2009-10-01,2009-12-31,,netcashfromcontinuingoperatingactivities,depreciationexpense,Depreciation Expense,+,debit,usd,54288000.0
Douglas Emmett Inc,DEI,,0001364250,2009.0,Q4,2009-10-01,2009-12-31,,netcashfromcontinuingoperatingactivities,amortizationexpense,Amortization Expense,+,debit,usd,-839000.0
Douglas Emmett Inc,DEI,,0001364250,2009.0,Q4,2009-10-01,2009-12-31,,netcashfromcontinuingoperatingactivities,noncashadjustmentstonetincome,Non-Cash Adjustments to Reconcile Net Income,+,debit,usd,-3405000.0
Douglas Emmett Inc,DEI,,0001364250,2009.0,Q4,2009-10-01,2009-12-31,,netcashfromcontinuingoperatingactivities,increasedecreaseinoperatingcapital,"Changes in Operating Assets and Liabilities, net",+,debit,usd,-3080000.0
Douglas Emmett Inc,DEI,,0001364250,2009.0,Q4,2009-10-01,2009-12-31,,netcashfromoperatingactivities,netcashfromcontinuingoperatingactivities,Net Cash From Continuing Operating Activities,+,debit,usd,35687000.0
Douglas Emmett Inc,DEI,,0001364250,2009.0,Q4,2009-10-01,2009-12-31,,netchangeincash,netcashfromoperatingactivities,Net Cash From Operating Activities,+,debit,usd,35687000.0
Douglas Emmett Inc,DEI,,0001364250,2009.0,Q4,2009-10-01,2009-12-31,,netcashfromcontinuinginvestingactivities,purchaseofinvestments,Purchase of Investment Securities,+,debit,usd,-10885000.0
Douglas Emmett Inc,DEI,,0001364250,2009.0,Q4,2009-10-01,2009-12-31,,netcashfrominvestingactivities,netcashfromcontinuinginvestingactivities,Net Cash From Continuing Investing Activities,+,debit,usd,-10885000.0
Douglas Emmett Inc,DEI,,0001364250,2009.0,Q4,2009-10-01,2009-12-31,,netchangeincash,netcashfrominvestingactivities,Net Cash From Investing Activities,+,debit,usd,-10885000.0
Douglas Emmett Inc,DEI,,0001364250,2009.0,Q4,2009-10-01,2009-12-31,,netcashfromcontinuingfinancingactivities,paymentofdividends,Payment of Dividends,+,debit,usd,-15471000.0
Douglas Emmett Inc,DEI,,0001364250,2009.0,Q4,2009-10-01,2009-12-31,,netcashfromcontinuingfinancingactivities,otherfinancingactivitiesnet,"Other Financing Activities, Net",+,debit,usd,-425000.0
Douglas Emmett Inc,DEI,,0001364250,2009.0,Q4,2009-10-01,2009-12-31,,netcashfromfinancingactivities,netcashfromcontinuingfinancingactivities,Net Cash From Continuing Financing Activities,+,debit,usd,-15896000.0
Douglas Emmett Inc,DEI,,0001364250,2009.0,Q4,2009-10-01,2009-12-31,,netchangeincash,netcashfromfinancingactivities,Net Cash From Financing Activities,+,debit,usd,-15896000.0
Douglas Emmett Inc,DEI,,0001364250,2009.0,Q4,2009-10-01,2009-12-31,,,netchangeincash,Net Change in Cash & Equivalents,=,debit,usd,8906000.0
Douglas Emmett Inc,DEI,,0001364250,2009.0,Q4,2009-10-01,2009-12-31,,,cashinterestpaid,Cash Interest Paid,=,,usd,163244000.0
Douglas Emmett Inc,DEI,,0001364250,2010.0,Q2,2010-04-01,2010-06-30,,netincomecontinuing,netincome,Consolidated Net Income / (Loss),+,credit,usd,-11305000.0
Douglas Emmett Inc,DEI,,0001364250,2010.0,Q2,2010-04-01,2010-06-30,,netcashfromcontinuingoperatingactivities,netincomecontinuing,Net Income / (Loss) Continuing Operations,+,credit,usd,-11305000.0
Douglas Emmett Inc,DEI,,0001364250,2010.0,Q2,2010-04-01,2010-06-30,,netcashfromcontinuingoperatingactivities,depreciationexpense,Depreciation Expense,+,debit,usd,54921000.0
Douglas Emmett Inc,DEI,,0001364250,2010.0,Q2,2010-04-01,2010-06-30,,netcashfromcontinuingoperatingactivities,amortizationexpense,Amortization Expense,+,debit,usd,-913000.0
Douglas Emmett Inc,DEI,,0001364250,2010.0,Q2,2010-04-01,2010-06-30,,netcashfromcontinuingoperatingactivities,noncashadjustmentstonetincome,Non-Cash Adjustments to Reconcile Net Income,+,debit,usd,70000.0
Douglas Emmett Inc,DEI,,0001364250,2010.0,Q2,2010-04-01,2010-06-30,,netcashfromcontinuingoperatingactivities,increasedecreaseinoperatingcapital,"Changes in Operating Assets and Liabilities, net",+,debit,usd,-7896000.0
Douglas Emmett Inc,DEI,,0001364250,2010.0,Q2,2010-04-01,2010-06-30,,netcashfromoperatingactivities,netcashfromcontinuingoperatingactivities,Net Cash From Continuing Operating Activities,+,debit,usd,34877000.0
Douglas Emmett Inc,DEI,,0001364250,2010.0,Q2,2010-04-01,2010-06-30,,netchangeincash,netcashfromoperatingactivities,Net Cash From Operating Activities,+,debit,usd,34877000.0
Douglas Emmett Inc,DEI,,0001364250,2010.0,Q2,2010-04-01,2010-06-30,,netcashfromcontinuinginvestingactivities,purchaseofinvestments,Purchase of Investment Securities,+,debit,usd,-246731000.0
Douglas Emmett Inc,DEI,,0001364250,2010.0,Q2,2010-04-01,2010-06-30,,netcashfrominvestingactivities,netcashfromcontinuinginvestingactivities,Net Cash From Continuing Investing Activities,+,debit,usd,-246731000.0
Douglas Emmett Inc,DEI,,0001364250,2010.0,Q2,2010-04-01,2010-06-30,,netchangeincash,netcashfrominvestingactivities,Net Cash From Investing Activities,+,debit,usd,-246731000.0
Douglas Emmett Inc,DEI,,0001364250,2010.0,Q2,2010-04-01,2010-06-30,,netcashfromcontinuingfinancingactivities,issuanceofdebt,Issuance of Debt,+,debit,usd,154500000.0
Douglas Emmett Inc,DEI,,0001364250,2010.0,Q2,2010-04-01,2010-06-30,,netcashfromcontinuingfinancingactivities,paymentofdividends,Payment of Dividends,+,debit,usd,-15594000.0
Douglas Emmett Inc,DEI,,0001364250,2010.0,Q2,2010-04-01,2010-06-30,,netcashfromcontinuingfinancingactivities,otherfinancingactivitiesnet,"Other Financing Activities, Net",+,debit,usd,-103000.0
Douglas Emmett Inc,DEI,,0001364250,2010.0,Q2,2010-04-01,2010-06-30,,netcashfromfinancingactivities,netcashfromcontinuingfinancingactivities,Net Cash From Continuing Financing Activities,+,debit,usd,138803000.0
Douglas Emmett Inc,DEI,,0001364250,2010.0,Q2,2010-04-01,2010-06-30,,netchangeincash,netcashfromfinancingactivities,Net Cash From Financing Activities,+,debit,usd,138803000.0
Douglas Emmett Inc,DEI,,0001364250,2010.0,Q2,2010-04-01,2010-06-30,,,netchangeincash,Net Change in Cash & Equivalents,=,debit,usd,-73051000.0
Douglas Emmett Inc,DEI,,0001364250,2010.0,Q3,2010-07-01,2010-09-30,,netincomecontinuing,netincome,Consolidated Net Income / (Loss),+,credit,usd,-4743000.0
Douglas Emmett Inc,DEI,,0001364250,2010.0,Q3,2010-07-01,2010-09-30,,netcashfromcontinuingoperatingactivities,netincomecontinuing,Net Income / (Loss) Continuing Operations,+,credit,usd,-4743000.0
Douglas Emmett Inc,DEI,,0001364250,2010.0,Q3,2010-07-01,2010-09-30,,netcashfromcontinuingoperatingactivities,depreciationexpense,Depreciation Expense,+,debit,usd,57621000.0
Douglas Emmett Inc,DEI,,0001364250,2010.0,Q3,2010-07-01,2010-09-30,,netcashfromcontinuingoperatingactivities,amortizationexpense,Amortization Expense,+,debit,usd,-835000.0
Douglas Emmett Inc,DEI,,0001364250,2010.0,Q3,2010-07-01,2010-09-30,,netcashfromcontinuingoperatingactivities,noncashadjustmentstonetincome,Non-Cash Adjustments to Reconcile Net Income,+,debit,usd,-2957000.0
Douglas Emmett Inc,DEI,,0001364250,2010.0,Q3,2010-07-01,2010-09-30,,netcashfromcontinuingoperatingactivities,increasedecreaseinoperatingcapital,"Changes in Operating Assets and Liabilities, net",+,debit,usd,4254000.0
Douglas Emmett Inc,DEI,,0001364250,2010.0,Q3,2010-07-01,2010-09-30,,netcashfromoperatingactivities,netcashfromcontinuingoperatingactivities,Net Cash From Continuing Operating Activities,+,debit,usd,53340000.0
Douglas Emmett Inc,DEI,,0001364250,2010.0,Q3,2010-07-01,2010-09-30,,netchangeincash,netcashfromoperatingactivities,Net Cash From Operating Activities,+,debit,usd,53340000.0
Douglas Emmett Inc,DEI,,0001364250,2010.0,Q3,2010-07-01,2010-09-30,,netcashfromcontinuinginvestingactivities,purchaseofinvestments,Purchase of Investment Securities,+,debit,usd,-18237000.0
Douglas Emmett Inc,DEI,,0001364250,2010.0,Q3,2010-07-01,2010-09-30,,netcashfrominvestingactivities,netcashfromcontinuinginvestingactivities,Net Cash From Continuing Investing Activities,+,debit,usd,-18237000.0
Douglas Emmett Inc,DEI,,0001364250,2010.0,Q3,2010-07-01,2010-09-30,,netchangeincash,netcashfrominvestingactivities,Net Cash From Investing Activities,+,debit,usd,-18237000.0
Douglas Emmett Inc,DEI,,0001364250,2010.0,Q3,2010-07-01,2010-09-30,,netcashfromcontinuingfinancingactivities,issuanceofdebt,Issuance of Debt,+,debit,usd,245500000.0
Douglas Emmett Inc,DEI,,0001364250,2010.0,Q3,2010-07-01,2010-09-30,,netcashfromcontinuingfinancingactivities,paymentofdividends,Payment of Dividends,+,debit,usd,-15593000.0
Douglas Emmett Inc,DEI,,0001364250,2010.0,Q3,2010-07-01,2010-09-30,,netcashfromcontinuingfinancingactivities,otherfinancingactivitiesnet,"Other Financing Activities, Net",+,debit,usd,-4578000.0
Douglas Emmett Inc,DEI,,0001364250,2010.0,Q3,2010-07-01,2010-09-30,,netcashfromfinancingactivities,netcashfromcontinuingfinancingactivities,Net Cash From Continuing Financing Activities,+,debit,usd,225329000.0
Douglas Emmett Inc,DEI,,0001364250,2010.0,Q3,2010-07-01,2010-09-30,,netchangeincash,netcashfromfinancingactivities,Net Cash From Financing Activities,+,debit,usd,225329000.0
Douglas Emmett Inc,DEI,,0001364250,2010.0,Q3,2010-07-01,2010-09-30,,,netchangeincash,Net Change in Cash & Equivalents,=,debit,usd,260432000.0
Douglas Emmett Inc,DEI,,0001364250,2010.0,Q4,2010-10-01,2010-12-31,,netincomecontinuing,netincome,Consolidated Net Income / (Loss),+,credit,usd,-6439000.0
Douglas Emmett Inc,DEI,,0001364250,2010.0,Q4,2010-10-01,2010-12-31,,netcashfromcontinuingoperatingactivities,netincomecontinuing,Net Income / (Loss) Continuing Operations,+,credit,usd,-6439000.0
Douglas Emmett Inc,DEI,,0001364250,2010.0,Q4,2010-10-01,2010-12-31,,netcashfromcontinuingoperatingactivities,depreciationexpense,Depreciation Expense,+,debit,usd,57156000.0
Douglas Emmett Inc,DEI,,0001364250,2010.0,Q4,2010-10-01,2010-12-31,,netcashfromcontinuingoperatingactivities,amortizationexpense,Amortization Expense,+,debit,usd,-273000.0
Douglas Emmett Inc,DEI,,0001364250,2010.0,Q4,2010-10-01,2010-12-31,,netcashfromcontinuingoperatingactivities,noncashadjustmentstonetincome,Non-Cash Adjustments to Reconcile Net Income,+,debit,usd,-4300000.0
Douglas Emmett Inc,DEI,,0001364250,2010.0,Q4,2010-10-01,2010-12-31,,netcashfromcontinuingoperatingactivities,increasedecreaseinoperatingcapital,"Changes in Operating Assets and Liabilities, net",+,debit,usd,5863000.0
Douglas Emmett Inc,DEI,,0001364250,2010.0,Q4,2010-10-01,2010-12-31,,netcashfromoperatingactivities,netcashfromcontinuingoperatingactivities,Net Cash From Continuing Operating Activities,+,debit,usd,52007000.0
Douglas Emmett Inc,DEI,,0001364250,2010.0,Q4,2010-10-01,2010-12-31,,netchangeincash,netcashfromoperatingactivities,Net Cash From Operating Activities,+,debit,usd,52007000.0
Douglas Emmett Inc,DEI,,0001364250,2010.0,Q4,2010-10-01,2010-12-31,,netcashfromcontinuinginvestingactivities,purchaseofinvestments,Purchase of Investment Securities,+,debit,usd,-34177000.0
Douglas Emmett Inc,DEI,,0001364250,2010.0,Q4,2010-10-01,2010-12-31,,netcashfromcontinuinginvestingactivities,saleofinvestments,Sale and/or Maturity of Investments,+,debit,usd,5643000.0
Douglas Emmett Inc,DEI,,0001364250,2010.0,Q4,2010-10-01,2010-12-31,,netcashfrominvestingactivities,netcashfromcontinuinginvestingactivities,Net Cash From Continuing Investing Activities,+,debit,usd,-28534000.0
Douglas Emmett Inc,DEI,,0001364250,2010.0,Q4,2010-10-01,2010-12-31,,netchangeincash,netcashfrominvestingactivities,Net Cash From Investing Activities,+,debit,usd,-28534000.0
Douglas Emmett Inc,DEI,,0001364250,2010.0,Q4,2010-10-01,2010-12-31,,netcashfromcontinuingfinancingactivities,issuanceofdebt,Issuance of Debt,+,debit,usd,388080000.0
Douglas Emmett Inc,DEI,,0001364250,2010.0,Q4,2010-10-01,2010-12-31,,netcashfromcontinuingfinancingactivities,repaymentofdebt,Repayment of Debt,+,debit,usd,-388080000.0
Douglas Emmett Inc,DEI,,0001364250,2010.0,Q4,2010-10-01,2010-12-31,,netcashfromcontinuingfinancingactivities,paymentofdividends,Payment of Dividends,+,debit,usd,-15609000.0
Douglas Emmett Inc,DEI,,0001364250,2010.0,Q4,2010-10-01,2010-12-31,,netcashfromcontinuingfinancingactivities,otherfinancingactivitiesnet,"Other Financing Activities, Net",+,debit,usd,-17126000.0
Douglas Emmett Inc,DEI,,0001364250,2010.0,Q4,2010-10-01,2010-12-31,,netcashfromfinancingactivities,netcashfromcontinuingfinancingactivities,Net Cash From Continuing Financing Activities,+,debit,usd,-32735000.0
Douglas Emmett Inc,DEI,,0001364250,2010.0,Q4,2010-10-01,2010-12-31,,netchangeincash,netcashfromfinancingactivities,Net Cash From Financing Activities,+,debit,usd,-32735000.0
Douglas Emmett Inc,DEI,,0001364250,2010.0,Q4,2010-10-01,2010-12-31,,,netchangeincash,Net Change in Cash & Equivalents,=,debit,usd,-9262000.0
Douglas Emmett Inc,DEI,,0001364250,2010.0,Q4,2010-10-01,2010-12-31,,,cashinterestpaid,Cash Interest Paid,=,,usd,158641000.0
Douglas Emmett Inc,DEI,,0001364250,2011.0,Q2,2011-04-01,2011-06-30,,netincomecontinuing,netincome,Consolidated Net Income / (Loss),+,credit,usd,-6209000.0
Douglas Emmett Inc,DEI,,0001364250,2011.0,Q2,2011-04-01,2011-06-30,,netcashfromcontinuingoperatingactivities,netincomecontinuing,Net Income / (Loss) Continuing Operations,+,credit,usd,-6209000.0
Douglas Emmett Inc,DEI,,0001364250,2011.0,Q2,2011-04-01,2011-06-30,,netcashfromcontinuingoperatingactivities,depreciationexpense,Depreciation Expense,+,debit,usd,57114000.0
Douglas Emmett Inc,DEI,,0001364250,2011.0,Q2,2011-04-01,2011-06-30,,netcashfromcontinuingoperatingactivities,amortizationexpense,Amortization Expense,+,debit,usd,72000.0
Douglas Emmett Inc,DEI,,0001364250,2011.0,Q2,2011-04-01,2011-06-30,,netcashfromcontinuingoperatingactivities,noncashadjustmentstonetincome,Non-Cash Adjustments to Reconcile Net Income,+,debit,usd,-3113000.0
Douglas Emmett Inc,DEI,,0001364250,2011.0,Q2,2011-04-01,2011-06-30,,netcashfromcontinuingoperatingactivities,increasedecreaseinoperatingcapital,"Changes in Operating Assets and Liabilities, net",+,debit,usd,61000.0
Douglas Emmett Inc,DEI,,0001364250,2011.0,Q2,2011-04-01,2011-06-30,,netcashfromoperatingactivities,netcashfromcontinuingoperatingactivities,Net Cash From Continuing Operating Activities,+,debit,usd,47925000.0
Douglas Emmett Inc,DEI,,0001364250,2011.0,Q2,2011-04-01,2011-06-30,,netchangeincash,netcashfromoperatingactivities,Net Cash From Operating Activities,+,debit,usd,47925000.0
Douglas Emmett Inc,DEI,,0001364250,2011.0,Q2,2011-04-01,2011-06-30,,netcashfromcontinuinginvestingactivities,purchaseofinvestments,Purchase of Investment Securities,+,debit,usd,-23296000.0
Douglas Emmett Inc,DEI,,0001364250,2011.0,Q2,2011-04-01,2011-06-30,,netcashfromcontinuinginvestingactivities,saleofinvestments,Sale and/or Maturity of Investments,+,debit,usd,1775000.0
Douglas Emmett Inc,DEI,,0001364250,2011.0,Q2,2011-04-01,2011-06-30,,netcashfrominvestingactivities,netcashfromcontinuinginvestingactivities,Net Cash From Continuing Investing Activities,+,debit,usd,-21521000.0
Douglas Emmett Inc,DEI,,0001364250,2011.0,Q2,2011-04-01,2011-06-30,,netchangeincash,netcashfrominvestingactivities,Net Cash From Investing Activities,+,debit,usd,-21521000.0
Douglas Emmett Inc,DEI,,0001364250,2011.0,Q2,2011-04-01,2011-06-30,,netcashfromcontinuingfinancingactivities,netchangeindeposits,Net Change in Deposits,+,debit,usd,-7100000.0
Douglas Emmett Inc,DEI,,0001364250,2011.0,Q2,2011-04-01,2011-06-30,,netcashfromcontinuingfinancingactivities,issuanceofcommonequity,Issuance of Common Equity,+,debit,usd,21909000.0
Douglas Emmett Inc,DEI,,0001364250,2011.0,Q2,2011-04-01,2011-06-30,,netcashfromcontinuingfinancingactivities,paymentofdividends,Payment of Dividends,+,debit,usd,-15738000.0
Douglas Emmett Inc,DEI,,0001364250,2011.0,Q2,2011-04-01,2011-06-30,,netcashfromcontinuingfinancingactivities,otherfinancingactivitiesnet,"Other Financing Activities, Net",+,debit,usd,-1872000.0
Douglas Emmett Inc,DEI,,0001364250,2011.0,Q2,2011-04-01,2011-06-30,,netcashfromfinancingactivities,netcashfromcontinuingfinancingactivities,Net Cash From Continuing Financing Activities,+,debit,usd,-2801000.0
Douglas Emmett Inc,DEI,,0001364250,2011.0,Q2,2011-04-01,2011-06-30,,netchangeincash,netcashfromfinancingactivities,Net Cash From Financing Activities,+,debit,usd,-2801000.0
Douglas Emmett Inc,DEI,,0001364250,2011.0,Q2,2011-04-01,2011-06-30,,,netchangeincash,Net Change in Cash & Equivalents,=,debit,usd,23603000.0
Douglas Emmett Inc,DEI,,0001364250,2011.0,Q3,2011-07-01,2011-09-30,,netincomecontinuing,netincome,Consolidated Net Income / (Loss),+,credit,usd,4404000.0
Douglas Emmett Inc,DEI,,0001364250,2011.0,Q3,2011-07-01,2011-09-30,,netcashfromcontinuingoperatingactivities,netincomecontinuing,Net Income / (Loss) Continuing Operations,+,credit,usd,4404000.0
Douglas Emmett Inc,DEI,,0001364250,2011.0,Q3,2011-07-01,2011-09-30,,netcashfromcontinuingoperatingactivities,depreciationexpense,Depreciation Expense,+,debit,usd,45872000.0
Douglas Emmett Inc,DEI,,0001364250,2011.0,Q3,2011-07-01,2011-09-30,,netcashfromcontinuingoperatingactivities,amortizationexpense,Amortization Expense,+,debit,usd,-1831000.0
Douglas Emmett Inc,DEI,,0001364250,2011.0,Q3,2011-07-01,2011-09-30,,netcashfromcontinuingoperatingactivities,noncashadjustmentstonetincome,Non-Cash Adjustments to Reconcile Net Income,+,debit,usd,-2817000.0
Douglas Emmett Inc,DEI,,0001364250,2011.0,Q3,2011-07-01,2011-09-30,,netcashfromcontinuingoperatingactivities,increasedecreaseinoperatingcapital,"Changes in Operating Assets and Liabilities, net",+,debit,usd,7849000.0
Douglas Emmett Inc,DEI,,0001364250,2011.0,Q3,2011-07-01,2011-09-30,,netcashfromoperatingactivities,netcashfromcontinuingoperatingactivities,Net Cash From Continuing Operating Activities,+,debit,usd,53477000.0
Douglas Emmett Inc,DEI,,0001364250,2011.0,Q3,2011-07-01,2011-09-30,,netchangeincash,netcashfromoperatingactivities,Net Cash From Operating Activities,+,debit,usd,53477000.0
Douglas Emmett Inc,DEI,,0001364250,2011.0,Q3,2011-07-01,2011-09-30,,netcashfromcontinuinginvestingactivities,purchaseofinvestments,Purchase of Investment Securities,+,debit,usd,-13747000.0
Douglas Emmett Inc,DEI,,0001364250,2011.0,Q3,2011-07-01,2011-09-30,,netcashfromcontinuinginvestingactivities,saleofinvestments,Sale and/or Maturity of Investments,+,debit,usd,1191000.0
Douglas Emmett Inc,DEI,,0001364250,2011.0,Q3,2011-07-01,2011-09-30,,netcashfrominvestingactivities,netcashfromcontinuinginvestingactivities,Net Cash From Continuing Investing Activities,+,debit,usd,-12556000.0
Douglas Emmett Inc,DEI,,0001364250,2011.0,Q3,2011-07-01,2011-09-30,,netchangeincash,netcashfrominvestingactivities,Net Cash From Investing Activities,+,debit,usd,-12556000.0
Douglas Emmett Inc,DEI,,0001364250,2011.0,Q3,2011-07-01,2011-09-30,,netcashfromcontinuingfinancingactivities,netchangeindeposits,Net Change in Deposits,+,debit,usd,7100000.0
Douglas Emmett Inc,DEI,,0001364250,2011.0,Q3,2011-07-01,2011-09-30,,netcashfromcontinuingfinancingactivities,issuanceofdebt,Issuance of Debt,+,debit,usd,885000000.0
Douglas Emmett Inc,DEI,,0001364250,2011.0,Q3,2011-07-01,2011-09-30,,netcashfromcontinuingfinancingactivities,issuanceofcommonequity,Issuance of Common Equity,+,debit,usd,38045000.0
Douglas Emmett Inc,DEI,,0001364250,2011.0,Q3,2011-07-01,2011-09-30,,netcashfromcontinuingfinancingactivities,repaymentofdebt,Repayment of Debt,+,debit,usd,-926644000.0
Douglas Emmett Inc,DEI,,0001364250,2011.0,Q3,2011-07-01,2011-09-30,,netcashfromcontinuingfinancingactivities,paymentofdividends,Payment of Dividends,+,debit,usd,-20712000.0
Douglas Emmett Inc,DEI,,0001364250,2011.0,Q3,2011-07-01,2011-09-30,,netcashfromcontinuingfinancingactivities,otherfinancingactivitiesnet,"Other Financing Activities, Net",+,debit,usd,-6242000.0
Douglas Emmett Inc,DEI,,0001364250,2011.0,Q3,2011-07-01,2011-09-30,,netcashfromfinancingactivities,netcashfromcontinuingfinancingactivities,Net Cash From Continuing Financing Activities,+,debit,usd,-23453000.0
Douglas Emmett Inc,DEI,,0001364250,2011.0,Q3,2011-07-01,2011-09-30,,netchangeincash,netcashfromfinancingactivities,Net Cash From Financing Activities,+,debit,usd,-23453000.0
Douglas Emmett Inc,DEI,,0001364250,2011.0,Q3,2011-07-01,2011-09-30,,,netchangeincash,Net Change in Cash & Equivalents,=,debit,usd,17468000.0
Douglas Emmett Inc,DEI,,0001364250,2011.0,Q4,2011-10-01,2011-12-31,,netincomecontinuing,netincome,Consolidated Net Income / (Loss),+,credit,usd,4408000.0
Douglas Emmett Inc,DEI,,0001364250,2011.0,Q4,2011-10-01,2011-12-31,,netcashfromcontinuingoperatingactivities,netincomecontinuing,Net Income / (Loss) Continuing Operations,+,credit,usd,4408000.0
Douglas Emmett Inc,DEI,,0001364250,2011.0,Q4,2011-10-01,2011-12-31,,netcashfromcontinuingoperatingactivities,depreciationexpense,Depreciation Expense,+,debit,usd,45557000.0
Douglas Emmett Inc,DEI,,0001364250,2011.0,Q4,2011-10-01,2011-12-31,,netcashfromcontinuingoperatingactivities,amortizationexpense,Amortization Expense,+,debit,usd,-19850000.0
Douglas Emmett Inc,DEI,,0001364250,2011.0,Q4,2011-10-01,2011-12-31,,netcashfromcontinuingoperatingactivities,noncashadjustmentstonetincome,Non-Cash Adjustments to Reconcile Net Income,+,debit,usd,18954000.0
Douglas Emmett Inc,DEI,,0001364250,2011.0,Q4,2011-10-01,2011-12-31,,netcashfromcontinuingoperatingactivities,increasedecreaseinoperatingcapital,"Changes in Operating Assets and Liabilities, net",+,debit,usd,-2752000.0
Douglas Emmett Inc,DEI,,0001364250,2011.0,Q4,2011-10-01,2011-12-31,,netcashfromoperatingactivities,netcashfromcontinuingoperatingactivities,Net Cash From Continuing Operating Activities,+,debit,usd,46317000.0
Douglas Emmett Inc,DEI,,0001364250,2011.0,Q4,2011-10-01,2011-12-31,,netchangeincash,netcashfromoperatingactivities,Net Cash From Operating Activities,+,debit,usd,46317000.0
Douglas Emmett Inc,DEI,,0001364250,2011.0,Q4,2011-10-01,2011-12-31,,netcashfromcontinuinginvestingactivities,purchaseofplantpropertyandequipment,"Purchase of Property, Leasehold Improvements and Equipment",+,debit,usd,-55963000.0
Douglas Emmett Inc,DEI,,0001364250,2011.0,Q4,2011-10-01,2011-12-31,,netcashfromcontinuinginvestingactivities,purchaseofinvestments,Purchase of Investment Securities,+,debit,usd,39950000.0
Douglas Emmett Inc,DEI,,0001364250,2011.0,Q4,2011-10-01,2011-12-31,,netcashfromcontinuinginvestingactivities,saleofinvestments,Sale and/or Maturity of Investments,+,debit,usd,138000.0
Douglas Emmett Inc,DEI,,0001364250,2011.0,Q4,2011-10-01,2011-12-31,,netcashfrominvestingactivities,netcashfromcontinuinginvestingactivities,Net Cash From Continuing Investing Activities,+,debit,usd,-15875000.0
Douglas Emmett Inc,DEI,,0001364250,2011.0,Q4,2011-10-01,2011-12-31,,netchangeincash,netcashfrominvestingactivities,Net Cash From Investing Activities,+,debit,usd,-15875000.0
Douglas Emmett Inc,DEI,,0001364250,2011.0,Q4,2011-10-01,2011-12-31,,netcashfromcontinuingfinancingactivities,netchangeindeposits,Net Change in Deposits,+,debit,usd,-1575000.0
Douglas Emmett Inc,DEI,,0001364250,2011.0,Q4,2011-10-01,2011-12-31,,netcashfromcontinuingfinancingactivities,issuanceofcommonequity,Issuance of Common Equity,+,debit,usd,57798000.0
Douglas Emmett Inc,DEI,,0001364250,2011.0,Q4,2011-10-01,2011-12-31,,netcashfromcontinuingfinancingactivities,paymentofdividends,Payment of Dividends,+,debit,usd,-20742000.0
Douglas Emmett Inc,DEI,,0001364250,2011.0,Q4,2011-10-01,2011-12-31,,netcashfromcontinuingfinancingactivities,otherfinancingactivitiesnet,"Other Financing Activities, Net",+,debit,usd,-8553000.0
Douglas Emmett Inc,DEI,,0001364250,2011.0,Q4,2011-10-01,2011-12-31,,netcashfromfinancingactivities,netcashfromcontinuingfinancingactivities,Net Cash From Continuing Financing Activities,+,debit,usd,26928000.0
Douglas Emmett Inc,DEI,,0001364250,2011.0,Q4,2011-10-01,2011-12-31,,netchangeincash,netcashfromfinancingactivities,Net Cash From Financing Activities,+,debit,usd,26928000.0
Douglas Emmett Inc,DEI,,0001364250,2011.0,Q4,2011-10-01,2011-12-31,,,netchangeincash,Net Change in Cash & Equivalents,=,debit,usd,57370000.0
Douglas Emmett Inc,DEI,,0001364250,2011.0,Q4,2011-10-01,2011-12-31,,,cashinterestpaid,Cash Interest Paid,=,,usd,135278000.0
Douglas Emmett Inc,DEI,,0001364250,2012.0,Q2,2012-04-01,2012-06-30,,netincomecontinuing,netincome,Consolidated Net Income / (Loss),+,credit,usd,8075000.0
Douglas Emmett Inc,DEI,,0001364250,2012.0,Q2,2012-04-01,2012-06-30,,netcashfromcontinuingoperatingactivities,netincomecontinuing,Net Income / (Loss) Continuing Operations,+,credit,usd,8075000.0
Douglas Emmett Inc,DEI,,0001364250,2012.0,Q2,2012-04-01,2012-06-30,,netcashfromcontinuingoperatingactivities,depreciationexpense,Depreciation Expense,+,debit,usd,46728000.0
Douglas Emmett Inc,DEI,,0001364250,2012.0,Q2,2012-04-01,2012-06-30,,netcashfromcontinuingoperatingactivities,amortizationexpense,Amortization Expense,+,debit,usd,896000.0
Douglas Emmett Inc,DEI,,0001364250,2012.0,Q2,2012-04-01,2012-06-30,,netcashfromcontinuingoperatingactivities,noncashadjustmentstonetincome,Non-Cash Adjustments to Reconcile Net Income,+,debit,usd,1029000.0
Douglas Emmett Inc,DEI,,0001364250,2012.0,Q2,2012-04-01,2012-06-30,,netcashfromcontinuingoperatingactivities,increasedecreaseinoperatingcapital,"Changes in Operating Assets and Liabilities, net",+,debit,usd,-6999000.0
Douglas Emmett Inc,DEI,,0001364250,2012.0,Q2,2012-04-01,2012-06-30,,netcashfromoperatingactivities,netcashfromcontinuingoperatingactivities,Net Cash From Continuing Operating Activities,+,debit,usd,49729000.0
Douglas Emmett Inc,DEI,,0001364250,2012.0,Q2,2012-04-01,2012-06-30,,netchangeincash,netcashfromoperatingactivities,Net Cash From Operating Activities,+,debit,usd,49729000.0
Douglas Emmett Inc,DEI,,0001364250,2012.0,Q2,2012-04-01,2012-06-30,,netcashfromcontinuinginvestingactivities,purchaseofplantpropertyandequipment,"Purchase of Property, Leasehold Improvements and Equipment",+,debit,usd,-29893000.0
Douglas Emmett Inc,DEI,,0001364250,2012.0,Q2,2012-04-01,2012-06-30,,netcashfromcontinuinginvestingactivities,purchaseofinvestments,Purchase of Investment Securities,+,debit,usd,17669000.0
Douglas Emmett Inc,DEI,,0001364250,2012.0,Q2,2012-04-01,2012-06-30,,netcashfromcontinuinginvestingactivities,saleofinvestments,Sale and/or Maturity of Investments,+,debit,usd,1089000.0
Douglas Emmett Inc,DEI,,0001364250,2012.0,Q2,2012-04-01,2012-06-30,,netcashfrominvestingactivities,netcashfromcontinuinginvestingactivities,Net Cash From Continuing Investing Activities,+,debit,usd,-11135000.0
Douglas Emmett Inc,DEI,,0001364250,2012.0,Q2,2012-04-01,2012-06-30,,netchangeincash,netcashfrominvestingactivities,Net Cash From Investing Activities,+,debit,usd,-11135000.0
Douglas Emmett Inc,DEI,,0001364250,2012.0,Q2,2012-04-01,2012-06-30,,netcashfromcontinuingfinancingactivities,netchangeindeposits,Net Change in Deposits,+,debit,usd,-6270000.0
Douglas Emmett Inc,DEI,,0001364250,2012.0,Q2,2012-04-01,2012-06-30,,netcashfromcontinuingfinancingactivities,paymentofdividends,Payment of Dividends,+,debit,usd,-25784000.0
Douglas Emmett Inc,DEI,,0001364250,2012.0,Q2,2012-04-01,2012-06-30,,netcashfromcontinuingfinancingactivities,otherfinancingactivitiesnet,"Other Financing Activities, Net",+,debit,usd,-43000.0
Douglas Emmett Inc,DEI,,0001364250,2012.0,Q2,2012-04-01,2012-06-30,,netcashfromfinancingactivities,netcashfromcontinuingfinancingactivities,Net Cash From Continuing Financing Activities,+,debit,usd,-32097000.0
Douglas Emmett Inc,DEI,,0001364250,2012.0,Q2,2012-04-01,2012-06-30,,netchangeincash,netcashfromfinancingactivities,Net Cash From Financing Activities,+,debit,usd,-32097000.0
Douglas Emmett Inc,DEI,,0001364250,2012.0,Q2,2012-04-01,2012-06-30,,,netchangeincash,Net Change in Cash & Equivalents,=,debit,usd,6497000.0
Douglas Emmett Inc,DEI,,0001364250,2012.0,Q3,2012-07-01,2012-09-30,,netincomecontinuing,netincome,Consolidated Net Income / (Loss),+,credit,usd,6228000.0
Douglas Emmett Inc,DEI,,0001364250,2012.0,Q3,2012-07-01,2012-09-30,,netcashfromcontinuingoperatingactivities,netincomecontinuing,Net Income / (Loss) Continuing Operations,+,credit,usd,6228000.0
Douglas Emmett Inc,DEI,,0001364250,2012.0,Q3,2012-07-01,2012-09-30,,netcashfromcontinuingoperatingactivities,depreciationexpense,Depreciation Expense,+,debit,usd,46546000.0
Douglas Emmett Inc,DEI,,0001364250,2012.0,Q3,2012-07-01,2012-09-30,,netcashfromcontinuingoperatingactivities,amortizationexpense,Amortization Expense,+,debit,usd,-12725000.0
Douglas Emmett Inc,DEI,,0001364250,2012.0,Q3,2012-07-01,2012-09-30,,netcashfromcontinuingoperatingactivities,noncashadjustmentstonetincome,Non-Cash Adjustments to Reconcile Net Income,+,debit,usd,11469000.0
Douglas Emmett Inc,DEI,,0001364250,2012.0,Q3,2012-07-01,2012-09-30,,netcashfromcontinuingoperatingactivities,increasedecreaseinoperatingcapital,"Changes in Operating Assets and Liabilities, net",+,debit,usd,4600000.0
Douglas Emmett Inc,DEI,,0001364250,2012.0,Q3,2012-07-01,2012-09-30,,netcashfromoperatingactivities,netcashfromcontinuingoperatingactivities,Net Cash From Continuing Operating Activities,+,debit,usd,56118000.0
Douglas Emmett Inc,DEI,,0001364250,2012.0,Q3,2012-07-01,2012-09-30,,netchangeincash,netcashfromoperatingactivities,Net Cash From Operating Activities,+,debit,usd,56118000.0
Douglas Emmett Inc,DEI,,0001364250,2012.0,Q3,2012-07-01,2012-09-30,,netcashfromcontinuinginvestingactivities,purchaseofplantpropertyandequipment,"Purchase of Property, Leasehold Improvements and Equipment",+,debit,usd,-14470000.0
Douglas Emmett Inc,DEI,,0001364250,2012.0,Q3,2012-07-01,2012-09-30,,netcashfromcontinuinginvestingactivities,purchaseofinvestments,Purchase of Investment Securities,+,debit,usd,-6000.0
Douglas Emmett Inc,DEI,,0001364250,2012.0,Q3,2012-07-01,2012-09-30,,netcashfromcontinuinginvestingactivities,saleofinvestments,Sale and/or Maturity of Investments,+,debit,usd,1112000.0
Douglas Emmett Inc,DEI,,0001364250,2012.0,Q3,2012-07-01,2012-09-30,,netcashfrominvestingactivities,netcashfromcontinuinginvestingactivities,Net Cash From Continuing Investing Activities,+,debit,usd,-13364000.0
Douglas Emmett Inc,DEI,,0001364250,2012.0,Q3,2012-07-01,2012-09-30,,netchangeincash,netcashfrominvestingactivities,Net Cash From Investing Activities,+,debit,usd,-13364000.0
Douglas Emmett Inc,DEI,,0001364250,2012.0,Q3,2012-07-01,2012-09-30,,netcashfromcontinuingfinancingactivities,netchangeindeposits,Net Change in Deposits,+,debit,usd,6270000.0
Douglas Emmett Inc,DEI,,0001364250,2012.0,Q3,2012-07-01,2012-09-30,,netcashfromcontinuingfinancingactivities,issuanceofdebt,Issuance of Debt,+,debit,usd,285000000.0
Douglas Emmett Inc,DEI,,0001364250,2012.0,Q3,2012-07-01,2012-09-30,,netcashfromcontinuingfinancingactivities,repaymentofdebt,Repayment of Debt,+,debit,usd,-100000000.0
Douglas Emmett Inc,DEI,,0001364250,2012.0,Q3,2012-07-01,2012-09-30,,netcashfromcontinuingfinancingactivities,paymentofdividends,Payment of Dividends,+,debit,usd,-25660000.0
Douglas Emmett Inc,DEI,,0001364250,2012.0,Q3,2012-07-01,2012-09-30,,netcashfromcontinuingfinancingactivities,otherfinancingactivitiesnet,"Other Financing Activities, Net",+,debit,usd,-1365000.0
Douglas Emmett Inc,DEI,,0001364250,2012.0,Q3,2012-07-01,2012-09-30,,netcashfromfinancingactivities,netcashfromcontinuingfinancingactivities,Net Cash From Continuing Financing Activities,+,debit,usd,164245000.0
Douglas Emmett Inc,DEI,,0001364250,2012.0,Q3,2012-07-01,2012-09-30,,netchangeincash,netcashfromfinancingactivities,Net Cash From Financing Activities,+,debit,usd,164245000.0
Douglas Emmett Inc,DEI,,0001364250,2012.0,Q3,2012-07-01,2012-09-30,,,netchangeincash,Net Change in Cash & Equivalents,=,debit,usd,206999000.0
Douglas Emmett Inc,DEI,,0001364250,2012.0,Q4,2012-10-01,2012-12-31,,netincomecontinuing,netincome,Consolidated Net Income / (Loss),+,credit,usd,7340000.0
Douglas Emmett Inc,DEI,,0001364250,2012.0,Q4,2012-10-01,2012-12-31,,netcashfromcontinuingoperatingactivities,netincomecontinuing,Net Income / (Loss) Continuing Operations,+,credit,usd,7340000.0
Douglas Emmett Inc,DEI,,0001364250,2012.0,Q4,2012-10-01,2012-12-31,,netcashfromcontinuingoperatingactivities,provisionforloanlosses,Provision For Loan Losses,+,debit,usd,-4392000.0
Douglas Emmett Inc,DEI,,0001364250,2012.0,Q4,2012-10-01,2012-12-31,,netcashfromcontinuingoperatingactivities,depreciationexpense,Depreciation Expense,+,debit,usd,45778000.0
Douglas Emmett Inc,DEI,,0001364250,2012.0,Q4,2012-10-01,2012-12-31,,netcashfromcontinuingoperatingactivities,amortizationexpense,Amortization Expense,+,debit,usd,-3209000.0
Douglas Emmett Inc,DEI,,0001364250,2012.0,Q4,2012-10-01,2012-12-31,,netcashfromcontinuingoperatingactivities,noncashadjustmentstonetincome,Non-Cash Adjustments to Reconcile Net Income,+,debit,usd,5544000.0
Douglas Emmett Inc,DEI,,0001364250,2012.0,Q4,2012-10-01,2012-12-31,,netcashfromcontinuingoperatingactivities,increasedecreaseinoperatingcapital,"Changes in Operating Assets and Liabilities, net",+,debit,usd,-6670000.0
Douglas Emmett Inc,DEI,,0001364250,2012.0,Q4,2012-10-01,2012-12-31,,netcashfromoperatingactivities,netcashfromcontinuingoperatingactivities,Net Cash From Continuing Operating Activities,+,debit,usd,44391000.0
Douglas Emmett Inc,DEI,,0001364250,2012.0,Q4,2012-10-01,2012-12-31,,netchangeincash,netcashfromoperatingactivities,Net Cash From Operating Activities,+,debit,usd,44391000.0
Douglas Emmett Inc,DEI,,0001364250,2012.0,Q4,2012-10-01,2012-12-31,,netcashfromcontinuinginvestingactivities,purchaseofplantpropertyandequipment,"Purchase of Property, Leasehold Improvements and Equipment",+,debit,usd,-15795000.0
Douglas Emmett Inc,DEI,,0001364250,2012.0,Q4,2012-10-01,2012-12-31,,netcashfromcontinuinginvestingactivities,saleofinvestments,Sale and/or Maturity of Investments,+,debit,usd,1246000.0
Douglas Emmett Inc,DEI,,0001364250,2012.0,Q4,2012-10-01,2012-12-31,,netcashfrominvestingactivities,netcashfromcontinuinginvestingactivities,Net Cash From Continuing Investing Activities,+,debit,usd,-14549000.0
Douglas Emmett Inc,DEI,,0001364250,2012.0,Q4,2012-10-01,2012-12-31,,netchangeincash,netcashfrominvestingactivities,Net Cash From Investing Activities,+,debit,usd,-14549000.0
Douglas Emmett Inc,DEI,,0001364250,2012.0,Q4,2012-10-01,2012-12-31,,netcashfromcontinuingfinancingactivities,paymentofdividends,Payment of Dividends,+,debit,usd,-25660000.0
Douglas Emmett Inc,DEI,,0001364250,2012.0,Q4,2012-10-01,2012-12-31,,netcashfromcontinuingfinancingactivities,otherfinancingactivitiesnet,"Other Financing Activities, Net",+,debit,usd,-3000.0
Douglas Emmett Inc,DEI,,0001364250,2012.0,Q4,2012-10-01,2012-12-31,,netcashfromfinancingactivities,netcashfromcontinuingfinancingactivities,Net Cash From Continuing Financing Activities,+,debit,usd,-25663000.0
Douglas Emmett Inc,DEI,,0001364250,2012.0,Q4,2012-10-01,2012-12-31,,netchangeincash,netcashfromfinancingactivities,Net Cash From Financing Activities,+,debit,usd,-25663000.0
Douglas Emmett Inc,DEI,,0001364250,2012.0,Q4,2012-10-01,2012-12-31,,,netchangeincash,Net Change in Cash & Equivalents,=,debit,usd,4179000.0
Douglas Emmett Inc,DEI,,0001364250,2012.0,Q4,2012-10-01,2012-12-31,,,cashinterestpaid,Cash Interest Paid,=,,usd,134830000.0
Douglas Emmett Inc,DEI,,0001364250,2013.0,Q2,2013-04-01,2013-06-30,,netincomecontinuing,netincome,Consolidated Net Income / (Loss),+,credit,usd,14978000.0
Douglas Emmett Inc,DEI,,0001364250,2013.0,Q2,2013-04-01,2013-06-30,,netcashfromcontinuingoperatingactivities,netincomecontinuing,Net Income / (Loss) Continuing Operations,+,credit,usd,14978000.0
Douglas Emmett Inc,DEI,,0001364250,2013.0,Q2,2013-04-01,2013-06-30,,netcashfromcontinuingoperatingactivities,depreciationexpense,Depreciation Expense,+,debit,usd,48091000.0
Douglas Emmett Inc,DEI,,0001364250,2013.0,Q2,2013-04-01,2013-06-30,,netcashfromcontinuingoperatingactivities,amortizationexpense,Amortization Expense,+,debit,usd,4967000.0
Douglas Emmett Inc,DEI,,0001364250,2013.0,Q2,2013-04-01,2013-06-30,,netcashfromcontinuingoperatingactivities,noncashadjustmentstonetincome,Non-Cash Adjustments to Reconcile Net Income,+,debit,usd,-8112000.0
Douglas Emmett Inc,DEI,,0001364250,2013.0,Q2,2013-04-01,2013-06-30,,netcashfromcontinuingoperatingactivities,increasedecreaseinoperatingcapital,"Changes in Operating Assets and Liabilities, net",+,debit,usd,-8798000.0
Douglas Emmett Inc,DEI,,0001364250,2013.0,Q2,2013-04-01,2013-06-30,,netcashfromoperatingactivities,netcashfromcontinuingoperatingactivities,Net Cash From Continuing Operating Activities,+,debit,usd,51126000.0
Douglas Emmett Inc,DEI,,0001364250,2013.0,Q2,2013-04-01,2013-06-30,,netchangeincash,netcashfromoperatingactivities,Net Cash From Operating Activities,+,debit,usd,51126000.0
Douglas Emmett Inc,DEI,,0001364250,2013.0,Q2,2013-04-01,2013-06-30,,netcashfromcontinuinginvestingactivities,purchaseofplantpropertyandequipment,"Purchase of Property, Leasehold Improvements and Equipment",+,debit,usd,-16179000.0
Douglas Emmett Inc,DEI,,0001364250,2013.0,Q2,2013-04-01,2013-06-30,,netcashfromcontinuinginvestingactivities,acquisitions,Acquisitions,+,debit,usd,5000000.0
Douglas Emmett Inc,DEI,,0001364250,2013.0,Q2,2013-04-01,2013-06-30,,netcashfromcontinuinginvestingactivities,purchaseofinvestments,Purchase of Investment Securities,+,debit,usd,-118281000.0
Douglas Emmett Inc,DEI,,0001364250,2013.0,Q2,2013-04-01,2013-06-30,,netcashfromcontinuinginvestingactivities,saleofinvestments,Sale and/or Maturity of Investments,+,debit,usd,1050000.0
Douglas Emmett Inc,DEI,,0001364250,2013.0,Q2,2013-04-01,2013-06-30,,netcashfrominvestingactivities,netcashfromcontinuinginvestingactivities,Net Cash From Continuing Investing Activities,+,debit,usd,-128410000.0
Douglas Emmett Inc,DEI,,0001364250,2013.0,Q2,2013-04-01,2013-06-30,,netchangeincash,netcashfrominvestingactivities,Net Cash From Investing Activities,+,debit,usd,-128410000.0
Douglas Emmett Inc,DEI,,0001364250,2013.0,Q2,2013-04-01,2013-06-30,,netcashfromcontinuingfinancingactivities,paymentofdividends,Payment of Dividends,+,debit,usd,-30916000.0
Douglas Emmett Inc,DEI,,0001364250,2013.0,Q2,2013-04-01,2013-06-30,,netcashfromcontinuingfinancingactivities,otherfinancingactivitiesnet,"Other Financing Activities, Net",+,debit,usd,-22000.0
Douglas Emmett Inc,DEI,,0001364250,2013.0,Q2,2013-04-01,2013-06-30,,netcashfromfinancingactivities,netcashfromcontinuingfinancingactivities,Net Cash From Continuing Financing Activities,+,debit,usd,-30938000.0
Douglas Emmett Inc,DEI,,0001364250,2013.0,Q2,2013-04-01,2013-06-30,,netchangeincash,netcashfromfinancingactivities,Net Cash From Financing Activities,+,debit,usd,-30938000.0
Douglas Emmett Inc,DEI,,0001364250,2013.0,Q2,2013-04-01,2013-06-30,,,netchangeincash,Net Change in Cash & Equivalents,=,debit,usd,-108222000.0
Douglas Emmett Inc,DEI,,0001364250,2013.0,Q3,2013-07-01,2013-09-30,,netincomecontinuing,netincome,Consolidated Net Income / (Loss),+,credit,usd,12743000.0
Douglas Emmett Inc,DEI,,0001364250,2013.0,Q3,2013-07-01,2013-09-30,,netcashfromcontinuingoperatingactivities,netincomecontinuing,Net Income / (Loss) Continuing Operations,+,credit,usd,12743000.0
Douglas Emmett Inc,DEI,,0001364250,2013.0,Q3,2013-07-01,2013-09-30,,netcashfromcontinuingoperatingactivities,depreciationexpense,Depreciation Expense,+,debit,usd,47402000.0
Douglas Emmett Inc,DEI,,0001364250,2013.0,Q3,2013-07-01,2013-09-30,,netcashfromcontinuingoperatingactivities,amortizationexpense,Amortization Expense,+,debit,usd,-3035000.0
Douglas Emmett Inc,DEI,,0001364250,2013.0,Q3,2013-07-01,2013-09-30,,netcashfromcontinuingoperatingactivities,noncashadjustmentstonetincome,Non-Cash Adjustments to Reconcile Net Income,+,debit,usd,-1391000.0
Douglas Emmett Inc,DEI,,0001364250,2013.0,Q3,2013-07-01,2013-09-30,,netcashfromcontinuingoperatingactivities,increasedecreaseinoperatingcapital,"Changes in Operating Assets and Liabilities, net",+,debit,usd,11984000.0
Douglas Emmett Inc,DEI,,0001364250,2013.0,Q3,2013-07-01,2013-09-30,,netcashfromoperatingactivities,netcashfromcontinuingoperatingactivities,Net Cash From Continuing Operating Activities,+,debit,usd,67703000.0
Douglas Emmett Inc,DEI,,0001364250,2013.0,Q3,2013-07-01,2013-09-30,,netchangeincash,netcashfromoperatingactivities,Net Cash From Operating Activities,+,debit,usd,67703000.0
Douglas Emmett Inc,DEI,,0001364250,2013.0,Q3,2013-07-01,2013-09-30,,netcashfromcontinuinginvestingactivities,purchaseofplantpropertyandequipment,"Purchase of Property, Leasehold Improvements and Equipment",+,debit,usd,-13976000.0
Douglas Emmett Inc,DEI,,0001364250,2013.0,Q3,2013-07-01,2013-09-30,,netcashfromcontinuinginvestingactivities,purchaseofinvestments,Purchase of Investment Securities,+,debit,usd,-61016000.0
Douglas Emmett Inc,DEI,,0001364250,2013.0,Q3,2013-07-01,2013-09-30,,netcashfromcontinuinginvestingactivities,saleofinvestments,Sale and/or Maturity of Investments,+,debit,usd,2563000.0
Douglas Emmett Inc,DEI,,0001364250,2013.0,Q3,2013-07-01,2013-09-30,,netcashfromcontinuinginvestingactivities,otherinvestingactivitiesnet,"Other Investing Activities, net",+,debit,usd,-211000.0
Douglas Emmett Inc,DEI,,0001364250,2013.0,Q3,2013-07-01,2013-09-30,,netcashfrominvestingactivities,netcashfromcontinuinginvestingactivities,Net Cash From Continuing Investing Activities,+,debit,usd,-72640000.0
Douglas Emmett Inc,DEI,,0001364250,2013.0,Q3,2013-07-01,2013-09-30,,netchangeincash,netcashfrominvestingactivities,Net Cash From Investing Activities,+,debit,usd,-72640000.0
Douglas Emmett Inc,DEI,,0001364250,2013.0,Q3,2013-07-01,2013-09-30,,netcashfromcontinuingfinancingactivities,paymentofdividends,Payment of Dividends,+,debit,usd,-30914000.0
Douglas Emmett Inc,DEI,,0001364250,2013.0,Q3,2013-07-01,2013-09-30,,netcashfromcontinuingfinancingactivities,otherfinancingactivitiesnet,"Other Financing Activities, Net",+,debit,usd,249000.0
Douglas Emmett Inc,DEI,,0001364250,2013.0,Q3,2013-07-01,2013-09-30,,netcashfromfinancingactivities,netcashfromcontinuingfinancingactivities,Net Cash From Continuing Financing Activities,+,debit,usd,-30665000.0
Douglas Emmett Inc,DEI,,0001364250,2013.0,Q3,2013-07-01,2013-09-30,,netchangeincash,netcashfromfinancingactivities,Net Cash From Financing Activities,+,debit,usd,-30665000.0
Douglas Emmett Inc,DEI,,0001364250,2013.0,Q3,2013-07-01,2013-09-30,,,netchangeincash,Net Change in Cash & Equivalents,=,debit,usd,-35602000.0
Douglas Emmett Inc,DEI,,0001364250,2013.0,Q4,2013-10-01,2013-12-31,,netincomecontinuing,netincome,Consolidated Net Income / (Loss),+,credit,usd,10504000.0
Douglas Emmett Inc,DEI,,0001364250,2013.0,Q4,2013-10-01,2013-12-31,,netcashfromcontinuingoperatingactivities,netincomecontinuing,Net Income / (Loss) Continuing Operations,+,credit,usd,10504000.0
Douglas Emmett Inc,DEI,,0001364250,2013.0,Q4,2013-10-01,2013-12-31,,netcashfromcontinuingoperatingactivities,provisionforloanlosses,Provision For Loan Losses,+,debit,usd,-98000.0
Douglas Emmett Inc,DEI,,0001364250,2013.0,Q4,2013-10-01,2013-12-31,,netcashfromcontinuingoperatingactivities,depreciationexpense,Depreciation Expense,+,debit,usd,49823000.0
Douglas Emmett Inc,DEI,,0001364250,2013.0,Q4,2013-10-01,2013-12-31,,netcashfromcontinuingoperatingactivities,amortizationexpense,Amortization Expense,+,debit,usd,-2481000.0
Douglas Emmett Inc,DEI,,0001364250,2013.0,Q4,2013-10-01,2013-12-31,,netcashfromcontinuingoperatingactivities,noncashadjustmentstonetincome,Non-Cash Adjustments to Reconcile Net Income,+,debit,usd,3739000.0
Douglas Emmett Inc,DEI,,0001364250,2013.0,Q4,2013-10-01,2013-12-31,,netcashfromcontinuingoperatingactivities,increasedecreaseinoperatingcapital,"Changes in Operating Assets and Liabilities, net",+,debit,usd,-8674000.0
Douglas Emmett Inc,DEI,,0001364250,2013.0,Q4,2013-10-01,2013-12-31,,netcashfromoperatingactivities,netcashfromcontinuingoperatingactivities,Net Cash From Continuing Operating Activities,+,debit,usd,52813000.0
Douglas Emmett Inc,DEI,,0001364250,2013.0,Q4,2013-10-01,2013-12-31,,netchangeincash,netcashfromoperatingactivities,Net Cash From Operating Activities,+,debit,usd,52818000.0
Douglas Emmett Inc,DEI,,0001364250,2013.0,Q4,2013-10-01,2013-12-31,,netcashfromcontinuinginvestingactivities,purchaseofplantpropertyandequipment,"Purchase of Property, Leasehold Improvements and Equipment",+,debit,usd,-17210000.0
Douglas Emmett Inc,DEI,,0001364250,2013.0,Q4,2013-10-01,2013-12-31,,netcashfromcontinuinginvestingactivities,saleofinvestments,Sale and/or Maturity of Investments,+,debit,usd,3407000.0
Douglas Emmett Inc,DEI,,0001364250,2013.0,Q4,2013-10-01,2013-12-31,,netcashfromcontinuinginvestingactivities,otherinvestingactivitiesnet,"Other Investing Activities, net",+,debit,usd,-338000.0
Douglas Emmett Inc,DEI,,0001364250,2013.0,Q4,2013-10-01,2013-12-31,,netcashfrominvestingactivities,netcashfromcontinuinginvestingactivities,Net Cash From Continuing Investing Activities,+,debit,usd,-14141000.0
Douglas Emmett Inc,DEI,,0001364250,2013.0,Q4,2013-10-01,2013-12-31,,netchangeincash,netcashfrominvestingactivities,Net Cash From Investing Activities,+,debit,usd,-14141000.0
Douglas Emmett Inc,DEI,,0001364250,2013.0,Q4,2013-10-01,2013-12-31,,netcashfromcontinuingfinancingactivities,issuanceofdebt,Issuance of Debt,+,debit,usd,40000000.0
Douglas Emmett Inc,DEI,,0001364250,2013.0,Q4,2013-10-01,2013-12-31,,netcashfromcontinuingfinancingactivities,repaymentofdebt,Repayment of Debt,+,debit,usd,-150000000.0
Douglas Emmett Inc,DEI,,0001364250,2013.0,Q4,2013-10-01,2013-12-31,,netcashfromcontinuingfinancingactivities,paymentofdividends,Payment of Dividends,+,debit,usd,-30912000.0
Douglas Emmett Inc,DEI,,0001364250,2013.0,Q4,2013-10-01,2013-12-31,,netcashfromcontinuingfinancingactivities,otherfinancingactivitiesnet,"Other Financing Activities, Net",+,debit,usd,-2370000.0
Douglas Emmett Inc,DEI,,0001364250,2013.0,Q4,2013-10-01,2013-12-31,,netcashfromfinancingactivities,netcashfromcontinuingfinancingactivities,Net Cash From Continuing Financing Activities,+,debit,usd,-143282000.0
Douglas Emmett Inc,DEI,,0001364250,2013.0,Q4,2013-10-01,2013-12-31,,netchangeincash,netcashfromfinancingactivities,Net Cash From Financing Activities,+,debit,usd,-143282000.0
Douglas Emmett Inc,DEI,,0001364250,2013.0,Q4,2013-10-01,2013-12-31,,,netchangeincash,Net Change in Cash & Equivalents,=,debit,usd,-104605000.0
Douglas Emmett Inc,DEI,,0001364250,2013.0,Q4,2013-10-01,2013-12-31,,,cashinterestpaid,Cash Interest Paid,=,,usd,127185000.0
Douglas Emmett Inc,DEI,,0001364250,2014.0,Q1,2014-01-01,2014-03-31,2015-05-08 16:00:43+00:00,netincomecontinuing,netincome,Consolidated Net Income / (Loss),+,credit,usd,15458000.0
Douglas Emmett Inc,DEI,,0001364250,2014.0,Q1,2014-01-01,2014-03-31,2015-05-08 16:00:43+00:00,netcashfromcontinuingoperatingactivities,netincomecontinuing,Net Income / (Loss) Continuing Operations,+,credit,usd,15458000.0
Douglas Emmett Inc,DEI,,0001364250,2014.0,Q1,2014-01-01,2014-03-31,2015-05-08 16:00:43+00:00,netcashfromcontinuingoperatingactivities,provisionforloanlosses,Provision For Loan Losses,+,debit,usd,12000.0
Douglas Emmett Inc,DEI,,0001364250,2014.0,Q1,2014-01-01,2014-03-31,2015-05-08 16:00:43+00:00,netcashfromcontinuingoperatingactivities,depreciationexpense,Depreciation Expense,+,debit,usd,50199000.0
Douglas Emmett Inc,DEI,,0001364250,2014.0,Q1,2014-01-01,2014-03-31,2015-05-08 16:00:43+00:00,netcashfromcontinuingoperatingactivities,amortizationexpense,Amortization Expense,+,debit,usd,-2551000.0
Douglas Emmett Inc,DEI,,0001364250,2014.0,Q1,2014-01-01,2014-03-31,2015-05-08 16:00:43+00:00,netcashfromcontinuingoperatingactivities,noncashadjustmentstonetincome,Non-Cash Adjustments to Reconcile Net Income,+,debit,usd,-3528000.0
Douglas Emmett Inc,DEI,,0001364250,2014.0,Q1,2014-01-01,2014-03-31,2015-05-08 16:00:43+00:00,netcashfromcontinuingoperatingactivities,increasedecreaseinoperatingcapital,"Changes in Operating Assets and Liabilities, net",+,debit,usd,13845000.0
Douglas Emmett Inc,DEI,,0001364250,2014.0,Q1,2014-01-01,2014-03-31,2015-05-08 16:00:43+00:00,netcashfromoperatingactivities,netcashfromcontinuingoperatingactivities,Net Cash From Continuing Operating Activities,+,debit,usd,73435000.0
Douglas Emmett Inc,DEI,,0001364250,2014.0,Q1,2014-01-01,2014-03-31,2015-05-08 16:00:43+00:00,netchangeincash,netcashfromoperatingactivities,Net Cash From Operating Activities,+,debit,usd,73435000.0
Douglas Emmett Inc,DEI,,0001364250,2014.0,Q1,2014-01-01,2014-03-31,2015-05-08 16:00:43+00:00,netcashfromcontinuinginvestingactivities,purchaseofplantpropertyandequipment,"Purchase of Property, Leasehold Improvements and Equipment",+,debit,usd,-20246000.0
Douglas Emmett Inc,DEI,,0001364250,2014.0,Q1,2014-01-01,2014-03-31,2015-05-08 16:00:43+00:00,netcashfromcontinuinginvestingactivities,purchaseofinvestments,Purchase of Investment Securities,+,debit,usd,0.0
Douglas Emmett Inc,DEI,,0001364250,2014.0,Q1,2014-01-01,2014-03-31,2015-05-08 16:00:43+00:00,netcashfromcontinuinginvestingactivities,saleofinvestments,Sale and/or Maturity of Investments,+,debit,usd,3743000.0
Douglas Emmett Inc,DEI,,0001364250,2014.0,Q1,2014-01-01,2014-03-31,2015-05-08 16:00:43+00:00,netcashfromcontinuinginvestingactivities,otherinvestingactivitiesnet,"Other Investing Activities, net",+,debit,usd,-28226000.0
Douglas Emmett Inc,DEI,,0001364250,2014.0,Q1,2014-01-01,2014-03-31,2015-05-08 16:00:43+00:00,netcashfrominvestingactivities,netcashfromcontinuinginvestingactivities,Net Cash From Continuing Investing Activities,+,debit,usd,-44729000.0
Douglas Emmett Inc,DEI,,0001364250,2014.0,Q1,2014-01-01,2014-03-31,2015-05-08 16:00:43+00:00,netchangeincash,netcashfrominvestingactivities,Net Cash From Investing Activities,+,debit,usd,-44729000.0
Douglas Emmett Inc,DEI,,0001364250,2014.0,Q1,2014-01-01,2014-03-31,2015-05-08 16:00:43+00:00,netcashfromcontinuingfinancingactivities,issuanceofdebt,Issuance of Debt,+,debit,usd,0.0
Douglas Emmett Inc,DEI,,0001364250,2014.0,Q1,2014-01-01,2014-03-31,2015-05-08 16:00:43+00:00,netcashfromcontinuingfinancingactivities,repaymentofdebt,Repayment of Debt,+,debit,usd,-20500000.0
Douglas Emmett Inc,DEI,,0001364250,2014.0,Q1,2014-01-01,2014-03-31,2015-05-08 16:00:43+00:00,netcashfromcontinuingfinancingactivities,paymentofdividends,Payment of Dividends,+,debit,usd,-34479000.0
Douglas Emmett Inc,DEI,,0001364250,2014.0,Q1,2014-01-01,2014-03-31,2015-05-08 16:00:43+00:00,netcashfromcontinuingfinancingactivities,otherfinancingactivitiesnet,"Other Financing Activities, Net",+,debit,usd,-5513000.0
Douglas Emmett Inc,DEI,,0001364250,2014.0,Q1,2014-01-01,2014-03-31,2015-05-08 16:00:43+00:00,netcashfromfinancingactivities,netcashfromcontinuingfinancingactivities,Net Cash From Continuing Financing Activities,+,debit,usd,-60492000.0
Douglas Emmett Inc,DEI,,0001364250,2014.0,Q1,2014-01-01,2014-03-31,2015-05-08 16:00:43+00:00,netchangeincash,netcashfromfinancingactivities,Net Cash From Financing Activities,+,debit,usd,-60492000.0
Douglas Emmett Inc,DEI,,0001364250,2014.0,Q1,2014-01-01,2014-03-31,2015-05-08 16:00:43+00:00,,netchangeincash,Net Change in Cash & Equivalents,=,debit,usd,-31786000.0
Douglas Emmett Inc,DEI,,0001364250,2014.0,Q1,2014-01-01,2014-03-31,2015-05-08 16:00:43+00:00,,cashinterestpaid,Cash Interest Paid,=,,usd,30806000.0
Douglas Emmett Inc,DEI,,0001364250,2014.0,Q2,2014-04-01,2014-06-30,,netincomecontinuing,netincome,Consolidated Net Income / (Loss),+,credit,usd,15917000.0
Douglas Emmett Inc,DEI,,0001364250,2014.0,Q2,2014-04-01,2014-06-30,,netcashfromcontinuingoperatingactivities,netincomecontinuing,Net Income / (Loss) Continuing Operations,+,credit,usd,15917000.0
Douglas Emmett Inc,DEI,,0001364250,2014.0,Q2,2014-04-01,2014-06-30,,netcashfromcontinuingoperatingactivities,provisionforloanlosses,Provision For Loan Losses,+,debit,usd,-1535000.0
Douglas Emmett Inc,DEI,,0001364250,2014.0,Q2,2014-04-01,2014-06-30,,netcashfromcontinuingoperatingactivities,depreciationexpense,Depreciation Expense,+,debit,usd,50939000.0
Douglas Emmett Inc,DEI,,0001364250,2014.0,Q2,2014-04-01,2014-06-30,,netcashfromcontinuingoperatingactivities,amortizationexpense,Amortization Expense,+,debit,usd,-2538000.0
Douglas Emmett Inc,DEI,,0001364250,2014.0,Q2,2014-04-01,2014-06-30,,netcashfromcontinuingoperatingactivities,noncashadjustmentstonetincome,Non-Cash Adjustments to Reconcile Net Income,+,debit,usd,-1230000.0
Douglas Emmett Inc,DEI,,0001364250,2014.0,Q2,2014-04-01,2014-06-30,,netcashfromcontinuingoperatingactivities,increasedecreaseinoperatingcapital,"Changes in Operating Assets and Liabilities, net",+,debit,usd,-8186000.0
Douglas Emmett Inc,DEI,,0001364250,2014.0,Q2,2014-04-01,2014-06-30,,netcashfromoperatingactivities,netcashfromcontinuingoperatingactivities,Net Cash From Continuing Operating Activities,+,debit,usd,53367000.0
Douglas Emmett Inc,DEI,,0001364250,2014.0,Q2,2014-04-01,2014-06-30,,netchangeincash,netcashfromoperatingactivities,Net Cash From Operating Activities,+,debit,usd,53367000.0
Douglas Emmett Inc,DEI,,0001364250,2014.0,Q2,2014-04-01,2014-06-30,,netcashfromcontinuinginvestingactivities,purchaseofplantpropertyandequipment,"Purchase of Property, Leasehold Improvements and Equipment",+,debit,usd,-22150000.0
Douglas Emmett Inc,DEI,,0001364250,2014.0,Q2,2014-04-01,2014-06-30,,netcashfromcontinuinginvestingactivities,saleofinvestments,Sale and/or Maturity of Investments,+,debit,usd,6494000.0
Douglas Emmett Inc,DEI,,0001364250,2014.0,Q2,2014-04-01,2014-06-30,,netcashfromcontinuinginvestingactivities,otherinvestingactivitiesnet,"Other Investing Activities, net",+,debit,usd,-558000.0
Douglas Emmett Inc,DEI,,0001364250,2014.0,Q2,2014-04-01,2014-06-30,,netcashfrominvestingactivities,netcashfromcontinuinginvestingactivities,Net Cash From Continuing Investing Activities,+,debit,usd,-16214000.0
Douglas Emmett Inc,DEI,,0001364250,2014.0,Q2,2014-04-01,2014-06-30,,netchangeincash,netcashfrominvestingactivities,Net Cash From Investing Activities,+,debit,usd,-16214000.0
Douglas Emmett Inc,DEI,,0001364250,2014.0,Q2,2014-04-01,2014-06-30,,netcashfromcontinuingfinancingactivities,issuanceofdebt,Issuance of Debt,+,debit,usd,101000000.0
Douglas Emmett Inc,DEI,,0001364250,2014.0,Q2,2014-04-01,2014-06-30,,netcashfromcontinuingfinancingactivities,repaymentofdebt,Repayment of Debt,+,debit,usd,-101430000.0
Douglas Emmett Inc,DEI,,0001364250,2014.0,Q2,2014-04-01,2014-06-30,,netcashfromcontinuingfinancingactivities,paymentofdividends,Payment of Dividends,+,debit,usd,-34458000.0
Douglas Emmett Inc,DEI,,0001364250,2014.0,Q2,2014-04-01,2014-06-30,,netcashfromcontinuingfinancingactivities,otherfinancingactivitiesnet,"Other Financing Activities, Net",+,debit,usd,-1900000.0
Douglas Emmett Inc,DEI,,0001364250,2014.0,Q2,2014-04-01,2014-06-30,,netcashfromfinancingactivities,netcashfromcontinuingfinancingactivities,Net Cash From Continuing Financing Activities,+,debit,usd,-36788000.0
Douglas Emmett Inc,DEI,,0001364250,2014.0,Q2,2014-04-01,2014-06-30,,netchangeincash,netcashfromfinancingactivities,Net Cash From Financing Activities,+,debit,usd,-36788000.0
Douglas Emmett Inc,DEI,,0001364250,2014.0,Q2,2014-04-01,2014-06-30,,,netchangeincash,Net Change in Cash & Equivalents,=,debit,usd,365000.0
Douglas Emmett Inc,DEI,,0001364250,2014.0,Q2,2014-04-01,2014-06-30,,,cashinterestpaid,Cash Interest Paid,=,,usd,31054000.0
Douglas Emmett Inc,DEI,,0001364250,2014.0,Q3,2014-07-01,2014-09-30,,netincomecontinuing,netincome,Consolidated Net Income / (Loss),+,credit,usd,8681000.0
Douglas Emmett Inc,DEI,,0001364250,2014.0,Q3,2014-07-01,2014-09-30,,netcashfromcontinuingoperatingactivities,netincomecontinuing,Net Income / (Loss) Continuing Operations,+,credit,usd,8681000.0
Douglas Emmett Inc,DEI,,0001364250,2014.0,Q3,2014-07-01,2014-09-30,,netcashfromcontinuingoperatingactivities,provisionforloanlosses,Provision For Loan Losses,+,debit,usd,1541000.0
Douglas Emmett Inc,DEI,,0001364250,2014.0,Q3,2014-07-01,2014-09-30,,netcashfromcontinuingoperatingactivities,depreciationexpense,Depreciation Expense,+,debit,usd,50111000.0
Douglas Emmett Inc,DEI,,0001364250,2014.0,Q3,2014-07-01,2014-09-30,,netcashfromcontinuingoperatingactivities,amortizationexpense,Amortization Expense,+,debit,usd,-2390000.0
Douglas Emmett Inc,DEI,,0001364250,2014.0,Q3,2014-07-01,2014-09-30,,netcashfromcontinuingoperatingactivities,noncashadjustmentstonetincome,Non-Cash Adjustments to Reconcile Net Income,+,debit,usd,-2731000.0
Douglas Emmett Inc,DEI,,0001364250,2014.0,Q3,2014-07-01,2014-09-30,,netcashfromcontinuingoperatingactivities,increasedecreaseinoperatingcapital,"Changes in Operating Assets and Liabilities, net",+,debit,usd,12695000.0
Douglas Emmett Inc,DEI,,0001364250,2014.0,Q3,2014-07-01,2014-09-30,,netcashfromoperatingactivities,netcashfromcontinuingoperatingactivities,Net Cash From Continuing Operating Activities,+,debit,usd,67907000.0
Douglas Emmett Inc,DEI,,0001364250,2014.0,Q3,2014-07-01,2014-09-30,,netchangeincash,netcashfromoperatingactivities,Net Cash From Operating Activities,+,debit,usd,67907000.0
Douglas Emmett Inc,DEI,,0001364250,2014.0,Q3,2014-07-01,2014-09-30,,netcashfromcontinuinginvestingactivities,purchaseofplantpropertyandequipment,"Purchase of Property, Leasehold Improvements and Equipment",+,debit,usd,-20882000.0
Douglas Emmett Inc,DEI,,0001364250,2014.0,Q3,2014-07-01,2014-09-30,,netcashfromcontinuinginvestingactivities,acquisitions,Acquisitions,+,debit,usd,-3000000.0
Douglas Emmett Inc,DEI,,0001364250,2014.0,Q3,2014-07-01,2014-09-30,,netcashfromcontinuinginvestingactivities,saleofinvestments,Sale and/or Maturity of Investments,+,debit,usd,3545000.0
Douglas Emmett Inc,DEI,,0001364250,2014.0,Q3,2014-07-01,2014-09-30,,netcashfromcontinuinginvestingactivities,otherinvestingactivitiesnet,"Other Investing Activities, net",+,debit,usd,-1815000.0
Douglas Emmett Inc,DEI,,0001364250,2014.0,Q3,2014-07-01,2014-09-30,,netcashfrominvestingactivities,netcashfromcontinuinginvestingactivities,Net Cash From Continuing Investing Activities,+,debit,usd,-22152000.0
Douglas Emmett Inc,DEI,,0001364250,2014.0,Q3,2014-07-01,2014-09-30,,netchangeincash,netcashfrominvestingactivities,Net Cash From Investing Activities,+,debit,usd,-22152000.0
Douglas Emmett Inc,DEI,,0001364250,2014.0,Q3,2014-07-01,2014-09-30,,netcashfromcontinuingfinancingactivities,netchangeindeposits,Net Change in Deposits,+,debit,usd,-1550000.0
Douglas Emmett Inc,DEI,,0001364250,2014.0,Q3,2014-07-01,2014-09-30,,netcashfromcontinuingfinancingactivities,issuanceofdebt,Issuance of Debt,+,debit,usd,88000000.0
Douglas Emmett Inc,DEI,,0001364250,2014.0,Q3,2014-07-01,2014-09-30,,netcashfromcontinuingfinancingactivities,repaymentofdebt,Repayment of Debt,+,debit,usd,-98000000.0
Douglas Emmett Inc,DEI,,0001364250,2014.0,Q3,2014-07-01,2014-09-30,,netcashfromcontinuingfinancingactivities,paymentofdividends,Payment of Dividends,+,debit,usd,-34458000.0
Douglas Emmett Inc,DEI,,0001364250,2014.0,Q3,2014-07-01,2014-09-30,,netcashfromcontinuingfinancingactivities,otherfinancingactivitiesnet,"Other Financing Activities, Net",+,debit,usd,-65000.0
Douglas Emmett Inc,DEI,,0001364250,2014.0,Q3,2014-07-01,2014-09-30,,netcashfromfinancingactivities,netcashfromcontinuingfinancingactivities,Net Cash From Continuing Financing Activities,+,debit,usd,-46073000.0
Douglas Emmett Inc,DEI,,0001364250,2014.0,Q3,2014-07-01,2014-09-30,,netchangeincash,netcashfromfinancingactivities,Net Cash From Financing Activities,+,debit,usd,-46073000.0
Douglas Emmett Inc,DEI,,0001364250,2014.0,Q3,2014-07-01,2014-09-30,,,netchangeincash,Net Change in Cash & Equivalents,=,debit,usd,-318000.0
Douglas Emmett Inc,DEI,,0001364250,2014.0,Q3,2014-07-01,2014-09-30,,,cashinterestpaid,Cash Interest Paid,=,,usd,31140000.0
Douglas Emmett Inc,DEI,,0001364250,2014.0,Q4,2014-10-01,2014-12-31,,netincomecontinuing,netincome,Consolidated Net Income / (Loss),+,credit,usd,12798000.0
Douglas Emmett Inc,DEI,,0001364250,2014.0,Q4,2014-10-01,2014-12-31,,netcashfromcontinuingoperatingactivities,netincomecontinuing,Net Income / (Loss) Continuing Operations,+,credit,usd,12798000.0
Douglas Emmett Inc,DEI,,0001364250,2014.0,Q4,2014-10-01,2014-12-31,,netcashfromcontinuingoperatingactivities,provisionforloanlosses,Provision For Loan Losses,+,debit,usd,-479000.0
Douglas Emmett Inc,DEI,,0001364250,2014.0,Q4,2014-10-01,2014-12-31,,netcashfromcontinuingoperatingactivities,depreciationexpense,Depreciation Expense,+,debit,usd,51263000.0
Douglas Emmett Inc,DEI,,0001364250,2014.0,Q4,2014-10-01,2014-12-31,,netcashfromcontinuingoperatingactivities,amortizationexpense,Amortization Expense,+,debit,usd,-4508000.0
Douglas Emmett Inc,DEI,,0001364250,2014.0,Q4,2014-10-01,2014-12-31,,netcashfromcontinuingoperatingactivities,noncashadjustmentstonetincome,Non-Cash Adjustments to Reconcile Net Income,+,debit,usd,6501000.0
Douglas Emmett Inc,DEI,,0001364250,2014.0,Q4,2014-10-01,2014-12-31,,netcashfromcontinuingoperatingactivities,increasedecreaseinoperatingcapital,"Changes in Operating Assets and Liabilities, net",+,debit,usd,-13569000.0
Douglas Emmett Inc,DEI,,0001364250,2014.0,Q4,2014-10-01,2014-12-31,,netcashfromoperatingactivities,netcashfromcontinuingoperatingactivities,Net Cash From Continuing Operating Activities,+,debit,usd,52006000.0
Douglas Emmett Inc,DEI,,0001364250,2014.0,Q4,2014-10-01,2014-12-31,,netchangeincash,netcashfromoperatingactivities,Net Cash From Operating Activities,+,debit,usd,52006000.0
Douglas Emmett Inc,DEI,,0001364250,2014.0,Q4,2014-10-01,2014-12-31,,netcashfromcontinuinginvestingactivities,purchaseofplantpropertyandequipment,"Purchase of Property, Leasehold Improvements and Equipment",+,debit,usd,-21166000.0
Douglas Emmett Inc,DEI,,0001364250,2014.0,Q4,2014-10-01,2014-12-31,,netcashfromcontinuinginvestingactivities,acquisitions,Acquisitions,+,debit,usd,500000.0
Douglas Emmett Inc,DEI,,0001364250,2014.0,Q4,2014-10-01,2014-12-31,,netcashfromcontinuinginvestingactivities,purchaseofinvestments,Purchase of Investment Securities,+,debit,usd,-220469000.0
Douglas Emmett Inc,DEI,,0001364250,2014.0,Q4,2014-10-01,2014-12-31,,netcashfromcontinuinginvestingactivities,saleofinvestments,Sale and/or Maturity of Investments,+,debit,usd,5425000.0
Douglas Emmett Inc,DEI,,0001364250,2014.0,Q4,2014-10-01,2014-12-31,,netcashfromcontinuinginvestingactivities,otherinvestingactivitiesnet,"Other Investing Activities, net",+,debit,usd,-866000.0
Douglas Emmett Inc,DEI,,0001364250,2014.0,Q4,2014-10-01,2014-12-31,,netcashfrominvestingactivities,netcashfromcontinuinginvestingactivities,Net Cash From Continuing Investing Activities,+,debit,usd,-236576000.0
Douglas Emmett Inc,DEI,,0001364250,2014.0,Q4,2014-10-01,2014-12-31,,netchangeincash,netcashfrominvestingactivities,Net Cash From Investing Activities,+,debit,usd,-236870000.0
Douglas Emmett Inc,DEI,,0001364250,2014.0,Q4,2014-10-01,2014-12-31,,netcashfromcontinuingfinancingactivities,netchangeindeposits,Net Change in Deposits,+,debit,usd,1550000.0
Douglas Emmett Inc,DEI,,0001364250,2014.0,Q4,2014-10-01,2014-12-31,,netcashfromcontinuingfinancingactivities,issuanceofdebt,Issuance of Debt,+,debit,usd,362000000.0
Douglas Emmett Inc,DEI,,0001364250,2014.0,Q4,2014-10-01,2014-12-31,,netcashfromcontinuingfinancingactivities,repaymentofdebt,Repayment of Debt,+,debit,usd,-136920000.0
Douglas Emmett Inc,DEI,,0001364250,2014.0,Q4,2014-10-01,2014-12-31,,netcashfromcontinuingfinancingactivities,paymentofdividends,Payment of Dividends,+,debit,usd,-34457000.0
Douglas Emmett Inc,DEI,,0001364250,2014.0,Q4,2014-10-01,2014-12-31,,netcashfromcontinuingfinancingactivities,otherfinancingactivitiesnet,"Other Financing Activities, Net",+,debit,usd,-929000.0
Douglas Emmett Inc,DEI,,0001364250,2014.0,Q4,2014-10-01,2014-12-31,,netcashfromfinancingactivities,netcashfromcontinuingfinancingactivities,Net Cash From Continuing Financing Activities,+,debit,usd,191244000.0
Douglas Emmett Inc,DEI,,0001364250,2014.0,Q4,2014-10-01,2014-12-31,,netchangeincash,netcashfromfinancingactivities,Net Cash From Financing Activities,+,debit,usd,191220000.0
Douglas Emmett Inc,DEI,,0001364250,2014.0,Q4,2014-10-01,2014-12-31,,,netchangeincash,Net Change in Cash & Equivalents,=,debit,usd,6356000.0
Douglas Emmett Inc,DEI,,0001364250,2014.0,Q4,2014-10-01,2014-12-31,,,cashinterestpaid,Cash Interest Paid,=,,usd,30967000.0
Douglas Emmett Inc,DEI,,0001364250,2015.0,Q1,2015-01-01,2015-03-31,2016-05-06 16:19:10+00:00,netincomecontinuing,netincome,Consolidated Net Income / (Loss),+,credit,usd,22096000.0
Douglas Emmett Inc,DEI,,0001364250,2015.0,Q1,2015-01-01,2015-03-31,2016-05-06 16:19:10+00:00,netcashfromcontinuingoperatingactivities,netincomecontinuing,Net Income / (Loss) Continuing Operations,+,credit,usd,22096000.0
Douglas Emmett Inc,DEI,,0001364250,2015.0,Q1,2015-01-01,2015-03-31,2016-05-06 16:19:10+00:00,netcashfromcontinuingoperatingactivities,provisionforloanlosses,Provision For Loan Losses,+,debit,usd,-135000.0
Douglas Emmett Inc,DEI,,0001364250,2015.0,Q1,2015-01-01,2015-03-31,2016-05-06 16:19:10+00:00,netcashfromcontinuingoperatingactivities,depreciationexpense,Depreciation Expense,+,debit,usd,49834000.0
Douglas Emmett Inc,DEI,,0001364250,2015.0,Q1,2015-01-01,2015-03-31,2016-05-06 16:19:10+00:00,netcashfromcontinuingoperatingactivities,amortizationexpense,Amortization Expense,+,debit,usd,-8000000.0
Douglas Emmett Inc,DEI,,0001364250,2015.0,Q1,2015-01-01,2015-03-31,2016-05-06 16:19:10+00:00,netcashfromcontinuingoperatingactivities,noncashadjustmentstonetincome,Non-Cash Adjustments to Reconcile Net Income,+,debit,usd,-1435000.0
Douglas Emmett Inc,DEI,,0001364250,2015.0,Q1,2015-01-01,2015-03-31,2016-05-06 16:19:10+00:00,netcashfromcontinuingoperatingactivities,increasedecreaseinoperatingcapital,"Changes in Operating Assets and Liabilities, net",+,debit,usd,10593000.0
Douglas Emmett Inc,DEI,,0001364250,2015.0,Q1,2015-01-01,2015-03-31,2016-05-06 16:19:10+00:00,netcashfromoperatingactivities,netcashfromcontinuingoperatingactivities,Net Cash From Continuing Operating Activities,+,debit,usd,72953000.0
Douglas Emmett Inc,DEI,,0001364250,2015.0,Q1,2015-01-01,2015-03-31,2016-05-06 16:19:10+00:00,netchangeincash,netcashfromoperatingactivities,Net Cash From Operating Activities,+,debit,usd,72926000.0
Douglas Emmett Inc,DEI,,0001364250,2015.0,Q1,2015-01-01,2015-03-31,2016-05-06 16:19:10+00:00,netcashfromcontinuinginvestingactivities,purchaseofplantpropertyandequipment,"Purchase of Property, Leasehold Improvements and Equipment",+,debit,usd,-20526000.0
Douglas Emmett Inc,DEI,,0001364250,2015.0,Q1,2015-01-01,2015-03-31,2016-05-06 16:19:10+00:00,netcashfromcontinuinginvestingactivities,purchaseofinvestments,Purchase of Investment Securities,+,debit,usd,-89906000.0
Douglas Emmett Inc,DEI,,0001364250,2015.0,Q1,2015-01-01,2015-03-31,2016-05-06 16:19:10+00:00,netcashfromcontinuinginvestingactivities,saleofinvestments,Sale and/or Maturity of Investments,+,debit,usd,3367000.0
Douglas Emmett Inc,DEI,,0001364250,2015.0,Q1,2015-01-01,2015-03-31,2016-05-06 16:19:10+00:00,netcashfromcontinuinginvestingactivities,otherinvestingactivitiesnet,"Other Investing Activities, net",+,debit,usd,-667000.0
Douglas Emmett Inc,DEI,,0001364250,2015.0,Q1,2015-01-01,2015-03-31,2016-05-06 16:19:10+00:00,netcashfrominvestingactivities,netcashfromcontinuinginvestingactivities,Net Cash From Continuing Investing Activities,+,debit,usd,-107732000.0
Douglas Emmett Inc,DEI,,0001364250,2015.0,Q1,2015-01-01,2015-03-31,2016-05-06 16:19:10+00:00,netchangeincash,netcashfrominvestingactivities,Net Cash From Investing Activities,+,debit,usd,-107732000.0
Douglas Emmett Inc,DEI,,0001364250,2015.0,Q1,2015-01-01,2015-03-31,2016-05-06 16:19:10+00:00,netcashfromcontinuingfinancingactivities,issuanceofdebt,Issuance of Debt,+,debit,usd,214400000.0
Douglas Emmett Inc,DEI,,0001364250,2015.0,Q1,2015-01-01,2015-03-31,2016-05-06 16:19:10+00:00,netcashfromcontinuingfinancingactivities,repaymentofdebt,Repayment of Debt,+,debit,usd,-146224000.0
Douglas Emmett Inc,DEI,,0001364250,2015.0,Q1,2015-01-01,2015-03-31,2016-05-06 16:19:10+00:00,netcashfromcontinuingfinancingactivities,paymentofdividends,Payment of Dividends,+,debit,usd,-36417000.0
Douglas Emmett Inc,DEI,,0001364250,2015.0,Q1,2015-01-01,2015-03-31,2016-05-06 16:19:10+00:00,netcashfromcontinuingfinancingactivities,otherfinancingactivitiesnet,"Other Financing Activities, Net",+,debit,usd,863000.0
Douglas Emmett Inc,DEI,,0001364250,2015.0,Q1,2015-01-01,2015-03-31,2016-05-06 16:19:10+00:00,netcashfromfinancingactivities,netcashfromcontinuingfinancingactivities,Net Cash From Continuing Financing Activities,+,debit,usd,32622000.0
Douglas Emmett Inc,DEI,,0001364250,2015.0,Q1,2015-01-01,2015-03-31,2016-05-06 16:19:10+00:00,netchangeincash,netcashfromfinancingactivities,Net Cash From Financing Activities,+,debit,usd,32622000.0
Douglas Emmett Inc,DEI,,0001364250,2015.0,Q1,2015-01-01,2015-03-31,2016-05-06 16:19:10+00:00,,netchangeincash,Net Change in Cash & Equivalents,=,debit,usd,-2184000.0
Douglas Emmett Inc,DEI,,0001364250,2015.0,Q1,2015-01-01,2015-03-31,2016-05-06 16:19:10+00:00,,cashinterestpaid,Cash Interest Paid,=,,usd,31644000.0
Douglas Emmett Inc,DEI,,0001364250,2015.0,Q2,2015-04-01,2015-06-30,,netincomecontinuing,netincome,Consolidated Net Income / (Loss),+,credit,usd,15894000.0
Douglas Emmett Inc,DEI,,0001364250,2015.0,Q2,2015-04-01,2015-06-30,,netcashfromcontinuingoperatingactivities,netincomecontinuing,Net Income / (Loss) Continuing Operations,+,credit,usd,15894000.0
Douglas Emmett Inc,DEI,,0001364250,2015.0,Q2,2015-04-01,2015-06-30,,netcashfromcontinuingoperatingactivities,provisionforloanlosses,Provision For Loan Losses,+,debit,usd,372000.0
Douglas Emmett Inc,DEI,,0001364250,2015.0,Q2,2015-04-01,2015-06-30,,netcashfromcontinuingoperatingactivities,depreciationexpense,Depreciation Expense,+,debit,usd,51246000.0
Douglas Emmett Inc,DEI,,0001364250,2015.0,Q2,2015-04-01,2015-06-30,,netcashfromcontinuingoperatingactivities,amortizationexpense,Amortization Expense,+,debit,usd,-966000.0
Douglas Emmett Inc,DEI,,0001364250,2015.0,Q2,2015-04-01,2015-06-30,,netcashfromcontinuingoperatingactivities,noncashadjustmentstonetincome,Non-Cash Adjustments to Reconcile Net Income,+,debit,usd,-146000.0
Douglas Emmett Inc,DEI,,0001364250,2015.0,Q2,2015-04-01,2015-06-30,,netcashfromcontinuingoperatingactivities,increasedecreaseinoperatingcapital,"Changes in Operating Assets and Liabilities, net",+,debit,usd,-3193000.0
Douglas Emmett Inc,DEI,,0001364250,2015.0,Q2,2015-04-01,2015-06-30,,netcashfromoperatingactivities,netcashfromcontinuingoperatingactivities,Net Cash From Continuing Operating Activities,+,debit,usd,63207000.0
Douglas Emmett Inc,DEI,,0001364250,2015.0,Q2,2015-04-01,2015-06-30,,netchangeincash,netcashfromoperatingactivities,Net Cash From Operating Activities,+,debit,usd,63269000.0
Douglas Emmett Inc,DEI,,0001364250,2015.0,Q2,2015-04-01,2015-06-30,,netcashfromcontinuinginvestingactivities,purchaseofplantpropertyandequipment,"Purchase of Property, Leasehold Improvements and Equipment",+,debit,usd,-17064000.0
Douglas Emmett Inc,DEI,,0001364250,2015.0,Q2,2015-04-01,2015-06-30,,netcashfromcontinuinginvestingactivities,purchaseofinvestments,Purchase of Investment Securities,+,debit,usd,-12000.0
Douglas Emmett Inc,DEI,,0001364250,2015.0,Q2,2015-04-01,2015-06-30,,netcashfromcontinuinginvestingactivities,saleofinvestments,Sale and/or Maturity of Investments,+,debit,usd,2292000.0
Douglas Emmett Inc,DEI,,0001364250,2015.0,Q2,2015-04-01,2015-06-30,,netcashfromcontinuinginvestingactivities,otherinvestingactivitiesnet,"Other Investing Activities, net",+,debit,usd,-1407000.0
Douglas Emmett Inc,DEI,,0001364250,2015.0,Q2,2015-04-01,2015-06-30,,netcashfrominvestingactivities,netcashfromcontinuinginvestingactivities,Net Cash From Continuing Investing Activities,+,debit,usd,-16191000.0
Douglas Emmett Inc,DEI,,0001364250,2015.0,Q2,2015-04-01,2015-06-30,,netchangeincash,netcashfrominvestingactivities,Net Cash From Investing Activities,+,debit,usd,-16191000.0
Douglas Emmett Inc,DEI,,0001364250,2015.0,Q2,2015-04-01,2015-06-30,,netcashfromcontinuingfinancingactivities,issuanceofdebt,Issuance of Debt,+,debit,usd,448000000.0
Douglas Emmett Inc,DEI,,0001364250,2015.0,Q2,2015-04-01,2015-06-30,,netcashfromcontinuingfinancingactivities,repaymentofdebt,Repayment of Debt,+,debit,usd,-397052000.0
Douglas Emmett Inc,DEI,,0001364250,2015.0,Q2,2015-04-01,2015-06-30,,netcashfromcontinuingfinancingactivities,paymentofdividends,Payment of Dividends,+,debit,usd,-36454000.0
Douglas Emmett Inc,DEI,,0001364250,2015.0,Q2,2015-04-01,2015-06-30,,netcashfromcontinuingfinancingactivities,otherfinancingactivitiesnet,"Other Financing Activities, Net",+,debit,usd,-3681000.0
Douglas Emmett Inc,DEI,,0001364250,2015.0,Q2,2015-04-01,2015-06-30,,netcashfromfinancingactivities,netcashfromcontinuingfinancingactivities,Net Cash From Continuing Financing Activities,+,debit,usd,10813000.0
Douglas Emmett Inc,DEI,,0001364250,2015.0,Q2,2015-04-01,2015-06-30,,netchangeincash,netcashfromfinancingactivities,Net Cash From Financing Activities,+,debit,usd,10813000.0
Douglas Emmett Inc,DEI,,0001364250,2015.0,Q2,2015-04-01,2015-06-30,,,netchangeincash,Net Change in Cash & Equivalents,=,debit,usd,57891000.0
Douglas Emmett Inc,DEI,,0001364250,2015.0,Q2,2015-04-01,2015-06-30,,,cashinterestpaid,Cash Interest Paid,=,,usd,32656000.0
Douglas Emmett Inc,DEI,,0001364250,2015.0,Q3,2015-07-01,2015-09-30,,netincomecontinuing,netincome,Consolidated Net Income / (Loss),+,credit,usd,14159000.0
Douglas Emmett Inc,DEI,,0001364250,2015.0,Q3,2015-07-01,2015-09-30,,netcashfromcontinuingoperatingactivities,netincomecontinuing,Net Income / (Loss) Continuing Operations,+,credit,usd,14159000.0
Douglas Emmett Inc,DEI,,0001364250,2015.0,Q3,2015-07-01,2015-09-30,,netcashfromcontinuingoperatingactivities,provisionforloanlosses,Provision For Loan Losses,+,debit,usd,-86000.0
Douglas Emmett Inc,DEI,,0001364250,2015.0,Q3,2015-07-01,2015-09-30,,netcashfromcontinuingoperatingactivities,depreciationexpense,Depreciation Expense,+,debit,usd,52229000.0
Douglas Emmett Inc,DEI,,0001364250,2015.0,Q3,2015-07-01,2015-09-30,,netcashfromcontinuingoperatingactivities,amortizationexpense,Amortization Expense,+,debit,usd,-1704000.0
Douglas Emmett Inc,DEI,,0001364250,2015.0,Q3,2015-07-01,2015-09-30,,netcashfromcontinuingoperatingactivities,noncashadjustmentstonetincome,Non-Cash Adjustments to Reconcile Net Income,+,debit,usd,250000.0
Douglas Emmett Inc,DEI,,0001364250,2015.0,Q3,2015-07-01,2015-09-30,,netcashfromcontinuingoperatingactivities,increasedecreaseinoperatingcapital,"Changes in Operating Assets and Liabilities, net",+,debit,usd,4670000.0
Douglas Emmett Inc,DEI,,0001364250,2015.0,Q3,2015-07-01,2015-09-30,,netcashfromoperatingactivities,netcashfromcontinuingoperatingactivities,Net Cash From Continuing Operating Activities,+,debit,usd,69518000.0
Douglas Emmett Inc,DEI,,0001364250,2015.0,Q3,2015-07-01,2015-09-30,,netchangeincash,netcashfromoperatingactivities,Net Cash From Operating Activities,+,debit,usd,69456000.0
Douglas Emmett Inc,DEI,,0001364250,2015.0,Q3,2015-07-01,2015-09-30,,netcashfromcontinuinginvestingactivities,purchaseofplantpropertyandequipment,"Purchase of Property, Leasehold Improvements and Equipment",+,debit,usd,-15243000.0
Douglas Emmett Inc,DEI,,0001364250,2015.0,Q3,2015-07-01,2015-09-30,,netcashfromcontinuinginvestingactivities,purchaseofinvestments,Purchase of Investment Securities,+,debit,usd,-12000.0
Douglas Emmett Inc,DEI,,0001364250,2015.0,Q3,2015-07-01,2015-09-30,,netcashfromcontinuinginvestingactivities,saleofinvestments,Sale and/or Maturity of Investments,+,debit,usd,2040000.0
Douglas Emmett Inc,DEI,,0001364250,2015.0,Q3,2015-07-01,2015-09-30,,netcashfromcontinuinginvestingactivities,otherinvestingactivitiesnet,"Other Investing Activities, net",+,debit,usd,-562000.0
Douglas Emmett Inc,DEI,,0001364250,2015.0,Q3,2015-07-01,2015-09-30,,netcashfrominvestingactivities,netcashfromcontinuinginvestingactivities,Net Cash From Continuing Investing Activities,+,debit,usd,-13777000.0
Douglas Emmett Inc,DEI,,0001364250,2015.0,Q3,2015-07-01,2015-09-30,,netchangeincash,netcashfrominvestingactivities,Net Cash From Investing Activities,+,debit,usd,-13777000.0
Douglas Emmett Inc,DEI,,0001364250,2015.0,Q3,2015-07-01,2015-09-30,,netcashfromcontinuingfinancingactivities,issuanceofdebt,Issuance of Debt,+,debit,usd,437000000.0
Douglas Emmett Inc,DEI,,0001364250,2015.0,Q3,2015-07-01,2015-09-30,,netcashfromcontinuingfinancingactivities,repaymentofdebt,Repayment of Debt,+,debit,usd,-517303000.0
Douglas Emmett Inc,DEI,,0001364250,2015.0,Q3,2015-07-01,2015-09-30,,netcashfromcontinuingfinancingactivities,paymentofdividends,Payment of Dividends,+,debit,usd,-36453000.0
Douglas Emmett Inc,DEI,,0001364250,2015.0,Q3,2015-07-01,2015-09-30,,netcashfromcontinuingfinancingactivities,otherfinancingactivitiesnet,"Other Financing Activities, Net",+,debit,usd,-3523000.0
Douglas Emmett Inc,DEI,,0001364250,2015.0,Q3,2015-07-01,2015-09-30,,netcashfromfinancingactivities,netcashfromcontinuingfinancingactivities,Net Cash From Continuing Financing Activities,+,debit,usd,-120279000.0
Douglas Emmett Inc,DEI,,0001364250,2015.0,Q3,2015-07-01,2015-09-30,,netchangeincash,netcashfromfinancingactivities,Net Cash From Financing Activities,+,debit,usd,-120279000.0
Douglas Emmett Inc,DEI,,0001364250,2015.0,Q3,2015-07-01,2015-09-30,,,netchangeincash,Net Change in Cash & Equivalents,=,debit,usd,-64600000.0
Douglas Emmett Inc,DEI,,0001364250,2015.0,Q3,2015-07-01,2015-09-30,,,cashinterestpaid,Cash Interest Paid,=,,usd,32317000.0
Douglas Emmett Inc,DEI,,0001364250,2015.0,Q4,2015-10-01,2015-12-31,,netincomecontinuing,netincome,Consolidated Net Income / (Loss),+,credit,usd,16606000.0
Douglas Emmett Inc,DEI,,0001364250,2015.0,Q4,2015-10-01,2015-12-31,,netcashfromcontinuingoperatingactivities,netincomecontinuing,Net Income / (Loss) Continuing Operations,+,credit,usd,16606000.0
Douglas Emmett Inc,DEI,,0001364250,2015.0,Q4,2015-10-01,2015-12-31,,netcashfromcontinuingoperatingactivities,provisionforloanlosses,Provision For Loan Losses,+,debit,usd,72000.0
Douglas Emmett Inc,DEI,,0001364250,2015.0,Q4,2015-10-01,2015-12-31,,netcashfromcontinuingoperatingactivities,depreciationexpense,Depreciation Expense,+,debit,usd,52024000.0
Douglas Emmett Inc,DEI,,0001364250,2015.0,Q4,2015-10-01,2015-12-31,,netcashfromcontinuingoperatingactivities,amortizationexpense,Amortization Expense,+,debit,usd,-1461000.0
Douglas Emmett Inc,DEI,,0001364250,2015.0,Q4,2015-10-01,2015-12-31,,netcashfromcontinuingoperatingactivities,noncashadjustmentstonetincome,Non-Cash Adjustments to Reconcile Net Income,+,debit,usd,4991000.0
Douglas Emmett Inc,DEI,,0001364250,2015.0,Q4,2015-10-01,2015-12-31,,netcashfromcontinuingoperatingactivities,increasedecreaseinoperatingcapital,"Changes in Operating Assets and Liabilities, net",+,debit,usd,-6443000.0
Douglas Emmett Inc,DEI,,0001364250,2015.0,Q4,2015-10-01,2015-12-31,,netcashfromoperatingactivities,netcashfromcontinuingoperatingactivities,Net Cash From Continuing Operating Activities,+,debit,usd,65789000.0
Douglas Emmett Inc,DEI,,0001364250,2015.0,Q4,2015-10-01,2015-12-31,,netchangeincash,netcashfromoperatingactivities,Net Cash From Operating Activities,+,debit,usd,65776000.0
Douglas Emmett Inc,DEI,,0001364250,2015.0,Q4,2015-10-01,2015-12-31,,netcashfromcontinuinginvestingactivities,purchaseofplantpropertyandequipment,"Purchase of Property, Leasehold Improvements and Equipment",+,debit,usd,0.0
Douglas Emmett Inc,DEI,,0001364250,2015.0,Q4,2015-10-01,2015-12-31,,netcashfromcontinuinginvestingactivities,acquisitions,Acquisitions,+,debit,usd,0.0
Douglas Emmett Inc,DEI,,0001364250,2015.0,Q4,2015-10-01,2015-12-31,,netcashfromcontinuinginvestingactivities,purchaseofinvestments,Purchase of Investment Securities,+,debit,usd,0.0
Douglas Emmett Inc,DEI,,0001364250,2015.0,Q4,2015-10-01,2015-12-31,,netcashfromcontinuinginvestingactivities,saleofinvestments,Sale and/or Maturity of Investments,+,debit,usd,0.0
Douglas Emmett Inc,DEI,,0001364250,2015.0,Q4,2015-10-01,2015-12-31,,netcashfromcontinuinginvestingactivities,otherinvestingactivitiesnet,"Other Investing Activities, net",+,debit,usd,0.0
Douglas Emmett Inc,DEI,,0001364250,2015.0,Q4,2015-10-01,2015-12-31,,netchangeincash,netcashfrominvestingactivities,Net Cash From Investing Activities,+,debit,usd,-93889000.0
Douglas Emmett Inc,DEI,,0001364250,2015.0,Q4,2015-10-01,2015-12-31,,netcashfromcontinuingfinancingactivities,issuanceofdebt,Issuance of Debt,+,debit,usd,515000000.0
Douglas Emmett Inc,DEI,,0001364250,2015.0,Q4,2015-10-01,2015-12-31,,netcashfromcontinuingfinancingactivities,repaymentofdebt,Repayment of Debt,+,debit,usd,-354949000.0
Douglas Emmett Inc,DEI,,0001364250,2015.0,Q4,2015-10-01,2015-12-31,,netcashfromcontinuingfinancingactivities,paymentofdividends,Payment of Dividends,+,debit,usd,-36451000.0
Douglas Emmett Inc,DEI,,0001364250,2015.0,Q4,2015-10-01,2015-12-31,,netcashfromcontinuingfinancingactivities,otherfinancingactivitiesnet,"Other Financing Activities, Net",+,debit,usd,-3619000.0
Douglas Emmett Inc,DEI,,0001364250,2015.0,Q4,2015-10-01,2015-12-31,,netcashfromfinancingactivities,netcashfromcontinuingfinancingactivities,Net Cash From Continuing Financing Activities,+,debit,usd,119981000.0
Douglas Emmett Inc,DEI,,0001364250,2015.0,Q4,2015-10-01,2015-12-31,,netchangeincash,netcashfromfinancingactivities,Net Cash From Financing Activities,+,debit,usd,119981000.0
Douglas Emmett Inc,DEI,,0001364250,2015.0,Q4,2015-10-01,2015-12-31,,,netchangeincash,Net Change in Cash & Equivalents,=,debit,usd,91868000.0
Douglas Emmett Inc,DEI,,0001364250,2015.0,Q4,2015-10-01,2015-12-31,,,cashinterestpaid,Cash Interest Paid,=,,usd,31561000.0
Douglas Emmett Inc,DEI,,0001364250,2016.0,Q1,2016-01-01,2016-03-31,2017-05-05 16:29:09+00:00,netincomecontinuing,netincome,Consolidated Net Income / (Loss),+,credit,usd,16046000.0
Douglas Emmett Inc,DEI,,0001364250,2016.0,Q1,2016-01-01,2016-03-31,2017-05-05 16:29:09+00:00,netcashfromcontinuingoperatingactivities,netincomecontinuing,Net Income / (Loss) Continuing Operations,+,credit,usd,16046000.0
Douglas Emmett Inc,DEI,,0001364250,2016.0,Q1,2016-01-01,2016-03-31,2017-05-05 16:29:09+00:00,netcashfromcontinuingoperatingactivities,provisionforloanlosses,Provision For Loan Losses,+,debit,usd,679000.0
Douglas Emmett Inc,DEI,,0001364250,2016.0,Q1,2016-01-01,2016-03-31,2017-05-05 16:29:09+00:00,netcashfromcontinuingoperatingactivities,depreciationexpense,Depreciation Expense,+,debit,usd,55552000.0
Douglas Emmett Inc,DEI,,0001364250,2016.0,Q1,2016-01-01,2016-03-31,2017-05-05 16:29:09+00:00,netcashfromcontinuingoperatingactivities,amortizationexpense,Amortization Expense,+,debit,usd,-1985000.0
Douglas Emmett Inc,DEI,,0001364250,2016.0,Q1,2016-01-01,2016-03-31,2017-05-05 16:29:09+00:00,netcashfromcontinuingoperatingactivities,noncashadjustmentstonetincome,Non-Cash Adjustments to Reconcile Net Income,+,debit,usd,-1730000.0
Douglas Emmett Inc,DEI,,0001364250,2016.0,Q1,2016-01-01,2016-03-31,2017-05-05 16:29:09+00:00,netcashfromcontinuingoperatingactivities,increasedecreaseinoperatingcapital,"Changes in Operating Assets and Liabilities, net",+,debit,usd,21300000.0
Douglas Emmett Inc,DEI,,0001364250,2016.0,Q1,2016-01-01,2016-03-31,2017-05-05 16:29:09+00:00,netcashfromoperatingactivities,netcashfromcontinuingoperatingactivities,Net Cash From Continuing Operating Activities,+,debit,usd,89862000.0
Douglas Emmett Inc,DEI,,0001364250,2016.0,Q1,2016-01-01,2016-03-31,2017-05-05 16:29:09+00:00,netchangeincash,netcashfromoperatingactivities,Net Cash From Operating Activities,+,debit,usd,89841000.0
Douglas Emmett Inc,DEI,,0001364250,2016.0,Q1,2016-01-01,2016-03-31,2017-05-05 16:29:09+00:00,netcashfromcontinuinginvestingactivities,purchaseofplantpropertyandequipment,"Purchase of Property, Leasehold Improvements and Equipment",+,debit,usd,-15556000.0
Douglas Emmett Inc,DEI,,0001364250,2016.0,Q1,2016-01-01,2016-03-31,2017-05-05 16:29:09+00:00,netcashfromcontinuinginvestingactivities,acquisitions,Acquisitions,+,debit,usd,0.0
Douglas Emmett Inc,DEI,,0001364250,2016.0,Q1,2016-01-01,2016-03-31,2017-05-05 16:29:09+00:00,netcashfromcontinuinginvestingactivities,purchaseofinvestments,Purchase of Investment Securities,+,debit,usd,-1257513000.0
Douglas Emmett Inc,DEI,,0001364250,2016.0,Q1,2016-01-01,2016-03-31,2017-05-05 16:29:09+00:00,netcashfromcontinuinginvestingactivities,saleofinvestments,Sale and/or Maturity of Investments,+,debit,usd,16536000.0
Douglas Emmett Inc,DEI,,0001364250,2016.0,Q1,2016-01-01,2016-03-31,2017-05-05 16:29:09+00:00,netcashfromcontinuinginvestingactivities,otherinvestingactivitiesnet,"Other Investing Activities, net",+,debit,usd,-1174000.0
Douglas Emmett Inc,DEI,,0001364250,2016.0,Q1,2016-01-01,2016-03-31,2017-05-05 16:29:09+00:00,netcashfrominvestingactivities,netcashfromcontinuinginvestingactivities,Net Cash From Continuing Investing Activities,+,debit,usd,-1257707000.0
Douglas Emmett Inc,DEI,,0001364250,2016.0,Q1,2016-01-01,2016-03-31,2017-05-05 16:29:09+00:00,netchangeincash,netcashfrominvestingactivities,Net Cash From Investing Activities,+,debit,usd,-1257945000.0
Douglas Emmett Inc,DEI,,0001364250,2016.0,Q1,2016-01-01,2016-03-31,2017-05-05 16:29:09+00:00,netcashfromcontinuingfinancingactivities,issuanceofdebt,Issuance of Debt,+,debit,usd,900000000.0
Douglas Emmett Inc,DEI,,0001364250,2016.0,Q1,2016-01-01,2016-03-31,2017-05-05 16:29:09+00:00,netcashfromcontinuingfinancingactivities,repaymentofdebt,Repayment of Debt,+,debit,usd,-31194000.0
Douglas Emmett Inc,DEI,,0001364250,2016.0,Q1,2016-01-01,2016-03-31,2017-05-05 16:29:09+00:00,netcashfromcontinuingfinancingactivities,paymentofdividends,Payment of Dividends,+,debit,usd,-38420000.0
Douglas Emmett Inc,DEI,,0001364250,2016.0,Q1,2016-01-01,2016-03-31,2017-05-05 16:29:09+00:00,netcashfromcontinuingfinancingactivities,otherfinancingactivitiesnet,"Other Financing Activities, Net",+,debit,usd,308111000.0
Douglas Emmett Inc,DEI,,0001364250,2016.0,Q1,2016-01-01,2016-03-31,2017-05-05 16:29:09+00:00,netcashfromfinancingactivities,netcashfromcontinuingfinancingactivities,Net Cash From Continuing Financing Activities,+,debit,usd,1138497000.0
Douglas Emmett Inc,DEI,,0001364250,2016.0,Q1,2016-01-01,2016-03-31,2017-05-05 16:29:09+00:00,netchangeincash,netcashfromfinancingactivities,Net Cash From Financing Activities,+,debit,usd,1138497000.0
Douglas Emmett Inc,DEI,,0001364250,2016.0,Q1,2016-01-01,2016-03-31,2017-05-05 16:29:09+00:00,,netchangeincash,Net Change in Cash & Equivalents,=,debit,usd,-29607000.0
Douglas Emmett Inc,DEI,,0001364250,2016.0,Q1,2016-01-01,2016-03-31,2017-05-05 16:29:09+00:00,,cashinterestpaid,Cash Interest Paid,=,,usd,32893000.0
Douglas Emmett Inc,DEI,,0001364250,2016.0,Q2,2016-04-01,2016-06-30,,netincomecontinuing,netincome,Consolidated Net Income / (Loss),+,credit,usd,21780000.0
Douglas Emmett Inc,DEI,,0001364250,2016.0,Q2,2016-04-01,2016-06-30,,netcashfromcontinuingoperatingactivities,netincomecontinuing,Net Income / (Loss) Continuing Operations,+,credit,usd,21780000.0
Douglas Emmett Inc,DEI,,0001364250,2016.0,Q2,2016-04-01,2016-06-30,,netcashfromcontinuingoperatingactivities,provisionforloanlosses,Provision For Loan Losses,+,debit,usd,437000.0
Douglas Emmett Inc,DEI,,0001364250,2016.0,Q2,2016-04-01,2016-06-30,,netcashfromcontinuingoperatingactivities,depreciationexpense,Depreciation Expense,+,debit,usd,62568000.0
Douglas Emmett Inc,DEI,,0001364250,2016.0,Q2,2016-04-01,2016-06-30,,netcashfromcontinuingoperatingactivities,amortizationexpense,Amortization Expense,+,debit,usd,-3094000.0
Douglas Emmett Inc,DEI,,0001364250,2016.0,Q2,2016-04-01,2016-06-30,,netcashfromcontinuingoperatingactivities,noncashadjustmentstonetincome,Non-Cash Adjustments to Reconcile Net Income,+,debit,usd,-4625000.0
Douglas Emmett Inc,DEI,,0001364250,2016.0,Q2,2016-04-01,2016-06-30,,netcashfromcontinuingoperatingactivities,increasedecreaseinoperatingcapital,"Changes in Operating Assets and Liabilities, net",+,debit,usd,-196000.0
Douglas Emmett Inc,DEI,,0001364250,2016.0,Q2,2016-04-01,2016-06-30,,netcashfromoperatingactivities,netcashfromcontinuingoperatingactivities,Net Cash From Continuing Operating Activities,+,debit,usd,76870000.0
Douglas Emmett Inc,DEI,,0001364250,2016.0,Q2,2016-04-01,2016-06-30,,netchangeincash,netcashfromoperatingactivities,Net Cash From Operating Activities,+,debit,usd,76930000.0
Douglas Emmett Inc,DEI,,0001364250,2016.0,Q2,2016-04-01,2016-06-30,,netcashfromcontinuinginvestingactivities,purchaseofplantpropertyandequipment,"Purchase of Property, Leasehold Improvements and Equipment",+,debit,usd,-19627000.0
Douglas Emmett Inc,DEI,,0001364250,2016.0,Q2,2016-04-01,2016-06-30,,netcashfromcontinuinginvestingactivities,acquisitions,Acquisitions,+,debit,usd,-5000000.0
Douglas Emmett Inc,DEI,,0001364250,2016.0,Q2,2016-04-01,2016-06-30,,netcashfromcontinuinginvestingactivities,saleofinvestments,Sale and/or Maturity of Investments,+,debit,usd,244119000.0
Douglas Emmett Inc,DEI,,0001364250,2016.0,Q2,2016-04-01,2016-06-30,,netcashfromcontinuinginvestingactivities,otherinvestingactivitiesnet,"Other Investing Activities, net",+,debit,usd,-4290000.0
Douglas Emmett Inc,DEI,,0001364250,2016.0,Q2,2016-04-01,2016-06-30,,netcashfrominvestingactivities,netcashfromcontinuinginvestingactivities,Net Cash From Continuing Investing Activities,+,debit,usd,215202000.0
Douglas Emmett Inc,DEI,,0001364250,2016.0,Q2,2016-04-01,2016-06-30,,netchangeincash,netcashfrominvestingactivities,Net Cash From Investing Activities,+,debit,usd,214937000.0
Douglas Emmett Inc,DEI,,0001364250,2016.0,Q2,2016-04-01,2016-06-30,,netcashfromcontinuingfinancingactivities,issuanceofdebt,Issuance of Debt,+,debit,usd,474500000.0
Douglas Emmett Inc,DEI,,0001364250,2016.0,Q2,2016-04-01,2016-06-30,,netcashfromcontinuingfinancingactivities,repaymentofdebt,Repayment of Debt,+,debit,usd,-662317000.0
Douglas Emmett Inc,DEI,,0001364250,2016.0,Q2,2016-04-01,2016-06-30,,netcashfromcontinuingfinancingactivities,paymentofdividends,Payment of Dividends,+,debit,usd,-43114000.0
Douglas Emmett Inc,DEI,,0001364250,2016.0,Q2,2016-04-01,2016-06-30,,netcashfromcontinuingfinancingactivities,otherfinancingactivitiesnet,"Other Financing Activities, Net",+,debit,usd,-55961000.0
Douglas Emmett Inc,DEI,,0001364250,2016.0,Q2,2016-04-01,2016-06-30,,netcashfromfinancingactivities,netcashfromcontinuingfinancingactivities,Net Cash From Continuing Financing Activities,+,debit,usd,-286892000.0
Douglas Emmett Inc,DEI,,0001364250,2016.0,Q2,2016-04-01,2016-06-30,,netchangeincash,netcashfromfinancingactivities,Net Cash From Financing Activities,+,debit,usd,-286892000.0
Douglas Emmett Inc,DEI,,0001364250,2016.0,Q2,2016-04-01,2016-06-30,,,netchangeincash,Net Change in Cash & Equivalents,=,debit,usd,4975000.0
Douglas Emmett Inc,DEI,,0001364250,2016.0,Q2,2016-04-01,2016-06-30,,,cashinterestpaid,Cash Interest Paid,=,,usd,37460000.0
Douglas Emmett Inc,DEI,,0001364250,2016.0,Q3,2016-07-01,2016-09-30,,netincomecontinuing,netincome,Consolidated Net Income / (Loss),+,credit,usd,35798000.0
Douglas Emmett Inc,DEI,,0001364250,2016.0,Q3,2016-07-01,2016-09-30,,netcashfromcontinuingoperatingactivities,netincomecontinuing,Net Income / (Loss) Continuing Operations,+,credit,usd,35798000.0
Douglas Emmett Inc,DEI,,0001364250,2016.0,Q3,2016-07-01,2016-09-30,,netcashfromcontinuingoperatingactivities,provisionforloanlosses,Provision For Loan Losses,+,debit,usd,74000.0
Douglas Emmett Inc,DEI,,0001364250,2016.0,Q3,2016-07-01,2016-09-30,,netcashfromcontinuingoperatingactivities,depreciationexpense,Depreciation Expense,+,debit,usd,63827000.0
Douglas Emmett Inc,DEI,,0001364250,2016.0,Q3,2016-07-01,2016-09-30,,netcashfromcontinuingoperatingactivities,amortizationexpense,Amortization Expense,+,debit,usd,-2866000.0
Douglas Emmett Inc,DEI,,0001364250,2016.0,Q3,2016-07-01,2016-09-30,,netcashfromcontinuingoperatingactivities,noncashadjustmentstonetincome,Non-Cash Adjustments to Reconcile Net Income,+,debit,usd,-15995000.0
Douglas Emmett Inc,DEI,,0001364250,2016.0,Q3,2016-07-01,2016-09-30,,netcashfromcontinuingoperatingactivities,increasedecreaseinoperatingcapital,"Changes in Operating Assets and Liabilities, net",+,debit,usd,18116000.0
Douglas Emmett Inc,DEI,,0001364250,2016.0,Q3,2016-07-01,2016-09-30,,netcashfromoperatingactivities,netcashfromcontinuingoperatingactivities,Net Cash From Continuing Operating Activities,+,debit,usd,98954000.0
Douglas Emmett Inc,DEI,,0001364250,2016.0,Q3,2016-07-01,2016-09-30,,netchangeincash,netcashfromoperatingactivities,Net Cash From Operating Activities,+,debit,usd,98892000.0
Douglas Emmett Inc,DEI,,0001364250,2016.0,Q3,2016-07-01,2016-09-30,,netcashfromcontinuinginvestingactivities,purchaseofplantpropertyandequipment,"Purchase of Property, Leasehold Improvements and Equipment",+,debit,usd,-22588000.0
Douglas Emmett Inc,DEI,,0001364250,2016.0,Q3,2016-07-01,2016-09-30,,netcashfromcontinuinginvestingactivities,acquisitions,Acquisitions,+,debit,usd,5000000.0
Douglas Emmett Inc,DEI,,0001364250,2016.0,Q3,2016-07-01,2016-09-30,,netcashfromcontinuinginvestingactivities,purchaseofinvestments,Purchase of Investment Securities,+,debit,usd,-362247000.0
Douglas Emmett Inc,DEI,,0001364250,2016.0,Q3,2016-07-01,2016-09-30,,netcashfromcontinuinginvestingactivities,saleofinvestments,Sale and/or Maturity of Investments,+,debit,usd,110284000.0
Douglas Emmett Inc,DEI,,0001364250,2016.0,Q3,2016-07-01,2016-09-30,,netcashfromcontinuinginvestingactivities,otherinvestingactivitiesnet,"Other Investing Activities, net",+,debit,usd,-12378000.0
Douglas Emmett Inc,DEI,,0001364250,2016.0,Q3,2016-07-01,2016-09-30,,netcashfrominvestingactivities,netcashfromcontinuinginvestingactivities,Net Cash From Continuing Investing Activities,+,debit,usd,-281929000.0
Douglas Emmett Inc,DEI,,0001364250,2016.0,Q3,2016-07-01,2016-09-30,,netchangeincash,netcashfrominvestingactivities,Net Cash From Investing Activities,+,debit,usd,-282219000.0
Douglas Emmett Inc,DEI,,0001364250,2016.0,Q3,2016-07-01,2016-09-30,,netcashfromcontinuingfinancingactivities,issuanceofdebt,Issuance of Debt,+,debit,usd,215000000.0
Douglas Emmett Inc,DEI,,0001364250,2016.0,Q3,2016-07-01,2016-09-30,,netcashfromcontinuingfinancingactivities,issuanceofcommonequity,Issuance of Common Equity,+,debit,usd,49379000.0
Douglas Emmett Inc,DEI,,0001364250,2016.0,Q3,2016-07-01,2016-09-30,,netcashfromcontinuingfinancingactivities,repaymentofdebt,Repayment of Debt,+,debit,usd,-92645000.0
Douglas Emmett Inc,DEI,,0001364250,2016.0,Q3,2016-07-01,2016-09-30,,netcashfromcontinuingfinancingactivities,paymentofdividends,Payment of Dividends,+,debit,usd,-42226000.0
Douglas Emmett Inc,DEI,,0001364250,2016.0,Q3,2016-07-01,2016-09-30,,netcashfromcontinuingfinancingactivities,otherfinancingactivitiesnet,"Other Financing Activities, Net",+,debit,usd,135068000.0
Douglas Emmett Inc,DEI,,0001364250,2016.0,Q3,2016-07-01,2016-09-30,,netcashfromfinancingactivities,netcashfromcontinuingfinancingactivities,Net Cash From Continuing Financing Activities,+,debit,usd,264576000.0
Douglas Emmett Inc,DEI,,0001364250,2016.0,Q3,2016-07-01,2016-09-30,,netchangeincash,netcashfromfinancingactivities,Net Cash From Financing Activities,+,debit,usd,264576000.0
Douglas Emmett Inc,DEI,,0001364250,2016.0,Q3,2016-07-01,2016-09-30,,,netchangeincash,Net Change in Cash & Equivalents,=,debit,usd,81249000.0
Douglas Emmett Inc,DEI,,0001364250,2016.0,Q3,2016-07-01,2016-09-30,,,cashinterestpaid,Cash Interest Paid,=,,usd,33852000.0
Douglas Emmett Inc,DEI,,0001364250,2016.0,Q4,2016-10-01,2016-12-31,,netincomecontinuing,netincome,Consolidated Net Income / (Loss),+,credit,usd,22466000.0
Douglas Emmett Inc,DEI,,0001364250,2016.0,Q4,2016-10-01,2016-12-31,,netcashfromcontinuingoperatingactivities,netincomecontinuing,Net Income / (Loss) Continuing Operations,+,credit,usd,22466000.0
Douglas Emmett Inc,DEI,,0001364250,2016.0,Q4,2016-10-01,2016-12-31,,netcashfromcontinuingoperatingactivities,provisionforloanlosses,Provision For Loan Losses,+,debit,usd,-768000.0
Douglas Emmett Inc,DEI,,0001364250,2016.0,Q4,2016-10-01,2016-12-31,,netcashfromcontinuingoperatingactivities,depreciationexpense,Depreciation Expense,+,debit,usd,66967000.0
Douglas Emmett Inc,DEI,,0001364250,2016.0,Q4,2016-10-01,2016-12-31,,netcashfromcontinuingoperatingactivities,amortizationexpense,Amortization Expense,+,debit,usd,-1326000.0
Douglas Emmett Inc,DEI,,0001364250,2016.0,Q4,2016-10-01,2016-12-31,,netcashfromcontinuingoperatingactivities,noncashadjustmentstonetincome,Non-Cash Adjustments to Reconcile Net Income,+,debit,usd,6484000.0
Douglas Emmett Inc,DEI,,0001364250,2016.0,Q4,2016-10-01,2016-12-31,,netcashfromcontinuingoperatingactivities,increasedecreaseinoperatingcapital,"Changes in Operating Assets and Liabilities, net",+,debit,usd,-20108000.0
Douglas Emmett Inc,DEI,,0001364250,2016.0,Q4,2016-10-01,2016-12-31,,netcashfromoperatingactivities,netcashfromcontinuingoperatingactivities,Net Cash From Continuing Operating Activities,+,debit,usd,73715000.0
Douglas Emmett Inc,DEI,,0001364250,2016.0,Q4,2016-10-01,2016-12-31,,netchangeincash,netcashfromoperatingactivities,Net Cash From Operating Activities,+,debit,usd,73786000.0
Douglas Emmett Inc,DEI,,0001364250,2016.0,Q4,2016-10-01,2016-12-31,,netcashfromcontinuinginvestingactivities,purchaseofplantpropertyandequipment,"Purchase of Property, Leasehold Improvements and Equipment",+,debit,usd,0.0
Douglas Emmett Inc,DEI,,0001364250,2016.0,Q4,2016-10-01,2016-12-31,,netcashfromcontinuinginvestingactivities,purchaseofinvestments,Purchase of Investment Securities,+,debit,usd,0.0
Douglas Emmett Inc,DEI,,0001364250,2016.0,Q4,2016-10-01,2016-12-31,,netcashfromcontinuinginvestingactivities,saleofinvestments,Sale and/or Maturity of Investments,+,debit,usd,0.0
Douglas Emmett Inc,DEI,,0001364250,2016.0,Q4,2016-10-01,2016-12-31,,netcashfromcontinuinginvestingactivities,otherinvestingactivitiesnet,"Other Investing Activities, net",+,debit,usd,0.0
Douglas Emmett Inc,DEI,,0001364250,2016.0,Q4,2016-10-01,2016-12-31,,netchangeincash,netcashfrominvestingactivities,Net Cash From Investing Activities,+,debit,usd,-40942000.0
Douglas Emmett Inc,DEI,,0001364250,2016.0,Q4,2016-10-01,2016-12-31,,netcashfromcontinuingfinancingactivities,issuanceofdebt,Issuance of Debt,+,debit,usd,520000000.0
Douglas Emmett Inc,DEI,,0001364250,2016.0,Q4,2016-10-01,2016-12-31,,netcashfromcontinuingfinancingactivities,repaymentofdebt,Repayment of Debt,+,debit,usd,-549424000.0
Douglas Emmett Inc,DEI,,0001364250,2016.0,Q4,2016-10-01,2016-12-31,,netcashfromcontinuingfinancingactivities,paymentofdividends,Payment of Dividends,+,debit,usd,-42539000.0
Douglas Emmett Inc,DEI,,0001364250,2016.0,Q4,2016-10-01,2016-12-31,,netcashfromcontinuingfinancingactivities,otherfinancingactivitiesnet,"Other Financing Activities, Net",+,debit,usd,-6369000.0
Douglas Emmett Inc,DEI,,0001364250,2016.0,Q4,2016-10-01,2016-12-31,,netcashfromfinancingactivities,netcashfromcontinuingfinancingactivities,Net Cash From Continuing Financing Activities,+,debit,usd,-78332000.0
Douglas Emmett Inc,DEI,,0001364250,2016.0,Q4,2016-10-01,2016-12-31,,netchangeincash,netcashfromfinancingactivities,Net Cash From Financing Activities,+,debit,usd,-78332000.0
Douglas Emmett Inc,DEI,,0001364250,2016.0,Q4,2016-10-01,2016-12-31,,,netchangeincash,Net Change in Cash & Equivalents,=,debit,usd,-45488000.0
Douglas Emmett Inc,DEI,,0001364250,2016.0,Q4,2016-10-01,2016-12-31,,,cashinterestpaid,Cash Interest Paid,=,,usd,33679000.0
Douglas Emmett Inc,DEI,,0001364250,2017.0,Q1,2017-01-01,2017-03-31,2018-05-09 16:01:58+00:00,netincomecontinuing,netincome,Consolidated Net Income / (Loss),+,credit,usd,21780000.0
Douglas Emmett Inc,DEI,,0001364250,2017.0,Q1,2017-01-01,2017-03-31,2018-05-09 16:01:58+00:00,netcashfromcontinuingoperatingactivities,netincomecontinuing,Net Income / (Loss) Continuing Operations,+,credit,usd,21780000.0
Douglas Emmett Inc,DEI,,0001364250,2017.0,Q1,2017-01-01,2017-03-31,2018-05-09 16:01:58+00:00,netcashfromcontinuingoperatingactivities,provisionforloanlosses,Provision For Loan Losses,+,debit,usd,-6000.0
Douglas Emmett Inc,DEI,,0001364250,2017.0,Q1,2017-01-01,2017-03-31,2018-05-09 16:01:58+00:00,netcashfromcontinuingoperatingactivities,depreciationexpense,Depreciation Expense,+,debit,usd,67374000.0
Douglas Emmett Inc,DEI,,0001364250,2017.0,Q1,2017-01-01,2017-03-31,2018-05-09 16:01:58+00:00,netcashfromcontinuingoperatingactivities,amortizationexpense,Amortization Expense,+,debit,usd,-2094000.0
Douglas Emmett Inc,DEI,,0001364250,2017.0,Q1,2017-01-01,2017-03-31,2018-05-09 16:01:58+00:00,netcashfromcontinuingoperatingactivities,noncashadjustmentstonetincome,Non-Cash Adjustments to Reconcile Net Income,+,debit,usd,-875000.0
Douglas Emmett Inc,DEI,,0001364250,2017.0,Q1,2017-01-01,2017-03-31,2018-05-09 16:01:58+00:00,netcashfromcontinuingoperatingactivities,increasedecreaseinoperatingcapital,"Changes in Operating Assets and Liabilities, net",+,debit,usd,21365000.0
Douglas Emmett Inc,DEI,,0001364250,2017.0,Q1,2017-01-01,2017-03-31,2018-05-09 16:01:58+00:00,netcashfromoperatingactivities,netcashfromcontinuingoperatingactivities,Net Cash From Continuing Operating Activities,+,debit,usd,107544000.0
Douglas Emmett Inc,DEI,,0001364250,2017.0,Q1,2017-01-01,2017-03-31,2018-05-09 16:01:58+00:00,netchangeincash,netcashfromoperatingactivities,Net Cash From Operating Activities,+,debit,usd,107552000.0
Douglas Emmett Inc,DEI,,0001364250,2017.0,Q1,2017-01-01,2017-03-31,2018-05-09 16:01:58+00:00,netcashfromcontinuinginvestingactivities,purchaseofplantpropertyandequipment,"Purchase of Property, Leasehold Improvements and Equipment",+,debit,usd,-25280000.0
Douglas Emmett Inc,DEI,,0001364250,2017.0,Q1,2017-01-01,2017-03-31,2018-05-09 16:01:58+00:00,netcashfromcontinuinginvestingactivities,acquisitions,Acquisitions,+,debit,usd,-24000000.0
Douglas Emmett Inc,DEI,,0001364250,2017.0,Q1,2017-01-01,2017-03-31,2018-05-09 16:01:58+00:00,netcashfromcontinuinginvestingactivities,saleofinvestments,Sale and/or Maturity of Investments,+,debit,usd,1407000.0
Douglas Emmett Inc,DEI,,0001364250,2017.0,Q1,2017-01-01,2017-03-31,2018-05-09 16:01:58+00:00,netcashfromcontinuinginvestingactivities,otherinvestingactivitiesnet,"Other Investing Activities, net",+,debit,usd,-9905000.0
Douglas Emmett Inc,DEI,,0001364250,2017.0,Q1,2017-01-01,2017-03-31,2018-05-09 16:01:58+00:00,netcashfrominvestingactivities,netcashfromcontinuinginvestingactivities,Net Cash From Continuing Investing Activities,+,debit,usd,-57778000.0
Douglas Emmett Inc,DEI,,0001364250,2017.0,Q1,2017-01-01,2017-03-31,2018-05-09 16:01:58+00:00,netchangeincash,netcashfrominvestingactivities,Net Cash From Investing Activities,+,debit,usd,-57778000.0
Douglas Emmett Inc,DEI,,0001364250,2017.0,Q1,2017-01-01,2017-03-31,2018-05-09 16:01:58+00:00,netcashfromcontinuingfinancingactivities,issuanceofdebt,Issuance of Debt,+,debit,usd,88000000.0
Douglas Emmett Inc,DEI,,0001364250,2017.0,Q1,2017-01-01,2017-03-31,2018-05-09 16:01:58+00:00,netcashfromcontinuingfinancingactivities,repaymentofdebt,Repayment of Debt,+,debit,usd,-68145000.0
Douglas Emmett Inc,DEI,,0001364250,2017.0,Q1,2017-01-01,2017-03-31,2018-05-09 16:01:58+00:00,netcashfromcontinuingfinancingactivities,paymentofdividends,Payment of Dividends,+,debit,usd,-44484000.0
Douglas Emmett Inc,DEI,,0001364250,2017.0,Q1,2017-01-01,2017-03-31,2018-05-09 16:01:58+00:00,netcashfromcontinuingfinancingactivities,otherfinancingactivitiesnet,"Other Financing Activities, Net",+,debit,usd,-52539000.0
Douglas Emmett Inc,DEI,,0001364250,2017.0,Q1,2017-01-01,2017-03-31,2018-05-09 16:01:58+00:00,netcashfromfinancingactivities,netcashfromcontinuingfinancingactivities,Net Cash From Continuing Financing Activities,+,debit,usd,-77168000.0
Douglas Emmett Inc,DEI,,0001364250,2017.0,Q1,2017-01-01,2017-03-31,2018-05-09 16:01:58+00:00,netchangeincash,netcashfromfinancingactivities,Net Cash From Financing Activities,+,debit,usd,-77168000.0
Douglas Emmett Inc,DEI,,0001364250,2017.0,Q1,2017-01-01,2017-03-31,2018-05-09 16:01:58+00:00,,netchangeincash,Net Change in Cash & Equivalents,=,debit,usd,-27394000.0
Douglas Emmett Inc,DEI,,0001364250,2017.0,Q1,2017-01-01,2017-03-31,2018-05-09 16:01:58+00:00,,cashinterestpaid,Cash Interest Paid,=,,usd,33400000.0
Douglas Emmett Inc,DEI,,0001364250,2017.0,Q2,2017-04-01,2017-06-30,,netincomecontinuing,netincome,Consolidated Net Income / (Loss),+,credit,usd,22153000.0
Douglas Emmett Inc,DEI,,0001364250,2017.0,Q2,2017-04-01,2017-06-30,,netcashfromcontinuingoperatingactivities,netincomecontinuing,Net Income / (Loss) Continuing Operations,+,credit,usd,22153000.0
Douglas Emmett Inc,DEI,,0001364250,2017.0,Q2,2017-04-01,2017-06-30,,netcashfromcontinuingoperatingactivities,provisionforloanlosses,Provision For Loan Losses,+,debit,usd,510000.0
Douglas Emmett Inc,DEI,,0001364250,2017.0,Q2,2017-04-01,2017-06-30,,netcashfromcontinuingoperatingactivities,depreciationexpense,Depreciation Expense,+,debit,usd,68793000.0
Douglas Emmett Inc,DEI,,0001364250,2017.0,Q2,2017-04-01,2017-06-30,,netcashfromcontinuingoperatingactivities,amortizationexpense,Amortization Expense,+,debit,usd,-1860000.0
Douglas Emmett Inc,DEI,,0001364250,2017.0,Q2,2017-04-01,2017-06-30,,netcashfromcontinuingoperatingactivities,noncashadjustmentstonetincome,Non-Cash Adjustments to Reconcile Net Income,+,debit,usd,170000.0
Douglas Emmett Inc,DEI,,0001364250,2017.0,Q2,2017-04-01,2017-06-30,,netcashfromcontinuingoperatingactivities,increasedecreaseinoperatingcapital,"Changes in Operating Assets and Liabilities, net",+,debit,usd,1281000.0
Douglas Emmett Inc,DEI,,0001364250,2017.0,Q2,2017-04-01,2017-06-30,,netcashfromoperatingactivities,netcashfromcontinuingoperatingactivities,Net Cash From Continuing Operating Activities,+,debit,usd,91047000.0
Douglas Emmett Inc,DEI,,0001364250,2017.0,Q2,2017-04-01,2017-06-30,,netchangeincash,netcashfromoperatingactivities,Net Cash From Operating Activities,+,debit,usd,91050000.0
Douglas Emmett Inc,DEI,,0001364250,2017.0,Q2,2017-04-01,2017-06-30,,netcashfromcontinuinginvestingactivities,purchaseofplantpropertyandequipment,"Purchase of Property, Leasehold Improvements and Equipment",+,debit,usd,-26090000.0
Douglas Emmett Inc,DEI,,0001364250,2017.0,Q2,2017-04-01,2017-06-30,,netcashfromcontinuinginvestingactivities,acquisitions,Acquisitions,+,debit,usd,14000000.0
Douglas Emmett Inc,DEI,,0001364250,2017.0,Q2,2017-04-01,2017-06-30,,netcashfromcontinuinginvestingactivities,purchaseofinvestments,Purchase of Investment Securities,+,debit,usd,-356594000.0
Douglas Emmett Inc,DEI,,0001364250,2017.0,Q2,2017-04-01,2017-06-30,,netcashfromcontinuinginvestingactivities,saleofinvestments,Sale and/or Maturity of Investments,+,debit,usd,38555000.0
Douglas Emmett Inc,DEI,,0001364250,2017.0,Q2,2017-04-01,2017-06-30,,netcashfromcontinuinginvestingactivities,otherinvestingactivitiesnet,"Other Investing Activities, net",+,debit,usd,-13741000.0
Douglas Emmett Inc,DEI,,0001364250,2017.0,Q2,2017-04-01,2017-06-30,,netcashfrominvestingactivities,netcashfromcontinuinginvestingactivities,Net Cash From Continuing Investing Activities,+,debit,usd,-343870000.0
Douglas Emmett Inc,DEI,,0001364250,2017.0,Q2,2017-04-01,2017-06-30,,netchangeincash,netcashfrominvestingactivities,Net Cash From Investing Activities,+,debit,usd,-343870000.0
Douglas Emmett Inc,DEI,,0001364250,2017.0,Q2,2017-04-01,2017-06-30,,netcashfromcontinuingfinancingactivities,issuanceofdebt,Issuance of Debt,+,debit,usd,845000000.0
Douglas Emmett Inc,DEI,,0001364250,2017.0,Q2,2017-04-01,2017-06-30,,netcashfromcontinuingfinancingactivities,issuanceofcommonequity,Issuance of Common Equity,+,debit,usd,276961000.0
Douglas Emmett Inc,DEI,,0001364250,2017.0,Q2,2017-04-01,2017-06-30,,netcashfromcontinuingfinancingactivities,repaymentofdebt,Repayment of Debt,+,debit,usd,-917924000.0
Douglas Emmett Inc,DEI,,0001364250,2017.0,Q2,2017-04-01,2017-06-30,,netcashfromcontinuingfinancingactivities,paymentofdividends,Payment of Dividends,+,debit,usd,-44793000.0
Douglas Emmett Inc,DEI,,0001364250,2017.0,Q2,2017-04-01,2017-06-30,,netcashfromcontinuingfinancingactivities,otherfinancingactivitiesnet,"Other Financing Activities, Net",+,debit,usd,181194000.0
Douglas Emmett Inc,DEI,,0001364250,2017.0,Q2,2017-04-01,2017-06-30,,netcashfromfinancingactivities,netcashfromcontinuingfinancingactivities,Net Cash From Continuing Financing Activities,+,debit,usd,340438000.0
Douglas Emmett Inc,DEI,,0001364250,2017.0,Q2,2017-04-01,2017-06-30,,netchangeincash,netcashfromfinancingactivities,Net Cash From Financing Activities,+,debit,usd,340438000.0
Douglas Emmett Inc,DEI,,0001364250,2017.0,Q2,2017-04-01,2017-06-30,,,netchangeincash,Net Change in Cash & Equivalents,=,debit,usd,87618000.0
Douglas Emmett Inc,DEI,,0001364250,2017.0,Q2,2017-04-01,2017-06-30,,,cashinterestpaid,Cash Interest Paid,=,,usd,35601000.0
Douglas Emmett Inc,DEI,,0001364250,2017.0,Q3,2017-07-01,2017-09-30,,netincomecontinuing,netincome,Consolidated Net Income / (Loss),+,credit,usd,28508000.0
Douglas Emmett Inc,DEI,,0001364250,2017.0,Q3,2017-07-01,2017-09-30,,netcashfromcontinuingoperatingactivities,netincomecontinuing,Net Income / (Loss) Continuing Operations,+,credit,usd,28508000.0
Douglas Emmett Inc,DEI,,0001364250,2017.0,Q3,2017-07-01,2017-09-30,,netcashfromcontinuingoperatingactivities,provisionforloanlosses,Provision For Loan Losses,+,debit,usd,-365000.0
Douglas Emmett Inc,DEI,,0001364250,2017.0,Q3,2017-07-01,2017-09-30,,netcashfromcontinuingoperatingactivities,depreciationexpense,Depreciation Expense,+,debit,usd,69974000.0
Douglas Emmett Inc,DEI,,0001364250,2017.0,Q3,2017-07-01,2017-09-30,,netcashfromcontinuingoperatingactivities,amortizationexpense,Amortization Expense,+,debit,usd,-2471000.0
Douglas Emmett Inc,DEI,,0001364250,2017.0,Q3,2017-07-01,2017-09-30,,netcashfromcontinuingoperatingactivities,noncashadjustmentstonetincome,Non-Cash Adjustments to Reconcile Net Income,+,debit,usd,-359000.0
Douglas Emmett Inc,DEI,,0001364250,2017.0,Q3,2017-07-01,2017-09-30,,netcashfromcontinuingoperatingactivities,increasedecreaseinoperatingcapital,"Changes in Operating Assets and Liabilities, net",+,debit,usd,14804000.0
Douglas Emmett Inc,DEI,,0001364250,2017.0,Q3,2017-07-01,2017-09-30,,netcashfromoperatingactivities,netcashfromcontinuingoperatingactivities,Net Cash From Continuing Operating Activities,+,debit,usd,110091000.0
Douglas Emmett Inc,DEI,,0001364250,2017.0,Q3,2017-07-01,2017-09-30,,netchangeincash,netcashfromoperatingactivities,Net Cash From Operating Activities,+,debit,usd,110080000.0
Douglas Emmett Inc,DEI,,0001364250,2017.0,Q3,2017-07-01,2017-09-30,,netcashfromcontinuinginvestingactivities,purchaseofplantpropertyandequipment,"Purchase of Property, Leasehold Improvements and Equipment",+,debit,usd,-28732000.0
Douglas Emmett Inc,DEI,,0001364250,2017.0,Q3,2017-07-01,2017-09-30,,netcashfromcontinuinginvestingactivities,acquisitions,Acquisitions,+,debit,usd,10000000.0
Douglas Emmett Inc,DEI,,0001364250,2017.0,Q3,2017-07-01,2017-09-30,,netcashfromcontinuinginvestingactivities,purchaseofinvestments,Purchase of Investment Securities,+,debit,usd,-178301000.0
Douglas Emmett Inc,DEI,,0001364250,2017.0,Q3,2017-07-01,2017-09-30,,netcashfromcontinuinginvestingactivities,saleofinvestments,Sale and/or Maturity of Investments,+,debit,usd,2003000.0
Douglas Emmett Inc,DEI,,0001364250,2017.0,Q3,2017-07-01,2017-09-30,,netcashfromcontinuinginvestingactivities,otherinvestingactivitiesnet,"Other Investing Activities, net",+,debit,usd,-18497000.0
Douglas Emmett Inc,DEI,,0001364250,2017.0,Q3,2017-07-01,2017-09-30,,netcashfrominvestingactivities,netcashfromcontinuinginvestingactivities,Net Cash From Continuing Investing Activities,+,debit,usd,-213527000.0
Douglas Emmett Inc,DEI,,0001364250,2017.0,Q3,2017-07-01,2017-09-30,,netchangeincash,netcashfrominvestingactivities,Net Cash From Investing Activities,+,debit,usd,-213527000.0
Douglas Emmett Inc,DEI,,0001364250,2017.0,Q3,2017-07-01,2017-09-30,,netcashfromcontinuingfinancingactivities,issuanceofdebt,Issuance of Debt,+,debit,usd,77500000.0
Douglas Emmett Inc,DEI,,0001364250,2017.0,Q3,2017-07-01,2017-09-30,,netcashfromcontinuingfinancingactivities,issuanceofcommonequity,Issuance of Common Equity,+,debit,usd,316311000.0
Douglas Emmett Inc,DEI,,0001364250,2017.0,Q3,2017-07-01,2017-09-30,,netcashfromcontinuingfinancingactivities,repaymentofdebt,Repayment of Debt,+,debit,usd,-344876000.0
Douglas Emmett Inc,DEI,,0001364250,2017.0,Q3,2017-07-01,2017-09-30,,netcashfromcontinuingfinancingactivities,paymentofdividends,Payment of Dividends,+,debit,usd,-46450000.0
Douglas Emmett Inc,DEI,,0001364250,2017.0,Q3,2017-07-01,2017-09-30,,netcashfromcontinuingfinancingactivities,otherfinancingactivitiesnet,"Other Financing Activities, Net",+,debit,usd,95553000.0
Douglas Emmett Inc,DEI,,0001364250,2017.0,Q3,2017-07-01,2017-09-30,,netcashfromfinancingactivities,netcashfromcontinuingfinancingactivities,Net Cash From Continuing Financing Activities,+,debit,usd,98038000.0
Douglas Emmett Inc,DEI,,0001364250,2017.0,Q3,2017-07-01,2017-09-30,,netchangeincash,netcashfromfinancingactivities,Net Cash From Financing Activities,+,debit,usd,98038000.0
Douglas Emmett Inc,DEI,,0001364250,2017.0,Q3,2017-07-01,2017-09-30,,,netchangeincash,Net Change in Cash & Equivalents,=,debit,usd,-5409000.0
Douglas Emmett Inc,DEI,,0001364250,2017.0,Q3,2017-07-01,2017-09-30,,,cashinterestpaid,Cash Interest Paid,=,,usd,34304000.0
Douglas Emmett Inc,DEI,,0001364250,2017.0,Q4,2017-10-01,2017-12-31,,netincomecontinuing,netincome,Consolidated Net Income / (Loss),+,credit,usd,31986000.0
Douglas Emmett Inc,DEI,,0001364250,2017.0,Q4,2017-10-01,2017-12-31,,netcashfromcontinuingoperatingactivities,netincomecontinuing,Net Income / (Loss) Continuing Operations,+,credit,usd,31986000.0
Douglas Emmett Inc,DEI,,0001364250,2017.0,Q4,2017-10-01,2017-12-31,,netcashfromcontinuingoperatingactivities,provisionforloanlosses,Provision For Loan Losses,+,debit,usd,267000.0
Douglas Emmett Inc,DEI,,0001364250,2017.0,Q4,2017-10-01,2017-12-31,,netcashfromcontinuingoperatingactivities,depreciationexpense,Depreciation Expense,+,debit,usd,70620000.0
Douglas Emmett Inc,DEI,,0001364250,2017.0,Q4,2017-10-01,2017-12-31,,netcashfromcontinuingoperatingactivities,amortizationexpense,Amortization Expense,+,debit,usd,-747000.0
Douglas Emmett Inc,DEI,,0001364250,2017.0,Q4,2017-10-01,2017-12-31,,netcashfromcontinuingoperatingactivities,noncashadjustmentstonetincome,Non-Cash Adjustments to Reconcile Net Income,+,debit,usd,6738000.0
Douglas Emmett Inc,DEI,,0001364250,2017.0,Q4,2017-10-01,2017-12-31,,netcashfromcontinuingoperatingactivities,increasedecreaseinoperatingcapital,"Changes in Operating Assets and Liabilities, net",+,debit,usd,-14849000.0
Douglas Emmett Inc,DEI,,0001364250,2017.0,Q4,2017-10-01,2017-12-31,,netcashfromoperatingactivities,netcashfromcontinuingoperatingactivities,Net Cash From Continuing Operating Activities,+,debit,usd,94015000.0
Douglas Emmett Inc,DEI,,0001364250,2017.0,Q4,2017-10-01,2017-12-31,,netchangeincash,netcashfromoperatingactivities,Net Cash From Operating Activities,+,debit,usd,94015000.0
Douglas Emmett Inc,DEI,,0001364250,2017.0,Q4,2017-10-01,2017-12-31,,netcashfromcontinuinginvestingactivities,purchaseofplantpropertyandequipment,"Purchase of Property, Leasehold Improvements and Equipment",+,debit,usd,-28224000.0
Douglas Emmett Inc,DEI,,0001364250,2017.0,Q4,2017-10-01,2017-12-31,,netcashfromcontinuinginvestingactivities,purchaseofinvestments,Purchase of Investment Securities,+,debit,usd,-6916000.0
Douglas Emmett Inc,DEI,,0001364250,2017.0,Q4,2017-10-01,2017-12-31,,netcashfromcontinuinginvestingactivities,saleofinvestments,Sale and/or Maturity of Investments,+,debit,usd,1595000.0
Douglas Emmett Inc,DEI,,0001364250,2017.0,Q4,2017-10-01,2017-12-31,,netcashfromcontinuinginvestingactivities,otherinvestingactivitiesnet,"Other Investing Activities, net",+,debit,usd,-20875000.0
Douglas Emmett Inc,DEI,,0001364250,2017.0,Q4,2017-10-01,2017-12-31,,netcashfrominvestingactivities,netcashfromcontinuinginvestingactivities,Net Cash From Continuing Investing Activities,+,debit,usd,-54420000.0
Douglas Emmett Inc,DEI,,0001364250,2017.0,Q4,2017-10-01,2017-12-31,,netchangeincash,netcashfrominvestingactivities,Net Cash From Investing Activities,+,debit,usd,-54420000.0
Douglas Emmett Inc,DEI,,0001364250,2017.0,Q4,2017-10-01,2017-12-31,,netcashfromcontinuingfinancingactivities,issuanceofdebt,Issuance of Debt,+,debit,usd,400000000.0
Douglas Emmett Inc,DEI,,0001364250,2017.0,Q4,2017-10-01,2017-12-31,,netcashfromcontinuingfinancingactivities,issuanceofcommonequity,Issuance of Common Equity,+,debit,usd,-103000.0
Douglas Emmett Inc,DEI,,0001364250,2017.0,Q4,2017-10-01,2017-12-31,,netcashfromcontinuingfinancingactivities,repaymentofdebt,Repayment of Debt,+,debit,usd,-367599000.0
Douglas Emmett Inc,DEI,,0001364250,2017.0,Q4,2017-10-01,2017-12-31,,netcashfromcontinuingfinancingactivities,paymentofdividends,Payment of Dividends,+,debit,usd,-48400000.0
Douglas Emmett Inc,DEI,,0001364250,2017.0,Q4,2017-10-01,2017-12-31,,netcashfromcontinuingfinancingactivities,otherfinancingactivitiesnet,"Other Financing Activities, Net",+,debit,usd,-14590000.0
Douglas Emmett Inc,DEI,,0001364250,2017.0,Q4,2017-10-01,2017-12-31,,netcashfromfinancingactivities,netcashfromcontinuingfinancingactivities,Net Cash From Continuing Financing Activities,+,debit,usd,-30692000.0
Douglas Emmett Inc,DEI,,0001364250,2017.0,Q4,2017-10-01,2017-12-31,,netchangeincash,netcashfromfinancingactivities,Net Cash From Financing Activities,+,debit,usd,-30692000.0
Douglas Emmett Inc,DEI,,0001364250,2017.0,Q4,2017-10-01,2017-12-31,,,netchangeincash,Net Change in Cash & Equivalents,=,debit,usd,8903000.0
Douglas Emmett Inc,DEI,,0001364250,2017.0,Q4,2017-10-01,2017-12-31,,,cashinterestpaid,Cash Interest Paid,=,,usd,32519000.0
Douglas Emmett Inc,DEI,,0001364250,2018.0,Q1,2018-01-01,2018-03-31,2019-05-06 08:26:06+00:00,netincomecontinuing,netincome,Consolidated Net Income / (Loss),+,credit,usd,32631000.0
Douglas Emmett Inc,DEI,,0001364250,2018.0,Q1,2018-01-01,2018-03-31,2019-05-06 08:26:06+00:00,netcashfromcontinuingoperatingactivities,netincomecontinuing,Net Income / (Loss) Continuing Operations,+,credit,usd,32631000.0
Douglas Emmett Inc,DEI,,0001364250,2018.0,Q1,2018-01-01,2018-03-31,2019-05-06 08:26:06+00:00,netcashfromcontinuingoperatingactivities,provisionforloanlosses,Provision For Loan Losses,+,debit,usd,1691000.0
Douglas Emmett Inc,DEI,,0001364250,2018.0,Q1,2018-01-01,2018-03-31,2019-05-06 08:26:06+00:00,netcashfromcontinuingoperatingactivities,depreciationexpense,Depreciation Expense,+,debit,usd,72498000.0
Douglas Emmett Inc,DEI,,0001364250,2018.0,Q1,2018-01-01,2018-03-31,2019-05-06 08:26:06+00:00,netcashfromcontinuingoperatingactivities,amortizationexpense,Amortization Expense,+,debit,usd,-3894000.0
Douglas Emmett Inc,DEI,,0001364250,2018.0,Q1,2018-01-01,2018-03-31,2019-05-06 08:26:06+00:00,netcashfromcontinuingoperatingactivities,noncashadjustmentstonetincome,Non-Cash Adjustments to Reconcile Net Income,+,debit,usd,-2121000.0
Douglas Emmett Inc,DEI,,0001364250,2018.0,Q1,2018-01-01,2018-03-31,2019-05-06 08:26:06+00:00,netcashfromcontinuingoperatingactivities,increasedecreaseinoperatingcapital,"Changes in Operating Assets and Liabilities, net",+,debit,usd,16812000.0
Douglas Emmett Inc,DEI,,0001364250,2018.0,Q1,2018-01-01,2018-03-31,2019-05-06 08:26:06+00:00,netcashfromoperatingactivities,netcashfromcontinuingoperatingactivities,Net Cash From Continuing Operating Activities,+,debit,usd,117617000.0
Douglas Emmett Inc,DEI,,0001364250,2018.0,Q1,2018-01-01,2018-03-31,2019-05-06 08:26:06+00:00,netchangeincash,netcashfromoperatingactivities,Net Cash From Operating Activities,+,debit,usd,117617000.0
Douglas Emmett Inc,DEI,,0001364250,2018.0,Q1,2018-01-01,2018-03-31,2019-05-06 08:26:06+00:00,netcashfromcontinuinginvestingactivities,purchaseofplantpropertyandequipment,"Purchase of Property, Leasehold Improvements and Equipment",+,debit,usd,-25259000.0
Douglas Emmett Inc,DEI,,0001364250,2018.0,Q1,2018-01-01,2018-03-31,2019-05-06 08:26:06+00:00,netcashfromcontinuinginvestingactivities,saleofinvestments,Sale and/or Maturity of Investments,+,debit,usd,1953000.0
Douglas Emmett Inc,DEI,,0001364250,2018.0,Q1,2018-01-01,2018-03-31,2019-05-06 08:26:06+00:00,netcashfromcontinuinginvestingactivities,otherinvestingactivitiesnet,"Other Investing Activities, net",+,debit,usd,-11018000.0
Douglas Emmett Inc,DEI,,0001364250,2018.0,Q1,2018-01-01,2018-03-31,2019-05-06 08:26:06+00:00,netcashfrominvestingactivities,netcashfromcontinuinginvestingactivities,Net Cash From Continuing Investing Activities,+,debit,usd,-34324000.0
Douglas Emmett Inc,DEI,,0001364250,2018.0,Q1,2018-01-01,2018-03-31,2019-05-06 08:26:06+00:00,netchangeincash,netcashfrominvestingactivities,Net Cash From Investing Activities,+,debit,usd,-34324000.0
Douglas Emmett Inc,DEI,,0001364250,2018.0,Q1,2018-01-01,2018-03-31,2019-05-06 08:26:06+00:00,netcashfromcontinuingfinancingactivities,issuanceofdebt,Issuance of Debt,+,debit,usd,485000000.0
Douglas Emmett Inc,DEI,,0001364250,2018.0,Q1,2018-01-01,2018-03-31,2019-05-06 08:26:06+00:00,netcashfromcontinuingfinancingactivities,repaymentofdebt,Repayment of Debt,+,debit,usd,-502808000.0
Douglas Emmett Inc,DEI,,0001364250,2018.0,Q1,2018-01-01,2018-03-31,2019-05-06 08:26:06+00:00,netcashfromcontinuingfinancingactivities,paymentofdividends,Payment of Dividends,+,debit,usd,-55476000.0
Douglas Emmett Inc,DEI,,0001364250,2018.0,Q1,2018-01-01,2018-03-31,2019-05-06 08:26:06+00:00,netcashfromcontinuingfinancingactivities,otherfinancingactivitiesnet,"Other Financing Activities, Net",+,debit,usd,-3098000.0
Douglas Emmett Inc,DEI,,0001364250,2018.0,Q1,2018-01-01,2018-03-31,2019-05-06 08:26:06+00:00,netcashfromfinancingactivities,netcashfromcontinuingfinancingactivities,Net Cash From Continuing Financing Activities,+,debit,usd,-76382000.0
Douglas Emmett Inc,DEI,,0001364250,2018.0,Q1,2018-01-01,2018-03-31,2019-05-06 08:26:06+00:00,netchangeincash,netcashfromfinancingactivities,Net Cash From Financing Activities,+,debit,usd,-76382000.0
Douglas Emmett Inc,DEI,,0001364250,2018.0,Q1,2018-01-01,2018-03-31,2019-05-06 08:26:06+00:00,,netchangeincash,Net Change in Cash & Equivalents,=,debit,usd,6911000.0
Douglas Emmett Inc,DEI,,0001364250,2018.0,Q1,2018-01-01,2018-03-31,2019-05-06 08:26:06+00:00,,cashinterestpaid,Cash Interest Paid,=,,usd,29937000.0
Douglas Emmett Inc,DEI,,0001364250,2018.0,Q2,2018-04-01,2018-06-30,,netincomecontinuing,netincome,Consolidated Net Income / (Loss),+,credit,usd,37033000.0
Douglas Emmett Inc,DEI,,0001364250,2018.0,Q2,2018-04-01,2018-06-30,,netcashfromcontinuingoperatingactivities,netincomecontinuing,Net Income / (Loss) Continuing Operations,+,credit,usd,37033000.0
Douglas Emmett Inc,DEI,,0001364250,2018.0,Q2,2018-04-01,2018-06-30,,netcashfromcontinuingoperatingactivities,provisionforloanlosses,Provision For Loan Losses,+,debit,usd,-356000.0
Douglas Emmett Inc,DEI,,0001364250,2018.0,Q2,2018-04-01,2018-06-30,,netcashfromcontinuingoperatingactivities,depreciationexpense,Depreciation Expense,+,debit,usd,73379000.0
Douglas Emmett Inc,DEI,,0001364250,2018.0,Q2,2018-04-01,2018-06-30,,netcashfromcontinuingoperatingactivities,amortizationexpense,Amortization Expense,+,debit,usd,-4224000.0
Douglas Emmett Inc,DEI,,0001364250,2018.0,Q2,2018-04-01,2018-06-30,,netcashfromcontinuingoperatingactivities,noncashadjustmentstonetincome,Non-Cash Adjustments to Reconcile Net Income,+,debit,usd,-1106000.0
Douglas Emmett Inc,DEI,,0001364250,2018.0,Q2,2018-04-01,2018-06-30,,netcashfromcontinuingoperatingactivities,increasedecreaseinoperatingcapital,"Changes in Operating Assets and Liabilities, net",+,debit,usd,-6463000.0
Douglas Emmett Inc,DEI,,0001364250,2018.0,Q2,2018-04-01,2018-06-30,,netcashfromoperatingactivities,netcashfromcontinuingoperatingactivities,Net Cash From Continuing Operating Activities,+,debit,usd,98263000.0
Douglas Emmett Inc,DEI,,0001364250,2018.0,Q2,2018-04-01,2018-06-30,,netchangeincash,netcashfromoperatingactivities,Net Cash From Operating Activities,+,debit,usd,98263000.0
Douglas Emmett Inc,DEI,,0001364250,2018.0,Q2,2018-04-01,2018-06-30,,netcashfromcontinuinginvestingactivities,purchaseofplantpropertyandequipment,"Purchase of Property, Leasehold Improvements and Equipment",+,debit,usd,-47868000.0
Douglas Emmett Inc,DEI,,0001364250,2018.0,Q2,2018-04-01,2018-06-30,,netcashfromcontinuinginvestingactivities,saleofinvestments,Sale and/or Maturity of Investments,+,debit,usd,1821000.0
Douglas Emmett Inc,DEI,,0001364250,2018.0,Q2,2018-04-01,2018-06-30,,netcashfromcontinuinginvestingactivities,otherinvestingactivitiesnet,"Other Investing Activities, net",+,debit,usd,-15456000.0
Douglas Emmett Inc,DEI,,0001364250,2018.0,Q2,2018-04-01,2018-06-30,,netcashfrominvestingactivities,netcashfromcontinuinginvestingactivities,Net Cash From Continuing Investing Activities,+,debit,usd,-61503000.0
Douglas Emmett Inc,DEI,,0001364250,2018.0,Q2,2018-04-01,2018-06-30,,netchangeincash,netcashfrominvestingactivities,Net Cash From Investing Activities,+,debit,usd,-61503000.0
Douglas Emmett Inc,DEI,,0001364250,2018.0,Q2,2018-04-01,2018-06-30,,netcashfromcontinuingfinancingactivities,issuanceofdebt,Issuance of Debt,+,debit,usd,50000000.0
Douglas Emmett Inc,DEI,,0001364250,2018.0,Q2,2018-04-01,2018-06-30,,netcashfromcontinuingfinancingactivities,repaymentofdebt,Repayment of Debt,+,debit,usd,-44171000.0
Douglas Emmett Inc,DEI,,0001364250,2018.0,Q2,2018-04-01,2018-06-30,,netcashfromcontinuingfinancingactivities,paymentofdividends,Payment of Dividends,+,debit,usd,-55506000.0
Douglas Emmett Inc,DEI,,0001364250,2018.0,Q2,2018-04-01,2018-06-30,,netcashfromcontinuingfinancingactivities,otherfinancingactivitiesnet,"Other Financing Activities, Net",+,debit,usd,-248000.0
Douglas Emmett Inc,DEI,,0001364250,2018.0,Q2,2018-04-01,2018-06-30,,netcashfromfinancingactivities,netcashfromcontinuingfinancingactivities,Net Cash From Continuing Financing Activities,+,debit,usd,-49925000.0
Douglas Emmett Inc,DEI,,0001364250,2018.0,Q2,2018-04-01,2018-06-30,,netchangeincash,netcashfromfinancingactivities,Net Cash From Financing Activities,+,debit,usd,-49925000.0
Douglas Emmett Inc,DEI,,0001364250,2018.0,Q2,2018-04-01,2018-06-30,,,netchangeincash,Net Change in Cash & Equivalents,=,debit,usd,-13165000.0
Douglas Emmett Inc,DEI,,0001364250,2018.0,Q2,2018-04-01,2018-06-30,,,cashinterestpaid,Cash Interest Paid,=,,usd,31291000.0
Douglas Emmett Inc,DEI,,0001364250,2018.0,Q3,2018-07-01,2018-09-30,,netincomecontinuing,netincome,Consolidated Net Income / (Loss),+,credit,usd,35416000.0
Douglas Emmett Inc,DEI,,0001364250,2018.0,Q3,2018-07-01,2018-09-30,,netcashfromcontinuingoperatingactivities,netincomecontinuing,Net Income / (Loss) Continuing Operations,+,credit,usd,35416000.0
Douglas Emmett Inc,DEI,,0001364250,2018.0,Q3,2018-07-01,2018-09-30,,netcashfromcontinuingoperatingactivities,provisionforloanlosses,Provision For Loan Losses,+,debit,usd,230000.0
Douglas Emmett Inc,DEI,,0001364250,2018.0,Q3,2018-07-01,2018-09-30,,netcashfromcontinuingoperatingactivities,depreciationexpense,Depreciation Expense,+,debit,usd,74067000.0
Douglas Emmett Inc,DEI,,0001364250,2018.0,Q3,2018-07-01,2018-09-30,,netcashfromcontinuingoperatingactivities,amortizationexpense,Amortization Expense,+,debit,usd,-2993000.0
Douglas Emmett Inc,DEI,,0001364250,2018.0,Q3,2018-07-01,2018-09-30,,netcashfromcontinuingoperatingactivities,noncashadjustmentstonetincome,Non-Cash Adjustments to Reconcile Net Income,+,debit,usd,-609000.0
Douglas Emmett Inc,DEI,,0001364250,2018.0,Q3,2018-07-01,2018-09-30,,netcashfromcontinuingoperatingactivities,increasedecreaseinoperatingcapital,"Changes in Operating Assets and Liabilities, net",+,debit,usd,9852000.0
Douglas Emmett Inc,DEI,,0001364250,2018.0,Q3,2018-07-01,2018-09-30,,netcashfromoperatingactivities,netcashfromcontinuingoperatingactivities,Net Cash From Continuing Operating Activities,+,debit,usd,115963000.0
Douglas Emmett Inc,DEI,,0001364250,2018.0,Q3,2018-07-01,2018-09-30,,netchangeincash,netcashfromoperatingactivities,Net Cash From Operating Activities,+,debit,usd,115963000.0
Douglas Emmett Inc,DEI,,0001364250,2018.0,Q3,2018-07-01,2018-09-30,,netcashfromcontinuinginvestingactivities,purchaseofplantpropertyandequipment,"Purchase of Property, Leasehold Improvements and Equipment",+,debit,usd,-42836000.0
Douglas Emmett Inc,DEI,,0001364250,2018.0,Q3,2018-07-01,2018-09-30,,netcashfromcontinuinginvestingactivities,purchaseofinvestments,Purchase of Investment Securities,+,debit,usd,-9379000.0
Douglas Emmett Inc,DEI,,0001364250,2018.0,Q3,2018-07-01,2018-09-30,,netcashfromcontinuinginvestingactivities,saleofinvestments,Sale and/or Maturity of Investments,+,debit,usd,2092000.0
Douglas Emmett Inc,DEI,,0001364250,2018.0,Q3,2018-07-01,2018-09-30,,netcashfromcontinuinginvestingactivities,otherinvestingactivitiesnet,"Other Investing Activities, net",+,debit,usd,-22033000.0
Douglas Emmett Inc,DEI,,0001364250,2018.0,Q3,2018-07-01,2018-09-30,,netcashfrominvestingactivities,netcashfromcontinuinginvestingactivities,Net Cash From Continuing Investing Activities,+,debit,usd,-72156000.0
Douglas Emmett Inc,DEI,,0001364250,2018.0,Q3,2018-07-01,2018-09-30,,netchangeincash,netcashfrominvestingactivities,Net Cash From Investing Activities,+,debit,usd,-72156000.0
Douglas Emmett Inc,DEI,,0001364250,2018.0,Q3,2018-07-01,2018-09-30,,netcashfromcontinuingfinancingactivities,issuanceofdebt,Issuance of Debt,+,debit,usd,62000000.0
Douglas Emmett Inc,DEI,,0001364250,2018.0,Q3,2018-07-01,2018-09-30,,netcashfromcontinuingfinancingactivities,repaymentofdebt,Repayment of Debt,+,debit,usd,-48172000.0
Douglas Emmett Inc,DEI,,0001364250,2018.0,Q3,2018-07-01,2018-09-30,,netcashfromcontinuingfinancingactivities,paymentofdividends,Payment of Dividends,+,debit,usd,-55488000.0
Douglas Emmett Inc,DEI,,0001364250,2018.0,Q3,2018-07-01,2018-09-30,,netcashfromcontinuingfinancingactivities,otherfinancingactivitiesnet,"Other Financing Activities, Net",+,debit,usd,-176000.0
Douglas Emmett Inc,DEI,,0001364250,2018.0,Q3,2018-07-01,2018-09-30,,netcashfromfinancingactivities,netcashfromcontinuingfinancingactivities,Net Cash From Continuing Financing Activities,+,debit,usd,-41836000.0
Douglas Emmett Inc,DEI,,0001364250,2018.0,Q3,2018-07-01,2018-09-30,,netchangeincash,netcashfromfinancingactivities,Net Cash From Financing Activities,+,debit,usd,-41836000.0
Douglas Emmett Inc,DEI,,0001364250,2018.0,Q3,2018-07-01,2018-09-30,,,netchangeincash,Net Change in Cash & Equivalents,=,debit,usd,1971000.0
Douglas Emmett Inc,DEI,,0001364250,2018.0,Q3,2018-07-01,2018-09-30,,,cashinterestpaid,Cash Interest Paid,=,,usd,32227000.0
Douglas Emmett Inc,DEI,,0001364250,2018.0,Q4,2018-10-01,2018-12-31,,netincomecontinuing,netincome,Consolidated Net Income / (Loss),+,credit,usd,23532000.0
Douglas Emmett Inc,DEI,,0001364250,2018.0,Q4,2018-10-01,2018-12-31,,netcashfromcontinuingoperatingactivities,netincomecontinuing,Net Income / (Loss) Continuing Operations,+,credit,usd,23532000.0
Douglas Emmett Inc,DEI,,0001364250,2018.0,Q4,2018-10-01,2018-12-31,,netcashfromcontinuingoperatingactivities,provisionforloanlosses,Provision For Loan Losses,+,debit,usd,589000.0
Douglas Emmett Inc,DEI,,0001364250,2018.0,Q4,2018-10-01,2018-12-31,,netcashfromcontinuingoperatingactivities,depreciationexpense,Depreciation Expense,+,debit,usd,89920000.0
Douglas Emmett Inc,DEI,,0001364250,2018.0,Q4,2018-10-01,2018-12-31,,netcashfromcontinuingoperatingactivities,amortizationexpense,Amortization Expense,+,debit,usd,-2827000.0
Douglas Emmett Inc,DEI,,0001364250,2018.0,Q4,2018-10-01,2018-12-31,,netcashfromcontinuingoperatingactivities,noncashadjustmentstonetincome,Non-Cash Adjustments to Reconcile Net Income,+,debit,usd,7322000.0
Douglas Emmett Inc,DEI,,0001364250,2018.0,Q4,2018-10-01,2018-12-31,,netcashfromcontinuingoperatingactivities,increasedecreaseinoperatingcapital,"Changes in Operating Assets and Liabilities, net",+,debit,usd,-17397000.0
Douglas Emmett Inc,DEI,,0001364250,2018.0,Q4,2018-10-01,2018-12-31,,netcashfromoperatingactivities,netcashfromcontinuingoperatingactivities,Net Cash From Continuing Operating Activities,+,debit,usd,101139000.0
Douglas Emmett Inc,DEI,,0001364250,2018.0,Q4,2018-10-01,2018-12-31,,netchangeincash,netcashfromoperatingactivities,Net Cash From Operating Activities,+,debit,usd,101139000.0
Douglas Emmett Inc,DEI,,0001364250,2018.0,Q4,2018-10-01,2018-12-31,,netcashfromcontinuinginvestingactivities,purchaseofplantpropertyandequipment,"Purchase of Property, Leasehold Improvements and Equipment",+,debit,usd,-63099000.0
Douglas Emmett Inc,DEI,,0001364250,2018.0,Q4,2018-10-01,2018-12-31,,netcashfromcontinuinginvestingactivities,saleofinvestments,Sale and/or Maturity of Investments,+,debit,usd,1483000.0
Douglas Emmett Inc,DEI,,0001364250,2018.0,Q4,2018-10-01,2018-12-31,,netcashfromcontinuinginvestingactivities,otherinvestingactivitiesnet,"Other Investing Activities, net",+,debit,usd,-19952000.0
Douglas Emmett Inc,DEI,,0001364250,2018.0,Q4,2018-10-01,2018-12-31,,netcashfrominvestingactivities,netcashfromcontinuinginvestingactivities,Net Cash From Continuing Investing Activities,+,debit,usd,-81568000.0
Douglas Emmett Inc,DEI,,0001364250,2018.0,Q4,2018-10-01,2018-12-31,,netchangeincash,netcashfrominvestingactivities,Net Cash From Investing Activities,+,debit,usd,-81568000.0
Douglas Emmett Inc,DEI,,0001364250,2018.0,Q4,2018-10-01,2018-12-31,,netcashfromcontinuingfinancingactivities,issuanceofdebt,Issuance of Debt,+,debit,usd,70000000.0
Douglas Emmett Inc,DEI,,0001364250,2018.0,Q4,2018-10-01,2018-12-31,,netcashfromcontinuingfinancingactivities,repaymentofdebt,Repayment of Debt,+,debit,usd,-60175000.0
Douglas Emmett Inc,DEI,,0001364250,2018.0,Q4,2018-10-01,2018-12-31,,netcashfromcontinuingfinancingactivities,paymentofdividends,Payment of Dividends,+,debit,usd,-55503000.0
Douglas Emmett Inc,DEI,,0001364250,2018.0,Q4,2018-10-01,2018-12-31,,netcashfromcontinuingfinancingactivities,otherfinancingactivitiesnet,"Other Financing Activities, Net",+,debit,usd,-28000.0
Douglas Emmett Inc,DEI,,0001364250,2018.0,Q4,2018-10-01,2018-12-31,,netcashfromfinancingactivities,netcashfromcontinuingfinancingactivities,Net Cash From Continuing Financing Activities,+,debit,usd,-45706000.0
Douglas Emmett Inc,DEI,,0001364250,2018.0,Q4,2018-10-01,2018-12-31,,netchangeincash,netcashfromfinancingactivities,Net Cash From Financing Activities,+,debit,usd,-45706000.0
Douglas Emmett Inc,DEI,,0001364250,2018.0,Q4,2018-10-01,2018-12-31,,,netchangeincash,Net Change in Cash & Equivalents,=,debit,usd,-26135000.0
Douglas Emmett Inc,DEI,,0001364250,2018.0,Q4,2018-10-01,2018-12-31,,,cashinterestpaid,Cash Interest Paid,=,,usd,31032000.0
Douglas Emmett Inc,DEI,,0001364250,2019.0,Q1,2019-01-01,2019-03-31,2019-05-06 08:26:06+00:00,netincomecontinuing,netincome,Consolidated Net Income / (Loss),+,credit,usd,32788000.0
Douglas Emmett Inc,DEI,,0001364250,2019.0,Q1,2019-01-01,2019-03-31,2019-05-06 08:26:06+00:00,netcashfromcontinuingoperatingactivities,netincomecontinuing,Net Income / (Loss) Continuing Operations,+,credit,usd,32788000.0
Douglas Emmett Inc,DEI,,0001364250,2019.0,Q1,2019-01-01,2019-03-31,2019-05-06 08:26:06+00:00,netcashfromcontinuingoperatingactivities,provisionforloanlosses,Provision For Loan Losses,+,debit,usd,1688000.0
Douglas Emmett Inc,DEI,,0001364250,2019.0,Q1,2019-01-01,2019-03-31,2019-05-06 08:26:06+00:00,netcashfromcontinuingoperatingactivities,depreciationexpense,Depreciation Expense,+,debit,usd,79873000.0
Douglas Emmett Inc,DEI,,0001364250,2019.0,Q1,2019-01-01,2019-03-31,2019-05-06 08:26:06+00:00,netcashfromcontinuingoperatingactivities,amortizationexpense,Amortization Expense,+,debit,usd,-2254000.0
Douglas Emmett Inc,DEI,,0001364250,2019.0,Q1,2019-01-01,2019-03-31,2019-05-06 08:26:06+00:00,netcashfromcontinuingoperatingactivities,noncashadjustmentstonetincome,Non-Cash Adjustments to Reconcile Net Income,+,debit,usd,-1739000.0
Douglas Emmett Inc,DEI,,0001364250,2019.0,Q1,2019-01-01,2019-03-31,2019-05-06 08:26:06+00:00,netcashfromcontinuingoperatingactivities,increasedecreaseinoperatingcapital,"Changes in Operating Assets and Liabilities, net",+,debit,usd,22133000.0
Douglas Emmett Inc,DEI,,0001364250,2019.0,Q1,2019-01-01,2019-03-31,2019-05-06 08:26:06+00:00,netcashfromoperatingactivities,netcashfromcontinuingoperatingactivities,Net Cash From Continuing Operating Activities,+,debit,usd,132489000.0
Douglas Emmett Inc,DEI,,0001364250,2019.0,Q1,2019-01-01,2019-03-31,2019-05-06 08:26:06+00:00,netchangeincash,netcashfromoperatingactivities,Net Cash From Operating Activities,+,debit,usd,132489000.0
Douglas Emmett Inc,DEI,,0001364250,2019.0,Q1,2019-01-01,2019-03-31,2019-05-06 08:26:06+00:00,netcashfromcontinuinginvestingactivities,purchaseofplantpropertyandequipment,"Purchase of Property, Leasehold Improvements and Equipment",+,debit,usd,-46498000.0
Douglas Emmett Inc,DEI,,0001364250,2019.0,Q1,2019-01-01,2019-03-31,2019-05-06 08:26:06+00:00,netcashfromcontinuinginvestingactivities,saleofinvestments,Sale and/or Maturity of Investments,+,debit,usd,2225000.0
Douglas Emmett Inc,DEI,,0001364250,2019.0,Q1,2019-01-01,2019-03-31,2019-05-06 08:26:06+00:00,netcashfromcontinuinginvestingactivities,otherinvestingactivitiesnet,"Other Investing Activities, net",+,debit,usd,-17565000.0
Douglas Emmett Inc,DEI,,0001364250,2019.0,Q1,2019-01-01,2019-03-31,2019-05-06 08:26:06+00:00,netcashfrominvestingactivities,netcashfromcontinuinginvestingactivities,Net Cash From Continuing Investing Activities,+,debit,usd,-61838000.0
Douglas Emmett Inc,DEI,,0001364250,2019.0,Q1,2019-01-01,2019-03-31,2019-05-06 08:26:06+00:00,netchangeincash,netcashfrominvestingactivities,Net Cash From Investing Activities,+,debit,usd,-61838000.0
Douglas Emmett Inc,DEI,,0001364250,2019.0,Q1,2019-01-01,2019-03-31,2019-05-06 08:26:06+00:00,netcashfromcontinuingfinancingactivities,issuanceofdebt,Issuance of Debt,+,debit,usd,72318000.0
Douglas Emmett Inc,DEI,,0001364250,2019.0,Q1,2019-01-01,2019-03-31,2019-05-06 08:26:06+00:00,netcashfromcontinuingfinancingactivities,repaymentofdebt,Repayment of Debt,+,debit,usd,-77495000.0
Douglas Emmett Inc,DEI,,0001364250,2019.0,Q1,2019-01-01,2019-03-31,2019-05-06 08:26:06+00:00,netcashfromcontinuingfinancingactivities,paymentofdividends,Payment of Dividends,+,debit,usd,-60023000.0
Douglas Emmett Inc,DEI,,0001364250,2019.0,Q1,2019-01-01,2019-03-31,2019-05-06 08:26:06+00:00,netcashfromcontinuingfinancingactivities,otherfinancingactivitiesnet,"Other Financing Activities, Net",+,debit,usd,-1956000.0
Douglas Emmett Inc,DEI,,0001364250,2019.0,Q1,2019-01-01,2019-03-31,2019-05-06 08:26:06+00:00,netcashfromfinancingactivities,netcashfromcontinuingfinancingactivities,Net Cash From Continuing Financing Activities,+,debit,usd,-67156000.0
Douglas Emmett Inc,DEI,,0001364250,2019.0,Q1,2019-01-01,2019-03-31,2019-05-06 08:26:06+00:00,netchangeincash,netcashfromfinancingactivities,Net Cash From Financing Activities,+,debit,usd,-67156000.0
Douglas Emmett Inc,DEI,,0001364250,2019.0,Q1,2019-01-01,2019-03-31,2019-05-06 08:26:06+00:00,,netchangeincash,Net Change in Cash & Equivalents,=,debit,usd,3495000.0
Douglas Emmett Inc,DEI,,0001364250,2019.0,Q1,2019-01-01,2019-03-31,2019-05-06 08:26:06+00:00,,cashinterestpaid,Cash Interest Paid,=,,usd,31060000.0
Douglas Emmett Inc,DEI,,0001364250,2019.0,Q2,2019-04-01,2019-06-30,,netincomecontinuing,netincome,Consolidated Net Income / (Loss),+,credit,usd,39860000.0
Douglas Emmett Inc,DEI,,0001364250,2019.0,Q2,2019-04-01,2019-06-30,,netcashfromcontinuingoperatingactivities,netincomecontinuing,Net Income / (Loss) Continuing Operations,+,credit,usd,39860000.0
Douglas Emmett Inc,DEI,,0001364250,2019.0,Q2,2019-04-01,2019-06-30,,netcashfromcontinuingoperatingactivities,provisionforloanlosses,Provision For Loan Losses,+,debit,usd,-1679000.0
Douglas Emmett Inc,DEI,,0001364250,2019.0,Q2,2019-04-01,2019-06-30,,netcashfromcontinuingoperatingactivities,depreciationexpense,Depreciation Expense,+,debit,usd,78724000.0
Douglas Emmett Inc,DEI,,0001364250,2019.0,Q2,2019-04-01,2019-06-30,,netcashfromcontinuingoperatingactivities,amortizationexpense,Amortization Expense,+,debit,usd,-1984000.0
Douglas Emmett Inc,DEI,,0001364250,2019.0,Q2,2019-04-01,2019-06-30,,netcashfromcontinuingoperatingactivities,noncashadjustmentstonetincome,Non-Cash Adjustments to Reconcile Net Income,+,debit,usd,59000.0
Douglas Emmett Inc,DEI,,0001364250,2019.0,Q2,2019-04-01,2019-06-30,,netcashfromcontinuingoperatingactivities,increasedecreaseinoperatingcapital,"Changes in Operating Assets and Liabilities, net",+,debit,usd,-19293000.0
Douglas Emmett Inc,DEI,,0001364250,2019.0,Q2,2019-04-01,2019-06-30,,netcashfromoperatingactivities,netcashfromcontinuingoperatingactivities,Net Cash From Continuing Operating Activities,+,debit,usd,95687000.0
Douglas Emmett Inc,DEI,,0001364250,2019.0,Q2,2019-04-01,2019-06-30,,netchangeincash,netcashfromoperatingactivities,Net Cash From Operating Activities,+,debit,usd,95687000.0
Douglas Emmett Inc,DEI,,0001364250,2019.0,Q2,2019-04-01,2019-06-30,,netcashfromcontinuinginvestingactivities,purchaseofplantpropertyandequipment,"Purchase of Property, Leasehold Improvements and Equipment",+,debit,usd,-37446000.0
Douglas Emmett Inc,DEI,,0001364250,2019.0,Q2,2019-04-01,2019-06-30,,netcashfromcontinuinginvestingactivities,purchaseofinvestments,Purchase of Investment Securities,+,debit,usd,-372042000.0
Douglas Emmett Inc,DEI,,0001364250,2019.0,Q2,2019-04-01,2019-06-30,,netcashfromcontinuinginvestingactivities,saleofinvestments,Sale and/or Maturity of Investments,+,debit,usd,1644000.0
Douglas Emmett Inc,DEI,,0001364250,2019.0,Q2,2019-04-01,2019-06-30,,netcashfromcontinuinginvestingactivities,otherinvestingactivitiesnet,"Other Investing Activities, net",+,debit,usd,-12762000.0
Douglas Emmett Inc,DEI,,0001364250,2019.0,Q2,2019-04-01,2019-06-30,,netcashfrominvestingactivities,netcashfromcontinuinginvestingactivities,Net Cash From Continuing Investing Activities,+,debit,usd,-420606000.0
Douglas Emmett Inc,DEI,,0001364250,2019.0,Q2,2019-04-01,2019-06-30,,netchangeincash,netcashfrominvestingactivities,Net Cash From Investing Activities,+,debit,usd,-420606000.0
Douglas Emmett Inc,DEI,,0001364250,2019.0,Q2,2019-04-01,2019-06-30,,netcashfromcontinuingfinancingactivities,issuanceofdebt,Issuance of Debt,+,debit,usd,760000000.0
Douglas Emmett Inc,DEI,,0001364250,2019.0,Q2,2019-04-01,2019-06-30,,netcashfromcontinuingfinancingactivities,issuanceofcommonequity,Issuance of Common Equity,+,debit,usd,200982000.0
Douglas Emmett Inc,DEI,,0001364250,2019.0,Q2,2019-04-01,2019-06-30,,netcashfromcontinuingfinancingactivities,repaymentofdebt,Repayment of Debt,+,debit,usd,-580178000.0
Douglas Emmett Inc,DEI,,0001364250,2019.0,Q2,2019-04-01,2019-06-30,,netcashfromcontinuingfinancingactivities,paymentofdividends,Payment of Dividends,+,debit,usd,-60025000.0
Douglas Emmett Inc,DEI,,0001364250,2019.0,Q2,2019-04-01,2019-06-30,,netcashfromcontinuingfinancingactivities,otherfinancingactivitiesnet,"Other Financing Activities, Net",+,debit,usd,158380000.0
Douglas Emmett Inc,DEI,,0001364250,2019.0,Q2,2019-04-01,2019-06-30,,netcashfromfinancingactivities,netcashfromcontinuingfinancingactivities,Net Cash From Continuing Financing Activities,+,debit,usd,479159000.0
Douglas Emmett Inc,DEI,,0001364250,2019.0,Q2,2019-04-01,2019-06-30,,netchangeincash,netcashfromfinancingactivities,Net Cash From Financing Activities,+,debit,usd,479159000.0
Douglas Emmett Inc,DEI,,0001364250,2019.0,Q2,2019-04-01,2019-06-30,,,netchangeincash,Net Change in Cash & Equivalents,=,debit,usd,154240000.0
Douglas Emmett Inc,DEI,,0001364250,2019.0,Q2,2019-04-01,2019-06-30,,,cashinterestpaid,Cash Interest Paid,=,,usd,31925000.0
Douglas Emmett Inc,DEI,,0001364250,2019.0,Q3,2019-07-01,2019-09-30,,netincomecontinuing,netincome,Consolidated Net Income / (Loss),+,credit,usd,23421000.0
Douglas Emmett Inc,DEI,,0001364250,2019.0,Q3,2019-07-01,2019-09-30,,netcashfromcontinuingoperatingactivities,netincomecontinuing,Net Income / (Loss) Continuing Operations,+,credit,usd,23421000.0
Douglas Emmett Inc,DEI,,0001364250,2019.0,Q3,2019-07-01,2019-09-30,,netcashfromcontinuingoperatingactivities,provisionforloanlosses,Provision For Loan Losses,+,debit,usd,-751000.0
Douglas Emmett Inc,DEI,,0001364250,2019.0,Q3,2019-07-01,2019-09-30,,netcashfromcontinuingoperatingactivities,depreciationexpense,Depreciation Expense,+,debit,usd,90279000.0
Douglas Emmett Inc,DEI,,0001364250,2019.0,Q3,2019-07-01,2019-09-30,,netcashfromcontinuingoperatingactivities,amortizationexpense,Amortization Expense,+,debit,usd,2169000.0
Douglas Emmett Inc,DEI,,0001364250,2019.0,Q3,2019-07-01,2019-09-30,,netcashfromcontinuingoperatingactivities,noncashadjustmentstonetincome,Non-Cash Adjustments to Reconcile Net Income,+,debit,usd,-223000.0
Douglas Emmett Inc,DEI,,0001364250,2019.0,Q3,2019-07-01,2019-09-30,,netcashfromcontinuingoperatingactivities,increasedecreaseinoperatingcapital,"Changes in Operating Assets and Liabilities, net",+,debit,usd,15897000.0
Douglas Emmett Inc,DEI,,0001364250,2019.0,Q3,2019-07-01,2019-09-30,,netcashfromoperatingactivities,netcashfromcontinuingoperatingactivities,Net Cash From Continuing Operating Activities,+,debit,usd,130792000.0
Douglas Emmett Inc,DEI,,0001364250,2019.0,Q3,2019-07-01,2019-09-30,,netchangeincash,netcashfromoperatingactivities,Net Cash From Operating Activities,+,debit,usd,130792000.0
Douglas Emmett Inc,DEI,,0001364250,2019.0,Q3,2019-07-01,2019-09-30,,netcashfromcontinuinginvestingactivities,purchaseofplantpropertyandequipment,"Purchase of Property, Leasehold Improvements and Equipment",+,debit,usd,-44231000.0
Douglas Emmett Inc,DEI,,0001364250,2019.0,Q3,2019-07-01,2019-09-30,,netcashfromcontinuinginvestingactivities,purchaseofinvestments,Purchase of Investment Securities,+,debit,usd,-1351000.0
Douglas Emmett Inc,DEI,,0001364250,2019.0,Q3,2019-07-01,2019-09-30,,netcashfromcontinuinginvestingactivities,saleofinvestments,Sale and/or Maturity of Investments,+,debit,usd,3388000.0
Douglas Emmett Inc,DEI,,0001364250,2019.0,Q3,2019-07-01,2019-09-30,,netcashfromcontinuinginvestingactivities,otherinvestingactivitiesnet,"Other Investing Activities, net",+,debit,usd,-14429000.0
Douglas Emmett Inc,DEI,,0001364250,2019.0,Q3,2019-07-01,2019-09-30,,netcashfrominvestingactivities,netcashfromcontinuinginvestingactivities,Net Cash From Continuing Investing Activities,+,debit,usd,-56623000.0
Douglas Emmett Inc,DEI,,0001364250,2019.0,Q3,2019-07-01,2019-09-30,,netchangeincash,netcashfrominvestingactivities,Net Cash From Investing Activities,+,debit,usd,-56623000.0
Douglas Emmett Inc,DEI,,0001364250,2019.0,Q3,2019-07-01,2019-09-30,,netcashfromcontinuingfinancingactivities,issuanceofdebt,Issuance of Debt,+,debit,usd,950239000.0
Douglas Emmett Inc,DEI,,0001364250,2019.0,Q3,2019-07-01,2019-09-30,,netcashfromcontinuingfinancingactivities,repaymentofdebt,Repayment of Debt,+,debit,usd,-1075419000.0
Douglas Emmett Inc,DEI,,0001364250,2019.0,Q3,2019-07-01,2019-09-30,,netcashfromcontinuingfinancingactivities,paymentofdividends,Payment of Dividends,+,debit,usd,-61284000.0
Douglas Emmett Inc,DEI,,0001364250,2019.0,Q3,2019-07-01,2019-09-30,,netcashfromcontinuingfinancingactivities,otherfinancingactivitiesnet,"Other Financing Activities, Net",+,debit,usd,-10157000.0
Douglas Emmett Inc,DEI,,0001364250,2019.0,Q3,2019-07-01,2019-09-30,,netcashfromfinancingactivities,netcashfromcontinuingfinancingactivities,Net Cash From Continuing Financing Activities,+,debit,usd,-196621000.0
Douglas Emmett Inc,DEI,,0001364250,2019.0,Q3,2019-07-01,2019-09-30,,netchangeincash,netcashfromfinancingactivities,Net Cash From Financing Activities,+,debit,usd,-196621000.0
Douglas Emmett Inc,DEI,,0001364250,2019.0,Q3,2019-07-01,2019-09-30,,,netchangeincash,Net Change in Cash & Equivalents,=,debit,usd,-122452000.0
Douglas Emmett Inc,DEI,,0001364250,2019.0,Q3,2019-07-01,2019-09-30,,,cashinterestpaid,Cash Interest Paid,=,,usd,35439000.0
Douglas Emmett Inc,DEI,,0001364250,2019.0,Q4,2019-10-01,2019-12-31,,netincomecontinuing,netincome,Consolidated Net Income / (Loss),+,credit,usd,322629000.0
Douglas Emmett Inc,DEI,,0001364250,2019.0,Q4,2019-10-01,2019-12-31,,netcashfromcontinuingoperatingactivities,netincomecontinuing,Net Income / (Loss) Continuing Operations,+,credit,usd,322629000.0
Douglas Emmett Inc,DEI,,0001364250,2019.0,Q4,2019-10-01,2019-12-31,,netcashfromcontinuingoperatingactivities,provisionforloanlosses,Provision For Loan Losses,+,debit,usd,4845000.0
Douglas Emmett Inc,DEI,,0001364250,2019.0,Q4,2019-10-01,2019-12-31,,netcashfromcontinuingoperatingactivities,depreciationexpense,Depreciation Expense,+,debit,usd,108867000.0
Douglas Emmett Inc,DEI,,0001364250,2019.0,Q4,2019-10-01,2019-12-31,,netcashfromcontinuingoperatingactivities,amortizationexpense,Amortization Expense,+,debit,usd,-142000.0
Douglas Emmett Inc,DEI,,0001364250,2019.0,Q4,2019-10-01,2019-12-31,,netcashfromcontinuingoperatingactivities,noncashadjustmentstonetincome,Non-Cash Adjustments to Reconcile Net Income,+,debit,usd,-297913000.0
Douglas Emmett Inc,DEI,,0001364250,2019.0,Q4,2019-10-01,2019-12-31,,netcashfromcontinuingoperatingactivities,increasedecreaseinoperatingcapital,"Changes in Operating Assets and Liabilities, net",+,debit,usd,-27668000.0
Douglas Emmett Inc,DEI,,0001364250,2019.0,Q4,2019-10-01,2019-12-31,,netcashfromoperatingactivities,netcashfromcontinuingoperatingactivities,Net Cash From Continuing Operating Activities,+,debit,usd,110618000.0
Douglas Emmett Inc,DEI,,0001364250,2019.0,Q4,2019-10-01,2019-12-31,,netchangeincash,netcashfromoperatingactivities,Net Cash From Operating Activities,+,debit,usd,110618000.0
Douglas Emmett Inc,DEI,,0001364250,2019.0,Q4,2019-10-01,2019-12-31,,netcashfromcontinuinginvestingactivities,purchaseofplantpropertyandequipment,"Purchase of Property, Leasehold Improvements and Equipment",+,debit,usd,-48273000.0
Douglas Emmett Inc,DEI,,0001364250,2019.0,Q4,2019-10-01,2019-12-31,,netcashfromcontinuinginvestingactivities,purchaseofinvestments,Purchase of Investment Securities,+,debit,usd,-83246000.0
Douglas Emmett Inc,DEI,,0001364250,2019.0,Q4,2019-10-01,2019-12-31,,netcashfromcontinuinginvestingactivities,saleofinvestments,Sale and/or Maturity of Investments,+,debit,usd,-1404000.0
Douglas Emmett Inc,DEI,,0001364250,2019.0,Q4,2019-10-01,2019-12-31,,netcashfromcontinuinginvestingactivities,otherinvestingactivitiesnet,"Other Investing Activities, net",+,debit,usd,22322000.0
Douglas Emmett Inc,DEI,,0001364250,2019.0,Q4,2019-10-01,2019-12-31,,netcashfrominvestingactivities,netcashfromcontinuinginvestingactivities,Net Cash From Continuing Investing Activities,+,debit,usd,-110601000.0
Douglas Emmett Inc,DEI,,0001364250,2019.0,Q4,2019-10-01,2019-12-31,,netchangeincash,netcashfrominvestingactivities,Net Cash From Investing Activities,+,debit,usd,-110601000.0
Douglas Emmett Inc,DEI,,0001364250,2019.0,Q4,2019-10-01,2019-12-31,,netcashfromcontinuingfinancingactivities,issuanceofdebt,Issuance of Debt,+,debit,usd,402443000.0
Douglas Emmett Inc,DEI,,0001364250,2019.0,Q4,2019-10-01,2019-12-31,,netcashfromcontinuingfinancingactivities,issuanceofcommonequity,Issuance of Common Equity,+,debit,usd,1000.0
Douglas Emmett Inc,DEI,,0001364250,2019.0,Q4,2019-10-01,2019-12-31,,netcashfromcontinuingfinancingactivities,repaymentofdebt,Repayment of Debt,+,debit,usd,-362626000.0
Douglas Emmett Inc,DEI,,0001364250,2019.0,Q4,2019-10-01,2019-12-31,,netcashfromcontinuingfinancingactivities,paymentofdividends,Payment of Dividends,+,debit,usd,-62869000.0
Douglas Emmett Inc,DEI,,0001364250,2019.0,Q4,2019-10-01,2019-12-31,,netcashfromcontinuingfinancingactivities,otherfinancingactivitiesnet,"Other Financing Activities, Net",+,debit,usd,-4793000.0
Douglas Emmett Inc,DEI,,0001364250,2019.0,Q4,2019-10-01,2019-12-31,,netcashfromfinancingactivities,netcashfromcontinuingfinancingactivities,Net Cash From Continuing Financing Activities,+,debit,usd,-27844000.0
Douglas Emmett Inc,DEI,,0001364250,2019.0,Q4,2019-10-01,2019-12-31,,netchangeincash,netcashfromfinancingactivities,Net Cash From Financing Activities,+,debit,usd,-27844000.0
Douglas Emmett Inc,DEI,,0001364250,2019.0,Q4,2019-10-01,2019-12-31,,,netchangeincash,Net Change in Cash & Equivalents,=,debit,usd,-27827000.0
Douglas Emmett Inc,DEI,,0001364250,2019.0,Q4,2019-10-01,2019-12-31,,,cashinterestpaid,Cash Interest Paid,=,,usd,29781000.0
