company_name,company_ticker,company_lei,company_cik,year,quarter,start_date,end_date,filing_date,parent,tag,financial_name,factor,balance,unit,value
Integrated Silicon Solution Inc ,ISSI,,0000854701,2010.0,Q4,2010-07-01,2010-09-30,,netincomecontinuing,netincome,Consolidated Net Income / (Loss),+,credit,usd,12225000.0
Integrated Silicon Solution Inc ,ISSI,,0000854701,2010.0,Q4,2010-07-01,2010-09-30,,netcashfromcontinuingoperatingactivities,netincomecontinuing,Net Income / (Loss) Continuing Operations,+,credit,usd,12225000.0
Integrated Silicon Solution Inc ,ISSI,,0000854701,2010.0,Q4,2010-07-01,2010-09-30,,netcashfromcontinuingoperatingactivities,depreciationexpense,Depreciation Expense,+,debit,usd,1033000.0
Integrated Silicon Solution Inc ,ISSI,,0000854701,2010.0,Q4,2010-07-01,2010-09-30,,netcashfromcontinuingoperatingactivities,amortizationexpense,Amortization Expense,+,debit,usd,236000.0
Integrated Silicon Solution Inc ,ISSI,,0000854701,2010.0,Q4,2010-07-01,2010-09-30,,netcashfromcontinuingoperatingactivities,noncashadjustmentstonetincome,Non-Cash Adjustments To Reconcile Net Income,+,debit,usd,1151000.0
Integrated Silicon Solution Inc ,ISSI,,0000854701,2010.0,Q4,2010-07-01,2010-09-30,,netcashfromcontinuingoperatingactivities,increasedecreaseinoperatingcapital,"Changes in Operating Assets and Liabilities, net",+,debit,usd,-11226000.0
Integrated Silicon Solution Inc ,ISSI,,0000854701,2010.0,Q4,2010-07-01,2010-09-30,,netcashfromoperatingactivities,netcashfromcontinuingoperatingactivities,Net Cash From Continuing Operating Activities,+,debit,usd,3419000.0
Integrated Silicon Solution Inc ,ISSI,,0000854701,2010.0,Q4,2010-07-01,2010-09-30,,netchangeincash,netcashfromoperatingactivities,Net Cash From Operating Activities,+,debit,usd,3419000.0
Integrated Silicon Solution Inc ,ISSI,,0000854701,2010.0,Q4,2010-07-01,2010-09-30,,netcashfromcontinuinginvestingactivities,purchaseofplantpropertyandequipment,"Purchase of Property, Plant & Equipment",+,debit,usd,-3210000.0
Integrated Silicon Solution Inc ,ISSI,,0000854701,2010.0,Q4,2010-07-01,2010-09-30,,netcashfromcontinuinginvestingactivities,acquisitions,Acquisitions,+,debit,usd,-50000.0
Integrated Silicon Solution Inc ,ISSI,,0000854701,2010.0,Q4,2010-07-01,2010-09-30,,netcashfromcontinuinginvestingactivities,saleofinvestments,Sale and/or Maturity of Investments,+,debit,usd,10500000.0
Integrated Silicon Solution Inc ,ISSI,,0000854701,2010.0,Q4,2010-07-01,2010-09-30,,netcashfromcontinuinginvestingactivities,otherinvestingactivitiesnet,"Other Investing Activities, net",+,debit,usd,-150000.0
Integrated Silicon Solution Inc ,ISSI,,0000854701,2010.0,Q4,2010-07-01,2010-09-30,,netcashfrominvestingactivities,netcashfromcontinuinginvestingactivities,Net Cash From Continuing Investing Activities,+,debit,usd,7090000.0
Integrated Silicon Solution Inc ,ISSI,,0000854701,2010.0,Q4,2010-07-01,2010-09-30,,netchangeincash,netcashfrominvestingactivities,Net Cash From Investing Activities,+,debit,usd,7090000.0
Integrated Silicon Solution Inc ,ISSI,,0000854701,2010.0,Q4,2010-07-01,2010-09-30,,netcashfromcontinuingfinancingactivities,issuanceofcommonequity,Issuance of Common Equity,+,debit,usd,1052000.0
Integrated Silicon Solution Inc ,ISSI,,0000854701,2010.0,Q4,2010-07-01,2010-09-30,,netcashfromfinancingactivities,netcashfromcontinuingfinancingactivities,Net Cash From Continuing Financing Activities,+,debit,usd,1052000.0
Integrated Silicon Solution Inc ,ISSI,,0000854701,2010.0,Q4,2010-07-01,2010-09-30,,netchangeincash,netcashfromfinancingactivities,Net Cash From Financing Activities,+,debit,usd,1052000.0
Integrated Silicon Solution Inc ,ISSI,,0000854701,2010.0,Q4,2010-07-01,2010-09-30,,netchangeincash,effectofexchangeratechanges,Effect of Exchange Rate Changes,+,debit,usd,579000.0
Integrated Silicon Solution Inc ,ISSI,,0000854701,2010.0,Q4,2010-07-01,2010-09-30,,,netchangeincash,Net Change in Cash & Equivalents,=,debit,usd,12140000.0
Integrated Silicon Solution Inc ,ISSI,,0000854701,2010.0,Q4,2010-07-01,2010-09-30,,,cashincometaxespaid,Cash Income Taxes Paid,=,,usd,211000.0
Integrated Silicon Solution Inc ,ISSI,,0000854701,2011.0,Q1,2010-10-01,2010-12-31,2012-02-09 15:45:33+00:00,netincomecontinuing,netincome,Consolidated Net Income / (Loss),+,credit,usd,7214000.0
Integrated Silicon Solution Inc ,ISSI,,0000854701,2011.0,Q1,2010-10-01,2010-12-31,2012-02-09 15:45:33+00:00,netcashfromcontinuingoperatingactivities,netincomecontinuing,Net Income / (Loss) Continuing Operations,+,credit,usd,7214000.0
Integrated Silicon Solution Inc ,ISSI,,0000854701,2011.0,Q1,2010-10-01,2010-12-31,2012-02-09 15:45:33+00:00,netcashfromcontinuingoperatingactivities,depreciationexpense,Depreciation Expense,+,debit,usd,1046000.0
Integrated Silicon Solution Inc ,ISSI,,0000854701,2011.0,Q1,2010-10-01,2010-12-31,2012-02-09 15:45:33+00:00,netcashfromcontinuingoperatingactivities,amortizationexpense,Amortization Expense,+,debit,usd,236000.0
Integrated Silicon Solution Inc ,ISSI,,0000854701,2011.0,Q1,2010-10-01,2010-12-31,2012-02-09 15:45:33+00:00,netcashfromcontinuingoperatingactivities,noncashadjustmentstonetincome,Non-Cash Adjustments To Reconcile Net Income,+,debit,usd,449000.0
Integrated Silicon Solution Inc ,ISSI,,0000854701,2011.0,Q1,2010-10-01,2010-12-31,2012-02-09 15:45:33+00:00,netcashfromcontinuingoperatingactivities,increasedecreaseinoperatingcapital,"Changes in Operating Assets and Liabilities, net",+,debit,usd,-13798000.0
Integrated Silicon Solution Inc ,ISSI,,0000854701,2011.0,Q1,2010-10-01,2010-12-31,2012-02-09 15:45:33+00:00,netcashfromoperatingactivities,netcashfromcontinuingoperatingactivities,Net Cash From Continuing Operating Activities,+,debit,usd,-4853000.0
Integrated Silicon Solution Inc ,ISSI,,0000854701,2011.0,Q1,2010-10-01,2010-12-31,2012-02-09 15:45:33+00:00,netchangeincash,netcashfromoperatingactivities,Net Cash From Operating Activities,+,debit,usd,-4853000.0
Integrated Silicon Solution Inc ,ISSI,,0000854701,2011.0,Q1,2010-10-01,2010-12-31,2012-02-09 15:45:33+00:00,netcashfromcontinuinginvestingactivities,purchaseofplantpropertyandequipment,"Purchase of Property, Plant & Equipment",+,debit,usd,-528000.0
Integrated Silicon Solution Inc ,ISSI,,0000854701,2011.0,Q1,2010-10-01,2010-12-31,2012-02-09 15:45:33+00:00,netcashfromcontinuinginvestingactivities,acquisitions,Acquisitions,+,debit,usd,-6455000.0
Integrated Silicon Solution Inc ,ISSI,,0000854701,2011.0,Q1,2010-10-01,2010-12-31,2012-02-09 15:45:33+00:00,netcashfromcontinuinginvestingactivities,saleofinvestments,Sale and/or Maturity of Investments,+,debit,usd,2062000.0
Integrated Silicon Solution Inc ,ISSI,,0000854701,2011.0,Q1,2010-10-01,2010-12-31,2012-02-09 15:45:33+00:00,netcashfromcontinuinginvestingactivities,otherinvestingactivitiesnet,"Other Investing Activities, net",+,debit,usd,-1709000.0
Integrated Silicon Solution Inc ,ISSI,,0000854701,2011.0,Q1,2010-10-01,2010-12-31,2012-02-09 15:45:33+00:00,netcashfrominvestingactivities,netcashfromcontinuinginvestingactivities,Net Cash From Continuing Investing Activities,+,debit,usd,-6630000.0
Integrated Silicon Solution Inc ,ISSI,,0000854701,2011.0,Q1,2010-10-01,2010-12-31,2012-02-09 15:45:33+00:00,netchangeincash,netcashfrominvestingactivities,Net Cash From Investing Activities,+,debit,usd,-6630000.0
Integrated Silicon Solution Inc ,ISSI,,0000854701,2011.0,Q1,2010-10-01,2010-12-31,2012-02-09 15:45:33+00:00,netcashfromcontinuingfinancingactivities,repaymentofdebt,Repayment of Debt,+,debit,usd,0.0
Integrated Silicon Solution Inc ,ISSI,,0000854701,2011.0,Q1,2010-10-01,2010-12-31,2012-02-09 15:45:33+00:00,netcashfromcontinuingfinancingactivities,repurchaseofcommonequity,Repurchase of Common Equity,+,debit,usd,0.0
Integrated Silicon Solution Inc ,ISSI,,0000854701,2011.0,Q1,2010-10-01,2010-12-31,2012-02-09 15:45:33+00:00,netcashfromcontinuingfinancingactivities,issuanceofdebt,Issuance of Debt,+,debit,usd,0.0
Integrated Silicon Solution Inc ,ISSI,,0000854701,2011.0,Q1,2010-10-01,2010-12-31,2012-02-09 15:45:33+00:00,netcashfromcontinuingfinancingactivities,issuanceofcommonequity,Issuance of Common Equity,+,debit,usd,529000.0
Integrated Silicon Solution Inc ,ISSI,,0000854701,2011.0,Q1,2010-10-01,2010-12-31,2012-02-09 15:45:33+00:00,netcashfromfinancingactivities,netcashfromcontinuingfinancingactivities,Net Cash From Continuing Financing Activities,+,debit,usd,529000.0
Integrated Silicon Solution Inc ,ISSI,,0000854701,2011.0,Q1,2010-10-01,2010-12-31,2012-02-09 15:45:33+00:00,netchangeincash,netcashfromfinancingactivities,Net Cash From Financing Activities,+,debit,usd,529000.0
Integrated Silicon Solution Inc ,ISSI,,0000854701,2011.0,Q1,2010-10-01,2010-12-31,2012-02-09 15:45:33+00:00,netchangeincash,effectofexchangeratechanges,Effect of Exchange Rate Changes,+,debit,usd,389000.0
Integrated Silicon Solution Inc ,ISSI,,0000854701,2011.0,Q1,2010-10-01,2010-12-31,2012-02-09 15:45:33+00:00,,netchangeincash,Net Change in Cash & Equivalents,=,debit,usd,-10565000.0
Integrated Silicon Solution Inc ,ISSI,,0000854701,2011.0,Q2,2011-01-01,2011-03-31,,netincomecontinuing,netincome,Consolidated Net Income / (Loss),+,credit,usd,5758000.0
Integrated Silicon Solution Inc ,ISSI,,0000854701,2011.0,Q2,2011-01-01,2011-03-31,,netcashfromcontinuingoperatingactivities,netincomecontinuing,Net Income / (Loss) Continuing Operations,+,credit,usd,5758000.0
Integrated Silicon Solution Inc ,ISSI,,0000854701,2011.0,Q2,2011-01-01,2011-03-31,,netcashfromcontinuingoperatingactivities,depreciationexpense,Depreciation Expense,+,debit,usd,1219000.0
Integrated Silicon Solution Inc ,ISSI,,0000854701,2011.0,Q2,2011-01-01,2011-03-31,,netcashfromcontinuingoperatingactivities,amortizationexpense,Amortization Expense,+,debit,usd,486000.0
Integrated Silicon Solution Inc ,ISSI,,0000854701,2011.0,Q2,2011-01-01,2011-03-31,,netcashfromcontinuingoperatingactivities,noncashadjustmentstonetincome,Non-Cash Adjustments To Reconcile Net Income,+,debit,usd,1235000.0
Integrated Silicon Solution Inc ,ISSI,,0000854701,2011.0,Q2,2011-01-01,2011-03-31,,netcashfromcontinuingoperatingactivities,increasedecreaseinoperatingcapital,"Changes in Operating Assets and Liabilities, net",+,debit,usd,-1117000.0
Integrated Silicon Solution Inc ,ISSI,,0000854701,2011.0,Q2,2011-01-01,2011-03-31,,netcashfromoperatingactivities,netcashfromcontinuingoperatingactivities,Net Cash From Continuing Operating Activities,+,debit,usd,7581000.0
Integrated Silicon Solution Inc ,ISSI,,0000854701,2011.0,Q2,2011-01-01,2011-03-31,,netchangeincash,netcashfromoperatingactivities,Net Cash From Operating Activities,+,debit,usd,7581000.0
Integrated Silicon Solution Inc ,ISSI,,0000854701,2011.0,Q2,2011-01-01,2011-03-31,,netcashfromcontinuinginvestingactivities,purchaseofplantpropertyandequipment,"Purchase of Property, Plant & Equipment",+,debit,usd,-883000.0
Integrated Silicon Solution Inc ,ISSI,,0000854701,2011.0,Q2,2011-01-01,2011-03-31,,netcashfromcontinuinginvestingactivities,acquisitions,Acquisitions,+,debit,usd,-15960000.0
Integrated Silicon Solution Inc ,ISSI,,0000854701,2011.0,Q2,2011-01-01,2011-03-31,,netcashfromcontinuinginvestingactivities,purchaseofinvestments,Purchase of Investments,+,debit,usd,-1151000.0
Integrated Silicon Solution Inc ,ISSI,,0000854701,2011.0,Q2,2011-01-01,2011-03-31,,netcashfromcontinuinginvestingactivities,otherinvestingactivitiesnet,"Other Investing Activities, net",+,debit,usd,-221000.0
Integrated Silicon Solution Inc ,ISSI,,0000854701,2011.0,Q2,2011-01-01,2011-03-31,,netcashfrominvestingactivities,netcashfromcontinuinginvestingactivities,Net Cash From Continuing Investing Activities,+,debit,usd,-18215000.0
Integrated Silicon Solution Inc ,ISSI,,0000854701,2011.0,Q2,2011-01-01,2011-03-31,,netchangeincash,netcashfrominvestingactivities,Net Cash From Investing Activities,+,debit,usd,-18215000.0
Integrated Silicon Solution Inc ,ISSI,,0000854701,2011.0,Q2,2011-01-01,2011-03-31,,netcashfromcontinuingfinancingactivities,repurchaseofcommonequity,Repurchase of Common Equity,+,debit,usd,-18000.0
Integrated Silicon Solution Inc ,ISSI,,0000854701,2011.0,Q2,2011-01-01,2011-03-31,,netcashfromcontinuingfinancingactivities,issuanceofcommonequity,Issuance of Common Equity,+,debit,usd,1832000.0
Integrated Silicon Solution Inc ,ISSI,,0000854701,2011.0,Q2,2011-01-01,2011-03-31,,netcashfromfinancingactivities,netcashfromcontinuingfinancingactivities,Net Cash From Continuing Financing Activities,+,debit,usd,1814000.0
Integrated Silicon Solution Inc ,ISSI,,0000854701,2011.0,Q2,2011-01-01,2011-03-31,,netchangeincash,netcashfromfinancingactivities,Net Cash From Financing Activities,+,debit,usd,1814000.0
Integrated Silicon Solution Inc ,ISSI,,0000854701,2011.0,Q2,2011-01-01,2011-03-31,,netchangeincash,effectofexchangeratechanges,Effect of Exchange Rate Changes,+,debit,usd,406000.0
Integrated Silicon Solution Inc ,ISSI,,0000854701,2011.0,Q2,2011-01-01,2011-03-31,,,netchangeincash,Net Change in Cash & Equivalents,=,debit,usd,-8414000.0
Integrated Silicon Solution Inc ,ISSI,,0000854701,2011.0,Q3,2011-04-01,2011-06-30,,netincomecontinuing,netincome,Consolidated Net Income / (Loss),+,credit,usd,8095000.0
Integrated Silicon Solution Inc ,ISSI,,0000854701,2011.0,Q3,2011-04-01,2011-06-30,,netcashfromcontinuingoperatingactivities,netincomecontinuing,Net Income / (Loss) Continuing Operations,+,credit,usd,8095000.0
Integrated Silicon Solution Inc ,ISSI,,0000854701,2011.0,Q3,2011-04-01,2011-06-30,,netcashfromcontinuingoperatingactivities,depreciationexpense,Depreciation Expense,+,debit,usd,1246000.0
Integrated Silicon Solution Inc ,ISSI,,0000854701,2011.0,Q3,2011-04-01,2011-06-30,,netcashfromcontinuingoperatingactivities,amortizationexpense,Amortization Expense,+,debit,usd,657000.0
Integrated Silicon Solution Inc ,ISSI,,0000854701,2011.0,Q3,2011-04-01,2011-06-30,,netcashfromcontinuingoperatingactivities,noncashadjustmentstonetincome,Non-Cash Adjustments To Reconcile Net Income,+,debit,usd,769000.0
Integrated Silicon Solution Inc ,ISSI,,0000854701,2011.0,Q3,2011-04-01,2011-06-30,,netcashfromcontinuingoperatingactivities,increasedecreaseinoperatingcapital,"Changes in Operating Assets and Liabilities, net",+,debit,usd,6073000.0
Integrated Silicon Solution Inc ,ISSI,,0000854701,2011.0,Q3,2011-04-01,2011-06-30,,netcashfromoperatingactivities,netcashfromcontinuingoperatingactivities,Net Cash From Continuing Operating Activities,+,debit,usd,16840000.0
Integrated Silicon Solution Inc ,ISSI,,0000854701,2011.0,Q3,2011-04-01,2011-06-30,,netchangeincash,netcashfromoperatingactivities,Net Cash From Operating Activities,+,debit,usd,16840000.0
Integrated Silicon Solution Inc ,ISSI,,0000854701,2011.0,Q3,2011-04-01,2011-06-30,,netcashfromcontinuinginvestingactivities,purchaseofplantpropertyandequipment,"Purchase of Property, Plant & Equipment",+,debit,usd,-2663000.0
Integrated Silicon Solution Inc ,ISSI,,0000854701,2011.0,Q3,2011-04-01,2011-06-30,,netcashfromcontinuinginvestingactivities,purchaseofinvestments,Purchase of Investments,+,debit,usd,-911000.0
Integrated Silicon Solution Inc ,ISSI,,0000854701,2011.0,Q3,2011-04-01,2011-06-30,,netcashfromcontinuinginvestingactivities,saleofplantpropertyandequipment,"Sale of Property, Plant & Equipment",+,debit,usd,20000.0
Integrated Silicon Solution Inc ,ISSI,,0000854701,2011.0,Q3,2011-04-01,2011-06-30,,netcashfromcontinuinginvestingactivities,saleofinvestments,Sale and/or Maturity of Investments,+,debit,usd,1179000.0
Integrated Silicon Solution Inc ,ISSI,,0000854701,2011.0,Q3,2011-04-01,2011-06-30,,netcashfromcontinuinginvestingactivities,otherinvestingactivitiesnet,"Other Investing Activities, net",+,debit,usd,-150000.0
Integrated Silicon Solution Inc ,ISSI,,0000854701,2011.0,Q3,2011-04-01,2011-06-30,,netcashfrominvestingactivities,netcashfromcontinuinginvestingactivities,Net Cash From Continuing Investing Activities,+,debit,usd,-2525000.0
Integrated Silicon Solution Inc ,ISSI,,0000854701,2011.0,Q3,2011-04-01,2011-06-30,,netchangeincash,netcashfrominvestingactivities,Net Cash From Investing Activities,+,debit,usd,-2525000.0
Integrated Silicon Solution Inc ,ISSI,,0000854701,2011.0,Q3,2011-04-01,2011-06-30,,netcashfromcontinuingfinancingactivities,repaymentofdebt,Repayment of Debt,+,debit,usd,-5000000.0
Integrated Silicon Solution Inc ,ISSI,,0000854701,2011.0,Q3,2011-04-01,2011-06-30,,netcashfromcontinuingfinancingactivities,issuanceofdebt,Issuance of Debt,+,debit,usd,5000000.0
Integrated Silicon Solution Inc ,ISSI,,0000854701,2011.0,Q3,2011-04-01,2011-06-30,,netcashfromcontinuingfinancingactivities,issuanceofcommonequity,Issuance of Common Equity,+,debit,usd,147000.0
Integrated Silicon Solution Inc ,ISSI,,0000854701,2011.0,Q3,2011-04-01,2011-06-30,,netcashfromfinancingactivities,netcashfromcontinuingfinancingactivities,Net Cash From Continuing Financing Activities,+,debit,usd,147000.0
Integrated Silicon Solution Inc ,ISSI,,0000854701,2011.0,Q3,2011-04-01,2011-06-30,,netchangeincash,netcashfromfinancingactivities,Net Cash From Financing Activities,+,debit,usd,147000.0
Integrated Silicon Solution Inc ,ISSI,,0000854701,2011.0,Q3,2011-04-01,2011-06-30,,netchangeincash,effectofexchangeratechanges,Effect of Exchange Rate Changes,+,debit,usd,1019000.0
Integrated Silicon Solution Inc ,ISSI,,0000854701,2011.0,Q3,2011-04-01,2011-06-30,,,netchangeincash,Net Change in Cash & Equivalents,=,debit,usd,15481000.0
Integrated Silicon Solution Inc ,ISSI,,0000854701,2011.0,Q4,2011-07-01,2011-09-30,,netincomecontinuing,netincome,Consolidated Net Income / (Loss),+,credit,usd,35056000.0
Integrated Silicon Solution Inc ,ISSI,,0000854701,2011.0,Q4,2011-07-01,2011-09-30,,netcashfromcontinuingoperatingactivities,netincomecontinuing,Net Income / (Loss) Continuing Operations,+,credit,usd,35056000.0
Integrated Silicon Solution Inc ,ISSI,,0000854701,2011.0,Q4,2011-07-01,2011-09-30,,netcashfromcontinuingoperatingactivities,depreciationexpense,Depreciation Expense,+,debit,usd,1320000.0
Integrated Silicon Solution Inc ,ISSI,,0000854701,2011.0,Q4,2011-07-01,2011-09-30,,netcashfromcontinuingoperatingactivities,amortizationexpense,Amortization Expense,+,debit,usd,319000.0
Integrated Silicon Solution Inc ,ISSI,,0000854701,2011.0,Q4,2011-07-01,2011-09-30,,netcashfromcontinuingoperatingactivities,noncashadjustmentstonetincome,Non-Cash Adjustments To Reconcile Net Income,+,debit,usd,1182000.0
Integrated Silicon Solution Inc ,ISSI,,0000854701,2011.0,Q4,2011-07-01,2011-09-30,,netcashfromcontinuingoperatingactivities,increasedecreaseinoperatingcapital,"Changes in Operating Assets and Liabilities, net",+,debit,usd,-26881000.0
Integrated Silicon Solution Inc ,ISSI,,0000854701,2011.0,Q4,2011-07-01,2011-09-30,,netcashfromoperatingactivities,netcashfromcontinuingoperatingactivities,Net Cash From Continuing Operating Activities,+,debit,usd,10996000.0
Integrated Silicon Solution Inc ,ISSI,,0000854701,2011.0,Q4,2011-07-01,2011-09-30,,netchangeincash,netcashfromoperatingactivities,Net Cash From Operating Activities,+,debit,usd,10996000.0
Integrated Silicon Solution Inc ,ISSI,,0000854701,2011.0,Q4,2011-07-01,2011-09-30,,netcashfromcontinuinginvestingactivities,purchaseofplantpropertyandequipment,"Purchase of Property, Plant & Equipment",+,debit,usd,-2255000.0
Integrated Silicon Solution Inc ,ISSI,,0000854701,2011.0,Q4,2011-07-01,2011-09-30,,netcashfromcontinuinginvestingactivities,purchaseofinvestments,Purchase of Investments,+,debit,usd,-1882000.0
Integrated Silicon Solution Inc ,ISSI,,0000854701,2011.0,Q4,2011-07-01,2011-09-30,,netcashfromcontinuinginvestingactivities,saleofplantpropertyandequipment,"Sale of Property, Plant & Equipment",+,debit,usd,-20000.0
Integrated Silicon Solution Inc ,ISSI,,0000854701,2011.0,Q4,2011-07-01,2011-09-30,,netcashfromcontinuinginvestingactivities,saleofinvestments,Sale and/or Maturity of Investments,+,debit,usd,2832000.0
Integrated Silicon Solution Inc ,ISSI,,0000854701,2011.0,Q4,2011-07-01,2011-09-30,,netcashfromcontinuinginvestingactivities,otherinvestingactivitiesnet,"Other Investing Activities, net",+,debit,usd,401000.0
Integrated Silicon Solution Inc ,ISSI,,0000854701,2011.0,Q4,2011-07-01,2011-09-30,,netcashfrominvestingactivities,netcashfromcontinuinginvestingactivities,Net Cash From Continuing Investing Activities,+,debit,usd,-924000.0
Integrated Silicon Solution Inc ,ISSI,,0000854701,2011.0,Q4,2011-07-01,2011-09-30,,netchangeincash,netcashfrominvestingactivities,Net Cash From Investing Activities,+,debit,usd,-924000.0
Integrated Silicon Solution Inc ,ISSI,,0000854701,2011.0,Q4,2011-07-01,2011-09-30,,netcashfromcontinuingfinancingactivities,repaymentofdebt,Repayment of Debt,+,debit,usd,-6750000.0
Integrated Silicon Solution Inc ,ISSI,,0000854701,2011.0,Q4,2011-07-01,2011-09-30,,netcashfromcontinuingfinancingactivities,repurchaseofcommonequity,Repurchase of Common Equity,+,debit,usd,-4079000.0
Integrated Silicon Solution Inc ,ISSI,,0000854701,2011.0,Q4,2011-07-01,2011-09-30,,netcashfromcontinuingfinancingactivities,issuanceofdebt,Issuance of Debt,+,debit,usd,6750000.0
Integrated Silicon Solution Inc ,ISSI,,0000854701,2011.0,Q4,2011-07-01,2011-09-30,,netcashfromcontinuingfinancingactivities,issuanceofcommonequity,Issuance of Common Equity,+,debit,usd,877000.0
Integrated Silicon Solution Inc ,ISSI,,0000854701,2011.0,Q4,2011-07-01,2011-09-30,,netcashfromfinancingactivities,netcashfromcontinuingfinancingactivities,Net Cash From Continuing Financing Activities,+,debit,usd,-3202000.0
Integrated Silicon Solution Inc ,ISSI,,0000854701,2011.0,Q4,2011-07-01,2011-09-30,,netchangeincash,netcashfromfinancingactivities,Net Cash From Financing Activities,+,debit,usd,-3202000.0
Integrated Silicon Solution Inc ,ISSI,,0000854701,2011.0,Q4,2011-07-01,2011-09-30,,netchangeincash,effectofexchangeratechanges,Effect of Exchange Rate Changes,+,debit,usd,-1174000.0
Integrated Silicon Solution Inc ,ISSI,,0000854701,2011.0,Q4,2011-07-01,2011-09-30,,,netchangeincash,Net Change in Cash & Equivalents,=,debit,usd,5696000.0
Integrated Silicon Solution Inc ,ISSI,,0000854701,2011.0,Q4,2011-07-01,2011-09-30,,,cashinterestpaid,Cash Interest Paid,=,,usd,23000.0
Integrated Silicon Solution Inc ,ISSI,,0000854701,2011.0,Q4,2011-07-01,2011-09-30,,,cashincometaxespaid,Cash Income Taxes Paid,=,,usd,1601000.0
Integrated Silicon Solution Inc ,ISSI,,0000854701,2012.0,Q1,2011-10-01,2011-12-31,2013-02-08 15:19:33+00:00,netincomecontinuing,netincome,Consolidated Net Income / (Loss),+,credit,usd,3769000.0
Integrated Silicon Solution Inc ,ISSI,,0000854701,2012.0,Q1,2011-10-01,2011-12-31,2013-02-08 15:19:33+00:00,netcashfromcontinuingoperatingactivities,netincomecontinuing,Net Income / (Loss) Continuing Operations,+,credit,usd,3769000.0
Integrated Silicon Solution Inc ,ISSI,,0000854701,2012.0,Q1,2011-10-01,2011-12-31,2013-02-08 15:19:33+00:00,netcashfromcontinuingoperatingactivities,depreciationexpense,Depreciation Expense,+,debit,usd,1354000.0
Integrated Silicon Solution Inc ,ISSI,,0000854701,2012.0,Q1,2011-10-01,2011-12-31,2013-02-08 15:19:33+00:00,netcashfromcontinuingoperatingactivities,amortizationexpense,Amortization Expense,+,debit,usd,466000.0
Integrated Silicon Solution Inc ,ISSI,,0000854701,2012.0,Q1,2011-10-01,2011-12-31,2013-02-08 15:19:33+00:00,netcashfromcontinuingoperatingactivities,noncashadjustmentstonetincome,Non-Cash Adjustments To Reconcile Net Income,+,debit,usd,1413000.0
Integrated Silicon Solution Inc ,ISSI,,0000854701,2012.0,Q1,2011-10-01,2011-12-31,2013-02-08 15:19:33+00:00,netcashfromcontinuingoperatingactivities,increasedecreaseinoperatingcapital,"Changes in Operating Assets and Liabilities, net",+,debit,usd,594000.0
Integrated Silicon Solution Inc ,ISSI,,0000854701,2012.0,Q1,2011-10-01,2011-12-31,2013-02-08 15:19:33+00:00,netcashfromoperatingactivities,netcashfromcontinuingoperatingactivities,Net Cash From Continuing Operating Activities,+,debit,usd,7596000.0
Integrated Silicon Solution Inc ,ISSI,,0000854701,2012.0,Q1,2011-10-01,2011-12-31,2013-02-08 15:19:33+00:00,netchangeincash,netcashfromoperatingactivities,Net Cash From Operating Activities,+,debit,usd,7596000.0
Integrated Silicon Solution Inc ,ISSI,,0000854701,2012.0,Q1,2011-10-01,2011-12-31,2013-02-08 15:19:33+00:00,netcashfromcontinuinginvestingactivities,purchaseofplantpropertyandequipment,"Purchase of Property, Plant & Equipment",+,debit,usd,-1734000.0
Integrated Silicon Solution Inc ,ISSI,,0000854701,2012.0,Q1,2011-10-01,2011-12-31,2013-02-08 15:19:33+00:00,netcashfromcontinuinginvestingactivities,purchaseofinvestments,Purchase of Investments,+,debit,usd,0.0
Integrated Silicon Solution Inc ,ISSI,,0000854701,2012.0,Q1,2011-10-01,2011-12-31,2013-02-08 15:19:33+00:00,netcashfromcontinuinginvestingactivities,saleofinvestments,Sale and/or Maturity of Investments,+,debit,usd,322000.0
Integrated Silicon Solution Inc ,ISSI,,0000854701,2012.0,Q1,2011-10-01,2011-12-31,2013-02-08 15:19:33+00:00,netcashfrominvestingactivities,netcashfromcontinuinginvestingactivities,Net Cash From Continuing Investing Activities,+,debit,usd,-1412000.0
Integrated Silicon Solution Inc ,ISSI,,0000854701,2012.0,Q1,2011-10-01,2011-12-31,2013-02-08 15:19:33+00:00,netchangeincash,netcashfrominvestingactivities,Net Cash From Investing Activities,+,debit,usd,-1412000.0
Integrated Silicon Solution Inc ,ISSI,,0000854701,2012.0,Q1,2011-10-01,2011-12-31,2013-02-08 15:19:33+00:00,netcashfromcontinuingfinancingactivities,repaymentofdebt,Repayment of Debt,+,debit,usd,-4036000.0
Integrated Silicon Solution Inc ,ISSI,,0000854701,2012.0,Q1,2011-10-01,2011-12-31,2013-02-08 15:19:33+00:00,netcashfromcontinuingfinancingactivities,repurchaseofcommonequity,Repurchase of Common Equity,+,debit,usd,-455000.0
Integrated Silicon Solution Inc ,ISSI,,0000854701,2012.0,Q1,2011-10-01,2011-12-31,2013-02-08 15:19:33+00:00,netcashfromcontinuingfinancingactivities,issuanceofdebt,Issuance of Debt,+,debit,usd,4036000.0
Integrated Silicon Solution Inc ,ISSI,,0000854701,2012.0,Q1,2011-10-01,2011-12-31,2013-02-08 15:19:33+00:00,netcashfromcontinuingfinancingactivities,issuanceofcommonequity,Issuance of Common Equity,+,debit,usd,1288000.0
Integrated Silicon Solution Inc ,ISSI,,0000854701,2012.0,Q1,2011-10-01,2011-12-31,2013-02-08 15:19:33+00:00,netcashfromfinancingactivities,netcashfromcontinuingfinancingactivities,Net Cash From Continuing Financing Activities,+,debit,usd,833000.0
Integrated Silicon Solution Inc ,ISSI,,0000854701,2012.0,Q1,2011-10-01,2011-12-31,2013-02-08 15:19:33+00:00,netchangeincash,netcashfromfinancingactivities,Net Cash From Financing Activities,+,debit,usd,833000.0
Integrated Silicon Solution Inc ,ISSI,,0000854701,2012.0,Q1,2011-10-01,2011-12-31,2013-02-08 15:19:33+00:00,netchangeincash,effectofexchangeratechanges,Effect of Exchange Rate Changes,+,debit,usd,93000.0
Integrated Silicon Solution Inc ,ISSI,,0000854701,2012.0,Q1,2011-10-01,2011-12-31,2013-02-08 15:19:33+00:00,,netchangeincash,Net Change in Cash & Equivalents,=,debit,usd,7110000.0
Integrated Silicon Solution Inc ,ISSI,,0000854701,2012.0,Q2,2012-01-01,2012-03-31,,netincomecontinuing,netincome,Consolidated Net Income / (Loss),+,credit,usd,3597000.0
Integrated Silicon Solution Inc ,ISSI,,0000854701,2012.0,Q2,2012-01-01,2012-03-31,,netcashfromcontinuingoperatingactivities,netincomecontinuing,Net Income / (Loss) Continuing Operations,+,credit,usd,3597000.0
Integrated Silicon Solution Inc ,ISSI,,0000854701,2012.0,Q2,2012-01-01,2012-03-31,,netcashfromcontinuingoperatingactivities,depreciationexpense,Depreciation Expense,+,debit,usd,1372000.0
Integrated Silicon Solution Inc ,ISSI,,0000854701,2012.0,Q2,2012-01-01,2012-03-31,,netcashfromcontinuingoperatingactivities,amortizationexpense,Amortization Expense,+,debit,usd,485000.0
Integrated Silicon Solution Inc ,ISSI,,0000854701,2012.0,Q2,2012-01-01,2012-03-31,,netcashfromcontinuingoperatingactivities,noncashadjustmentstonetincome,Non-Cash Adjustments To Reconcile Net Income,+,debit,usd,1769000.0
Integrated Silicon Solution Inc ,ISSI,,0000854701,2012.0,Q2,2012-01-01,2012-03-31,,netcashfromcontinuingoperatingactivities,increasedecreaseinoperatingcapital,"Changes in Operating Assets and Liabilities, net",+,debit,usd,192000.0
Integrated Silicon Solution Inc ,ISSI,,0000854701,2012.0,Q2,2012-01-01,2012-03-31,,netcashfromoperatingactivities,netcashfromcontinuingoperatingactivities,Net Cash From Continuing Operating Activities,+,debit,usd,7415000.0
Integrated Silicon Solution Inc ,ISSI,,0000854701,2012.0,Q2,2012-01-01,2012-03-31,,netchangeincash,netcashfromoperatingactivities,Net Cash From Operating Activities,+,debit,usd,7415000.0
Integrated Silicon Solution Inc ,ISSI,,0000854701,2012.0,Q2,2012-01-01,2012-03-31,,netcashfromcontinuinginvestingactivities,purchaseofplantpropertyandequipment,"Purchase of Property, Plant & Equipment",+,debit,usd,-1393000.0
Integrated Silicon Solution Inc ,ISSI,,0000854701,2012.0,Q2,2012-01-01,2012-03-31,,netcashfromcontinuinginvestingactivities,acquisitions,Acquisitions,+,debit,usd,-2000000.0
Integrated Silicon Solution Inc ,ISSI,,0000854701,2012.0,Q2,2012-01-01,2012-03-31,,netcashfromcontinuinginvestingactivities,purchaseofinvestments,Purchase of Investments,+,debit,usd,-982000.0
Integrated Silicon Solution Inc ,ISSI,,0000854701,2012.0,Q2,2012-01-01,2012-03-31,,netcashfromcontinuinginvestingactivities,saleofinvestments,Sale and/or Maturity of Investments,+,debit,usd,982000.0
Integrated Silicon Solution Inc ,ISSI,,0000854701,2012.0,Q2,2012-01-01,2012-03-31,,netcashfromcontinuinginvestingactivities,otherinvestingactivitiesnet,"Other Investing Activities, net",+,debit,usd,-2594000.0
Integrated Silicon Solution Inc ,ISSI,,0000854701,2012.0,Q2,2012-01-01,2012-03-31,,netcashfrominvestingactivities,netcashfromcontinuinginvestingactivities,Net Cash From Continuing Investing Activities,+,debit,usd,-5987000.0
Integrated Silicon Solution Inc ,ISSI,,0000854701,2012.0,Q2,2012-01-01,2012-03-31,,netchangeincash,netcashfrominvestingactivities,Net Cash From Investing Activities,+,debit,usd,-5987000.0
Integrated Silicon Solution Inc ,ISSI,,0000854701,2012.0,Q2,2012-01-01,2012-03-31,,netcashfromcontinuingfinancingactivities,repaymentofdebt,Repayment of Debt,+,debit,usd,-3696000.0
Integrated Silicon Solution Inc ,ISSI,,0000854701,2012.0,Q2,2012-01-01,2012-03-31,,netcashfromcontinuingfinancingactivities,repurchaseofcommonequity,Repurchase of Common Equity,+,debit,usd,-9000.0
Integrated Silicon Solution Inc ,ISSI,,0000854701,2012.0,Q2,2012-01-01,2012-03-31,,netcashfromcontinuingfinancingactivities,issuanceofdebt,Issuance of Debt,+,debit,usd,3696000.0
Integrated Silicon Solution Inc ,ISSI,,0000854701,2012.0,Q2,2012-01-01,2012-03-31,,netcashfromcontinuingfinancingactivities,issuanceofcommonequity,Issuance of Common Equity,+,debit,usd,2740000.0
Integrated Silicon Solution Inc ,ISSI,,0000854701,2012.0,Q2,2012-01-01,2012-03-31,,netcashfromfinancingactivities,netcashfromcontinuingfinancingactivities,Net Cash From Continuing Financing Activities,+,debit,usd,2731000.0
Integrated Silicon Solution Inc ,ISSI,,0000854701,2012.0,Q2,2012-01-01,2012-03-31,,netchangeincash,netcashfromfinancingactivities,Net Cash From Financing Activities,+,debit,usd,2731000.0
Integrated Silicon Solution Inc ,ISSI,,0000854701,2012.0,Q2,2012-01-01,2012-03-31,,netchangeincash,effectofexchangeratechanges,Effect of Exchange Rate Changes,+,debit,usd,252000.0
Integrated Silicon Solution Inc ,ISSI,,0000854701,2012.0,Q2,2012-01-01,2012-03-31,,,netchangeincash,Net Change in Cash & Equivalents,=,debit,usd,4411000.0
Integrated Silicon Solution Inc ,ISSI,,0000854701,2012.0,Q3,2012-04-01,2012-06-30,,netincomecontinuing,netincome,Consolidated Net Income / (Loss),+,credit,usd,3147000.0
Integrated Silicon Solution Inc ,ISSI,,0000854701,2012.0,Q3,2012-04-01,2012-06-30,,netcashfromcontinuingoperatingactivities,netincomecontinuing,Net Income / (Loss) Continuing Operations,+,credit,usd,3147000.0
Integrated Silicon Solution Inc ,ISSI,,0000854701,2012.0,Q3,2012-04-01,2012-06-30,,netcashfromcontinuingoperatingactivities,depreciationexpense,Depreciation Expense,+,debit,usd,1379000.0
Integrated Silicon Solution Inc ,ISSI,,0000854701,2012.0,Q3,2012-04-01,2012-06-30,,netcashfromcontinuingoperatingactivities,amortizationexpense,Amortization Expense,+,debit,usd,498000.0
Integrated Silicon Solution Inc ,ISSI,,0000854701,2012.0,Q3,2012-04-01,2012-06-30,,netcashfromcontinuingoperatingactivities,noncashadjustmentstonetincome,Non-Cash Adjustments To Reconcile Net Income,+,debit,usd,1182000.0
Integrated Silicon Solution Inc ,ISSI,,0000854701,2012.0,Q3,2012-04-01,2012-06-30,,netcashfromcontinuingoperatingactivities,increasedecreaseinoperatingcapital,"Changes in Operating Assets and Liabilities, net",+,debit,usd,-3623000.0
Integrated Silicon Solution Inc ,ISSI,,0000854701,2012.0,Q3,2012-04-01,2012-06-30,,netcashfromoperatingactivities,netcashfromcontinuingoperatingactivities,Net Cash From Continuing Operating Activities,+,debit,usd,2583000.0
Integrated Silicon Solution Inc ,ISSI,,0000854701,2012.0,Q3,2012-04-01,2012-06-30,,netchangeincash,netcashfromoperatingactivities,Net Cash From Operating Activities,+,debit,usd,2583000.0
Integrated Silicon Solution Inc ,ISSI,,0000854701,2012.0,Q3,2012-04-01,2012-06-30,,netcashfromcontinuinginvestingactivities,purchaseofplantpropertyandequipment,"Purchase of Property, Plant & Equipment",+,debit,usd,-1773000.0
Integrated Silicon Solution Inc ,ISSI,,0000854701,2012.0,Q3,2012-04-01,2012-06-30,,netcashfromcontinuinginvestingactivities,purchaseofinvestments,Purchase of Investments,+,debit,usd,-99000.0
Integrated Silicon Solution Inc ,ISSI,,0000854701,2012.0,Q3,2012-04-01,2012-06-30,,netcashfromcontinuinginvestingactivities,saleofinvestments,Sale and/or Maturity of Investments,+,debit,usd,91000.0
Integrated Silicon Solution Inc ,ISSI,,0000854701,2012.0,Q3,2012-04-01,2012-06-30,,netcashfromcontinuinginvestingactivities,otherinvestingactivitiesnet,"Other Investing Activities, net",+,debit,usd,87000.0
Integrated Silicon Solution Inc ,ISSI,,0000854701,2012.0,Q3,2012-04-01,2012-06-30,,netcashfrominvestingactivities,netcashfromcontinuinginvestingactivities,Net Cash From Continuing Investing Activities,+,debit,usd,-1694000.0
Integrated Silicon Solution Inc ,ISSI,,0000854701,2012.0,Q3,2012-04-01,2012-06-30,,netchangeincash,netcashfrominvestingactivities,Net Cash From Investing Activities,+,debit,usd,-1694000.0
Integrated Silicon Solution Inc ,ISSI,,0000854701,2012.0,Q3,2012-04-01,2012-06-30,,netcashfromcontinuingfinancingactivities,repaymentofdebt,Repayment of Debt,+,debit,usd,-11714000.0
Integrated Silicon Solution Inc ,ISSI,,0000854701,2012.0,Q3,2012-04-01,2012-06-30,,netcashfromcontinuingfinancingactivities,issuanceofdebt,Issuance of Debt,+,debit,usd,11714000.0
Integrated Silicon Solution Inc ,ISSI,,0000854701,2012.0,Q3,2012-04-01,2012-06-30,,netcashfromcontinuingfinancingactivities,issuanceofcommonequity,Issuance of Common Equity,+,debit,usd,310000.0
Integrated Silicon Solution Inc ,ISSI,,0000854701,2012.0,Q3,2012-04-01,2012-06-30,,netcashfromfinancingactivities,netcashfromcontinuingfinancingactivities,Net Cash From Continuing Financing Activities,+,debit,usd,310000.0
Integrated Silicon Solution Inc ,ISSI,,0000854701,2012.0,Q3,2012-04-01,2012-06-30,,netchangeincash,netcashfromfinancingactivities,Net Cash From Financing Activities,+,debit,usd,310000.0
Integrated Silicon Solution Inc ,ISSI,,0000854701,2012.0,Q3,2012-04-01,2012-06-30,,netchangeincash,effectofexchangeratechanges,Effect of Exchange Rate Changes,+,debit,usd,1000.0
Integrated Silicon Solution Inc ,ISSI,,0000854701,2012.0,Q3,2012-04-01,2012-06-30,,,netchangeincash,Net Change in Cash & Equivalents,=,debit,usd,1200000.0
Integrated Silicon Solution Inc ,ISSI,,0000854701,2012.0,Q4,2012-07-01,2012-09-30,,netincomecontinuing,netincome,Consolidated Net Income / (Loss),+,credit,usd,-13118000.0
Integrated Silicon Solution Inc ,ISSI,,0000854701,2012.0,Q4,2012-07-01,2012-09-30,,netcashfromcontinuingoperatingactivities,netincomecontinuing,Net Income / (Loss) Continuing Operations,+,credit,usd,-13118000.0
Integrated Silicon Solution Inc ,ISSI,,0000854701,2012.0,Q4,2012-07-01,2012-09-30,,netcashfromcontinuingoperatingactivities,depreciationexpense,Depreciation Expense,+,debit,usd,1464000.0
Integrated Silicon Solution Inc ,ISSI,,0000854701,2012.0,Q4,2012-07-01,2012-09-30,,netcashfromcontinuingoperatingactivities,amortizationexpense,Amortization Expense,+,debit,usd,399000.0
Integrated Silicon Solution Inc ,ISSI,,0000854701,2012.0,Q4,2012-07-01,2012-09-30,,netcashfromcontinuingoperatingactivities,noncashadjustmentstonetincome,Non-Cash Adjustments To Reconcile Net Income,+,debit,usd,18072000.0
Integrated Silicon Solution Inc ,ISSI,,0000854701,2012.0,Q4,2012-07-01,2012-09-30,,netcashfromcontinuingoperatingactivities,increasedecreaseinoperatingcapital,"Changes in Operating Assets and Liabilities, net",+,debit,usd,7944000.0
Integrated Silicon Solution Inc ,ISSI,,0000854701,2012.0,Q4,2012-07-01,2012-09-30,,netcashfromoperatingactivities,netcashfromcontinuingoperatingactivities,Net Cash From Continuing Operating Activities,+,debit,usd,14761000.0
Integrated Silicon Solution Inc ,ISSI,,0000854701,2012.0,Q4,2012-07-01,2012-09-30,,netchangeincash,netcashfromoperatingactivities,Net Cash From Operating Activities,+,debit,usd,14761000.0
Integrated Silicon Solution Inc ,ISSI,,0000854701,2012.0,Q4,2012-07-01,2012-09-30,,netcashfromcontinuinginvestingactivities,purchaseofplantpropertyandequipment,"Purchase of Property, Plant & Equipment",+,debit,usd,-1136000.0
Integrated Silicon Solution Inc ,ISSI,,0000854701,2012.0,Q4,2012-07-01,2012-09-30,,netcashfromcontinuinginvestingactivities,acquisitions,Acquisitions,+,debit,usd,-13210000.0
Integrated Silicon Solution Inc ,ISSI,,0000854701,2012.0,Q4,2012-07-01,2012-09-30,,netcashfromcontinuinginvestingactivities,purchaseofinvestments,Purchase of Investments,+,debit,usd,-30828000.0
Integrated Silicon Solution Inc ,ISSI,,0000854701,2012.0,Q4,2012-07-01,2012-09-30,,netcashfromcontinuinginvestingactivities,saleofinvestments,Sale and/or Maturity of Investments,+,debit,usd,1302000.0
Integrated Silicon Solution Inc ,ISSI,,0000854701,2012.0,Q4,2012-07-01,2012-09-30,,netcashfromcontinuinginvestingactivities,otherinvestingactivitiesnet,"Other Investing Activities, net",+,debit,usd,6923000.0
Integrated Silicon Solution Inc ,ISSI,,0000854701,2012.0,Q4,2012-07-01,2012-09-30,,netcashfrominvestingactivities,netcashfromcontinuinginvestingactivities,Net Cash From Continuing Investing Activities,+,debit,usd,-36949000.0
Integrated Silicon Solution Inc ,ISSI,,0000854701,2012.0,Q4,2012-07-01,2012-09-30,,netchangeincash,netcashfrominvestingactivities,Net Cash From Investing Activities,+,debit,usd,-36949000.0
Integrated Silicon Solution Inc ,ISSI,,0000854701,2012.0,Q4,2012-07-01,2012-09-30,,netcashfromcontinuingfinancingactivities,repaymentofdebt,Repayment of Debt,+,debit,usd,-1363000.0
Integrated Silicon Solution Inc ,ISSI,,0000854701,2012.0,Q4,2012-07-01,2012-09-30,,netcashfromcontinuingfinancingactivities,repurchaseofcommonequity,Repurchase of Common Equity,+,debit,usd,-73000.0
Integrated Silicon Solution Inc ,ISSI,,0000854701,2012.0,Q4,2012-07-01,2012-09-30,,netcashfromcontinuingfinancingactivities,issuanceofdebt,Issuance of Debt,+,debit,usd,1363000.0
Integrated Silicon Solution Inc ,ISSI,,0000854701,2012.0,Q4,2012-07-01,2012-09-30,,netcashfromcontinuingfinancingactivities,issuanceofcommonequity,Issuance of Common Equity,+,debit,usd,1514000.0
Integrated Silicon Solution Inc ,ISSI,,0000854701,2012.0,Q4,2012-07-01,2012-09-30,,netcashfromfinancingactivities,netcashfromcontinuingfinancingactivities,Net Cash From Continuing Financing Activities,+,debit,usd,1441000.0
Integrated Silicon Solution Inc ,ISSI,,0000854701,2012.0,Q4,2012-07-01,2012-09-30,,netchangeincash,netcashfromfinancingactivities,Net Cash From Financing Activities,+,debit,usd,1441000.0
Integrated Silicon Solution Inc ,ISSI,,0000854701,2012.0,Q4,2012-07-01,2012-09-30,,netchangeincash,effectofexchangeratechanges,Effect of Exchange Rate Changes,+,debit,usd,-340000.0
Integrated Silicon Solution Inc ,ISSI,,0000854701,2012.0,Q4,2012-07-01,2012-09-30,,,netchangeincash,Net Change in Cash & Equivalents,=,debit,usd,-21087000.0
Integrated Silicon Solution Inc ,ISSI,,0000854701,2012.0,Q4,2012-07-01,2012-09-30,,,cashinterestpaid,Cash Interest Paid,=,,usd,25000.0
Integrated Silicon Solution Inc ,ISSI,,0000854701,2012.0,Q4,2012-07-01,2012-09-30,,,cashincometaxespaid,Cash Income Taxes Paid,=,,usd,875000.0
Integrated Silicon Solution Inc ,ISSI,,0000854701,2013.0,Q1,2012-10-01,2012-12-31,2014-02-07 14:06:11+00:00,netincomecontinuing,netincome,Consolidated Net Income / (Loss),+,credit,usd,2488000.0
Integrated Silicon Solution Inc ,ISSI,,0000854701,2013.0,Q1,2012-10-01,2012-12-31,2014-02-07 14:06:11+00:00,netcashfromcontinuingoperatingactivities,netincomecontinuing,Net Income / (Loss) Continuing Operations,+,credit,usd,2488000.0
Integrated Silicon Solution Inc ,ISSI,,0000854701,2013.0,Q1,2012-10-01,2012-12-31,2014-02-07 14:06:11+00:00,netcashfromcontinuingoperatingactivities,depreciationexpense,Depreciation Expense,+,debit,usd,1400000.0
Integrated Silicon Solution Inc ,ISSI,,0000854701,2013.0,Q1,2012-10-01,2012-12-31,2014-02-07 14:06:11+00:00,netcashfromcontinuingoperatingactivities,amortizationexpense,Amortization Expense,+,debit,usd,401000.0
Integrated Silicon Solution Inc ,ISSI,,0000854701,2013.0,Q1,2012-10-01,2012-12-31,2014-02-07 14:06:11+00:00,netcashfromcontinuingoperatingactivities,noncashadjustmentstonetincome,Non-Cash Adjustments To Reconcile Net Income,+,debit,usd,1572000.0
Integrated Silicon Solution Inc ,ISSI,,0000854701,2013.0,Q1,2012-10-01,2012-12-31,2014-02-07 14:06:11+00:00,netcashfromcontinuingoperatingactivities,increasedecreaseinoperatingcapital,"Changes in Operating Assets and Liabilities, net",+,debit,usd,2233000.0
Integrated Silicon Solution Inc ,ISSI,,0000854701,2013.0,Q1,2012-10-01,2012-12-31,2014-02-07 14:06:11+00:00,netcashfromoperatingactivities,netcashfromcontinuingoperatingactivities,Net Cash From Continuing Operating Activities,+,debit,usd,8094000.0
Integrated Silicon Solution Inc ,ISSI,,0000854701,2013.0,Q1,2012-10-01,2012-12-31,2014-02-07 14:06:11+00:00,netchangeincash,netcashfromoperatingactivities,Net Cash From Operating Activities,+,debit,usd,8094000.0
Integrated Silicon Solution Inc ,ISSI,,0000854701,2013.0,Q1,2012-10-01,2012-12-31,2014-02-07 14:06:11+00:00,netcashfromcontinuinginvestingactivities,purchaseofplantpropertyandequipment,"Purchase of Property, Plant & Equipment",+,debit,usd,-8754000.0
Integrated Silicon Solution Inc ,ISSI,,0000854701,2013.0,Q1,2012-10-01,2012-12-31,2014-02-07 14:06:11+00:00,netcashfromcontinuinginvestingactivities,purchaseofinvestments,Purchase of Investments,+,debit,usd,-3359000.0
Integrated Silicon Solution Inc ,ISSI,,0000854701,2013.0,Q1,2012-10-01,2012-12-31,2014-02-07 14:06:11+00:00,netcashfromcontinuinginvestingactivities,saleofinvestments,Sale and/or Maturity of Investments,+,debit,usd,3079000.0
Integrated Silicon Solution Inc ,ISSI,,0000854701,2013.0,Q1,2012-10-01,2012-12-31,2014-02-07 14:06:11+00:00,netcashfromcontinuinginvestingactivities,otherinvestingactivitiesnet,"Other Investing Activities, net",+,debit,usd,0.0
Integrated Silicon Solution Inc ,ISSI,,0000854701,2013.0,Q1,2012-10-01,2012-12-31,2014-02-07 14:06:11+00:00,netcashfrominvestingactivities,netcashfromcontinuinginvestingactivities,Net Cash From Continuing Investing Activities,+,debit,usd,-9034000.0
Integrated Silicon Solution Inc ,ISSI,,0000854701,2013.0,Q1,2012-10-01,2012-12-31,2014-02-07 14:06:11+00:00,netchangeincash,netcashfrominvestingactivities,Net Cash From Investing Activities,+,debit,usd,-9034000.0
Integrated Silicon Solution Inc ,ISSI,,0000854701,2013.0,Q1,2012-10-01,2012-12-31,2014-02-07 14:06:11+00:00,netcashfromcontinuingfinancingactivities,repaymentofdebt,Repayment of Debt,+,debit,usd,0.0
Integrated Silicon Solution Inc ,ISSI,,0000854701,2013.0,Q1,2012-10-01,2012-12-31,2014-02-07 14:06:11+00:00,netcashfromcontinuingfinancingactivities,repurchaseofcommonequity,Repurchase of Common Equity,+,debit,usd,-537000.0
Integrated Silicon Solution Inc ,ISSI,,0000854701,2013.0,Q1,2012-10-01,2012-12-31,2014-02-07 14:06:11+00:00,netcashfromcontinuingfinancingactivities,issuanceofdebt,Issuance of Debt,+,debit,usd,4875000.0
Integrated Silicon Solution Inc ,ISSI,,0000854701,2013.0,Q1,2012-10-01,2012-12-31,2014-02-07 14:06:11+00:00,netcashfromcontinuingfinancingactivities,issuanceofcommonequity,Issuance of Common Equity,+,debit,usd,667000.0
Integrated Silicon Solution Inc ,ISSI,,0000854701,2013.0,Q1,2012-10-01,2012-12-31,2014-02-07 14:06:11+00:00,netcashfromcontinuingfinancingactivities,otherfinancingactivitiesnet,"Other Financing Activities, net",+,debit,usd,0.0
Integrated Silicon Solution Inc ,ISSI,,0000854701,2013.0,Q1,2012-10-01,2012-12-31,2014-02-07 14:06:11+00:00,netcashfromfinancingactivities,netcashfromcontinuingfinancingactivities,Net Cash From Continuing Financing Activities,+,debit,usd,5005000.0
Integrated Silicon Solution Inc ,ISSI,,0000854701,2013.0,Q1,2012-10-01,2012-12-31,2014-02-07 14:06:11+00:00,netchangeincash,netcashfromfinancingactivities,Net Cash From Financing Activities,+,debit,usd,5005000.0
Integrated Silicon Solution Inc ,ISSI,,0000854701,2013.0,Q1,2012-10-01,2012-12-31,2014-02-07 14:06:11+00:00,netchangeincash,effectofexchangeratechanges,Effect of Exchange Rate Changes,+,debit,usd,235000.0
Integrated Silicon Solution Inc ,ISSI,,0000854701,2013.0,Q1,2012-10-01,2012-12-31,2014-02-07 14:06:11+00:00,,netchangeincash,Net Change in Cash & Equivalents,=,debit,usd,4300000.0
Integrated Silicon Solution Inc ,ISSI,,0000854701,2013.0,Q2,2013-01-01,2013-03-31,,netincomecontinuing,netincome,Consolidated Net Income / (Loss),+,credit,usd,3280000.0
Integrated Silicon Solution Inc ,ISSI,,0000854701,2013.0,Q2,2013-01-01,2013-03-31,,netcashfromcontinuingoperatingactivities,netincomecontinuing,Net Income / (Loss) Continuing Operations,+,credit,usd,3280000.0
Integrated Silicon Solution Inc ,ISSI,,0000854701,2013.0,Q2,2013-01-01,2013-03-31,,netcashfromcontinuingoperatingactivities,depreciationexpense,Depreciation Expense,+,debit,usd,1346000.0
Integrated Silicon Solution Inc ,ISSI,,0000854701,2013.0,Q2,2013-01-01,2013-03-31,,netcashfromcontinuingoperatingactivities,amortizationexpense,Amortization Expense,+,debit,usd,392000.0
Integrated Silicon Solution Inc ,ISSI,,0000854701,2013.0,Q2,2013-01-01,2013-03-31,,netcashfromcontinuingoperatingactivities,noncashadjustmentstonetincome,Non-Cash Adjustments To Reconcile Net Income,+,debit,usd,-785000.0
Integrated Silicon Solution Inc ,ISSI,,0000854701,2013.0,Q2,2013-01-01,2013-03-31,,netcashfromcontinuingoperatingactivities,increasedecreaseinoperatingcapital,"Changes in Operating Assets and Liabilities, net",+,debit,usd,-6789000.0
Integrated Silicon Solution Inc ,ISSI,,0000854701,2013.0,Q2,2013-01-01,2013-03-31,,netcashfromoperatingactivities,netcashfromcontinuingoperatingactivities,Net Cash From Continuing Operating Activities,+,debit,usd,-2556000.0
Integrated Silicon Solution Inc ,ISSI,,0000854701,2013.0,Q2,2013-01-01,2013-03-31,,netchangeincash,netcashfromoperatingactivities,Net Cash From Operating Activities,+,debit,usd,-2556000.0
Integrated Silicon Solution Inc ,ISSI,,0000854701,2013.0,Q2,2013-01-01,2013-03-31,,netcashfromcontinuinginvestingactivities,purchaseofplantpropertyandequipment,"Purchase of Property, Plant & Equipment",+,debit,usd,-1766000.0
Integrated Silicon Solution Inc ,ISSI,,0000854701,2013.0,Q2,2013-01-01,2013-03-31,,netcashfromcontinuinginvestingactivities,acquisitions,Acquisitions,+,debit,usd,-4200000.0
Integrated Silicon Solution Inc ,ISSI,,0000854701,2013.0,Q2,2013-01-01,2013-03-31,,netcashfromcontinuinginvestingactivities,purchaseofinvestments,Purchase of Investments,+,debit,usd,-971000.0
Integrated Silicon Solution Inc ,ISSI,,0000854701,2013.0,Q2,2013-01-01,2013-03-31,,netcashfromcontinuinginvestingactivities,saleofinvestments,Sale and/or Maturity of Investments,+,debit,usd,6034000.0
Integrated Silicon Solution Inc ,ISSI,,0000854701,2013.0,Q2,2013-01-01,2013-03-31,,netcashfrominvestingactivities,netcashfromcontinuinginvestingactivities,Net Cash From Continuing Investing Activities,+,debit,usd,-903000.0
Integrated Silicon Solution Inc ,ISSI,,0000854701,2013.0,Q2,2013-01-01,2013-03-31,,netchangeincash,netcashfrominvestingactivities,Net Cash From Investing Activities,+,debit,usd,-903000.0
Integrated Silicon Solution Inc ,ISSI,,0000854701,2013.0,Q2,2013-01-01,2013-03-31,,netcashfromcontinuingfinancingactivities,repaymentofdebt,Repayment of Debt,+,debit,usd,-3442000.0
Integrated Silicon Solution Inc ,ISSI,,0000854701,2013.0,Q2,2013-01-01,2013-03-31,,netcashfromcontinuingfinancingactivities,repurchaseofcommonequity,Repurchase of Common Equity,+,debit,usd,-10000.0
Integrated Silicon Solution Inc ,ISSI,,0000854701,2013.0,Q2,2013-01-01,2013-03-31,,netcashfromcontinuingfinancingactivities,issuanceofdebt,Issuance of Debt,+,debit,usd,3393000.0
Integrated Silicon Solution Inc ,ISSI,,0000854701,2013.0,Q2,2013-01-01,2013-03-31,,netcashfromcontinuingfinancingactivities,issuanceofcommonequity,Issuance of Common Equity,+,debit,usd,1484000.0
Integrated Silicon Solution Inc ,ISSI,,0000854701,2013.0,Q2,2013-01-01,2013-03-31,,netcashfromfinancingactivities,netcashfromcontinuingfinancingactivities,Net Cash From Continuing Financing Activities,+,debit,usd,1425000.0
Integrated Silicon Solution Inc ,ISSI,,0000854701,2013.0,Q2,2013-01-01,2013-03-31,,netchangeincash,netcashfromfinancingactivities,Net Cash From Financing Activities,+,debit,usd,1425000.0
Integrated Silicon Solution Inc ,ISSI,,0000854701,2013.0,Q2,2013-01-01,2013-03-31,,netchangeincash,effectofexchangeratechanges,Effect of Exchange Rate Changes,+,debit,usd,-711000.0
Integrated Silicon Solution Inc ,ISSI,,0000854701,2013.0,Q2,2013-01-01,2013-03-31,,,netchangeincash,Net Change in Cash & Equivalents,=,debit,usd,-2745000.0
Integrated Silicon Solution Inc ,ISSI,,0000854701,2013.0,Q3,2013-04-01,2013-06-30,,netincomecontinuing,netincome,Consolidated Net Income / (Loss),+,credit,usd,7246000.0
Integrated Silicon Solution Inc ,ISSI,,0000854701,2013.0,Q3,2013-04-01,2013-06-30,,netcashfromcontinuingoperatingactivities,netincomecontinuing,Net Income / (Loss) Continuing Operations,+,credit,usd,7246000.0
Integrated Silicon Solution Inc ,ISSI,,0000854701,2013.0,Q3,2013-04-01,2013-06-30,,netcashfromcontinuingoperatingactivities,depreciationexpense,Depreciation Expense,+,debit,usd,1406000.0
Integrated Silicon Solution Inc ,ISSI,,0000854701,2013.0,Q3,2013-04-01,2013-06-30,,netcashfromcontinuingoperatingactivities,amortizationexpense,Amortization Expense,+,debit,usd,398000.0
Integrated Silicon Solution Inc ,ISSI,,0000854701,2013.0,Q3,2013-04-01,2013-06-30,,netcashfromcontinuingoperatingactivities,noncashadjustmentstonetincome,Non-Cash Adjustments To Reconcile Net Income,+,debit,usd,-6013000.0
Integrated Silicon Solution Inc ,ISSI,,0000854701,2013.0,Q3,2013-04-01,2013-06-30,,netcashfromcontinuingoperatingactivities,increasedecreaseinoperatingcapital,"Changes in Operating Assets and Liabilities, net",+,debit,usd,13335000.0
Integrated Silicon Solution Inc ,ISSI,,0000854701,2013.0,Q3,2013-04-01,2013-06-30,,netcashfromoperatingactivities,netcashfromcontinuingoperatingactivities,Net Cash From Continuing Operating Activities,+,debit,usd,16372000.0
Integrated Silicon Solution Inc ,ISSI,,0000854701,2013.0,Q3,2013-04-01,2013-06-30,,netchangeincash,netcashfromoperatingactivities,Net Cash From Operating Activities,+,debit,usd,16372000.0
Integrated Silicon Solution Inc ,ISSI,,0000854701,2013.0,Q3,2013-04-01,2013-06-30,,netcashfromcontinuinginvestingactivities,purchaseofplantpropertyandequipment,"Purchase of Property, Plant & Equipment",+,debit,usd,-7363000.0
Integrated Silicon Solution Inc ,ISSI,,0000854701,2013.0,Q3,2013-04-01,2013-06-30,,netcashfromcontinuinginvestingactivities,saleofinvestments,Sale and/or Maturity of Investments,+,debit,usd,17780000.0
Integrated Silicon Solution Inc ,ISSI,,0000854701,2013.0,Q3,2013-04-01,2013-06-30,,netcashfromcontinuinginvestingactivities,otherinvestingactivitiesnet,"Other Investing Activities, net",+,debit,usd,-1614000.0
Integrated Silicon Solution Inc ,ISSI,,0000854701,2013.0,Q3,2013-04-01,2013-06-30,,netcashfrominvestingactivities,netcashfromcontinuinginvestingactivities,Net Cash From Continuing Investing Activities,+,debit,usd,8803000.0
Integrated Silicon Solution Inc ,ISSI,,0000854701,2013.0,Q3,2013-04-01,2013-06-30,,netchangeincash,netcashfrominvestingactivities,Net Cash From Investing Activities,+,debit,usd,8803000.0
Integrated Silicon Solution Inc ,ISSI,,0000854701,2013.0,Q3,2013-04-01,2013-06-30,,netcashfromcontinuingfinancingactivities,repaymentofdebt,Repayment of Debt,+,debit,usd,-724000.0
Integrated Silicon Solution Inc ,ISSI,,0000854701,2013.0,Q3,2013-04-01,2013-06-30,,netcashfromcontinuingfinancingactivities,issuanceofdebt,Issuance of Debt,+,debit,usd,676000.0
Integrated Silicon Solution Inc ,ISSI,,0000854701,2013.0,Q3,2013-04-01,2013-06-30,,netcashfromcontinuingfinancingactivities,issuanceofcommonequity,Issuance of Common Equity,+,debit,usd,3187000.0
Integrated Silicon Solution Inc ,ISSI,,0000854701,2013.0,Q3,2013-04-01,2013-06-30,,netcashfromfinancingactivities,netcashfromcontinuingfinancingactivities,Net Cash From Continuing Financing Activities,+,debit,usd,3139000.0
Integrated Silicon Solution Inc ,ISSI,,0000854701,2013.0,Q3,2013-04-01,2013-06-30,,netchangeincash,netcashfromfinancingactivities,Net Cash From Financing Activities,+,debit,usd,3139000.0
Integrated Silicon Solution Inc ,ISSI,,0000854701,2013.0,Q3,2013-04-01,2013-06-30,,netchangeincash,effectofexchangeratechanges,Effect of Exchange Rate Changes,+,debit,usd,-140000.0
Integrated Silicon Solution Inc ,ISSI,,0000854701,2013.0,Q3,2013-04-01,2013-06-30,,,netchangeincash,Net Change in Cash & Equivalents,=,debit,usd,28174000.0
Integrated Silicon Solution Inc ,ISSI,,0000854701,2013.0,Q4,2013-07-01,2013-09-30,,netincomecontinuing,netincome,Consolidated Net Income / (Loss),+,credit,usd,4730000.0
Integrated Silicon Solution Inc ,ISSI,,0000854701,2013.0,Q4,2013-07-01,2013-09-30,,netcashfromcontinuingoperatingactivities,netincomecontinuing,Net Income / (Loss) Continuing Operations,+,credit,usd,4730000.0
Integrated Silicon Solution Inc ,ISSI,,0000854701,2013.0,Q4,2013-07-01,2013-09-30,,netcashfromcontinuingoperatingactivities,depreciationexpense,Depreciation Expense,+,debit,usd,1574000.0
Integrated Silicon Solution Inc ,ISSI,,0000854701,2013.0,Q4,2013-07-01,2013-09-30,,netcashfromcontinuingoperatingactivities,amortizationexpense,Amortization Expense,+,debit,usd,409000.0
Integrated Silicon Solution Inc ,ISSI,,0000854701,2013.0,Q4,2013-07-01,2013-09-30,,netcashfromcontinuingoperatingactivities,noncashadjustmentstonetincome,Non-Cash Adjustments To Reconcile Net Income,+,debit,usd,-897000.0
Integrated Silicon Solution Inc ,ISSI,,0000854701,2013.0,Q4,2013-07-01,2013-09-30,,netcashfromcontinuingoperatingactivities,increasedecreaseinoperatingcapital,"Changes in Operating Assets and Liabilities, net",+,debit,usd,5902000.0
Integrated Silicon Solution Inc ,ISSI,,0000854701,2013.0,Q4,2013-07-01,2013-09-30,,netcashfromoperatingactivities,netcashfromcontinuingoperatingactivities,Net Cash From Continuing Operating Activities,+,debit,usd,11718000.0
Integrated Silicon Solution Inc ,ISSI,,0000854701,2013.0,Q4,2013-07-01,2013-09-30,,netchangeincash,netcashfromoperatingactivities,Net Cash From Operating Activities,+,debit,usd,11718000.0
Integrated Silicon Solution Inc ,ISSI,,0000854701,2013.0,Q4,2013-07-01,2013-09-30,,netcashfromcontinuinginvestingactivities,purchaseofplantpropertyandequipment,"Purchase of Property, Plant & Equipment",+,debit,usd,-5308000.0
Integrated Silicon Solution Inc ,ISSI,,0000854701,2013.0,Q4,2013-07-01,2013-09-30,,netcashfromcontinuinginvestingactivities,purchaseofinvestments,Purchase of Investments,+,debit,usd,-1143000.0
Integrated Silicon Solution Inc ,ISSI,,0000854701,2013.0,Q4,2013-07-01,2013-09-30,,netcashfromcontinuinginvestingactivities,saleofinvestments,Sale and/or Maturity of Investments,+,debit,usd,6332000.0
Integrated Silicon Solution Inc ,ISSI,,0000854701,2013.0,Q4,2013-07-01,2013-09-30,,netcashfrominvestingactivities,netcashfromcontinuinginvestingactivities,Net Cash From Continuing Investing Activities,+,debit,usd,-119000.0
Integrated Silicon Solution Inc ,ISSI,,0000854701,2013.0,Q4,2013-07-01,2013-09-30,,netchangeincash,netcashfrominvestingactivities,Net Cash From Investing Activities,+,debit,usd,-119000.0
Integrated Silicon Solution Inc ,ISSI,,0000854701,2013.0,Q4,2013-07-01,2013-09-30,,netcashfromcontinuingfinancingactivities,repaymentofdebt,Repayment of Debt,+,debit,usd,-49000.0
Integrated Silicon Solution Inc ,ISSI,,0000854701,2013.0,Q4,2013-07-01,2013-09-30,,netcashfromcontinuingfinancingactivities,repurchaseofcommonequity,Repurchase of Common Equity,+,debit,usd,-8000.0
Integrated Silicon Solution Inc ,ISSI,,0000854701,2013.0,Q4,2013-07-01,2013-09-30,,netcashfromcontinuingfinancingactivities,issuanceofcommonequity,Issuance of Common Equity,+,debit,usd,2841000.0
Integrated Silicon Solution Inc ,ISSI,,0000854701,2013.0,Q4,2013-07-01,2013-09-30,,netcashfromcontinuingfinancingactivities,otherfinancingactivitiesnet,"Other Financing Activities, net",+,debit,usd,18000.0
Integrated Silicon Solution Inc ,ISSI,,0000854701,2013.0,Q4,2013-07-01,2013-09-30,,netcashfromfinancingactivities,netcashfromcontinuingfinancingactivities,Net Cash From Continuing Financing Activities,+,debit,usd,2802000.0
Integrated Silicon Solution Inc ,ISSI,,0000854701,2013.0,Q4,2013-07-01,2013-09-30,,netchangeincash,netcashfromfinancingactivities,Net Cash From Financing Activities,+,debit,usd,2802000.0
Integrated Silicon Solution Inc ,ISSI,,0000854701,2013.0,Q4,2013-07-01,2013-09-30,,netchangeincash,effectofexchangeratechanges,Effect of Exchange Rate Changes,+,debit,usd,370000.0
Integrated Silicon Solution Inc ,ISSI,,0000854701,2013.0,Q4,2013-07-01,2013-09-30,,,netchangeincash,Net Change in Cash & Equivalents,=,debit,usd,14771000.0
Integrated Silicon Solution Inc ,ISSI,,0000854701,2013.0,Q4,2013-07-01,2013-09-30,,,cashinterestpaid,Cash Interest Paid,=,,usd,48000.0
Integrated Silicon Solution Inc ,ISSI,,0000854701,2013.0,Q4,2013-07-01,2013-09-30,,,cashincometaxespaid,Cash Income Taxes Paid,=,,usd,1826000.0
Integrated Silicon Solution Inc ,ISSI,,0000854701,2014.0,Q1,2013-10-01,2013-12-31,2015-02-05 14:11:16+00:00,netincomecontinuing,netincome,Consolidated Net Income / (Loss),+,credit,usd,5446000.0
Integrated Silicon Solution Inc ,ISSI,,0000854701,2014.0,Q1,2013-10-01,2013-12-31,2015-02-05 14:11:16+00:00,netcashfromcontinuingoperatingactivities,netincomecontinuing,Net Income / (Loss) Continuing Operations,+,credit,usd,5446000.0
Integrated Silicon Solution Inc ,ISSI,,0000854701,2014.0,Q1,2013-10-01,2013-12-31,2015-02-05 14:11:16+00:00,netcashfromcontinuingoperatingactivities,depreciationexpense,Depreciation Expense,+,debit,usd,1670000.0
Integrated Silicon Solution Inc ,ISSI,,0000854701,2014.0,Q1,2013-10-01,2013-12-31,2015-02-05 14:11:16+00:00,netcashfromcontinuingoperatingactivities,amortizationexpense,Amortization Expense,+,debit,usd,409000.0
Integrated Silicon Solution Inc ,ISSI,,0000854701,2014.0,Q1,2013-10-01,2013-12-31,2015-02-05 14:11:16+00:00,netcashfromcontinuingoperatingactivities,noncashadjustmentstonetincome,Non-Cash Adjustments To Reconcile Net Income,+,debit,usd,-2286000.0
Integrated Silicon Solution Inc ,ISSI,,0000854701,2014.0,Q1,2013-10-01,2013-12-31,2015-02-05 14:11:16+00:00,netcashfromcontinuingoperatingactivities,increasedecreaseinoperatingcapital,"Changes in Operating Assets and Liabilities, net",+,debit,usd,-4552000.0
Integrated Silicon Solution Inc ,ISSI,,0000854701,2014.0,Q1,2013-10-01,2013-12-31,2015-02-05 14:11:16+00:00,netcashfromoperatingactivities,netcashfromcontinuingoperatingactivities,Net Cash From Continuing Operating Activities,+,debit,usd,687000.0
Integrated Silicon Solution Inc ,ISSI,,0000854701,2014.0,Q1,2013-10-01,2013-12-31,2015-02-05 14:11:16+00:00,netchangeincash,netcashfromoperatingactivities,Net Cash From Operating Activities,+,debit,usd,687000.0
Integrated Silicon Solution Inc ,ISSI,,0000854701,2014.0,Q1,2013-10-01,2013-12-31,2015-02-05 14:11:16+00:00,netcashfromcontinuinginvestingactivities,purchaseofplantpropertyandequipment,"Purchase of Property, Plant & Equipment",+,debit,usd,-6336000.0
Integrated Silicon Solution Inc ,ISSI,,0000854701,2014.0,Q1,2013-10-01,2013-12-31,2015-02-05 14:11:16+00:00,netcashfromcontinuinginvestingactivities,purchaseofinvestments,Purchase of Investments,+,debit,usd,-267000.0
Integrated Silicon Solution Inc ,ISSI,,0000854701,2014.0,Q1,2013-10-01,2013-12-31,2015-02-05 14:11:16+00:00,netcashfromcontinuinginvestingactivities,saleofinvestments,Sale and/or Maturity of Investments,+,debit,usd,7278000.0
Integrated Silicon Solution Inc ,ISSI,,0000854701,2014.0,Q1,2013-10-01,2013-12-31,2015-02-05 14:11:16+00:00,netcashfromcontinuinginvestingactivities,otherinvestingactivitiesnet,"Other Investing Activities, net",+,debit,usd,-199000.0
Integrated Silicon Solution Inc ,ISSI,,0000854701,2014.0,Q1,2013-10-01,2013-12-31,2015-02-05 14:11:16+00:00,netcashfrominvestingactivities,netcashfromcontinuinginvestingactivities,Net Cash From Continuing Investing Activities,+,debit,usd,476000.0
Integrated Silicon Solution Inc ,ISSI,,0000854701,2014.0,Q1,2013-10-01,2013-12-31,2015-02-05 14:11:16+00:00,netchangeincash,netcashfrominvestingactivities,Net Cash From Investing Activities,+,debit,usd,476000.0
Integrated Silicon Solution Inc ,ISSI,,0000854701,2014.0,Q1,2013-10-01,2013-12-31,2015-02-05 14:11:16+00:00,netcashfromcontinuingfinancingactivities,repaymentofdebt,Repayment of Debt,+,debit,usd,-49000.0
Integrated Silicon Solution Inc ,ISSI,,0000854701,2014.0,Q1,2013-10-01,2013-12-31,2015-02-05 14:11:16+00:00,netcashfromcontinuingfinancingactivities,repurchaseofcommonequity,Repurchase of Common Equity,+,debit,usd,-341000.0
Integrated Silicon Solution Inc ,ISSI,,0000854701,2014.0,Q1,2013-10-01,2013-12-31,2015-02-05 14:11:16+00:00,netcashfromcontinuingfinancingactivities,paymentofdividends,Payment of Dividends,+,debit,usd,0.0
Integrated Silicon Solution Inc ,ISSI,,0000854701,2014.0,Q1,2013-10-01,2013-12-31,2015-02-05 14:11:16+00:00,netcashfromcontinuingfinancingactivities,issuanceofcommonequity,Issuance of Common Equity,+,debit,usd,2550000.0
Integrated Silicon Solution Inc ,ISSI,,0000854701,2014.0,Q1,2013-10-01,2013-12-31,2015-02-05 14:11:16+00:00,netcashfromcontinuingfinancingactivities,otherfinancingactivitiesnet,"Other Financing Activities, net",+,debit,usd,510000.0
Integrated Silicon Solution Inc ,ISSI,,0000854701,2014.0,Q1,2013-10-01,2013-12-31,2015-02-05 14:11:16+00:00,netcashfromfinancingactivities,netcashfromcontinuingfinancingactivities,Net Cash From Continuing Financing Activities,+,debit,usd,2670000.0
Integrated Silicon Solution Inc ,ISSI,,0000854701,2014.0,Q1,2013-10-01,2013-12-31,2015-02-05 14:11:16+00:00,netchangeincash,netcashfromfinancingactivities,Net Cash From Financing Activities,+,debit,usd,2670000.0
Integrated Silicon Solution Inc ,ISSI,,0000854701,2014.0,Q1,2013-10-01,2013-12-31,2015-02-05 14:11:16+00:00,netchangeincash,effectofexchangeratechanges,Effect of Exchange Rate Changes,+,debit,usd,-431000.0
Integrated Silicon Solution Inc ,ISSI,,0000854701,2014.0,Q1,2013-10-01,2013-12-31,2015-02-05 14:11:16+00:00,,netchangeincash,Net Change in Cash & Equivalents,=,debit,usd,3402000.0
Integrated Silicon Solution Inc ,ISSI,,0000854701,2014.0,Q2,2014-01-01,2014-03-31,,netincomecontinuing,netincome,Consolidated Net Income / (Loss),+,credit,usd,8958000.0
Integrated Silicon Solution Inc ,ISSI,,0000854701,2014.0,Q2,2014-01-01,2014-03-31,,netcashfromcontinuingoperatingactivities,netincomecontinuing,Net Income / (Loss) Continuing Operations,+,credit,usd,8958000.0
Integrated Silicon Solution Inc ,ISSI,,0000854701,2014.0,Q2,2014-01-01,2014-03-31,,netcashfromcontinuingoperatingactivities,depreciationexpense,Depreciation Expense,+,debit,usd,2054000.0
Integrated Silicon Solution Inc ,ISSI,,0000854701,2014.0,Q2,2014-01-01,2014-03-31,,netcashfromcontinuingoperatingactivities,amortizationexpense,Amortization Expense,+,debit,usd,409000.0
Integrated Silicon Solution Inc ,ISSI,,0000854701,2014.0,Q2,2014-01-01,2014-03-31,,netcashfromcontinuingoperatingactivities,noncashadjustmentstonetincome,Non-Cash Adjustments To Reconcile Net Income,+,debit,usd,-4768000.0
Integrated Silicon Solution Inc ,ISSI,,0000854701,2014.0,Q2,2014-01-01,2014-03-31,,netcashfromcontinuingoperatingactivities,increasedecreaseinoperatingcapital,"Changes in Operating Assets and Liabilities, net",+,debit,usd,-10149000.0
Integrated Silicon Solution Inc ,ISSI,,0000854701,2014.0,Q2,2014-01-01,2014-03-31,,netcashfromoperatingactivities,netcashfromcontinuingoperatingactivities,Net Cash From Continuing Operating Activities,+,debit,usd,-3496000.0
Integrated Silicon Solution Inc ,ISSI,,0000854701,2014.0,Q2,2014-01-01,2014-03-31,,netchangeincash,netcashfromoperatingactivities,Net Cash From Operating Activities,+,debit,usd,-3496000.0
Integrated Silicon Solution Inc ,ISSI,,0000854701,2014.0,Q2,2014-01-01,2014-03-31,,netcashfromcontinuinginvestingactivities,purchaseofplantpropertyandequipment,"Purchase of Property, Plant & Equipment",+,debit,usd,-1974000.0
Integrated Silicon Solution Inc ,ISSI,,0000854701,2014.0,Q2,2014-01-01,2014-03-31,,netcashfromcontinuinginvestingactivities,purchaseofinvestments,Purchase of Investments,+,debit,usd,-951000.0
Integrated Silicon Solution Inc ,ISSI,,0000854701,2014.0,Q2,2014-01-01,2014-03-31,,netcashfromcontinuinginvestingactivities,saleofinvestments,Sale and/or Maturity of Investments,+,debit,usd,10912000.0
Integrated Silicon Solution Inc ,ISSI,,0000854701,2014.0,Q2,2014-01-01,2014-03-31,,netcashfromcontinuinginvestingactivities,otherinvestingactivitiesnet,"Other Investing Activities, net",+,debit,usd,-7000000.0
Integrated Silicon Solution Inc ,ISSI,,0000854701,2014.0,Q2,2014-01-01,2014-03-31,,netcashfrominvestingactivities,netcashfromcontinuinginvestingactivities,Net Cash From Continuing Investing Activities,+,debit,usd,987000.0
Integrated Silicon Solution Inc ,ISSI,,0000854701,2014.0,Q2,2014-01-01,2014-03-31,,netchangeincash,netcashfrominvestingactivities,Net Cash From Investing Activities,+,debit,usd,987000.0
Integrated Silicon Solution Inc ,ISSI,,0000854701,2014.0,Q2,2014-01-01,2014-03-31,,netcashfromcontinuingfinancingactivities,repaymentofdebt,Repayment of Debt,+,debit,usd,-49000.0
Integrated Silicon Solution Inc ,ISSI,,0000854701,2014.0,Q2,2014-01-01,2014-03-31,,netcashfromcontinuingfinancingactivities,repurchaseofcommonequity,Repurchase of Common Equity,+,debit,usd,-9000.0
Integrated Silicon Solution Inc ,ISSI,,0000854701,2014.0,Q2,2014-01-01,2014-03-31,,netcashfromcontinuingfinancingactivities,issuanceofcommonequity,Issuance of Common Equity,+,debit,usd,4766000.0
Integrated Silicon Solution Inc ,ISSI,,0000854701,2014.0,Q2,2014-01-01,2014-03-31,,netcashfromcontinuingfinancingactivities,otherfinancingactivitiesnet,"Other Financing Activities, net",+,debit,usd,148000.0
Integrated Silicon Solution Inc ,ISSI,,0000854701,2014.0,Q2,2014-01-01,2014-03-31,,netcashfromfinancingactivities,netcashfromcontinuingfinancingactivities,Net Cash From Continuing Financing Activities,+,debit,usd,4856000.0
Integrated Silicon Solution Inc ,ISSI,,0000854701,2014.0,Q2,2014-01-01,2014-03-31,,netchangeincash,netcashfromfinancingactivities,Net Cash From Financing Activities,+,debit,usd,4856000.0
Integrated Silicon Solution Inc ,ISSI,,0000854701,2014.0,Q2,2014-01-01,2014-03-31,,netchangeincash,effectofexchangeratechanges,Effect of Exchange Rate Changes,+,debit,usd,-967000.0
Integrated Silicon Solution Inc ,ISSI,,0000854701,2014.0,Q2,2014-01-01,2014-03-31,,,netchangeincash,Net Change in Cash & Equivalents,=,debit,usd,1380000.0
Integrated Silicon Solution Inc ,ISSI,,0000854701,2014.0,Q3,2014-04-01,2014-06-30,,netincomecontinuing,netincome,Consolidated Net Income / (Loss),+,credit,usd,6227000.0
Integrated Silicon Solution Inc ,ISSI,,0000854701,2014.0,Q3,2014-04-01,2014-06-30,,netcashfromcontinuingoperatingactivities,netincomecontinuing,Net Income / (Loss) Continuing Operations,+,credit,usd,6227000.0
Integrated Silicon Solution Inc ,ISSI,,0000854701,2014.0,Q3,2014-04-01,2014-06-30,,netcashfromcontinuingoperatingactivities,depreciationexpense,Depreciation Expense,+,debit,usd,2161000.0
Integrated Silicon Solution Inc ,ISSI,,0000854701,2014.0,Q3,2014-04-01,2014-06-30,,netcashfromcontinuingoperatingactivities,amortizationexpense,Amortization Expense,+,debit,usd,368000.0
Integrated Silicon Solution Inc ,ISSI,,0000854701,2014.0,Q3,2014-04-01,2014-06-30,,netcashfromcontinuingoperatingactivities,noncashadjustmentstonetincome,Non-Cash Adjustments To Reconcile Net Income,+,debit,usd,-2453000.0
Integrated Silicon Solution Inc ,ISSI,,0000854701,2014.0,Q3,2014-04-01,2014-06-30,,netcashfromcontinuingoperatingactivities,increasedecreaseinoperatingcapital,"Changes in Operating Assets and Liabilities, net",+,debit,usd,2206000.0
Integrated Silicon Solution Inc ,ISSI,,0000854701,2014.0,Q3,2014-04-01,2014-06-30,,netcashfromoperatingactivities,netcashfromcontinuingoperatingactivities,Net Cash From Continuing Operating Activities,+,debit,usd,8509000.0
Integrated Silicon Solution Inc ,ISSI,,0000854701,2014.0,Q3,2014-04-01,2014-06-30,,netchangeincash,netcashfromoperatingactivities,Net Cash From Operating Activities,+,debit,usd,8509000.0
Integrated Silicon Solution Inc ,ISSI,,0000854701,2014.0,Q3,2014-04-01,2014-06-30,,netcashfromcontinuinginvestingactivities,purchaseofplantpropertyandequipment,"Purchase of Property, Plant & Equipment",+,debit,usd,-1618000.0
Integrated Silicon Solution Inc ,ISSI,,0000854701,2014.0,Q3,2014-04-01,2014-06-30,,netcashfromcontinuinginvestingactivities,purchaseofinvestments,Purchase of Investments,+,debit,usd,-98000.0
Integrated Silicon Solution Inc ,ISSI,,0000854701,2014.0,Q3,2014-04-01,2014-06-30,,netcashfromcontinuinginvestingactivities,saleofinvestments,Sale and/or Maturity of Investments,+,debit,usd,3953000.0
Integrated Silicon Solution Inc ,ISSI,,0000854701,2014.0,Q3,2014-04-01,2014-06-30,,netcashfromcontinuinginvestingactivities,otherinvestingactivitiesnet,"Other Investing Activities, net",+,debit,usd,-1098000.0
Integrated Silicon Solution Inc ,ISSI,,0000854701,2014.0,Q3,2014-04-01,2014-06-30,,netcashfrominvestingactivities,netcashfromcontinuinginvestingactivities,Net Cash From Continuing Investing Activities,+,debit,usd,1139000.0
Integrated Silicon Solution Inc ,ISSI,,0000854701,2014.0,Q3,2014-04-01,2014-06-30,,netchangeincash,netcashfrominvestingactivities,Net Cash From Investing Activities,+,debit,usd,1139000.0
Integrated Silicon Solution Inc ,ISSI,,0000854701,2014.0,Q3,2014-04-01,2014-06-30,,netcashfromcontinuingfinancingactivities,repaymentofdebt,Repayment of Debt,+,debit,usd,-48000.0
Integrated Silicon Solution Inc ,ISSI,,0000854701,2014.0,Q3,2014-04-01,2014-06-30,,netcashfromcontinuingfinancingactivities,issuanceofcommonequity,Issuance of Common Equity,+,debit,usd,2253000.0
Integrated Silicon Solution Inc ,ISSI,,0000854701,2014.0,Q3,2014-04-01,2014-06-30,,netcashfromcontinuingfinancingactivities,otherfinancingactivitiesnet,"Other Financing Activities, net",+,debit,usd,1909000.0
Integrated Silicon Solution Inc ,ISSI,,0000854701,2014.0,Q3,2014-04-01,2014-06-30,,netcashfromfinancingactivities,netcashfromcontinuingfinancingactivities,Net Cash From Continuing Financing Activities,+,debit,usd,4114000.0
Integrated Silicon Solution Inc ,ISSI,,0000854701,2014.0,Q3,2014-04-01,2014-06-30,,netchangeincash,netcashfromfinancingactivities,Net Cash From Financing Activities,+,debit,usd,4114000.0
Integrated Silicon Solution Inc ,ISSI,,0000854701,2014.0,Q3,2014-04-01,2014-06-30,,netchangeincash,effectofexchangeratechanges,Effect of Exchange Rate Changes,+,debit,usd,928000.0
Integrated Silicon Solution Inc ,ISSI,,0000854701,2014.0,Q3,2014-04-01,2014-06-30,,,netchangeincash,Net Change in Cash & Equivalents,=,debit,usd,14690000.0
Integrated Silicon Solution Inc ,ISSI,,0000854701,2014.0,Q4,2014-07-01,2014-09-30,,netincomecontinuing,netincome,Consolidated Net Income / (Loss),+,credit,usd,2858000.0
Integrated Silicon Solution Inc ,ISSI,,0000854701,2014.0,Q4,2014-07-01,2014-09-30,,netcashfromcontinuingoperatingactivities,netincomecontinuing,Net Income / (Loss) Continuing Operations,+,credit,usd,2858000.0
Integrated Silicon Solution Inc ,ISSI,,0000854701,2014.0,Q4,2014-07-01,2014-09-30,,netcashfromcontinuingoperatingactivities,depreciationexpense,Depreciation Expense,+,debit,usd,2254000.0
Integrated Silicon Solution Inc ,ISSI,,0000854701,2014.0,Q4,2014-07-01,2014-09-30,,netcashfromcontinuingoperatingactivities,amortizationexpense,Amortization Expense,+,debit,usd,347000.0
Integrated Silicon Solution Inc ,ISSI,,0000854701,2014.0,Q4,2014-07-01,2014-09-30,,netcashfromcontinuingoperatingactivities,noncashadjustmentstonetincome,Non-Cash Adjustments To Reconcile Net Income,+,debit,usd,4082000.0
Integrated Silicon Solution Inc ,ISSI,,0000854701,2014.0,Q4,2014-07-01,2014-09-30,,netcashfromcontinuingoperatingactivities,increasedecreaseinoperatingcapital,"Changes in Operating Assets and Liabilities, net",+,debit,usd,1849000.0
Integrated Silicon Solution Inc ,ISSI,,0000854701,2014.0,Q4,2014-07-01,2014-09-30,,netcashfromoperatingactivities,netcashfromcontinuingoperatingactivities,Net Cash From Continuing Operating Activities,+,debit,usd,11390000.0
Integrated Silicon Solution Inc ,ISSI,,0000854701,2014.0,Q4,2014-07-01,2014-09-30,,netchangeincash,netcashfromoperatingactivities,Net Cash From Operating Activities,+,debit,usd,11390000.0
Integrated Silicon Solution Inc ,ISSI,,0000854701,2014.0,Q4,2014-07-01,2014-09-30,,netcashfromcontinuinginvestingactivities,purchaseofplantpropertyandequipment,"Purchase of Property, Plant & Equipment",+,debit,usd,-11418000.0
Integrated Silicon Solution Inc ,ISSI,,0000854701,2014.0,Q4,2014-07-01,2014-09-30,,netcashfromcontinuinginvestingactivities,purchaseofinvestments,Purchase of Investments,+,debit,usd,-167000.0
Integrated Silicon Solution Inc ,ISSI,,0000854701,2014.0,Q4,2014-07-01,2014-09-30,,netcashfromcontinuinginvestingactivities,saleofinvestments,Sale and/or Maturity of Investments,+,debit,usd,396000.0
Integrated Silicon Solution Inc ,ISSI,,0000854701,2014.0,Q4,2014-07-01,2014-09-30,,netcashfromcontinuinginvestingactivities,otherinvestingactivitiesnet,"Other Investing Activities, net",+,debit,usd,-1789000.0
Integrated Silicon Solution Inc ,ISSI,,0000854701,2014.0,Q4,2014-07-01,2014-09-30,,netcashfrominvestingactivities,netcashfromcontinuinginvestingactivities,Net Cash From Continuing Investing Activities,+,debit,usd,-12978000.0
Integrated Silicon Solution Inc ,ISSI,,0000854701,2014.0,Q4,2014-07-01,2014-09-30,,netchangeincash,netcashfrominvestingactivities,Net Cash From Investing Activities,+,debit,usd,-12978000.0
Integrated Silicon Solution Inc ,ISSI,,0000854701,2014.0,Q4,2014-07-01,2014-09-30,,netcashfromcontinuingfinancingactivities,repaymentofdebt,Repayment of Debt,+,debit,usd,-49000.0
Integrated Silicon Solution Inc ,ISSI,,0000854701,2014.0,Q4,2014-07-01,2014-09-30,,netcashfromcontinuingfinancingactivities,repurchaseofcommonequity,Repurchase of Common Equity,+,debit,usd,-8000.0
Integrated Silicon Solution Inc ,ISSI,,0000854701,2014.0,Q4,2014-07-01,2014-09-30,,netcashfromcontinuingfinancingactivities,paymentofdividends,Payment of Dividends,+,debit,usd,-1843000.0
Integrated Silicon Solution Inc ,ISSI,,0000854701,2014.0,Q4,2014-07-01,2014-09-30,,netcashfromcontinuingfinancingactivities,issuanceofcommonequity,Issuance of Common Equity,+,debit,usd,2811000.0
Integrated Silicon Solution Inc ,ISSI,,0000854701,2014.0,Q4,2014-07-01,2014-09-30,,netcashfromcontinuingfinancingactivities,otherfinancingactivitiesnet,"Other Financing Activities, net",+,debit,usd,14000.0
Integrated Silicon Solution Inc ,ISSI,,0000854701,2014.0,Q4,2014-07-01,2014-09-30,,netcashfromfinancingactivities,netcashfromcontinuingfinancingactivities,Net Cash From Continuing Financing Activities,+,debit,usd,925000.0
Integrated Silicon Solution Inc ,ISSI,,0000854701,2014.0,Q4,2014-07-01,2014-09-30,,netchangeincash,netcashfromfinancingactivities,Net Cash From Financing Activities,+,debit,usd,925000.0
Integrated Silicon Solution Inc ,ISSI,,0000854701,2014.0,Q4,2014-07-01,2014-09-30,,netchangeincash,effectofexchangeratechanges,Effect of Exchange Rate Changes,+,debit,usd,-1272000.0
Integrated Silicon Solution Inc ,ISSI,,0000854701,2014.0,Q4,2014-07-01,2014-09-30,,,netchangeincash,Net Change in Cash & Equivalents,=,debit,usd,-1935000.0
Integrated Silicon Solution Inc ,ISSI,,0000854701,2014.0,Q4,2014-07-01,2014-09-30,,,cashinterestpaid,Cash Interest Paid,=,,usd,62000.0
Integrated Silicon Solution Inc ,ISSI,,0000854701,2014.0,Q4,2014-07-01,2014-09-30,,,cashincometaxespaid,Cash Income Taxes Paid,=,,usd,2507000.0
Integrated Silicon Solution Inc ,ISSI,,0000854701,2015.0,Q1,2014-10-01,2014-12-31,2015-02-05 14:11:16+00:00,netincomecontinuing,netincome,Consolidated Net Income / (Loss),+,credit,usd,3236000.0
Integrated Silicon Solution Inc ,ISSI,,0000854701,2015.0,Q1,2014-10-01,2014-12-31,2015-02-05 14:11:16+00:00,netcashfromcontinuingoperatingactivities,netincomecontinuing,Net Income / (Loss) Continuing Operations,+,credit,usd,3236000.0
Integrated Silicon Solution Inc ,ISSI,,0000854701,2015.0,Q1,2014-10-01,2014-12-31,2015-02-05 14:11:16+00:00,netcashfromcontinuingoperatingactivities,depreciationexpense,Depreciation Expense,+,debit,usd,2166000.0
Integrated Silicon Solution Inc ,ISSI,,0000854701,2015.0,Q1,2014-10-01,2014-12-31,2015-02-05 14:11:16+00:00,netcashfromcontinuingoperatingactivities,amortizationexpense,Amortization Expense,+,debit,usd,347000.0
Integrated Silicon Solution Inc ,ISSI,,0000854701,2015.0,Q1,2014-10-01,2014-12-31,2015-02-05 14:11:16+00:00,netcashfromcontinuingoperatingactivities,noncashadjustmentstonetincome,Non-Cash Adjustments To Reconcile Net Income,+,debit,usd,1612000.0
Integrated Silicon Solution Inc ,ISSI,,0000854701,2015.0,Q1,2014-10-01,2014-12-31,2015-02-05 14:11:16+00:00,netcashfromcontinuingoperatingactivities,increasedecreaseinoperatingcapital,"Changes in Operating Assets and Liabilities, net",+,debit,usd,-5119000.0
Integrated Silicon Solution Inc ,ISSI,,0000854701,2015.0,Q1,2014-10-01,2014-12-31,2015-02-05 14:11:16+00:00,netcashfromoperatingactivities,netcashfromcontinuingoperatingactivities,Net Cash From Continuing Operating Activities,+,debit,usd,2242000.0
Integrated Silicon Solution Inc ,ISSI,,0000854701,2015.0,Q1,2014-10-01,2014-12-31,2015-02-05 14:11:16+00:00,netchangeincash,netcashfromoperatingactivities,Net Cash From Operating Activities,+,debit,usd,2242000.0
Integrated Silicon Solution Inc ,ISSI,,0000854701,2015.0,Q1,2014-10-01,2014-12-31,2015-02-05 14:11:16+00:00,netcashfromcontinuinginvestingactivities,purchaseofplantpropertyandequipment,"Purchase of Property, Plant & Equipment",+,debit,usd,-1889000.0
Integrated Silicon Solution Inc ,ISSI,,0000854701,2015.0,Q1,2014-10-01,2014-12-31,2015-02-05 14:11:16+00:00,netcashfromcontinuinginvestingactivities,purchaseofinvestments,Purchase of Investments,+,debit,usd,-252000.0
Integrated Silicon Solution Inc ,ISSI,,0000854701,2015.0,Q1,2014-10-01,2014-12-31,2015-02-05 14:11:16+00:00,netcashfromcontinuinginvestingactivities,saleofinvestments,Sale and/or Maturity of Investments,+,debit,usd,267000.0
Integrated Silicon Solution Inc ,ISSI,,0000854701,2015.0,Q1,2014-10-01,2014-12-31,2015-02-05 14:11:16+00:00,netcashfromcontinuinginvestingactivities,otherinvestingactivitiesnet,"Other Investing Activities, net",+,debit,usd,-4779000.0
Integrated Silicon Solution Inc ,ISSI,,0000854701,2015.0,Q1,2014-10-01,2014-12-31,2015-02-05 14:11:16+00:00,netcashfrominvestingactivities,netcashfromcontinuinginvestingactivities,Net Cash From Continuing Investing Activities,+,debit,usd,-6653000.0
Integrated Silicon Solution Inc ,ISSI,,0000854701,2015.0,Q1,2014-10-01,2014-12-31,2015-02-05 14:11:16+00:00,netchangeincash,netcashfrominvestingactivities,Net Cash From Investing Activities,+,debit,usd,-6653000.0
Integrated Silicon Solution Inc ,ISSI,,0000854701,2015.0,Q1,2014-10-01,2014-12-31,2015-02-05 14:11:16+00:00,netcashfromcontinuingfinancingactivities,repaymentofdebt,Repayment of Debt,+,debit,usd,-49000.0
Integrated Silicon Solution Inc ,ISSI,,0000854701,2015.0,Q1,2014-10-01,2014-12-31,2015-02-05 14:11:16+00:00,netcashfromcontinuingfinancingactivities,repurchaseofcommonequity,Repurchase of Common Equity,+,debit,usd,-494000.0
Integrated Silicon Solution Inc ,ISSI,,0000854701,2015.0,Q1,2014-10-01,2014-12-31,2015-02-05 14:11:16+00:00,netcashfromcontinuingfinancingactivities,paymentofdividends,Payment of Dividends,+,debit,usd,-1853000.0
Integrated Silicon Solution Inc ,ISSI,,0000854701,2015.0,Q1,2014-10-01,2014-12-31,2015-02-05 14:11:16+00:00,netcashfromcontinuingfinancingactivities,issuanceofcommonequity,Issuance of Common Equity,+,debit,usd,2763000.0
Integrated Silicon Solution Inc ,ISSI,,0000854701,2015.0,Q1,2014-10-01,2014-12-31,2015-02-05 14:11:16+00:00,netcashfromcontinuingfinancingactivities,otherfinancingactivitiesnet,"Other Financing Activities, net",+,debit,usd,0.0
Integrated Silicon Solution Inc ,ISSI,,0000854701,2015.0,Q1,2014-10-01,2014-12-31,2015-02-05 14:11:16+00:00,netcashfromfinancingactivities,netcashfromcontinuingfinancingactivities,Net Cash From Continuing Financing Activities,+,debit,usd,367000.0
Integrated Silicon Solution Inc ,ISSI,,0000854701,2015.0,Q1,2014-10-01,2014-12-31,2015-02-05 14:11:16+00:00,netchangeincash,netcashfromfinancingactivities,Net Cash From Financing Activities,+,debit,usd,367000.0
Integrated Silicon Solution Inc ,ISSI,,0000854701,2015.0,Q1,2014-10-01,2014-12-31,2015-02-05 14:11:16+00:00,netchangeincash,effectofexchangeratechanges,Effect of Exchange Rate Changes,+,debit,usd,-2759000.0
Integrated Silicon Solution Inc ,ISSI,,0000854701,2015.0,Q1,2014-10-01,2014-12-31,2015-02-05 14:11:16+00:00,,netchangeincash,Net Change in Cash & Equivalents,=,debit,usd,-6803000.0
Integrated Silicon Solution Inc ,ISSI,,0000854701,2015.0,Q2,2015-01-01,2015-03-31,,netincomecontinuing,netincome,Consolidated Net Income / (Loss),+,credit,usd,1131000.0
Integrated Silicon Solution Inc ,ISSI,,0000854701,2015.0,Q2,2015-01-01,2015-03-31,,netcashfromcontinuingoperatingactivities,netincomecontinuing,Net Income / (Loss) Continuing Operations,+,credit,usd,1131000.0
Integrated Silicon Solution Inc ,ISSI,,0000854701,2015.0,Q2,2015-01-01,2015-03-31,,netcashfromcontinuingoperatingactivities,depreciationexpense,Depreciation Expense,+,debit,usd,2170000.0
Integrated Silicon Solution Inc ,ISSI,,0000854701,2015.0,Q2,2015-01-01,2015-03-31,,netcashfromcontinuingoperatingactivities,amortizationexpense,Amortization Expense,+,debit,usd,347000.0
Integrated Silicon Solution Inc ,ISSI,,0000854701,2015.0,Q2,2015-01-01,2015-03-31,,netcashfromcontinuingoperatingactivities,noncashadjustmentstonetincome,Non-Cash Adjustments To Reconcile Net Income,+,debit,usd,1196000.0
Integrated Silicon Solution Inc ,ISSI,,0000854701,2015.0,Q2,2015-01-01,2015-03-31,,netcashfromcontinuingoperatingactivities,increasedecreaseinoperatingcapital,"Changes in Operating Assets and Liabilities, net",+,debit,usd,-2295000.0
Integrated Silicon Solution Inc ,ISSI,,0000854701,2015.0,Q2,2015-01-01,2015-03-31,,netcashfromoperatingactivities,netcashfromcontinuingoperatingactivities,Net Cash From Continuing Operating Activities,+,debit,usd,2549000.0
Integrated Silicon Solution Inc ,ISSI,,0000854701,2015.0,Q2,2015-01-01,2015-03-31,,netchangeincash,netcashfromoperatingactivities,Net Cash From Operating Activities,+,debit,usd,2549000.0
Integrated Silicon Solution Inc ,ISSI,,0000854701,2015.0,Q2,2015-01-01,2015-03-31,,netcashfromcontinuinginvestingactivities,purchaseofplantpropertyandequipment,"Purchase of Property, Plant & Equipment",+,debit,usd,-1833000.0
Integrated Silicon Solution Inc ,ISSI,,0000854701,2015.0,Q2,2015-01-01,2015-03-31,,netcashfromcontinuinginvestingactivities,purchaseofinvestments,Purchase of Investments,+,debit,usd,-924000.0
Integrated Silicon Solution Inc ,ISSI,,0000854701,2015.0,Q2,2015-01-01,2015-03-31,,netcashfromcontinuinginvestingactivities,saleofinvestments,Sale and/or Maturity of Investments,+,debit,usd,949000.0
Integrated Silicon Solution Inc ,ISSI,,0000854701,2015.0,Q2,2015-01-01,2015-03-31,,netcashfromcontinuinginvestingactivities,otherinvestingactivitiesnet,"Other Investing Activities, net",+,debit,usd,-19168000.0
Integrated Silicon Solution Inc ,ISSI,,0000854701,2015.0,Q2,2015-01-01,2015-03-31,,netcashfrominvestingactivities,netcashfromcontinuinginvestingactivities,Net Cash From Continuing Investing Activities,+,debit,usd,-20976000.0
Integrated Silicon Solution Inc ,ISSI,,0000854701,2015.0,Q2,2015-01-01,2015-03-31,,netchangeincash,netcashfrominvestingactivities,Net Cash From Investing Activities,+,debit,usd,-20976000.0
Integrated Silicon Solution Inc ,ISSI,,0000854701,2015.0,Q2,2015-01-01,2015-03-31,,netcashfromcontinuingfinancingactivities,repaymentofdebt,Repayment of Debt,+,debit,usd,-49000.0
Integrated Silicon Solution Inc ,ISSI,,0000854701,2015.0,Q2,2015-01-01,2015-03-31,,netcashfromcontinuingfinancingactivities,repurchaseofcommonequity,Repurchase of Common Equity,+,debit,usd,-3000.0
Integrated Silicon Solution Inc ,ISSI,,0000854701,2015.0,Q2,2015-01-01,2015-03-31,,netcashfromcontinuingfinancingactivities,paymentofdividends,Payment of Dividends,+,debit,usd,-1895000.0
Integrated Silicon Solution Inc ,ISSI,,0000854701,2015.0,Q2,2015-01-01,2015-03-31,,netcashfromcontinuingfinancingactivities,issuanceofcommonequity,Issuance of Common Equity,+,debit,usd,3996000.0
Integrated Silicon Solution Inc ,ISSI,,0000854701,2015.0,Q2,2015-01-01,2015-03-31,,netcashfromfinancingactivities,netcashfromcontinuingfinancingactivities,Net Cash From Continuing Financing Activities,+,debit,usd,2049000.0
Integrated Silicon Solution Inc ,ISSI,,0000854701,2015.0,Q2,2015-01-01,2015-03-31,,netchangeincash,netcashfromfinancingactivities,Net Cash From Financing Activities,+,debit,usd,2049000.0
Integrated Silicon Solution Inc ,ISSI,,0000854701,2015.0,Q2,2015-01-01,2015-03-31,,netchangeincash,effectofexchangeratechanges,Effect of Exchange Rate Changes,+,debit,usd,650000.0
Integrated Silicon Solution Inc ,ISSI,,0000854701,2015.0,Q2,2015-01-01,2015-03-31,,,netchangeincash,Net Change in Cash & Equivalents,=,debit,usd,-15728000.0
Integrated Silicon Solution Inc ,ISSI,,0000854701,2015.0,Q3,2015-04-01,2015-06-30,,netincomecontinuing,netincome,Consolidated Net Income / (Loss),+,credit,usd,22000.0
Integrated Silicon Solution Inc ,ISSI,,0000854701,2015.0,Q3,2015-04-01,2015-06-30,,netcashfromcontinuingoperatingactivities,netincomecontinuing,Net Income / (Loss) Continuing Operations,+,credit,usd,22000.0
Integrated Silicon Solution Inc ,ISSI,,0000854701,2015.0,Q3,2015-04-01,2015-06-30,,netcashfromcontinuingoperatingactivities,depreciationexpense,Depreciation Expense,+,debit,usd,2238000.0
Integrated Silicon Solution Inc ,ISSI,,0000854701,2015.0,Q3,2015-04-01,2015-06-30,,netcashfromcontinuingoperatingactivities,amortizationexpense,Amortization Expense,+,debit,usd,348000.0
Integrated Silicon Solution Inc ,ISSI,,0000854701,2015.0,Q3,2015-04-01,2015-06-30,,netcashfromcontinuingoperatingactivities,noncashadjustmentstonetincome,Non-Cash Adjustments To Reconcile Net Income,+,debit,usd,1128000.0
Integrated Silicon Solution Inc ,ISSI,,0000854701,2015.0,Q3,2015-04-01,2015-06-30,,netcashfromcontinuingoperatingactivities,increasedecreaseinoperatingcapital,"Changes in Operating Assets and Liabilities, net",+,debit,usd,-23000.0
Integrated Silicon Solution Inc ,ISSI,,0000854701,2015.0,Q3,2015-04-01,2015-06-30,,netcashfromoperatingactivities,netcashfromcontinuingoperatingactivities,Net Cash From Continuing Operating Activities,+,debit,usd,3713000.0
Integrated Silicon Solution Inc ,ISSI,,0000854701,2015.0,Q3,2015-04-01,2015-06-30,,netchangeincash,netcashfromoperatingactivities,Net Cash From Operating Activities,+,debit,usd,3713000.0
Integrated Silicon Solution Inc ,ISSI,,0000854701,2015.0,Q3,2015-04-01,2015-06-30,,netcashfromcontinuinginvestingactivities,purchaseofplantpropertyandequipment,"Purchase of Property, Plant & Equipment",+,debit,usd,-23205000.0
Integrated Silicon Solution Inc ,ISSI,,0000854701,2015.0,Q3,2015-04-01,2015-06-30,,netcashfromcontinuinginvestingactivities,purchaseofinvestments,Purchase of Investments,+,debit,usd,-96000.0
Integrated Silicon Solution Inc ,ISSI,,0000854701,2015.0,Q3,2015-04-01,2015-06-30,,netcashfromcontinuinginvestingactivities,saleofinvestments,Sale and/or Maturity of Investments,+,debit,usd,97000.0
Integrated Silicon Solution Inc ,ISSI,,0000854701,2015.0,Q3,2015-04-01,2015-06-30,,netcashfromcontinuinginvestingactivities,otherinvestingactivitiesnet,"Other Investing Activities, net",+,debit,usd,-403000.0
Integrated Silicon Solution Inc ,ISSI,,0000854701,2015.0,Q3,2015-04-01,2015-06-30,,netcashfrominvestingactivities,netcashfromcontinuinginvestingactivities,Net Cash From Continuing Investing Activities,+,debit,usd,-23607000.0
Integrated Silicon Solution Inc ,ISSI,,0000854701,2015.0,Q3,2015-04-01,2015-06-30,,netchangeincash,netcashfrominvestingactivities,Net Cash From Investing Activities,+,debit,usd,-23607000.0
Integrated Silicon Solution Inc ,ISSI,,0000854701,2015.0,Q3,2015-04-01,2015-06-30,,netcashfromcontinuingfinancingactivities,repaymentofdebt,Repayment of Debt,+,debit,usd,-48000.0
Integrated Silicon Solution Inc ,ISSI,,0000854701,2015.0,Q3,2015-04-01,2015-06-30,,netcashfromcontinuingfinancingactivities,repurchaseofcommonequity,Repurchase of Common Equity,+,debit,usd,-16000.0
Integrated Silicon Solution Inc ,ISSI,,0000854701,2015.0,Q3,2015-04-01,2015-06-30,,netcashfromcontinuingfinancingactivities,paymentofdividends,Payment of Dividends,+,debit,usd,-1910000.0
Integrated Silicon Solution Inc ,ISSI,,0000854701,2015.0,Q3,2015-04-01,2015-06-30,,netcashfromcontinuingfinancingactivities,issuanceofcommonequity,Issuance of Common Equity,+,debit,usd,3612000.0
Integrated Silicon Solution Inc ,ISSI,,0000854701,2015.0,Q3,2015-04-01,2015-06-30,,netcashfromcontinuingfinancingactivities,otherfinancingactivitiesnet,"Other Financing Activities, net",+,debit,usd,-395000.0
Integrated Silicon Solution Inc ,ISSI,,0000854701,2015.0,Q3,2015-04-01,2015-06-30,,netcashfromfinancingactivities,netcashfromcontinuingfinancingactivities,Net Cash From Continuing Financing Activities,+,debit,usd,1243000.0
Integrated Silicon Solution Inc ,ISSI,,0000854701,2015.0,Q3,2015-04-01,2015-06-30,,netchangeincash,netcashfromfinancingactivities,Net Cash From Financing Activities,+,debit,usd,1243000.0
Integrated Silicon Solution Inc ,ISSI,,0000854701,2015.0,Q3,2015-04-01,2015-06-30,,netchangeincash,effectofexchangeratechanges,Effect of Exchange Rate Changes,+,debit,usd,1122000.0
Integrated Silicon Solution Inc ,ISSI,,0000854701,2015.0,Q3,2015-04-01,2015-06-30,,,netchangeincash,Net Change in Cash & Equivalents,=,debit,usd,-17529000.0
