company_name,company_ticker,company_lei,company_cik,year,quarter,start_date,end_date,filing_date,parent,tag,financial_name,factor,balance,unit,value
Microchip Technology Inc,MCHP,5493007PTFULNYZJ1R12,0000827054,2010.0,Q2,,2009-09-30,2009-11-06 12:50:13+00:00,totalcurrentassets,cashandequivalents,Cash & Equivalents,+,debit,usd,541045000.0
Microchip Technology Inc,MCHP,5493007PTFULNYZJ1R12,0000827054,2010.0,Q2,,2009-09-30,2009-11-06 12:50:13+00:00,totalcurrentassets,shortterminvestments,Short-Term Investments,+,debit,usd,822949000.0
Microchip Technology Inc,MCHP,5493007PTFULNYZJ1R12,0000827054,2010.0,Q2,,2009-09-30,2009-11-06 12:50:13+00:00,totalcurrentassets,accountsreceivable,Accounts Receivable,+,debit,usd,106651000.0
Microchip Technology Inc,MCHP,5493007PTFULNYZJ1R12,0000827054,2010.0,Q2,,2009-09-30,2009-11-06 12:50:13+00:00,totalcurrentassets,netinventory,"Inventories, net",+,debit,usd,108451000.0
Microchip Technology Inc,MCHP,5493007PTFULNYZJ1R12,0000827054,2010.0,Q2,,2009-09-30,2009-11-06 12:50:13+00:00,totalcurrentassets,prepaidexpenses,Prepaid Expenses,+,debit,usd,14055000.0
Microchip Technology Inc,MCHP,5493007PTFULNYZJ1R12,0000827054,2010.0,Q2,,2009-09-30,2009-11-06 12:50:13+00:00,totalcurrentassets,currentdeferredtaxassets,Current Deferred & Refundable Income Taxes,+,debit,usd,78076000.0
Microchip Technology Inc,MCHP,5493007PTFULNYZJ1R12,0000827054,2010.0,Q2,,2009-09-30,2009-11-06 12:50:13+00:00,totalcurrentassets,othercurrentassets,Other Current Assets,+,debit,usd,56229000.0
Microchip Technology Inc,MCHP,5493007PTFULNYZJ1R12,0000827054,2010.0,Q2,,2009-09-30,2009-11-06 12:50:13+00:00,totalassets,totalcurrentassets,Total Current Assets,+,debit,usd,1727456000.0
Microchip Technology Inc,MCHP,5493007PTFULNYZJ1R12,0000827054,2010.0,Q2,,2009-09-30,2009-11-06 12:50:13+00:00,totalassets,netppe,"Plant, Property, & Equipment, net",+,debit,usd,497958000.0
Microchip Technology Inc,MCHP,5493007PTFULNYZJ1R12,0000827054,2010.0,Q2,,2009-09-30,2009-11-06 12:50:13+00:00,totalnoncurrentassets,longterminvestments,Long-Term Investments,+,debit,usd,108729000.0
Microchip Technology Inc,MCHP,5493007PTFULNYZJ1R12,0000827054,2010.0,Q2,,2009-09-30,2009-11-06 12:50:13+00:00,totalnoncurrentassets,goodwill,Goodwill,+,debit,usd,36165000.0
Microchip Technology Inc,MCHP,5493007PTFULNYZJ1R12,0000827054,2010.0,Q2,,2009-09-30,2009-11-06 12:50:13+00:00,totalnoncurrentassets,intangibleassets,Intangible Assets,+,debit,usd,28775000.0
Microchip Technology Inc,MCHP,5493007PTFULNYZJ1R12,0000827054,2010.0,Q2,,2009-09-30,2009-11-06 12:50:13+00:00,totalnoncurrentassets,othernoncurrentassets,Other Noncurrent Operating Assets,+,debit,usd,19202000.0
Microchip Technology Inc,MCHP,5493007PTFULNYZJ1R12,0000827054,2010.0,Q2,,2009-09-30,2009-11-06 12:50:13+00:00,totalassets,totalnoncurrentassets,Total Noncurrent Assets,+,debit,usd,192871000.0
Microchip Technology Inc,MCHP,5493007PTFULNYZJ1R12,0000827054,2010.0,Q2,,2009-09-30,2009-11-06 12:50:13+00:00,,totalassets,Total Assets,=,debit,usd,2418285000.0
Microchip Technology Inc,MCHP,5493007PTFULNYZJ1R12,0000827054,2010.0,Q2,,2009-09-30,2009-11-06 12:50:13+00:00,totalcurrentliabilities,accountspayable,Accounts Payable,+,credit,usd,33926000.0
Microchip Technology Inc,MCHP,5493007PTFULNYZJ1R12,0000827054,2010.0,Q2,,2009-09-30,2009-11-06 12:50:13+00:00,totalcurrentliabilities,accruedexpenses,Accrued Expenses,+,credit,usd,50163000.0
Microchip Technology Inc,MCHP,5493007PTFULNYZJ1R12,0000827054,2010.0,Q2,,2009-09-30,2009-11-06 12:50:13+00:00,totalcurrentliabilities,currentdeferredrevenue,Current Deferred Revenue,+,credit,usd,86261000.0
Microchip Technology Inc,MCHP,5493007PTFULNYZJ1R12,0000827054,2010.0,Q2,,2009-09-30,2009-11-06 12:50:13+00:00,totalliabilities,totalcurrentliabilities,Total Current Liabilities,+,credit,usd,170350000.0
Microchip Technology Inc,MCHP,5493007PTFULNYZJ1R12,0000827054,2010.0,Q2,,2009-09-30,2009-11-06 12:50:13+00:00,totalnoncurrentliabilities,longtermdebt,Long-Term Debt,+,credit,usd,337403000.0
Microchip Technology Inc,MCHP,5493007PTFULNYZJ1R12,0000827054,2010.0,Q2,,2009-09-30,2009-11-06 12:50:13+00:00,totalnoncurrentliabilities,noncurrentdeferredtaxliabilities,Noncurrent Deferred & Payable Income Tax Liabilities,+,credit,usd,448222000.0
Microchip Technology Inc,MCHP,5493007PTFULNYZJ1R12,0000827054,2010.0,Q2,,2009-09-30,2009-11-06 12:50:13+00:00,totalnoncurrentliabilities,othernoncurrentliabilities,Other Noncurrent Operating Liabilities,+,credit,usd,3993000.0
Microchip Technology Inc,MCHP,5493007PTFULNYZJ1R12,0000827054,2010.0,Q2,,2009-09-30,2009-11-06 12:50:13+00:00,totalliabilities,totalnoncurrentliabilities,Total Noncurrent Liabilities,+,credit,usd,789618000.0
Microchip Technology Inc,MCHP,5493007PTFULNYZJ1R12,0000827054,2010.0,Q2,,2009-09-30,2009-11-06 12:50:13+00:00,totalliabilitiesandequity,totalliabilities,Total Liabilities,+,credit,usd,959968000.0
Microchip Technology Inc,MCHP,5493007PTFULNYZJ1R12,0000827054,2010.0,Q2,,2009-09-30,2009-11-06 12:50:13+00:00,totalequity,totalpreferredequity,Preferred Stock,+,credit,usd,0.0
Microchip Technology Inc,MCHP,5493007PTFULNYZJ1R12,0000827054,2010.0,Q2,,2009-09-30,2009-11-06 12:50:13+00:00,totalcommonequity,commonequity,Common Stock,+,credit,usd,1276390000.0
Microchip Technology Inc,MCHP,5493007PTFULNYZJ1R12,0000827054,2010.0,Q2,,2009-09-30,2009-11-06 12:50:13+00:00,totalcommonequity,retainedearnings,Retained Earnings,+,credit,usd,1247094000.0
Microchip Technology Inc,MCHP,5493007PTFULNYZJ1R12,0000827054,2010.0,Q2,,2009-09-30,2009-11-06 12:50:13+00:00,totalcommonequity,treasurystock,Treasury Stock,+,credit,usd,-1069516000.0
Microchip Technology Inc,MCHP,5493007PTFULNYZJ1R12,0000827054,2010.0,Q2,,2009-09-30,2009-11-06 12:50:13+00:00,totalcommonequity,aoci,Accumulated Other Comprehensive Income / (Loss),+,credit,usd,4349000.0
Microchip Technology Inc,MCHP,5493007PTFULNYZJ1R12,0000827054,2010.0,Q2,,2009-09-30,2009-11-06 12:50:13+00:00,totalequity,totalcommonequity,Total Common Equity,+,credit,usd,1458317000.0
Microchip Technology Inc,MCHP,5493007PTFULNYZJ1R12,0000827054,2010.0,Q2,,2009-09-30,2009-11-06 12:50:13+00:00,totalequityandnoncontrollinginterests,totalequity,Total Preferred & Common Equity,+,credit,usd,1458317000.0
Microchip Technology Inc,MCHP,5493007PTFULNYZJ1R12,0000827054,2010.0,Q2,,2009-09-30,2009-11-06 12:50:13+00:00,totalliabilitiesandequity,totalequityandnoncontrollinginterests,Total Equity & Noncontrolling Interests,+,credit,usd,1458317000.0
Microchip Technology Inc,MCHP,5493007PTFULNYZJ1R12,0000827054,2010.0,Q2,,2009-09-30,2009-11-06 12:50:13+00:00,,totalliabilitiesandequity,Total Liabilities & Shareholders' Equity,=,credit,usd,2418285000.0
Microchip Technology Inc,MCHP,5493007PTFULNYZJ1R12,0000827054,2010.0,Q3,,2009-12-31,2010-02-09 14:36:34+00:00,totalcurrentassets,cashandequivalents,Cash & Equivalents,+,debit,usd,361291000.0
Microchip Technology Inc,MCHP,5493007PTFULNYZJ1R12,0000827054,2010.0,Q3,,2009-12-31,2010-02-09 14:36:34+00:00,totalcurrentassets,shortterminvestments,Short-Term Investments,+,debit,usd,716683000.0
Microchip Technology Inc,MCHP,5493007PTFULNYZJ1R12,0000827054,2010.0,Q3,,2009-12-31,2010-02-09 14:36:34+00:00,totalcurrentassets,accountsreceivable,Accounts Receivable,+,debit,usd,113763000.0
Microchip Technology Inc,MCHP,5493007PTFULNYZJ1R12,0000827054,2010.0,Q3,,2009-12-31,2010-02-09 14:36:34+00:00,totalcurrentassets,netinventory,"Inventories, net",+,debit,usd,112784000.0
Microchip Technology Inc,MCHP,5493007PTFULNYZJ1R12,0000827054,2010.0,Q3,,2009-12-31,2010-02-09 14:36:34+00:00,totalcurrentassets,prepaidexpenses,Prepaid Expenses,+,debit,usd,14124000.0
Microchip Technology Inc,MCHP,5493007PTFULNYZJ1R12,0000827054,2010.0,Q3,,2009-12-31,2010-02-09 14:36:34+00:00,totalcurrentassets,currentdeferredtaxassets,Current Deferred & Refundable Income Taxes,+,debit,usd,73744000.0
Microchip Technology Inc,MCHP,5493007PTFULNYZJ1R12,0000827054,2010.0,Q3,,2009-12-31,2010-02-09 14:36:34+00:00,totalcurrentassets,othercurrentassets,Other Current Assets,+,debit,usd,50348000.0
Microchip Technology Inc,MCHP,5493007PTFULNYZJ1R12,0000827054,2010.0,Q3,,2009-12-31,2010-02-09 14:36:34+00:00,totalassets,totalcurrentassets,Total Current Assets,+,debit,usd,1442737000.0
Microchip Technology Inc,MCHP,5493007PTFULNYZJ1R12,0000827054,2010.0,Q3,,2009-12-31,2010-02-09 14:36:34+00:00,totalassets,netppe,"Plant, Property, & Equipment, net",+,debit,usd,495065000.0
Microchip Technology Inc,MCHP,5493007PTFULNYZJ1R12,0000827054,2010.0,Q3,,2009-12-31,2010-02-09 14:36:34+00:00,totalnoncurrentassets,longterminvestments,Long-Term Investments,+,debit,usd,421628000.0
Microchip Technology Inc,MCHP,5493007PTFULNYZJ1R12,0000827054,2010.0,Q3,,2009-12-31,2010-02-09 14:36:34+00:00,totalnoncurrentassets,goodwill,Goodwill,+,debit,usd,36165000.0
Microchip Technology Inc,MCHP,5493007PTFULNYZJ1R12,0000827054,2010.0,Q3,,2009-12-31,2010-02-09 14:36:34+00:00,totalnoncurrentassets,intangibleassets,Intangible Assets,+,debit,usd,28996000.0
Microchip Technology Inc,MCHP,5493007PTFULNYZJ1R12,0000827054,2010.0,Q3,,2009-12-31,2010-02-09 14:36:34+00:00,totalnoncurrentassets,othernoncurrentassets,Other Noncurrent Operating Assets,+,debit,usd,19016000.0
Microchip Technology Inc,MCHP,5493007PTFULNYZJ1R12,0000827054,2010.0,Q3,,2009-12-31,2010-02-09 14:36:34+00:00,totalassets,totalnoncurrentassets,Total Noncurrent Assets,+,debit,usd,505805000.0
Microchip Technology Inc,MCHP,5493007PTFULNYZJ1R12,0000827054,2010.0,Q3,,2009-12-31,2010-02-09 14:36:34+00:00,,totalassets,Total Assets,=,debit,usd,2443607000.0
Microchip Technology Inc,MCHP,5493007PTFULNYZJ1R12,0000827054,2010.0,Q3,,2009-12-31,2010-02-09 14:36:34+00:00,totalcurrentliabilities,accountspayable,Accounts Payable,+,credit,usd,38387000.0
Microchip Technology Inc,MCHP,5493007PTFULNYZJ1R12,0000827054,2010.0,Q3,,2009-12-31,2010-02-09 14:36:34+00:00,totalcurrentliabilities,accruedexpenses,Accrued Expenses,+,credit,usd,49165000.0
Microchip Technology Inc,MCHP,5493007PTFULNYZJ1R12,0000827054,2010.0,Q3,,2009-12-31,2010-02-09 14:36:34+00:00,totalcurrentliabilities,currentdeferredrevenue,Current Deferred Revenue,+,credit,usd,97583000.0
Microchip Technology Inc,MCHP,5493007PTFULNYZJ1R12,0000827054,2010.0,Q3,,2009-12-31,2010-02-09 14:36:34+00:00,totalliabilities,totalcurrentliabilities,Total Current Liabilities,+,credit,usd,185135000.0
Microchip Technology Inc,MCHP,5493007PTFULNYZJ1R12,0000827054,2010.0,Q3,,2009-12-31,2010-02-09 14:36:34+00:00,totalnoncurrentliabilities,longtermdebt,Long-Term Debt,+,credit,usd,339000000.0
Microchip Technology Inc,MCHP,5493007PTFULNYZJ1R12,0000827054,2010.0,Q3,,2009-12-31,2010-02-09 14:36:34+00:00,totalnoncurrentliabilities,noncurrentdeferredtaxliabilities,Noncurrent Deferred & Payable Income Tax Liabilities,+,credit,usd,431614000.0
Microchip Technology Inc,MCHP,5493007PTFULNYZJ1R12,0000827054,2010.0,Q3,,2009-12-31,2010-02-09 14:36:34+00:00,totalnoncurrentliabilities,othernoncurrentliabilities,Other Noncurrent Operating Liabilities,+,credit,usd,3983000.0
Microchip Technology Inc,MCHP,5493007PTFULNYZJ1R12,0000827054,2010.0,Q3,,2009-12-31,2010-02-09 14:36:34+00:00,totalliabilities,totalnoncurrentliabilities,Total Noncurrent Liabilities,+,credit,usd,774597000.0
Microchip Technology Inc,MCHP,5493007PTFULNYZJ1R12,0000827054,2010.0,Q3,,2009-12-31,2010-02-09 14:36:34+00:00,totalliabilitiesandequity,totalliabilities,Total Liabilities,+,credit,usd,959732000.0
Microchip Technology Inc,MCHP,5493007PTFULNYZJ1R12,0000827054,2010.0,Q3,,2009-12-31,2010-02-09 14:36:34+00:00,totalequity,totalpreferredequity,Preferred Stock,+,credit,usd,0.0
Microchip Technology Inc,MCHP,5493007PTFULNYZJ1R12,0000827054,2010.0,Q3,,2009-12-31,2010-02-09 14:36:34+00:00,totalcommonequity,commonequity,Common Stock,+,credit,usd,1275307000.0
Microchip Technology Inc,MCHP,5493007PTFULNYZJ1R12,0000827054,2010.0,Q3,,2009-12-31,2010-02-09 14:36:34+00:00,totalcommonequity,retainedearnings,Retained Earnings,+,credit,usd,1253977000.0
Microchip Technology Inc,MCHP,5493007PTFULNYZJ1R12,0000827054,2010.0,Q3,,2009-12-31,2010-02-09 14:36:34+00:00,totalcommonequity,treasurystock,Treasury Stock,+,credit,usd,-1048121000.0
Microchip Technology Inc,MCHP,5493007PTFULNYZJ1R12,0000827054,2010.0,Q3,,2009-12-31,2010-02-09 14:36:34+00:00,totalcommonequity,aoci,Accumulated Other Comprehensive Income / (Loss),+,credit,usd,2712000.0
Microchip Technology Inc,MCHP,5493007PTFULNYZJ1R12,0000827054,2010.0,Q3,,2009-12-31,2010-02-09 14:36:34+00:00,totalequity,totalcommonequity,Total Common Equity,+,credit,usd,1483875000.0
Microchip Technology Inc,MCHP,5493007PTFULNYZJ1R12,0000827054,2010.0,Q3,,2009-12-31,2010-02-09 14:36:34+00:00,totalequityandnoncontrollinginterests,totalequity,Total Preferred & Common Equity,+,credit,usd,1483875000.0
Microchip Technology Inc,MCHP,5493007PTFULNYZJ1R12,0000827054,2010.0,Q3,,2009-12-31,2010-02-09 14:36:34+00:00,totalliabilitiesandequity,totalequityandnoncontrollinginterests,Total Equity & Noncontrolling Interests,+,credit,usd,1483875000.0
Microchip Technology Inc,MCHP,5493007PTFULNYZJ1R12,0000827054,2010.0,Q3,,2009-12-31,2010-02-09 14:36:34+00:00,,totalliabilitiesandequity,Total Liabilities & Shareholders' Equity,=,credit,usd,2443607000.0
Microchip Technology Inc,MCHP,5493007PTFULNYZJ1R12,0000827054,2011.0,Q1,,2010-06-30,2010-08-09 13:52:05+00:00,totalcurrentassets,cashandequivalents,Cash & Equivalents,+,debit,usd,523474000.0
Microchip Technology Inc,MCHP,5493007PTFULNYZJ1R12,0000827054,2011.0,Q1,,2010-06-30,2010-08-09 13:52:05+00:00,totalcurrentassets,shortterminvestments,Short-Term Investments,+,debit,usd,792342000.0
Microchip Technology Inc,MCHP,5493007PTFULNYZJ1R12,0000827054,2011.0,Q1,,2010-06-30,2010-08-09 13:52:05+00:00,totalcurrentassets,accountsreceivable,Accounts Receivable,+,debit,usd,193499000.0
Microchip Technology Inc,MCHP,5493007PTFULNYZJ1R12,0000827054,2011.0,Q1,,2010-06-30,2010-08-09 13:52:05+00:00,totalcurrentassets,netinventory,"Inventories, net",+,debit,usd,128129000.0
Microchip Technology Inc,MCHP,5493007PTFULNYZJ1R12,0000827054,2011.0,Q1,,2010-06-30,2010-08-09 13:52:05+00:00,totalcurrentassets,prepaidexpenses,Prepaid Expenses,+,debit,usd,16825000.0
Microchip Technology Inc,MCHP,5493007PTFULNYZJ1R12,0000827054,2011.0,Q1,,2010-06-30,2010-08-09 13:52:05+00:00,totalcurrentassets,currentdeferredtaxassets,Current Deferred & Refundable Income Taxes,+,debit,usd,95529000.0
Microchip Technology Inc,MCHP,5493007PTFULNYZJ1R12,0000827054,2011.0,Q1,,2010-06-30,2010-08-09 13:52:05+00:00,totalcurrentassets,othercurrentassets,Other Current Assets,+,debit,usd,54558000.0
Microchip Technology Inc,MCHP,5493007PTFULNYZJ1R12,0000827054,2011.0,Q1,,2010-06-30,2010-08-09 13:52:05+00:00,totalcurrentassets,othercurrentnonoperatingassets,Other Current Nonoperating Assets,+,debit,usd,43526000.0
Microchip Technology Inc,MCHP,5493007PTFULNYZJ1R12,0000827054,2011.0,Q1,,2010-06-30,2010-08-09 13:52:05+00:00,totalassets,totalcurrentassets,Total Current Assets,+,debit,usd,1847882000.0
Microchip Technology Inc,MCHP,5493007PTFULNYZJ1R12,0000827054,2011.0,Q1,,2010-06-30,2010-08-09 13:52:05+00:00,totalassets,netppe,"Plant, Property, & Equipment, net",+,debit,usd,507666000.0
Microchip Technology Inc,MCHP,5493007PTFULNYZJ1R12,0000827054,2011.0,Q1,,2010-06-30,2010-08-09 13:52:05+00:00,totalnoncurrentassets,longterminvestments,Long-Term Investments,+,debit,usd,160129000.0
Microchip Technology Inc,MCHP,5493007PTFULNYZJ1R12,0000827054,2011.0,Q1,,2010-06-30,2010-08-09 13:52:05+00:00,totalnoncurrentassets,goodwill,Goodwill,+,debit,usd,49474000.0
Microchip Technology Inc,MCHP,5493007PTFULNYZJ1R12,0000827054,2011.0,Q1,,2010-06-30,2010-08-09 13:52:05+00:00,totalnoncurrentassets,intangibleassets,Intangible Assets,+,debit,usd,77637000.0
Microchip Technology Inc,MCHP,5493007PTFULNYZJ1R12,0000827054,2011.0,Q1,,2010-06-30,2010-08-09 13:52:05+00:00,totalnoncurrentassets,othernoncurrentassets,Other Noncurrent Operating Assets,+,debit,usd,50481000.0
Microchip Technology Inc,MCHP,5493007PTFULNYZJ1R12,0000827054,2011.0,Q1,,2010-06-30,2010-08-09 13:52:05+00:00,totalassets,totalnoncurrentassets,Total Noncurrent Assets,+,debit,usd,337721000.0
Microchip Technology Inc,MCHP,5493007PTFULNYZJ1R12,0000827054,2011.0,Q1,,2010-06-30,2010-08-09 13:52:05+00:00,,totalassets,Total Assets,=,debit,usd,2693269000.0
Microchip Technology Inc,MCHP,5493007PTFULNYZJ1R12,0000827054,2011.0,Q1,,2010-06-30,2010-08-09 13:52:05+00:00,totalcurrentliabilities,accountspayable,Accounts Payable,+,credit,usd,84517000.0
Microchip Technology Inc,MCHP,5493007PTFULNYZJ1R12,0000827054,2011.0,Q1,,2010-06-30,2010-08-09 13:52:05+00:00,totalcurrentliabilities,accruedexpenses,Accrued Expenses,+,credit,usd,91497000.0
Microchip Technology Inc,MCHP,5493007PTFULNYZJ1R12,0000827054,2011.0,Q1,,2010-06-30,2010-08-09 13:52:05+00:00,totalcurrentliabilities,currentdeferredrevenue,Current Deferred Revenue,+,credit,usd,108070000.0
Microchip Technology Inc,MCHP,5493007PTFULNYZJ1R12,0000827054,2011.0,Q1,,2010-06-30,2010-08-09 13:52:05+00:00,totalliabilities,totalcurrentliabilities,Total Current Liabilities,+,credit,usd,284084000.0
Microchip Technology Inc,MCHP,5493007PTFULNYZJ1R12,0000827054,2011.0,Q1,,2010-06-30,2010-08-09 13:52:05+00:00,totalnoncurrentliabilities,longtermdebt,Long-Term Debt,+,credit,usd,342223000.0
Microchip Technology Inc,MCHP,5493007PTFULNYZJ1R12,0000827054,2011.0,Q1,,2010-06-30,2010-08-09 13:52:05+00:00,totalnoncurrentliabilities,noncurrentdeferredtaxliabilities,Noncurrent Deferred & Payable Income Tax Liabilities,+,credit,usd,491577000.0
Microchip Technology Inc,MCHP,5493007PTFULNYZJ1R12,0000827054,2011.0,Q1,,2010-06-30,2010-08-09 13:52:05+00:00,totalnoncurrentliabilities,othernoncurrentliabilities,Other Noncurrent Operating Liabilities,+,credit,usd,7920000.0
Microchip Technology Inc,MCHP,5493007PTFULNYZJ1R12,0000827054,2011.0,Q1,,2010-06-30,2010-08-09 13:52:05+00:00,totalliabilities,totalnoncurrentliabilities,Total Noncurrent Liabilities,+,credit,usd,841720000.0
Microchip Technology Inc,MCHP,5493007PTFULNYZJ1R12,0000827054,2011.0,Q1,,2010-06-30,2010-08-09 13:52:05+00:00,totalliabilitiesandequity,totalliabilities,Total Liabilities,+,credit,usd,1125804000.0
Microchip Technology Inc,MCHP,5493007PTFULNYZJ1R12,0000827054,2011.0,Q1,,2010-06-30,2010-08-09 13:52:05+00:00,totalequity,totalpreferredequity,Preferred Stock,+,credit,usd,0.0
Microchip Technology Inc,MCHP,5493007PTFULNYZJ1R12,0000827054,2011.0,Q1,,2010-06-30,2010-08-09 13:52:05+00:00,totalcommonequity,commonequity,Common Stock,+,credit,usd,1275162000.0
Microchip Technology Inc,MCHP,5493007PTFULNYZJ1R12,0000827054,2011.0,Q1,,2010-06-30,2010-08-09 13:52:05+00:00,totalcommonequity,retainedearnings,Retained Earnings,+,credit,usd,1292812000.0
Microchip Technology Inc,MCHP,5493007PTFULNYZJ1R12,0000827054,2011.0,Q1,,2010-06-30,2010-08-09 13:52:05+00:00,totalcommonequity,treasurystock,Treasury Stock,+,credit,usd,-996256000.0
Microchip Technology Inc,MCHP,5493007PTFULNYZJ1R12,0000827054,2011.0,Q1,,2010-06-30,2010-08-09 13:52:05+00:00,totalcommonequity,aoci,Accumulated Other Comprehensive Income / (Loss),+,credit,usd,-4253000.0
Microchip Technology Inc,MCHP,5493007PTFULNYZJ1R12,0000827054,2011.0,Q1,,2010-06-30,2010-08-09 13:52:05+00:00,totalequity,totalcommonequity,Total Common Equity,+,credit,usd,1567465000.0
Microchip Technology Inc,MCHP,5493007PTFULNYZJ1R12,0000827054,2011.0,Q1,,2010-06-30,2010-08-09 13:52:05+00:00,totalequityandnoncontrollinginterests,totalequity,Total Preferred & Common Equity,+,credit,usd,1567465000.0
Microchip Technology Inc,MCHP,5493007PTFULNYZJ1R12,0000827054,2011.0,Q1,,2010-06-30,2010-08-09 13:52:05+00:00,totalliabilitiesandequity,totalequityandnoncontrollinginterests,Total Equity & Noncontrolling Interests,+,credit,usd,1567465000.0
Microchip Technology Inc,MCHP,5493007PTFULNYZJ1R12,0000827054,2011.0,Q1,,2010-06-30,2010-08-09 13:52:05+00:00,,totalliabilitiesandequity,Total Liabilities & Shareholders' Equity,=,credit,usd,2693269000.0
Microchip Technology Inc,MCHP,5493007PTFULNYZJ1R12,0000827054,2011.0,Q2,,2010-09-30,2010-11-08 14:53:41+00:00,totalcurrentassets,cashandequivalents,Cash & Equivalents,+,debit,usd,423721000.0
Microchip Technology Inc,MCHP,5493007PTFULNYZJ1R12,0000827054,2011.0,Q2,,2010-09-30,2010-11-08 14:53:41+00:00,totalcurrentassets,shortterminvestments,Short-Term Investments,+,debit,usd,955047000.0
Microchip Technology Inc,MCHP,5493007PTFULNYZJ1R12,0000827054,2011.0,Q2,,2010-09-30,2010-11-08 14:53:41+00:00,totalcurrentassets,accountsreceivable,Accounts Receivable,+,debit,usd,202754000.0
Microchip Technology Inc,MCHP,5493007PTFULNYZJ1R12,0000827054,2011.0,Q2,,2010-09-30,2010-11-08 14:53:41+00:00,totalcurrentassets,netinventory,"Inventories, net",+,debit,usd,166569000.0
Microchip Technology Inc,MCHP,5493007PTFULNYZJ1R12,0000827054,2011.0,Q2,,2010-09-30,2010-11-08 14:53:41+00:00,totalcurrentassets,prepaidexpenses,Prepaid Expenses,+,debit,usd,20061000.0
Microchip Technology Inc,MCHP,5493007PTFULNYZJ1R12,0000827054,2011.0,Q2,,2010-09-30,2010-11-08 14:53:41+00:00,totalcurrentassets,currentdeferredtaxassets,Current Deferred & Refundable Income Taxes,+,debit,usd,97671000.0
Microchip Technology Inc,MCHP,5493007PTFULNYZJ1R12,0000827054,2011.0,Q2,,2010-09-30,2010-11-08 14:53:41+00:00,totalcurrentassets,othercurrentassets,Other Current Assets,+,debit,usd,50373000.0
Microchip Technology Inc,MCHP,5493007PTFULNYZJ1R12,0000827054,2011.0,Q2,,2010-09-30,2010-11-08 14:53:41+00:00,totalcurrentassets,othercurrentnonoperatingassets,Other Current Nonoperating Assets,+,debit,usd,1109000.0
Microchip Technology Inc,MCHP,5493007PTFULNYZJ1R12,0000827054,2011.0,Q2,,2010-09-30,2010-11-08 14:53:41+00:00,totalassets,totalcurrentassets,Total Current Assets,+,debit,usd,1917305000.0
Microchip Technology Inc,MCHP,5493007PTFULNYZJ1R12,0000827054,2011.0,Q2,,2010-09-30,2010-11-08 14:53:41+00:00,totalassets,netppe,"Plant, Property, & Equipment, net",+,debit,usd,517668000.0
Microchip Technology Inc,MCHP,5493007PTFULNYZJ1R12,0000827054,2011.0,Q2,,2010-09-30,2010-11-08 14:53:41+00:00,totalnoncurrentassets,longterminvestments,Long-Term Investments,+,debit,usd,190152000.0
Microchip Technology Inc,MCHP,5493007PTFULNYZJ1R12,0000827054,2011.0,Q2,,2010-09-30,2010-11-08 14:53:41+00:00,totalnoncurrentassets,goodwill,Goodwill,+,debit,usd,49355000.0
Microchip Technology Inc,MCHP,5493007PTFULNYZJ1R12,0000827054,2011.0,Q2,,2010-09-30,2010-11-08 14:53:41+00:00,totalnoncurrentassets,intangibleassets,Intangible Assets,+,debit,usd,81320000.0
Microchip Technology Inc,MCHP,5493007PTFULNYZJ1R12,0000827054,2011.0,Q2,,2010-09-30,2010-11-08 14:53:41+00:00,totalnoncurrentassets,othernoncurrentassets,Other Noncurrent Operating Assets,+,debit,usd,52570000.0
Microchip Technology Inc,MCHP,5493007PTFULNYZJ1R12,0000827054,2011.0,Q2,,2010-09-30,2010-11-08 14:53:41+00:00,totalassets,totalnoncurrentassets,Total Noncurrent Assets,+,debit,usd,373397000.0
Microchip Technology Inc,MCHP,5493007PTFULNYZJ1R12,0000827054,2011.0,Q2,,2010-09-30,2010-11-08 14:53:41+00:00,,totalassets,Total Assets,=,debit,usd,2808370000.0
Microchip Technology Inc,MCHP,5493007PTFULNYZJ1R12,0000827054,2011.0,Q2,,2010-09-30,2010-11-08 14:53:41+00:00,totalcurrentliabilities,accountspayable,Accounts Payable,+,credit,usd,73882000.0
Microchip Technology Inc,MCHP,5493007PTFULNYZJ1R12,0000827054,2011.0,Q2,,2010-09-30,2010-11-08 14:53:41+00:00,totalcurrentliabilities,accruedexpenses,Accrued Expenses,+,credit,usd,103976000.0
Microchip Technology Inc,MCHP,5493007PTFULNYZJ1R12,0000827054,2011.0,Q2,,2010-09-30,2010-11-08 14:53:41+00:00,totalcurrentliabilities,currentdeferredrevenue,Current Deferred Revenue,+,credit,usd,132282000.0
Microchip Technology Inc,MCHP,5493007PTFULNYZJ1R12,0000827054,2011.0,Q2,,2010-09-30,2010-11-08 14:53:41+00:00,totalliabilities,totalcurrentliabilities,Total Current Liabilities,+,credit,usd,310140000.0
Microchip Technology Inc,MCHP,5493007PTFULNYZJ1R12,0000827054,2011.0,Q2,,2010-09-30,2010-11-08 14:53:41+00:00,totalnoncurrentliabilities,longtermdebt,Long-Term Debt,+,credit,usd,344085000.0
Microchip Technology Inc,MCHP,5493007PTFULNYZJ1R12,0000827054,2011.0,Q2,,2010-09-30,2010-11-08 14:53:41+00:00,totalnoncurrentliabilities,noncurrentdeferredtaxliabilities,Noncurrent Deferred & Payable Income Tax Liabilities,+,credit,usd,502905000.0
Microchip Technology Inc,MCHP,5493007PTFULNYZJ1R12,0000827054,2011.0,Q2,,2010-09-30,2010-11-08 14:53:41+00:00,totalnoncurrentliabilities,othernoncurrentliabilities,Other Noncurrent Operating Liabilities,+,credit,usd,14074000.0
Microchip Technology Inc,MCHP,5493007PTFULNYZJ1R12,0000827054,2011.0,Q2,,2010-09-30,2010-11-08 14:53:41+00:00,totalliabilities,totalnoncurrentliabilities,Total Noncurrent Liabilities,+,credit,usd,861064000.0
Microchip Technology Inc,MCHP,5493007PTFULNYZJ1R12,0000827054,2011.0,Q2,,2010-09-30,2010-11-08 14:53:41+00:00,totalliabilitiesandequity,totalliabilities,Total Liabilities,+,credit,usd,1171204000.0
Microchip Technology Inc,MCHP,5493007PTFULNYZJ1R12,0000827054,2011.0,Q2,,2010-09-30,2010-11-08 14:53:41+00:00,totalequity,totalpreferredequity,Preferred Stock,+,credit,usd,0.0
Microchip Technology Inc,MCHP,5493007PTFULNYZJ1R12,0000827054,2011.0,Q2,,2010-09-30,2010-11-08 14:53:41+00:00,totalcommonequity,commonequity,Common Stock,+,credit,usd,1272224000.0
Microchip Technology Inc,MCHP,5493007PTFULNYZJ1R12,0000827054,2011.0,Q2,,2010-09-30,2010-11-08 14:53:41+00:00,totalcommonequity,retainedearnings,Retained Earnings,+,credit,usd,1331984000.0
Microchip Technology Inc,MCHP,5493007PTFULNYZJ1R12,0000827054,2011.0,Q2,,2010-09-30,2010-11-08 14:53:41+00:00,totalcommonequity,treasurystock,Treasury Stock,+,credit,usd,-968832000.0
Microchip Technology Inc,MCHP,5493007PTFULNYZJ1R12,0000827054,2011.0,Q2,,2010-09-30,2010-11-08 14:53:41+00:00,totalcommonequity,aoci,Accumulated Other Comprehensive Income / (Loss),+,credit,usd,1790000.0
Microchip Technology Inc,MCHP,5493007PTFULNYZJ1R12,0000827054,2011.0,Q2,,2010-09-30,2010-11-08 14:53:41+00:00,totalequity,totalcommonequity,Total Common Equity,+,credit,usd,1637166000.0
Microchip Technology Inc,MCHP,5493007PTFULNYZJ1R12,0000827054,2011.0,Q2,,2010-09-30,2010-11-08 14:53:41+00:00,totalequityandnoncontrollinginterests,totalequity,Total Preferred & Common Equity,+,credit,usd,1637166000.0
Microchip Technology Inc,MCHP,5493007PTFULNYZJ1R12,0000827054,2011.0,Q2,,2010-09-30,2010-11-08 14:53:41+00:00,totalliabilitiesandequity,totalequityandnoncontrollinginterests,Total Equity & Noncontrolling Interests,+,credit,usd,1637166000.0
Microchip Technology Inc,MCHP,5493007PTFULNYZJ1R12,0000827054,2011.0,Q2,,2010-09-30,2010-11-08 14:53:41+00:00,,totalliabilitiesandequity,Total Liabilities & Shareholders' Equity,=,credit,usd,2808370000.0
Microchip Technology Inc,MCHP,5493007PTFULNYZJ1R12,0000827054,2011.0,Q3,,2010-12-31,2011-02-08 14:38:55+00:00,totalcurrentassets,cashandequivalents,Cash & Equivalents,+,debit,usd,500616000.0
Microchip Technology Inc,MCHP,5493007PTFULNYZJ1R12,0000827054,2011.0,Q3,,2010-12-31,2011-02-08 14:38:55+00:00,totalcurrentassets,shortterminvestments,Short-Term Investments,+,debit,usd,690568000.0
Microchip Technology Inc,MCHP,5493007PTFULNYZJ1R12,0000827054,2011.0,Q3,,2010-12-31,2011-02-08 14:38:55+00:00,totalcurrentassets,accountsreceivable,Accounts Receivable,+,debit,usd,187267000.0
Microchip Technology Inc,MCHP,5493007PTFULNYZJ1R12,0000827054,2011.0,Q3,,2010-12-31,2011-02-08 14:38:55+00:00,totalcurrentassets,netinventory,"Inventories, net",+,debit,usd,177705000.0
Microchip Technology Inc,MCHP,5493007PTFULNYZJ1R12,0000827054,2011.0,Q3,,2010-12-31,2011-02-08 14:38:55+00:00,totalcurrentassets,prepaidexpenses,Prepaid Expenses,+,debit,usd,20968000.0
Microchip Technology Inc,MCHP,5493007PTFULNYZJ1R12,0000827054,2011.0,Q3,,2010-12-31,2011-02-08 14:38:55+00:00,totalcurrentassets,currentdeferredtaxassets,Current Deferred & Refundable Income Taxes,+,debit,usd,107617000.0
Microchip Technology Inc,MCHP,5493007PTFULNYZJ1R12,0000827054,2011.0,Q3,,2010-12-31,2011-02-08 14:38:55+00:00,totalcurrentassets,othercurrentassets,Other Current Assets,+,debit,usd,52594000.0
Microchip Technology Inc,MCHP,5493007PTFULNYZJ1R12,0000827054,2011.0,Q3,,2010-12-31,2011-02-08 14:38:55+00:00,totalcurrentassets,othercurrentnonoperatingassets,Other Current Nonoperating Assets,+,debit,usd,1109000.0
Microchip Technology Inc,MCHP,5493007PTFULNYZJ1R12,0000827054,2011.0,Q3,,2010-12-31,2011-02-08 14:38:55+00:00,totalassets,totalcurrentassets,Total Current Assets,+,debit,usd,1738444000.0
Microchip Technology Inc,MCHP,5493007PTFULNYZJ1R12,0000827054,2011.0,Q3,,2010-12-31,2011-02-08 14:38:55+00:00,totalassets,netppe,"Plant, Property, & Equipment, net",+,debit,usd,528215000.0
Microchip Technology Inc,MCHP,5493007PTFULNYZJ1R12,0000827054,2011.0,Q3,,2010-12-31,2011-02-08 14:38:55+00:00,totalnoncurrentassets,longterminvestments,Long-Term Investments,+,debit,usd,381832000.0
Microchip Technology Inc,MCHP,5493007PTFULNYZJ1R12,0000827054,2011.0,Q3,,2010-12-31,2011-02-08 14:38:55+00:00,totalnoncurrentassets,goodwill,Goodwill,+,debit,usd,59457000.0
Microchip Technology Inc,MCHP,5493007PTFULNYZJ1R12,0000827054,2011.0,Q3,,2010-12-31,2011-02-08 14:38:55+00:00,totalnoncurrentassets,intangibleassets,Intangible Assets,+,debit,usd,79074000.0
Microchip Technology Inc,MCHP,5493007PTFULNYZJ1R12,0000827054,2011.0,Q3,,2010-12-31,2011-02-08 14:38:55+00:00,totalnoncurrentassets,othernoncurrentassets,Other Noncurrent Operating Assets,+,debit,usd,41704000.0
Microchip Technology Inc,MCHP,5493007PTFULNYZJ1R12,0000827054,2011.0,Q3,,2010-12-31,2011-02-08 14:38:55+00:00,totalassets,totalnoncurrentassets,Total Noncurrent Assets,+,debit,usd,562067000.0
Microchip Technology Inc,MCHP,5493007PTFULNYZJ1R12,0000827054,2011.0,Q3,,2010-12-31,2011-02-08 14:38:55+00:00,,totalassets,Total Assets,=,debit,usd,2828726000.0
Microchip Technology Inc,MCHP,5493007PTFULNYZJ1R12,0000827054,2011.0,Q3,,2010-12-31,2011-02-08 14:38:55+00:00,totalcurrentliabilities,accountspayable,Accounts Payable,+,credit,usd,66070000.0
Microchip Technology Inc,MCHP,5493007PTFULNYZJ1R12,0000827054,2011.0,Q3,,2010-12-31,2011-02-08 14:38:55+00:00,totalcurrentliabilities,accruedexpenses,Accrued Expenses,+,credit,usd,91180000.0
Microchip Technology Inc,MCHP,5493007PTFULNYZJ1R12,0000827054,2011.0,Q3,,2010-12-31,2011-02-08 14:38:55+00:00,totalcurrentliabilities,currentdeferredrevenue,Current Deferred Revenue,+,credit,usd,142685000.0
Microchip Technology Inc,MCHP,5493007PTFULNYZJ1R12,0000827054,2011.0,Q3,,2010-12-31,2011-02-08 14:38:55+00:00,totalliabilities,totalcurrentliabilities,Total Current Liabilities,+,credit,usd,299935000.0
Microchip Technology Inc,MCHP,5493007PTFULNYZJ1R12,0000827054,2011.0,Q3,,2010-12-31,2011-02-08 14:38:55+00:00,totalnoncurrentliabilities,longtermdebt,Long-Term Debt,+,credit,usd,345581000.0
Microchip Technology Inc,MCHP,5493007PTFULNYZJ1R12,0000827054,2011.0,Q3,,2010-12-31,2011-02-08 14:38:55+00:00,totalnoncurrentliabilities,noncurrentdeferredtaxliabilities,Noncurrent Deferred & Payable Income Tax Liabilities,+,credit,usd,522008000.0
Microchip Technology Inc,MCHP,5493007PTFULNYZJ1R12,0000827054,2011.0,Q3,,2010-12-31,2011-02-08 14:38:55+00:00,totalnoncurrentliabilities,othernoncurrentliabilities,Other Noncurrent Operating Liabilities,+,credit,usd,11257000.0
Microchip Technology Inc,MCHP,5493007PTFULNYZJ1R12,0000827054,2011.0,Q3,,2010-12-31,2011-02-08 14:38:55+00:00,totalliabilities,totalnoncurrentliabilities,Total Noncurrent Liabilities,+,credit,usd,878846000.0
Microchip Technology Inc,MCHP,5493007PTFULNYZJ1R12,0000827054,2011.0,Q3,,2010-12-31,2011-02-08 14:38:55+00:00,totalliabilitiesandequity,totalliabilities,Total Liabilities,+,credit,usd,1178781000.0
Microchip Technology Inc,MCHP,5493007PTFULNYZJ1R12,0000827054,2011.0,Q3,,2010-12-31,2011-02-08 14:38:55+00:00,totalequity,totalpreferredequity,Preferred Stock,+,credit,usd,0.0
Microchip Technology Inc,MCHP,5493007PTFULNYZJ1R12,0000827054,2011.0,Q3,,2010-12-31,2011-02-08 14:38:55+00:00,totalcommonequity,commonequity,Common Stock,+,credit,usd,1268637000.0
Microchip Technology Inc,MCHP,5493007PTFULNYZJ1R12,0000827054,2011.0,Q3,,2010-12-31,2011-02-08 14:38:55+00:00,totalcommonequity,retainedearnings,Retained Earnings,+,credit,usd,1303311000.0
Microchip Technology Inc,MCHP,5493007PTFULNYZJ1R12,0000827054,2011.0,Q3,,2010-12-31,2011-02-08 14:38:55+00:00,totalcommonequity,treasurystock,Treasury Stock,+,credit,usd,-924777000.0
Microchip Technology Inc,MCHP,5493007PTFULNYZJ1R12,0000827054,2011.0,Q3,,2010-12-31,2011-02-08 14:38:55+00:00,totalcommonequity,aoci,Accumulated Other Comprehensive Income / (Loss),+,credit,usd,2774000.0
Microchip Technology Inc,MCHP,5493007PTFULNYZJ1R12,0000827054,2011.0,Q3,,2010-12-31,2011-02-08 14:38:55+00:00,totalequity,totalcommonequity,Total Common Equity,+,credit,usd,1649945000.0
Microchip Technology Inc,MCHP,5493007PTFULNYZJ1R12,0000827054,2011.0,Q3,,2010-12-31,2011-02-08 14:38:55+00:00,totalequityandnoncontrollinginterests,totalequity,Total Preferred & Common Equity,+,credit,usd,1649945000.0
Microchip Technology Inc,MCHP,5493007PTFULNYZJ1R12,0000827054,2011.0,Q3,,2010-12-31,2011-02-08 14:38:55+00:00,totalliabilitiesandequity,totalequityandnoncontrollinginterests,Total Equity & Noncontrolling Interests,+,credit,usd,1649945000.0
Microchip Technology Inc,MCHP,5493007PTFULNYZJ1R12,0000827054,2011.0,Q3,,2010-12-31,2011-02-08 14:38:55+00:00,,totalliabilitiesandequity,Total Liabilities & Shareholders' Equity,=,credit,usd,2828726000.0
Microchip Technology Inc,MCHP,5493007PTFULNYZJ1R12,0000827054,2012.0,Q1,,2011-06-30,2011-08-09 13:38:06+00:00,totalcurrentassets,cashandequivalents,Cash & Equivalents,+,debit,usd,651383000.0
Microchip Technology Inc,MCHP,5493007PTFULNYZJ1R12,0000827054,2012.0,Q1,,2011-06-30,2011-08-09 13:38:06+00:00,totalcurrentassets,shortterminvestments,Short-Term Investments,+,debit,usd,866369000.0
Microchip Technology Inc,MCHP,5493007PTFULNYZJ1R12,0000827054,2012.0,Q1,,2011-06-30,2011-08-09 13:38:06+00:00,totalcurrentassets,accountsreceivable,Accounts Receivable,+,debit,usd,196254000.0
Microchip Technology Inc,MCHP,5493007PTFULNYZJ1R12,0000827054,2012.0,Q1,,2011-06-30,2011-08-09 13:38:06+00:00,totalcurrentassets,netinventory,"Inventories, net",+,debit,usd,202455000.0
Microchip Technology Inc,MCHP,5493007PTFULNYZJ1R12,0000827054,2012.0,Q1,,2011-06-30,2011-08-09 13:38:06+00:00,totalcurrentassets,prepaidexpenses,Prepaid Expenses,+,debit,usd,22486000.0
Microchip Technology Inc,MCHP,5493007PTFULNYZJ1R12,0000827054,2012.0,Q1,,2011-06-30,2011-08-09 13:38:06+00:00,totalcurrentassets,currentdeferredtaxassets,Current Deferred & Refundable Income Taxes,+,debit,usd,87473000.0
Microchip Technology Inc,MCHP,5493007PTFULNYZJ1R12,0000827054,2012.0,Q1,,2011-06-30,2011-08-09 13:38:06+00:00,totalcurrentassets,othercurrentassets,Other Current Assets,+,debit,usd,69267000.0
Microchip Technology Inc,MCHP,5493007PTFULNYZJ1R12,0000827054,2012.0,Q1,,2011-06-30,2011-08-09 13:38:06+00:00,totalassets,totalcurrentassets,Total Current Assets,+,debit,usd,2095687000.0
Microchip Technology Inc,MCHP,5493007PTFULNYZJ1R12,0000827054,2012.0,Q1,,2011-06-30,2011-08-09 13:38:06+00:00,totalassets,netppe,"Plant, Property, & Equipment, net",+,debit,usd,545703000.0
Microchip Technology Inc,MCHP,5493007PTFULNYZJ1R12,0000827054,2012.0,Q1,,2011-06-30,2011-08-09 13:38:06+00:00,totalnoncurrentassets,longterminvestments,Long-Term Investments,+,debit,usd,199550000.0
Microchip Technology Inc,MCHP,5493007PTFULNYZJ1R12,0000827054,2012.0,Q1,,2011-06-30,2011-08-09 13:38:06+00:00,totalnoncurrentassets,goodwill,Goodwill,+,debit,usd,76028000.0
Microchip Technology Inc,MCHP,5493007PTFULNYZJ1R12,0000827054,2012.0,Q1,,2011-06-30,2011-08-09 13:38:06+00:00,totalnoncurrentassets,intangibleassets,Intangible Assets,+,debit,usd,75583000.0
Microchip Technology Inc,MCHP,5493007PTFULNYZJ1R12,0000827054,2012.0,Q1,,2011-06-30,2011-08-09 13:38:06+00:00,totalnoncurrentassets,othernoncurrentassets,Other Noncurrent Operating Assets,+,debit,usd,36748000.0
Microchip Technology Inc,MCHP,5493007PTFULNYZJ1R12,0000827054,2012.0,Q1,,2011-06-30,2011-08-09 13:38:06+00:00,totalassets,totalnoncurrentassets,Total Noncurrent Assets,+,debit,usd,387909000.0
Microchip Technology Inc,MCHP,5493007PTFULNYZJ1R12,0000827054,2012.0,Q1,,2011-06-30,2011-08-09 13:38:06+00:00,,totalassets,Total Assets,=,debit,usd,3029299000.0
Microchip Technology Inc,MCHP,5493007PTFULNYZJ1R12,0000827054,2012.0,Q1,,2011-06-30,2011-08-09 13:38:06+00:00,totalcurrentliabilities,accountspayable,Accounts Payable,+,credit,usd,67528000.0
Microchip Technology Inc,MCHP,5493007PTFULNYZJ1R12,0000827054,2012.0,Q1,,2011-06-30,2011-08-09 13:38:06+00:00,totalcurrentliabilities,accruedexpenses,Accrued Expenses,+,credit,usd,114957000.0
Microchip Technology Inc,MCHP,5493007PTFULNYZJ1R12,0000827054,2012.0,Q1,,2011-06-30,2011-08-09 13:38:06+00:00,totalcurrentliabilities,currentdeferredrevenue,Current Deferred Revenue,+,credit,usd,145598000.0
Microchip Technology Inc,MCHP,5493007PTFULNYZJ1R12,0000827054,2012.0,Q1,,2011-06-30,2011-08-09 13:38:06+00:00,totalliabilities,totalcurrentliabilities,Total Current Liabilities,+,credit,usd,328083000.0
Microchip Technology Inc,MCHP,5493007PTFULNYZJ1R12,0000827054,2012.0,Q1,,2011-06-30,2011-08-09 13:38:06+00:00,totalnoncurrentliabilities,longtermdebt,Long-Term Debt,+,credit,usd,349109000.0
Microchip Technology Inc,MCHP,5493007PTFULNYZJ1R12,0000827054,2012.0,Q1,,2011-06-30,2011-08-09 13:38:06+00:00,totalnoncurrentliabilities,noncurrentdeferredrevenue,Noncurrent Deferred Revenue,+,credit,usd,61742000.0
Microchip Technology Inc,MCHP,5493007PTFULNYZJ1R12,0000827054,2012.0,Q1,,2011-06-30,2011-08-09 13:38:06+00:00,totalnoncurrentliabilities,noncurrentdeferredtaxliabilities,Noncurrent Deferred & Payable Income Tax Liabilities,+,credit,usd,401126000.0
Microchip Technology Inc,MCHP,5493007PTFULNYZJ1R12,0000827054,2012.0,Q1,,2011-06-30,2011-08-09 13:38:06+00:00,totalnoncurrentliabilities,othernoncurrentliabilities,Other Noncurrent Operating Liabilities,+,credit,usd,10017000.0
Microchip Technology Inc,MCHP,5493007PTFULNYZJ1R12,0000827054,2012.0,Q1,,2011-06-30,2011-08-09 13:38:06+00:00,totalliabilities,totalnoncurrentliabilities,Total Noncurrent Liabilities,+,credit,usd,821994000.0
Microchip Technology Inc,MCHP,5493007PTFULNYZJ1R12,0000827054,2012.0,Q1,,2011-06-30,2011-08-09 13:38:06+00:00,totalliabilitiesandequity,totalliabilities,Total Liabilities,+,credit,usd,1150077000.0
Microchip Technology Inc,MCHP,5493007PTFULNYZJ1R12,0000827054,2012.0,Q1,,2011-06-30,2011-08-09 13:38:06+00:00,totalequity,totalpreferredequity,Preferred Stock,+,credit,usd,0.0
Microchip Technology Inc,MCHP,5493007PTFULNYZJ1R12,0000827054,2012.0,Q1,,2011-06-30,2011-08-09 13:38:06+00:00,totalcommonequity,commonequity,Common Stock,+,credit,usd,1269494000.0
Microchip Technology Inc,MCHP,5493007PTFULNYZJ1R12,0000827054,2012.0,Q1,,2011-06-30,2011-08-09 13:38:06+00:00,totalcommonequity,retainedearnings,Retained Earnings,+,credit,usd,1462231000.0
Microchip Technology Inc,MCHP,5493007PTFULNYZJ1R12,0000827054,2012.0,Q1,,2011-06-30,2011-08-09 13:38:06+00:00,totalcommonequity,treasurystock,Treasury Stock,+,credit,usd,-857787000.0
Microchip Technology Inc,MCHP,5493007PTFULNYZJ1R12,0000827054,2012.0,Q1,,2011-06-30,2011-08-09 13:38:06+00:00,totalcommonequity,aoci,Accumulated Other Comprehensive Income / (Loss),+,credit,usd,5284000.0
Microchip Technology Inc,MCHP,5493007PTFULNYZJ1R12,0000827054,2012.0,Q1,,2011-06-30,2011-08-09 13:38:06+00:00,totalequity,totalcommonequity,Total Common Equity,+,credit,usd,1879222000.0
Microchip Technology Inc,MCHP,5493007PTFULNYZJ1R12,0000827054,2012.0,Q1,,2011-06-30,2011-08-09 13:38:06+00:00,totalequityandnoncontrollinginterests,totalequity,Total Preferred & Common Equity,+,credit,usd,1879222000.0
Microchip Technology Inc,MCHP,5493007PTFULNYZJ1R12,0000827054,2012.0,Q1,,2011-06-30,2011-08-09 13:38:06+00:00,totalliabilitiesandequity,totalequityandnoncontrollinginterests,Total Equity & Noncontrolling Interests,+,credit,usd,1879222000.0
Microchip Technology Inc,MCHP,5493007PTFULNYZJ1R12,0000827054,2012.0,Q1,,2011-06-30,2011-08-09 13:38:06+00:00,,totalliabilitiesandequity,Total Liabilities & Shareholders' Equity,=,credit,usd,3029299000.0
Microchip Technology Inc,MCHP,5493007PTFULNYZJ1R12,0000827054,2012.0,Q2,,2011-09-30,2011-11-07 14:34:13+00:00,totalcurrentassets,cashandequivalents,Cash & Equivalents,+,debit,usd,675129000.0
Microchip Technology Inc,MCHP,5493007PTFULNYZJ1R12,0000827054,2012.0,Q2,,2011-09-30,2011-11-07 14:34:13+00:00,totalcurrentassets,shortterminvestments,Short-Term Investments,+,debit,usd,740309000.0
Microchip Technology Inc,MCHP,5493007PTFULNYZJ1R12,0000827054,2012.0,Q2,,2011-09-30,2011-11-07 14:34:13+00:00,totalcurrentassets,accountsreceivable,Accounts Receivable,+,debit,usd,142409000.0
Microchip Technology Inc,MCHP,5493007PTFULNYZJ1R12,0000827054,2012.0,Q2,,2011-09-30,2011-11-07 14:34:13+00:00,totalcurrentassets,netinventory,"Inventories, net",+,debit,usd,211206000.0
Microchip Technology Inc,MCHP,5493007PTFULNYZJ1R12,0000827054,2012.0,Q2,,2011-09-30,2011-11-07 14:34:13+00:00,totalcurrentassets,prepaidexpenses,Prepaid Expenses,+,debit,usd,22367000.0
Microchip Technology Inc,MCHP,5493007PTFULNYZJ1R12,0000827054,2012.0,Q2,,2011-09-30,2011-11-07 14:34:13+00:00,totalcurrentassets,currentdeferredtaxassets,Current Deferred & Refundable Income Taxes,+,debit,usd,96488000.0
Microchip Technology Inc,MCHP,5493007PTFULNYZJ1R12,0000827054,2012.0,Q2,,2011-09-30,2011-11-07 14:34:13+00:00,totalcurrentassets,othercurrentassets,Other Current Assets,+,debit,usd,45468000.0
Microchip Technology Inc,MCHP,5493007PTFULNYZJ1R12,0000827054,2012.0,Q2,,2011-09-30,2011-11-07 14:34:13+00:00,totalassets,totalcurrentassets,Total Current Assets,+,debit,usd,1933376000.0
Microchip Technology Inc,MCHP,5493007PTFULNYZJ1R12,0000827054,2012.0,Q2,,2011-09-30,2011-11-07 14:34:13+00:00,totalassets,netppe,"Plant, Property, & Equipment, net",+,debit,usd,548977000.0
Microchip Technology Inc,MCHP,5493007PTFULNYZJ1R12,0000827054,2012.0,Q2,,2011-09-30,2011-11-07 14:34:13+00:00,totalnoncurrentassets,longterminvestments,Long-Term Investments,+,debit,usd,359980000.0
Microchip Technology Inc,MCHP,5493007PTFULNYZJ1R12,0000827054,2012.0,Q2,,2011-09-30,2011-11-07 14:34:13+00:00,totalnoncurrentassets,goodwill,Goodwill,+,debit,usd,76061000.0
Microchip Technology Inc,MCHP,5493007PTFULNYZJ1R12,0000827054,2012.0,Q2,,2011-09-30,2011-11-07 14:34:13+00:00,totalnoncurrentassets,intangibleassets,Intangible Assets,+,debit,usd,76503000.0
Microchip Technology Inc,MCHP,5493007PTFULNYZJ1R12,0000827054,2012.0,Q2,,2011-09-30,2011-11-07 14:34:13+00:00,totalnoncurrentassets,othernoncurrentassets,Other Noncurrent Operating Assets,+,debit,usd,38852000.0
Microchip Technology Inc,MCHP,5493007PTFULNYZJ1R12,0000827054,2012.0,Q2,,2011-09-30,2011-11-07 14:34:13+00:00,totalassets,totalnoncurrentassets,Total Noncurrent Assets,+,debit,usd,551396000.0
Microchip Technology Inc,MCHP,5493007PTFULNYZJ1R12,0000827054,2012.0,Q2,,2011-09-30,2011-11-07 14:34:13+00:00,,totalassets,Total Assets,=,debit,usd,3033749000.0
Microchip Technology Inc,MCHP,5493007PTFULNYZJ1R12,0000827054,2012.0,Q2,,2011-09-30,2011-11-07 14:34:13+00:00,totalcurrentliabilities,accountspayable,Accounts Payable,+,credit,usd,57792000.0
Microchip Technology Inc,MCHP,5493007PTFULNYZJ1R12,0000827054,2012.0,Q2,,2011-09-30,2011-11-07 14:34:13+00:00,totalcurrentliabilities,accruedexpenses,Accrued Expenses,+,credit,usd,92176000.0
Microchip Technology Inc,MCHP,5493007PTFULNYZJ1R12,0000827054,2012.0,Q2,,2011-09-30,2011-11-07 14:34:13+00:00,totalcurrentliabilities,currentdeferredrevenue,Current Deferred Revenue,+,credit,usd,144185000.0
Microchip Technology Inc,MCHP,5493007PTFULNYZJ1R12,0000827054,2012.0,Q2,,2011-09-30,2011-11-07 14:34:13+00:00,totalliabilities,totalcurrentliabilities,Total Current Liabilities,+,credit,usd,294153000.0
Microchip Technology Inc,MCHP,5493007PTFULNYZJ1R12,0000827054,2012.0,Q2,,2011-09-30,2011-11-07 14:34:13+00:00,totalnoncurrentliabilities,longtermdebt,Long-Term Debt,+,credit,usd,351371000.0
Microchip Technology Inc,MCHP,5493007PTFULNYZJ1R12,0000827054,2012.0,Q2,,2011-09-30,2011-11-07 14:34:13+00:00,totalnoncurrentliabilities,noncurrentdeferredrevenue,Noncurrent Deferred Revenue,+,credit,usd,65040000.0
Microchip Technology Inc,MCHP,5493007PTFULNYZJ1R12,0000827054,2012.0,Q2,,2011-09-30,2011-11-07 14:34:13+00:00,totalnoncurrentliabilities,noncurrentdeferredtaxliabilities,Noncurrent Deferred & Payable Income Tax Liabilities,+,credit,usd,409372000.0
Microchip Technology Inc,MCHP,5493007PTFULNYZJ1R12,0000827054,2012.0,Q2,,2011-09-30,2011-11-07 14:34:13+00:00,totalnoncurrentliabilities,othernoncurrentliabilities,Other Noncurrent Operating Liabilities,+,credit,usd,9874000.0
Microchip Technology Inc,MCHP,5493007PTFULNYZJ1R12,0000827054,2012.0,Q2,,2011-09-30,2011-11-07 14:34:13+00:00,totalliabilities,totalnoncurrentliabilities,Total Noncurrent Liabilities,+,credit,usd,835657000.0
Microchip Technology Inc,MCHP,5493007PTFULNYZJ1R12,0000827054,2012.0,Q2,,2011-09-30,2011-11-07 14:34:13+00:00,totalliabilitiesandequity,totalliabilities,Total Liabilities,+,credit,usd,1129810000.0
Microchip Technology Inc,MCHP,5493007PTFULNYZJ1R12,0000827054,2012.0,Q2,,2011-09-30,2011-11-07 14:34:13+00:00,totalequity,totalpreferredequity,Preferred Stock,+,credit,usd,0.0
Microchip Technology Inc,MCHP,5493007PTFULNYZJ1R12,0000827054,2012.0,Q2,,2011-09-30,2011-11-07 14:34:13+00:00,totalcommonequity,commonequity,Common Stock,+,credit,usd,1270199000.0
Microchip Technology Inc,MCHP,5493007PTFULNYZJ1R12,0000827054,2012.0,Q2,,2011-09-30,2011-11-07 14:34:13+00:00,totalcommonequity,retainedearnings,Retained Earnings,+,credit,usd,1475312000.0
Microchip Technology Inc,MCHP,5493007PTFULNYZJ1R12,0000827054,2012.0,Q2,,2011-09-30,2011-11-07 14:34:13+00:00,totalcommonequity,treasurystock,Treasury Stock,+,credit,usd,-840976000.0
Microchip Technology Inc,MCHP,5493007PTFULNYZJ1R12,0000827054,2012.0,Q2,,2011-09-30,2011-11-07 14:34:13+00:00,totalcommonequity,aoci,Accumulated Other Comprehensive Income / (Loss),+,credit,usd,-596000.0
Microchip Technology Inc,MCHP,5493007PTFULNYZJ1R12,0000827054,2012.0,Q2,,2011-09-30,2011-11-07 14:34:13+00:00,totalequity,totalcommonequity,Total Common Equity,+,credit,usd,1903939000.0
Microchip Technology Inc,MCHP,5493007PTFULNYZJ1R12,0000827054,2012.0,Q2,,2011-09-30,2011-11-07 14:34:13+00:00,totalequityandnoncontrollinginterests,totalequity,Total Preferred & Common Equity,+,credit,usd,1903939000.0
Microchip Technology Inc,MCHP,5493007PTFULNYZJ1R12,0000827054,2012.0,Q2,,2011-09-30,2011-11-07 14:34:13+00:00,totalliabilitiesandequity,totalequityandnoncontrollinginterests,Total Equity & Noncontrolling Interests,+,credit,usd,1903939000.0
Microchip Technology Inc,MCHP,5493007PTFULNYZJ1R12,0000827054,2012.0,Q2,,2011-09-30,2011-11-07 14:34:13+00:00,,totalliabilitiesandequity,Total Liabilities & Shareholders' Equity,=,credit,usd,3033749000.0
Microchip Technology Inc,MCHP,5493007PTFULNYZJ1R12,0000827054,2012.0,Q3,,2011-12-31,2012-02-06 11:28:48+00:00,totalcurrentassets,cashandequivalents,Cash & Equivalents,+,debit,usd,605725000.0
Microchip Technology Inc,MCHP,5493007PTFULNYZJ1R12,0000827054,2012.0,Q3,,2011-12-31,2012-02-06 11:28:48+00:00,totalcurrentassets,shortterminvestments,Short-Term Investments,+,debit,usd,696548000.0
Microchip Technology Inc,MCHP,5493007PTFULNYZJ1R12,0000827054,2012.0,Q3,,2011-12-31,2012-02-06 11:28:48+00:00,totalcurrentassets,accountsreceivable,Accounts Receivable,+,debit,usd,149277000.0
Microchip Technology Inc,MCHP,5493007PTFULNYZJ1R12,0000827054,2012.0,Q3,,2011-12-31,2012-02-06 11:28:48+00:00,totalcurrentassets,netinventory,"Inventories, net",+,debit,usd,217853000.0
Microchip Technology Inc,MCHP,5493007PTFULNYZJ1R12,0000827054,2012.0,Q3,,2011-12-31,2012-02-06 11:28:48+00:00,totalcurrentassets,prepaidexpenses,Prepaid Expenses,+,debit,usd,23706000.0
Microchip Technology Inc,MCHP,5493007PTFULNYZJ1R12,0000827054,2012.0,Q3,,2011-12-31,2012-02-06 11:28:48+00:00,totalcurrentassets,currentdeferredtaxassets,Current Deferred & Refundable Income Taxes,+,debit,usd,87337000.0
Microchip Technology Inc,MCHP,5493007PTFULNYZJ1R12,0000827054,2012.0,Q3,,2011-12-31,2012-02-06 11:28:48+00:00,totalcurrentassets,othercurrentassets,Other Current Assets,+,debit,usd,49634000.0
Microchip Technology Inc,MCHP,5493007PTFULNYZJ1R12,0000827054,2012.0,Q3,,2011-12-31,2012-02-06 11:28:48+00:00,totalassets,totalcurrentassets,Total Current Assets,+,debit,usd,1830080000.0
Microchip Technology Inc,MCHP,5493007PTFULNYZJ1R12,0000827054,2012.0,Q3,,2011-12-31,2012-02-06 11:28:48+00:00,totalassets,netppe,"Plant, Property, & Equipment, net",+,debit,usd,533652000.0
Microchip Technology Inc,MCHP,5493007PTFULNYZJ1R12,0000827054,2012.0,Q3,,2011-12-31,2012-02-06 11:28:48+00:00,totalnoncurrentassets,longterminvestments,Long-Term Investments,+,debit,usd,468086000.0
Microchip Technology Inc,MCHP,5493007PTFULNYZJ1R12,0000827054,2012.0,Q3,,2011-12-31,2012-02-06 11:28:48+00:00,totalnoncurrentassets,goodwill,Goodwill,+,debit,usd,76098000.0
Microchip Technology Inc,MCHP,5493007PTFULNYZJ1R12,0000827054,2012.0,Q3,,2011-12-31,2012-02-06 11:28:48+00:00,totalnoncurrentassets,intangibleassets,Intangible Assets,+,debit,usd,75051000.0
Microchip Technology Inc,MCHP,5493007PTFULNYZJ1R12,0000827054,2012.0,Q3,,2011-12-31,2012-02-06 11:28:48+00:00,totalnoncurrentassets,othernoncurrentassets,Other Noncurrent Operating Assets,+,debit,usd,38184000.0
Microchip Technology Inc,MCHP,5493007PTFULNYZJ1R12,0000827054,2012.0,Q3,,2011-12-31,2012-02-06 11:28:48+00:00,totalassets,totalnoncurrentassets,Total Noncurrent Assets,+,debit,usd,657419000.0
Microchip Technology Inc,MCHP,5493007PTFULNYZJ1R12,0000827054,2012.0,Q3,,2011-12-31,2012-02-06 11:28:48+00:00,,totalassets,Total Assets,=,debit,usd,3021151000.0
Microchip Technology Inc,MCHP,5493007PTFULNYZJ1R12,0000827054,2012.0,Q3,,2011-12-31,2012-02-06 11:28:48+00:00,totalcurrentliabilities,accountspayable,Accounts Payable,+,credit,usd,40039000.0
Microchip Technology Inc,MCHP,5493007PTFULNYZJ1R12,0000827054,2012.0,Q3,,2011-12-31,2012-02-06 11:28:48+00:00,totalcurrentliabilities,accruedexpenses,Accrued Expenses,+,credit,usd,92741000.0
Microchip Technology Inc,MCHP,5493007PTFULNYZJ1R12,0000827054,2012.0,Q3,,2011-12-31,2012-02-06 11:28:48+00:00,totalcurrentliabilities,currentdeferredrevenue,Current Deferred Revenue,+,credit,usd,115786000.0
Microchip Technology Inc,MCHP,5493007PTFULNYZJ1R12,0000827054,2012.0,Q3,,2011-12-31,2012-02-06 11:28:48+00:00,totalliabilities,totalcurrentliabilities,Total Current Liabilities,+,credit,usd,248566000.0
Microchip Technology Inc,MCHP,5493007PTFULNYZJ1R12,0000827054,2012.0,Q3,,2011-12-31,2012-02-06 11:28:48+00:00,totalnoncurrentliabilities,longtermdebt,Long-Term Debt,+,credit,usd,353341000.0
Microchip Technology Inc,MCHP,5493007PTFULNYZJ1R12,0000827054,2012.0,Q3,,2011-12-31,2012-02-06 11:28:48+00:00,totalnoncurrentliabilities,noncurrentdeferredrevenue,Noncurrent Deferred Revenue,+,credit,usd,71386000.0
Microchip Technology Inc,MCHP,5493007PTFULNYZJ1R12,0000827054,2012.0,Q3,,2011-12-31,2012-02-06 11:28:48+00:00,totalnoncurrentliabilities,noncurrentdeferredtaxliabilities,Noncurrent Deferred & Payable Income Tax Liabilities,+,credit,usd,397709000.0
Microchip Technology Inc,MCHP,5493007PTFULNYZJ1R12,0000827054,2012.0,Q3,,2011-12-31,2012-02-06 11:28:48+00:00,totalnoncurrentliabilities,othernoncurrentliabilities,Other Noncurrent Operating Liabilities,+,credit,usd,8844000.0
Microchip Technology Inc,MCHP,5493007PTFULNYZJ1R12,0000827054,2012.0,Q3,,2011-12-31,2012-02-06 11:28:48+00:00,totalliabilities,totalnoncurrentliabilities,Total Noncurrent Liabilities,+,credit,usd,831280000.0
Microchip Technology Inc,MCHP,5493007PTFULNYZJ1R12,0000827054,2012.0,Q3,,2011-12-31,2012-02-06 11:28:48+00:00,totalliabilitiesandequity,totalliabilities,Total Liabilities,+,credit,usd,1079846000.0
Microchip Technology Inc,MCHP,5493007PTFULNYZJ1R12,0000827054,2012.0,Q3,,2011-12-31,2012-02-06 11:28:48+00:00,totalequity,totalpreferredequity,Preferred Stock,+,credit,usd,0.0
Microchip Technology Inc,MCHP,5493007PTFULNYZJ1R12,0000827054,2012.0,Q3,,2011-12-31,2012-02-06 11:28:48+00:00,totalcommonequity,commonequity,Common Stock,+,credit,usd,1270535000.0
Microchip Technology Inc,MCHP,5493007PTFULNYZJ1R12,0000827054,2012.0,Q3,,2011-12-31,2012-02-06 11:28:48+00:00,totalcommonequity,retainedearnings,Retained Earnings,+,credit,usd,1485989000.0
Microchip Technology Inc,MCHP,5493007PTFULNYZJ1R12,0000827054,2012.0,Q3,,2011-12-31,2012-02-06 11:28:48+00:00,totalcommonequity,treasurystock,Treasury Stock,+,credit,usd,-813464000.0
Microchip Technology Inc,MCHP,5493007PTFULNYZJ1R12,0000827054,2012.0,Q3,,2011-12-31,2012-02-06 11:28:48+00:00,totalcommonequity,aoci,Accumulated Other Comprehensive Income / (Loss),+,credit,usd,-1755000.0
Microchip Technology Inc,MCHP,5493007PTFULNYZJ1R12,0000827054,2012.0,Q3,,2011-12-31,2012-02-06 11:28:48+00:00,totalequity,totalcommonequity,Total Common Equity,+,credit,usd,1941305000.0
Microchip Technology Inc,MCHP,5493007PTFULNYZJ1R12,0000827054,2012.0,Q3,,2011-12-31,2012-02-06 11:28:48+00:00,totalequityandnoncontrollinginterests,totalequity,Total Preferred & Common Equity,+,credit,usd,1941305000.0
Microchip Technology Inc,MCHP,5493007PTFULNYZJ1R12,0000827054,2012.0,Q3,,2011-12-31,2012-02-06 11:28:48+00:00,totalliabilitiesandequity,totalequityandnoncontrollinginterests,Total Equity & Noncontrolling Interests,+,credit,usd,1941305000.0
Microchip Technology Inc,MCHP,5493007PTFULNYZJ1R12,0000827054,2012.0,Q3,,2011-12-31,2012-02-06 11:28:48+00:00,,totalliabilitiesandequity,Total Liabilities & Shareholders' Equity,=,credit,usd,3021151000.0
Microchip Technology Inc,MCHP,5493007PTFULNYZJ1R12,0000827054,2013.0,Q1,,2012-06-30,2012-08-09 14:11:12+00:00,totalcurrentassets,cashandequivalents,Cash & Equivalents,+,debit,usd,779848000.0
Microchip Technology Inc,MCHP,5493007PTFULNYZJ1R12,0000827054,2013.0,Q1,,2012-06-30,2012-08-09 14:11:12+00:00,totalcurrentassets,shortterminvestments,Short-Term Investments,+,debit,usd,881913000.0
Microchip Technology Inc,MCHP,5493007PTFULNYZJ1R12,0000827054,2013.0,Q1,,2012-06-30,2012-08-09 14:11:12+00:00,totalcurrentassets,accountsreceivable,Accounts Receivable,+,debit,usd,174685000.0
Microchip Technology Inc,MCHP,5493007PTFULNYZJ1R12,0000827054,2013.0,Q1,,2012-06-30,2012-08-09 14:11:12+00:00,totalcurrentassets,netinventory,"Inventories, net",+,debit,usd,221481000.0
Microchip Technology Inc,MCHP,5493007PTFULNYZJ1R12,0000827054,2013.0,Q1,,2012-06-30,2012-08-09 14:11:12+00:00,totalcurrentassets,prepaidexpenses,Prepaid Expenses,+,debit,usd,25588000.0
Microchip Technology Inc,MCHP,5493007PTFULNYZJ1R12,0000827054,2013.0,Q1,,2012-06-30,2012-08-09 14:11:12+00:00,totalcurrentassets,currentdeferredtaxassets,Current Deferred & Refundable Income Taxes,+,debit,usd,94968000.0
Microchip Technology Inc,MCHP,5493007PTFULNYZJ1R12,0000827054,2013.0,Q1,,2012-06-30,2012-08-09 14:11:12+00:00,totalcurrentassets,othercurrentassets,Other Current Assets,+,debit,usd,50815000.0
Microchip Technology Inc,MCHP,5493007PTFULNYZJ1R12,0000827054,2013.0,Q1,,2012-06-30,2012-08-09 14:11:12+00:00,totalassets,totalcurrentassets,Total Current Assets,+,debit,usd,2229298000.0
Microchip Technology Inc,MCHP,5493007PTFULNYZJ1R12,0000827054,2013.0,Q1,,2012-06-30,2012-08-09 14:11:12+00:00,totalassets,netppe,"Plant, Property, & Equipment, net",+,debit,usd,506229000.0
Microchip Technology Inc,MCHP,5493007PTFULNYZJ1R12,0000827054,2013.0,Q1,,2012-06-30,2012-08-09 14:11:12+00:00,totalnoncurrentassets,longterminvestments,Long-Term Investments,+,debit,usd,159476000.0
Microchip Technology Inc,MCHP,5493007PTFULNYZJ1R12,0000827054,2013.0,Q1,,2012-06-30,2012-08-09 14:11:12+00:00,totalnoncurrentassets,goodwill,Goodwill,+,debit,usd,102193000.0
Microchip Technology Inc,MCHP,5493007PTFULNYZJ1R12,0000827054,2013.0,Q1,,2012-06-30,2012-08-09 14:11:12+00:00,totalnoncurrentassets,intangibleassets,Intangible Assets,+,debit,usd,110257000.0
Microchip Technology Inc,MCHP,5493007PTFULNYZJ1R12,0000827054,2013.0,Q1,,2012-06-30,2012-08-09 14:11:12+00:00,totalnoncurrentassets,othernoncurrentassets,Other Noncurrent Operating Assets,+,debit,usd,37387000.0
Microchip Technology Inc,MCHP,5493007PTFULNYZJ1R12,0000827054,2013.0,Q1,,2012-06-30,2012-08-09 14:11:12+00:00,totalassets,totalnoncurrentassets,Total Noncurrent Assets,+,debit,usd,409313000.0
Microchip Technology Inc,MCHP,5493007PTFULNYZJ1R12,0000827054,2013.0,Q1,,2012-06-30,2012-08-09 14:11:12+00:00,,totalassets,Total Assets,=,debit,usd,3144840000.0
Microchip Technology Inc,MCHP,5493007PTFULNYZJ1R12,0000827054,2013.0,Q1,,2012-06-30,2012-08-09 14:11:12+00:00,totalcurrentliabilities,accountspayable,Accounts Payable,+,credit,usd,52646000.0
Microchip Technology Inc,MCHP,5493007PTFULNYZJ1R12,0000827054,2013.0,Q1,,2012-06-30,2012-08-09 14:11:12+00:00,totalcurrentliabilities,accruedexpenses,Accrued Expenses,+,credit,usd,86550000.0
Microchip Technology Inc,MCHP,5493007PTFULNYZJ1R12,0000827054,2013.0,Q1,,2012-06-30,2012-08-09 14:11:12+00:00,totalcurrentliabilities,currentdeferredrevenue,Current Deferred Revenue,+,credit,usd,110793000.0
Microchip Technology Inc,MCHP,5493007PTFULNYZJ1R12,0000827054,2013.0,Q1,,2012-06-30,2012-08-09 14:11:12+00:00,totalliabilities,totalcurrentliabilities,Total Current Liabilities,+,credit,usd,249989000.0
Microchip Technology Inc,MCHP,5493007PTFULNYZJ1R12,0000827054,2013.0,Q1,,2012-06-30,2012-08-09 14:11:12+00:00,totalnoncurrentliabilities,longtermdebt,Long-Term Debt,+,credit,usd,357355000.0
Microchip Technology Inc,MCHP,5493007PTFULNYZJ1R12,0000827054,2013.0,Q1,,2012-06-30,2012-08-09 14:11:12+00:00,totalnoncurrentliabilities,noncurrentdeferredrevenue,Noncurrent Deferred Revenue,+,credit,usd,73261000.0
Microchip Technology Inc,MCHP,5493007PTFULNYZJ1R12,0000827054,2013.0,Q1,,2012-06-30,2012-08-09 14:11:12+00:00,totalnoncurrentliabilities,noncurrentdeferredtaxliabilities,Noncurrent Deferred & Payable Income Tax Liabilities,+,credit,usd,416980000.0
Microchip Technology Inc,MCHP,5493007PTFULNYZJ1R12,0000827054,2013.0,Q1,,2012-06-30,2012-08-09 14:11:12+00:00,totalnoncurrentliabilities,othernoncurrentliabilities,Other Noncurrent Operating Liabilities,+,credit,usd,29265000.0
Microchip Technology Inc,MCHP,5493007PTFULNYZJ1R12,0000827054,2013.0,Q1,,2012-06-30,2012-08-09 14:11:12+00:00,totalliabilities,totalnoncurrentliabilities,Total Noncurrent Liabilities,+,credit,usd,876861000.0
Microchip Technology Inc,MCHP,5493007PTFULNYZJ1R12,0000827054,2013.0,Q1,,2012-06-30,2012-08-09 14:11:12+00:00,totalliabilitiesandequity,totalliabilities,Total Liabilities,+,credit,usd,1126850000.0
Microchip Technology Inc,MCHP,5493007PTFULNYZJ1R12,0000827054,2013.0,Q1,,2012-06-30,2012-08-09 14:11:12+00:00,totalequity,totalpreferredequity,Preferred Stock,+,credit,usd,0.0
Microchip Technology Inc,MCHP,5493007PTFULNYZJ1R12,0000827054,2013.0,Q1,,2012-06-30,2012-08-09 14:11:12+00:00,totalcommonequity,commonequity,Common Stock,+,credit,usd,1269801000.0
Microchip Technology Inc,MCHP,5493007PTFULNYZJ1R12,0000827054,2013.0,Q1,,2012-06-30,2012-08-09 14:11:12+00:00,totalcommonequity,retainedearnings,Retained Earnings,+,credit,usd,1510326000.0
Microchip Technology Inc,MCHP,5493007PTFULNYZJ1R12,0000827054,2013.0,Q1,,2012-06-30,2012-08-09 14:11:12+00:00,totalcommonequity,treasurystock,Treasury Stock,+,credit,usd,-765100000.0
Microchip Technology Inc,MCHP,5493007PTFULNYZJ1R12,0000827054,2013.0,Q1,,2012-06-30,2012-08-09 14:11:12+00:00,totalcommonequity,aoci,Accumulated Other Comprehensive Income / (Loss),+,credit,usd,2963000.0
Microchip Technology Inc,MCHP,5493007PTFULNYZJ1R12,0000827054,2013.0,Q1,,2012-06-30,2012-08-09 14:11:12+00:00,totalequity,totalcommonequity,Total Common Equity,+,credit,usd,2017990000.0
Microchip Technology Inc,MCHP,5493007PTFULNYZJ1R12,0000827054,2013.0,Q1,,2012-06-30,2012-08-09 14:11:12+00:00,totalequityandnoncontrollinginterests,totalequity,Total Preferred & Common Equity,+,credit,usd,2017990000.0
Microchip Technology Inc,MCHP,5493007PTFULNYZJ1R12,0000827054,2013.0,Q1,,2012-06-30,2012-08-09 14:11:12+00:00,totalliabilitiesandequity,totalequityandnoncontrollinginterests,Total Equity & Noncontrolling Interests,+,credit,usd,2017990000.0
Microchip Technology Inc,MCHP,5493007PTFULNYZJ1R12,0000827054,2013.0,Q1,,2012-06-30,2012-08-09 14:11:12+00:00,,totalliabilitiesandequity,Total Liabilities & Shareholders' Equity,=,credit,usd,3144840000.0
Microchip Technology Inc,MCHP,5493007PTFULNYZJ1R12,0000827054,2013.0,Q2,,2012-09-30,2012-11-09 14:18:14+00:00,totalcurrentassets,cashandequivalents,Cash & Equivalents,+,debit,usd,436735000.0
Microchip Technology Inc,MCHP,5493007PTFULNYZJ1R12,0000827054,2013.0,Q2,,2012-09-30,2012-11-09 14:18:14+00:00,totalcurrentassets,shortterminvestments,Short-Term Investments,+,debit,usd,1116675000.0
Microchip Technology Inc,MCHP,5493007PTFULNYZJ1R12,0000827054,2013.0,Q2,,2012-09-30,2012-11-09 14:18:14+00:00,totalcurrentassets,accountsreceivable,Accounts Receivable,+,debit,usd,230457000.0
Microchip Technology Inc,MCHP,5493007PTFULNYZJ1R12,0000827054,2013.0,Q2,,2012-09-30,2012-11-09 14:18:14+00:00,totalcurrentassets,netinventory,"Inventories, net",+,debit,usd,289526000.0
Microchip Technology Inc,MCHP,5493007PTFULNYZJ1R12,0000827054,2013.0,Q2,,2012-09-30,2012-11-09 14:18:14+00:00,totalcurrentassets,prepaidexpenses,Prepaid Expenses,+,debit,usd,33931000.0
Microchip Technology Inc,MCHP,5493007PTFULNYZJ1R12,0000827054,2013.0,Q2,,2012-09-30,2012-11-09 14:18:14+00:00,totalcurrentassets,currentdeferredtaxassets,Current Deferred & Refundable Income Taxes,+,debit,usd,116866000.0
Microchip Technology Inc,MCHP,5493007PTFULNYZJ1R12,0000827054,2013.0,Q2,,2012-09-30,2012-11-09 14:18:14+00:00,totalcurrentassets,othercurrentassets,Other Current Assets,+,debit,usd,65088000.0
Microchip Technology Inc,MCHP,5493007PTFULNYZJ1R12,0000827054,2013.0,Q2,,2012-09-30,2012-11-09 14:18:14+00:00,totalassets,totalcurrentassets,Total Current Assets,+,debit,usd,2289278000.0
Microchip Technology Inc,MCHP,5493007PTFULNYZJ1R12,0000827054,2013.0,Q2,,2012-09-30,2012-11-09 14:18:14+00:00,totalassets,netppe,"Plant, Property, & Equipment, net",+,debit,usd,536727000.0
Microchip Technology Inc,MCHP,5493007PTFULNYZJ1R12,0000827054,2013.0,Q2,,2012-09-30,2012-11-09 14:18:14+00:00,totalnoncurrentassets,longterminvestments,Long-Term Investments,+,debit,usd,154002000.0
Microchip Technology Inc,MCHP,5493007PTFULNYZJ1R12,0000827054,2013.0,Q2,,2012-09-30,2012-11-09 14:18:14+00:00,totalnoncurrentassets,goodwill,Goodwill,+,debit,usd,260059000.0
Microchip Technology Inc,MCHP,5493007PTFULNYZJ1R12,0000827054,2013.0,Q2,,2012-09-30,2012-11-09 14:18:14+00:00,totalnoncurrentassets,intangibleassets,Intangible Assets,+,debit,usd,607127000.0
Microchip Technology Inc,MCHP,5493007PTFULNYZJ1R12,0000827054,2013.0,Q2,,2012-09-30,2012-11-09 14:18:14+00:00,totalnoncurrentassets,othernoncurrentassets,Other Noncurrent Operating Assets,+,debit,usd,41183000.0
Microchip Technology Inc,MCHP,5493007PTFULNYZJ1R12,0000827054,2013.0,Q2,,2012-09-30,2012-11-09 14:18:14+00:00,totalassets,totalnoncurrentassets,Total Noncurrent Assets,+,debit,usd,1062371000.0
Microchip Technology Inc,MCHP,5493007PTFULNYZJ1R12,0000827054,2013.0,Q2,,2012-09-30,2012-11-09 14:18:14+00:00,,totalassets,Total Assets,=,debit,usd,3888376000.0
Microchip Technology Inc,MCHP,5493007PTFULNYZJ1R12,0000827054,2013.0,Q2,,2012-09-30,2012-11-09 14:18:14+00:00,totalcurrentliabilities,accountspayable,Accounts Payable,+,credit,usd,82265000.0
Microchip Technology Inc,MCHP,5493007PTFULNYZJ1R12,0000827054,2013.0,Q2,,2012-09-30,2012-11-09 14:18:14+00:00,totalcurrentliabilities,accruedexpenses,Accrued Expenses,+,credit,usd,120086000.0
Microchip Technology Inc,MCHP,5493007PTFULNYZJ1R12,0000827054,2013.0,Q2,,2012-09-30,2012-11-09 14:18:14+00:00,totalcurrentliabilities,currentdeferredrevenue,Current Deferred Revenue,+,credit,usd,123122000.0
Microchip Technology Inc,MCHP,5493007PTFULNYZJ1R12,0000827054,2013.0,Q2,,2012-09-30,2012-11-09 14:18:14+00:00,totalliabilities,totalcurrentliabilities,Total Current Liabilities,+,credit,usd,325473000.0
Microchip Technology Inc,MCHP,5493007PTFULNYZJ1R12,0000827054,2013.0,Q2,,2012-09-30,2012-11-09 14:18:14+00:00,totalnoncurrentliabilities,longtermdebt,Long-Term Debt,+,credit,usd,959656000.0
Microchip Technology Inc,MCHP,5493007PTFULNYZJ1R12,0000827054,2013.0,Q2,,2012-09-30,2012-11-09 14:18:14+00:00,totalnoncurrentliabilities,noncurrentdeferredrevenue,Noncurrent Deferred Revenue,+,credit,usd,179807000.0
Microchip Technology Inc,MCHP,5493007PTFULNYZJ1R12,0000827054,2013.0,Q2,,2012-09-30,2012-11-09 14:18:14+00:00,totalnoncurrentliabilities,noncurrentdeferredtaxliabilities,Noncurrent Deferred & Payable Income Tax Liabilities,+,credit,usd,434603000.0
Microchip Technology Inc,MCHP,5493007PTFULNYZJ1R12,0000827054,2013.0,Q2,,2012-09-30,2012-11-09 14:18:14+00:00,totalnoncurrentliabilities,othernoncurrentliabilities,Other Noncurrent Operating Liabilities,+,credit,usd,24739000.0
Microchip Technology Inc,MCHP,5493007PTFULNYZJ1R12,0000827054,2013.0,Q2,,2012-09-30,2012-11-09 14:18:14+00:00,totalliabilities,totalnoncurrentliabilities,Total Noncurrent Liabilities,+,credit,usd,1598805000.0
Microchip Technology Inc,MCHP,5493007PTFULNYZJ1R12,0000827054,2013.0,Q2,,2012-09-30,2012-11-09 14:18:14+00:00,totalliabilitiesandequity,totalliabilities,Total Liabilities,+,credit,usd,1924278000.0
Microchip Technology Inc,MCHP,5493007PTFULNYZJ1R12,0000827054,2013.0,Q2,,2012-09-30,2012-11-09 14:18:14+00:00,totalequity,totalpreferredequity,Preferred Stock,+,credit,usd,0.0
Microchip Technology Inc,MCHP,5493007PTFULNYZJ1R12,0000827054,2013.0,Q2,,2012-09-30,2012-11-09 14:18:14+00:00,totalcommonequity,commonequity,Common Stock,+,credit,usd,1277320000.0
Microchip Technology Inc,MCHP,5493007PTFULNYZJ1R12,0000827054,2013.0,Q2,,2012-09-30,2012-11-09 14:18:14+00:00,totalcommonequity,retainedearnings,Retained Earnings,+,credit,usd,1420996000.0
Microchip Technology Inc,MCHP,5493007PTFULNYZJ1R12,0000827054,2013.0,Q2,,2012-09-30,2012-11-09 14:18:14+00:00,totalcommonequity,treasurystock,Treasury Stock,+,credit,usd,-740907000.0
Microchip Technology Inc,MCHP,5493007PTFULNYZJ1R12,0000827054,2013.0,Q2,,2012-09-30,2012-11-09 14:18:14+00:00,totalcommonequity,aoci,Accumulated Other Comprehensive Income / (Loss),+,credit,usd,6689000.0
Microchip Technology Inc,MCHP,5493007PTFULNYZJ1R12,0000827054,2013.0,Q2,,2012-09-30,2012-11-09 14:18:14+00:00,totalequity,totalcommonequity,Total Common Equity,+,credit,usd,1964098000.0
Microchip Technology Inc,MCHP,5493007PTFULNYZJ1R12,0000827054,2013.0,Q2,,2012-09-30,2012-11-09 14:18:14+00:00,totalequityandnoncontrollinginterests,totalequity,Total Preferred & Common Equity,+,credit,usd,1964098000.0
Microchip Technology Inc,MCHP,5493007PTFULNYZJ1R12,0000827054,2013.0,Q2,,2012-09-30,2012-11-09 14:18:14+00:00,totalliabilitiesandequity,totalequityandnoncontrollinginterests,Total Equity & Noncontrolling Interests,+,credit,usd,1964098000.0
Microchip Technology Inc,MCHP,5493007PTFULNYZJ1R12,0000827054,2013.0,Q2,,2012-09-30,2012-11-09 14:18:14+00:00,,totalliabilitiesandequity,Total Liabilities & Shareholders' Equity,=,credit,usd,3888376000.0
Microchip Technology Inc,MCHP,5493007PTFULNYZJ1R12,0000827054,2013.0,Q3,,2012-12-31,2013-02-11 14:09:05+00:00,totalcurrentassets,cashandequivalents,Cash & Equivalents,+,debit,usd,465293000.0
Microchip Technology Inc,MCHP,5493007PTFULNYZJ1R12,0000827054,2013.0,Q3,,2012-12-31,2013-02-11 14:09:05+00:00,totalcurrentassets,shortterminvestments,Short-Term Investments,+,debit,usd,1157010000.0
Microchip Technology Inc,MCHP,5493007PTFULNYZJ1R12,0000827054,2013.0,Q3,,2012-12-31,2013-02-11 14:09:05+00:00,totalcurrentassets,accountsreceivable,Accounts Receivable,+,debit,usd,177502000.0
Microchip Technology Inc,MCHP,5493007PTFULNYZJ1R12,0000827054,2013.0,Q3,,2012-12-31,2013-02-11 14:09:05+00:00,totalcurrentassets,netinventory,"Inventories, net",+,debit,usd,261594000.0
Microchip Technology Inc,MCHP,5493007PTFULNYZJ1R12,0000827054,2013.0,Q3,,2012-12-31,2013-02-11 14:09:05+00:00,totalcurrentassets,prepaidexpenses,Prepaid Expenses,+,debit,usd,30008000.0
Microchip Technology Inc,MCHP,5493007PTFULNYZJ1R12,0000827054,2013.0,Q3,,2012-12-31,2013-02-11 14:09:05+00:00,totalcurrentassets,currentdeferredtaxassets,Current Deferred & Refundable Income Taxes,+,debit,usd,129704000.0
Microchip Technology Inc,MCHP,5493007PTFULNYZJ1R12,0000827054,2013.0,Q3,,2012-12-31,2013-02-11 14:09:05+00:00,totalcurrentassets,othercurrentassets,Other Current Assets,+,debit,usd,75472000.0
Microchip Technology Inc,MCHP,5493007PTFULNYZJ1R12,0000827054,2013.0,Q3,,2012-12-31,2013-02-11 14:09:05+00:00,totalassets,totalcurrentassets,Total Current Assets,+,debit,usd,2296583000.0
Microchip Technology Inc,MCHP,5493007PTFULNYZJ1R12,0000827054,2013.0,Q3,,2012-12-31,2013-02-11 14:09:05+00:00,totalassets,netppe,"Plant, Property, & Equipment, net",+,debit,usd,522737000.0
Microchip Technology Inc,MCHP,5493007PTFULNYZJ1R12,0000827054,2013.0,Q3,,2012-12-31,2013-02-11 14:09:05+00:00,totalnoncurrentassets,longterminvestments,Long-Term Investments,+,debit,usd,149662000.0
Microchip Technology Inc,MCHP,5493007PTFULNYZJ1R12,0000827054,2013.0,Q3,,2012-12-31,2013-02-11 14:09:05+00:00,totalnoncurrentassets,goodwill,Goodwill,+,debit,usd,263311000.0
Microchip Technology Inc,MCHP,5493007PTFULNYZJ1R12,0000827054,2013.0,Q3,,2012-12-31,2013-02-11 14:09:05+00:00,totalnoncurrentassets,intangibleassets,Intangible Assets,+,debit,usd,570804000.0
Microchip Technology Inc,MCHP,5493007PTFULNYZJ1R12,0000827054,2013.0,Q3,,2012-12-31,2013-02-11 14:09:05+00:00,totalnoncurrentassets,othernoncurrentassets,Other Noncurrent Operating Assets,+,debit,usd,40427000.0
Microchip Technology Inc,MCHP,5493007PTFULNYZJ1R12,0000827054,2013.0,Q3,,2012-12-31,2013-02-11 14:09:05+00:00,totalassets,totalnoncurrentassets,Total Noncurrent Assets,+,debit,usd,1024204000.0
Microchip Technology Inc,MCHP,5493007PTFULNYZJ1R12,0000827054,2013.0,Q3,,2012-12-31,2013-02-11 14:09:05+00:00,,totalassets,Total Assets,=,debit,usd,3843524000.0
Microchip Technology Inc,MCHP,5493007PTFULNYZJ1R12,0000827054,2013.0,Q3,,2012-12-31,2013-02-11 14:09:05+00:00,totalcurrentliabilities,accountspayable,Accounts Payable,+,credit,usd,54051000.0
Microchip Technology Inc,MCHP,5493007PTFULNYZJ1R12,0000827054,2013.0,Q3,,2012-12-31,2013-02-11 14:09:05+00:00,totalcurrentliabilities,accruedexpenses,Accrued Expenses,+,credit,usd,119617000.0
Microchip Technology Inc,MCHP,5493007PTFULNYZJ1R12,0000827054,2013.0,Q3,,2012-12-31,2013-02-11 14:09:05+00:00,totalcurrentliabilities,currentdeferredrevenue,Current Deferred Revenue,+,credit,usd,122611000.0
Microchip Technology Inc,MCHP,5493007PTFULNYZJ1R12,0000827054,2013.0,Q3,,2012-12-31,2013-02-11 14:09:05+00:00,totalliabilities,totalcurrentliabilities,Total Current Liabilities,+,credit,usd,296279000.0
Microchip Technology Inc,MCHP,5493007PTFULNYZJ1R12,0000827054,2013.0,Q3,,2012-12-31,2013-02-11 14:09:05+00:00,totalnoncurrentliabilities,longtermdebt,Long-Term Debt,+,credit,usd,971409000.0
Microchip Technology Inc,MCHP,5493007PTFULNYZJ1R12,0000827054,2013.0,Q3,,2012-12-31,2013-02-11 14:09:05+00:00,totalnoncurrentliabilities,noncurrentdeferredrevenue,Noncurrent Deferred Revenue,+,credit,usd,181418000.0
Microchip Technology Inc,MCHP,5493007PTFULNYZJ1R12,0000827054,2013.0,Q3,,2012-12-31,2013-02-11 14:09:05+00:00,totalnoncurrentliabilities,noncurrentdeferredtaxliabilities,Noncurrent Deferred & Payable Income Tax Liabilities,+,credit,usd,445492000.0
Microchip Technology Inc,MCHP,5493007PTFULNYZJ1R12,0000827054,2013.0,Q3,,2012-12-31,2013-02-11 14:09:05+00:00,totalnoncurrentliabilities,othernoncurrentliabilities,Other Noncurrent Operating Liabilities,+,credit,usd,21840000.0
Microchip Technology Inc,MCHP,5493007PTFULNYZJ1R12,0000827054,2013.0,Q3,,2012-12-31,2013-02-11 14:09:05+00:00,totalliabilities,totalnoncurrentliabilities,Total Noncurrent Liabilities,+,credit,usd,1620159000.0
Microchip Technology Inc,MCHP,5493007PTFULNYZJ1R12,0000827054,2013.0,Q3,,2012-12-31,2013-02-11 14:09:05+00:00,totalliabilitiesandequity,totalliabilities,Total Liabilities,+,credit,usd,1916438000.0
Microchip Technology Inc,MCHP,5493007PTFULNYZJ1R12,0000827054,2013.0,Q3,,2012-12-31,2013-02-11 14:09:05+00:00,totalequity,totalpreferredequity,Preferred Stock,+,credit,usd,0.0
Microchip Technology Inc,MCHP,5493007PTFULNYZJ1R12,0000827054,2013.0,Q3,,2012-12-31,2013-02-11 14:09:05+00:00,totalcommonequity,commonequity,Common Stock,+,credit,usd,1273650000.0
Microchip Technology Inc,MCHP,5493007PTFULNYZJ1R12,0000827054,2013.0,Q3,,2012-12-31,2013-02-11 14:09:05+00:00,totalcommonequity,retainedearnings,Retained Earnings,+,credit,usd,1362472000.0
Microchip Technology Inc,MCHP,5493007PTFULNYZJ1R12,0000827054,2013.0,Q3,,2012-12-31,2013-02-11 14:09:05+00:00,totalcommonequity,treasurystock,Treasury Stock,+,credit,usd,-715810000.0
Microchip Technology Inc,MCHP,5493007PTFULNYZJ1R12,0000827054,2013.0,Q3,,2012-12-31,2013-02-11 14:09:05+00:00,totalcommonequity,aoci,Accumulated Other Comprehensive Income / (Loss),+,credit,usd,6774000.0
Microchip Technology Inc,MCHP,5493007PTFULNYZJ1R12,0000827054,2013.0,Q3,,2012-12-31,2013-02-11 14:09:05+00:00,totalequity,totalcommonequity,Total Common Equity,+,credit,usd,1927086000.0
Microchip Technology Inc,MCHP,5493007PTFULNYZJ1R12,0000827054,2013.0,Q3,,2012-12-31,2013-02-11 14:09:05+00:00,totalequityandnoncontrollinginterests,totalequity,Total Preferred & Common Equity,+,credit,usd,1927086000.0
Microchip Technology Inc,MCHP,5493007PTFULNYZJ1R12,0000827054,2013.0,Q3,,2012-12-31,2013-02-11 14:09:05+00:00,totalliabilitiesandequity,totalequityandnoncontrollinginterests,Total Equity & Noncontrolling Interests,+,credit,usd,1927086000.0
Microchip Technology Inc,MCHP,5493007PTFULNYZJ1R12,0000827054,2013.0,Q3,,2012-12-31,2013-02-11 14:09:05+00:00,,totalliabilitiesandequity,Total Liabilities & Shareholders' Equity,=,credit,usd,3843524000.0
Microchip Technology Inc,MCHP,5493007PTFULNYZJ1R12,0000827054,2014.0,Q1,,2013-06-30,2013-08-09 15:50:11+00:00,totalcurrentassets,cashandequivalents,Cash & Equivalents,+,debit,usd,403231000.0
Microchip Technology Inc,MCHP,5493007PTFULNYZJ1R12,0000827054,2014.0,Q1,,2013-06-30,2013-08-09 15:50:11+00:00,totalcurrentassets,shortterminvestments,Short-Term Investments,+,debit,usd,558644000.0
Microchip Technology Inc,MCHP,5493007PTFULNYZJ1R12,0000827054,2014.0,Q1,,2013-06-30,2013-08-09 15:50:11+00:00,totalcurrentassets,accountsreceivable,Accounts Receivable,+,debit,usd,232262000.0
Microchip Technology Inc,MCHP,5493007PTFULNYZJ1R12,0000827054,2014.0,Q1,,2013-06-30,2013-08-09 15:50:11+00:00,totalcurrentassets,netinventory,"Inventories, net",+,debit,usd,256136000.0
Microchip Technology Inc,MCHP,5493007PTFULNYZJ1R12,0000827054,2014.0,Q1,,2013-06-30,2013-08-09 15:50:11+00:00,totalcurrentassets,prepaidexpenses,Prepaid Expenses,+,debit,usd,35670000.0
Microchip Technology Inc,MCHP,5493007PTFULNYZJ1R12,0000827054,2014.0,Q1,,2013-06-30,2013-08-09 15:50:11+00:00,totalcurrentassets,currentdeferredtaxassets,Current Deferred & Refundable Income Taxes,+,debit,usd,73080000.0
Microchip Technology Inc,MCHP,5493007PTFULNYZJ1R12,0000827054,2014.0,Q1,,2013-06-30,2013-08-09 15:50:11+00:00,totalcurrentassets,othercurrentassets,Other Current Assets,+,debit,usd,56674000.0
Microchip Technology Inc,MCHP,5493007PTFULNYZJ1R12,0000827054,2014.0,Q1,,2013-06-30,2013-08-09 15:50:11+00:00,totalassets,totalcurrentassets,Total Current Assets,+,debit,usd,1615697000.0
Microchip Technology Inc,MCHP,5493007PTFULNYZJ1R12,0000827054,2014.0,Q1,,2013-06-30,2013-08-09 15:50:11+00:00,totalassets,netppe,"Plant, Property, & Equipment, net",+,debit,usd,513723000.0
Microchip Technology Inc,MCHP,5493007PTFULNYZJ1R12,0000827054,2014.0,Q1,,2013-06-30,2013-08-09 15:50:11+00:00,totalnoncurrentassets,longterminvestments,Long-Term Investments,+,debit,usd,933375000.0
Microchip Technology Inc,MCHP,5493007PTFULNYZJ1R12,0000827054,2014.0,Q1,,2013-06-30,2013-08-09 15:50:11+00:00,totalnoncurrentassets,goodwill,Goodwill,+,debit,usd,268547000.0
Microchip Technology Inc,MCHP,5493007PTFULNYZJ1R12,0000827054,2014.0,Q1,,2013-06-30,2013-08-09 15:50:11+00:00,totalnoncurrentassets,intangibleassets,Intangible Assets,+,debit,usd,504765000.0
Microchip Technology Inc,MCHP,5493007PTFULNYZJ1R12,0000827054,2014.0,Q1,,2013-06-30,2013-08-09 15:50:11+00:00,totalnoncurrentassets,othernoncurrentassets,Other Noncurrent Operating Assets,+,debit,usd,47468000.0
Microchip Technology Inc,MCHP,5493007PTFULNYZJ1R12,0000827054,2014.0,Q1,,2013-06-30,2013-08-09 15:50:11+00:00,totalassets,totalnoncurrentassets,Total Noncurrent Assets,+,debit,usd,1754155000.0
Microchip Technology Inc,MCHP,5493007PTFULNYZJ1R12,0000827054,2014.0,Q1,,2013-06-30,2013-08-09 15:50:11+00:00,,totalassets,Total Assets,=,debit,usd,3883575000.0
Microchip Technology Inc,MCHP,5493007PTFULNYZJ1R12,0000827054,2014.0,Q1,,2013-06-30,2013-08-09 15:50:11+00:00,totalcurrentliabilities,accountspayable,Accounts Payable,+,credit,usd,77693000.0
Microchip Technology Inc,MCHP,5493007PTFULNYZJ1R12,0000827054,2014.0,Q1,,2013-06-30,2013-08-09 15:50:11+00:00,totalcurrentliabilities,accruedexpenses,Accrued Expenses,+,credit,usd,124154000.0
Microchip Technology Inc,MCHP,5493007PTFULNYZJ1R12,0000827054,2014.0,Q1,,2013-06-30,2013-08-09 15:50:11+00:00,totalcurrentliabilities,currentdeferredrevenue,Current Deferred Revenue,+,credit,usd,149817000.0
Microchip Technology Inc,MCHP,5493007PTFULNYZJ1R12,0000827054,2014.0,Q1,,2013-06-30,2013-08-09 15:50:11+00:00,totalliabilities,totalcurrentliabilities,Total Current Liabilities,+,credit,usd,351664000.0
Microchip Technology Inc,MCHP,5493007PTFULNYZJ1R12,0000827054,2014.0,Q1,,2013-06-30,2013-08-09 15:50:11+00:00,totalnoncurrentliabilities,longtermdebt,Long-Term Debt,+,credit,usd,974250000.0
Microchip Technology Inc,MCHP,5493007PTFULNYZJ1R12,0000827054,2014.0,Q1,,2013-06-30,2013-08-09 15:50:11+00:00,totalnoncurrentliabilities,noncurrentdeferredrevenue,Noncurrent Deferred Revenue,+,credit,usd,186588000.0
Microchip Technology Inc,MCHP,5493007PTFULNYZJ1R12,0000827054,2014.0,Q1,,2013-06-30,2013-08-09 15:50:11+00:00,totalnoncurrentliabilities,noncurrentdeferredtaxliabilities,Noncurrent Deferred & Payable Income Tax Liabilities,+,credit,usd,379512000.0
Microchip Technology Inc,MCHP,5493007PTFULNYZJ1R12,0000827054,2014.0,Q1,,2013-06-30,2013-08-09 15:50:11+00:00,totalnoncurrentliabilities,othernoncurrentliabilities,Other Noncurrent Operating Liabilities,+,credit,usd,37301000.0
Microchip Technology Inc,MCHP,5493007PTFULNYZJ1R12,0000827054,2014.0,Q1,,2013-06-30,2013-08-09 15:50:11+00:00,totalliabilities,totalnoncurrentliabilities,Total Noncurrent Liabilities,+,credit,usd,1577651000.0
Microchip Technology Inc,MCHP,5493007PTFULNYZJ1R12,0000827054,2014.0,Q1,,2013-06-30,2013-08-09 15:50:11+00:00,totalliabilitiesandequity,totalliabilities,Total Liabilities,+,credit,usd,1929315000.0
Microchip Technology Inc,MCHP,5493007PTFULNYZJ1R12,0000827054,2014.0,Q1,,2013-06-30,2013-08-09 15:50:11+00:00,totalequity,totalpreferredequity,Preferred Stock,+,credit,usd,0.0
Microchip Technology Inc,MCHP,5493007PTFULNYZJ1R12,0000827054,2014.0,Q1,,2013-06-30,2013-08-09 15:50:11+00:00,totalcommonequity,commonequity,Common Stock,+,credit,usd,1253184000.0
Microchip Technology Inc,MCHP,5493007PTFULNYZJ1R12,0000827054,2014.0,Q1,,2013-06-30,2013-08-09 15:50:11+00:00,totalcommonequity,retainedearnings,Retained Earnings,+,credit,usd,1361829000.0
Microchip Technology Inc,MCHP,5493007PTFULNYZJ1R12,0000827054,2014.0,Q1,,2013-06-30,2013-08-09 15:50:11+00:00,totalcommonequity,treasurystock,Treasury Stock,+,credit,usd,-657640000.0
Microchip Technology Inc,MCHP,5493007PTFULNYZJ1R12,0000827054,2014.0,Q1,,2013-06-30,2013-08-09 15:50:11+00:00,totalcommonequity,aoci,Accumulated Other Comprehensive Income / (Loss),+,credit,usd,-3113000.0
Microchip Technology Inc,MCHP,5493007PTFULNYZJ1R12,0000827054,2014.0,Q1,,2013-06-30,2013-08-09 15:50:11+00:00,totalequity,totalcommonequity,Total Common Equity,+,credit,usd,1954260000.0
Microchip Technology Inc,MCHP,5493007PTFULNYZJ1R12,0000827054,2014.0,Q1,,2013-06-30,2013-08-09 15:50:11+00:00,totalequityandnoncontrollinginterests,totalequity,Total Preferred & Common Equity,+,credit,usd,1954260000.0
Microchip Technology Inc,MCHP,5493007PTFULNYZJ1R12,0000827054,2014.0,Q1,,2013-06-30,2013-08-09 15:50:11+00:00,totalliabilitiesandequity,totalequityandnoncontrollinginterests,Total Equity & Noncontrolling Interests,+,credit,usd,1954260000.0
Microchip Technology Inc,MCHP,5493007PTFULNYZJ1R12,0000827054,2014.0,Q1,,2013-06-30,2013-08-09 15:50:11+00:00,,totalliabilitiesandequity,Total Liabilities & Shareholders' Equity,=,credit,usd,3883575000.0
Microchip Technology Inc,MCHP,5493007PTFULNYZJ1R12,0000827054,2014.0,Q2,,2013-09-30,2013-11-08 12:21:10+00:00,totalcurrentassets,cashandequivalents,Cash & Equivalents,+,debit,usd,344202000.0
Microchip Technology Inc,MCHP,5493007PTFULNYZJ1R12,0000827054,2014.0,Q2,,2013-09-30,2013-11-08 12:21:10+00:00,totalcurrentassets,shortterminvestments,Short-Term Investments,+,debit,usd,807709000.0
Microchip Technology Inc,MCHP,5493007PTFULNYZJ1R12,0000827054,2014.0,Q2,,2013-09-30,2013-11-08 12:21:10+00:00,totalcurrentassets,accountsreceivable,Accounts Receivable,+,debit,usd,230493000.0
Microchip Technology Inc,MCHP,5493007PTFULNYZJ1R12,0000827054,2014.0,Q2,,2013-09-30,2013-11-08 12:21:10+00:00,totalcurrentassets,netinventory,"Inventories, net",+,debit,usd,275124000.0
Microchip Technology Inc,MCHP,5493007PTFULNYZJ1R12,0000827054,2014.0,Q2,,2013-09-30,2013-11-08 12:21:10+00:00,totalcurrentassets,prepaidexpenses,Prepaid Expenses,+,debit,usd,34318000.0
Microchip Technology Inc,MCHP,5493007PTFULNYZJ1R12,0000827054,2014.0,Q2,,2013-09-30,2013-11-08 12:21:10+00:00,totalcurrentassets,currentdeferredtaxassets,Current Deferred & Refundable Income Taxes,+,debit,usd,70383000.0
Microchip Technology Inc,MCHP,5493007PTFULNYZJ1R12,0000827054,2014.0,Q2,,2013-09-30,2013-11-08 12:21:10+00:00,totalcurrentassets,othercurrentassets,Other Current Assets,+,debit,usd,58677000.0
Microchip Technology Inc,MCHP,5493007PTFULNYZJ1R12,0000827054,2014.0,Q2,,2013-09-30,2013-11-08 12:21:10+00:00,totalassets,totalcurrentassets,Total Current Assets,+,debit,usd,1820906000.0
Microchip Technology Inc,MCHP,5493007PTFULNYZJ1R12,0000827054,2014.0,Q2,,2013-09-30,2013-11-08 12:21:10+00:00,totalassets,netppe,"Plant, Property, & Equipment, net",+,debit,usd,518191000.0
Microchip Technology Inc,MCHP,5493007PTFULNYZJ1R12,0000827054,2014.0,Q2,,2013-09-30,2013-11-08 12:21:10+00:00,totalnoncurrentassets,longterminvestments,Long-Term Investments,+,debit,usd,829656000.0
Microchip Technology Inc,MCHP,5493007PTFULNYZJ1R12,0000827054,2014.0,Q2,,2013-09-30,2013-11-08 12:21:10+00:00,totalnoncurrentassets,goodwill,Goodwill,+,debit,usd,268570000.0
Microchip Technology Inc,MCHP,5493007PTFULNYZJ1R12,0000827054,2014.0,Q2,,2013-09-30,2013-11-08 12:21:10+00:00,totalnoncurrentassets,intangibleassets,Intangible Assets,+,debit,usd,480679000.0
Microchip Technology Inc,MCHP,5493007PTFULNYZJ1R12,0000827054,2014.0,Q2,,2013-09-30,2013-11-08 12:21:10+00:00,totalnoncurrentassets,othernoncurrentassets,Other Noncurrent Operating Assets,+,debit,usd,47149000.0
Microchip Technology Inc,MCHP,5493007PTFULNYZJ1R12,0000827054,2014.0,Q2,,2013-09-30,2013-11-08 12:21:10+00:00,totalassets,totalnoncurrentassets,Total Noncurrent Assets,+,debit,usd,1626054000.0
Microchip Technology Inc,MCHP,5493007PTFULNYZJ1R12,0000827054,2014.0,Q2,,2013-09-30,2013-11-08 12:21:10+00:00,,totalassets,Total Assets,=,debit,usd,3965151000.0
Microchip Technology Inc,MCHP,5493007PTFULNYZJ1R12,0000827054,2014.0,Q2,,2013-09-30,2013-11-08 12:21:10+00:00,totalcurrentliabilities,shorttermdebt,Short-Term Debt,+,credit,usd,8375000.0
Microchip Technology Inc,MCHP,5493007PTFULNYZJ1R12,0000827054,2014.0,Q2,,2013-09-30,2013-11-08 12:21:10+00:00,totalcurrentliabilities,accountspayable,Accounts Payable,+,credit,usd,77768000.0
Microchip Technology Inc,MCHP,5493007PTFULNYZJ1R12,0000827054,2014.0,Q2,,2013-09-30,2013-11-08 12:21:10+00:00,totalcurrentliabilities,accruedexpenses,Accrued Expenses,+,credit,usd,101701000.0
Microchip Technology Inc,MCHP,5493007PTFULNYZJ1R12,0000827054,2014.0,Q2,,2013-09-30,2013-11-08 12:21:10+00:00,totalcurrentliabilities,currentdeferredrevenue,Current Deferred Revenue,+,credit,usd,151049000.0
Microchip Technology Inc,MCHP,5493007PTFULNYZJ1R12,0000827054,2014.0,Q2,,2013-09-30,2013-11-08 12:21:10+00:00,totalliabilities,totalcurrentliabilities,Total Current Liabilities,+,credit,usd,338893000.0
Microchip Technology Inc,MCHP,5493007PTFULNYZJ1R12,0000827054,2014.0,Q2,,2013-09-30,2013-11-08 12:21:10+00:00,totalnoncurrentliabilities,longtermdebt,Long-Term Debt,+,credit,usd,997912000.0
Microchip Technology Inc,MCHP,5493007PTFULNYZJ1R12,0000827054,2014.0,Q2,,2013-09-30,2013-11-08 12:21:10+00:00,totalnoncurrentliabilities,noncurrentdeferredrevenue,Noncurrent Deferred Revenue,+,credit,usd,192007000.0
Microchip Technology Inc,MCHP,5493007PTFULNYZJ1R12,0000827054,2014.0,Q2,,2013-09-30,2013-11-08 12:21:10+00:00,totalnoncurrentliabilities,noncurrentdeferredtaxliabilities,Noncurrent Deferred & Payable Income Tax Liabilities,+,credit,usd,379761000.0
Microchip Technology Inc,MCHP,5493007PTFULNYZJ1R12,0000827054,2014.0,Q2,,2013-09-30,2013-11-08 12:21:10+00:00,totalnoncurrentliabilities,othernoncurrentliabilities,Other Noncurrent Operating Liabilities,+,credit,usd,38039000.0
Microchip Technology Inc,MCHP,5493007PTFULNYZJ1R12,0000827054,2014.0,Q2,,2013-09-30,2013-11-08 12:21:10+00:00,totalliabilities,totalnoncurrentliabilities,Total Noncurrent Liabilities,+,credit,usd,1607719000.0
Microchip Technology Inc,MCHP,5493007PTFULNYZJ1R12,0000827054,2014.0,Q2,,2013-09-30,2013-11-08 12:21:10+00:00,totalliabilitiesandequity,totalliabilities,Total Liabilities,+,credit,usd,1946612000.0
Microchip Technology Inc,MCHP,5493007PTFULNYZJ1R12,0000827054,2014.0,Q2,,2013-09-30,2013-11-08 12:21:10+00:00,totalequity,totalpreferredequity,Preferred Stock,+,credit,usd,0.0
Microchip Technology Inc,MCHP,5493007PTFULNYZJ1R12,0000827054,2014.0,Q2,,2013-09-30,2013-11-08 12:21:10+00:00,totalcommonequity,commonequity,Common Stock,+,credit,usd,1255617000.0
Microchip Technology Inc,MCHP,5493007PTFULNYZJ1R12,0000827054,2014.0,Q2,,2013-09-30,2013-11-08 12:21:10+00:00,totalcommonequity,retainedearnings,Retained Earnings,+,credit,usd,1391549000.0
Microchip Technology Inc,MCHP,5493007PTFULNYZJ1R12,0000827054,2014.0,Q2,,2013-09-30,2013-11-08 12:21:10+00:00,totalcommonequity,treasurystock,Treasury Stock,+,credit,usd,-626102000.0
Microchip Technology Inc,MCHP,5493007PTFULNYZJ1R12,0000827054,2014.0,Q2,,2013-09-30,2013-11-08 12:21:10+00:00,totalcommonequity,aoci,Accumulated Other Comprehensive Income / (Loss),+,credit,usd,-2525000.0
Microchip Technology Inc,MCHP,5493007PTFULNYZJ1R12,0000827054,2014.0,Q2,,2013-09-30,2013-11-08 12:21:10+00:00,totalequity,totalcommonequity,Total Common Equity,+,credit,usd,2018539000.0
Microchip Technology Inc,MCHP,5493007PTFULNYZJ1R12,0000827054,2014.0,Q2,,2013-09-30,2013-11-08 12:21:10+00:00,totalequityandnoncontrollinginterests,totalequity,Total Preferred & Common Equity,+,credit,usd,2018539000.0
Microchip Technology Inc,MCHP,5493007PTFULNYZJ1R12,0000827054,2014.0,Q2,,2013-09-30,2013-11-08 12:21:10+00:00,totalliabilitiesandequity,totalequityandnoncontrollinginterests,Total Equity & Noncontrolling Interests,+,credit,usd,2018539000.0
Microchip Technology Inc,MCHP,5493007PTFULNYZJ1R12,0000827054,2014.0,Q2,,2013-09-30,2013-11-08 12:21:10+00:00,,totalliabilitiesandequity,Total Liabilities & Shareholders' Equity,=,credit,usd,3965151000.0
Microchip Technology Inc,MCHP,5493007PTFULNYZJ1R12,0000827054,2014.0,Q3,,2013-12-31,2014-02-07 13:45:03+00:00,totalcurrentassets,cashandequivalents,Cash & Equivalents,+,debit,usd,375100000.0
Microchip Technology Inc,MCHP,5493007PTFULNYZJ1R12,0000827054,2014.0,Q3,,2013-12-31,2014-02-07 13:45:03+00:00,totalcurrentassets,shortterminvestments,Short-Term Investments,+,debit,usd,932302000.0
Microchip Technology Inc,MCHP,5493007PTFULNYZJ1R12,0000827054,2014.0,Q3,,2013-12-31,2014-02-07 13:45:03+00:00,totalcurrentassets,accountsreceivable,Accounts Receivable,+,debit,usd,224273000.0
Microchip Technology Inc,MCHP,5493007PTFULNYZJ1R12,0000827054,2014.0,Q3,,2013-12-31,2014-02-07 13:45:03+00:00,totalcurrentassets,netinventory,"Inventories, net",+,debit,usd,274629000.0
Microchip Technology Inc,MCHP,5493007PTFULNYZJ1R12,0000827054,2014.0,Q3,,2013-12-31,2014-02-07 13:45:03+00:00,totalcurrentassets,prepaidexpenses,Prepaid Expenses,+,debit,usd,29441000.0
Microchip Technology Inc,MCHP,5493007PTFULNYZJ1R12,0000827054,2014.0,Q3,,2013-12-31,2014-02-07 13:45:03+00:00,totalcurrentassets,currentdeferredtaxassets,Current Deferred & Refundable Income Taxes,+,debit,usd,72142000.0
Microchip Technology Inc,MCHP,5493007PTFULNYZJ1R12,0000827054,2014.0,Q3,,2013-12-31,2014-02-07 13:45:03+00:00,totalcurrentassets,othercurrentassets,Other Current Assets,+,debit,usd,61141000.0
Microchip Technology Inc,MCHP,5493007PTFULNYZJ1R12,0000827054,2014.0,Q3,,2013-12-31,2014-02-07 13:45:03+00:00,totalassets,totalcurrentassets,Total Current Assets,+,debit,usd,1969028000.0
Microchip Technology Inc,MCHP,5493007PTFULNYZJ1R12,0000827054,2014.0,Q3,,2013-12-31,2014-02-07 13:45:03+00:00,totalassets,netppe,"Plant, Property, & Equipment, net",+,debit,usd,520565000.0
Microchip Technology Inc,MCHP,5493007PTFULNYZJ1R12,0000827054,2014.0,Q3,,2013-12-31,2014-02-07 13:45:03+00:00,totalnoncurrentassets,longterminvestments,Long-Term Investments,+,debit,usd,723925000.0
Microchip Technology Inc,MCHP,5493007PTFULNYZJ1R12,0000827054,2014.0,Q3,,2013-12-31,2014-02-07 13:45:03+00:00,totalnoncurrentassets,goodwill,Goodwill,+,debit,usd,275967000.0
Microchip Technology Inc,MCHP,5493007PTFULNYZJ1R12,0000827054,2014.0,Q3,,2013-12-31,2014-02-07 13:45:03+00:00,totalnoncurrentassets,intangibleassets,Intangible Assets,+,debit,usd,466278000.0
Microchip Technology Inc,MCHP,5493007PTFULNYZJ1R12,0000827054,2014.0,Q3,,2013-12-31,2014-02-07 13:45:03+00:00,totalnoncurrentassets,othernoncurrentassets,Other Noncurrent Operating Assets,+,debit,usd,47345000.0
Microchip Technology Inc,MCHP,5493007PTFULNYZJ1R12,0000827054,2014.0,Q3,,2013-12-31,2014-02-07 13:45:03+00:00,totalassets,totalnoncurrentassets,Total Noncurrent Assets,+,debit,usd,1513515000.0
Microchip Technology Inc,MCHP,5493007PTFULNYZJ1R12,0000827054,2014.0,Q3,,2013-12-31,2014-02-07 13:45:03+00:00,,totalassets,Total Assets,=,debit,usd,4003108000.0
Microchip Technology Inc,MCHP,5493007PTFULNYZJ1R12,0000827054,2014.0,Q3,,2013-12-31,2014-02-07 13:45:03+00:00,totalcurrentliabilities,shorttermdebt,Short-Term Debt,+,credit,usd,14159000.0
Microchip Technology Inc,MCHP,5493007PTFULNYZJ1R12,0000827054,2014.0,Q3,,2013-12-31,2014-02-07 13:45:03+00:00,totalcurrentliabilities,accountspayable,Accounts Payable,+,credit,usd,62750000.0
Microchip Technology Inc,MCHP,5493007PTFULNYZJ1R12,0000827054,2014.0,Q3,,2013-12-31,2014-02-07 13:45:03+00:00,totalcurrentliabilities,accruedexpenses,Accrued Expenses,+,credit,usd,96176000.0
Microchip Technology Inc,MCHP,5493007PTFULNYZJ1R12,0000827054,2014.0,Q3,,2013-12-31,2014-02-07 13:45:03+00:00,totalcurrentliabilities,currentdeferredrevenue,Current Deferred Revenue,+,credit,usd,143315000.0
Microchip Technology Inc,MCHP,5493007PTFULNYZJ1R12,0000827054,2014.0,Q3,,2013-12-31,2014-02-07 13:45:03+00:00,totalliabilities,totalcurrentliabilities,Total Current Liabilities,+,credit,usd,316400000.0
Microchip Technology Inc,MCHP,5493007PTFULNYZJ1R12,0000827054,2014.0,Q3,,2013-12-31,2014-02-07 13:45:03+00:00,totalnoncurrentliabilities,longtermdebt,Long-Term Debt,+,credit,usd,1005312000.0
Microchip Technology Inc,MCHP,5493007PTFULNYZJ1R12,0000827054,2014.0,Q3,,2013-12-31,2014-02-07 13:45:03+00:00,totalnoncurrentliabilities,noncurrentdeferredrevenue,Noncurrent Deferred Revenue,+,credit,usd,179246000.0
Microchip Technology Inc,MCHP,5493007PTFULNYZJ1R12,0000827054,2014.0,Q3,,2013-12-31,2014-02-07 13:45:03+00:00,totalnoncurrentliabilities,noncurrentdeferredtaxliabilities,Noncurrent Deferred & Payable Income Tax Liabilities,+,credit,usd,388620000.0
Microchip Technology Inc,MCHP,5493007PTFULNYZJ1R12,0000827054,2014.0,Q3,,2013-12-31,2014-02-07 13:45:03+00:00,totalnoncurrentliabilities,othernoncurrentliabilities,Other Noncurrent Operating Liabilities,+,credit,usd,38422000.0
Microchip Technology Inc,MCHP,5493007PTFULNYZJ1R12,0000827054,2014.0,Q3,,2013-12-31,2014-02-07 13:45:03+00:00,totalliabilities,totalnoncurrentliabilities,Total Noncurrent Liabilities,+,credit,usd,1611600000.0
Microchip Technology Inc,MCHP,5493007PTFULNYZJ1R12,0000827054,2014.0,Q3,,2013-12-31,2014-02-07 13:45:03+00:00,totalliabilitiesandequity,totalliabilities,Total Liabilities,+,credit,usd,1928000000.0
Microchip Technology Inc,MCHP,5493007PTFULNYZJ1R12,0000827054,2014.0,Q3,,2013-12-31,2014-02-07 13:45:03+00:00,totalequity,totalpreferredequity,Preferred Stock,+,credit,usd,0.0
Microchip Technology Inc,MCHP,5493007PTFULNYZJ1R12,0000827054,2014.0,Q3,,2013-12-31,2014-02-07 13:45:03+00:00,totalcommonequity,commonequity,Common Stock,+,credit,usd,1254963000.0
Microchip Technology Inc,MCHP,5493007PTFULNYZJ1R12,0000827054,2014.0,Q3,,2013-12-31,2014-02-07 13:45:03+00:00,totalcommonequity,retainedearnings,Retained Earnings,+,credit,usd,1426396000.0
Microchip Technology Inc,MCHP,5493007PTFULNYZJ1R12,0000827054,2014.0,Q3,,2013-12-31,2014-02-07 13:45:03+00:00,totalcommonequity,treasurystock,Treasury Stock,+,credit,usd,-603672000.0
Microchip Technology Inc,MCHP,5493007PTFULNYZJ1R12,0000827054,2014.0,Q3,,2013-12-31,2014-02-07 13:45:03+00:00,totalcommonequity,aoci,Accumulated Other Comprehensive Income / (Loss),+,credit,usd,-2579000.0
Microchip Technology Inc,MCHP,5493007PTFULNYZJ1R12,0000827054,2014.0,Q3,,2013-12-31,2014-02-07 13:45:03+00:00,totalequity,totalcommonequity,Total Common Equity,+,credit,usd,2075108000.0
Microchip Technology Inc,MCHP,5493007PTFULNYZJ1R12,0000827054,2014.0,Q3,,2013-12-31,2014-02-07 13:45:03+00:00,totalequityandnoncontrollinginterests,totalequity,Total Preferred & Common Equity,+,credit,usd,2075108000.0
Microchip Technology Inc,MCHP,5493007PTFULNYZJ1R12,0000827054,2014.0,Q3,,2013-12-31,2014-02-07 13:45:03+00:00,totalliabilitiesandequity,totalequityandnoncontrollinginterests,Total Equity & Noncontrolling Interests,+,credit,usd,2075108000.0
Microchip Technology Inc,MCHP,5493007PTFULNYZJ1R12,0000827054,2014.0,Q3,,2013-12-31,2014-02-07 13:45:03+00:00,,totalliabilitiesandequity,Total Liabilities & Shareholders' Equity,=,credit,usd,4003108000.0
Microchip Technology Inc,MCHP,5493007PTFULNYZJ1R12,0000827054,2015.0,Q1,,2014-06-30,2014-08-11 15:45:22+00:00,totalcurrentassets,cashandequivalents,Cash & Equivalents,+,debit,usd,617770000.0
Microchip Technology Inc,MCHP,5493007PTFULNYZJ1R12,0000827054,2015.0,Q1,,2014-06-30,2014-08-11 15:45:22+00:00,totalcurrentassets,shortterminvestments,Short-Term Investments,+,debit,usd,1142091000.0
Microchip Technology Inc,MCHP,5493007PTFULNYZJ1R12,0000827054,2015.0,Q1,,2014-06-30,2014-08-11 15:45:22+00:00,totalcurrentassets,accountsreceivable,Accounts Receivable,+,debit,usd,286699000.0
Microchip Technology Inc,MCHP,5493007PTFULNYZJ1R12,0000827054,2015.0,Q1,,2014-06-30,2014-08-11 15:45:22+00:00,totalcurrentassets,netinventory,"Inventories, net",+,debit,usd,264505000.0
Microchip Technology Inc,MCHP,5493007PTFULNYZJ1R12,0000827054,2015.0,Q1,,2014-06-30,2014-08-11 15:45:22+00:00,totalcurrentassets,prepaidexpenses,Prepaid Expenses,+,debit,usd,34369000.0
Microchip Technology Inc,MCHP,5493007PTFULNYZJ1R12,0000827054,2015.0,Q1,,2014-06-30,2014-08-11 15:45:22+00:00,totalcurrentassets,currentdeferredtaxassets,Current Deferred & Refundable Income Taxes,+,debit,usd,70926000.0
Microchip Technology Inc,MCHP,5493007PTFULNYZJ1R12,0000827054,2015.0,Q1,,2014-06-30,2014-08-11 15:45:22+00:00,totalcurrentassets,othercurrentassets,Other Current Assets,+,debit,usd,33991000.0
Microchip Technology Inc,MCHP,5493007PTFULNYZJ1R12,0000827054,2015.0,Q1,,2014-06-30,2014-08-11 15:45:22+00:00,totalassets,totalcurrentassets,Total Current Assets,+,debit,usd,2450351000.0
Microchip Technology Inc,MCHP,5493007PTFULNYZJ1R12,0000827054,2015.0,Q1,,2014-06-30,2014-08-11 15:45:22+00:00,totalassets,netppe,"Plant, Property, & Equipment, net",+,debit,usd,569908000.0
Microchip Technology Inc,MCHP,5493007PTFULNYZJ1R12,0000827054,2015.0,Q1,,2014-06-30,2014-08-11 15:45:22+00:00,totalnoncurrentassets,longterminvestments,Long-Term Investments,+,debit,usd,527539000.0
Microchip Technology Inc,MCHP,5493007PTFULNYZJ1R12,0000827054,2015.0,Q1,,2014-06-30,2014-08-11 15:45:22+00:00,totalnoncurrentassets,goodwill,Goodwill,+,debit,usd,409885000.0
Microchip Technology Inc,MCHP,5493007PTFULNYZJ1R12,0000827054,2015.0,Q1,,2014-06-30,2014-08-11 15:45:22+00:00,totalnoncurrentassets,intangibleassets,Intangible Assets,+,debit,usd,498079000.0
Microchip Technology Inc,MCHP,5493007PTFULNYZJ1R12,0000827054,2015.0,Q1,,2014-06-30,2014-08-11 15:45:22+00:00,totalnoncurrentassets,othernoncurrentassets,Other Noncurrent Operating Assets,+,debit,usd,45981000.0
Microchip Technology Inc,MCHP,5493007PTFULNYZJ1R12,0000827054,2015.0,Q1,,2014-06-30,2014-08-11 15:45:22+00:00,totalassets,totalnoncurrentassets,Total Noncurrent Assets,+,debit,usd,1481484000.0
Microchip Technology Inc,MCHP,5493007PTFULNYZJ1R12,0000827054,2015.0,Q1,,2014-06-30,2014-08-11 15:45:22+00:00,,totalassets,Total Assets,=,debit,usd,4501743000.0
Microchip Technology Inc,MCHP,5493007PTFULNYZJ1R12,0000827054,2015.0,Q1,,2014-06-30,2014-08-11 15:45:22+00:00,totalcurrentliabilities,shorttermdebt,Short-Term Debt,+,credit,usd,17500000.0
Microchip Technology Inc,MCHP,5493007PTFULNYZJ1R12,0000827054,2015.0,Q1,,2014-06-30,2014-08-11 15:45:22+00:00,totalcurrentliabilities,accountspayable,Accounts Payable,+,credit,usd,79889000.0
Microchip Technology Inc,MCHP,5493007PTFULNYZJ1R12,0000827054,2015.0,Q1,,2014-06-30,2014-08-11 15:45:22+00:00,totalcurrentliabilities,accruedexpenses,Accrued Expenses,+,credit,usd,115718000.0
Microchip Technology Inc,MCHP,5493007PTFULNYZJ1R12,0000827054,2015.0,Q1,,2014-06-30,2014-08-11 15:45:22+00:00,totalcurrentliabilities,othercurrentliabilities,Other Current Liabilities,+,credit,usd,146583000.0
Microchip Technology Inc,MCHP,5493007PTFULNYZJ1R12,0000827054,2015.0,Q1,,2014-06-30,2014-08-11 15:45:22+00:00,totalliabilities,totalcurrentliabilities,Total Current Liabilities,+,credit,usd,359690000.0
Microchip Technology Inc,MCHP,5493007PTFULNYZJ1R12,0000827054,2015.0,Q1,,2014-06-30,2014-08-11 15:45:22+00:00,totalnoncurrentliabilities,longtermdebt,Long-Term Debt,+,credit,usd,1335678000.0
Microchip Technology Inc,MCHP,5493007PTFULNYZJ1R12,0000827054,2015.0,Q1,,2014-06-30,2014-08-11 15:45:22+00:00,totalnoncurrentliabilities,noncurrentdeferredrevenue,Noncurrent Deferred Revenue,+,credit,usd,144549000.0
Microchip Technology Inc,MCHP,5493007PTFULNYZJ1R12,0000827054,2015.0,Q1,,2014-06-30,2014-08-11 15:45:22+00:00,totalnoncurrentliabilities,noncurrentdeferredtaxliabilities,Noncurrent Deferred & Payable Income Tax Liabilities,+,credit,usd,453069000.0
Microchip Technology Inc,MCHP,5493007PTFULNYZJ1R12,0000827054,2015.0,Q1,,2014-06-30,2014-08-11 15:45:22+00:00,totalnoncurrentliabilities,othernoncurrentliabilities,Other Noncurrent Operating Liabilities,+,credit,usd,39112000.0
Microchip Technology Inc,MCHP,5493007PTFULNYZJ1R12,0000827054,2015.0,Q1,,2014-06-30,2014-08-11 15:45:22+00:00,totalliabilities,totalnoncurrentliabilities,Total Noncurrent Liabilities,+,credit,usd,1972408000.0
Microchip Technology Inc,MCHP,5493007PTFULNYZJ1R12,0000827054,2015.0,Q1,,2014-06-30,2014-08-11 15:45:22+00:00,totalliabilitiesandequity,totalliabilities,Total Liabilities,+,credit,usd,2332098000.0
Microchip Technology Inc,MCHP,5493007PTFULNYZJ1R12,0000827054,2015.0,Q1,,2014-06-30,2014-08-11 15:45:22+00:00,totalequity,totalpreferredequity,Preferred Stock,+,credit,usd,0.0
Microchip Technology Inc,MCHP,5493007PTFULNYZJ1R12,0000827054,2015.0,Q1,,2014-06-30,2014-08-11 15:45:22+00:00,totalcommonequity,commonequity,Common Stock,+,credit,usd,1245391000.0
Microchip Technology Inc,MCHP,5493007PTFULNYZJ1R12,0000827054,2015.0,Q1,,2014-06-30,2014-08-11 15:45:22+00:00,totalcommonequity,retainedearnings,Retained Earnings,+,credit,usd,1485716000.0
Microchip Technology Inc,MCHP,5493007PTFULNYZJ1R12,0000827054,2015.0,Q1,,2014-06-30,2014-08-11 15:45:22+00:00,totalcommonequity,treasurystock,Treasury Stock,+,credit,usd,-565551000.0
Microchip Technology Inc,MCHP,5493007PTFULNYZJ1R12,0000827054,2015.0,Q1,,2014-06-30,2014-08-11 15:45:22+00:00,totalcommonequity,aoci,Accumulated Other Comprehensive Income / (Loss),+,credit,usd,4089000.0
Microchip Technology Inc,MCHP,5493007PTFULNYZJ1R12,0000827054,2015.0,Q1,,2014-06-30,2014-08-11 15:45:22+00:00,totalequity,totalcommonequity,Total Common Equity,+,credit,usd,2169645000.0
Microchip Technology Inc,MCHP,5493007PTFULNYZJ1R12,0000827054,2015.0,Q1,,2014-06-30,2014-08-11 15:45:22+00:00,totalequityandnoncontrollinginterests,totalequity,Total Preferred & Common Equity,+,credit,usd,2169645000.0
Microchip Technology Inc,MCHP,5493007PTFULNYZJ1R12,0000827054,2015.0,Q1,,2014-06-30,2014-08-11 15:45:22+00:00,totalliabilitiesandequity,totalequityandnoncontrollinginterests,Total Equity & Noncontrolling Interests,+,credit,usd,2169645000.0
Microchip Technology Inc,MCHP,5493007PTFULNYZJ1R12,0000827054,2015.0,Q1,,2014-06-30,2014-08-11 15:45:22+00:00,,totalliabilitiesandequity,Total Liabilities & Shareholders' Equity,=,credit,usd,4501743000.0
Microchip Technology Inc,MCHP,5493007PTFULNYZJ1R12,0000827054,2015.0,Q2,,2014-09-30,2014-11-10 13:38:11+00:00,totalcurrentassets,cashandequivalents,Cash & Equivalents,+,debit,usd,481439000.0
Microchip Technology Inc,MCHP,5493007PTFULNYZJ1R12,0000827054,2015.0,Q2,,2014-09-30,2014-11-10 13:38:11+00:00,totalcurrentassets,shortterminvestments,Short-Term Investments,+,debit,usd,801670000.0
Microchip Technology Inc,MCHP,5493007PTFULNYZJ1R12,0000827054,2015.0,Q2,,2014-09-30,2014-11-10 13:38:11+00:00,totalcurrentassets,accountsreceivable,Accounts Receivable,+,debit,usd,287473000.0
Microchip Technology Inc,MCHP,5493007PTFULNYZJ1R12,0000827054,2015.0,Q2,,2014-09-30,2014-11-10 13:38:11+00:00,totalcurrentassets,netinventory,"Inventories, net",+,debit,usd,275746000.0
Microchip Technology Inc,MCHP,5493007PTFULNYZJ1R12,0000827054,2015.0,Q2,,2014-09-30,2014-11-10 13:38:11+00:00,totalcurrentassets,prepaidexpenses,Prepaid Expenses,+,debit,usd,34350000.0
Microchip Technology Inc,MCHP,5493007PTFULNYZJ1R12,0000827054,2015.0,Q2,,2014-09-30,2014-11-10 13:38:11+00:00,totalcurrentassets,currentdeferredtaxassets,Current Deferred & Refundable Income Taxes,+,debit,usd,62411000.0
Microchip Technology Inc,MCHP,5493007PTFULNYZJ1R12,0000827054,2015.0,Q2,,2014-09-30,2014-11-10 13:38:11+00:00,totalcurrentassets,othercurrentassets,Other Current Assets,+,debit,usd,35876000.0
Microchip Technology Inc,MCHP,5493007PTFULNYZJ1R12,0000827054,2015.0,Q2,,2014-09-30,2014-11-10 13:38:11+00:00,totalassets,totalcurrentassets,Total Current Assets,+,debit,usd,1978965000.0
Microchip Technology Inc,MCHP,5493007PTFULNYZJ1R12,0000827054,2015.0,Q2,,2014-09-30,2014-11-10 13:38:11+00:00,totalassets,netppe,"Plant, Property, & Equipment, net",+,debit,usd,585102000.0
Microchip Technology Inc,MCHP,5493007PTFULNYZJ1R12,0000827054,2015.0,Q2,,2014-09-30,2014-11-10 13:38:11+00:00,totalnoncurrentassets,longterminvestments,Long-Term Investments,+,debit,usd,841277000.0
Microchip Technology Inc,MCHP,5493007PTFULNYZJ1R12,0000827054,2015.0,Q2,,2014-09-30,2014-11-10 13:38:11+00:00,totalnoncurrentassets,goodwill,Goodwill,+,debit,usd,557965000.0
Microchip Technology Inc,MCHP,5493007PTFULNYZJ1R12,0000827054,2015.0,Q2,,2014-09-30,2014-11-10 13:38:11+00:00,totalnoncurrentassets,intangibleassets,Intangible Assets,+,debit,usd,599025000.0
Microchip Technology Inc,MCHP,5493007PTFULNYZJ1R12,0000827054,2015.0,Q2,,2014-09-30,2014-11-10 13:38:11+00:00,totalnoncurrentassets,othernoncurrentassets,Other Noncurrent Operating Assets,+,debit,usd,48293000.0
Microchip Technology Inc,MCHP,5493007PTFULNYZJ1R12,0000827054,2015.0,Q2,,2014-09-30,2014-11-10 13:38:11+00:00,totalassets,totalnoncurrentassets,Total Noncurrent Assets,+,debit,usd,2046560000.0
Microchip Technology Inc,MCHP,5493007PTFULNYZJ1R12,0000827054,2015.0,Q2,,2014-09-30,2014-11-10 13:38:11+00:00,,totalassets,Total Assets,=,debit,usd,4610627000.0
Microchip Technology Inc,MCHP,5493007PTFULNYZJ1R12,0000827054,2015.0,Q2,,2014-09-30,2014-11-10 13:38:11+00:00,totalcurrentliabilities,shorttermdebt,Short-Term Debt,+,credit,usd,17500000.0
Microchip Technology Inc,MCHP,5493007PTFULNYZJ1R12,0000827054,2015.0,Q2,,2014-09-30,2014-11-10 13:38:11+00:00,totalcurrentliabilities,accountspayable,Accounts Payable,+,credit,usd,94402000.0
Microchip Technology Inc,MCHP,5493007PTFULNYZJ1R12,0000827054,2015.0,Q2,,2014-09-30,2014-11-10 13:38:11+00:00,totalcurrentliabilities,accruedexpenses,Accrued Expenses,+,credit,usd,113997000.0
Microchip Technology Inc,MCHP,5493007PTFULNYZJ1R12,0000827054,2015.0,Q2,,2014-09-30,2014-11-10 13:38:11+00:00,totalcurrentliabilities,othercurrentliabilities,Other Current Liabilities,+,credit,usd,159585000.0
Microchip Technology Inc,MCHP,5493007PTFULNYZJ1R12,0000827054,2015.0,Q2,,2014-09-30,2014-11-10 13:38:11+00:00,totalliabilities,totalcurrentliabilities,Total Current Liabilities,+,credit,usd,385484000.0
Microchip Technology Inc,MCHP,5493007PTFULNYZJ1R12,0000827054,2015.0,Q2,,2014-09-30,2014-11-10 13:38:11+00:00,totalnoncurrentliabilities,longtermdebt,Long-Term Debt,+,credit,usd,1323871000.0
Microchip Technology Inc,MCHP,5493007PTFULNYZJ1R12,0000827054,2015.0,Q2,,2014-09-30,2014-11-10 13:38:11+00:00,totalnoncurrentliabilities,noncurrentdeferredrevenue,Noncurrent Deferred Revenue,+,credit,usd,139343000.0
Microchip Technology Inc,MCHP,5493007PTFULNYZJ1R12,0000827054,2015.0,Q2,,2014-09-30,2014-11-10 13:38:11+00:00,totalnoncurrentliabilities,noncurrentdeferredtaxliabilities,Noncurrent Deferred & Payable Income Tax Liabilities,+,credit,usd,469370000.0
Microchip Technology Inc,MCHP,5493007PTFULNYZJ1R12,0000827054,2015.0,Q2,,2014-09-30,2014-11-10 13:38:11+00:00,totalnoncurrentliabilities,othernoncurrentliabilities,Other Noncurrent Operating Liabilities,+,credit,usd,40351000.0
Microchip Technology Inc,MCHP,5493007PTFULNYZJ1R12,0000827054,2015.0,Q2,,2014-09-30,2014-11-10 13:38:11+00:00,totalliabilities,totalnoncurrentliabilities,Total Noncurrent Liabilities,+,credit,usd,1972935000.0
Microchip Technology Inc,MCHP,5493007PTFULNYZJ1R12,0000827054,2015.0,Q2,,2014-09-30,2014-11-10 13:38:11+00:00,totalliabilitiesandequity,totalliabilities,Total Liabilities,+,credit,usd,2358419000.0
Microchip Technology Inc,MCHP,5493007PTFULNYZJ1R12,0000827054,2015.0,Q2,,2014-09-30,2014-11-10 13:38:11+00:00,totalequity,totalpreferredequity,Preferred Stock,+,credit,usd,0.0
Microchip Technology Inc,MCHP,5493007PTFULNYZJ1R12,0000827054,2015.0,Q2,,2014-09-30,2014-11-10 13:38:11+00:00,totalcommonequity,commonequity,Common Stock,+,credit,usd,1249042000.0
Microchip Technology Inc,MCHP,5493007PTFULNYZJ1R12,0000827054,2015.0,Q2,,2014-09-30,2014-11-10 13:38:11+00:00,totalcommonequity,retainedearnings,Retained Earnings,+,credit,usd,1507915000.0
Microchip Technology Inc,MCHP,5493007PTFULNYZJ1R12,0000827054,2015.0,Q2,,2014-09-30,2014-11-10 13:38:11+00:00,totalcommonequity,treasurystock,Treasury Stock,+,credit,usd,-548879000.0
Microchip Technology Inc,MCHP,5493007PTFULNYZJ1R12,0000827054,2015.0,Q2,,2014-09-30,2014-11-10 13:38:11+00:00,totalcommonequity,aoci,Accumulated Other Comprehensive Income / (Loss),+,credit,usd,-4657000.0
Microchip Technology Inc,MCHP,5493007PTFULNYZJ1R12,0000827054,2015.0,Q2,,2014-09-30,2014-11-10 13:38:11+00:00,totalequity,totalcommonequity,Total Common Equity,+,credit,usd,2203421000.0
Microchip Technology Inc,MCHP,5493007PTFULNYZJ1R12,0000827054,2015.0,Q2,,2014-09-30,2014-11-10 13:38:11+00:00,totalequityandnoncontrollinginterests,totalequity,Total Preferred & Common Equity,+,credit,usd,2203421000.0
Microchip Technology Inc,MCHP,5493007PTFULNYZJ1R12,0000827054,2015.0,Q2,,2014-09-30,2014-11-10 13:38:11+00:00,totalequityandnoncontrollinginterests,noncontrollinginterests,Noncontrolling Interest,+,credit,usd,48787000.0
Microchip Technology Inc,MCHP,5493007PTFULNYZJ1R12,0000827054,2015.0,Q2,,2014-09-30,2014-11-10 13:38:11+00:00,totalliabilitiesandequity,totalequityandnoncontrollinginterests,Total Equity & Noncontrolling Interests,+,credit,usd,2252208000.0
Microchip Technology Inc,MCHP,5493007PTFULNYZJ1R12,0000827054,2015.0,Q2,,2014-09-30,2014-11-10 13:38:11+00:00,,totalliabilitiesandequity,Total Liabilities & Shareholders' Equity,=,credit,usd,4610627000.0
Microchip Technology Inc,MCHP,5493007PTFULNYZJ1R12,0000827054,2015.0,Q3,,2014-12-31,2015-02-03 11:51:52+00:00,totalcurrentassets,cashandequivalents,Cash & Equivalents,+,debit,usd,456339000.0
Microchip Technology Inc,MCHP,5493007PTFULNYZJ1R12,0000827054,2015.0,Q3,,2014-12-31,2015-02-03 11:51:52+00:00,totalcurrentassets,shortterminvestments,Short-Term Investments,+,debit,usd,666119000.0
Microchip Technology Inc,MCHP,5493007PTFULNYZJ1R12,0000827054,2015.0,Q3,,2014-12-31,2015-02-03 11:51:52+00:00,totalcurrentassets,accountsreceivable,Accounts Receivable,+,debit,usd,242595000.0
Microchip Technology Inc,MCHP,5493007PTFULNYZJ1R12,0000827054,2015.0,Q3,,2014-12-31,2015-02-03 11:51:52+00:00,totalcurrentassets,netinventory,"Inventories, net",+,debit,usd,276143000.0
Microchip Technology Inc,MCHP,5493007PTFULNYZJ1R12,0000827054,2015.0,Q3,,2014-12-31,2015-02-03 11:51:52+00:00,totalcurrentassets,prepaidexpenses,Prepaid Expenses,+,debit,usd,35111000.0
Microchip Technology Inc,MCHP,5493007PTFULNYZJ1R12,0000827054,2015.0,Q3,,2014-12-31,2015-02-03 11:51:52+00:00,totalcurrentassets,currentdeferredtaxassets,Current Deferred & Refundable Income Taxes,+,debit,usd,50490000.0
Microchip Technology Inc,MCHP,5493007PTFULNYZJ1R12,0000827054,2015.0,Q3,,2014-12-31,2015-02-03 11:51:52+00:00,totalcurrentassets,othercurrentassets,Other Current Assets,+,debit,usd,42697000.0
Microchip Technology Inc,MCHP,5493007PTFULNYZJ1R12,0000827054,2015.0,Q3,,2014-12-31,2015-02-03 11:51:52+00:00,totalcurrentassets,othercurrentnonoperatingassets,Other Current Nonoperating Assets,+,debit,usd,13985000.0
Microchip Technology Inc,MCHP,5493007PTFULNYZJ1R12,0000827054,2015.0,Q3,,2014-12-31,2015-02-03 11:51:52+00:00,totalassets,totalcurrentassets,Total Current Assets,+,debit,usd,1783479000.0
Microchip Technology Inc,MCHP,5493007PTFULNYZJ1R12,0000827054,2015.0,Q3,,2014-12-31,2015-02-03 11:51:52+00:00,totalassets,netppe,"Plant, Property, & Equipment, net",+,debit,usd,577123000.0
Microchip Technology Inc,MCHP,5493007PTFULNYZJ1R12,0000827054,2015.0,Q3,,2014-12-31,2015-02-03 11:51:52+00:00,totalnoncurrentassets,longterminvestments,Long-Term Investments,+,debit,usd,1107224000.0
Microchip Technology Inc,MCHP,5493007PTFULNYZJ1R12,0000827054,2015.0,Q3,,2014-12-31,2015-02-03 11:51:52+00:00,totalnoncurrentassets,goodwill,Goodwill,+,debit,usd,565290000.0
Microchip Technology Inc,MCHP,5493007PTFULNYZJ1R12,0000827054,2015.0,Q3,,2014-12-31,2015-02-03 11:51:52+00:00,totalnoncurrentassets,intangibleassets,Intangible Assets,+,debit,usd,551210000.0
Microchip Technology Inc,MCHP,5493007PTFULNYZJ1R12,0000827054,2015.0,Q3,,2014-12-31,2015-02-03 11:51:52+00:00,totalnoncurrentassets,othernoncurrentassets,Other Noncurrent Operating Assets,+,debit,usd,44591000.0
Microchip Technology Inc,MCHP,5493007PTFULNYZJ1R12,0000827054,2015.0,Q3,,2014-12-31,2015-02-03 11:51:52+00:00,totalassets,totalnoncurrentassets,Total Noncurrent Assets,+,debit,usd,2268315000.0
Microchip Technology Inc,MCHP,5493007PTFULNYZJ1R12,0000827054,2015.0,Q3,,2014-12-31,2015-02-03 11:51:52+00:00,,totalassets,Total Assets,=,debit,usd,4628917000.0
Microchip Technology Inc,MCHP,5493007PTFULNYZJ1R12,0000827054,2015.0,Q3,,2014-12-31,2015-02-03 11:51:52+00:00,totalcurrentliabilities,shorttermdebt,Short-Term Debt,+,credit,usd,17500000.0
Microchip Technology Inc,MCHP,5493007PTFULNYZJ1R12,0000827054,2015.0,Q3,,2014-12-31,2015-02-03 11:51:52+00:00,totalcurrentliabilities,accountspayable,Accounts Payable,+,credit,usd,76933000.0
Microchip Technology Inc,MCHP,5493007PTFULNYZJ1R12,0000827054,2015.0,Q3,,2014-12-31,2015-02-03 11:51:52+00:00,totalcurrentliabilities,accruedexpenses,Accrued Expenses,+,credit,usd,104389000.0
Microchip Technology Inc,MCHP,5493007PTFULNYZJ1R12,0000827054,2015.0,Q3,,2014-12-31,2015-02-03 11:51:52+00:00,totalcurrentliabilities,othercurrentliabilities,Other Current Liabilities,+,credit,usd,154264000.0
Microchip Technology Inc,MCHP,5493007PTFULNYZJ1R12,0000827054,2015.0,Q3,,2014-12-31,2015-02-03 11:51:52+00:00,totalliabilities,totalcurrentliabilities,Total Current Liabilities,+,credit,usd,353086000.0
Microchip Technology Inc,MCHP,5493007PTFULNYZJ1R12,0000827054,2015.0,Q3,,2014-12-31,2015-02-03 11:51:52+00:00,totalnoncurrentliabilities,longtermdebt,Long-Term Debt,+,credit,usd,1342095000.0
Microchip Technology Inc,MCHP,5493007PTFULNYZJ1R12,0000827054,2015.0,Q3,,2014-12-31,2015-02-03 11:51:52+00:00,totalnoncurrentliabilities,noncurrentdeferredrevenue,Noncurrent Deferred Revenue,+,credit,usd,138388000.0
Microchip Technology Inc,MCHP,5493007PTFULNYZJ1R12,0000827054,2015.0,Q3,,2014-12-31,2015-02-03 11:51:52+00:00,totalnoncurrentliabilities,noncurrentdeferredtaxliabilities,Noncurrent Deferred & Payable Income Tax Liabilities,+,credit,usd,468842000.0
Microchip Technology Inc,MCHP,5493007PTFULNYZJ1R12,0000827054,2015.0,Q3,,2014-12-31,2015-02-03 11:51:52+00:00,totalnoncurrentliabilities,othernoncurrentliabilities,Other Noncurrent Operating Liabilities,+,credit,usd,44228000.0
Microchip Technology Inc,MCHP,5493007PTFULNYZJ1R12,0000827054,2015.0,Q3,,2014-12-31,2015-02-03 11:51:52+00:00,totalliabilities,totalnoncurrentliabilities,Total Noncurrent Liabilities,+,credit,usd,1993553000.0
Microchip Technology Inc,MCHP,5493007PTFULNYZJ1R12,0000827054,2015.0,Q3,,2014-12-31,2015-02-03 11:51:52+00:00,totalliabilitiesandequity,totalliabilities,Total Liabilities,+,credit,usd,2346639000.0
Microchip Technology Inc,MCHP,5493007PTFULNYZJ1R12,0000827054,2015.0,Q3,,2014-12-31,2015-02-03 11:51:52+00:00,totalequity,totalpreferredequity,Preferred Stock,+,credit,usd,0.0
Microchip Technology Inc,MCHP,5493007PTFULNYZJ1R12,0000827054,2015.0,Q3,,2014-12-31,2015-02-03 11:51:52+00:00,totalcommonequity,commonequity,Common Stock,+,credit,usd,1253103000.0
Microchip Technology Inc,MCHP,5493007PTFULNYZJ1R12,0000827054,2015.0,Q3,,2014-12-31,2015-02-03 11:51:52+00:00,totalcommonequity,retainedearnings,Retained Earnings,+,credit,usd,1522185000.0
Microchip Technology Inc,MCHP,5493007PTFULNYZJ1R12,0000827054,2015.0,Q3,,2014-12-31,2015-02-03 11:51:52+00:00,totalcommonequity,treasurystock,Treasury Stock,+,credit,usd,-534562000.0
Microchip Technology Inc,MCHP,5493007PTFULNYZJ1R12,0000827054,2015.0,Q3,,2014-12-31,2015-02-03 11:51:52+00:00,totalcommonequity,aoci,Accumulated Other Comprehensive Income / (Loss),+,credit,usd,15563000.0
Microchip Technology Inc,MCHP,5493007PTFULNYZJ1R12,0000827054,2015.0,Q3,,2014-12-31,2015-02-03 11:51:52+00:00,totalequity,totalcommonequity,Total Common Equity,+,credit,usd,2256289000.0
Microchip Technology Inc,MCHP,5493007PTFULNYZJ1R12,0000827054,2015.0,Q3,,2014-12-31,2015-02-03 11:51:52+00:00,totalequityandnoncontrollinginterests,totalequity,Total Preferred & Common Equity,+,credit,usd,2256289000.0
Microchip Technology Inc,MCHP,5493007PTFULNYZJ1R12,0000827054,2015.0,Q3,,2014-12-31,2015-02-03 11:51:52+00:00,totalequityandnoncontrollinginterests,noncontrollinginterests,Noncontrolling Interest,+,credit,usd,25989000.0
Microchip Technology Inc,MCHP,5493007PTFULNYZJ1R12,0000827054,2015.0,Q3,,2014-12-31,2015-02-03 11:51:52+00:00,totalliabilitiesandequity,totalequityandnoncontrollinginterests,Total Equity & Noncontrolling Interests,+,credit,usd,2282278000.0
Microchip Technology Inc,MCHP,5493007PTFULNYZJ1R12,0000827054,2015.0,Q3,,2014-12-31,2015-02-03 11:51:52+00:00,,totalliabilitiesandequity,Total Liabilities & Shareholders' Equity,=,credit,usd,4628917000.0
Microchip Technology Inc,MCHP,5493007PTFULNYZJ1R12,0000827054,2016.0,Q1,,2015-06-30,2015-08-06 17:16:07+00:00,totalcurrentassets,cashandequivalents,Cash & Equivalents,+,debit,usd,563547000.0
Microchip Technology Inc,MCHP,5493007PTFULNYZJ1R12,0000827054,2016.0,Q1,,2015-06-30,2015-08-06 17:16:07+00:00,totalcurrentassets,shortterminvestments,Short-Term Investments,+,debit,usd,969003000.0
Microchip Technology Inc,MCHP,5493007PTFULNYZJ1R12,0000827054,2016.0,Q1,,2015-06-30,2015-08-06 17:16:07+00:00,totalcurrentassets,accountsreceivable,Accounts Receivable,+,debit,usd,277033000.0
Microchip Technology Inc,MCHP,5493007PTFULNYZJ1R12,0000827054,2016.0,Q1,,2015-06-30,2015-08-06 17:16:07+00:00,totalcurrentassets,netinventory,"Inventories, net",+,debit,usd,303690000.0
Microchip Technology Inc,MCHP,5493007PTFULNYZJ1R12,0000827054,2016.0,Q1,,2015-06-30,2015-08-06 17:16:07+00:00,totalcurrentassets,prepaidexpenses,Prepaid Expenses,+,debit,usd,33927000.0
Microchip Technology Inc,MCHP,5493007PTFULNYZJ1R12,0000827054,2016.0,Q1,,2015-06-30,2015-08-06 17:16:07+00:00,totalcurrentassets,currentdeferredtaxassets,Current Deferred & Refundable Income Taxes,+,debit,usd,71045000.0
Microchip Technology Inc,MCHP,5493007PTFULNYZJ1R12,0000827054,2016.0,Q1,,2015-06-30,2015-08-06 17:16:07+00:00,totalcurrentassets,othercurrentassets,Other Current Assets,+,debit,usd,37369000.0
Microchip Technology Inc,MCHP,5493007PTFULNYZJ1R12,0000827054,2016.0,Q1,,2015-06-30,2015-08-06 17:16:07+00:00,totalassets,totalcurrentassets,Total Current Assets,+,debit,usd,2255614000.0
Microchip Technology Inc,MCHP,5493007PTFULNYZJ1R12,0000827054,2016.0,Q1,,2015-06-30,2015-08-06 17:16:07+00:00,totalassets,netppe,"Plant, Property, & Equipment, net",+,debit,usd,595247000.0
Microchip Technology Inc,MCHP,5493007PTFULNYZJ1R12,0000827054,2016.0,Q1,,2015-06-30,2015-08-06 17:16:07+00:00,totalnoncurrentassets,longterminvestments,Long-Term Investments,+,debit,usd,898024000.0
Microchip Technology Inc,MCHP,5493007PTFULNYZJ1R12,0000827054,2016.0,Q1,,2015-06-30,2015-08-06 17:16:07+00:00,totalnoncurrentassets,goodwill,Goodwill,+,debit,usd,571660000.0
Microchip Technology Inc,MCHP,5493007PTFULNYZJ1R12,0000827054,2016.0,Q1,,2015-06-30,2015-08-06 17:16:07+00:00,totalnoncurrentassets,intangibleassets,Intangible Assets,+,debit,usd,470488000.0
Microchip Technology Inc,MCHP,5493007PTFULNYZJ1R12,0000827054,2016.0,Q1,,2015-06-30,2015-08-06 17:16:07+00:00,totalnoncurrentassets,othernoncurrentassets,Other Noncurrent Operating Assets,+,debit,usd,65952000.0
Microchip Technology Inc,MCHP,5493007PTFULNYZJ1R12,0000827054,2016.0,Q1,,2015-06-30,2015-08-06 17:16:07+00:00,totalassets,totalnoncurrentassets,Total Noncurrent Assets,+,debit,usd,2006124000.0
Microchip Technology Inc,MCHP,5493007PTFULNYZJ1R12,0000827054,2016.0,Q1,,2015-06-30,2015-08-06 17:16:07+00:00,,totalassets,Total Assets,=,debit,usd,4856985000.0
Microchip Technology Inc,MCHP,5493007PTFULNYZJ1R12,0000827054,2016.0,Q1,,2015-06-30,2015-08-06 17:16:07+00:00,totalcurrentliabilities,accountspayable,Accounts Payable,+,credit,usd,93655000.0
Microchip Technology Inc,MCHP,5493007PTFULNYZJ1R12,0000827054,2016.0,Q1,,2015-06-30,2015-08-06 17:16:07+00:00,totalcurrentliabilities,accruedexpenses,Accrued Expenses,+,credit,usd,111124000.0
Microchip Technology Inc,MCHP,5493007PTFULNYZJ1R12,0000827054,2016.0,Q1,,2015-06-30,2015-08-06 17:16:07+00:00,totalcurrentliabilities,othercurrentliabilities,Other Current Liabilities,+,credit,usd,167529000.0
Microchip Technology Inc,MCHP,5493007PTFULNYZJ1R12,0000827054,2016.0,Q1,,2015-06-30,2015-08-06 17:16:07+00:00,totalliabilities,totalcurrentliabilities,Total Current Liabilities,+,credit,usd,372308000.0
Microchip Technology Inc,MCHP,5493007PTFULNYZJ1R12,0000827054,2016.0,Q1,,2015-06-30,2015-08-06 17:16:07+00:00,totalnoncurrentliabilities,longtermdebt,Long-Term Debt,+,credit,usd,1858697000.0
Microchip Technology Inc,MCHP,5493007PTFULNYZJ1R12,0000827054,2016.0,Q1,,2015-06-30,2015-08-06 17:16:07+00:00,totalnoncurrentliabilities,noncurrentdeferredrevenue,Noncurrent Deferred Revenue,+,credit,usd,98001000.0
Microchip Technology Inc,MCHP,5493007PTFULNYZJ1R12,0000827054,2016.0,Q1,,2015-06-30,2015-08-06 17:16:07+00:00,totalnoncurrentliabilities,noncurrentdeferredtaxliabilities,Noncurrent Deferred & Payable Income Tax Liabilities,+,credit,usd,380403000.0
Microchip Technology Inc,MCHP,5493007PTFULNYZJ1R12,0000827054,2016.0,Q1,,2015-06-30,2015-08-06 17:16:07+00:00,totalnoncurrentliabilities,othernoncurrentliabilities,Other Noncurrent Operating Liabilities,+,credit,usd,48694000.0
Microchip Technology Inc,MCHP,5493007PTFULNYZJ1R12,0000827054,2016.0,Q1,,2015-06-30,2015-08-06 17:16:07+00:00,totalliabilities,totalnoncurrentliabilities,Total Noncurrent Liabilities,+,credit,usd,2385795000.0
Microchip Technology Inc,MCHP,5493007PTFULNYZJ1R12,0000827054,2016.0,Q1,,2015-06-30,2015-08-06 17:16:07+00:00,totalliabilitiesandequity,totalliabilities,Total Liabilities,+,credit,usd,2758103000.0
Microchip Technology Inc,MCHP,5493007PTFULNYZJ1R12,0000827054,2016.0,Q1,,2015-06-30,2015-08-06 17:16:07+00:00,totalequity,totalpreferredequity,Preferred Stock,+,credit,usd,0.0
Microchip Technology Inc,MCHP,5493007PTFULNYZJ1R12,0000827054,2016.0,Q1,,2015-06-30,2015-08-06 17:16:07+00:00,totalcommonequity,commonequity,Common Stock,+,credit,usd,1002137000.0
Microchip Technology Inc,MCHP,5493007PTFULNYZJ1R12,0000827054,2016.0,Q1,,2015-06-30,2015-08-06 17:16:07+00:00,totalcommonequity,retainedearnings,Retained Earnings,+,credit,usd,1607876000.0
Microchip Technology Inc,MCHP,5493007PTFULNYZJ1R12,0000827054,2016.0,Q1,,2015-06-30,2015-08-06 17:16:07+00:00,totalcommonequity,treasurystock,Treasury Stock,+,credit,usd,-505960000.0
Microchip Technology Inc,MCHP,5493007PTFULNYZJ1R12,0000827054,2016.0,Q1,,2015-06-30,2015-08-06 17:16:07+00:00,totalcommonequity,aoci,Accumulated Other Comprehensive Income / (Loss),+,credit,usd,-5171000.0
Microchip Technology Inc,MCHP,5493007PTFULNYZJ1R12,0000827054,2016.0,Q1,,2015-06-30,2015-08-06 17:16:07+00:00,totalequity,totalcommonequity,Total Common Equity,+,credit,usd,2098882000.0
Microchip Technology Inc,MCHP,5493007PTFULNYZJ1R12,0000827054,2016.0,Q1,,2015-06-30,2015-08-06 17:16:07+00:00,totalequityandnoncontrollinginterests,totalequity,Total Preferred & Common Equity,+,credit,usd,2098882000.0
Microchip Technology Inc,MCHP,5493007PTFULNYZJ1R12,0000827054,2016.0,Q1,,2015-06-30,2015-08-06 17:16:07+00:00,totalequityandnoncontrollinginterests,noncontrollinginterests,Noncontrolling Interest,+,credit,usd,0.0
Microchip Technology Inc,MCHP,5493007PTFULNYZJ1R12,0000827054,2016.0,Q1,,2015-06-30,2015-08-06 17:16:07+00:00,totalliabilitiesandequity,totalequityandnoncontrollinginterests,Total Equity & Noncontrolling Interests,+,credit,usd,2098882000.0
Microchip Technology Inc,MCHP,5493007PTFULNYZJ1R12,0000827054,2016.0,Q1,,2015-06-30,2015-08-06 17:16:07+00:00,,totalliabilitiesandequity,Total Liabilities & Shareholders' Equity,=,credit,usd,4856985000.0
Microchip Technology Inc,MCHP,5493007PTFULNYZJ1R12,0000827054,2016.0,Q2,,2015-09-30,2015-11-09 13:59:20+00:00,totalcurrentassets,cashandequivalents,Cash & Equivalents,+,debit,usd,539078000.0
Microchip Technology Inc,MCHP,5493007PTFULNYZJ1R12,0000827054,2016.0,Q2,,2015-09-30,2015-11-09 13:59:20+00:00,totalcurrentassets,shortterminvestments,Short-Term Investments,+,debit,usd,1462466000.0
Microchip Technology Inc,MCHP,5493007PTFULNYZJ1R12,0000827054,2016.0,Q2,,2015-09-30,2015-11-09 13:59:20+00:00,totalcurrentassets,accountsreceivable,Accounts Receivable,+,debit,usd,281063000.0
Microchip Technology Inc,MCHP,5493007PTFULNYZJ1R12,0000827054,2016.0,Q2,,2015-09-30,2015-11-09 13:59:20+00:00,totalcurrentassets,netinventory,"Inventories, net",+,debit,usd,363760000.0
Microchip Technology Inc,MCHP,5493007PTFULNYZJ1R12,0000827054,2016.0,Q2,,2015-09-30,2015-11-09 13:59:20+00:00,totalcurrentassets,prepaidexpenses,Prepaid Expenses,+,debit,usd,38553000.0
Microchip Technology Inc,MCHP,5493007PTFULNYZJ1R12,0000827054,2016.0,Q2,,2015-09-30,2015-11-09 13:59:20+00:00,totalcurrentassets,currentdeferredtaxassets,Current Deferred & Refundable Income Taxes,+,debit,usd,69343000.0
Microchip Technology Inc,MCHP,5493007PTFULNYZJ1R12,0000827054,2016.0,Q2,,2015-09-30,2015-11-09 13:59:20+00:00,totalcurrentassets,othercurrentassets,Other Current Assets,+,debit,usd,24624000.0
Microchip Technology Inc,MCHP,5493007PTFULNYZJ1R12,0000827054,2016.0,Q2,,2015-09-30,2015-11-09 13:59:20+00:00,totalassets,totalcurrentassets,Total Current Assets,+,debit,usd,2778887000.0
Microchip Technology Inc,MCHP,5493007PTFULNYZJ1R12,0000827054,2016.0,Q2,,2015-09-30,2015-11-09 13:59:20+00:00,totalassets,netppe,"Plant, Property, & Equipment, net",+,debit,usd,631600000.0
Microchip Technology Inc,MCHP,5493007PTFULNYZJ1R12,0000827054,2016.0,Q2,,2015-09-30,2015-11-09 13:59:20+00:00,totalnoncurrentassets,longterminvestments,Long-Term Investments,+,debit,usd,584910000.0
Microchip Technology Inc,MCHP,5493007PTFULNYZJ1R12,0000827054,2016.0,Q2,,2015-09-30,2015-11-09 13:59:20+00:00,totalnoncurrentassets,goodwill,Goodwill,+,debit,usd,1008720000.0
Microchip Technology Inc,MCHP,5493007PTFULNYZJ1R12,0000827054,2016.0,Q2,,2015-09-30,2015-11-09 13:59:20+00:00,totalnoncurrentassets,intangibleassets,Intangible Assets,+,debit,usd,702383000.0
Microchip Technology Inc,MCHP,5493007PTFULNYZJ1R12,0000827054,2016.0,Q2,,2015-09-30,2015-11-09 13:59:20+00:00,totalnoncurrentassets,othernoncurrentassets,Other Noncurrent Operating Assets,+,debit,usd,79809000.0
Microchip Technology Inc,MCHP,5493007PTFULNYZJ1R12,0000827054,2016.0,Q2,,2015-09-30,2015-11-09 13:59:20+00:00,totalassets,totalnoncurrentassets,Total Noncurrent Assets,+,debit,usd,2375822000.0
Microchip Technology Inc,MCHP,5493007PTFULNYZJ1R12,0000827054,2016.0,Q2,,2015-09-30,2015-11-09 13:59:20+00:00,,totalassets,Total Assets,=,debit,usd,5786309000.0
Microchip Technology Inc,MCHP,5493007PTFULNYZJ1R12,0000827054,2016.0,Q2,,2015-09-30,2015-11-09 13:59:20+00:00,totalcurrentliabilities,accountspayable,Accounts Payable,+,credit,usd,72362000.0
Microchip Technology Inc,MCHP,5493007PTFULNYZJ1R12,0000827054,2016.0,Q2,,2015-09-30,2015-11-09 13:59:20+00:00,totalcurrentliabilities,accruedexpenses,Accrued Expenses,+,credit,usd,119452000.0
Microchip Technology Inc,MCHP,5493007PTFULNYZJ1R12,0000827054,2016.0,Q2,,2015-09-30,2015-11-09 13:59:20+00:00,totalcurrentliabilities,othercurrentliabilities,Other Current Liabilities,+,credit,usd,179962000.0
Microchip Technology Inc,MCHP,5493007PTFULNYZJ1R12,0000827054,2016.0,Q2,,2015-09-30,2015-11-09 13:59:20+00:00,totalliabilities,totalcurrentliabilities,Total Current Liabilities,+,credit,usd,371776000.0
Microchip Technology Inc,MCHP,5493007PTFULNYZJ1R12,0000827054,2016.0,Q2,,2015-09-30,2015-11-09 13:59:20+00:00,totalnoncurrentliabilities,longtermdebt,Long-Term Debt,+,credit,usd,2687874000.0
Microchip Technology Inc,MCHP,5493007PTFULNYZJ1R12,0000827054,2016.0,Q2,,2015-09-30,2015-11-09 13:59:20+00:00,totalnoncurrentliabilities,noncurrentdeferredrevenue,Noncurrent Deferred Revenue,+,credit,usd,107459000.0
Microchip Technology Inc,MCHP,5493007PTFULNYZJ1R12,0000827054,2016.0,Q2,,2015-09-30,2015-11-09 13:59:20+00:00,totalnoncurrentliabilities,noncurrentdeferredtaxliabilities,Noncurrent Deferred & Payable Income Tax Liabilities,+,credit,usd,448777000.0
Microchip Technology Inc,MCHP,5493007PTFULNYZJ1R12,0000827054,2016.0,Q2,,2015-09-30,2015-11-09 13:59:20+00:00,totalnoncurrentliabilities,othernoncurrentliabilities,Other Noncurrent Operating Liabilities,+,credit,usd,41042000.0
Microchip Technology Inc,MCHP,5493007PTFULNYZJ1R12,0000827054,2016.0,Q2,,2015-09-30,2015-11-09 13:59:20+00:00,totalliabilities,totalnoncurrentliabilities,Total Noncurrent Liabilities,+,credit,usd,3285152000.0
Microchip Technology Inc,MCHP,5493007PTFULNYZJ1R12,0000827054,2016.0,Q2,,2015-09-30,2015-11-09 13:59:20+00:00,totalliabilitiesandequity,totalliabilities,Total Liabilities,+,credit,usd,3656928000.0
Microchip Technology Inc,MCHP,5493007PTFULNYZJ1R12,0000827054,2016.0,Q2,,2015-09-30,2015-11-09 13:59:20+00:00,totalequity,totalpreferredequity,Preferred Stock,+,credit,usd,0.0
Microchip Technology Inc,MCHP,5493007PTFULNYZJ1R12,0000827054,2016.0,Q2,,2015-09-30,2015-11-09 13:59:20+00:00,totalcommonequity,commonequity,Common Stock,+,credit,usd,1383021000.0
Microchip Technology Inc,MCHP,5493007PTFULNYZJ1R12,0000827054,2016.0,Q2,,2015-09-30,2015-11-09 13:59:20+00:00,totalcommonequity,retainedearnings,Retained Earnings,+,credit,usd,1600090000.0
Microchip Technology Inc,MCHP,5493007PTFULNYZJ1R12,0000827054,2016.0,Q2,,2015-09-30,2015-11-09 13:59:20+00:00,totalcommonequity,treasurystock,Treasury Stock,+,credit,usd,-850635000.0
Microchip Technology Inc,MCHP,5493007PTFULNYZJ1R12,0000827054,2016.0,Q2,,2015-09-30,2015-11-09 13:59:20+00:00,totalcommonequity,aoci,Accumulated Other Comprehensive Income / (Loss),+,credit,usd,-3095000.0
Microchip Technology Inc,MCHP,5493007PTFULNYZJ1R12,0000827054,2016.0,Q2,,2015-09-30,2015-11-09 13:59:20+00:00,totalequity,totalcommonequity,Total Common Equity,+,credit,usd,2129381000.0
Microchip Technology Inc,MCHP,5493007PTFULNYZJ1R12,0000827054,2016.0,Q2,,2015-09-30,2015-11-09 13:59:20+00:00,totalequityandnoncontrollinginterests,totalequity,Total Preferred & Common Equity,+,credit,usd,2129381000.0
Microchip Technology Inc,MCHP,5493007PTFULNYZJ1R12,0000827054,2016.0,Q2,,2015-09-30,2015-11-09 13:59:20+00:00,totalequityandnoncontrollinginterests,noncontrollinginterests,Noncontrolling Interest,+,credit,usd,0.0
Microchip Technology Inc,MCHP,5493007PTFULNYZJ1R12,0000827054,2016.0,Q2,,2015-09-30,2015-11-09 13:59:20+00:00,totalliabilitiesandequity,totalequityandnoncontrollinginterests,Total Equity & Noncontrolling Interests,+,credit,usd,2129381000.0
Microchip Technology Inc,MCHP,5493007PTFULNYZJ1R12,0000827054,2016.0,Q2,,2015-09-30,2015-11-09 13:59:20+00:00,,totalliabilitiesandequity,Total Liabilities & Shareholders' Equity,=,credit,usd,5786309000.0
Microchip Technology Inc,MCHP,5493007PTFULNYZJ1R12,0000827054,2016.0,Q3,,2015-12-31,2016-02-05 16:47:12+00:00,totalcurrentassets,cashandequivalents,Cash & Equivalents,+,debit,usd,331451000.0
Microchip Technology Inc,MCHP,5493007PTFULNYZJ1R12,0000827054,2016.0,Q3,,2015-12-31,2016-02-05 16:47:12+00:00,totalcurrentassets,shortterminvestments,Short-Term Investments,+,debit,usd,676449000.0
Microchip Technology Inc,MCHP,5493007PTFULNYZJ1R12,0000827054,2016.0,Q3,,2015-12-31,2016-02-05 16:47:12+00:00,totalcurrentassets,accountsreceivable,Accounts Receivable,+,debit,usd,248006000.0
Microchip Technology Inc,MCHP,5493007PTFULNYZJ1R12,0000827054,2016.0,Q3,,2015-12-31,2016-02-05 16:47:12+00:00,totalcurrentassets,netinventory,"Inventories, net",+,debit,usd,319524000.0
Microchip Technology Inc,MCHP,5493007PTFULNYZJ1R12,0000827054,2016.0,Q3,,2015-12-31,2016-02-05 16:47:12+00:00,totalcurrentassets,prepaidexpenses,Prepaid Expenses,+,debit,usd,36488000.0
Microchip Technology Inc,MCHP,5493007PTFULNYZJ1R12,0000827054,2016.0,Q3,,2015-12-31,2016-02-05 16:47:12+00:00,totalcurrentassets,currentdeferredtaxassets,Current Deferred & Refundable Income Taxes,+,debit,usd,0.0
Microchip Technology Inc,MCHP,5493007PTFULNYZJ1R12,0000827054,2016.0,Q3,,2015-12-31,2016-02-05 16:47:12+00:00,totalcurrentassets,othercurrentassets,Other Current Assets,+,debit,usd,20803000.0
Microchip Technology Inc,MCHP,5493007PTFULNYZJ1R12,0000827054,2016.0,Q3,,2015-12-31,2016-02-05 16:47:12+00:00,totalassets,totalcurrentassets,Total Current Assets,+,debit,usd,1632721000.0
Microchip Technology Inc,MCHP,5493007PTFULNYZJ1R12,0000827054,2016.0,Q3,,2015-12-31,2016-02-05 16:47:12+00:00,totalassets,netppe,"Plant, Property, & Equipment, net",+,debit,usd,622842000.0
Microchip Technology Inc,MCHP,5493007PTFULNYZJ1R12,0000827054,2016.0,Q3,,2015-12-31,2016-02-05 16:47:12+00:00,totalnoncurrentassets,longterminvestments,Long-Term Investments,+,debit,usd,1389989000.0
Microchip Technology Inc,MCHP,5493007PTFULNYZJ1R12,0000827054,2016.0,Q3,,2015-12-31,2016-02-05 16:47:12+00:00,totalnoncurrentassets,goodwill,Goodwill,+,debit,usd,1011227000.0
Microchip Technology Inc,MCHP,5493007PTFULNYZJ1R12,0000827054,2016.0,Q3,,2015-12-31,2016-02-05 16:47:12+00:00,totalnoncurrentassets,intangibleassets,Intangible Assets,+,debit,usd,654574000.0
Microchip Technology Inc,MCHP,5493007PTFULNYZJ1R12,0000827054,2016.0,Q3,,2015-12-31,2016-02-05 16:47:12+00:00,totalnoncurrentassets,noncurrentdeferredtaxassets,Noncurrent Deferred & Refundable Income Taxes,+,debit,usd,18910000.0
Microchip Technology Inc,MCHP,5493007PTFULNYZJ1R12,0000827054,2016.0,Q3,,2015-12-31,2016-02-05 16:47:12+00:00,totalnoncurrentassets,othernoncurrentassets,Other Noncurrent Operating Assets,+,debit,usd,116290000.0
Microchip Technology Inc,MCHP,5493007PTFULNYZJ1R12,0000827054,2016.0,Q3,,2015-12-31,2016-02-05 16:47:12+00:00,totalassets,totalnoncurrentassets,Total Noncurrent Assets,+,debit,usd,3190990000.0
Microchip Technology Inc,MCHP,5493007PTFULNYZJ1R12,0000827054,2016.0,Q3,,2015-12-31,2016-02-05 16:47:12+00:00,,totalassets,Total Assets,=,debit,usd,5446553000.0
Microchip Technology Inc,MCHP,5493007PTFULNYZJ1R12,0000827054,2016.0,Q3,,2015-12-31,2016-02-05 16:47:12+00:00,totalcurrentliabilities,accountspayable,Accounts Payable,+,credit,usd,69059000.0
Microchip Technology Inc,MCHP,5493007PTFULNYZJ1R12,0000827054,2016.0,Q3,,2015-12-31,2016-02-05 16:47:12+00:00,totalcurrentliabilities,accruedexpenses,Accrued Expenses,+,credit,usd,111273000.0
Microchip Technology Inc,MCHP,5493007PTFULNYZJ1R12,0000827054,2016.0,Q3,,2015-12-31,2016-02-05 16:47:12+00:00,totalcurrentliabilities,othercurrentliabilities,Other Current Liabilities,+,credit,usd,163582000.0
Microchip Technology Inc,MCHP,5493007PTFULNYZJ1R12,0000827054,2016.0,Q3,,2015-12-31,2016-02-05 16:47:12+00:00,totalliabilities,totalcurrentliabilities,Total Current Liabilities,+,credit,usd,343914000.0
Microchip Technology Inc,MCHP,5493007PTFULNYZJ1R12,0000827054,2016.0,Q3,,2015-12-31,2016-02-05 16:47:12+00:00,totalnoncurrentliabilities,longtermdebt,Long-Term Debt,+,credit,usd,2406474000.0
Microchip Technology Inc,MCHP,5493007PTFULNYZJ1R12,0000827054,2016.0,Q3,,2015-12-31,2016-02-05 16:47:12+00:00,totalnoncurrentliabilities,noncurrentdeferredrevenue,Noncurrent Deferred Revenue,+,credit,usd,106081000.0
Microchip Technology Inc,MCHP,5493007PTFULNYZJ1R12,0000827054,2016.0,Q3,,2015-12-31,2016-02-05 16:47:12+00:00,totalnoncurrentliabilities,noncurrentdeferredtaxliabilities,Noncurrent Deferred & Payable Income Tax Liabilities,+,credit,usd,422667000.0
Microchip Technology Inc,MCHP,5493007PTFULNYZJ1R12,0000827054,2016.0,Q3,,2015-12-31,2016-02-05 16:47:12+00:00,totalnoncurrentliabilities,othernoncurrentliabilities,Other Noncurrent Operating Liabilities,+,credit,usd,41073000.0
Microchip Technology Inc,MCHP,5493007PTFULNYZJ1R12,0000827054,2016.0,Q3,,2015-12-31,2016-02-05 16:47:12+00:00,totalliabilities,totalnoncurrentliabilities,Total Noncurrent Liabilities,+,credit,usd,2976295000.0
Microchip Technology Inc,MCHP,5493007PTFULNYZJ1R12,0000827054,2016.0,Q3,,2015-12-31,2016-02-05 16:47:12+00:00,totalliabilitiesandequity,totalliabilities,Total Liabilities,+,credit,usd,3320209000.0
Microchip Technology Inc,MCHP,5493007PTFULNYZJ1R12,0000827054,2016.0,Q3,,2015-12-31,2016-02-05 16:47:12+00:00,totalequity,totalpreferredequity,Preferred Stock,+,credit,usd,0.0
Microchip Technology Inc,MCHP,5493007PTFULNYZJ1R12,0000827054,2016.0,Q3,,2015-12-31,2016-02-05 16:47:12+00:00,totalcommonequity,commonequity,Common Stock,+,credit,usd,1386018000.0
Microchip Technology Inc,MCHP,5493007PTFULNYZJ1R12,0000827054,2016.0,Q3,,2015-12-31,2016-02-05 16:47:12+00:00,totalcommonequity,retainedearnings,Retained Earnings,+,credit,usd,1588378000.0
Microchip Technology Inc,MCHP,5493007PTFULNYZJ1R12,0000827054,2016.0,Q3,,2015-12-31,2016-02-05 16:47:12+00:00,totalcommonequity,treasurystock,Treasury Stock,+,credit,usd,-837387000.0
Microchip Technology Inc,MCHP,5493007PTFULNYZJ1R12,0000827054,2016.0,Q3,,2015-12-31,2016-02-05 16:47:12+00:00,totalcommonequity,aoci,Accumulated Other Comprehensive Income / (Loss),+,credit,usd,-10665000.0
Microchip Technology Inc,MCHP,5493007PTFULNYZJ1R12,0000827054,2016.0,Q3,,2015-12-31,2016-02-05 16:47:12+00:00,totalequity,totalcommonequity,Total Common Equity,+,credit,usd,2126344000.0
Microchip Technology Inc,MCHP,5493007PTFULNYZJ1R12,0000827054,2016.0,Q3,,2015-12-31,2016-02-05 16:47:12+00:00,totalequityandnoncontrollinginterests,totalequity,Total Preferred & Common Equity,+,credit,usd,2126344000.0
Microchip Technology Inc,MCHP,5493007PTFULNYZJ1R12,0000827054,2016.0,Q3,,2015-12-31,2016-02-05 16:47:12+00:00,totalequityandnoncontrollinginterests,noncontrollinginterests,Noncontrolling Interest,+,credit,usd,0.0
Microchip Technology Inc,MCHP,5493007PTFULNYZJ1R12,0000827054,2016.0,Q3,,2015-12-31,2016-02-05 16:47:12+00:00,totalliabilitiesandequity,totalequityandnoncontrollinginterests,Total Equity & Noncontrolling Interests,+,credit,usd,2126344000.0
Microchip Technology Inc,MCHP,5493007PTFULNYZJ1R12,0000827054,2016.0,Q3,,2015-12-31,2016-02-05 16:47:12+00:00,,totalliabilitiesandequity,Total Liabilities & Shareholders' Equity,=,credit,usd,5446553000.0
Microchip Technology Inc,MCHP,5493007PTFULNYZJ1R12,0000827054,2017.0,Q1,,2016-06-30,2016-08-09 17:03:12+00:00,totalcurrentassets,cashandequivalents,Cash & Equivalents,+,debit,usd,600526000.0
Microchip Technology Inc,MCHP,5493007PTFULNYZJ1R12,0000827054,2017.0,Q1,,2016-06-30,2016-08-09 17:03:12+00:00,totalcurrentassets,shortterminvestments,Short-Term Investments,+,debit,usd,1266000.0
Microchip Technology Inc,MCHP,5493007PTFULNYZJ1R12,0000827054,2017.0,Q1,,2016-06-30,2016-08-09 17:03:12+00:00,totalcurrentassets,accountsreceivable,Accounts Receivable,+,debit,usd,435511000.0
Microchip Technology Inc,MCHP,5493007PTFULNYZJ1R12,0000827054,2017.0,Q1,,2016-06-30,2016-08-09 17:03:12+00:00,totalcurrentassets,netinventory,"Inventories, net",+,debit,usd,518431000.0
Microchip Technology Inc,MCHP,5493007PTFULNYZJ1R12,0000827054,2017.0,Q1,,2016-06-30,2016-08-09 17:03:12+00:00,totalcurrentassets,prepaidexpenses,Prepaid Expenses,+,debit,usd,51769000.0
Microchip Technology Inc,MCHP,5493007PTFULNYZJ1R12,0000827054,2017.0,Q1,,2016-06-30,2016-08-09 17:03:12+00:00,totalcurrentassets,othercurrentassets,Other Current Assets,+,debit,usd,47087000.0
Microchip Technology Inc,MCHP,5493007PTFULNYZJ1R12,0000827054,2017.0,Q1,,2016-06-30,2016-08-09 17:03:12+00:00,totalcurrentassets,othercurrentnonoperatingassets,Other Current Nonoperating Assets,+,debit,usd,18398000.0
Microchip Technology Inc,MCHP,5493007PTFULNYZJ1R12,0000827054,2017.0,Q1,,2016-06-30,2016-08-09 17:03:12+00:00,totalassets,totalcurrentassets,Total Current Assets,+,debit,usd,1672988000.0
Microchip Technology Inc,MCHP,5493007PTFULNYZJ1R12,0000827054,2017.0,Q1,,2016-06-30,2016-08-09 17:03:12+00:00,totalassets,netppe,"Plant, Property, & Equipment, net",+,debit,usd,732816000.0
Microchip Technology Inc,MCHP,5493007PTFULNYZJ1R12,0000827054,2017.0,Q1,,2016-06-30,2016-08-09 17:03:12+00:00,totalnoncurrentassets,longterminvestments,Long-Term Investments,+,debit,usd,0.0
Microchip Technology Inc,MCHP,5493007PTFULNYZJ1R12,0000827054,2017.0,Q1,,2016-06-30,2016-08-09 17:03:12+00:00,totalnoncurrentassets,goodwill,Goodwill,+,debit,usd,2390955000.0
Microchip Technology Inc,MCHP,5493007PTFULNYZJ1R12,0000827054,2017.0,Q1,,2016-06-30,2016-08-09 17:03:12+00:00,totalnoncurrentassets,intangibleassets,Intangible Assets,+,debit,usd,2403357000.0
Microchip Technology Inc,MCHP,5493007PTFULNYZJ1R12,0000827054,2017.0,Q1,,2016-06-30,2016-08-09 17:03:12+00:00,totalnoncurrentassets,noncurrentdeferredtaxassets,Noncurrent Deferred & Refundable Income Taxes,+,debit,usd,68653000.0
Microchip Technology Inc,MCHP,5493007PTFULNYZJ1R12,0000827054,2017.0,Q1,,2016-06-30,2016-08-09 17:03:12+00:00,totalnoncurrentassets,othernoncurrentassets,Other Noncurrent Operating Assets,+,debit,usd,89987000.0
Microchip Technology Inc,MCHP,5493007PTFULNYZJ1R12,0000827054,2017.0,Q1,,2016-06-30,2016-08-09 17:03:12+00:00,totalassets,totalnoncurrentassets,Total Noncurrent Assets,+,debit,usd,4952952000.0
Microchip Technology Inc,MCHP,5493007PTFULNYZJ1R12,0000827054,2017.0,Q1,,2016-06-30,2016-08-09 17:03:12+00:00,,totalassets,Total Assets,=,debit,usd,7358756000.0
Microchip Technology Inc,MCHP,5493007PTFULNYZJ1R12,0000827054,2017.0,Q1,,2016-06-30,2016-08-09 17:03:12+00:00,totalcurrentliabilities,accountspayable,Accounts Payable,+,credit,usd,137614000.0
Microchip Technology Inc,MCHP,5493007PTFULNYZJ1R12,0000827054,2017.0,Q1,,2016-06-30,2016-08-09 17:03:12+00:00,totalcurrentliabilities,accruedexpenses,Accrued Expenses,+,credit,usd,222500000.0
Microchip Technology Inc,MCHP,5493007PTFULNYZJ1R12,0000827054,2017.0,Q1,,2016-06-30,2016-08-09 17:03:12+00:00,totalcurrentliabilities,othercurrentliabilities,Other Current Liabilities,+,credit,usd,213171000.0
Microchip Technology Inc,MCHP,5493007PTFULNYZJ1R12,0000827054,2017.0,Q1,,2016-06-30,2016-08-09 17:03:12+00:00,totalliabilities,totalcurrentliabilities,Total Current Liabilities,+,credit,usd,573285000.0
Microchip Technology Inc,MCHP,5493007PTFULNYZJ1R12,0000827054,2017.0,Q1,,2016-06-30,2016-08-09 17:03:12+00:00,totalnoncurrentliabilities,longtermdebt,Long-Term Debt,+,credit,usd,3336504000.0
Microchip Technology Inc,MCHP,5493007PTFULNYZJ1R12,0000827054,2017.0,Q1,,2016-06-30,2016-08-09 17:03:12+00:00,totalnoncurrentliabilities,noncurrentdeferredrevenue,Noncurrent Deferred Revenue,+,credit,usd,290742000.0
Microchip Technology Inc,MCHP,5493007PTFULNYZJ1R12,0000827054,2017.0,Q1,,2016-06-30,2016-08-09 17:03:12+00:00,totalnoncurrentliabilities,noncurrentdeferredtaxliabilities,Noncurrent Deferred & Payable Income Tax Liabilities,+,credit,usd,468563000.0
Microchip Technology Inc,MCHP,5493007PTFULNYZJ1R12,0000827054,2017.0,Q1,,2016-06-30,2016-08-09 17:03:12+00:00,totalnoncurrentliabilities,othernoncurrentliabilities,Other Noncurrent Operating Liabilities,+,credit,usd,157113000.0
Microchip Technology Inc,MCHP,5493007PTFULNYZJ1R12,0000827054,2017.0,Q1,,2016-06-30,2016-08-09 17:03:12+00:00,totalliabilities,totalnoncurrentliabilities,Total Noncurrent Liabilities,+,credit,usd,4252922000.0
Microchip Technology Inc,MCHP,5493007PTFULNYZJ1R12,0000827054,2017.0,Q1,,2016-06-30,2016-08-09 17:03:12+00:00,totalliabilitiesandequity,totalliabilities,Total Liabilities,+,credit,usd,4826207000.0
Microchip Technology Inc,MCHP,5493007PTFULNYZJ1R12,0000827054,2017.0,Q1,,2016-06-30,2016-08-09 17:03:12+00:00,totalequity,totalpreferredequity,Preferred Stock,+,credit,usd,0.0
Microchip Technology Inc,MCHP,5493007PTFULNYZJ1R12,0000827054,2017.0,Q1,,2016-06-30,2016-08-09 17:03:12+00:00,totalcommonequity,commonequity,Common Stock,+,credit,usd,1901675000.0
Microchip Technology Inc,MCHP,5493007PTFULNYZJ1R12,0000827054,2017.0,Q1,,2016-06-30,2016-08-09 17:03:12+00:00,totalcommonequity,retainedearnings,Retained Earnings,+,credit,usd,1439589000.0
Microchip Technology Inc,MCHP,5493007PTFULNYZJ1R12,0000827054,2017.0,Q1,,2016-06-30,2016-08-09 17:03:12+00:00,totalcommonequity,treasurystock,Treasury Stock,+,credit,usd,-794287000.0
Microchip Technology Inc,MCHP,5493007PTFULNYZJ1R12,0000827054,2017.0,Q1,,2016-06-30,2016-08-09 17:03:12+00:00,totalcommonequity,aoci,Accumulated Other Comprehensive Income / (Loss),+,credit,usd,-14428000.0
Microchip Technology Inc,MCHP,5493007PTFULNYZJ1R12,0000827054,2017.0,Q1,,2016-06-30,2016-08-09 17:03:12+00:00,totalequity,totalcommonequity,Total Common Equity,+,credit,usd,2532549000.0
Microchip Technology Inc,MCHP,5493007PTFULNYZJ1R12,0000827054,2017.0,Q1,,2016-06-30,2016-08-09 17:03:12+00:00,totalequityandnoncontrollinginterests,totalequity,Total Preferred & Common Equity,+,credit,usd,2532549000.0
Microchip Technology Inc,MCHP,5493007PTFULNYZJ1R12,0000827054,2017.0,Q1,,2016-06-30,2016-08-09 17:03:12+00:00,totalliabilitiesandequity,totalequityandnoncontrollinginterests,Total Equity & Noncontrolling Interests,+,credit,usd,2532549000.0
Microchip Technology Inc,MCHP,5493007PTFULNYZJ1R12,0000827054,2017.0,Q1,,2016-06-30,2016-08-09 17:03:12+00:00,,totalliabilitiesandequity,Total Liabilities & Shareholders' Equity,=,credit,usd,7358756000.0
Microchip Technology Inc,MCHP,5493007PTFULNYZJ1R12,0000827054,2017.0,Q2,,2016-09-30,2016-11-08 15:26:49+00:00,totalcurrentassets,cashandequivalents,Cash & Equivalents,+,debit,usd,489988000.0
Microchip Technology Inc,MCHP,5493007PTFULNYZJ1R12,0000827054,2017.0,Q2,,2016-09-30,2016-11-08 15:26:49+00:00,totalcurrentassets,shortterminvestments,Short-Term Investments,+,debit,usd,848000.0
Microchip Technology Inc,MCHP,5493007PTFULNYZJ1R12,0000827054,2017.0,Q2,,2016-09-30,2016-11-08 15:26:49+00:00,totalcurrentassets,accountsreceivable,Accounts Receivable,+,debit,usd,451042000.0
Microchip Technology Inc,MCHP,5493007PTFULNYZJ1R12,0000827054,2017.0,Q2,,2016-09-30,2016-11-08 15:26:49+00:00,totalcurrentassets,netinventory,"Inventories, net",+,debit,usd,424690000.0
Microchip Technology Inc,MCHP,5493007PTFULNYZJ1R12,0000827054,2017.0,Q2,,2016-09-30,2016-11-08 15:26:49+00:00,totalcurrentassets,prepaidexpenses,Prepaid Expenses,+,debit,usd,60817000.0
Microchip Technology Inc,MCHP,5493007PTFULNYZJ1R12,0000827054,2017.0,Q2,,2016-09-30,2016-11-08 15:26:49+00:00,totalcurrentassets,othercurrentassets,Other Current Assets,+,debit,usd,49270000.0
Microchip Technology Inc,MCHP,5493007PTFULNYZJ1R12,0000827054,2017.0,Q2,,2016-09-30,2016-11-08 15:26:49+00:00,totalcurrentassets,othercurrentnonoperatingassets,Other Current Nonoperating Assets,+,debit,usd,14080000.0
Microchip Technology Inc,MCHP,5493007PTFULNYZJ1R12,0000827054,2017.0,Q2,,2016-09-30,2016-11-08 15:26:49+00:00,totalassets,totalcurrentassets,Total Current Assets,+,debit,usd,1490735000.0
Microchip Technology Inc,MCHP,5493007PTFULNYZJ1R12,0000827054,2017.0,Q2,,2016-09-30,2016-11-08 15:26:49+00:00,totalassets,netppe,"Plant, Property, & Equipment, net",+,debit,usd,716998000.0
Microchip Technology Inc,MCHP,5493007PTFULNYZJ1R12,0000827054,2017.0,Q2,,2016-09-30,2016-11-08 15:26:49+00:00,totalnoncurrentassets,longterminvestments,Long-Term Investments,+,debit,usd,0.0
Microchip Technology Inc,MCHP,5493007PTFULNYZJ1R12,0000827054,2017.0,Q2,,2016-09-30,2016-11-08 15:26:49+00:00,totalnoncurrentassets,goodwill,Goodwill,+,debit,usd,2384740000.0
Microchip Technology Inc,MCHP,5493007PTFULNYZJ1R12,0000827054,2017.0,Q2,,2016-09-30,2016-11-08 15:26:49+00:00,totalnoncurrentassets,intangibleassets,Intangible Assets,+,debit,usd,2322706000.0
Microchip Technology Inc,MCHP,5493007PTFULNYZJ1R12,0000827054,2017.0,Q2,,2016-09-30,2016-11-08 15:26:49+00:00,totalnoncurrentassets,noncurrentdeferredtaxassets,Noncurrent Deferred & Refundable Income Taxes,+,debit,usd,68823000.0
Microchip Technology Inc,MCHP,5493007PTFULNYZJ1R12,0000827054,2017.0,Q2,,2016-09-30,2016-11-08 15:26:49+00:00,totalnoncurrentassets,othernoncurrentassets,Other Noncurrent Operating Assets,+,debit,usd,90394000.0
Microchip Technology Inc,MCHP,5493007PTFULNYZJ1R12,0000827054,2017.0,Q2,,2016-09-30,2016-11-08 15:26:49+00:00,totalassets,totalnoncurrentassets,Total Noncurrent Assets,+,debit,usd,4866663000.0
Microchip Technology Inc,MCHP,5493007PTFULNYZJ1R12,0000827054,2017.0,Q2,,2016-09-30,2016-11-08 15:26:49+00:00,,totalassets,Total Assets,=,debit,usd,7074396000.0
Microchip Technology Inc,MCHP,5493007PTFULNYZJ1R12,0000827054,2017.0,Q2,,2016-09-30,2016-11-08 15:26:49+00:00,totalcurrentliabilities,accountspayable,Accounts Payable,+,credit,usd,131625000.0
Microchip Technology Inc,MCHP,5493007PTFULNYZJ1R12,0000827054,2017.0,Q2,,2016-09-30,2016-11-08 15:26:49+00:00,totalcurrentliabilities,accruedexpenses,Accrued Expenses,+,credit,usd,223982000.0
Microchip Technology Inc,MCHP,5493007PTFULNYZJ1R12,0000827054,2017.0,Q2,,2016-09-30,2016-11-08 15:26:49+00:00,totalcurrentliabilities,othercurrentliabilities,Other Current Liabilities,+,credit,usd,223196000.0
Microchip Technology Inc,MCHP,5493007PTFULNYZJ1R12,0000827054,2017.0,Q2,,2016-09-30,2016-11-08 15:26:49+00:00,totalliabilities,totalcurrentliabilities,Total Current Liabilities,+,credit,usd,578803000.0
Microchip Technology Inc,MCHP,5493007PTFULNYZJ1R12,0000827054,2017.0,Q2,,2016-09-30,2016-11-08 15:26:49+00:00,totalnoncurrentliabilities,longtermdebt,Long-Term Debt,+,credit,usd,3105433000.0
Microchip Technology Inc,MCHP,5493007PTFULNYZJ1R12,0000827054,2017.0,Q2,,2016-09-30,2016-11-08 15:26:49+00:00,totalnoncurrentliabilities,noncurrentdeferredrevenue,Noncurrent Deferred Revenue,+,credit,usd,292957000.0
Microchip Technology Inc,MCHP,5493007PTFULNYZJ1R12,0000827054,2017.0,Q2,,2016-09-30,2016-11-08 15:26:49+00:00,totalnoncurrentliabilities,noncurrentdeferredtaxliabilities,Noncurrent Deferred & Payable Income Tax Liabilities,+,credit,usd,416452000.0
Microchip Technology Inc,MCHP,5493007PTFULNYZJ1R12,0000827054,2017.0,Q2,,2016-09-30,2016-11-08 15:26:49+00:00,totalnoncurrentliabilities,othernoncurrentliabilities,Other Noncurrent Operating Liabilities,+,credit,usd,161239000.0
Microchip Technology Inc,MCHP,5493007PTFULNYZJ1R12,0000827054,2017.0,Q2,,2016-09-30,2016-11-08 15:26:49+00:00,totalliabilities,totalnoncurrentliabilities,Total Noncurrent Liabilities,+,credit,usd,3976081000.0
Microchip Technology Inc,MCHP,5493007PTFULNYZJ1R12,0000827054,2017.0,Q2,,2016-09-30,2016-11-08 15:26:49+00:00,totalliabilitiesandequity,totalliabilities,Total Liabilities,+,credit,usd,4554884000.0
Microchip Technology Inc,MCHP,5493007PTFULNYZJ1R12,0000827054,2017.0,Q2,,2016-09-30,2016-11-08 15:26:49+00:00,totalequity,totalpreferredequity,Preferred Stock,+,credit,usd,0.0
Microchip Technology Inc,MCHP,5493007PTFULNYZJ1R12,0000827054,2017.0,Q2,,2016-09-30,2016-11-08 15:26:49+00:00,totalcommonequity,commonequity,Common Stock,+,credit,usd,1905444000.0
Microchip Technology Inc,MCHP,5493007PTFULNYZJ1R12,0000827054,2017.0,Q2,,2016-09-30,2016-11-08 15:26:49+00:00,totalcommonequity,retainedearnings,Retained Earnings,+,credit,usd,1395868000.0
Microchip Technology Inc,MCHP,5493007PTFULNYZJ1R12,0000827054,2017.0,Q2,,2016-09-30,2016-11-08 15:26:49+00:00,totalcommonequity,treasurystock,Treasury Stock,+,credit,usd,-765904000.0
Microchip Technology Inc,MCHP,5493007PTFULNYZJ1R12,0000827054,2017.0,Q2,,2016-09-30,2016-11-08 15:26:49+00:00,totalcommonequity,aoci,Accumulated Other Comprehensive Income / (Loss),+,credit,usd,-15896000.0
Microchip Technology Inc,MCHP,5493007PTFULNYZJ1R12,0000827054,2017.0,Q2,,2016-09-30,2016-11-08 15:26:49+00:00,totalequity,totalcommonequity,Total Common Equity,+,credit,usd,2519512000.0
Microchip Technology Inc,MCHP,5493007PTFULNYZJ1R12,0000827054,2017.0,Q2,,2016-09-30,2016-11-08 15:26:49+00:00,totalequityandnoncontrollinginterests,totalequity,Total Preferred & Common Equity,+,credit,usd,2519512000.0
Microchip Technology Inc,MCHP,5493007PTFULNYZJ1R12,0000827054,2017.0,Q2,,2016-09-30,2016-11-08 15:26:49+00:00,totalliabilitiesandequity,totalequityandnoncontrollinginterests,Total Equity & Noncontrolling Interests,+,credit,usd,2519512000.0
Microchip Technology Inc,MCHP,5493007PTFULNYZJ1R12,0000827054,2017.0,Q2,,2016-09-30,2016-11-08 15:26:49+00:00,,totalliabilitiesandequity,Total Liabilities & Shareholders' Equity,=,credit,usd,7074396000.0
Microchip Technology Inc,MCHP,5493007PTFULNYZJ1R12,0000827054,2017.0,Q3,,2016-12-31,2017-02-08 13:40:33+00:00,totalcurrentassets,cashandequivalents,Cash & Equivalents,+,debit,usd,663938000.0
Microchip Technology Inc,MCHP,5493007PTFULNYZJ1R12,0000827054,2017.0,Q3,,2016-12-31,2017-02-08 13:40:33+00:00,totalcurrentassets,shortterminvestments,Short-Term Investments,+,debit,usd,5705000.0
Microchip Technology Inc,MCHP,5493007PTFULNYZJ1R12,0000827054,2017.0,Q3,,2016-12-31,2017-02-08 13:40:33+00:00,totalcurrentassets,accountsreceivable,Accounts Receivable,+,debit,usd,475093000.0
Microchip Technology Inc,MCHP,5493007PTFULNYZJ1R12,0000827054,2017.0,Q3,,2016-12-31,2017-02-08 13:40:33+00:00,totalcurrentassets,netinventory,"Inventories, net",+,debit,usd,419618000.0
Microchip Technology Inc,MCHP,5493007PTFULNYZJ1R12,0000827054,2017.0,Q3,,2016-12-31,2017-02-08 13:40:33+00:00,totalcurrentassets,prepaidexpenses,Prepaid Expenses,+,debit,usd,51265000.0
Microchip Technology Inc,MCHP,5493007PTFULNYZJ1R12,0000827054,2017.0,Q3,,2016-12-31,2017-02-08 13:40:33+00:00,totalcurrentassets,othercurrentassets,Other Current Assets,+,debit,usd,55374000.0
Microchip Technology Inc,MCHP,5493007PTFULNYZJ1R12,0000827054,2017.0,Q3,,2016-12-31,2017-02-08 13:40:33+00:00,totalcurrentassets,othercurrentnonoperatingassets,Other Current Nonoperating Assets,+,debit,usd,5757000.0
Microchip Technology Inc,MCHP,5493007PTFULNYZJ1R12,0000827054,2017.0,Q3,,2016-12-31,2017-02-08 13:40:33+00:00,totalassets,totalcurrentassets,Total Current Assets,+,debit,usd,1676750000.0
Microchip Technology Inc,MCHP,5493007PTFULNYZJ1R12,0000827054,2017.0,Q3,,2016-12-31,2017-02-08 13:40:33+00:00,totalassets,netppe,"Plant, Property, & Equipment, net",+,debit,usd,698704000.0
Microchip Technology Inc,MCHP,5493007PTFULNYZJ1R12,0000827054,2017.0,Q3,,2016-12-31,2017-02-08 13:40:33+00:00,totalnoncurrentassets,longterminvestments,Long-Term Investments,+,debit,usd,30007000.0
Microchip Technology Inc,MCHP,5493007PTFULNYZJ1R12,0000827054,2017.0,Q3,,2016-12-31,2017-02-08 13:40:33+00:00,totalnoncurrentassets,goodwill,Goodwill,+,debit,usd,2362090000.0
Microchip Technology Inc,MCHP,5493007PTFULNYZJ1R12,0000827054,2017.0,Q3,,2016-12-31,2017-02-08 13:40:33+00:00,totalnoncurrentassets,intangibleassets,Intangible Assets,+,debit,usd,2233621000.0
Microchip Technology Inc,MCHP,5493007PTFULNYZJ1R12,0000827054,2017.0,Q3,,2016-12-31,2017-02-08 13:40:33+00:00,totalnoncurrentassets,noncurrentdeferredtaxassets,Noncurrent Deferred & Refundable Income Taxes,+,debit,usd,60797000.0
Microchip Technology Inc,MCHP,5493007PTFULNYZJ1R12,0000827054,2017.0,Q3,,2016-12-31,2017-02-08 13:40:33+00:00,totalnoncurrentassets,othernoncurrentassets,Other Noncurrent Operating Assets,+,debit,usd,82612000.0
Microchip Technology Inc,MCHP,5493007PTFULNYZJ1R12,0000827054,2017.0,Q3,,2016-12-31,2017-02-08 13:40:33+00:00,totalassets,totalnoncurrentassets,Total Noncurrent Assets,+,debit,usd,4769127000.0
Microchip Technology Inc,MCHP,5493007PTFULNYZJ1R12,0000827054,2017.0,Q3,,2016-12-31,2017-02-08 13:40:33+00:00,,totalassets,Total Assets,=,debit,usd,7144581000.0
Microchip Technology Inc,MCHP,5493007PTFULNYZJ1R12,0000827054,2017.0,Q3,,2016-12-31,2017-02-08 13:40:33+00:00,totalcurrentliabilities,accountspayable,Accounts Payable,+,credit,usd,135160000.0
Microchip Technology Inc,MCHP,5493007PTFULNYZJ1R12,0000827054,2017.0,Q3,,2016-12-31,2017-02-08 13:40:33+00:00,totalcurrentliabilities,accruedexpenses,Accrued Expenses,+,credit,usd,222134000.0
Microchip Technology Inc,MCHP,5493007PTFULNYZJ1R12,0000827054,2017.0,Q3,,2016-12-31,2017-02-08 13:40:33+00:00,totalcurrentliabilities,othercurrentliabilities,Other Current Liabilities,+,credit,usd,294259000.0
Microchip Technology Inc,MCHP,5493007PTFULNYZJ1R12,0000827054,2017.0,Q3,,2016-12-31,2017-02-08 13:40:33+00:00,totalliabilities,totalcurrentliabilities,Total Current Liabilities,+,credit,usd,651553000.0
Microchip Technology Inc,MCHP,5493007PTFULNYZJ1R12,0000827054,2017.0,Q3,,2016-12-31,2017-02-08 13:40:33+00:00,totalnoncurrentliabilities,longtermdebt,Long-Term Debt,+,credit,usd,3123994000.0
Microchip Technology Inc,MCHP,5493007PTFULNYZJ1R12,0000827054,2017.0,Q3,,2016-12-31,2017-02-08 13:40:33+00:00,totalnoncurrentliabilities,noncurrentdeferredrevenue,Noncurrent Deferred Revenue,+,credit,usd,266763000.0
Microchip Technology Inc,MCHP,5493007PTFULNYZJ1R12,0000827054,2017.0,Q3,,2016-12-31,2017-02-08 13:40:33+00:00,totalnoncurrentliabilities,noncurrentdeferredtaxliabilities,Noncurrent Deferred & Payable Income Tax Liabilities,+,credit,usd,386824000.0
Microchip Technology Inc,MCHP,5493007PTFULNYZJ1R12,0000827054,2017.0,Q3,,2016-12-31,2017-02-08 13:40:33+00:00,totalnoncurrentliabilities,othernoncurrentliabilities,Other Noncurrent Operating Liabilities,+,credit,usd,148549000.0
Microchip Technology Inc,MCHP,5493007PTFULNYZJ1R12,0000827054,2017.0,Q3,,2016-12-31,2017-02-08 13:40:33+00:00,totalliabilities,totalnoncurrentliabilities,Total Noncurrent Liabilities,+,credit,usd,3926130000.0
Microchip Technology Inc,MCHP,5493007PTFULNYZJ1R12,0000827054,2017.0,Q3,,2016-12-31,2017-02-08 13:40:33+00:00,totalliabilitiesandequity,totalliabilities,Total Liabilities,+,credit,usd,4577683000.0
Microchip Technology Inc,MCHP,5493007PTFULNYZJ1R12,0000827054,2017.0,Q3,,2016-12-31,2017-02-08 13:40:33+00:00,totalequity,totalpreferredequity,Preferred Stock,+,credit,usd,0.0
Microchip Technology Inc,MCHP,5493007PTFULNYZJ1R12,0000827054,2017.0,Q3,,2016-12-31,2017-02-08 13:40:33+00:00,totalcommonequity,commonequity,Common Stock,+,credit,usd,1904431000.0
Microchip Technology Inc,MCHP,5493007PTFULNYZJ1R12,0000827054,2017.0,Q3,,2016-12-31,2017-02-08 13:40:33+00:00,totalcommonequity,retainedearnings,Retained Earnings,+,credit,usd,1425073000.0
Microchip Technology Inc,MCHP,5493007PTFULNYZJ1R12,0000827054,2017.0,Q3,,2016-12-31,2017-02-08 13:40:33+00:00,totalcommonequity,treasurystock,Treasury Stock,+,credit,usd,-751778000.0
Microchip Technology Inc,MCHP,5493007PTFULNYZJ1R12,0000827054,2017.0,Q3,,2016-12-31,2017-02-08 13:40:33+00:00,totalcommonequity,aoci,Accumulated Other Comprehensive Income / (Loss),+,credit,usd,-10828000.0
Microchip Technology Inc,MCHP,5493007PTFULNYZJ1R12,0000827054,2017.0,Q3,,2016-12-31,2017-02-08 13:40:33+00:00,totalequity,totalcommonequity,Total Common Equity,+,credit,usd,2566898000.0
Microchip Technology Inc,MCHP,5493007PTFULNYZJ1R12,0000827054,2017.0,Q3,,2016-12-31,2017-02-08 13:40:33+00:00,totalequityandnoncontrollinginterests,totalequity,Total Preferred & Common Equity,+,credit,usd,2566898000.0
Microchip Technology Inc,MCHP,5493007PTFULNYZJ1R12,0000827054,2017.0,Q3,,2016-12-31,2017-02-08 13:40:33+00:00,totalliabilitiesandequity,totalequityandnoncontrollinginterests,Total Equity & Noncontrolling Interests,+,credit,usd,2566898000.0
Microchip Technology Inc,MCHP,5493007PTFULNYZJ1R12,0000827054,2017.0,Q3,,2016-12-31,2017-02-08 13:40:33+00:00,,totalliabilitiesandequity,Total Liabilities & Shareholders' Equity,=,credit,usd,7144581000.0
Microchip Technology Inc,MCHP,5493007PTFULNYZJ1R12,0000827054,2018.0,Q1,,2017-06-30,2017-08-04 16:12:34+00:00,totalcurrentassets,cashandequivalents,Cash & Equivalents,+,debit,usd,773036000.0
Microchip Technology Inc,MCHP,5493007PTFULNYZJ1R12,0000827054,2018.0,Q1,,2017-06-30,2017-08-04 16:12:34+00:00,totalcurrentassets,shortterminvestments,Short-Term Investments,+,debit,usd,457210000.0
Microchip Technology Inc,MCHP,5493007PTFULNYZJ1R12,0000827054,2018.0,Q1,,2017-06-30,2017-08-04 16:12:34+00:00,totalcurrentassets,accountsreceivable,Accounts Receivable,+,debit,usd,528954000.0
Microchip Technology Inc,MCHP,5493007PTFULNYZJ1R12,0000827054,2018.0,Q1,,2017-06-30,2017-08-04 16:12:34+00:00,totalcurrentassets,netinventory,"Inventories, net",+,debit,usd,426843000.0
Microchip Technology Inc,MCHP,5493007PTFULNYZJ1R12,0000827054,2018.0,Q1,,2017-06-30,2017-08-04 16:12:34+00:00,totalcurrentassets,prepaidexpenses,Prepaid Expenses,+,debit,usd,43778000.0
Microchip Technology Inc,MCHP,5493007PTFULNYZJ1R12,0000827054,2018.0,Q1,,2017-06-30,2017-08-04 16:12:34+00:00,totalcurrentassets,othercurrentassets,Other Current Assets,+,debit,usd,68941000.0
Microchip Technology Inc,MCHP,5493007PTFULNYZJ1R12,0000827054,2018.0,Q1,,2017-06-30,2017-08-04 16:12:34+00:00,totalassets,totalcurrentassets,Total Current Assets,+,debit,usd,2298762000.0
Microchip Technology Inc,MCHP,5493007PTFULNYZJ1R12,0000827054,2018.0,Q1,,2017-06-30,2017-08-04 16:12:34+00:00,totalassets,netppe,"Plant, Property, & Equipment, net",+,debit,usd,693995000.0
Microchip Technology Inc,MCHP,5493007PTFULNYZJ1R12,0000827054,2018.0,Q1,,2017-06-30,2017-08-04 16:12:34+00:00,totalnoncurrentassets,longterminvestments,Long-Term Investments,+,debit,usd,420500000.0
Microchip Technology Inc,MCHP,5493007PTFULNYZJ1R12,0000827054,2018.0,Q1,,2017-06-30,2017-08-04 16:12:34+00:00,totalnoncurrentassets,goodwill,Goodwill,+,debit,usd,2299009000.0
Microchip Technology Inc,MCHP,5493007PTFULNYZJ1R12,0000827054,2018.0,Q1,,2017-06-30,2017-08-04 16:12:34+00:00,totalnoncurrentassets,intangibleassets,Intangible Assets,+,debit,usd,2026575000.0
Microchip Technology Inc,MCHP,5493007PTFULNYZJ1R12,0000827054,2018.0,Q1,,2017-06-30,2017-08-04 16:12:34+00:00,totalnoncurrentassets,noncurrentdeferredtaxassets,Noncurrent Deferred & Refundable Income Taxes,+,debit,usd,74065000.0
Microchip Technology Inc,MCHP,5493007PTFULNYZJ1R12,0000827054,2018.0,Q1,,2017-06-30,2017-08-04 16:12:34+00:00,totalnoncurrentassets,othernoncurrentassets,Other Noncurrent Operating Assets,+,debit,usd,75027000.0
Microchip Technology Inc,MCHP,5493007PTFULNYZJ1R12,0000827054,2018.0,Q1,,2017-06-30,2017-08-04 16:12:34+00:00,totalassets,totalnoncurrentassets,Total Noncurrent Assets,+,debit,usd,4895176000.0
Microchip Technology Inc,MCHP,5493007PTFULNYZJ1R12,0000827054,2018.0,Q1,,2017-06-30,2017-08-04 16:12:34+00:00,,totalassets,Total Assets,=,debit,usd,7887891000.0
Microchip Technology Inc,MCHP,5493007PTFULNYZJ1R12,0000827054,2018.0,Q1,,2017-06-30,2017-08-04 16:12:34+00:00,totalcurrentliabilities,shorttermdebt,Short-Term Debt,+,credit,usd,11300000.0
Microchip Technology Inc,MCHP,5493007PTFULNYZJ1R12,0000827054,2018.0,Q1,,2017-06-30,2017-08-04 16:12:34+00:00,totalcurrentliabilities,accountspayable,Accounts Payable,+,credit,usd,171857000.0
Microchip Technology Inc,MCHP,5493007PTFULNYZJ1R12,0000827054,2018.0,Q1,,2017-06-30,2017-08-04 16:12:34+00:00,totalcurrentliabilities,accruedexpenses,Accrued Expenses,+,credit,usd,244533000.0
Microchip Technology Inc,MCHP,5493007PTFULNYZJ1R12,0000827054,2018.0,Q1,,2017-06-30,2017-08-04 16:12:34+00:00,totalcurrentliabilities,othercurrentliabilities,Other Current Liabilities,+,credit,usd,308797000.0
Microchip Technology Inc,MCHP,5493007PTFULNYZJ1R12,0000827054,2018.0,Q1,,2017-06-30,2017-08-04 16:12:34+00:00,totalliabilities,totalcurrentliabilities,Total Current Liabilities,+,credit,usd,736443000.0
Microchip Technology Inc,MCHP,5493007PTFULNYZJ1R12,0000827054,2018.0,Q1,,2017-06-30,2017-08-04 16:12:34+00:00,totalnoncurrentliabilities,longtermdebt,Long-Term Debt,+,credit,usd,2983900000.0
Microchip Technology Inc,MCHP,5493007PTFULNYZJ1R12,0000827054,2018.0,Q1,,2017-06-30,2017-08-04 16:12:34+00:00,totalnoncurrentliabilities,noncurrentdeferredrevenue,Noncurrent Deferred Revenue,+,credit,usd,187255000.0
Microchip Technology Inc,MCHP,5493007PTFULNYZJ1R12,0000827054,2018.0,Q1,,2017-06-30,2017-08-04 16:12:34+00:00,totalnoncurrentliabilities,noncurrentdeferredtaxliabilities,Noncurrent Deferred & Payable Income Tax Liabilities,+,credit,usd,347216000.0
Microchip Technology Inc,MCHP,5493007PTFULNYZJ1R12,0000827054,2018.0,Q1,,2017-06-30,2017-08-04 16:12:34+00:00,totalnoncurrentliabilities,othernoncurrentliabilities,Other Noncurrent Operating Liabilities,+,credit,usd,220515000.0
Microchip Technology Inc,MCHP,5493007PTFULNYZJ1R12,0000827054,2018.0,Q1,,2017-06-30,2017-08-04 16:12:34+00:00,totalliabilities,totalnoncurrentliabilities,Total Noncurrent Liabilities,+,credit,usd,3738886000.0
Microchip Technology Inc,MCHP,5493007PTFULNYZJ1R12,0000827054,2018.0,Q1,,2017-06-30,2017-08-04 16:12:34+00:00,totalliabilitiesandequity,totalliabilities,Total Liabilities,+,credit,usd,4475329000.0
Microchip Technology Inc,MCHP,5493007PTFULNYZJ1R12,0000827054,2018.0,Q1,,2017-06-30,2017-08-04 16:12:34+00:00,totalequity,totalpreferredequity,Preferred Stock,+,credit,usd,0.0
Microchip Technology Inc,MCHP,5493007PTFULNYZJ1R12,0000827054,2018.0,Q1,,2017-06-30,2017-08-04 16:12:34+00:00,totalcommonequity,commonequity,Common Stock,+,credit,usd,2583808000.0
Microchip Technology Inc,MCHP,5493007PTFULNYZJ1R12,0000827054,2018.0,Q1,,2017-06-30,2017-08-04 16:12:34+00:00,totalcommonequity,retainedearnings,Retained Earnings,+,credit,usd,1567059000.0
Microchip Technology Inc,MCHP,5493007PTFULNYZJ1R12,0000827054,2018.0,Q1,,2017-06-30,2017-08-04 16:12:34+00:00,totalcommonequity,treasurystock,Treasury Stock,+,credit,usd,-719180000.0
Microchip Technology Inc,MCHP,5493007PTFULNYZJ1R12,0000827054,2018.0,Q1,,2017-06-30,2017-08-04 16:12:34+00:00,totalcommonequity,aoci,Accumulated Other Comprehensive Income / (Loss),+,credit,usd,-19133000.0
Microchip Technology Inc,MCHP,5493007PTFULNYZJ1R12,0000827054,2018.0,Q1,,2017-06-30,2017-08-04 16:12:34+00:00,totalequity,totalcommonequity,Total Common Equity,+,credit,usd,3412554000.0
Microchip Technology Inc,MCHP,5493007PTFULNYZJ1R12,0000827054,2018.0,Q1,,2017-06-30,2017-08-04 16:12:34+00:00,totalequityandnoncontrollinginterests,totalequity,Total Preferred & Common Equity,+,credit,usd,3412554000.0
Microchip Technology Inc,MCHP,5493007PTFULNYZJ1R12,0000827054,2018.0,Q1,,2017-06-30,2017-08-04 16:12:34+00:00,totalliabilitiesandequity,totalequityandnoncontrollinginterests,Total Equity & Noncontrolling Interests,+,credit,usd,3412554000.0
Microchip Technology Inc,MCHP,5493007PTFULNYZJ1R12,0000827054,2018.0,Q1,,2017-06-30,2017-08-04 16:12:34+00:00,,totalliabilitiesandequity,Total Liabilities & Shareholders' Equity,=,credit,usd,7887891000.0
Microchip Technology Inc,MCHP,5493007PTFULNYZJ1R12,0000827054,2018.0,Q2,,2017-09-30,2017-11-07 16:58:26+00:00,totalcurrentassets,cashandequivalents,Cash & Equivalents,+,debit,usd,826407000.0
Microchip Technology Inc,MCHP,5493007PTFULNYZJ1R12,0000827054,2018.0,Q2,,2017-09-30,2017-11-07 16:58:26+00:00,totalcurrentassets,shortterminvestments,Short-Term Investments,+,debit,usd,488197000.0
Microchip Technology Inc,MCHP,5493007PTFULNYZJ1R12,0000827054,2018.0,Q2,,2017-09-30,2017-11-07 16:58:26+00:00,totalcurrentassets,accountsreceivable,Accounts Receivable,+,debit,usd,545416000.0
Microchip Technology Inc,MCHP,5493007PTFULNYZJ1R12,0000827054,2018.0,Q2,,2017-09-30,2017-11-07 16:58:26+00:00,totalcurrentassets,netinventory,"Inventories, net",+,debit,usd,456939000.0
Microchip Technology Inc,MCHP,5493007PTFULNYZJ1R12,0000827054,2018.0,Q2,,2017-09-30,2017-11-07 16:58:26+00:00,totalcurrentassets,prepaidexpenses,Prepaid Expenses,+,debit,usd,44404000.0
Microchip Technology Inc,MCHP,5493007PTFULNYZJ1R12,0000827054,2018.0,Q2,,2017-09-30,2017-11-07 16:58:26+00:00,totalcurrentassets,othercurrentassets,Other Current Assets,+,debit,usd,82059000.0
Microchip Technology Inc,MCHP,5493007PTFULNYZJ1R12,0000827054,2018.0,Q2,,2017-09-30,2017-11-07 16:58:26+00:00,totalassets,totalcurrentassets,Total Current Assets,+,debit,usd,2443422000.0
Microchip Technology Inc,MCHP,5493007PTFULNYZJ1R12,0000827054,2018.0,Q2,,2017-09-30,2017-11-07 16:58:26+00:00,totalassets,netppe,"Plant, Property, & Equipment, net",+,debit,usd,722780000.0
Microchip Technology Inc,MCHP,5493007PTFULNYZJ1R12,0000827054,2018.0,Q2,,2017-09-30,2017-11-07 16:58:26+00:00,totalnoncurrentassets,longterminvestments,Long-Term Investments,+,debit,usd,529249000.0
Microchip Technology Inc,MCHP,5493007PTFULNYZJ1R12,0000827054,2018.0,Q2,,2017-09-30,2017-11-07 16:58:26+00:00,totalnoncurrentassets,goodwill,Goodwill,+,debit,usd,2299009000.0
Microchip Technology Inc,MCHP,5493007PTFULNYZJ1R12,0000827054,2018.0,Q2,,2017-09-30,2017-11-07 16:58:26+00:00,totalnoncurrentassets,intangibleassets,Intangible Assets,+,debit,usd,1905730000.0
Microchip Technology Inc,MCHP,5493007PTFULNYZJ1R12,0000827054,2018.0,Q2,,2017-09-30,2017-11-07 16:58:26+00:00,totalnoncurrentassets,noncurrentdeferredtaxassets,Noncurrent Deferred & Refundable Income Taxes,+,debit,usd,81370000.0
Microchip Technology Inc,MCHP,5493007PTFULNYZJ1R12,0000827054,2018.0,Q2,,2017-09-30,2017-11-07 16:58:26+00:00,totalnoncurrentassets,othernoncurrentassets,Other Noncurrent Operating Assets,+,debit,usd,73638000.0
Microchip Technology Inc,MCHP,5493007PTFULNYZJ1R12,0000827054,2018.0,Q2,,2017-09-30,2017-11-07 16:58:26+00:00,totalassets,totalnoncurrentassets,Total Noncurrent Assets,+,debit,usd,4888996000.0
Microchip Technology Inc,MCHP,5493007PTFULNYZJ1R12,0000827054,2018.0,Q2,,2017-09-30,2017-11-07 16:58:26+00:00,,totalassets,Total Assets,=,debit,usd,8055198000.0
Microchip Technology Inc,MCHP,5493007PTFULNYZJ1R12,0000827054,2018.0,Q2,,2017-09-30,2017-11-07 16:58:26+00:00,totalcurrentliabilities,shorttermdebt,Short-Term Debt,+,credit,usd,6000000.0
Microchip Technology Inc,MCHP,5493007PTFULNYZJ1R12,0000827054,2018.0,Q2,,2017-09-30,2017-11-07 16:58:26+00:00,totalcurrentliabilities,accountspayable,Accounts Payable,+,credit,usd,182599000.0
Microchip Technology Inc,MCHP,5493007PTFULNYZJ1R12,0000827054,2018.0,Q2,,2017-09-30,2017-11-07 16:58:26+00:00,totalcurrentliabilities,accruedexpenses,Accrued Expenses,+,credit,usd,221244000.0
Microchip Technology Inc,MCHP,5493007PTFULNYZJ1R12,0000827054,2018.0,Q2,,2017-09-30,2017-11-07 16:58:26+00:00,totalcurrentliabilities,othercurrentliabilities,Other Current Liabilities,+,credit,usd,324363000.0
Microchip Technology Inc,MCHP,5493007PTFULNYZJ1R12,0000827054,2018.0,Q2,,2017-09-30,2017-11-07 16:58:26+00:00,totalliabilities,totalcurrentliabilities,Total Current Liabilities,+,credit,usd,734186000.0
Microchip Technology Inc,MCHP,5493007PTFULNYZJ1R12,0000827054,2018.0,Q2,,2017-09-30,2017-11-07 16:58:26+00:00,totalnoncurrentliabilities,longtermdebt,Long-Term Debt,+,credit,usd,3011900000.0
Microchip Technology Inc,MCHP,5493007PTFULNYZJ1R12,0000827054,2018.0,Q2,,2017-09-30,2017-11-07 16:58:26+00:00,totalnoncurrentliabilities,noncurrentdeferredrevenue,Noncurrent Deferred Revenue,+,credit,usd,194342000.0
Microchip Technology Inc,MCHP,5493007PTFULNYZJ1R12,0000827054,2018.0,Q2,,2017-09-30,2017-11-07 16:58:26+00:00,totalnoncurrentliabilities,noncurrentdeferredtaxliabilities,Noncurrent Deferred & Payable Income Tax Liabilities,+,credit,usd,328235000.0
Microchip Technology Inc,MCHP,5493007PTFULNYZJ1R12,0000827054,2018.0,Q2,,2017-09-30,2017-11-07 16:58:26+00:00,totalnoncurrentliabilities,othernoncurrentliabilities,Other Noncurrent Operating Liabilities,+,credit,usd,240459000.0
Microchip Technology Inc,MCHP,5493007PTFULNYZJ1R12,0000827054,2018.0,Q2,,2017-09-30,2017-11-07 16:58:26+00:00,totalliabilities,totalnoncurrentliabilities,Total Noncurrent Liabilities,+,credit,usd,3774936000.0
Microchip Technology Inc,MCHP,5493007PTFULNYZJ1R12,0000827054,2018.0,Q2,,2017-09-30,2017-11-07 16:58:26+00:00,totalliabilitiesandequity,totalliabilities,Total Liabilities,+,credit,usd,4509122000.0
Microchip Technology Inc,MCHP,5493007PTFULNYZJ1R12,0000827054,2018.0,Q2,,2017-09-30,2017-11-07 16:58:26+00:00,totalequity,totalpreferredequity,Preferred Stock,+,credit,usd,0.0
Microchip Technology Inc,MCHP,5493007PTFULNYZJ1R12,0000827054,2018.0,Q2,,2017-09-30,2017-11-07 16:58:26+00:00,totalcommonequity,commonequity,Common Stock,+,credit,usd,2590319000.0
Microchip Technology Inc,MCHP,5493007PTFULNYZJ1R12,0000827054,2018.0,Q2,,2017-09-30,2017-11-07 16:58:26+00:00,totalcommonequity,retainedearnings,Retained Earnings,+,credit,usd,1671695000.0
Microchip Technology Inc,MCHP,5493007PTFULNYZJ1R12,0000827054,2018.0,Q2,,2017-09-30,2017-11-07 16:58:26+00:00,totalcommonequity,treasurystock,Treasury Stock,+,credit,usd,-698078000.0
Microchip Technology Inc,MCHP,5493007PTFULNYZJ1R12,0000827054,2018.0,Q2,,2017-09-30,2017-11-07 16:58:26+00:00,totalcommonequity,aoci,Accumulated Other Comprehensive Income / (Loss),+,credit,usd,-17812000.0
Microchip Technology Inc,MCHP,5493007PTFULNYZJ1R12,0000827054,2018.0,Q2,,2017-09-30,2017-11-07 16:58:26+00:00,totalequity,totalcommonequity,Total Common Equity,+,credit,usd,3546124000.0
Microchip Technology Inc,MCHP,5493007PTFULNYZJ1R12,0000827054,2018.0,Q2,,2017-09-30,2017-11-07 16:58:26+00:00,totalequityandnoncontrollinginterests,totalequity,Total Preferred & Common Equity,+,credit,usd,3546124000.0
Microchip Technology Inc,MCHP,5493007PTFULNYZJ1R12,0000827054,2018.0,Q2,,2017-09-30,2017-11-07 16:58:26+00:00,totalliabilitiesandequity,totalequityandnoncontrollinginterests,Total Equity & Noncontrolling Interests,+,credit,usd,3546124000.0
Microchip Technology Inc,MCHP,5493007PTFULNYZJ1R12,0000827054,2018.0,Q2,,2017-09-30,2017-11-07 16:58:26+00:00,,totalliabilitiesandequity,Total Liabilities & Shareholders' Equity,=,credit,usd,8055198000.0
Microchip Technology Inc,MCHP,5493007PTFULNYZJ1R12,0000827054,2018.0,Q3,,2017-12-31,2018-02-07 16:06:57+00:00,totalcurrentassets,cashandequivalents,Cash & Equivalents,+,debit,usd,672079000.0
Microchip Technology Inc,MCHP,5493007PTFULNYZJ1R12,0000827054,2018.0,Q3,,2017-12-31,2018-02-07 16:06:57+00:00,totalcurrentassets,shortterminvestments,Short-Term Investments,+,debit,usd,427500000.0
Microchip Technology Inc,MCHP,5493007PTFULNYZJ1R12,0000827054,2018.0,Q3,,2017-12-31,2018-02-07 16:06:57+00:00,totalcurrentassets,accountsreceivable,Accounts Receivable,+,debit,usd,553135000.0
Microchip Technology Inc,MCHP,5493007PTFULNYZJ1R12,0000827054,2018.0,Q3,,2017-12-31,2018-02-07 16:06:57+00:00,totalcurrentassets,netinventory,"Inventories, net",+,debit,usd,487065000.0
Microchip Technology Inc,MCHP,5493007PTFULNYZJ1R12,0000827054,2018.0,Q3,,2017-12-31,2018-02-07 16:06:57+00:00,totalcurrentassets,prepaidexpenses,Prepaid Expenses,+,debit,usd,60117000.0
Microchip Technology Inc,MCHP,5493007PTFULNYZJ1R12,0000827054,2018.0,Q3,,2017-12-31,2018-02-07 16:06:57+00:00,totalcurrentassets,othercurrentassets,Other Current Assets,+,debit,usd,53531000.0
Microchip Technology Inc,MCHP,5493007PTFULNYZJ1R12,0000827054,2018.0,Q3,,2017-12-31,2018-02-07 16:06:57+00:00,totalassets,totalcurrentassets,Total Current Assets,+,debit,usd,2253441000.0
Microchip Technology Inc,MCHP,5493007PTFULNYZJ1R12,0000827054,2018.0,Q3,,2017-12-31,2018-02-07 16:06:57+00:00,totalassets,netppe,"Plant, Property, & Equipment, net",+,debit,usd,754780000.0
Microchip Technology Inc,MCHP,5493007PTFULNYZJ1R12,0000827054,2018.0,Q3,,2017-12-31,2018-02-07 16:06:57+00:00,totalnoncurrentassets,longterminvestments,Long-Term Investments,+,debit,usd,885400000.0
Microchip Technology Inc,MCHP,5493007PTFULNYZJ1R12,0000827054,2018.0,Q3,,2017-12-31,2018-02-07 16:06:57+00:00,totalnoncurrentassets,goodwill,Goodwill,+,debit,usd,2299009000.0
Microchip Technology Inc,MCHP,5493007PTFULNYZJ1R12,0000827054,2018.0,Q3,,2017-12-31,2018-02-07 16:06:57+00:00,totalnoncurrentassets,intangibleassets,Intangible Assets,+,debit,usd,1784568000.0
Microchip Technology Inc,MCHP,5493007PTFULNYZJ1R12,0000827054,2018.0,Q3,,2017-12-31,2018-02-07 16:06:57+00:00,totalnoncurrentassets,noncurrentdeferredtaxassets,Noncurrent Deferred & Refundable Income Taxes,+,debit,usd,70793000.0
Microchip Technology Inc,MCHP,5493007PTFULNYZJ1R12,0000827054,2018.0,Q3,,2017-12-31,2018-02-07 16:06:57+00:00,totalnoncurrentassets,othernoncurrentassets,Other Noncurrent Operating Assets,+,debit,usd,75810000.0
Microchip Technology Inc,MCHP,5493007PTFULNYZJ1R12,0000827054,2018.0,Q3,,2017-12-31,2018-02-07 16:06:57+00:00,totalassets,totalnoncurrentassets,Total Noncurrent Assets,+,debit,usd,5115580000.0
Microchip Technology Inc,MCHP,5493007PTFULNYZJ1R12,0000827054,2018.0,Q3,,2017-12-31,2018-02-07 16:06:57+00:00,,totalassets,Total Assets,=,debit,usd,8123793000.0
Microchip Technology Inc,MCHP,5493007PTFULNYZJ1R12,0000827054,2018.0,Q3,,2017-12-31,2018-02-07 16:06:57+00:00,totalcurrentliabilities,shorttermdebt,Short-Term Debt,+,credit,usd,0.0
Microchip Technology Inc,MCHP,5493007PTFULNYZJ1R12,0000827054,2018.0,Q3,,2017-12-31,2018-02-07 16:06:57+00:00,totalcurrentliabilities,accountspayable,Accounts Payable,+,credit,usd,162718000.0
Microchip Technology Inc,MCHP,5493007PTFULNYZJ1R12,0000827054,2018.0,Q3,,2017-12-31,2018-02-07 16:06:57+00:00,totalcurrentliabilities,accruedexpenses,Accrued Expenses,+,credit,usd,258409000.0
Microchip Technology Inc,MCHP,5493007PTFULNYZJ1R12,0000827054,2018.0,Q3,,2017-12-31,2018-02-07 16:06:57+00:00,totalcurrentliabilities,othercurrentliabilities,Other Current Liabilities,+,credit,usd,335705000.0
Microchip Technology Inc,MCHP,5493007PTFULNYZJ1R12,0000827054,2018.0,Q3,,2017-12-31,2018-02-07 16:06:57+00:00,totalliabilities,totalcurrentliabilities,Total Current Liabilities,+,credit,usd,756832000.0
Microchip Technology Inc,MCHP,5493007PTFULNYZJ1R12,0000827054,2018.0,Q3,,2017-12-31,2018-02-07 16:06:57+00:00,totalnoncurrentliabilities,longtermdebt,Long-Term Debt,+,credit,usd,3039623000.0
Microchip Technology Inc,MCHP,5493007PTFULNYZJ1R12,0000827054,2018.0,Q3,,2017-12-31,2018-02-07 16:06:57+00:00,totalnoncurrentliabilities,noncurrentdeferredrevenue,Noncurrent Deferred Revenue,+,credit,usd,694777000.0
Microchip Technology Inc,MCHP,5493007PTFULNYZJ1R12,0000827054,2018.0,Q3,,2017-12-31,2018-02-07 16:06:57+00:00,totalnoncurrentliabilities,noncurrentdeferredtaxliabilities,Noncurrent Deferred & Payable Income Tax Liabilities,+,credit,usd,208823000.0
Microchip Technology Inc,MCHP,5493007PTFULNYZJ1R12,0000827054,2018.0,Q3,,2017-12-31,2018-02-07 16:06:57+00:00,totalnoncurrentliabilities,othernoncurrentliabilities,Other Noncurrent Operating Liabilities,+,credit,usd,238663000.0
Microchip Technology Inc,MCHP,5493007PTFULNYZJ1R12,0000827054,2018.0,Q3,,2017-12-31,2018-02-07 16:06:57+00:00,totalliabilities,totalnoncurrentliabilities,Total Noncurrent Liabilities,+,credit,usd,4181886000.0
Microchip Technology Inc,MCHP,5493007PTFULNYZJ1R12,0000827054,2018.0,Q3,,2017-12-31,2018-02-07 16:06:57+00:00,totalliabilitiesandequity,totalliabilities,Total Liabilities,+,credit,usd,4938718000.0
Microchip Technology Inc,MCHP,5493007PTFULNYZJ1R12,0000827054,2018.0,Q3,,2017-12-31,2018-02-07 16:06:57+00:00,totalequity,totalpreferredequity,Preferred Stock,+,credit,usd,0.0
Microchip Technology Inc,MCHP,5493007PTFULNYZJ1R12,0000827054,2018.0,Q3,,2017-12-31,2018-02-07 16:06:57+00:00,totalcommonequity,commonequity,Common Stock,+,credit,usd,2556508000.0
Microchip Technology Inc,MCHP,5493007PTFULNYZJ1R12,0000827054,2018.0,Q3,,2017-12-31,2018-02-07 16:06:57+00:00,totalcommonequity,retainedearnings,Retained Earnings,+,credit,usd,1335697000.0
Microchip Technology Inc,MCHP,5493007PTFULNYZJ1R12,0000827054,2018.0,Q3,,2017-12-31,2018-02-07 16:06:57+00:00,totalcommonequity,treasurystock,Treasury Stock,+,credit,usd,-684937000.0
Microchip Technology Inc,MCHP,5493007PTFULNYZJ1R12,0000827054,2018.0,Q3,,2017-12-31,2018-02-07 16:06:57+00:00,totalcommonequity,aoci,Accumulated Other Comprehensive Income / (Loss),+,credit,usd,-22193000.0
Microchip Technology Inc,MCHP,5493007PTFULNYZJ1R12,0000827054,2018.0,Q3,,2017-12-31,2018-02-07 16:06:57+00:00,totalequity,totalcommonequity,Total Common Equity,+,credit,usd,3185075000.0
Microchip Technology Inc,MCHP,5493007PTFULNYZJ1R12,0000827054,2018.0,Q3,,2017-12-31,2018-02-07 16:06:57+00:00,totalequityandnoncontrollinginterests,totalequity,Total Preferred & Common Equity,+,credit,usd,3185075000.0
Microchip Technology Inc,MCHP,5493007PTFULNYZJ1R12,0000827054,2018.0,Q3,,2017-12-31,2018-02-07 16:06:57+00:00,totalliabilitiesandequity,totalequityandnoncontrollinginterests,Total Equity & Noncontrolling Interests,+,credit,usd,3185075000.0
Microchip Technology Inc,MCHP,5493007PTFULNYZJ1R12,0000827054,2018.0,Q3,,2017-12-31,2018-02-07 16:06:57+00:00,,totalliabilitiesandequity,Total Liabilities & Shareholders' Equity,=,credit,usd,8123793000.0
Microchip Technology Inc,MCHP,5493007PTFULNYZJ1R12,0000827054,2019.0,Q1,,2018-06-30,2018-08-09 16:22:33+00:00,totalcurrentassets,cashandequivalents,Cash & Equivalents,+,debit,usd,635200000.0
Microchip Technology Inc,MCHP,5493007PTFULNYZJ1R12,0000827054,2019.0,Q1,,2018-06-30,2018-08-09 16:22:33+00:00,totalcurrentassets,shortterminvestments,Short-Term Investments,+,debit,usd,14500000.0
Microchip Technology Inc,MCHP,5493007PTFULNYZJ1R12,0000827054,2019.0,Q1,,2018-06-30,2018-08-09 16:22:33+00:00,totalcurrentassets,accountsreceivable,Accounts Receivable,+,debit,usd,789400000.0
Microchip Technology Inc,MCHP,5493007PTFULNYZJ1R12,0000827054,2019.0,Q1,,2018-06-30,2018-08-09 16:22:33+00:00,totalcurrentassets,netinventory,"Inventories, net",+,debit,usd,1104800000.0
Microchip Technology Inc,MCHP,5493007PTFULNYZJ1R12,0000827054,2019.0,Q1,,2018-06-30,2018-08-09 16:22:33+00:00,totalcurrentassets,othercurrentassets,Other Current Assets,+,debit,usd,274500000.0
Microchip Technology Inc,MCHP,5493007PTFULNYZJ1R12,0000827054,2019.0,Q1,,2018-06-30,2018-08-09 16:22:33+00:00,totalassets,totalcurrentassets,Total Current Assets,+,debit,usd,2818400000.0
Microchip Technology Inc,MCHP,5493007PTFULNYZJ1R12,0000827054,2019.0,Q1,,2018-06-30,2018-08-09 16:22:33+00:00,totalassets,netppe,"Plant, Property, & Equipment, net",+,debit,usd,1078400000.0
Microchip Technology Inc,MCHP,5493007PTFULNYZJ1R12,0000827054,2019.0,Q1,,2018-06-30,2018-08-09 16:22:33+00:00,totalnoncurrentassets,goodwill,Goodwill,+,debit,usd,7273200000.0
Microchip Technology Inc,MCHP,5493007PTFULNYZJ1R12,0000827054,2019.0,Q1,,2018-06-30,2018-08-09 16:22:33+00:00,totalnoncurrentassets,intangibleassets,Intangible Assets,+,debit,usd,6248900000.0
Microchip Technology Inc,MCHP,5493007PTFULNYZJ1R12,0000827054,2019.0,Q1,,2018-06-30,2018-08-09 16:22:33+00:00,totalnoncurrentassets,noncurrentdeferredtaxassets,Noncurrent Deferred & Refundable Income Taxes,+,debit,usd,1675800000.0
Microchip Technology Inc,MCHP,5493007PTFULNYZJ1R12,0000827054,2019.0,Q1,,2018-06-30,2018-08-09 16:22:33+00:00,totalnoncurrentassets,othernoncurrentassets,Other Noncurrent Operating Assets,+,debit,usd,154100000.0
Microchip Technology Inc,MCHP,5493007PTFULNYZJ1R12,0000827054,2019.0,Q1,,2018-06-30,2018-08-09 16:22:33+00:00,totalassets,totalnoncurrentassets,Total Noncurrent Assets,+,debit,usd,15352000000.0
Microchip Technology Inc,MCHP,5493007PTFULNYZJ1R12,0000827054,2019.0,Q1,,2018-06-30,2018-08-09 16:22:33+00:00,,totalassets,Total Assets,=,debit,usd,19248800000.0
Microchip Technology Inc,MCHP,5493007PTFULNYZJ1R12,0000827054,2019.0,Q1,,2018-06-30,2018-08-09 16:22:33+00:00,totalcurrentliabilities,shorttermdebt,Short-Term Debt,+,credit,usd,1329800000.0
Microchip Technology Inc,MCHP,5493007PTFULNYZJ1R12,0000827054,2019.0,Q1,,2018-06-30,2018-08-09 16:22:33+00:00,totalcurrentliabilities,accountspayable,Accounts Payable,+,credit,usd,318200000.0
Microchip Technology Inc,MCHP,5493007PTFULNYZJ1R12,0000827054,2019.0,Q1,,2018-06-30,2018-08-09 16:22:33+00:00,totalcurrentliabilities,accruedexpenses,Accrued Expenses,+,credit,usd,491300000.0
Microchip Technology Inc,MCHP,5493007PTFULNYZJ1R12,0000827054,2019.0,Q1,,2018-06-30,2018-08-09 16:22:33+00:00,totalcurrentliabilities,othercurrentliabilities,Other Current Liabilities,+,credit,usd,0.0
Microchip Technology Inc,MCHP,5493007PTFULNYZJ1R12,0000827054,2019.0,Q1,,2018-06-30,2018-08-09 16:22:33+00:00,totalliabilities,totalcurrentliabilities,Total Current Liabilities,+,credit,usd,2139300000.0
Microchip Technology Inc,MCHP,5493007PTFULNYZJ1R12,0000827054,2019.0,Q1,,2018-06-30,2018-08-09 16:22:33+00:00,totalnoncurrentliabilities,longtermdebt,Long-Term Debt,+,credit,usd,10019800000.0
Microchip Technology Inc,MCHP,5493007PTFULNYZJ1R12,0000827054,2019.0,Q1,,2018-06-30,2018-08-09 16:22:33+00:00,totalnoncurrentliabilities,noncurrentdeferredrevenue,Noncurrent Deferred Revenue,+,credit,usd,836700000.0
Microchip Technology Inc,MCHP,5493007PTFULNYZJ1R12,0000827054,2019.0,Q1,,2018-06-30,2018-08-09 16:22:33+00:00,totalnoncurrentliabilities,noncurrentdeferredtaxliabilities,Noncurrent Deferred & Payable Income Tax Liabilities,+,credit,usd,854200000.0
Microchip Technology Inc,MCHP,5493007PTFULNYZJ1R12,0000827054,2019.0,Q1,,2018-06-30,2018-08-09 16:22:33+00:00,totalnoncurrentliabilities,othernoncurrentliabilities,Other Noncurrent Operating Liabilities,+,credit,usd,275000000.0
Microchip Technology Inc,MCHP,5493007PTFULNYZJ1R12,0000827054,2019.0,Q1,,2018-06-30,2018-08-09 16:22:33+00:00,totalliabilities,totalnoncurrentliabilities,Total Noncurrent Liabilities,+,credit,usd,11985700000.0
Microchip Technology Inc,MCHP,5493007PTFULNYZJ1R12,0000827054,2019.0,Q1,,2018-06-30,2018-08-09 16:22:33+00:00,totalliabilitiesandequity,totalliabilities,Total Liabilities,+,credit,usd,14125000000.0
Microchip Technology Inc,MCHP,5493007PTFULNYZJ1R12,0000827054,2019.0,Q1,,2018-06-30,2018-08-09 16:22:33+00:00,totalequity,totalpreferredequity,Preferred Stock,+,credit,usd,0.0
Microchip Technology Inc,MCHP,5493007PTFULNYZJ1R12,0000827054,2019.0,Q1,,2018-06-30,2018-08-09 16:22:33+00:00,totalcommonequity,commonequity,Common Stock,+,credit,usd,2637200000.0
Microchip Technology Inc,MCHP,5493007PTFULNYZJ1R12,0000827054,2019.0,Q1,,2018-06-30,2018-08-09 16:22:33+00:00,totalcommonequity,retainedearnings,Retained Earnings,+,credit,usd,3149200000.0
Microchip Technology Inc,MCHP,5493007PTFULNYZJ1R12,0000827054,2019.0,Q1,,2018-06-30,2018-08-09 16:22:33+00:00,totalcommonequity,treasurystock,Treasury Stock,+,credit,usd,-647700000.0
Microchip Technology Inc,MCHP,5493007PTFULNYZJ1R12,0000827054,2019.0,Q1,,2018-06-30,2018-08-09 16:22:33+00:00,totalcommonequity,aoci,Accumulated Other Comprehensive Income / (Loss),+,credit,usd,-14900000.0
Microchip Technology Inc,MCHP,5493007PTFULNYZJ1R12,0000827054,2019.0,Q1,,2018-06-30,2018-08-09 16:22:33+00:00,totalequity,totalcommonequity,Total Common Equity,+,credit,usd,5123800000.0
Microchip Technology Inc,MCHP,5493007PTFULNYZJ1R12,0000827054,2019.0,Q1,,2018-06-30,2018-08-09 16:22:33+00:00,totalequityandnoncontrollinginterests,totalequity,Total Preferred & Common Equity,+,credit,usd,5123800000.0
Microchip Technology Inc,MCHP,5493007PTFULNYZJ1R12,0000827054,2019.0,Q1,,2018-06-30,2018-08-09 16:22:33+00:00,totalliabilitiesandequity,totalequityandnoncontrollinginterests,Total Equity & Noncontrolling Interests,+,credit,usd,5123800000.0
Microchip Technology Inc,MCHP,5493007PTFULNYZJ1R12,0000827054,2019.0,Q1,,2018-06-30,2018-08-09 16:22:33+00:00,,totalliabilitiesandequity,Total Liabilities & Shareholders' Equity,=,credit,usd,19248800000.0
Microchip Technology Inc,MCHP,5493007PTFULNYZJ1R12,0000827054,2019.0,Q2,,2018-09-30,2018-11-07 16:33:53+00:00,totalcurrentassets,cashandequivalents,Cash & Equivalents,+,debit,usd,459700000.0
Microchip Technology Inc,MCHP,5493007PTFULNYZJ1R12,0000827054,2019.0,Q2,,2018-09-30,2018-11-07 16:33:53+00:00,totalcurrentassets,shortterminvestments,Short-Term Investments,+,debit,usd,4500000.0
Microchip Technology Inc,MCHP,5493007PTFULNYZJ1R12,0000827054,2019.0,Q2,,2018-09-30,2018-11-07 16:33:53+00:00,totalcurrentassets,accountsreceivable,Accounts Receivable,+,debit,usd,668800000.0
Microchip Technology Inc,MCHP,5493007PTFULNYZJ1R12,0000827054,2019.0,Q2,,2018-09-30,2018-11-07 16:33:53+00:00,totalcurrentassets,netinventory,"Inventories, net",+,debit,usd,836700000.0
Microchip Technology Inc,MCHP,5493007PTFULNYZJ1R12,0000827054,2019.0,Q2,,2018-09-30,2018-11-07 16:33:53+00:00,totalcurrentassets,othercurrentassets,Other Current Assets,+,debit,usd,206500000.0
Microchip Technology Inc,MCHP,5493007PTFULNYZJ1R12,0000827054,2019.0,Q2,,2018-09-30,2018-11-07 16:33:53+00:00,totalassets,totalcurrentassets,Total Current Assets,+,debit,usd,2176200000.0
Microchip Technology Inc,MCHP,5493007PTFULNYZJ1R12,0000827054,2019.0,Q2,,2018-09-30,2018-11-07 16:33:53+00:00,totalassets,netppe,"Plant, Property, & Equipment, net",+,debit,usd,1051900000.0
Microchip Technology Inc,MCHP,5493007PTFULNYZJ1R12,0000827054,2019.0,Q2,,2018-09-30,2018-11-07 16:33:53+00:00,totalnoncurrentassets,goodwill,Goodwill,+,debit,usd,6787500000.0
Microchip Technology Inc,MCHP,5493007PTFULNYZJ1R12,0000827054,2019.0,Q2,,2018-09-30,2018-11-07 16:33:53+00:00,totalnoncurrentassets,intangibleassets,Intangible Assets,+,debit,usd,6825900000.0
Microchip Technology Inc,MCHP,5493007PTFULNYZJ1R12,0000827054,2019.0,Q2,,2018-09-30,2018-11-07 16:33:53+00:00,totalnoncurrentassets,noncurrentdeferredtaxassets,Noncurrent Deferred & Refundable Income Taxes,+,debit,usd,1715500000.0
Microchip Technology Inc,MCHP,5493007PTFULNYZJ1R12,0000827054,2019.0,Q2,,2018-09-30,2018-11-07 16:33:53+00:00,totalnoncurrentassets,othernoncurrentassets,Other Noncurrent Operating Assets,+,debit,usd,110100000.0
Microchip Technology Inc,MCHP,5493007PTFULNYZJ1R12,0000827054,2019.0,Q2,,2018-09-30,2018-11-07 16:33:53+00:00,totalassets,totalnoncurrentassets,Total Noncurrent Assets,+,debit,usd,15439000000.0
Microchip Technology Inc,MCHP,5493007PTFULNYZJ1R12,0000827054,2019.0,Q2,,2018-09-30,2018-11-07 16:33:53+00:00,,totalassets,Total Assets,=,debit,usd,18667100000.0
Microchip Technology Inc,MCHP,5493007PTFULNYZJ1R12,0000827054,2019.0,Q2,,2018-09-30,2018-11-07 16:33:53+00:00,totalcurrentliabilities,shorttermdebt,Short-Term Debt,+,credit,usd,1335000000.0
Microchip Technology Inc,MCHP,5493007PTFULNYZJ1R12,0000827054,2019.0,Q2,,2018-09-30,2018-11-07 16:33:53+00:00,totalcurrentliabilities,accountspayable,Accounts Payable,+,credit,usd,271200000.0
Microchip Technology Inc,MCHP,5493007PTFULNYZJ1R12,0000827054,2019.0,Q2,,2018-09-30,2018-11-07 16:33:53+00:00,totalcurrentliabilities,accruedexpenses,Accrued Expenses,+,credit,usd,481900000.0
Microchip Technology Inc,MCHP,5493007PTFULNYZJ1R12,0000827054,2019.0,Q2,,2018-09-30,2018-11-07 16:33:53+00:00,totalcurrentliabilities,othercurrentliabilities,Other Current Liabilities,+,credit,usd,0.0
Microchip Technology Inc,MCHP,5493007PTFULNYZJ1R12,0000827054,2019.0,Q2,,2018-09-30,2018-11-07 16:33:53+00:00,totalliabilities,totalcurrentliabilities,Total Current Liabilities,+,credit,usd,2088100000.0
Microchip Technology Inc,MCHP,5493007PTFULNYZJ1R12,0000827054,2019.0,Q2,,2018-09-30,2018-11-07 16:33:53+00:00,totalnoncurrentliabilities,longtermdebt,Long-Term Debt,+,credit,usd,9551100000.0
Microchip Technology Inc,MCHP,5493007PTFULNYZJ1R12,0000827054,2019.0,Q2,,2018-09-30,2018-11-07 16:33:53+00:00,totalnoncurrentliabilities,noncurrentdeferredrevenue,Noncurrent Deferred Revenue,+,credit,usd,777100000.0
Microchip Technology Inc,MCHP,5493007PTFULNYZJ1R12,0000827054,2019.0,Q2,,2018-09-30,2018-11-07 16:33:53+00:00,totalnoncurrentliabilities,noncurrentdeferredtaxliabilities,Noncurrent Deferred & Payable Income Tax Liabilities,+,credit,usd,815400000.0
Microchip Technology Inc,MCHP,5493007PTFULNYZJ1R12,0000827054,2019.0,Q2,,2018-09-30,2018-11-07 16:33:53+00:00,totalnoncurrentliabilities,othernoncurrentliabilities,Other Noncurrent Operating Liabilities,+,credit,usd,265200000.0
Microchip Technology Inc,MCHP,5493007PTFULNYZJ1R12,0000827054,2019.0,Q2,,2018-09-30,2018-11-07 16:33:53+00:00,totalliabilities,totalnoncurrentliabilities,Total Noncurrent Liabilities,+,credit,usd,11408800000.0
Microchip Technology Inc,MCHP,5493007PTFULNYZJ1R12,0000827054,2019.0,Q2,,2018-09-30,2018-11-07 16:33:53+00:00,totalliabilitiesandequity,totalliabilities,Total Liabilities,+,credit,usd,13496900000.0
Microchip Technology Inc,MCHP,5493007PTFULNYZJ1R12,0000827054,2019.0,Q2,,2018-09-30,2018-11-07 16:33:53+00:00,totalequity,totalpreferredequity,Preferred Stock,+,credit,usd,0.0
Microchip Technology Inc,MCHP,5493007PTFULNYZJ1R12,0000827054,2019.0,Q2,,2018-09-30,2018-11-07 16:33:53+00:00,totalcommonequity,commonequity,Common Stock,+,credit,usd,2652700000.0
Microchip Technology Inc,MCHP,5493007PTFULNYZJ1R12,0000827054,2019.0,Q2,,2018-09-30,2018-11-07 16:33:53+00:00,totalcommonequity,retainedearnings,Retained Earnings,+,credit,usd,3159600000.0
Microchip Technology Inc,MCHP,5493007PTFULNYZJ1R12,0000827054,2019.0,Q2,,2018-09-30,2018-11-07 16:33:53+00:00,totalcommonequity,treasurystock,Treasury Stock,+,credit,usd,-625400000.0
Microchip Technology Inc,MCHP,5493007PTFULNYZJ1R12,0000827054,2019.0,Q2,,2018-09-30,2018-11-07 16:33:53+00:00,totalcommonequity,aoci,Accumulated Other Comprehensive Income / (Loss),+,credit,usd,-16700000.0
Microchip Technology Inc,MCHP,5493007PTFULNYZJ1R12,0000827054,2019.0,Q2,,2018-09-30,2018-11-07 16:33:53+00:00,totalequity,totalcommonequity,Total Common Equity,+,credit,usd,5170200000.0
Microchip Technology Inc,MCHP,5493007PTFULNYZJ1R12,0000827054,2019.0,Q2,,2018-09-30,2018-11-07 16:33:53+00:00,totalequityandnoncontrollinginterests,totalequity,Total Preferred & Common Equity,+,credit,usd,5170200000.0
Microchip Technology Inc,MCHP,5493007PTFULNYZJ1R12,0000827054,2019.0,Q2,,2018-09-30,2018-11-07 16:33:53+00:00,totalliabilitiesandequity,totalequityandnoncontrollinginterests,Total Equity & Noncontrolling Interests,+,credit,usd,5170200000.0
Microchip Technology Inc,MCHP,5493007PTFULNYZJ1R12,0000827054,2019.0,Q2,,2018-09-30,2018-11-07 16:33:53+00:00,,totalliabilitiesandequity,Total Liabilities & Shareholders' Equity,=,credit,usd,18667100000.0
Microchip Technology Inc,MCHP,5493007PTFULNYZJ1R12,0000827054,2019.0,Q3,,2018-12-31,2019-02-06 15:08:43+00:00,totalcurrentassets,cashandequivalents,Cash & Equivalents,+,debit,usd,432200000.0
Microchip Technology Inc,MCHP,5493007PTFULNYZJ1R12,0000827054,2019.0,Q3,,2018-12-31,2019-02-06 15:08:43+00:00,totalcurrentassets,shortterminvestments,Short-Term Investments,+,debit,usd,4000000.0
Microchip Technology Inc,MCHP,5493007PTFULNYZJ1R12,0000827054,2019.0,Q3,,2018-12-31,2019-02-06 15:08:43+00:00,totalcurrentassets,accountsreceivable,Accounts Receivable,+,debit,usd,544800000.0
Microchip Technology Inc,MCHP,5493007PTFULNYZJ1R12,0000827054,2019.0,Q3,,2018-12-31,2019-02-06 15:08:43+00:00,totalcurrentassets,netinventory,"Inventories, net",+,debit,usd,702500000.0
Microchip Technology Inc,MCHP,5493007PTFULNYZJ1R12,0000827054,2019.0,Q3,,2018-12-31,2019-02-06 15:08:43+00:00,totalcurrentassets,othercurrentassets,Other Current Assets,+,debit,usd,194100000.0
Microchip Technology Inc,MCHP,5493007PTFULNYZJ1R12,0000827054,2019.0,Q3,,2018-12-31,2019-02-06 15:08:43+00:00,totalassets,totalcurrentassets,Total Current Assets,+,debit,usd,1877600000.0
Microchip Technology Inc,MCHP,5493007PTFULNYZJ1R12,0000827054,2019.0,Q3,,2018-12-31,2019-02-06 15:08:43+00:00,totalassets,netppe,"Plant, Property, & Equipment, net",+,debit,usd,1039700000.0
Microchip Technology Inc,MCHP,5493007PTFULNYZJ1R12,0000827054,2019.0,Q3,,2018-12-31,2019-02-06 15:08:43+00:00,totalnoncurrentassets,goodwill,Goodwill,+,debit,usd,6782000000.0
Microchip Technology Inc,MCHP,5493007PTFULNYZJ1R12,0000827054,2019.0,Q3,,2018-12-31,2019-02-06 15:08:43+00:00,totalnoncurrentassets,intangibleassets,Intangible Assets,+,debit,usd,6632900000.0
Microchip Technology Inc,MCHP,5493007PTFULNYZJ1R12,0000827054,2019.0,Q3,,2018-12-31,2019-02-06 15:08:43+00:00,totalnoncurrentassets,noncurrentdeferredtaxassets,Noncurrent Deferred & Refundable Income Taxes,+,debit,usd,1717100000.0
Microchip Technology Inc,MCHP,5493007PTFULNYZJ1R12,0000827054,2019.0,Q3,,2018-12-31,2019-02-06 15:08:43+00:00,totalnoncurrentassets,othernoncurrentassets,Other Noncurrent Operating Assets,+,debit,usd,106400000.0
Microchip Technology Inc,MCHP,5493007PTFULNYZJ1R12,0000827054,2019.0,Q3,,2018-12-31,2019-02-06 15:08:43+00:00,totalassets,totalnoncurrentassets,Total Noncurrent Assets,+,debit,usd,15238400000.0
Microchip Technology Inc,MCHP,5493007PTFULNYZJ1R12,0000827054,2019.0,Q3,,2018-12-31,2019-02-06 15:08:43+00:00,,totalassets,Total Assets,=,debit,usd,18155700000.0
Microchip Technology Inc,MCHP,5493007PTFULNYZJ1R12,0000827054,2019.0,Q3,,2018-12-31,2019-02-06 15:08:43+00:00,totalcurrentliabilities,shorttermdebt,Short-Term Debt,+,credit,usd,0.0
Microchip Technology Inc,MCHP,5493007PTFULNYZJ1R12,0000827054,2019.0,Q3,,2018-12-31,2019-02-06 15:08:43+00:00,totalcurrentliabilities,accountspayable,Accounts Payable,+,credit,usd,236000000.0
Microchip Technology Inc,MCHP,5493007PTFULNYZJ1R12,0000827054,2019.0,Q3,,2018-12-31,2019-02-06 15:08:43+00:00,totalcurrentliabilities,accruedexpenses,Accrued Expenses,+,credit,usd,407700000.0
Microchip Technology Inc,MCHP,5493007PTFULNYZJ1R12,0000827054,2019.0,Q3,,2018-12-31,2019-02-06 15:08:43+00:00,totalcurrentliabilities,othercurrentliabilities,Other Current Liabilities,+,credit,usd,0.0
Microchip Technology Inc,MCHP,5493007PTFULNYZJ1R12,0000827054,2019.0,Q3,,2018-12-31,2019-02-06 15:08:43+00:00,totalliabilities,totalcurrentliabilities,Total Current Liabilities,+,credit,usd,643700000.0
Microchip Technology Inc,MCHP,5493007PTFULNYZJ1R12,0000827054,2019.0,Q3,,2018-12-31,2019-02-06 15:08:43+00:00,totalnoncurrentliabilities,longtermdebt,Long-Term Debt,+,credit,usd,10542300000.0
Microchip Technology Inc,MCHP,5493007PTFULNYZJ1R12,0000827054,2019.0,Q3,,2018-12-31,2019-02-06 15:08:43+00:00,totalnoncurrentliabilities,noncurrentdeferredrevenue,Noncurrent Deferred Revenue,+,credit,usd,720700000.0
Microchip Technology Inc,MCHP,5493007PTFULNYZJ1R12,0000827054,2019.0,Q3,,2018-12-31,2019-02-06 15:08:43+00:00,totalnoncurrentliabilities,noncurrentdeferredtaxliabilities,Noncurrent Deferred & Payable Income Tax Liabilities,+,credit,usd,830500000.0
Microchip Technology Inc,MCHP,5493007PTFULNYZJ1R12,0000827054,2019.0,Q3,,2018-12-31,2019-02-06 15:08:43+00:00,totalnoncurrentliabilities,othernoncurrentliabilities,Other Noncurrent Operating Liabilities,+,credit,usd,257400000.0
Microchip Technology Inc,MCHP,5493007PTFULNYZJ1R12,0000827054,2019.0,Q3,,2018-12-31,2019-02-06 15:08:43+00:00,totalliabilities,totalnoncurrentliabilities,Total Noncurrent Liabilities,+,credit,usd,12350900000.0
Microchip Technology Inc,MCHP,5493007PTFULNYZJ1R12,0000827054,2019.0,Q3,,2018-12-31,2019-02-06 15:08:43+00:00,totalliabilitiesandequity,totalliabilities,Total Liabilities,+,credit,usd,12994600000.0
Microchip Technology Inc,MCHP,5493007PTFULNYZJ1R12,0000827054,2019.0,Q3,,2018-12-31,2019-02-06 15:08:43+00:00,totalequity,totalpreferredequity,Preferred Stock,+,credit,usd,0.0
Microchip Technology Inc,MCHP,5493007PTFULNYZJ1R12,0000827054,2019.0,Q3,,2018-12-31,2019-02-06 15:08:43+00:00,totalcommonequity,commonequity,Common Stock,+,credit,usd,2657500000.0
Microchip Technology Inc,MCHP,5493007PTFULNYZJ1R12,0000827054,2019.0,Q3,,2018-12-31,2019-02-06 15:08:43+00:00,totalcommonequity,retainedearnings,Retained Earnings,+,credit,usd,3122400000.0
Microchip Technology Inc,MCHP,5493007PTFULNYZJ1R12,0000827054,2019.0,Q3,,2018-12-31,2019-02-06 15:08:43+00:00,totalcommonequity,treasurystock,Treasury Stock,+,credit,usd,-601800000.0
Microchip Technology Inc,MCHP,5493007PTFULNYZJ1R12,0000827054,2019.0,Q3,,2018-12-31,2019-02-06 15:08:43+00:00,totalcommonequity,aoci,Accumulated Other Comprehensive Income / (Loss),+,credit,usd,-17000000.0
Microchip Technology Inc,MCHP,5493007PTFULNYZJ1R12,0000827054,2019.0,Q3,,2018-12-31,2019-02-06 15:08:43+00:00,totalequity,totalcommonequity,Total Common Equity,+,credit,usd,5161100000.0
Microchip Technology Inc,MCHP,5493007PTFULNYZJ1R12,0000827054,2019.0,Q3,,2018-12-31,2019-02-06 15:08:43+00:00,totalequityandnoncontrollinginterests,totalequity,Total Preferred & Common Equity,+,credit,usd,5161100000.0
Microchip Technology Inc,MCHP,5493007PTFULNYZJ1R12,0000827054,2019.0,Q3,,2018-12-31,2019-02-06 15:08:43+00:00,totalliabilitiesandequity,totalequityandnoncontrollinginterests,Total Equity & Noncontrolling Interests,+,credit,usd,5161100000.0
Microchip Technology Inc,MCHP,5493007PTFULNYZJ1R12,0000827054,2019.0,Q3,,2018-12-31,2019-02-06 15:08:43+00:00,,totalliabilitiesandequity,Total Liabilities & Shareholders' Equity,=,credit,usd,18155700000.0
