company_name,company_ticker,company_lei,company_cik,year,quarter,start_date,end_date,filing_date,parent,tag,financial_name,factor,balance,unit,value
RetailMeNot Inc,SALE,549300YJPFMS88VU1P70,0001475274,2012.0,Q2,2012-04-01,2012-06-30,2013-09-19 06:01:59+00:00,totalrevenue,operatingrevenue,Operating Revenue,+,credit,usd,30088000.0
RetailMeNot Inc,SALE,549300YJPFMS88VU1P70,0001475274,2012.0,Q2,2012-04-01,2012-06-30,2013-09-19 06:01:59+00:00,totalgrossprofit,totalrevenue,Total Revenue,+,credit,usd,30088000.0
RetailMeNot Inc,SALE,549300YJPFMS88VU1P70,0001475274,2012.0,Q2,2012-04-01,2012-06-30,2013-09-19 06:01:59+00:00,totalcostofrevenue,operatingcostofrevenue,Operating Cost of Revenue,+,debit,usd,2270000.0
RetailMeNot Inc,SALE,549300YJPFMS88VU1P70,0001475274,2012.0,Q2,2012-04-01,2012-06-30,2013-09-19 06:01:59+00:00,totalgrossprofit,totalcostofrevenue,Total Cost of Revenue,-,debit,usd,2270000.0
RetailMeNot Inc,SALE,549300YJPFMS88VU1P70,0001475274,2012.0,Q2,2012-04-01,2012-06-30,2013-09-19 06:01:59+00:00,totaloperatingincome,totalgrossprofit,Total Gross Profit,+,credit,usd,27818000.0
RetailMeNot Inc,SALE,549300YJPFMS88VU1P70,0001475274,2012.0,Q2,2012-04-01,2012-06-30,2013-09-19 06:01:59+00:00,totaloperatingexpenses,sgaexpense,"Selling, General & Admin Expense",+,debit,usd,3763000.0
RetailMeNot Inc,SALE,549300YJPFMS88VU1P70,0001475274,2012.0,Q2,2012-04-01,2012-06-30,2013-09-19 06:01:59+00:00,totaloperatingexpenses,marketingexpense,Marketing Expense,+,debit,usd,7136000.0
RetailMeNot Inc,SALE,549300YJPFMS88VU1P70,0001475274,2012.0,Q2,2012-04-01,2012-06-30,2013-09-19 06:01:59+00:00,totaloperatingexpenses,rdexpense,Research & Development Expense,+,debit,usd,3093000.0
RetailMeNot Inc,SALE,549300YJPFMS88VU1P70,0001475274,2012.0,Q2,2012-04-01,2012-06-30,2013-09-19 06:01:59+00:00,totaloperatingexpenses,amortizationexpense,Amortization Expense,+,debit,usd,3608000.0
RetailMeNot Inc,SALE,549300YJPFMS88VU1P70,0001475274,2012.0,Q2,2012-04-01,2012-06-30,2013-09-19 06:01:59+00:00,totaloperatingexpenses,otheroperatingexpenses,Other Operating Expenses / (Income),+,debit,usd,233000.0
RetailMeNot Inc,SALE,549300YJPFMS88VU1P70,0001475274,2012.0,Q2,2012-04-01,2012-06-30,2013-09-19 06:01:59+00:00,totaloperatingincome,totaloperatingexpenses,Total Operating Expenses,-,debit,usd,17833000.0
RetailMeNot Inc,SALE,549300YJPFMS88VU1P70,0001475274,2012.0,Q2,2012-04-01,2012-06-30,2013-09-19 06:01:59+00:00,totalpretaxincome,totaloperatingincome,Total Operating Income,+,credit,usd,9985000.0
RetailMeNot Inc,SALE,549300YJPFMS88VU1P70,0001475274,2012.0,Q2,2012-04-01,2012-06-30,2013-09-19 06:01:59+00:00,totalotherincome,totalinterestexpense,Interest Expense,-,debit,usd,774000.0
RetailMeNot Inc,SALE,549300YJPFMS88VU1P70,0001475274,2012.0,Q2,2012-04-01,2012-06-30,2013-09-19 06:01:59+00:00,totalotherincome,otherincome,"Other Income / (Expense), net",+,credit,usd,25000.0
RetailMeNot Inc,SALE,549300YJPFMS88VU1P70,0001475274,2012.0,Q2,2012-04-01,2012-06-30,2013-09-19 06:01:59+00:00,totalpretaxincome,totalotherincome,"Total Other Income / (Expense), net",+,credit,usd,-749000.0
RetailMeNot Inc,SALE,549300YJPFMS88VU1P70,0001475274,2012.0,Q2,2012-04-01,2012-06-30,2013-09-19 06:01:59+00:00,netincomecontinuing,totalpretaxincome,Total Pre-Tax Income ,+,credit,usd,9236000.0
RetailMeNot Inc,SALE,549300YJPFMS88VU1P70,0001475274,2012.0,Q2,2012-04-01,2012-06-30,2013-09-19 06:01:59+00:00,netincomecontinuing,incometaxexpense,Income Tax Expense,-,debit,usd,3795000.0
RetailMeNot Inc,SALE,549300YJPFMS88VU1P70,0001475274,2012.0,Q2,2012-04-01,2012-06-30,2013-09-19 06:01:59+00:00,netincome,netincomecontinuing,Net Income / (Loss) Continuing Operations,+,credit,usd,5441000.0
RetailMeNot Inc,SALE,549300YJPFMS88VU1P70,0001475274,2012.0,Q2,2012-04-01,2012-06-30,2013-09-19 06:01:59+00:00,netincometocommon,netincome,Consolidated Net Income / (Loss),+,credit,usd,5441000.0
RetailMeNot Inc,SALE,549300YJPFMS88VU1P70,0001475274,2012.0,Q2,2012-04-01,2012-06-30,2013-09-19 06:01:59+00:00,netincometocommon,preferreddividends,Preferred Stock Dividends Declared,-,debit,usd,6108000.0
RetailMeNot Inc,SALE,549300YJPFMS88VU1P70,0001475274,2012.0,Q2,2012-04-01,2012-06-30,2013-09-19 06:01:59+00:00,netincometocommon,netincometononcontrollinginterest,Net Income / (Loss) Attributable to Noncontrolling Interest,-,debit,usd,0.0
RetailMeNot Inc,SALE,549300YJPFMS88VU1P70,0001475274,2012.0,Q2,2012-04-01,2012-06-30,2013-09-19 06:01:59+00:00,,netincometocommon,Net Income / (Loss) Attributable to Common Shareholders,=,credit,usd,-667000.0
RetailMeNot Inc,SALE,549300YJPFMS88VU1P70,0001475274,2012.0,Q2,2012-04-01,2012-06-30,2013-09-19 06:01:59+00:00,basiceps,weightedavebasicsharesos,Weighted Average Basic Shares Outstanding,/,,shares,800000.0
RetailMeNot Inc,SALE,549300YJPFMS88VU1P70,0001475274,2012.0,Q2,2012-04-01,2012-06-30,2013-09-19 06:01:59+00:00,,basiceps,Basic Earnings per Share,=,,usdpershare,-0.81
RetailMeNot Inc,SALE,549300YJPFMS88VU1P70,0001475274,2012.0,Q2,2012-04-01,2012-06-30,2013-09-19 06:01:59+00:00,dilutedeps,weightedavedilutedsharesos,Weighted Average Diluted Shares Outstanding,/,,shares,800000.0
RetailMeNot Inc,SALE,549300YJPFMS88VU1P70,0001475274,2012.0,Q2,2012-04-01,2012-06-30,2013-09-19 06:01:59+00:00,,dilutedeps,Diluted Earnings per Share,=,,usdpershare,-0.81
RetailMeNot Inc,SALE,549300YJPFMS88VU1P70,0001475274,2012.0,Q2,2012-04-01,2012-06-30,2013-09-19 06:01:59+00:00,basicdilutedeps,weightedavebasicdilutedsharesos,Weighted Average Basic & Diluted Shares Outstanding,/,,shares,824000.0
RetailMeNot Inc,SALE,549300YJPFMS88VU1P70,0001475274,2012.0,Q2,2012-04-01,2012-06-30,2013-09-19 06:01:59+00:00,,basicdilutedeps,Basic & Diluted Earnings per Share,=,,usdpershare,-0.81
RetailMeNot Inc,SALE,549300YJPFMS88VU1P70,0001475274,2012.0,Q3,2012-07-01,2012-09-30,2013-11-06 06:03:27+00:00,totalrevenue,operatingrevenue,Operating Revenue,+,credit,usd,34160000.0
RetailMeNot Inc,SALE,549300YJPFMS88VU1P70,0001475274,2012.0,Q3,2012-07-01,2012-09-30,2013-11-06 06:03:27+00:00,totalgrossprofit,totalrevenue,Total Revenue,+,credit,usd,34160000.0
RetailMeNot Inc,SALE,549300YJPFMS88VU1P70,0001475274,2012.0,Q3,2012-07-01,2012-09-30,2013-11-06 06:03:27+00:00,totalcostofrevenue,operatingcostofrevenue,Operating Cost of Revenue,+,debit,usd,2498000.0
RetailMeNot Inc,SALE,549300YJPFMS88VU1P70,0001475274,2012.0,Q3,2012-07-01,2012-09-30,2013-11-06 06:03:27+00:00,totalgrossprofit,totalcostofrevenue,Total Cost of Revenue,-,debit,usd,2498000.0
RetailMeNot Inc,SALE,549300YJPFMS88VU1P70,0001475274,2012.0,Q3,2012-07-01,2012-09-30,2013-11-06 06:03:27+00:00,totaloperatingincome,totalgrossprofit,Total Gross Profit,+,credit,usd,31662000.0
RetailMeNot Inc,SALE,549300YJPFMS88VU1P70,0001475274,2012.0,Q3,2012-07-01,2012-09-30,2013-11-06 06:03:27+00:00,totaloperatingexpenses,sgaexpense,"Selling, General & Admin Expense",+,debit,usd,3979000.0
RetailMeNot Inc,SALE,549300YJPFMS88VU1P70,0001475274,2012.0,Q3,2012-07-01,2012-09-30,2013-11-06 06:03:27+00:00,totaloperatingexpenses,marketingexpense,Marketing Expense,+,debit,usd,9438000.0
RetailMeNot Inc,SALE,549300YJPFMS88VU1P70,0001475274,2012.0,Q3,2012-07-01,2012-09-30,2013-11-06 06:03:27+00:00,totaloperatingexpenses,rdexpense,Research & Development Expense,+,debit,usd,3834000.0
RetailMeNot Inc,SALE,549300YJPFMS88VU1P70,0001475274,2012.0,Q3,2012-07-01,2012-09-30,2013-11-06 06:03:27+00:00,totaloperatingexpenses,amortizationexpense,Amortization Expense,+,debit,usd,3222000.0
RetailMeNot Inc,SALE,549300YJPFMS88VU1P70,0001475274,2012.0,Q3,2012-07-01,2012-09-30,2013-11-06 06:03:27+00:00,totaloperatingexpenses,otheroperatingexpenses,Other Operating Expenses / (Income),+,debit,usd,416000.0
RetailMeNot Inc,SALE,549300YJPFMS88VU1P70,0001475274,2012.0,Q3,2012-07-01,2012-09-30,2013-11-06 06:03:27+00:00,totaloperatingincome,totaloperatingexpenses,Total Operating Expenses,-,debit,usd,20889000.0
RetailMeNot Inc,SALE,549300YJPFMS88VU1P70,0001475274,2012.0,Q3,2012-07-01,2012-09-30,2013-11-06 06:03:27+00:00,totalpretaxincome,totaloperatingincome,Total Operating Income,+,credit,usd,10773000.0
RetailMeNot Inc,SALE,549300YJPFMS88VU1P70,0001475274,2012.0,Q3,2012-07-01,2012-09-30,2013-11-06 06:03:27+00:00,totalotherincome,totalinterestexpense,Interest Expense,-,debit,usd,743000.0
RetailMeNot Inc,SALE,549300YJPFMS88VU1P70,0001475274,2012.0,Q3,2012-07-01,2012-09-30,2013-11-06 06:03:27+00:00,totalotherincome,otherincome,"Other Income / (Expense), net",+,credit,usd,15000.0
RetailMeNot Inc,SALE,549300YJPFMS88VU1P70,0001475274,2012.0,Q3,2012-07-01,2012-09-30,2013-11-06 06:03:27+00:00,totalpretaxincome,totalotherincome,"Total Other Income / (Expense), net",+,credit,usd,-728000.0
RetailMeNot Inc,SALE,549300YJPFMS88VU1P70,0001475274,2012.0,Q3,2012-07-01,2012-09-30,2013-11-06 06:03:27+00:00,netincomecontinuing,totalpretaxincome,Total Pre-Tax Income ,+,credit,usd,10045000.0
RetailMeNot Inc,SALE,549300YJPFMS88VU1P70,0001475274,2012.0,Q3,2012-07-01,2012-09-30,2013-11-06 06:03:27+00:00,netincomecontinuing,incometaxexpense,Income Tax Expense,-,debit,usd,3471000.0
RetailMeNot Inc,SALE,549300YJPFMS88VU1P70,0001475274,2012.0,Q3,2012-07-01,2012-09-30,2013-11-06 06:03:27+00:00,netincome,netincomecontinuing,Net Income / (Loss) Continuing Operations,+,credit,usd,6574000.0
RetailMeNot Inc,SALE,549300YJPFMS88VU1P70,0001475274,2012.0,Q3,2012-07-01,2012-09-30,2013-11-06 06:03:27+00:00,netincometocommon,netincome,Consolidated Net Income / (Loss),+,credit,usd,6574000.0
RetailMeNot Inc,SALE,549300YJPFMS88VU1P70,0001475274,2012.0,Q3,2012-07-01,2012-09-30,2013-11-06 06:03:27+00:00,netincometocommon,preferreddividends,Preferred Stock Dividends Declared,-,debit,usd,6188000.0
RetailMeNot Inc,SALE,549300YJPFMS88VU1P70,0001475274,2012.0,Q3,2012-07-01,2012-09-30,2013-11-06 06:03:27+00:00,netincometocommon,netincometononcontrollinginterest,Net Income / (Loss) Attributable to Noncontrolling Interest,-,debit,usd,378000.0
RetailMeNot Inc,SALE,549300YJPFMS88VU1P70,0001475274,2012.0,Q3,2012-07-01,2012-09-30,2013-11-06 06:03:27+00:00,,netincometocommon,Net Income / (Loss) Attributable to Common Shareholders,=,credit,usd,8000.0
RetailMeNot Inc,SALE,549300YJPFMS88VU1P70,0001475274,2012.0,Q3,2012-07-01,2012-09-30,2013-11-06 06:03:27+00:00,basiceps,weightedavebasicsharesos,Weighted Average Basic Shares Outstanding,/,,shares,871000.0
RetailMeNot Inc,SALE,549300YJPFMS88VU1P70,0001475274,2012.0,Q3,2012-07-01,2012-09-30,2013-11-06 06:03:27+00:00,,basiceps,Basic Earnings per Share,=,,usdpershare,0.01
RetailMeNot Inc,SALE,549300YJPFMS88VU1P70,0001475274,2012.0,Q3,2012-07-01,2012-09-30,2013-11-06 06:03:27+00:00,dilutedeps,weightedavedilutedsharesos,Weighted Average Diluted Shares Outstanding,/,,shares,2657000.0
RetailMeNot Inc,SALE,549300YJPFMS88VU1P70,0001475274,2012.0,Q3,2012-07-01,2012-09-30,2013-11-06 06:03:27+00:00,,dilutedeps,Diluted Earnings per Share,=,,usdpershare,0.01
RetailMeNot Inc,SALE,549300YJPFMS88VU1P70,0001475274,2012.0,Q3,2012-07-01,2012-09-30,2013-11-06 06:03:27+00:00,basicdilutedeps,weightedavebasicdilutedsharesos,Weighted Average Basic & Diluted Shares Outstanding,/,,shares,800000.0
RetailMeNot Inc,SALE,549300YJPFMS88VU1P70,0001475274,2012.0,Q3,2012-07-01,2012-09-30,2013-11-06 06:03:27+00:00,,basicdilutedeps,Basic & Diluted Earnings per Share,=,,usdpershare,0.01
RetailMeNot Inc,SALE,549300YJPFMS88VU1P70,0001475274,2013.0,Q1,2013-01-01,2013-03-31,2014-05-07 16:06:51+00:00,totalrevenue,operatingrevenue,Operating Revenue,+,credit,usd,40561000.0
RetailMeNot Inc,SALE,549300YJPFMS88VU1P70,0001475274,2013.0,Q1,2013-01-01,2013-03-31,2014-05-07 16:06:51+00:00,totalgrossprofit,totalrevenue,Total Revenue,+,credit,usd,40561000.0
RetailMeNot Inc,SALE,549300YJPFMS88VU1P70,0001475274,2013.0,Q1,2013-01-01,2013-03-31,2014-05-07 16:06:51+00:00,totalcostofrevenue,operatingcostofrevenue,Operating Cost of Revenue,+,debit,usd,2588000.0
RetailMeNot Inc,SALE,549300YJPFMS88VU1P70,0001475274,2013.0,Q1,2013-01-01,2013-03-31,2014-05-07 16:06:51+00:00,totalgrossprofit,totalcostofrevenue,Total Cost of Revenue,-,debit,usd,2588000.0
RetailMeNot Inc,SALE,549300YJPFMS88VU1P70,0001475274,2013.0,Q1,2013-01-01,2013-03-31,2014-05-07 16:06:51+00:00,totaloperatingincome,totalgrossprofit,Total Gross Profit,+,credit,usd,37973000.0
RetailMeNot Inc,SALE,549300YJPFMS88VU1P70,0001475274,2013.0,Q1,2013-01-01,2013-03-31,2014-05-07 16:06:51+00:00,totaloperatingexpenses,sgaexpense,"Selling, General & Admin Expense",+,debit,usd,5796000.0
RetailMeNot Inc,SALE,549300YJPFMS88VU1P70,0001475274,2013.0,Q1,2013-01-01,2013-03-31,2014-05-07 16:06:51+00:00,totaloperatingexpenses,marketingexpense,Marketing Expense,+,debit,usd,11190000.0
RetailMeNot Inc,SALE,549300YJPFMS88VU1P70,0001475274,2013.0,Q1,2013-01-01,2013-03-31,2014-05-07 16:06:51+00:00,totaloperatingexpenses,rdexpense,Research & Development Expense,+,debit,usd,5950000.0
RetailMeNot Inc,SALE,549300YJPFMS88VU1P70,0001475274,2013.0,Q1,2013-01-01,2013-03-31,2014-05-07 16:06:51+00:00,totaloperatingexpenses,amortizationexpense,Amortization Expense,+,debit,usd,2830000.0
RetailMeNot Inc,SALE,549300YJPFMS88VU1P70,0001475274,2013.0,Q1,2013-01-01,2013-03-31,2014-05-07 16:06:51+00:00,totaloperatingincome,totaloperatingexpenses,Total Operating Expenses,-,debit,usd,25766000.0
RetailMeNot Inc,SALE,549300YJPFMS88VU1P70,0001475274,2013.0,Q1,2013-01-01,2013-03-31,2014-05-07 16:06:51+00:00,totalpretaxincome,totaloperatingincome,Total Operating Income,+,credit,usd,12207000.0
RetailMeNot Inc,SALE,549300YJPFMS88VU1P70,0001475274,2013.0,Q1,2013-01-01,2013-03-31,2014-05-07 16:06:51+00:00,totalotherincome,totalinterestexpense,Interest Expense,-,debit,usd,649000.0
RetailMeNot Inc,SALE,549300YJPFMS88VU1P70,0001475274,2013.0,Q1,2013-01-01,2013-03-31,2014-05-07 16:06:51+00:00,totalotherincome,otherincome,"Other Income / (Expense), net",+,credit,usd,-64000.0
RetailMeNot Inc,SALE,549300YJPFMS88VU1P70,0001475274,2013.0,Q1,2013-01-01,2013-03-31,2014-05-07 16:06:51+00:00,totalpretaxincome,totalotherincome,"Total Other Income / (Expense), net",+,credit,usd,-713000.0
RetailMeNot Inc,SALE,549300YJPFMS88VU1P70,0001475274,2013.0,Q1,2013-01-01,2013-03-31,2014-05-07 16:06:51+00:00,netincomecontinuing,totalpretaxincome,Total Pre-Tax Income ,+,credit,usd,11494000.0
RetailMeNot Inc,SALE,549300YJPFMS88VU1P70,0001475274,2013.0,Q1,2013-01-01,2013-03-31,2014-05-07 16:06:51+00:00,netincomecontinuing,incometaxexpense,Income Tax Expense,-,debit,usd,4519000.0
RetailMeNot Inc,SALE,549300YJPFMS88VU1P70,0001475274,2013.0,Q1,2013-01-01,2013-03-31,2014-05-07 16:06:51+00:00,netincome,netincomecontinuing,Net Income / (Loss) Continuing Operations,+,credit,usd,6975000.0
RetailMeNot Inc,SALE,549300YJPFMS88VU1P70,0001475274,2013.0,Q1,2013-01-01,2013-03-31,2014-05-07 16:06:51+00:00,netincometocommon,netincome,Consolidated Net Income / (Loss),+,credit,usd,6975000.0
RetailMeNot Inc,SALE,549300YJPFMS88VU1P70,0001475274,2013.0,Q1,2013-01-01,2013-03-31,2014-05-07 16:06:51+00:00,netincometocommon,preferreddividends,Preferred Stock Dividends Declared,-,debit,usd,6054000.0
RetailMeNot Inc,SALE,549300YJPFMS88VU1P70,0001475274,2013.0,Q1,2013-01-01,2013-03-31,2014-05-07 16:06:51+00:00,netincometocommon,netincometononcontrollinginterest,Net Income / (Loss) Attributable to Noncontrolling Interest,-,debit,usd,901000.0
RetailMeNot Inc,SALE,549300YJPFMS88VU1P70,0001475274,2013.0,Q1,2013-01-01,2013-03-31,2014-05-07 16:06:51+00:00,,netincometocommon,Net Income / (Loss) Attributable to Common Shareholders,=,credit,usd,20000.0
RetailMeNot Inc,SALE,549300YJPFMS88VU1P70,0001475274,2013.0,Q1,2013-01-01,2013-03-31,2014-05-07 16:06:51+00:00,basiceps,weightedavebasicsharesos,Weighted Average Basic Shares Outstanding,/,,shares,1000000.0
RetailMeNot Inc,SALE,549300YJPFMS88VU1P70,0001475274,2013.0,Q1,2013-01-01,2013-03-31,2014-05-07 16:06:51+00:00,,basiceps,Basic Earnings per Share,=,,usdpershare,0.02
RetailMeNot Inc,SALE,549300YJPFMS88VU1P70,0001475274,2013.0,Q1,2013-01-01,2013-03-31,2014-05-07 16:06:51+00:00,dilutedeps,weightedavedilutedsharesos,Weighted Average Diluted Shares Outstanding,/,,shares,2965000.0
RetailMeNot Inc,SALE,549300YJPFMS88VU1P70,0001475274,2013.0,Q1,2013-01-01,2013-03-31,2014-05-07 16:06:51+00:00,,dilutedeps,Diluted Earnings per Share,=,,usdpershare,0.02
RetailMeNot Inc,SALE,549300YJPFMS88VU1P70,0001475274,2013.0,Q1,2013-01-01,2013-03-31,2014-05-07 16:06:51+00:00,basicdilutedeps,weightedavebasicdilutedsharesos,Weighted Average Basic & Diluted Shares Outstanding,/,,shares,1000000.0
RetailMeNot Inc,SALE,549300YJPFMS88VU1P70,0001475274,2013.0,Q1,2013-01-01,2013-03-31,2014-05-07 16:06:51+00:00,,basicdilutedeps,Basic & Diluted Earnings per Share,=,,usdpershare,0.02
RetailMeNot Inc,SALE,549300YJPFMS88VU1P70,0001475274,2013.0,Q2,2013-04-01,2013-06-30,2014-08-06 14:07:58+00:00,totalrevenue,operatingrevenue,Operating Revenue,+,credit,usd,43401000.0
RetailMeNot Inc,SALE,549300YJPFMS88VU1P70,0001475274,2013.0,Q2,2013-04-01,2013-06-30,2014-08-06 14:07:58+00:00,totalgrossprofit,totalrevenue,Total Revenue,+,credit,usd,43401000.0
RetailMeNot Inc,SALE,549300YJPFMS88VU1P70,0001475274,2013.0,Q2,2013-04-01,2013-06-30,2014-08-06 14:07:58+00:00,totalcostofrevenue,operatingcostofrevenue,Operating Cost of Revenue,+,debit,usd,2872000.0
RetailMeNot Inc,SALE,549300YJPFMS88VU1P70,0001475274,2013.0,Q2,2013-04-01,2013-06-30,2014-08-06 14:07:58+00:00,totalgrossprofit,totalcostofrevenue,Total Cost of Revenue,-,debit,usd,2872000.0
RetailMeNot Inc,SALE,549300YJPFMS88VU1P70,0001475274,2013.0,Q2,2013-04-01,2013-06-30,2014-08-06 14:07:58+00:00,totaloperatingincome,totalgrossprofit,Total Gross Profit,+,credit,usd,40529000.0
RetailMeNot Inc,SALE,549300YJPFMS88VU1P70,0001475274,2013.0,Q2,2013-04-01,2013-06-30,2014-08-06 14:07:58+00:00,totaloperatingexpenses,sgaexpense,"Selling, General & Admin Expense",+,debit,usd,7731000.0
RetailMeNot Inc,SALE,549300YJPFMS88VU1P70,0001475274,2013.0,Q2,2013-04-01,2013-06-30,2014-08-06 14:07:58+00:00,totaloperatingexpenses,marketingexpense,Marketing Expense,+,debit,usd,14085000.0
RetailMeNot Inc,SALE,549300YJPFMS88VU1P70,0001475274,2013.0,Q2,2013-04-01,2013-06-30,2014-08-06 14:07:58+00:00,totaloperatingexpenses,rdexpense,Research & Development Expense,+,debit,usd,6939000.0
RetailMeNot Inc,SALE,549300YJPFMS88VU1P70,0001475274,2013.0,Q2,2013-04-01,2013-06-30,2014-08-06 14:07:58+00:00,totaloperatingexpenses,amortizationexpense,Amortization Expense,+,debit,usd,2787000.0
RetailMeNot Inc,SALE,549300YJPFMS88VU1P70,0001475274,2013.0,Q2,2013-04-01,2013-06-30,2014-08-06 14:07:58+00:00,totaloperatingincome,totaloperatingexpenses,Total Operating Expenses,-,debit,usd,31542000.0
RetailMeNot Inc,SALE,549300YJPFMS88VU1P70,0001475274,2013.0,Q2,2013-04-01,2013-06-30,2014-08-06 14:07:58+00:00,totalpretaxincome,totaloperatingincome,Total Operating Income,+,credit,usd,8987000.0
RetailMeNot Inc,SALE,549300YJPFMS88VU1P70,0001475274,2013.0,Q2,2013-04-01,2013-06-30,2014-08-06 14:07:58+00:00,totalotherincome,totalinterestexpense,Interest Expense,-,debit,usd,605000.0
RetailMeNot Inc,SALE,549300YJPFMS88VU1P70,0001475274,2013.0,Q2,2013-04-01,2013-06-30,2014-08-06 14:07:58+00:00,totalotherincome,otherincome,"Other Income / (Expense), net",+,credit,usd,42000.0
RetailMeNot Inc,SALE,549300YJPFMS88VU1P70,0001475274,2013.0,Q2,2013-04-01,2013-06-30,2014-08-06 14:07:58+00:00,totalpretaxincome,totalotherincome,"Total Other Income / (Expense), net",+,credit,usd,-563000.0
RetailMeNot Inc,SALE,549300YJPFMS88VU1P70,0001475274,2013.0,Q2,2013-04-01,2013-06-30,2014-08-06 14:07:58+00:00,netincomecontinuing,totalpretaxincome,Total Pre-Tax Income ,+,credit,usd,8424000.0
RetailMeNot Inc,SALE,549300YJPFMS88VU1P70,0001475274,2013.0,Q2,2013-04-01,2013-06-30,2014-08-06 14:07:58+00:00,netincomecontinuing,incometaxexpense,Income Tax Expense,-,debit,usd,3301000.0
RetailMeNot Inc,SALE,549300YJPFMS88VU1P70,0001475274,2013.0,Q2,2013-04-01,2013-06-30,2014-08-06 14:07:58+00:00,netincome,netincomecontinuing,Net Income / (Loss) Continuing Operations,+,credit,usd,5123000.0
RetailMeNot Inc,SALE,549300YJPFMS88VU1P70,0001475274,2013.0,Q2,2013-04-01,2013-06-30,2014-08-06 14:07:58+00:00,netincometocommon,netincome,Consolidated Net Income / (Loss),+,credit,usd,5123000.0
RetailMeNot Inc,SALE,549300YJPFMS88VU1P70,0001475274,2013.0,Q2,2013-04-01,2013-06-30,2014-08-06 14:07:58+00:00,netincometocommon,preferreddividends,Preferred Stock Dividends Declared,-,debit,usd,6122000.0
RetailMeNot Inc,SALE,549300YJPFMS88VU1P70,0001475274,2013.0,Q2,2013-04-01,2013-06-30,2014-08-06 14:07:58+00:00,netincometocommon,netincometononcontrollinginterest,Net Income / (Loss) Attributable to Noncontrolling Interest,-,debit,usd,0.0
RetailMeNot Inc,SALE,549300YJPFMS88VU1P70,0001475274,2013.0,Q2,2013-04-01,2013-06-30,2014-08-06 14:07:58+00:00,,netincometocommon,Net Income / (Loss) Attributable to Common Shareholders,=,credit,usd,-999000.0
RetailMeNot Inc,SALE,549300YJPFMS88VU1P70,0001475274,2013.0,Q2,2013-04-01,2013-06-30,2014-08-06 14:07:58+00:00,basiceps,weightedavebasicsharesos,Weighted Average Basic Shares Outstanding,/,,shares,1466000.0
RetailMeNot Inc,SALE,549300YJPFMS88VU1P70,0001475274,2013.0,Q2,2013-04-01,2013-06-30,2014-08-06 14:07:58+00:00,,basiceps,Basic Earnings per Share,=,,usdpershare,-0.68
RetailMeNot Inc,SALE,549300YJPFMS88VU1P70,0001475274,2013.0,Q2,2013-04-01,2013-06-30,2014-08-06 14:07:58+00:00,dilutedeps,weightedavedilutedsharesos,Weighted Average Diluted Shares Outstanding,/,,shares,1466000.0
RetailMeNot Inc,SALE,549300YJPFMS88VU1P70,0001475274,2013.0,Q2,2013-04-01,2013-06-30,2014-08-06 14:07:58+00:00,,dilutedeps,Diluted Earnings per Share,=,,usdpershare,-0.68
RetailMeNot Inc,SALE,549300YJPFMS88VU1P70,0001475274,2013.0,Q2,2013-04-01,2013-06-30,2014-08-06 14:07:58+00:00,basicdilutedeps,weightedavebasicdilutedsharesos,Weighted Average Basic & Diluted Shares Outstanding,/,,shares,1500000.0
RetailMeNot Inc,SALE,549300YJPFMS88VU1P70,0001475274,2013.0,Q2,2013-04-01,2013-06-30,2014-08-06 14:07:58+00:00,,basicdilutedeps,Basic & Diluted Earnings per Share,=,,usdpershare,-0.68
RetailMeNot Inc,SALE,549300YJPFMS88VU1P70,0001475274,2013.0,Q3,2013-07-01,2013-09-30,2014-11-06 17:18:53+00:00,totalrevenue,operatingrevenue,Operating Revenue,+,credit,usd,47350000.0
RetailMeNot Inc,SALE,549300YJPFMS88VU1P70,0001475274,2013.0,Q3,2013-07-01,2013-09-30,2014-11-06 17:18:53+00:00,totalgrossprofit,totalrevenue,Total Revenue,+,credit,usd,47350000.0
RetailMeNot Inc,SALE,549300YJPFMS88VU1P70,0001475274,2013.0,Q3,2013-07-01,2013-09-30,2014-11-06 17:18:53+00:00,totalcostofrevenue,operatingcostofrevenue,Operating Cost of Revenue,+,debit,usd,3275000.0
RetailMeNot Inc,SALE,549300YJPFMS88VU1P70,0001475274,2013.0,Q3,2013-07-01,2013-09-30,2014-11-06 17:18:53+00:00,totalgrossprofit,totalcostofrevenue,Total Cost of Revenue,-,debit,usd,3275000.0
RetailMeNot Inc,SALE,549300YJPFMS88VU1P70,0001475274,2013.0,Q3,2013-07-01,2013-09-30,2014-11-06 17:18:53+00:00,totaloperatingincome,totalgrossprofit,Total Gross Profit,+,credit,usd,44075000.0
RetailMeNot Inc,SALE,549300YJPFMS88VU1P70,0001475274,2013.0,Q3,2013-07-01,2013-09-30,2014-11-06 17:18:53+00:00,totaloperatingexpenses,sgaexpense,"Selling, General & Admin Expense",+,debit,usd,7691000.0
RetailMeNot Inc,SALE,549300YJPFMS88VU1P70,0001475274,2013.0,Q3,2013-07-01,2013-09-30,2014-11-06 17:18:53+00:00,totaloperatingexpenses,marketingexpense,Marketing Expense,+,debit,usd,15699000.0
RetailMeNot Inc,SALE,549300YJPFMS88VU1P70,0001475274,2013.0,Q3,2013-07-01,2013-09-30,2014-11-06 17:18:53+00:00,totaloperatingexpenses,rdexpense,Research & Development Expense,+,debit,usd,8214000.0
RetailMeNot Inc,SALE,549300YJPFMS88VU1P70,0001475274,2013.0,Q3,2013-07-01,2013-09-30,2014-11-06 17:18:53+00:00,totaloperatingexpenses,amortizationexpense,Amortization Expense,+,debit,usd,3056000.0
RetailMeNot Inc,SALE,549300YJPFMS88VU1P70,0001475274,2013.0,Q3,2013-07-01,2013-09-30,2014-11-06 17:18:53+00:00,totaloperatingincome,totaloperatingexpenses,Total Operating Expenses,-,debit,usd,34660000.0
RetailMeNot Inc,SALE,549300YJPFMS88VU1P70,0001475274,2013.0,Q3,2013-07-01,2013-09-30,2014-11-06 17:18:53+00:00,totalpretaxincome,totaloperatingincome,Total Operating Income,+,credit,usd,9415000.0
RetailMeNot Inc,SALE,549300YJPFMS88VU1P70,0001475274,2013.0,Q3,2013-07-01,2013-09-30,2014-11-06 17:18:53+00:00,totalotherincome,totalinterestexpense,Interest Expense,-,debit,usd,1156000.0
RetailMeNot Inc,SALE,549300YJPFMS88VU1P70,0001475274,2013.0,Q3,2013-07-01,2013-09-30,2014-11-06 17:18:53+00:00,totalotherincome,otherincome,"Other Income / (Expense), net",+,credit,usd,473000.0
RetailMeNot Inc,SALE,549300YJPFMS88VU1P70,0001475274,2013.0,Q3,2013-07-01,2013-09-30,2014-11-06 17:18:53+00:00,totalpretaxincome,totalotherincome,"Total Other Income / (Expense), net",+,credit,usd,-683000.0
RetailMeNot Inc,SALE,549300YJPFMS88VU1P70,0001475274,2013.0,Q3,2013-07-01,2013-09-30,2014-11-06 17:18:53+00:00,netincomecontinuing,totalpretaxincome,Total Pre-Tax Income ,+,credit,usd,8732000.0
RetailMeNot Inc,SALE,549300YJPFMS88VU1P70,0001475274,2013.0,Q3,2013-07-01,2013-09-30,2014-11-06 17:18:53+00:00,netincomecontinuing,incometaxexpense,Income Tax Expense,-,debit,usd,3139000.0
RetailMeNot Inc,SALE,549300YJPFMS88VU1P70,0001475274,2013.0,Q3,2013-07-01,2013-09-30,2014-11-06 17:18:53+00:00,netincome,netincomecontinuing,Net Income / (Loss) Continuing Operations,+,credit,usd,5593000.0
RetailMeNot Inc,SALE,549300YJPFMS88VU1P70,0001475274,2013.0,Q3,2013-07-01,2013-09-30,2014-11-06 17:18:53+00:00,netincometocommon,netincome,Consolidated Net Income / (Loss),+,credit,usd,5593000.0
RetailMeNot Inc,SALE,549300YJPFMS88VU1P70,0001475274,2013.0,Q3,2013-07-01,2013-09-30,2014-11-06 17:18:53+00:00,netincometocommon,preferreddividends,Preferred Stock Dividends Declared,-,debit,usd,7752000.0
RetailMeNot Inc,SALE,549300YJPFMS88VU1P70,0001475274,2013.0,Q3,2013-07-01,2013-09-30,2014-11-06 17:18:53+00:00,netincometocommon,netincometononcontrollinginterest,Net Income / (Loss) Attributable to Noncontrolling Interest,-,debit,usd,0.0
RetailMeNot Inc,SALE,549300YJPFMS88VU1P70,0001475274,2013.0,Q3,2013-07-01,2013-09-30,2014-11-06 17:18:53+00:00,,netincometocommon,Net Income / (Loss) Attributable to Common Shareholders,=,credit,usd,-2159000.0
RetailMeNot Inc,SALE,549300YJPFMS88VU1P70,0001475274,2013.0,Q3,2013-07-01,2013-09-30,2014-11-06 17:18:53+00:00,basiceps,weightedavebasicsharesos,Weighted Average Basic Shares Outstanding,/,,shares,38235000.0
RetailMeNot Inc,SALE,549300YJPFMS88VU1P70,0001475274,2013.0,Q3,2013-07-01,2013-09-30,2014-11-06 17:18:53+00:00,,basiceps,Basic Earnings per Share,=,,usdpershare,-0.06
RetailMeNot Inc,SALE,549300YJPFMS88VU1P70,0001475274,2013.0,Q3,2013-07-01,2013-09-30,2014-11-06 17:18:53+00:00,dilutedeps,weightedavedilutedsharesos,Weighted Average Diluted Shares Outstanding,/,,shares,38235000.0
RetailMeNot Inc,SALE,549300YJPFMS88VU1P70,0001475274,2013.0,Q3,2013-07-01,2013-09-30,2014-11-06 17:18:53+00:00,,dilutedeps,Diluted Earnings per Share,=,,usdpershare,-0.06
RetailMeNot Inc,SALE,549300YJPFMS88VU1P70,0001475274,2013.0,Q3,2013-07-01,2013-09-30,2014-11-06 17:18:53+00:00,basicdilutedeps,weightedavebasicdilutedsharesos,Weighted Average Basic & Diluted Shares Outstanding,/,,shares,36000000.0
RetailMeNot Inc,SALE,549300YJPFMS88VU1P70,0001475274,2013.0,Q3,2013-07-01,2013-09-30,2014-11-06 17:18:53+00:00,,basicdilutedeps,Basic & Diluted Earnings per Share,=,,usdpershare,-0.06
RetailMeNot Inc,SALE,549300YJPFMS88VU1P70,0001475274,2013.0,Q4,2013-10-01,2013-12-31,,totalrevenue,operatingrevenue,Operating Revenue,+,credit,usd,78524000.0
RetailMeNot Inc,SALE,549300YJPFMS88VU1P70,0001475274,2013.0,Q4,2013-10-01,2013-12-31,,totalgrossprofit,totalrevenue,Total Revenue,+,credit,usd,78524000.0
RetailMeNot Inc,SALE,549300YJPFMS88VU1P70,0001475274,2013.0,Q4,2013-10-01,2013-12-31,,totalcostofrevenue,operatingcostofrevenue,Operating Cost of Revenue,+,debit,usd,4314000.0
RetailMeNot Inc,SALE,549300YJPFMS88VU1P70,0001475274,2013.0,Q4,2013-10-01,2013-12-31,,totalgrossprofit,totalcostofrevenue,Total Cost of Revenue,-,debit,usd,4314000.0
RetailMeNot Inc,SALE,549300YJPFMS88VU1P70,0001475274,2013.0,Q4,2013-10-01,2013-12-31,,totaloperatingincome,totalgrossprofit,Total Gross Profit,+,credit,usd,74210000.0
RetailMeNot Inc,SALE,549300YJPFMS88VU1P70,0001475274,2013.0,Q4,2013-10-01,2013-12-31,,totaloperatingexpenses,sgaexpense,"Selling, General & Admin Expense",+,debit,usd,9890000.0
RetailMeNot Inc,SALE,549300YJPFMS88VU1P70,0001475274,2013.0,Q4,2013-10-01,2013-12-31,,totaloperatingexpenses,marketingexpense,Marketing Expense,+,debit,usd,29329000.0
RetailMeNot Inc,SALE,549300YJPFMS88VU1P70,0001475274,2013.0,Q4,2013-10-01,2013-12-31,,totaloperatingexpenses,rdexpense,Research & Development Expense,+,debit,usd,9463000.0
RetailMeNot Inc,SALE,549300YJPFMS88VU1P70,0001475274,2013.0,Q4,2013-10-01,2013-12-31,,totaloperatingexpenses,amortizationexpense,Amortization Expense,+,debit,usd,3408000.0
RetailMeNot Inc,SALE,549300YJPFMS88VU1P70,0001475274,2013.0,Q4,2013-10-01,2013-12-31,,totaloperatingincome,totaloperatingexpenses,Total Operating Expenses,-,debit,usd,52090000.0
RetailMeNot Inc,SALE,549300YJPFMS88VU1P70,0001475274,2013.0,Q4,2013-10-01,2013-12-31,,totalpretaxincome,totaloperatingincome,Total Operating Income,+,credit,usd,22120000.0
RetailMeNot Inc,SALE,549300YJPFMS88VU1P70,0001475274,2013.0,Q4,2013-10-01,2013-12-31,,totalotherincome,totalinterestexpense,Interest Expense,-,debit,usd,570000.0
RetailMeNot Inc,SALE,549300YJPFMS88VU1P70,0001475274,2013.0,Q4,2013-10-01,2013-12-31,,totalotherincome,otherincome,"Other Income / (Expense), net",+,credit,usd,221000.0
RetailMeNot Inc,SALE,549300YJPFMS88VU1P70,0001475274,2013.0,Q4,2013-10-01,2013-12-31,,totalpretaxincome,totalotherincome,"Total Other Income / (Expense), net",+,credit,usd,-349000.0
RetailMeNot Inc,SALE,549300YJPFMS88VU1P70,0001475274,2013.0,Q4,2013-10-01,2013-12-31,,netincomecontinuing,totalpretaxincome,Total Pre-Tax Income ,+,credit,usd,21771000.0
RetailMeNot Inc,SALE,549300YJPFMS88VU1P70,0001475274,2013.0,Q4,2013-10-01,2013-12-31,,netincomecontinuing,incometaxexpense,Income Tax Expense,-,debit,usd,7932000.0
RetailMeNot Inc,SALE,549300YJPFMS88VU1P70,0001475274,2013.0,Q4,2013-10-01,2013-12-31,,netincome,netincomecontinuing,Net Income / (Loss) Continuing Operations,+,credit,usd,13839000.0
RetailMeNot Inc,SALE,549300YJPFMS88VU1P70,0001475274,2013.0,Q4,2013-10-01,2013-12-31,,netincometocommon,netincome,Consolidated Net Income / (Loss),+,credit,usd,13839000.0
RetailMeNot Inc,SALE,549300YJPFMS88VU1P70,0001475274,2013.0,Q4,2013-10-01,2013-12-31,,netincometocommon,netincometononcontrollinginterest,Net Income / (Loss) Attributable to Noncontrolling Interest,-,debit,usd,5097000.0
RetailMeNot Inc,SALE,549300YJPFMS88VU1P70,0001475274,2013.0,Q4,2013-10-01,2013-12-31,,,netincometocommon,Net Income / (Loss) Attributable to Common Shareholders,=,credit,usd,8742000.0
RetailMeNot Inc,SALE,549300YJPFMS88VU1P70,0001475274,2013.0,Q4,2013-10-01,2013-12-31,,basiceps,weightedavebasicsharesos,Weighted Average Basic Shares Outstanding,/,,shares,23074000.0
RetailMeNot Inc,SALE,549300YJPFMS88VU1P70,0001475274,2013.0,Q4,2013-10-01,2013-12-31,,,basiceps,Basic Earnings per Share,=,,usdpershare,0.96
RetailMeNot Inc,SALE,549300YJPFMS88VU1P70,0001475274,2013.0,Q4,2013-10-01,2013-12-31,,dilutedeps,weightedavedilutedsharesos,Weighted Average Diluted Shares Outstanding,/,,shares,25742000.0
RetailMeNot Inc,SALE,549300YJPFMS88VU1P70,0001475274,2013.0,Q4,2013-10-01,2013-12-31,,,dilutedeps,Diluted Earnings per Share,=,,usdpershare,0.95
RetailMeNot Inc,SALE,549300YJPFMS88VU1P70,0001475274,2013.0,Q4,2013-10-01,2013-12-31,,basicdilutedeps,weightedavebasicdilutedsharesos,Weighted Average Basic & Diluted Shares Outstanding,/,,shares,23400000.0
RetailMeNot Inc,SALE,549300YJPFMS88VU1P70,0001475274,2013.0,Q4,2013-10-01,2013-12-31,,,basicdilutedeps,Basic & Diluted Earnings per Share,=,,usdpershare,0.96
RetailMeNot Inc,SALE,549300YJPFMS88VU1P70,0001475274,2014.0,Q1,2014-01-01,2014-03-31,2015-05-07 17:22:11+00:00,totalrevenue,operatingrevenue,Operating Revenue,+,credit,usd,61270000.0
RetailMeNot Inc,SALE,549300YJPFMS88VU1P70,0001475274,2014.0,Q1,2014-01-01,2014-03-31,2015-05-07 17:22:11+00:00,totalgrossprofit,totalrevenue,Total Revenue,+,credit,usd,61270000.0
RetailMeNot Inc,SALE,549300YJPFMS88VU1P70,0001475274,2014.0,Q1,2014-01-01,2014-03-31,2015-05-07 17:22:11+00:00,totalcostofrevenue,operatingcostofrevenue,Operating Cost of Revenue,+,debit,usd,4430000.0
RetailMeNot Inc,SALE,549300YJPFMS88VU1P70,0001475274,2014.0,Q1,2014-01-01,2014-03-31,2015-05-07 17:22:11+00:00,totalgrossprofit,totalcostofrevenue,Total Cost of Revenue,-,debit,usd,4430000.0
RetailMeNot Inc,SALE,549300YJPFMS88VU1P70,0001475274,2014.0,Q1,2014-01-01,2014-03-31,2015-05-07 17:22:11+00:00,totaloperatingincome,totalgrossprofit,Total Gross Profit,+,credit,usd,56840000.0
RetailMeNot Inc,SALE,549300YJPFMS88VU1P70,0001475274,2014.0,Q1,2014-01-01,2014-03-31,2015-05-07 17:22:11+00:00,totaloperatingexpenses,sgaexpense,"Selling, General & Admin Expense",+,debit,usd,10695000.0
RetailMeNot Inc,SALE,549300YJPFMS88VU1P70,0001475274,2014.0,Q1,2014-01-01,2014-03-31,2015-05-07 17:22:11+00:00,totaloperatingexpenses,marketingexpense,Marketing Expense,+,debit,usd,21172000.0
RetailMeNot Inc,SALE,549300YJPFMS88VU1P70,0001475274,2014.0,Q1,2014-01-01,2014-03-31,2015-05-07 17:22:11+00:00,totaloperatingexpenses,rdexpense,Research & Development Expense,+,debit,usd,10706000.0
RetailMeNot Inc,SALE,549300YJPFMS88VU1P70,0001475274,2014.0,Q1,2014-01-01,2014-03-31,2015-05-07 17:22:11+00:00,totaloperatingexpenses,amortizationexpense,Amortization Expense,+,debit,usd,3443000.0
RetailMeNot Inc,SALE,549300YJPFMS88VU1P70,0001475274,2014.0,Q1,2014-01-01,2014-03-31,2015-05-07 17:22:11+00:00,totaloperatingincome,totaloperatingexpenses,Total Operating Expenses,-,debit,usd,46016000.0
RetailMeNot Inc,SALE,549300YJPFMS88VU1P70,0001475274,2014.0,Q1,2014-01-01,2014-03-31,2015-05-07 17:22:11+00:00,totalpretaxincome,totaloperatingincome,Total Operating Income,+,credit,usd,10824000.0
RetailMeNot Inc,SALE,549300YJPFMS88VU1P70,0001475274,2014.0,Q1,2014-01-01,2014-03-31,2015-05-07 17:22:11+00:00,totalotherincome,totalinterestexpense,Interest Expense,-,debit,usd,531000.0
RetailMeNot Inc,SALE,549300YJPFMS88VU1P70,0001475274,2014.0,Q1,2014-01-01,2014-03-31,2015-05-07 17:22:11+00:00,totalotherincome,otherincome,"Other Income / (Expense), net",+,credit,usd,28000.0
RetailMeNot Inc,SALE,549300YJPFMS88VU1P70,0001475274,2014.0,Q1,2014-01-01,2014-03-31,2015-05-07 17:22:11+00:00,totalpretaxincome,totalotherincome,"Total Other Income / (Expense), net",+,credit,usd,-503000.0
RetailMeNot Inc,SALE,549300YJPFMS88VU1P70,0001475274,2014.0,Q1,2014-01-01,2014-03-31,2015-05-07 17:22:11+00:00,netincomecontinuing,totalpretaxincome,Total Pre-Tax Income ,+,credit,usd,10321000.0
RetailMeNot Inc,SALE,549300YJPFMS88VU1P70,0001475274,2014.0,Q1,2014-01-01,2014-03-31,2015-05-07 17:22:11+00:00,netincomecontinuing,incometaxexpense,Income Tax Expense,-,debit,usd,4246000.0
RetailMeNot Inc,SALE,549300YJPFMS88VU1P70,0001475274,2014.0,Q1,2014-01-01,2014-03-31,2015-05-07 17:22:11+00:00,netincome,netincomecontinuing,Net Income / (Loss) Continuing Operations,+,credit,usd,6075000.0
RetailMeNot Inc,SALE,549300YJPFMS88VU1P70,0001475274,2014.0,Q1,2014-01-01,2014-03-31,2015-05-07 17:22:11+00:00,netincometocommon,netincome,Consolidated Net Income / (Loss),+,credit,usd,6075000.0
RetailMeNot Inc,SALE,549300YJPFMS88VU1P70,0001475274,2014.0,Q1,2014-01-01,2014-03-31,2015-05-07 17:22:11+00:00,,netincometocommon,Net Income / (Loss) Attributable to Common Shareholders,=,credit,usd,6075000.0
RetailMeNot Inc,SALE,549300YJPFMS88VU1P70,0001475274,2014.0,Q1,2014-01-01,2014-03-31,2015-05-07 17:22:11+00:00,basiceps,weightedavebasicsharesos,Weighted Average Basic Shares Outstanding,/,,shares,53149000.0
RetailMeNot Inc,SALE,549300YJPFMS88VU1P70,0001475274,2014.0,Q1,2014-01-01,2014-03-31,2015-05-07 17:22:11+00:00,,basiceps,Basic Earnings per Share,=,,usdpershare,0.11
RetailMeNot Inc,SALE,549300YJPFMS88VU1P70,0001475274,2014.0,Q1,2014-01-01,2014-03-31,2015-05-07 17:22:11+00:00,dilutedeps,weightedavedilutedsharesos,Weighted Average Diluted Shares Outstanding,/,,shares,55562000.0
RetailMeNot Inc,SALE,549300YJPFMS88VU1P70,0001475274,2014.0,Q1,2014-01-01,2014-03-31,2015-05-07 17:22:11+00:00,,dilutedeps,Diluted Earnings per Share,=,,usdpershare,0.11
RetailMeNot Inc,SALE,549300YJPFMS88VU1P70,0001475274,2014.0,Q1,2014-01-01,2014-03-31,2015-05-07 17:22:11+00:00,basicdilutedeps,weightedavebasicdilutedsharesos,Weighted Average Basic & Diluted Shares Outstanding,/,,shares,55200000.0
RetailMeNot Inc,SALE,549300YJPFMS88VU1P70,0001475274,2014.0,Q1,2014-01-01,2014-03-31,2015-05-07 17:22:11+00:00,,basicdilutedeps,Basic & Diluted Earnings per Share,=,,usdpershare,0.11
RetailMeNot Inc,SALE,549300YJPFMS88VU1P70,0001475274,2014.0,Q2,2014-04-01,2014-06-30,2015-08-07 16:27:26+00:00,totalrevenue,operatingrevenue,Operating Revenue,+,credit,usd,59506000.0
RetailMeNot Inc,SALE,549300YJPFMS88VU1P70,0001475274,2014.0,Q2,2014-04-01,2014-06-30,2015-08-07 16:27:26+00:00,totalgrossprofit,totalrevenue,Total Revenue,+,credit,usd,59506000.0
RetailMeNot Inc,SALE,549300YJPFMS88VU1P70,0001475274,2014.0,Q2,2014-04-01,2014-06-30,2015-08-07 16:27:26+00:00,totalcostofrevenue,operatingcostofrevenue,Operating Cost of Revenue,+,debit,usd,4648000.0
RetailMeNot Inc,SALE,549300YJPFMS88VU1P70,0001475274,2014.0,Q2,2014-04-01,2014-06-30,2015-08-07 16:27:26+00:00,totalgrossprofit,totalcostofrevenue,Total Cost of Revenue,-,debit,usd,4648000.0
RetailMeNot Inc,SALE,549300YJPFMS88VU1P70,0001475274,2014.0,Q2,2014-04-01,2014-06-30,2015-08-07 16:27:26+00:00,totaloperatingincome,totalgrossprofit,Total Gross Profit,+,credit,usd,54858000.0
RetailMeNot Inc,SALE,549300YJPFMS88VU1P70,0001475274,2014.0,Q2,2014-04-01,2014-06-30,2015-08-07 16:27:26+00:00,totaloperatingexpenses,sgaexpense,"Selling, General & Admin Expense",+,debit,usd,11403000.0
RetailMeNot Inc,SALE,549300YJPFMS88VU1P70,0001475274,2014.0,Q2,2014-04-01,2014-06-30,2015-08-07 16:27:26+00:00,totaloperatingexpenses,marketingexpense,Marketing Expense,+,debit,usd,19195000.0
RetailMeNot Inc,SALE,549300YJPFMS88VU1P70,0001475274,2014.0,Q2,2014-04-01,2014-06-30,2015-08-07 16:27:26+00:00,totaloperatingexpenses,rdexpense,Research & Development Expense,+,debit,usd,12980000.0
RetailMeNot Inc,SALE,549300YJPFMS88VU1P70,0001475274,2014.0,Q2,2014-04-01,2014-06-30,2015-08-07 16:27:26+00:00,totaloperatingexpenses,amortizationexpense,Amortization Expense,+,debit,usd,3194000.0
RetailMeNot Inc,SALE,549300YJPFMS88VU1P70,0001475274,2014.0,Q2,2014-04-01,2014-06-30,2015-08-07 16:27:26+00:00,totaloperatingincome,totaloperatingexpenses,Total Operating Expenses,-,debit,usd,46772000.0
RetailMeNot Inc,SALE,549300YJPFMS88VU1P70,0001475274,2014.0,Q2,2014-04-01,2014-06-30,2015-08-07 16:27:26+00:00,totalpretaxincome,totaloperatingincome,Total Operating Income,+,credit,usd,8086000.0
RetailMeNot Inc,SALE,549300YJPFMS88VU1P70,0001475274,2014.0,Q2,2014-04-01,2014-06-30,2015-08-07 16:27:26+00:00,totalotherincome,totalinterestexpense,Interest Expense,-,debit,usd,494000.0
RetailMeNot Inc,SALE,549300YJPFMS88VU1P70,0001475274,2014.0,Q2,2014-04-01,2014-06-30,2015-08-07 16:27:26+00:00,totalotherincome,otherincome,"Other Income / (Expense), net",+,credit,usd,-328000.0
RetailMeNot Inc,SALE,549300YJPFMS88VU1P70,0001475274,2014.0,Q2,2014-04-01,2014-06-30,2015-08-07 16:27:26+00:00,totalpretaxincome,totalotherincome,"Total Other Income / (Expense), net",+,credit,usd,-822000.0
RetailMeNot Inc,SALE,549300YJPFMS88VU1P70,0001475274,2014.0,Q2,2014-04-01,2014-06-30,2015-08-07 16:27:26+00:00,netincomecontinuing,totalpretaxincome,Total Pre-Tax Income ,+,credit,usd,7264000.0
RetailMeNot Inc,SALE,549300YJPFMS88VU1P70,0001475274,2014.0,Q2,2014-04-01,2014-06-30,2015-08-07 16:27:26+00:00,netincomecontinuing,incometaxexpense,Income Tax Expense,-,debit,usd,2938000.0
RetailMeNot Inc,SALE,549300YJPFMS88VU1P70,0001475274,2014.0,Q2,2014-04-01,2014-06-30,2015-08-07 16:27:26+00:00,netincome,netincomecontinuing,Net Income / (Loss) Continuing Operations,+,credit,usd,4326000.0
RetailMeNot Inc,SALE,549300YJPFMS88VU1P70,0001475274,2014.0,Q2,2014-04-01,2014-06-30,2015-08-07 16:27:26+00:00,netincometocommon,netincome,Consolidated Net Income / (Loss),+,credit,usd,4326000.0
RetailMeNot Inc,SALE,549300YJPFMS88VU1P70,0001475274,2014.0,Q2,2014-04-01,2014-06-30,2015-08-07 16:27:26+00:00,,netincometocommon,Net Income / (Loss) Attributable to Common Shareholders,=,credit,usd,4326000.0
RetailMeNot Inc,SALE,549300YJPFMS88VU1P70,0001475274,2014.0,Q2,2014-04-01,2014-06-30,2015-08-07 16:27:26+00:00,basiceps,weightedavebasicsharesos,Weighted Average Basic Shares Outstanding,/,,shares,53791000.0
RetailMeNot Inc,SALE,549300YJPFMS88VU1P70,0001475274,2014.0,Q2,2014-04-01,2014-06-30,2015-08-07 16:27:26+00:00,,basiceps,Basic Earnings per Share,=,,usdpershare,0.08
RetailMeNot Inc,SALE,549300YJPFMS88VU1P70,0001475274,2014.0,Q2,2014-04-01,2014-06-30,2015-08-07 16:27:26+00:00,dilutedeps,weightedavedilutedsharesos,Weighted Average Diluted Shares Outstanding,/,,shares,55377000.0
RetailMeNot Inc,SALE,549300YJPFMS88VU1P70,0001475274,2014.0,Q2,2014-04-01,2014-06-30,2015-08-07 16:27:26+00:00,,dilutedeps,Diluted Earnings per Share,=,,usdpershare,0.08
RetailMeNot Inc,SALE,549300YJPFMS88VU1P70,0001475274,2014.0,Q2,2014-04-01,2014-06-30,2015-08-07 16:27:26+00:00,basicdilutedeps,weightedavebasicdilutedsharesos,Weighted Average Basic & Diluted Shares Outstanding,/,,shares,54100000.0
RetailMeNot Inc,SALE,549300YJPFMS88VU1P70,0001475274,2014.0,Q2,2014-04-01,2014-06-30,2015-08-07 16:27:26+00:00,,basicdilutedeps,Basic & Diluted Earnings per Share,=,,usdpershare,0.08
RetailMeNot Inc,SALE,549300YJPFMS88VU1P70,0001475274,2014.0,Q3,2014-07-01,2014-09-30,2015-11-06 16:53:49+00:00,totalrevenue,operatingrevenue,Operating Revenue,+,credit,usd,56470000.0
RetailMeNot Inc,SALE,549300YJPFMS88VU1P70,0001475274,2014.0,Q3,2014-07-01,2014-09-30,2015-11-06 16:53:49+00:00,totalgrossprofit,totalrevenue,Total Revenue,+,credit,usd,56470000.0
RetailMeNot Inc,SALE,549300YJPFMS88VU1P70,0001475274,2014.0,Q3,2014-07-01,2014-09-30,2015-11-06 16:53:49+00:00,totalcostofrevenue,operatingcostofrevenue,Operating Cost of Revenue,+,debit,usd,4598000.0
RetailMeNot Inc,SALE,549300YJPFMS88VU1P70,0001475274,2014.0,Q3,2014-07-01,2014-09-30,2015-11-06 16:53:49+00:00,totalgrossprofit,totalcostofrevenue,Total Cost of Revenue,-,debit,usd,4598000.0
RetailMeNot Inc,SALE,549300YJPFMS88VU1P70,0001475274,2014.0,Q3,2014-07-01,2014-09-30,2015-11-06 16:53:49+00:00,totaloperatingincome,totalgrossprofit,Total Gross Profit,+,credit,usd,51872000.0
RetailMeNot Inc,SALE,549300YJPFMS88VU1P70,0001475274,2014.0,Q3,2014-07-01,2014-09-30,2015-11-06 16:53:49+00:00,totaloperatingexpenses,sgaexpense,"Selling, General & Admin Expense",+,debit,usd,11665000.0
RetailMeNot Inc,SALE,549300YJPFMS88VU1P70,0001475274,2014.0,Q3,2014-07-01,2014-09-30,2015-11-06 16:53:49+00:00,totaloperatingexpenses,marketingexpense,Marketing Expense,+,debit,usd,19198000.0
RetailMeNot Inc,SALE,549300YJPFMS88VU1P70,0001475274,2014.0,Q3,2014-07-01,2014-09-30,2015-11-06 16:53:49+00:00,totaloperatingexpenses,rdexpense,Research & Development Expense,+,debit,usd,12310000.0
RetailMeNot Inc,SALE,549300YJPFMS88VU1P70,0001475274,2014.0,Q3,2014-07-01,2014-09-30,2015-11-06 16:53:49+00:00,totaloperatingexpenses,amortizationexpense,Amortization Expense,+,debit,usd,2923000.0
RetailMeNot Inc,SALE,549300YJPFMS88VU1P70,0001475274,2014.0,Q3,2014-07-01,2014-09-30,2015-11-06 16:53:49+00:00,totaloperatingincome,totaloperatingexpenses,Total Operating Expenses,-,debit,usd,46096000.0
RetailMeNot Inc,SALE,549300YJPFMS88VU1P70,0001475274,2014.0,Q3,2014-07-01,2014-09-30,2015-11-06 16:53:49+00:00,totalpretaxincome,totaloperatingincome,Total Operating Income,+,credit,usd,5776000.0
RetailMeNot Inc,SALE,549300YJPFMS88VU1P70,0001475274,2014.0,Q3,2014-07-01,2014-09-30,2015-11-06 16:53:49+00:00,totalotherincome,totalinterestexpense,Interest Expense,-,debit,usd,374000.0
RetailMeNot Inc,SALE,549300YJPFMS88VU1P70,0001475274,2014.0,Q3,2014-07-01,2014-09-30,2015-11-06 16:53:49+00:00,totalotherincome,otherincome,"Other Income / (Expense), net",+,credit,usd,-674000.0
RetailMeNot Inc,SALE,549300YJPFMS88VU1P70,0001475274,2014.0,Q3,2014-07-01,2014-09-30,2015-11-06 16:53:49+00:00,totalpretaxincome,totalotherincome,"Total Other Income / (Expense), net",+,credit,usd,-1048000.0
RetailMeNot Inc,SALE,549300YJPFMS88VU1P70,0001475274,2014.0,Q3,2014-07-01,2014-09-30,2015-11-06 16:53:49+00:00,netincomecontinuing,totalpretaxincome,Total Pre-Tax Income ,+,credit,usd,4728000.0
RetailMeNot Inc,SALE,549300YJPFMS88VU1P70,0001475274,2014.0,Q3,2014-07-01,2014-09-30,2015-11-06 16:53:49+00:00,netincomecontinuing,incometaxexpense,Income Tax Expense,-,debit,usd,2200000.0
RetailMeNot Inc,SALE,549300YJPFMS88VU1P70,0001475274,2014.0,Q3,2014-07-01,2014-09-30,2015-11-06 16:53:49+00:00,netincome,netincomecontinuing,Net Income / (Loss) Continuing Operations,+,credit,usd,2528000.0
RetailMeNot Inc,SALE,549300YJPFMS88VU1P70,0001475274,2014.0,Q3,2014-07-01,2014-09-30,2015-11-06 16:53:49+00:00,netincometocommon,netincome,Consolidated Net Income / (Loss),+,credit,usd,2528000.0
RetailMeNot Inc,SALE,549300YJPFMS88VU1P70,0001475274,2014.0,Q3,2014-07-01,2014-09-30,2015-11-06 16:53:49+00:00,,netincometocommon,Net Income / (Loss) Attributable to Common Shareholders,=,credit,usd,2528000.0
RetailMeNot Inc,SALE,549300YJPFMS88VU1P70,0001475274,2014.0,Q3,2014-07-01,2014-09-30,2015-11-06 16:53:49+00:00,basiceps,weightedavebasicsharesos,Weighted Average Basic Shares Outstanding,/,,shares,53999000.0
RetailMeNot Inc,SALE,549300YJPFMS88VU1P70,0001475274,2014.0,Q3,2014-07-01,2014-09-30,2015-11-06 16:53:49+00:00,,basiceps,Basic Earnings per Share,=,,usdpershare,0.05
RetailMeNot Inc,SALE,549300YJPFMS88VU1P70,0001475274,2014.0,Q3,2014-07-01,2014-09-30,2015-11-06 16:53:49+00:00,dilutedeps,weightedavedilutedsharesos,Weighted Average Diluted Shares Outstanding,/,,shares,55086000.0
RetailMeNot Inc,SALE,549300YJPFMS88VU1P70,0001475274,2014.0,Q3,2014-07-01,2014-09-30,2015-11-06 16:53:49+00:00,,dilutedeps,Diluted Earnings per Share,=,,usdpershare,0.05
RetailMeNot Inc,SALE,549300YJPFMS88VU1P70,0001475274,2014.0,Q3,2014-07-01,2014-09-30,2015-11-06 16:53:49+00:00,basicdilutedeps,weightedavebasicdilutedsharesos,Weighted Average Basic & Diluted Shares Outstanding,/,,shares,50600000.0
RetailMeNot Inc,SALE,549300YJPFMS88VU1P70,0001475274,2014.0,Q3,2014-07-01,2014-09-30,2015-11-06 16:53:49+00:00,,basicdilutedeps,Basic & Diluted Earnings per Share,=,,usdpershare,0.05
RetailMeNot Inc,SALE,549300YJPFMS88VU1P70,0001475274,2014.0,Q4,2014-10-01,2014-12-31,,totalrevenue,operatingrevenue,Operating Revenue,+,credit,usd,87437000.0
RetailMeNot Inc,SALE,549300YJPFMS88VU1P70,0001475274,2014.0,Q4,2014-10-01,2014-12-31,,totalgrossprofit,totalrevenue,Total Revenue,+,credit,usd,87437000.0
RetailMeNot Inc,SALE,549300YJPFMS88VU1P70,0001475274,2014.0,Q4,2014-10-01,2014-12-31,,totalcostofrevenue,operatingcostofrevenue,Operating Cost of Revenue,+,debit,usd,4941000.0
RetailMeNot Inc,SALE,549300YJPFMS88VU1P70,0001475274,2014.0,Q4,2014-10-01,2014-12-31,,totalgrossprofit,totalcostofrevenue,Total Cost of Revenue,-,debit,usd,4941000.0
RetailMeNot Inc,SALE,549300YJPFMS88VU1P70,0001475274,2014.0,Q4,2014-10-01,2014-12-31,,totaloperatingincome,totalgrossprofit,Total Gross Profit,+,credit,usd,82496000.0
RetailMeNot Inc,SALE,549300YJPFMS88VU1P70,0001475274,2014.0,Q4,2014-10-01,2014-12-31,,totaloperatingexpenses,sgaexpense,"Selling, General & Admin Expense",+,debit,usd,12645000.0
RetailMeNot Inc,SALE,549300YJPFMS88VU1P70,0001475274,2014.0,Q4,2014-10-01,2014-12-31,,totaloperatingexpenses,marketingexpense,Marketing Expense,+,debit,usd,30497000.0
RetailMeNot Inc,SALE,549300YJPFMS88VU1P70,0001475274,2014.0,Q4,2014-10-01,2014-12-31,,totaloperatingexpenses,rdexpense,Research & Development Expense,+,debit,usd,11886000.0
RetailMeNot Inc,SALE,549300YJPFMS88VU1P70,0001475274,2014.0,Q4,2014-10-01,2014-12-31,,totaloperatingexpenses,amortizationexpense,Amortization Expense,+,debit,usd,2683000.0
RetailMeNot Inc,SALE,549300YJPFMS88VU1P70,0001475274,2014.0,Q4,2014-10-01,2014-12-31,,totaloperatingincome,totaloperatingexpenses,Total Operating Expenses,-,debit,usd,57711000.0
RetailMeNot Inc,SALE,549300YJPFMS88VU1P70,0001475274,2014.0,Q4,2014-10-01,2014-12-31,,totalpretaxincome,totaloperatingincome,Total Operating Income,+,credit,usd,24785000.0
RetailMeNot Inc,SALE,549300YJPFMS88VU1P70,0001475274,2014.0,Q4,2014-10-01,2014-12-31,,totalotherincome,totalinterestexpense,Interest Expense,-,debit,usd,582000.0
RetailMeNot Inc,SALE,549300YJPFMS88VU1P70,0001475274,2014.0,Q4,2014-10-01,2014-12-31,,totalotherincome,otherincome,"Other Income / (Expense), net",+,credit,usd,-128000.0
RetailMeNot Inc,SALE,549300YJPFMS88VU1P70,0001475274,2014.0,Q4,2014-10-01,2014-12-31,,totalpretaxincome,totalotherincome,"Total Other Income / (Expense), net",+,credit,usd,-710000.0
RetailMeNot Inc,SALE,549300YJPFMS88VU1P70,0001475274,2014.0,Q4,2014-10-01,2014-12-31,,netincomecontinuing,totalpretaxincome,Total Pre-Tax Income ,+,credit,usd,24075000.0
RetailMeNot Inc,SALE,549300YJPFMS88VU1P70,0001475274,2014.0,Q4,2014-10-01,2014-12-31,,netincomecontinuing,incometaxexpense,Income Tax Expense,-,debit,usd,10039000.0
RetailMeNot Inc,SALE,549300YJPFMS88VU1P70,0001475274,2014.0,Q4,2014-10-01,2014-12-31,,netincome,netincomecontinuing,Net Income / (Loss) Continuing Operations,+,credit,usd,14036000.0
RetailMeNot Inc,SALE,549300YJPFMS88VU1P70,0001475274,2014.0,Q4,2014-10-01,2014-12-31,,netincometocommon,netincome,Consolidated Net Income / (Loss),+,credit,usd,14036000.0
RetailMeNot Inc,SALE,549300YJPFMS88VU1P70,0001475274,2014.0,Q4,2014-10-01,2014-12-31,,,netincometocommon,Net Income / (Loss) Attributable to Common Shareholders,=,credit,usd,14036000.0
RetailMeNot Inc,SALE,549300YJPFMS88VU1P70,0001475274,2014.0,Q4,2014-10-01,2014-12-31,,basiceps,weightedavebasicsharesos,Weighted Average Basic Shares Outstanding,/,,shares,53792000.0
RetailMeNot Inc,SALE,549300YJPFMS88VU1P70,0001475274,2014.0,Q4,2014-10-01,2014-12-31,,,basiceps,Basic Earnings per Share,=,,usdpershare,0.26
RetailMeNot Inc,SALE,549300YJPFMS88VU1P70,0001475274,2014.0,Q4,2014-10-01,2014-12-31,,dilutedeps,weightedavedilutedsharesos,Weighted Average Diluted Shares Outstanding,/,,shares,55311000.0
RetailMeNot Inc,SALE,549300YJPFMS88VU1P70,0001475274,2014.0,Q4,2014-10-01,2014-12-31,,,dilutedeps,Diluted Earnings per Share,=,,usdpershare,0.25
RetailMeNot Inc,SALE,549300YJPFMS88VU1P70,0001475274,2014.0,Q4,2014-10-01,2014-12-31,,basicdilutedeps,weightedavebasicdilutedsharesos,Weighted Average Basic & Diluted Shares Outstanding,/,,shares,53900000.0
RetailMeNot Inc,SALE,549300YJPFMS88VU1P70,0001475274,2014.0,Q4,2014-10-01,2014-12-31,,,basicdilutedeps,Basic & Diluted Earnings per Share,=,,usdpershare,0.26
RetailMeNot Inc,SALE,549300YJPFMS88VU1P70,0001475274,2015.0,Q1,2015-01-01,2015-03-31,2016-05-03 17:21:10+00:00,totalrevenue,operatingrevenue,Operating Revenue,+,credit,usd,60384000.0
RetailMeNot Inc,SALE,549300YJPFMS88VU1P70,0001475274,2015.0,Q1,2015-01-01,2015-03-31,2016-05-03 17:21:10+00:00,totalgrossprofit,totalrevenue,Total Revenue,+,credit,usd,60384000.0
RetailMeNot Inc,SALE,549300YJPFMS88VU1P70,0001475274,2015.0,Q1,2015-01-01,2015-03-31,2016-05-03 17:21:10+00:00,totalcostofrevenue,operatingcostofrevenue,Operating Cost of Revenue,+,debit,usd,5346000.0
RetailMeNot Inc,SALE,549300YJPFMS88VU1P70,0001475274,2015.0,Q1,2015-01-01,2015-03-31,2016-05-03 17:21:10+00:00,totalgrossprofit,totalcostofrevenue,Total Cost of Revenue,-,debit,usd,5346000.0
RetailMeNot Inc,SALE,549300YJPFMS88VU1P70,0001475274,2015.0,Q1,2015-01-01,2015-03-31,2016-05-03 17:21:10+00:00,totaloperatingincome,totalgrossprofit,Total Gross Profit,+,credit,usd,55038000.0
RetailMeNot Inc,SALE,549300YJPFMS88VU1P70,0001475274,2015.0,Q1,2015-01-01,2015-03-31,2016-05-03 17:21:10+00:00,totaloperatingexpenses,sgaexpense,"Selling, General & Admin Expense",+,debit,usd,10335000.0
RetailMeNot Inc,SALE,549300YJPFMS88VU1P70,0001475274,2015.0,Q1,2015-01-01,2015-03-31,2016-05-03 17:21:10+00:00,totaloperatingexpenses,marketingexpense,Marketing Expense,+,debit,usd,21641000.0
RetailMeNot Inc,SALE,549300YJPFMS88VU1P70,0001475274,2015.0,Q1,2015-01-01,2015-03-31,2016-05-03 17:21:10+00:00,totaloperatingexpenses,rdexpense,Research & Development Expense,+,debit,usd,13320000.0
RetailMeNot Inc,SALE,549300YJPFMS88VU1P70,0001475274,2015.0,Q1,2015-01-01,2015-03-31,2016-05-03 17:21:10+00:00,totaloperatingexpenses,amortizationexpense,Amortization Expense,+,debit,usd,2626000.0
RetailMeNot Inc,SALE,549300YJPFMS88VU1P70,0001475274,2015.0,Q1,2015-01-01,2015-03-31,2016-05-03 17:21:10+00:00,totaloperatingincome,totaloperatingexpenses,Total Operating Expenses,-,debit,usd,47922000.0
RetailMeNot Inc,SALE,549300YJPFMS88VU1P70,0001475274,2015.0,Q1,2015-01-01,2015-03-31,2016-05-03 17:21:10+00:00,totalpretaxincome,totaloperatingincome,Total Operating Income,+,credit,usd,7116000.0
RetailMeNot Inc,SALE,549300YJPFMS88VU1P70,0001475274,2015.0,Q1,2015-01-01,2015-03-31,2016-05-03 17:21:10+00:00,totalotherincome,totalinterestexpense,Interest Expense,-,debit,usd,421000.0
RetailMeNot Inc,SALE,549300YJPFMS88VU1P70,0001475274,2015.0,Q1,2015-01-01,2015-03-31,2016-05-03 17:21:10+00:00,totalotherincome,otherincome,"Other Income / (Expense), net",+,credit,usd,-243000.0
RetailMeNot Inc,SALE,549300YJPFMS88VU1P70,0001475274,2015.0,Q1,2015-01-01,2015-03-31,2016-05-03 17:21:10+00:00,totalpretaxincome,totalotherincome,"Total Other Income / (Expense), net",+,credit,usd,-664000.0
RetailMeNot Inc,SALE,549300YJPFMS88VU1P70,0001475274,2015.0,Q1,2015-01-01,2015-03-31,2016-05-03 17:21:10+00:00,netincomecontinuing,totalpretaxincome,Total Pre-Tax Income ,+,credit,usd,6452000.0
RetailMeNot Inc,SALE,549300YJPFMS88VU1P70,0001475274,2015.0,Q1,2015-01-01,2015-03-31,2016-05-03 17:21:10+00:00,netincomecontinuing,incometaxexpense,Income Tax Expense,-,debit,usd,2393000.0
RetailMeNot Inc,SALE,549300YJPFMS88VU1P70,0001475274,2015.0,Q1,2015-01-01,2015-03-31,2016-05-03 17:21:10+00:00,netincome,netincomecontinuing,Net Income / (Loss) Continuing Operations,+,credit,usd,4059000.0
RetailMeNot Inc,SALE,549300YJPFMS88VU1P70,0001475274,2015.0,Q1,2015-01-01,2015-03-31,2016-05-03 17:21:10+00:00,netincometocommon,netincome,Consolidated Net Income / (Loss),+,credit,usd,4059000.0
RetailMeNot Inc,SALE,549300YJPFMS88VU1P70,0001475274,2015.0,Q1,2015-01-01,2015-03-31,2016-05-03 17:21:10+00:00,,netincometocommon,Net Income / (Loss) Attributable to Common Shareholders,=,credit,usd,4059000.0
RetailMeNot Inc,SALE,549300YJPFMS88VU1P70,0001475274,2015.0,Q1,2015-01-01,2015-03-31,2016-05-03 17:21:10+00:00,basiceps,weightedavebasicsharesos,Weighted Average Basic Shares Outstanding,/,,shares,54029000.0
RetailMeNot Inc,SALE,549300YJPFMS88VU1P70,0001475274,2015.0,Q1,2015-01-01,2015-03-31,2016-05-03 17:21:10+00:00,,basiceps,Basic Earnings per Share,=,,usdpershare,0.08
RetailMeNot Inc,SALE,549300YJPFMS88VU1P70,0001475274,2015.0,Q1,2015-01-01,2015-03-31,2016-05-03 17:21:10+00:00,dilutedeps,weightedavedilutedsharesos,Weighted Average Diluted Shares Outstanding,/,,shares,55035000.0
RetailMeNot Inc,SALE,549300YJPFMS88VU1P70,0001475274,2015.0,Q1,2015-01-01,2015-03-31,2016-05-03 17:21:10+00:00,,dilutedeps,Diluted Earnings per Share,=,,usdpershare,0.07
RetailMeNot Inc,SALE,549300YJPFMS88VU1P70,0001475274,2015.0,Q1,2015-01-01,2015-03-31,2016-05-03 17:21:10+00:00,basicdilutedeps,weightedavebasicdilutedsharesos,Weighted Average Basic & Diluted Shares Outstanding,/,,shares,50700000.0
RetailMeNot Inc,SALE,549300YJPFMS88VU1P70,0001475274,2015.0,Q1,2015-01-01,2015-03-31,2016-05-03 17:21:10+00:00,,basicdilutedeps,Basic & Diluted Earnings per Share,=,,usdpershare,0.08
RetailMeNot Inc,SALE,549300YJPFMS88VU1P70,0001475274,2015.0,Q2,2015-04-01,2015-06-30,2016-08-02 17:14:52+00:00,totalrevenue,operatingrevenue,Operating Revenue,+,credit,usd,53180000.0
RetailMeNot Inc,SALE,549300YJPFMS88VU1P70,0001475274,2015.0,Q2,2015-04-01,2015-06-30,2016-08-02 17:14:52+00:00,totalgrossprofit,totalrevenue,Total Revenue,+,credit,usd,53180000.0
RetailMeNot Inc,SALE,549300YJPFMS88VU1P70,0001475274,2015.0,Q2,2015-04-01,2015-06-30,2016-08-02 17:14:52+00:00,totalcostofrevenue,operatingcostofrevenue,Operating Cost of Revenue,+,debit,usd,5176000.0
RetailMeNot Inc,SALE,549300YJPFMS88VU1P70,0001475274,2015.0,Q2,2015-04-01,2015-06-30,2016-08-02 17:14:52+00:00,totalgrossprofit,totalcostofrevenue,Total Cost of Revenue,-,debit,usd,5176000.0
RetailMeNot Inc,SALE,549300YJPFMS88VU1P70,0001475274,2015.0,Q2,2015-04-01,2015-06-30,2016-08-02 17:14:52+00:00,totaloperatingincome,totalgrossprofit,Total Gross Profit,+,credit,usd,48004000.0
RetailMeNot Inc,SALE,549300YJPFMS88VU1P70,0001475274,2015.0,Q2,2015-04-01,2015-06-30,2016-08-02 17:14:52+00:00,totaloperatingexpenses,sgaexpense,"Selling, General & Admin Expense",+,debit,usd,10475000.0
RetailMeNot Inc,SALE,549300YJPFMS88VU1P70,0001475274,2015.0,Q2,2015-04-01,2015-06-30,2016-08-02 17:14:52+00:00,totaloperatingexpenses,marketingexpense,Marketing Expense,+,debit,usd,22636000.0
RetailMeNot Inc,SALE,549300YJPFMS88VU1P70,0001475274,2015.0,Q2,2015-04-01,2015-06-30,2016-08-02 17:14:52+00:00,totaloperatingexpenses,rdexpense,Research & Development Expense,+,debit,usd,13072000.0
RetailMeNot Inc,SALE,549300YJPFMS88VU1P70,0001475274,2015.0,Q2,2015-04-01,2015-06-30,2016-08-02 17:14:52+00:00,totaloperatingexpenses,amortizationexpense,Amortization Expense,+,debit,usd,2739000.0
RetailMeNot Inc,SALE,549300YJPFMS88VU1P70,0001475274,2015.0,Q2,2015-04-01,2015-06-30,2016-08-02 17:14:52+00:00,totaloperatingincome,totaloperatingexpenses,Total Operating Expenses,-,debit,usd,48922000.0
RetailMeNot Inc,SALE,549300YJPFMS88VU1P70,0001475274,2015.0,Q2,2015-04-01,2015-06-30,2016-08-02 17:14:52+00:00,totalpretaxincome,totaloperatingincome,Total Operating Income,+,credit,usd,-918000.0
RetailMeNot Inc,SALE,549300YJPFMS88VU1P70,0001475274,2015.0,Q2,2015-04-01,2015-06-30,2016-08-02 17:14:52+00:00,totalotherincome,totalinterestexpense,Interest Expense,-,debit,usd,492000.0
RetailMeNot Inc,SALE,549300YJPFMS88VU1P70,0001475274,2015.0,Q2,2015-04-01,2015-06-30,2016-08-02 17:14:52+00:00,totalotherincome,otherincome,"Other Income / (Expense), net",+,credit,usd,-154000.0
RetailMeNot Inc,SALE,549300YJPFMS88VU1P70,0001475274,2015.0,Q2,2015-04-01,2015-06-30,2016-08-02 17:14:52+00:00,totalpretaxincome,totalotherincome,"Total Other Income / (Expense), net",+,credit,usd,-646000.0
RetailMeNot Inc,SALE,549300YJPFMS88VU1P70,0001475274,2015.0,Q2,2015-04-01,2015-06-30,2016-08-02 17:14:52+00:00,netincomecontinuing,totalpretaxincome,Total Pre-Tax Income ,+,credit,usd,-1564000.0
RetailMeNot Inc,SALE,549300YJPFMS88VU1P70,0001475274,2015.0,Q2,2015-04-01,2015-06-30,2016-08-02 17:14:52+00:00,netincomecontinuing,incometaxexpense,Income Tax Expense,-,debit,usd,27000.0
RetailMeNot Inc,SALE,549300YJPFMS88VU1P70,0001475274,2015.0,Q2,2015-04-01,2015-06-30,2016-08-02 17:14:52+00:00,netincome,netincomecontinuing,Net Income / (Loss) Continuing Operations,+,credit,usd,-1591000.0
RetailMeNot Inc,SALE,549300YJPFMS88VU1P70,0001475274,2015.0,Q2,2015-04-01,2015-06-30,2016-08-02 17:14:52+00:00,netincometocommon,netincome,Consolidated Net Income / (Loss),+,credit,usd,-1591000.0
RetailMeNot Inc,SALE,549300YJPFMS88VU1P70,0001475274,2015.0,Q2,2015-04-01,2015-06-30,2016-08-02 17:14:52+00:00,,netincometocommon,Net Income / (Loss) Attributable to Common Shareholders,=,credit,usd,-1591000.0
RetailMeNot Inc,SALE,549300YJPFMS88VU1P70,0001475274,2015.0,Q2,2015-04-01,2015-06-30,2016-08-02 17:14:52+00:00,basiceps,weightedavebasicsharesos,Weighted Average Basic Shares Outstanding,/,,shares,53482000.0
RetailMeNot Inc,SALE,549300YJPFMS88VU1P70,0001475274,2015.0,Q2,2015-04-01,2015-06-30,2016-08-02 17:14:52+00:00,,basiceps,Basic Earnings per Share,=,,usdpershare,-0.03
RetailMeNot Inc,SALE,549300YJPFMS88VU1P70,0001475274,2015.0,Q2,2015-04-01,2015-06-30,2016-08-02 17:14:52+00:00,dilutedeps,weightedavedilutedsharesos,Weighted Average Diluted Shares Outstanding,/,,shares,53482000.0
RetailMeNot Inc,SALE,549300YJPFMS88VU1P70,0001475274,2015.0,Q2,2015-04-01,2015-06-30,2016-08-02 17:14:52+00:00,,dilutedeps,Diluted Earnings per Share,=,,usdpershare,-0.03
RetailMeNot Inc,SALE,549300YJPFMS88VU1P70,0001475274,2015.0,Q2,2015-04-01,2015-06-30,2016-08-02 17:14:52+00:00,basicdilutedeps,weightedavebasicdilutedsharesos,Weighted Average Basic & Diluted Shares Outstanding,/,,shares,53000000.0
RetailMeNot Inc,SALE,549300YJPFMS88VU1P70,0001475274,2015.0,Q2,2015-04-01,2015-06-30,2016-08-02 17:14:52+00:00,,basicdilutedeps,Basic & Diluted Earnings per Share,=,,usdpershare,-0.03
RetailMeNot Inc,SALE,549300YJPFMS88VU1P70,0001475274,2015.0,Q3,2015-07-01,2015-09-30,2016-11-01 16:50:01+00:00,totalrevenue,operatingrevenue,Operating Revenue,+,credit,usd,52412000.0
RetailMeNot Inc,SALE,549300YJPFMS88VU1P70,0001475274,2015.0,Q3,2015-07-01,2015-09-30,2016-11-01 16:50:01+00:00,totalgrossprofit,totalrevenue,Total Revenue,+,credit,usd,52412000.0
RetailMeNot Inc,SALE,549300YJPFMS88VU1P70,0001475274,2015.0,Q3,2015-07-01,2015-09-30,2016-11-01 16:50:01+00:00,totalcostofrevenue,operatingcostofrevenue,Operating Cost of Revenue,+,debit,usd,4511000.0
RetailMeNot Inc,SALE,549300YJPFMS88VU1P70,0001475274,2015.0,Q3,2015-07-01,2015-09-30,2016-11-01 16:50:01+00:00,totalgrossprofit,totalcostofrevenue,Total Cost of Revenue,-,debit,usd,4511000.0
RetailMeNot Inc,SALE,549300YJPFMS88VU1P70,0001475274,2015.0,Q3,2015-07-01,2015-09-30,2016-11-01 16:50:01+00:00,totaloperatingincome,totalgrossprofit,Total Gross Profit,+,credit,usd,47901000.0
RetailMeNot Inc,SALE,549300YJPFMS88VU1P70,0001475274,2015.0,Q3,2015-07-01,2015-09-30,2016-11-01 16:50:01+00:00,totaloperatingexpenses,sgaexpense,"Selling, General & Admin Expense",+,debit,usd,10379000.0
RetailMeNot Inc,SALE,549300YJPFMS88VU1P70,0001475274,2015.0,Q3,2015-07-01,2015-09-30,2016-11-01 16:50:01+00:00,totaloperatingexpenses,marketingexpense,Marketing Expense,+,debit,usd,21930000.0
RetailMeNot Inc,SALE,549300YJPFMS88VU1P70,0001475274,2015.0,Q3,2015-07-01,2015-09-30,2016-11-01 16:50:01+00:00,totaloperatingexpenses,rdexpense,Research & Development Expense,+,debit,usd,13011000.0
RetailMeNot Inc,SALE,549300YJPFMS88VU1P70,0001475274,2015.0,Q3,2015-07-01,2015-09-30,2016-11-01 16:50:01+00:00,totaloperatingexpenses,amortizationexpense,Amortization Expense,+,debit,usd,2811000.0
RetailMeNot Inc,SALE,549300YJPFMS88VU1P70,0001475274,2015.0,Q3,2015-07-01,2015-09-30,2016-11-01 16:50:01+00:00,totaloperatingincome,totaloperatingexpenses,Total Operating Expenses,-,debit,usd,48131000.0
RetailMeNot Inc,SALE,549300YJPFMS88VU1P70,0001475274,2015.0,Q3,2015-07-01,2015-09-30,2016-11-01 16:50:01+00:00,totalpretaxincome,totaloperatingincome,Total Operating Income,+,credit,usd,-230000.0
RetailMeNot Inc,SALE,549300YJPFMS88VU1P70,0001475274,2015.0,Q3,2015-07-01,2015-09-30,2016-11-01 16:50:01+00:00,totalotherincome,totalinterestexpense,Interest Expense,-,debit,usd,536000.0
RetailMeNot Inc,SALE,549300YJPFMS88VU1P70,0001475274,2015.0,Q3,2015-07-01,2015-09-30,2016-11-01 16:50:01+00:00,totalotherincome,otherincome,"Other Income / (Expense), net",+,credit,usd,96000.0
RetailMeNot Inc,SALE,549300YJPFMS88VU1P70,0001475274,2015.0,Q3,2015-07-01,2015-09-30,2016-11-01 16:50:01+00:00,totalpretaxincome,totalotherincome,"Total Other Income / (Expense), net",+,credit,usd,-440000.0
RetailMeNot Inc,SALE,549300YJPFMS88VU1P70,0001475274,2015.0,Q3,2015-07-01,2015-09-30,2016-11-01 16:50:01+00:00,netincomecontinuing,totalpretaxincome,Total Pre-Tax Income ,+,credit,usd,-670000.0
RetailMeNot Inc,SALE,549300YJPFMS88VU1P70,0001475274,2015.0,Q3,2015-07-01,2015-09-30,2016-11-01 16:50:01+00:00,netincomecontinuing,incometaxexpense,Income Tax Expense,-,debit,usd,-1013000.0
RetailMeNot Inc,SALE,549300YJPFMS88VU1P70,0001475274,2015.0,Q3,2015-07-01,2015-09-30,2016-11-01 16:50:01+00:00,netincome,netincomecontinuing,Net Income / (Loss) Continuing Operations,+,credit,usd,343000.0
RetailMeNot Inc,SALE,549300YJPFMS88VU1P70,0001475274,2015.0,Q3,2015-07-01,2015-09-30,2016-11-01 16:50:01+00:00,netincometocommon,netincome,Consolidated Net Income / (Loss),+,credit,usd,343000.0
RetailMeNot Inc,SALE,549300YJPFMS88VU1P70,0001475274,2015.0,Q3,2015-07-01,2015-09-30,2016-11-01 16:50:01+00:00,,netincometocommon,Net Income / (Loss) Attributable to Common Shareholders,=,credit,usd,343000.0
RetailMeNot Inc,SALE,549300YJPFMS88VU1P70,0001475274,2015.0,Q3,2015-07-01,2015-09-30,2016-11-01 16:50:01+00:00,basiceps,weightedavebasicsharesos,Weighted Average Basic Shares Outstanding,/,,shares,53037000.0
RetailMeNot Inc,SALE,549300YJPFMS88VU1P70,0001475274,2015.0,Q3,2015-07-01,2015-09-30,2016-11-01 16:50:01+00:00,,basiceps,Basic Earnings per Share,=,,usdpershare,0.01
RetailMeNot Inc,SALE,549300YJPFMS88VU1P70,0001475274,2015.0,Q3,2015-07-01,2015-09-30,2016-11-01 16:50:01+00:00,dilutedeps,weightedavedilutedsharesos,Weighted Average Diluted Shares Outstanding,/,,shares,53744000.0
RetailMeNot Inc,SALE,549300YJPFMS88VU1P70,0001475274,2015.0,Q3,2015-07-01,2015-09-30,2016-11-01 16:50:01+00:00,,dilutedeps,Diluted Earnings per Share,=,,usdpershare,0.01
RetailMeNot Inc,SALE,549300YJPFMS88VU1P70,0001475274,2015.0,Q3,2015-07-01,2015-09-30,2016-11-01 16:50:01+00:00,basicdilutedeps,weightedavebasicdilutedsharesos,Weighted Average Basic & Diluted Shares Outstanding,/,,shares,34300000.0
RetailMeNot Inc,SALE,549300YJPFMS88VU1P70,0001475274,2015.0,Q3,2015-07-01,2015-09-30,2016-11-01 16:50:01+00:00,,basicdilutedeps,Basic & Diluted Earnings per Share,=,,usdpershare,0.01
RetailMeNot Inc,SALE,549300YJPFMS88VU1P70,0001475274,2015.0,Q4,2015-10-01,2015-12-31,,totalrevenue,operatingrevenue,Operating Revenue,+,credit,usd,83139000.0
RetailMeNot Inc,SALE,549300YJPFMS88VU1P70,0001475274,2015.0,Q4,2015-10-01,2015-12-31,,totalgrossprofit,totalrevenue,Total Revenue,+,credit,usd,83139000.0
RetailMeNot Inc,SALE,549300YJPFMS88VU1P70,0001475274,2015.0,Q4,2015-10-01,2015-12-31,,totalcostofrevenue,operatingcostofrevenue,Operating Cost of Revenue,+,debit,usd,4871000.0
RetailMeNot Inc,SALE,549300YJPFMS88VU1P70,0001475274,2015.0,Q4,2015-10-01,2015-12-31,,totalgrossprofit,totalcostofrevenue,Total Cost of Revenue,-,debit,usd,4871000.0
RetailMeNot Inc,SALE,549300YJPFMS88VU1P70,0001475274,2015.0,Q4,2015-10-01,2015-12-31,,totaloperatingincome,totalgrossprofit,Total Gross Profit,+,credit,usd,78268000.0
RetailMeNot Inc,SALE,549300YJPFMS88VU1P70,0001475274,2015.0,Q4,2015-10-01,2015-12-31,,totaloperatingexpenses,sgaexpense,"Selling, General & Admin Expense",+,debit,usd,13240000.0
RetailMeNot Inc,SALE,549300YJPFMS88VU1P70,0001475274,2015.0,Q4,2015-10-01,2015-12-31,,totaloperatingexpenses,marketingexpense,Marketing Expense,+,debit,usd,33173000.0
RetailMeNot Inc,SALE,549300YJPFMS88VU1P70,0001475274,2015.0,Q4,2015-10-01,2015-12-31,,totaloperatingexpenses,rdexpense,Research & Development Expense,+,debit,usd,12177000.0
RetailMeNot Inc,SALE,549300YJPFMS88VU1P70,0001475274,2015.0,Q4,2015-10-01,2015-12-31,,totaloperatingexpenses,amortizationexpense,Amortization Expense,+,debit,usd,2488000.0
RetailMeNot Inc,SALE,549300YJPFMS88VU1P70,0001475274,2015.0,Q4,2015-10-01,2015-12-31,,totaloperatingincome,totaloperatingexpenses,Total Operating Expenses,-,debit,usd,61078000.0
RetailMeNot Inc,SALE,549300YJPFMS88VU1P70,0001475274,2015.0,Q4,2015-10-01,2015-12-31,,totalpretaxincome,totaloperatingincome,Total Operating Income,+,credit,usd,17190000.0
RetailMeNot Inc,SALE,549300YJPFMS88VU1P70,0001475274,2015.0,Q4,2015-10-01,2015-12-31,,totalotherincome,totalinterestexpense,Interest Expense,-,debit,usd,539000.0
RetailMeNot Inc,SALE,549300YJPFMS88VU1P70,0001475274,2015.0,Q4,2015-10-01,2015-12-31,,totalotherincome,otherincome,"Other Income / (Expense), net",+,credit,usd,-14000.0
RetailMeNot Inc,SALE,549300YJPFMS88VU1P70,0001475274,2015.0,Q4,2015-10-01,2015-12-31,,totalpretaxincome,totalotherincome,"Total Other Income / (Expense), net",+,credit,usd,-553000.0
RetailMeNot Inc,SALE,549300YJPFMS88VU1P70,0001475274,2015.0,Q4,2015-10-01,2015-12-31,,netincomecontinuing,totalpretaxincome,Total Pre-Tax Income ,+,credit,usd,16637000.0
RetailMeNot Inc,SALE,549300YJPFMS88VU1P70,0001475274,2015.0,Q4,2015-10-01,2015-12-31,,netincomecontinuing,incometaxexpense,Income Tax Expense,-,debit,usd,7600000.0
RetailMeNot Inc,SALE,549300YJPFMS88VU1P70,0001475274,2015.0,Q4,2015-10-01,2015-12-31,,netincome,netincomecontinuing,Net Income / (Loss) Continuing Operations,+,credit,usd,9037000.0
RetailMeNot Inc,SALE,549300YJPFMS88VU1P70,0001475274,2015.0,Q4,2015-10-01,2015-12-31,,netincometocommon,netincome,Consolidated Net Income / (Loss),+,credit,usd,9037000.0
RetailMeNot Inc,SALE,549300YJPFMS88VU1P70,0001475274,2015.0,Q4,2015-10-01,2015-12-31,,,netincometocommon,Net Income / (Loss) Attributable to Common Shareholders,=,credit,usd,9037000.0
RetailMeNot Inc,SALE,549300YJPFMS88VU1P70,0001475274,2015.0,Q4,2015-10-01,2015-12-31,,basiceps,weightedavebasicsharesos,Weighted Average Basic Shares Outstanding,/,,shares,53076000.0
RetailMeNot Inc,SALE,549300YJPFMS88VU1P70,0001475274,2015.0,Q4,2015-10-01,2015-12-31,,,basiceps,Basic Earnings per Share,=,,usdpershare,0.16
RetailMeNot Inc,SALE,549300YJPFMS88VU1P70,0001475274,2015.0,Q4,2015-10-01,2015-12-31,,dilutedeps,weightedavedilutedsharesos,Weighted Average Diluted Shares Outstanding,/,,shares,54099000.0
RetailMeNot Inc,SALE,549300YJPFMS88VU1P70,0001475274,2015.0,Q4,2015-10-01,2015-12-31,,,dilutedeps,Diluted Earnings per Share,=,,usdpershare,0.17
RetailMeNot Inc,SALE,549300YJPFMS88VU1P70,0001475274,2015.0,Q4,2015-10-01,2015-12-31,,basicdilutedeps,weightedavebasicdilutedsharesos,Weighted Average Basic & Diluted Shares Outstanding,/,,shares,53900000.0
RetailMeNot Inc,SALE,549300YJPFMS88VU1P70,0001475274,2015.0,Q4,2015-10-01,2015-12-31,,,basicdilutedeps,Basic & Diluted Earnings per Share,=,,usdpershare,0.16
RetailMeNot Inc,SALE,549300YJPFMS88VU1P70,0001475274,2016.0,Q1,2016-01-01,2016-03-31,2017-05-02 16:20:39+00:00,totalrevenue,operatingrevenue,Operating Revenue,+,credit,usd,54649000.0
RetailMeNot Inc,SALE,549300YJPFMS88VU1P70,0001475274,2016.0,Q1,2016-01-01,2016-03-31,2017-05-02 16:20:39+00:00,totalgrossprofit,totalrevenue,Total Revenue,+,credit,usd,54649000.0
RetailMeNot Inc,SALE,549300YJPFMS88VU1P70,0001475274,2016.0,Q1,2016-01-01,2016-03-31,2017-05-02 16:20:39+00:00,totalcostofrevenue,operatingcostofrevenue,Operating Cost of Revenue,+,debit,usd,5200000.0
RetailMeNot Inc,SALE,549300YJPFMS88VU1P70,0001475274,2016.0,Q1,2016-01-01,2016-03-31,2017-05-02 16:20:39+00:00,totalgrossprofit,totalcostofrevenue,Total Cost of Revenue,-,debit,usd,5200000.0
RetailMeNot Inc,SALE,549300YJPFMS88VU1P70,0001475274,2016.0,Q1,2016-01-01,2016-03-31,2017-05-02 16:20:39+00:00,totaloperatingincome,totalgrossprofit,Total Gross Profit,+,credit,usd,49449000.0
RetailMeNot Inc,SALE,549300YJPFMS88VU1P70,0001475274,2016.0,Q1,2016-01-01,2016-03-31,2017-05-02 16:20:39+00:00,totaloperatingexpenses,sgaexpense,"Selling, General & Admin Expense",+,debit,usd,11058000.0
RetailMeNot Inc,SALE,549300YJPFMS88VU1P70,0001475274,2016.0,Q1,2016-01-01,2016-03-31,2017-05-02 16:20:39+00:00,totaloperatingexpenses,marketingexpense,Marketing Expense,+,debit,usd,23325000.0
RetailMeNot Inc,SALE,549300YJPFMS88VU1P70,0001475274,2016.0,Q1,2016-01-01,2016-03-31,2017-05-02 16:20:39+00:00,totaloperatingexpenses,rdexpense,Research & Development Expense,+,debit,usd,12611000.0
RetailMeNot Inc,SALE,549300YJPFMS88VU1P70,0001475274,2016.0,Q1,2016-01-01,2016-03-31,2017-05-02 16:20:39+00:00,totaloperatingexpenses,amortizationexpense,Amortization Expense,+,debit,usd,1954000.0
RetailMeNot Inc,SALE,549300YJPFMS88VU1P70,0001475274,2016.0,Q1,2016-01-01,2016-03-31,2017-05-02 16:20:39+00:00,totaloperatingincome,totaloperatingexpenses,Total Operating Expenses,-,debit,usd,48948000.0
RetailMeNot Inc,SALE,549300YJPFMS88VU1P70,0001475274,2016.0,Q1,2016-01-01,2016-03-31,2017-05-02 16:20:39+00:00,totalpretaxincome,totaloperatingincome,Total Operating Income,+,credit,usd,501000.0
RetailMeNot Inc,SALE,549300YJPFMS88VU1P70,0001475274,2016.0,Q1,2016-01-01,2016-03-31,2017-05-02 16:20:39+00:00,totalotherincome,totalinterestexpense,Interest Expense,-,debit,usd,600000.0
RetailMeNot Inc,SALE,549300YJPFMS88VU1P70,0001475274,2016.0,Q1,2016-01-01,2016-03-31,2017-05-02 16:20:39+00:00,totalotherincome,otherincome,"Other Income / (Expense), net",+,credit,usd,122000.0
RetailMeNot Inc,SALE,549300YJPFMS88VU1P70,0001475274,2016.0,Q1,2016-01-01,2016-03-31,2017-05-02 16:20:39+00:00,totalpretaxincome,totalotherincome,"Total Other Income / (Expense), net",+,credit,usd,-478000.0
RetailMeNot Inc,SALE,549300YJPFMS88VU1P70,0001475274,2016.0,Q1,2016-01-01,2016-03-31,2017-05-02 16:20:39+00:00,netincomecontinuing,totalpretaxincome,Total Pre-Tax Income ,+,credit,usd,23000.0
RetailMeNot Inc,SALE,549300YJPFMS88VU1P70,0001475274,2016.0,Q1,2016-01-01,2016-03-31,2017-05-02 16:20:39+00:00,netincomecontinuing,incometaxexpense,Income Tax Expense,-,debit,usd,59000.0
RetailMeNot Inc,SALE,549300YJPFMS88VU1P70,0001475274,2016.0,Q1,2016-01-01,2016-03-31,2017-05-02 16:20:39+00:00,netincome,netincomecontinuing,Net Income / (Loss) Continuing Operations,+,credit,usd,-36000.0
RetailMeNot Inc,SALE,549300YJPFMS88VU1P70,0001475274,2016.0,Q1,2016-01-01,2016-03-31,2017-05-02 16:20:39+00:00,netincometocommon,netincome,Consolidated Net Income / (Loss),+,credit,usd,-36000.0
RetailMeNot Inc,SALE,549300YJPFMS88VU1P70,0001475274,2016.0,Q1,2016-01-01,2016-03-31,2017-05-02 16:20:39+00:00,,netincometocommon,Net Income / (Loss) Attributable to Common Shareholders,=,credit,usd,-36000.0
RetailMeNot Inc,SALE,549300YJPFMS88VU1P70,0001475274,2016.0,Q1,2016-01-01,2016-03-31,2017-05-02 16:20:39+00:00,basiceps,weightedavebasicsharesos,Weighted Average Basic Shares Outstanding,/,,shares,49188000.0
RetailMeNot Inc,SALE,549300YJPFMS88VU1P70,0001475274,2016.0,Q1,2016-01-01,2016-03-31,2017-05-02 16:20:39+00:00,,basiceps,Basic Earnings per Share,=,,usdpershare,0.0
RetailMeNot Inc,SALE,549300YJPFMS88VU1P70,0001475274,2016.0,Q1,2016-01-01,2016-03-31,2017-05-02 16:20:39+00:00,dilutedeps,weightedavedilutedsharesos,Weighted Average Diluted Shares Outstanding,/,,shares,49188000.0
RetailMeNot Inc,SALE,549300YJPFMS88VU1P70,0001475274,2016.0,Q1,2016-01-01,2016-03-31,2017-05-02 16:20:39+00:00,,dilutedeps,Diluted Earnings per Share,=,,usdpershare,0.0
RetailMeNot Inc,SALE,549300YJPFMS88VU1P70,0001475274,2016.0,Q1,2016-01-01,2016-03-31,2017-05-02 16:20:39+00:00,,basicdilutedeps,Basic & Diluted Earnings per Share,=,,usdpershare,0.0
RetailMeNot Inc,SALE,549300YJPFMS88VU1P70,0001475274,2016.0,Q2,2016-04-01,2016-06-30,2016-08-02 17:14:52+00:00,totalrevenue,operatingrevenue,Operating Revenue,+,credit,usd,64250000.0
RetailMeNot Inc,SALE,549300YJPFMS88VU1P70,0001475274,2016.0,Q2,2016-04-01,2016-06-30,2016-08-02 17:14:52+00:00,totalgrossprofit,totalrevenue,Total Revenue,+,credit,usd,64250000.0
RetailMeNot Inc,SALE,549300YJPFMS88VU1P70,0001475274,2016.0,Q2,2016-04-01,2016-06-30,2016-08-02 17:14:52+00:00,totalcostofrevenue,operatingcostofrevenue,Operating Cost of Revenue,+,debit,usd,14905000.0
RetailMeNot Inc,SALE,549300YJPFMS88VU1P70,0001475274,2016.0,Q2,2016-04-01,2016-06-30,2016-08-02 17:14:52+00:00,totalgrossprofit,totalcostofrevenue,Total Cost of Revenue,-,debit,usd,14905000.0
RetailMeNot Inc,SALE,549300YJPFMS88VU1P70,0001475274,2016.0,Q2,2016-04-01,2016-06-30,2016-08-02 17:14:52+00:00,totaloperatingincome,totalgrossprofit,Total Gross Profit,+,credit,usd,49345000.0
RetailMeNot Inc,SALE,549300YJPFMS88VU1P70,0001475274,2016.0,Q2,2016-04-01,2016-06-30,2016-08-02 17:14:52+00:00,totaloperatingexpenses,sgaexpense,"Selling, General & Admin Expense",+,debit,usd,13295000.0
RetailMeNot Inc,SALE,549300YJPFMS88VU1P70,0001475274,2016.0,Q2,2016-04-01,2016-06-30,2016-08-02 17:14:52+00:00,totaloperatingexpenses,marketingexpense,Marketing Expense,+,debit,usd,24165000.0
RetailMeNot Inc,SALE,549300YJPFMS88VU1P70,0001475274,2016.0,Q2,2016-04-01,2016-06-30,2016-08-02 17:14:52+00:00,totaloperatingexpenses,rdexpense,Research & Development Expense,+,debit,usd,13000000.0
RetailMeNot Inc,SALE,549300YJPFMS88VU1P70,0001475274,2016.0,Q2,2016-04-01,2016-06-30,2016-08-02 17:14:52+00:00,totaloperatingexpenses,amortizationexpense,Amortization Expense,+,debit,usd,2519000.0
RetailMeNot Inc,SALE,549300YJPFMS88VU1P70,0001475274,2016.0,Q2,2016-04-01,2016-06-30,2016-08-02 17:14:52+00:00,totaloperatingincome,totaloperatingexpenses,Total Operating Expenses,-,debit,usd,52979000.0
RetailMeNot Inc,SALE,549300YJPFMS88VU1P70,0001475274,2016.0,Q2,2016-04-01,2016-06-30,2016-08-02 17:14:52+00:00,totalpretaxincome,totaloperatingincome,Total Operating Income,+,credit,usd,-3634000.0
RetailMeNot Inc,SALE,549300YJPFMS88VU1P70,0001475274,2016.0,Q2,2016-04-01,2016-06-30,2016-08-02 17:14:52+00:00,totalotherincome,totalinterestexpense,Interest Expense,-,debit,usd,571000.0
RetailMeNot Inc,SALE,549300YJPFMS88VU1P70,0001475274,2016.0,Q2,2016-04-01,2016-06-30,2016-08-02 17:14:52+00:00,totalotherincome,otherincome,"Other Income / (Expense), net",+,credit,usd,442000.0
RetailMeNot Inc,SALE,549300YJPFMS88VU1P70,0001475274,2016.0,Q2,2016-04-01,2016-06-30,2016-08-02 17:14:52+00:00,totalpretaxincome,totalotherincome,"Total Other Income / (Expense), net",+,credit,usd,-129000.0
RetailMeNot Inc,SALE,549300YJPFMS88VU1P70,0001475274,2016.0,Q2,2016-04-01,2016-06-30,2016-08-02 17:14:52+00:00,netincomecontinuing,totalpretaxincome,Total Pre-Tax Income ,+,credit,usd,-3763000.0
RetailMeNot Inc,SALE,549300YJPFMS88VU1P70,0001475274,2016.0,Q2,2016-04-01,2016-06-30,2016-08-02 17:14:52+00:00,netincomecontinuing,incometaxexpense,Income Tax Expense,-,debit,usd,-3292000.0
RetailMeNot Inc,SALE,549300YJPFMS88VU1P70,0001475274,2016.0,Q2,2016-04-01,2016-06-30,2016-08-02 17:14:52+00:00,netincome,netincomecontinuing,Net Income / (Loss) Continuing Operations,+,credit,usd,-471000.0
RetailMeNot Inc,SALE,549300YJPFMS88VU1P70,0001475274,2016.0,Q2,2016-04-01,2016-06-30,2016-08-02 17:14:52+00:00,netincometocommon,netincome,Consolidated Net Income / (Loss),+,credit,usd,-471000.0
RetailMeNot Inc,SALE,549300YJPFMS88VU1P70,0001475274,2016.0,Q2,2016-04-01,2016-06-30,2016-08-02 17:14:52+00:00,,netincometocommon,Net Income / (Loss) Attributable to Common Shareholders,=,credit,usd,-471000.0
RetailMeNot Inc,SALE,549300YJPFMS88VU1P70,0001475274,2016.0,Q2,2016-04-01,2016-06-30,2016-08-02 17:14:52+00:00,basiceps,weightedavebasicsharesos,Weighted Average Basic Shares Outstanding,/,,shares,48828000.0
RetailMeNot Inc,SALE,549300YJPFMS88VU1P70,0001475274,2016.0,Q2,2016-04-01,2016-06-30,2016-08-02 17:14:52+00:00,,basiceps,Basic Earnings per Share,=,,usdpershare,-0.01
RetailMeNot Inc,SALE,549300YJPFMS88VU1P70,0001475274,2016.0,Q2,2016-04-01,2016-06-30,2016-08-02 17:14:52+00:00,dilutedeps,weightedavedilutedsharesos,Weighted Average Diluted Shares Outstanding,/,,shares,48828000.0
RetailMeNot Inc,SALE,549300YJPFMS88VU1P70,0001475274,2016.0,Q2,2016-04-01,2016-06-30,2016-08-02 17:14:52+00:00,,dilutedeps,Diluted Earnings per Share,=,,usdpershare,-0.01
RetailMeNot Inc,SALE,549300YJPFMS88VU1P70,0001475274,2016.0,Q2,2016-04-01,2016-06-30,2016-08-02 17:14:52+00:00,basicdilutedeps,weightedavebasicdilutedsharesos,Weighted Average Basic & Diluted Shares Outstanding,/,,shares,47100000.0
RetailMeNot Inc,SALE,549300YJPFMS88VU1P70,0001475274,2016.0,Q2,2016-04-01,2016-06-30,2016-08-02 17:14:52+00:00,,basicdilutedeps,Basic & Diluted Earnings per Share,=,,usdpershare,-0.01
RetailMeNot Inc,SALE,549300YJPFMS88VU1P70,0001475274,2017.0,Q1,2017-01-01,2017-03-31,2017-05-02 16:20:39+00:00,totalrevenue,operatingrevenue,Operating Revenue,+,credit,usd,69614000.0
RetailMeNot Inc,SALE,549300YJPFMS88VU1P70,0001475274,2017.0,Q1,2017-01-01,2017-03-31,2017-05-02 16:20:39+00:00,totalgrossprofit,totalrevenue,Total Revenue,+,credit,usd,69614000.0
RetailMeNot Inc,SALE,549300YJPFMS88VU1P70,0001475274,2017.0,Q1,2017-01-01,2017-03-31,2017-05-02 16:20:39+00:00,totalcostofrevenue,operatingcostofrevenue,Operating Cost of Revenue,+,debit,usd,22320000.0
RetailMeNot Inc,SALE,549300YJPFMS88VU1P70,0001475274,2017.0,Q1,2017-01-01,2017-03-31,2017-05-02 16:20:39+00:00,totalgrossprofit,totalcostofrevenue,Total Cost of Revenue,-,debit,usd,22320000.0
RetailMeNot Inc,SALE,549300YJPFMS88VU1P70,0001475274,2017.0,Q1,2017-01-01,2017-03-31,2017-05-02 16:20:39+00:00,totaloperatingincome,totalgrossprofit,Total Gross Profit,+,credit,usd,47294000.0
RetailMeNot Inc,SALE,549300YJPFMS88VU1P70,0001475274,2017.0,Q1,2017-01-01,2017-03-31,2017-05-02 16:20:39+00:00,totaloperatingexpenses,sgaexpense,"Selling, General & Admin Expense",+,debit,usd,13495000.0
RetailMeNot Inc,SALE,549300YJPFMS88VU1P70,0001475274,2017.0,Q1,2017-01-01,2017-03-31,2017-05-02 16:20:39+00:00,totaloperatingexpenses,marketingexpense,Marketing Expense,+,debit,usd,20390000.0
RetailMeNot Inc,SALE,549300YJPFMS88VU1P70,0001475274,2017.0,Q1,2017-01-01,2017-03-31,2017-05-02 16:20:39+00:00,totaloperatingexpenses,rdexpense,Research & Development Expense,+,debit,usd,13957000.0
RetailMeNot Inc,SALE,549300YJPFMS88VU1P70,0001475274,2017.0,Q1,2017-01-01,2017-03-31,2017-05-02 16:20:39+00:00,totaloperatingexpenses,amortizationexpense,Amortization Expense,+,debit,usd,2472000.0
RetailMeNot Inc,SALE,549300YJPFMS88VU1P70,0001475274,2017.0,Q1,2017-01-01,2017-03-31,2017-05-02 16:20:39+00:00,totaloperatingincome,totaloperatingexpenses,Total Operating Expenses,-,debit,usd,50314000.0
RetailMeNot Inc,SALE,549300YJPFMS88VU1P70,0001475274,2017.0,Q1,2017-01-01,2017-03-31,2017-05-02 16:20:39+00:00,totalpretaxincome,totaloperatingincome,Total Operating Income,+,credit,usd,-3020000.0
RetailMeNot Inc,SALE,549300YJPFMS88VU1P70,0001475274,2017.0,Q1,2017-01-01,2017-03-31,2017-05-02 16:20:39+00:00,totalotherincome,totalinterestexpense,Interest Expense,-,debit,usd,580000.0
RetailMeNot Inc,SALE,549300YJPFMS88VU1P70,0001475274,2017.0,Q1,2017-01-01,2017-03-31,2017-05-02 16:20:39+00:00,totalotherincome,otherincome,"Other Income / (Expense), net",+,credit,usd,88000.0
RetailMeNot Inc,SALE,549300YJPFMS88VU1P70,0001475274,2017.0,Q1,2017-01-01,2017-03-31,2017-05-02 16:20:39+00:00,totalpretaxincome,totalotherincome,"Total Other Income / (Expense), net",+,credit,usd,-492000.0
RetailMeNot Inc,SALE,549300YJPFMS88VU1P70,0001475274,2017.0,Q1,2017-01-01,2017-03-31,2017-05-02 16:20:39+00:00,netincomecontinuing,totalpretaxincome,Total Pre-Tax Income ,+,credit,usd,-3512000.0
RetailMeNot Inc,SALE,549300YJPFMS88VU1P70,0001475274,2017.0,Q1,2017-01-01,2017-03-31,2017-05-02 16:20:39+00:00,netincomecontinuing,incometaxexpense,Income Tax Expense,-,debit,usd,270000.0
RetailMeNot Inc,SALE,549300YJPFMS88VU1P70,0001475274,2017.0,Q1,2017-01-01,2017-03-31,2017-05-02 16:20:39+00:00,netincome,netincomecontinuing,Net Income / (Loss) Continuing Operations,+,credit,usd,-3782000.0
RetailMeNot Inc,SALE,549300YJPFMS88VU1P70,0001475274,2017.0,Q1,2017-01-01,2017-03-31,2017-05-02 16:20:39+00:00,netincometocommon,netincome,Consolidated Net Income / (Loss),+,credit,usd,-3782000.0
RetailMeNot Inc,SALE,549300YJPFMS88VU1P70,0001475274,2017.0,Q1,2017-01-01,2017-03-31,2017-05-02 16:20:39+00:00,,netincometocommon,Net Income / (Loss) Attributable to Common Shareholders,=,credit,usd,-3782000.0
RetailMeNot Inc,SALE,549300YJPFMS88VU1P70,0001475274,2017.0,Q1,2017-01-01,2017-03-31,2017-05-02 16:20:39+00:00,basiceps,weightedavebasicsharesos,Weighted Average Basic Shares Outstanding,/,,shares,48059000.0
RetailMeNot Inc,SALE,549300YJPFMS88VU1P70,0001475274,2017.0,Q1,2017-01-01,2017-03-31,2017-05-02 16:20:39+00:00,,basiceps,Basic Earnings per Share,=,,usdpershare,-0.08
RetailMeNot Inc,SALE,549300YJPFMS88VU1P70,0001475274,2017.0,Q1,2017-01-01,2017-03-31,2017-05-02 16:20:39+00:00,dilutedeps,weightedavedilutedsharesos,Weighted Average Diluted Shares Outstanding,/,,shares,48059000.0
RetailMeNot Inc,SALE,549300YJPFMS88VU1P70,0001475274,2017.0,Q1,2017-01-01,2017-03-31,2017-05-02 16:20:39+00:00,,dilutedeps,Diluted Earnings per Share,=,,usdpershare,-0.08
RetailMeNot Inc,SALE,549300YJPFMS88VU1P70,0001475274,2017.0,Q1,2017-01-01,2017-03-31,2017-05-02 16:20:39+00:00,basicdilutedeps,weightedavebasicdilutedsharesos,Weighted Average Basic & Diluted Shares Outstanding,/,,shares,47300000.0
RetailMeNot Inc,SALE,549300YJPFMS88VU1P70,0001475274,2017.0,Q1,2017-01-01,2017-03-31,2017-05-02 16:20:39+00:00,,basicdilutedeps,Basic & Diluted Earnings per Share,=,,usdpershare,-0.08
