company_name,company_ticker,company_lei,company_cik,year,quarter,start_date,end_date,filing_date,parent,tag,financial_name,factor,balance,unit,value
Shoe Carnival Inc,SCVL,,0000895447,2010.0,Q2,,2010-07-31,2011-09-07 16:05:25+00:00,totalcurrentassets,cashandequivalents,Cash & Equivalents,+,debit,usd,40560000.0
Shoe Carnival Inc,SCVL,,0000895447,2010.0,Q2,,2010-07-31,2011-09-07 16:05:25+00:00,totalcurrentassets,accountsreceivable,Accounts Receivable,+,debit,usd,1684000.0
Shoe Carnival Inc,SCVL,,0000895447,2010.0,Q2,,2010-07-31,2011-09-07 16:05:25+00:00,totalcurrentassets,netinventory,"Inventories, net",+,debit,usd,238147000.0
Shoe Carnival Inc,SCVL,,0000895447,2010.0,Q2,,2010-07-31,2011-09-07 16:05:25+00:00,totalcurrentassets,currentdeferredtaxassets,Current Deferred & Refundable Income Taxes,+,debit,usd,3342000.0
Shoe Carnival Inc,SCVL,,0000895447,2010.0,Q2,,2010-07-31,2011-09-07 16:05:25+00:00,totalcurrentassets,othercurrentassets,Other Current Assets,+,debit,usd,3403000.0
Shoe Carnival Inc,SCVL,,0000895447,2010.0,Q2,,2010-07-31,2011-09-07 16:05:25+00:00,totalassets,totalcurrentassets,Total Current Assets,+,debit,usd,287136000.0
Shoe Carnival Inc,SCVL,,0000895447,2010.0,Q2,,2010-07-31,2011-09-07 16:05:25+00:00,totalassets,netppe,"Plant, Property, & Equipment, net",+,debit,usd,61503000.0
Shoe Carnival Inc,SCVL,,0000895447,2010.0,Q2,,2010-07-31,2011-09-07 16:05:25+00:00,totalnoncurrentassets,othernoncurrentassets,Other Noncurrent Operating Assets,+,debit,usd,1205000.0
Shoe Carnival Inc,SCVL,,0000895447,2010.0,Q2,,2010-07-31,2011-09-07 16:05:25+00:00,totalassets,totalnoncurrentassets,Total Noncurrent Assets,+,debit,usd,1205000.0
Shoe Carnival Inc,SCVL,,0000895447,2010.0,Q2,,2010-07-31,2011-09-07 16:05:25+00:00,,totalassets,Total Assets,=,debit,usd,349844000.0
Shoe Carnival Inc,SCVL,,0000895447,2010.0,Q2,,2010-07-31,2011-09-07 16:05:25+00:00,totalcurrentliabilities,accountspayable,Accounts Payable,+,credit,usd,79016000.0
Shoe Carnival Inc,SCVL,,0000895447,2010.0,Q2,,2010-07-31,2011-09-07 16:05:25+00:00,totalcurrentliabilities,accruedexpenses,Accrued Expenses,+,credit,usd,15345000.0
Shoe Carnival Inc,SCVL,,0000895447,2010.0,Q2,,2010-07-31,2011-09-07 16:05:25+00:00,totalliabilities,totalcurrentliabilities,Total Current Liabilities,+,credit,usd,94361000.0
Shoe Carnival Inc,SCVL,,0000895447,2010.0,Q2,,2010-07-31,2011-09-07 16:05:25+00:00,totalnoncurrentliabilities,noncurrentdeferredrevenue,Noncurrent Deferred Revenue,+,credit,usd,5164000.0
Shoe Carnival Inc,SCVL,,0000895447,2010.0,Q2,,2010-07-31,2011-09-07 16:05:25+00:00,totalnoncurrentliabilities,noncurrentdeferredtaxliabilities,Noncurrent Deferred & Payable Income Tax Liabilities,+,credit,usd,20000.0
Shoe Carnival Inc,SCVL,,0000895447,2010.0,Q2,,2010-07-31,2011-09-07 16:05:25+00:00,totalnoncurrentliabilities,noncurrentemployeebenefitliabilities,Noncurrent Employee Benefit Liabilities,+,credit,usd,4156000.0
Shoe Carnival Inc,SCVL,,0000895447,2010.0,Q2,,2010-07-31,2011-09-07 16:05:25+00:00,totalnoncurrentliabilities,othernoncurrentliabilities,Other Noncurrent Operating Liabilities,+,credit,usd,8148000.0
Shoe Carnival Inc,SCVL,,0000895447,2010.0,Q2,,2010-07-31,2011-09-07 16:05:25+00:00,totalliabilities,totalnoncurrentliabilities,Total Noncurrent Liabilities,+,credit,usd,17488000.0
Shoe Carnival Inc,SCVL,,0000895447,2010.0,Q2,,2010-07-31,2011-09-07 16:05:25+00:00,totalliabilitiesandequity,totalliabilities,Total Liabilities,+,credit,usd,111849000.0
Shoe Carnival Inc,SCVL,,0000895447,2010.0,Q2,,2010-07-31,2011-09-07 16:05:25+00:00,totalcommonequity,commonequity,Common Stock,+,credit,usd,66380000.0
Shoe Carnival Inc,SCVL,,0000895447,2010.0,Q2,,2010-07-31,2011-09-07 16:05:25+00:00,totalcommonequity,retainedearnings,Retained Earnings,+,credit,usd,182397000.0
Shoe Carnival Inc,SCVL,,0000895447,2010.0,Q2,,2010-07-31,2011-09-07 16:05:25+00:00,totalcommonequity,treasurystock,Treasury Stock,+,credit,usd,-10782000.0
Shoe Carnival Inc,SCVL,,0000895447,2010.0,Q2,,2010-07-31,2011-09-07 16:05:25+00:00,totalequity,totalcommonequity,Total Common Equity,+,credit,usd,237995000.0
Shoe Carnival Inc,SCVL,,0000895447,2010.0,Q2,,2010-07-31,2011-09-07 16:05:25+00:00,totalequityandnoncontrollinginterests,totalequity,Total Preferred & Common Equity,+,credit,usd,237995000.0
Shoe Carnival Inc,SCVL,,0000895447,2010.0,Q2,,2010-07-31,2011-09-07 16:05:25+00:00,totalliabilitiesandequity,totalequityandnoncontrollinginterests,Total Equity & Noncontrolling Interests,+,credit,usd,237995000.0
Shoe Carnival Inc,SCVL,,0000895447,2010.0,Q2,,2010-07-31,2011-09-07 16:05:25+00:00,,totalliabilitiesandequity,Total Liabilities & Shareholders' Equity,=,credit,usd,349844000.0
Shoe Carnival Inc,SCVL,,0000895447,2010.0,Q3,,2010-10-30,2011-12-08 16:05:43+00:00,totalcurrentassets,cashandequivalents,Cash & Equivalents,+,debit,usd,43312000.0
Shoe Carnival Inc,SCVL,,0000895447,2010.0,Q3,,2010-10-30,2011-12-08 16:05:43+00:00,totalcurrentassets,accountsreceivable,Accounts Receivable,+,debit,usd,2596000.0
Shoe Carnival Inc,SCVL,,0000895447,2010.0,Q3,,2010-10-30,2011-12-08 16:05:43+00:00,totalcurrentassets,netinventory,"Inventories, net",+,debit,usd,228233000.0
Shoe Carnival Inc,SCVL,,0000895447,2010.0,Q3,,2010-10-30,2011-12-08 16:05:43+00:00,totalcurrentassets,currentdeferredtaxassets,Current Deferred & Refundable Income Taxes,+,debit,usd,3531000.0
Shoe Carnival Inc,SCVL,,0000895447,2010.0,Q3,,2010-10-30,2011-12-08 16:05:43+00:00,totalcurrentassets,othercurrentassets,Other Current Assets,+,debit,usd,2977000.0
Shoe Carnival Inc,SCVL,,0000895447,2010.0,Q3,,2010-10-30,2011-12-08 16:05:43+00:00,totalassets,totalcurrentassets,Total Current Assets,+,debit,usd,280649000.0
Shoe Carnival Inc,SCVL,,0000895447,2010.0,Q3,,2010-10-30,2011-12-08 16:05:43+00:00,totalassets,netppe,"Plant, Property, & Equipment, net",+,debit,usd,62608000.0
Shoe Carnival Inc,SCVL,,0000895447,2010.0,Q3,,2010-10-30,2011-12-08 16:05:43+00:00,totalnoncurrentassets,othernoncurrentassets,Other Noncurrent Operating Assets,+,debit,usd,1286000.0
Shoe Carnival Inc,SCVL,,0000895447,2010.0,Q3,,2010-10-30,2011-12-08 16:05:43+00:00,totalassets,totalnoncurrentassets,Total Noncurrent Assets,+,debit,usd,1286000.0
Shoe Carnival Inc,SCVL,,0000895447,2010.0,Q3,,2010-10-30,2011-12-08 16:05:43+00:00,,totalassets,Total Assets,=,debit,usd,344543000.0
Shoe Carnival Inc,SCVL,,0000895447,2010.0,Q3,,2010-10-30,2011-12-08 16:05:43+00:00,totalcurrentliabilities,accountspayable,Accounts Payable,+,credit,usd,58668000.0
Shoe Carnival Inc,SCVL,,0000895447,2010.0,Q3,,2010-10-30,2011-12-08 16:05:43+00:00,totalcurrentliabilities,accruedexpenses,Accrued Expenses,+,credit,usd,18856000.0
Shoe Carnival Inc,SCVL,,0000895447,2010.0,Q3,,2010-10-30,2011-12-08 16:05:43+00:00,totalliabilities,totalcurrentliabilities,Total Current Liabilities,+,credit,usd,77524000.0
Shoe Carnival Inc,SCVL,,0000895447,2010.0,Q3,,2010-10-30,2011-12-08 16:05:43+00:00,totalnoncurrentliabilities,noncurrentdeferredrevenue,Noncurrent Deferred Revenue,+,credit,usd,5162000.0
Shoe Carnival Inc,SCVL,,0000895447,2010.0,Q3,,2010-10-30,2011-12-08 16:05:43+00:00,totalnoncurrentliabilities,noncurrentdeferredtaxliabilities,Noncurrent Deferred & Payable Income Tax Liabilities,+,credit,usd,0.0
Shoe Carnival Inc,SCVL,,0000895447,2010.0,Q3,,2010-10-30,2011-12-08 16:05:43+00:00,totalnoncurrentliabilities,noncurrentemployeebenefitliabilities,Noncurrent Employee Benefit Liabilities,+,credit,usd,4569000.0
Shoe Carnival Inc,SCVL,,0000895447,2010.0,Q3,,2010-10-30,2011-12-08 16:05:43+00:00,totalnoncurrentliabilities,othernoncurrentliabilities,Other Noncurrent Operating Liabilities,+,credit,usd,8926000.0
Shoe Carnival Inc,SCVL,,0000895447,2010.0,Q3,,2010-10-30,2011-12-08 16:05:43+00:00,totalliabilities,totalnoncurrentliabilities,Total Noncurrent Liabilities,+,credit,usd,18657000.0
Shoe Carnival Inc,SCVL,,0000895447,2010.0,Q3,,2010-10-30,2011-12-08 16:05:43+00:00,totalliabilitiesandequity,totalliabilities,Total Liabilities,+,credit,usd,96181000.0
Shoe Carnival Inc,SCVL,,0000895447,2010.0,Q3,,2010-10-30,2011-12-08 16:05:43+00:00,totalcommonequity,commonequity,Common Stock,+,credit,usd,67405000.0
Shoe Carnival Inc,SCVL,,0000895447,2010.0,Q3,,2010-10-30,2011-12-08 16:05:43+00:00,totalcommonequity,retainedearnings,Retained Earnings,+,credit,usd,191493000.0
Shoe Carnival Inc,SCVL,,0000895447,2010.0,Q3,,2010-10-30,2011-12-08 16:05:43+00:00,totalcommonequity,treasurystock,Treasury Stock,+,credit,usd,-10536000.0
Shoe Carnival Inc,SCVL,,0000895447,2010.0,Q3,,2010-10-30,2011-12-08 16:05:43+00:00,totalequity,totalcommonequity,Total Common Equity,+,credit,usd,248362000.0
Shoe Carnival Inc,SCVL,,0000895447,2010.0,Q3,,2010-10-30,2011-12-08 16:05:43+00:00,totalequityandnoncontrollinginterests,totalequity,Total Preferred & Common Equity,+,credit,usd,248362000.0
Shoe Carnival Inc,SCVL,,0000895447,2010.0,Q3,,2010-10-30,2011-12-08 16:05:43+00:00,totalliabilitiesandequity,totalequityandnoncontrollinginterests,Total Equity & Noncontrolling Interests,+,credit,usd,248362000.0
Shoe Carnival Inc,SCVL,,0000895447,2010.0,Q3,,2010-10-30,2011-12-08 16:05:43+00:00,,totalliabilitiesandequity,Total Liabilities & Shareholders' Equity,=,credit,usd,344543000.0
Shoe Carnival Inc,SCVL,,0000895447,2011.0,Q1,,2011-04-30,2012-06-07 16:02:02+00:00,totalcurrentassets,cashandequivalents,Cash & Equivalents,+,debit,usd,69053000.0
Shoe Carnival Inc,SCVL,,0000895447,2011.0,Q1,,2011-04-30,2012-06-07 16:02:02+00:00,totalcurrentassets,accountsreceivable,Accounts Receivable,+,debit,usd,1210000.0
Shoe Carnival Inc,SCVL,,0000895447,2011.0,Q1,,2011-04-30,2012-06-07 16:02:02+00:00,totalcurrentassets,netinventory,"Inventories, net",+,debit,usd,218260000.0
Shoe Carnival Inc,SCVL,,0000895447,2011.0,Q1,,2011-04-30,2012-06-07 16:02:02+00:00,totalcurrentassets,currentdeferredtaxassets,Current Deferred & Refundable Income Taxes,+,debit,usd,3798000.0
Shoe Carnival Inc,SCVL,,0000895447,2011.0,Q1,,2011-04-30,2012-06-07 16:02:02+00:00,totalcurrentassets,othercurrentassets,Other Current Assets,+,debit,usd,3512000.0
Shoe Carnival Inc,SCVL,,0000895447,2011.0,Q1,,2011-04-30,2012-06-07 16:02:02+00:00,totalassets,totalcurrentassets,Total Current Assets,+,debit,usd,295833000.0
Shoe Carnival Inc,SCVL,,0000895447,2011.0,Q1,,2011-04-30,2012-06-07 16:02:02+00:00,totalassets,netppe,"Plant, Property, & Equipment, net",+,debit,usd,64323000.0
Shoe Carnival Inc,SCVL,,0000895447,2011.0,Q1,,2011-04-30,2012-06-07 16:02:02+00:00,totalnoncurrentassets,othernoncurrentassets,Other Noncurrent Operating Assets,+,debit,usd,1448000.0
Shoe Carnival Inc,SCVL,,0000895447,2011.0,Q1,,2011-04-30,2012-06-07 16:02:02+00:00,totalassets,totalnoncurrentassets,Total Noncurrent Assets,+,debit,usd,1448000.0
Shoe Carnival Inc,SCVL,,0000895447,2011.0,Q1,,2011-04-30,2012-06-07 16:02:02+00:00,,totalassets,Total Assets,=,debit,usd,361604000.0
Shoe Carnival Inc,SCVL,,0000895447,2011.0,Q1,,2011-04-30,2012-06-07 16:02:02+00:00,totalcurrentliabilities,accountspayable,Accounts Payable,+,credit,usd,54920000.0
Shoe Carnival Inc,SCVL,,0000895447,2011.0,Q1,,2011-04-30,2012-06-07 16:02:02+00:00,totalcurrentliabilities,accruedexpenses,Accrued Expenses,+,credit,usd,20144000.0
Shoe Carnival Inc,SCVL,,0000895447,2011.0,Q1,,2011-04-30,2012-06-07 16:02:02+00:00,totalliabilities,totalcurrentliabilities,Total Current Liabilities,+,credit,usd,75064000.0
Shoe Carnival Inc,SCVL,,0000895447,2011.0,Q1,,2011-04-30,2012-06-07 16:02:02+00:00,totalnoncurrentliabilities,noncurrentdeferredrevenue,Noncurrent Deferred Revenue,+,credit,usd,5285000.0
Shoe Carnival Inc,SCVL,,0000895447,2011.0,Q1,,2011-04-30,2012-06-07 16:02:02+00:00,totalnoncurrentliabilities,noncurrentdeferredtaxliabilities,Noncurrent Deferred & Payable Income Tax Liabilities,+,credit,usd,1127000.0
Shoe Carnival Inc,SCVL,,0000895447,2011.0,Q1,,2011-04-30,2012-06-07 16:02:02+00:00,totalnoncurrentliabilities,noncurrentemployeebenefitliabilities,Noncurrent Employee Benefit Liabilities,+,credit,usd,5579000.0
Shoe Carnival Inc,SCVL,,0000895447,2011.0,Q1,,2011-04-30,2012-06-07 16:02:02+00:00,totalnoncurrentliabilities,othernoncurrentliabilities,Other Noncurrent Operating Liabilities,+,credit,usd,10422000.0
Shoe Carnival Inc,SCVL,,0000895447,2011.0,Q1,,2011-04-30,2012-06-07 16:02:02+00:00,totalliabilities,totalnoncurrentliabilities,Total Noncurrent Liabilities,+,credit,usd,22413000.0
Shoe Carnival Inc,SCVL,,0000895447,2011.0,Q1,,2011-04-30,2012-06-07 16:02:02+00:00,totalliabilitiesandequity,totalliabilities,Total Liabilities,+,credit,usd,97477000.0
Shoe Carnival Inc,SCVL,,0000895447,2011.0,Q1,,2011-04-30,2012-06-07 16:02:02+00:00,totalcommonequity,commonequity,Common Stock,+,credit,usd,68203000.0
Shoe Carnival Inc,SCVL,,0000895447,2011.0,Q1,,2011-04-30,2012-06-07 16:02:02+00:00,totalcommonequity,retainedearnings,Retained Earnings,+,credit,usd,205772000.0
Shoe Carnival Inc,SCVL,,0000895447,2011.0,Q1,,2011-04-30,2012-06-07 16:02:02+00:00,totalcommonequity,treasurystock,Treasury Stock,+,credit,usd,-9848000.0
Shoe Carnival Inc,SCVL,,0000895447,2011.0,Q1,,2011-04-30,2012-06-07 16:02:02+00:00,totalequity,totalcommonequity,Total Common Equity,+,credit,usd,264127000.0
Shoe Carnival Inc,SCVL,,0000895447,2011.0,Q1,,2011-04-30,2012-06-07 16:02:02+00:00,totalequityandnoncontrollinginterests,totalequity,Total Preferred & Common Equity,+,credit,usd,264127000.0
Shoe Carnival Inc,SCVL,,0000895447,2011.0,Q1,,2011-04-30,2012-06-07 16:02:02+00:00,totalliabilitiesandequity,totalequityandnoncontrollinginterests,Total Equity & Noncontrolling Interests,+,credit,usd,264127000.0
Shoe Carnival Inc,SCVL,,0000895447,2011.0,Q1,,2011-04-30,2012-06-07 16:02:02+00:00,,totalliabilitiesandequity,Total Liabilities & Shareholders' Equity,=,credit,usd,361604000.0
Shoe Carnival Inc,SCVL,,0000895447,2011.0,Q2,,2011-07-30,2012-09-06 17:02:11+00:00,totalcurrentassets,cashandequivalents,Cash & Equivalents,+,debit,usd,44096000.0
Shoe Carnival Inc,SCVL,,0000895447,2011.0,Q2,,2011-07-30,2012-09-06 17:02:11+00:00,totalcurrentassets,accountsreceivable,Accounts Receivable,+,debit,usd,2889000.0
Shoe Carnival Inc,SCVL,,0000895447,2011.0,Q2,,2011-07-30,2012-09-06 17:02:11+00:00,totalcurrentassets,netinventory,"Inventories, net",+,debit,usd,258069000.0
Shoe Carnival Inc,SCVL,,0000895447,2011.0,Q2,,2011-07-30,2012-09-06 17:02:11+00:00,totalcurrentassets,currentdeferredtaxassets,Current Deferred & Refundable Income Taxes,+,debit,usd,3307000.0
Shoe Carnival Inc,SCVL,,0000895447,2011.0,Q2,,2011-07-30,2012-09-06 17:02:11+00:00,totalcurrentassets,othercurrentassets,Other Current Assets,+,debit,usd,5894000.0
Shoe Carnival Inc,SCVL,,0000895447,2011.0,Q2,,2011-07-30,2012-09-06 17:02:11+00:00,totalassets,totalcurrentassets,Total Current Assets,+,debit,usd,314255000.0
Shoe Carnival Inc,SCVL,,0000895447,2011.0,Q2,,2011-07-30,2012-09-06 17:02:11+00:00,totalassets,netppe,"Plant, Property, & Equipment, net",+,debit,usd,66660000.0
Shoe Carnival Inc,SCVL,,0000895447,2011.0,Q2,,2011-07-30,2012-09-06 17:02:11+00:00,totalnoncurrentassets,othernoncurrentassets,Other Noncurrent Operating Assets,+,debit,usd,1177000.0
Shoe Carnival Inc,SCVL,,0000895447,2011.0,Q2,,2011-07-30,2012-09-06 17:02:11+00:00,totalassets,totalnoncurrentassets,Total Noncurrent Assets,+,debit,usd,1177000.0
Shoe Carnival Inc,SCVL,,0000895447,2011.0,Q2,,2011-07-30,2012-09-06 17:02:11+00:00,,totalassets,Total Assets,=,debit,usd,382092000.0
Shoe Carnival Inc,SCVL,,0000895447,2011.0,Q2,,2011-07-30,2012-09-06 17:02:11+00:00,totalcurrentliabilities,accountspayable,Accounts Payable,+,credit,usd,76293000.0
Shoe Carnival Inc,SCVL,,0000895447,2011.0,Q2,,2011-07-30,2012-09-06 17:02:11+00:00,totalcurrentliabilities,accruedexpenses,Accrued Expenses,+,credit,usd,14005000.0
Shoe Carnival Inc,SCVL,,0000895447,2011.0,Q2,,2011-07-30,2012-09-06 17:02:11+00:00,totalliabilities,totalcurrentliabilities,Total Current Liabilities,+,credit,usd,90298000.0
Shoe Carnival Inc,SCVL,,0000895447,2011.0,Q2,,2011-07-30,2012-09-06 17:02:11+00:00,totalnoncurrentliabilities,noncurrentdeferredrevenue,Noncurrent Deferred Revenue,+,credit,usd,5681000.0
Shoe Carnival Inc,SCVL,,0000895447,2011.0,Q2,,2011-07-30,2012-09-06 17:02:11+00:00,totalnoncurrentliabilities,noncurrentdeferredtaxliabilities,Noncurrent Deferred & Payable Income Tax Liabilities,+,credit,usd,1697000.0
Shoe Carnival Inc,SCVL,,0000895447,2011.0,Q2,,2011-07-30,2012-09-06 17:02:11+00:00,totalnoncurrentliabilities,noncurrentemployeebenefitliabilities,Noncurrent Employee Benefit Liabilities,+,credit,usd,5685000.0
Shoe Carnival Inc,SCVL,,0000895447,2011.0,Q2,,2011-07-30,2012-09-06 17:02:11+00:00,totalnoncurrentliabilities,othernoncurrentliabilities,Other Noncurrent Operating Liabilities,+,credit,usd,10898000.0
Shoe Carnival Inc,SCVL,,0000895447,2011.0,Q2,,2011-07-30,2012-09-06 17:02:11+00:00,totalliabilities,totalnoncurrentliabilities,Total Noncurrent Liabilities,+,credit,usd,23961000.0
Shoe Carnival Inc,SCVL,,0000895447,2011.0,Q2,,2011-07-30,2012-09-06 17:02:11+00:00,totalliabilitiesandequity,totalliabilities,Total Liabilities,+,credit,usd,114259000.0
Shoe Carnival Inc,SCVL,,0000895447,2011.0,Q2,,2011-07-30,2012-09-06 17:02:11+00:00,totalcommonequity,commonequity,Common Stock,+,credit,usd,68528000.0
Shoe Carnival Inc,SCVL,,0000895447,2011.0,Q2,,2011-07-30,2012-09-06 17:02:11+00:00,totalcommonequity,retainedearnings,Retained Earnings,+,credit,usd,208487000.0
Shoe Carnival Inc,SCVL,,0000895447,2011.0,Q2,,2011-07-30,2012-09-06 17:02:11+00:00,totalcommonequity,treasurystock,Treasury Stock,+,credit,usd,-9182000.0
Shoe Carnival Inc,SCVL,,0000895447,2011.0,Q2,,2011-07-30,2012-09-06 17:02:11+00:00,totalequity,totalcommonequity,Total Common Equity,+,credit,usd,267833000.0
Shoe Carnival Inc,SCVL,,0000895447,2011.0,Q2,,2011-07-30,2012-09-06 17:02:11+00:00,totalequityandnoncontrollinginterests,totalequity,Total Preferred & Common Equity,+,credit,usd,267833000.0
Shoe Carnival Inc,SCVL,,0000895447,2011.0,Q2,,2011-07-30,2012-09-06 17:02:11+00:00,totalliabilitiesandequity,totalequityandnoncontrollinginterests,Total Equity & Noncontrolling Interests,+,credit,usd,267833000.0
Shoe Carnival Inc,SCVL,,0000895447,2011.0,Q2,,2011-07-30,2012-09-06 17:02:11+00:00,,totalliabilitiesandequity,Total Liabilities & Shareholders' Equity,=,credit,usd,382092000.0
Shoe Carnival Inc,SCVL,,0000895447,2011.0,Q3,,2011-10-29,2012-12-06 16:04:56+00:00,totalcurrentassets,cashandequivalents,Cash & Equivalents,+,debit,usd,52997.0
Shoe Carnival Inc,SCVL,,0000895447,2011.0,Q3,,2011-10-29,2012-12-06 16:04:56+00:00,totalcurrentassets,accountsreceivable,Accounts Receivable,+,debit,usd,3029.0
Shoe Carnival Inc,SCVL,,0000895447,2011.0,Q3,,2011-10-29,2012-12-06 16:04:56+00:00,totalcurrentassets,netinventory,"Inventories, net",+,debit,usd,245131.0
Shoe Carnival Inc,SCVL,,0000895447,2011.0,Q3,,2011-10-29,2012-12-06 16:04:56+00:00,totalcurrentassets,currentdeferredtaxassets,Current Deferred & Refundable Income Taxes,+,debit,usd,2830.0
Shoe Carnival Inc,SCVL,,0000895447,2011.0,Q3,,2011-10-29,2012-12-06 16:04:56+00:00,totalcurrentassets,othercurrentassets,Other Current Assets,+,debit,usd,3664.0
Shoe Carnival Inc,SCVL,,0000895447,2011.0,Q3,,2011-10-29,2012-12-06 16:04:56+00:00,totalassets,totalcurrentassets,Total Current Assets,+,debit,usd,307651.0
Shoe Carnival Inc,SCVL,,0000895447,2011.0,Q3,,2011-10-29,2012-12-06 16:04:56+00:00,totalassets,netppe,"Plant, Property, & Equipment, net",+,debit,usd,67899.0
Shoe Carnival Inc,SCVL,,0000895447,2011.0,Q3,,2011-10-29,2012-12-06 16:04:56+00:00,totalnoncurrentassets,noncurrentdeferredtaxassets,Noncurrent Deferred & Refundable Income Taxes,+,debit,usd,0.0
Shoe Carnival Inc,SCVL,,0000895447,2011.0,Q3,,2011-10-29,2012-12-06 16:04:56+00:00,totalnoncurrentassets,othernoncurrentassets,Other Noncurrent Operating Assets,+,debit,usd,1252.0
Shoe Carnival Inc,SCVL,,0000895447,2011.0,Q3,,2011-10-29,2012-12-06 16:04:56+00:00,totalassets,totalnoncurrentassets,Total Noncurrent Assets,+,debit,usd,1252.0
Shoe Carnival Inc,SCVL,,0000895447,2011.0,Q3,,2011-10-29,2012-12-06 16:04:56+00:00,,totalassets,Total Assets,=,debit,usd,376802.0
Shoe Carnival Inc,SCVL,,0000895447,2011.0,Q3,,2011-10-29,2012-12-06 16:04:56+00:00,totalcurrentliabilities,accountspayable,Accounts Payable,+,credit,usd,54088.0
Shoe Carnival Inc,SCVL,,0000895447,2011.0,Q3,,2011-10-29,2012-12-06 16:04:56+00:00,totalcurrentliabilities,accruedexpenses,Accrued Expenses,+,credit,usd,16722.0
Shoe Carnival Inc,SCVL,,0000895447,2011.0,Q3,,2011-10-29,2012-12-06 16:04:56+00:00,totalliabilities,totalcurrentliabilities,Total Current Liabilities,+,credit,usd,70810.0
Shoe Carnival Inc,SCVL,,0000895447,2011.0,Q3,,2011-10-29,2012-12-06 16:04:56+00:00,totalnoncurrentliabilities,noncurrentdeferredrevenue,Noncurrent Deferred Revenue,+,credit,usd,5759.0
Shoe Carnival Inc,SCVL,,0000895447,2011.0,Q3,,2011-10-29,2012-12-06 16:04:56+00:00,totalnoncurrentliabilities,noncurrentdeferredtaxliabilities,Noncurrent Deferred & Payable Income Tax Liabilities,+,credit,usd,1566.0
Shoe Carnival Inc,SCVL,,0000895447,2011.0,Q3,,2011-10-29,2012-12-06 16:04:56+00:00,totalnoncurrentliabilities,noncurrentemployeebenefitliabilities,Noncurrent Employee Benefit Liabilities,+,credit,usd,5791.0
Shoe Carnival Inc,SCVL,,0000895447,2011.0,Q3,,2011-10-29,2012-12-06 16:04:56+00:00,totalnoncurrentliabilities,othernoncurrentliabilities,Other Noncurrent Operating Liabilities,+,credit,usd,12468.0
Shoe Carnival Inc,SCVL,,0000895447,2011.0,Q3,,2011-10-29,2012-12-06 16:04:56+00:00,totalliabilities,totalnoncurrentliabilities,Total Noncurrent Liabilities,+,credit,usd,25584.0
Shoe Carnival Inc,SCVL,,0000895447,2011.0,Q3,,2011-10-29,2012-12-06 16:04:56+00:00,totalliabilitiesandequity,totalliabilities,Total Liabilities,+,credit,usd,96394.0
Shoe Carnival Inc,SCVL,,0000895447,2011.0,Q3,,2011-10-29,2012-12-06 16:04:56+00:00,totalcommonequity,commonequity,Common Stock,+,credit,usd,68643.0
Shoe Carnival Inc,SCVL,,0000895447,2011.0,Q3,,2011-10-29,2012-12-06 16:04:56+00:00,totalcommonequity,retainedearnings,Retained Earnings,+,credit,usd,218960.0
Shoe Carnival Inc,SCVL,,0000895447,2011.0,Q3,,2011-10-29,2012-12-06 16:04:56+00:00,totalcommonequity,treasurystock,Treasury Stock,+,credit,usd,-7195.0
Shoe Carnival Inc,SCVL,,0000895447,2011.0,Q3,,2011-10-29,2012-12-06 16:04:56+00:00,totalequity,totalcommonequity,Total Common Equity,+,credit,usd,280408.0
Shoe Carnival Inc,SCVL,,0000895447,2011.0,Q3,,2011-10-29,2012-12-06 16:04:56+00:00,totalequityandnoncontrollinginterests,totalequity,Total Preferred & Common Equity,+,credit,usd,280408.0
Shoe Carnival Inc,SCVL,,0000895447,2011.0,Q3,,2011-10-29,2012-12-06 16:04:56+00:00,totalliabilitiesandequity,totalequityandnoncontrollinginterests,Total Equity & Noncontrolling Interests,+,credit,usd,280408.0
Shoe Carnival Inc,SCVL,,0000895447,2011.0,Q3,,2011-10-29,2012-12-06 16:04:56+00:00,,totalliabilitiesandequity,Total Liabilities & Shareholders' Equity,=,credit,usd,376802.0
Shoe Carnival Inc,SCVL,,0000895447,2012.0,Q1,,2012-04-28,2013-06-13 09:00:32+00:00,totalcurrentassets,cashandequivalents,Cash & Equivalents,+,debit,usd,92291000.0
Shoe Carnival Inc,SCVL,,0000895447,2012.0,Q1,,2012-04-28,2013-06-13 09:00:32+00:00,totalcurrentassets,accountsreceivable,Accounts Receivable,+,debit,usd,4197000.0
Shoe Carnival Inc,SCVL,,0000895447,2012.0,Q1,,2012-04-28,2013-06-13 09:00:32+00:00,totalcurrentassets,netinventory,"Inventories, net",+,debit,usd,243260000.0
Shoe Carnival Inc,SCVL,,0000895447,2012.0,Q1,,2012-04-28,2013-06-13 09:00:32+00:00,totalcurrentassets,currentdeferredtaxassets,Current Deferred & Refundable Income Taxes,+,debit,usd,2562000.0
Shoe Carnival Inc,SCVL,,0000895447,2012.0,Q1,,2012-04-28,2013-06-13 09:00:32+00:00,totalcurrentassets,othercurrentassets,Other Current Assets,+,debit,usd,4044000.0
Shoe Carnival Inc,SCVL,,0000895447,2012.0,Q1,,2012-04-28,2013-06-13 09:00:32+00:00,totalassets,totalcurrentassets,Total Current Assets,+,debit,usd,346354000.0
Shoe Carnival Inc,SCVL,,0000895447,2012.0,Q1,,2012-04-28,2013-06-13 09:00:32+00:00,totalassets,netppe,"Plant, Property, & Equipment, net",+,debit,usd,72168000.0
Shoe Carnival Inc,SCVL,,0000895447,2012.0,Q1,,2012-04-28,2013-06-13 09:00:32+00:00,totalnoncurrentassets,noncurrentdeferredtaxassets,Noncurrent Deferred & Refundable Income Taxes,+,debit,usd,0.0
Shoe Carnival Inc,SCVL,,0000895447,2012.0,Q1,,2012-04-28,2013-06-13 09:00:32+00:00,totalnoncurrentassets,othernoncurrentassets,Other Noncurrent Operating Assets,+,debit,usd,1005000.0
Shoe Carnival Inc,SCVL,,0000895447,2012.0,Q1,,2012-04-28,2013-06-13 09:00:32+00:00,totalassets,totalnoncurrentassets,Total Noncurrent Assets,+,debit,usd,1005000.0
Shoe Carnival Inc,SCVL,,0000895447,2012.0,Q1,,2012-04-28,2013-06-13 09:00:32+00:00,,totalassets,Total Assets,=,debit,usd,419527000.0
Shoe Carnival Inc,SCVL,,0000895447,2012.0,Q1,,2012-04-28,2013-06-13 09:00:32+00:00,totalcurrentliabilities,accountspayable,Accounts Payable,+,credit,usd,68654000.0
Shoe Carnival Inc,SCVL,,0000895447,2012.0,Q1,,2012-04-28,2013-06-13 09:00:32+00:00,totalcurrentliabilities,accruedexpenses,Accrued Expenses,+,credit,usd,23778000.0
Shoe Carnival Inc,SCVL,,0000895447,2012.0,Q1,,2012-04-28,2013-06-13 09:00:32+00:00,totalliabilities,totalcurrentliabilities,Total Current Liabilities,+,credit,usd,92432000.0
Shoe Carnival Inc,SCVL,,0000895447,2012.0,Q1,,2012-04-28,2013-06-13 09:00:32+00:00,totalnoncurrentliabilities,noncurrentdeferredrevenue,Noncurrent Deferred Revenue,+,credit,usd,6415000.0
Shoe Carnival Inc,SCVL,,0000895447,2012.0,Q1,,2012-04-28,2013-06-13 09:00:32+00:00,totalnoncurrentliabilities,noncurrentdeferredtaxliabilities,Noncurrent Deferred & Payable Income Tax Liabilities,+,credit,usd,1381000.0
Shoe Carnival Inc,SCVL,,0000895447,2012.0,Q1,,2012-04-28,2013-06-13 09:00:32+00:00,totalnoncurrentliabilities,noncurrentemployeebenefitliabilities,Noncurrent Employee Benefit Liabilities,+,credit,usd,6575000.0
Shoe Carnival Inc,SCVL,,0000895447,2012.0,Q1,,2012-04-28,2013-06-13 09:00:32+00:00,totalnoncurrentliabilities,othernoncurrentliabilities,Other Noncurrent Operating Liabilities,+,credit,usd,15513000.0
Shoe Carnival Inc,SCVL,,0000895447,2012.0,Q1,,2012-04-28,2013-06-13 09:00:32+00:00,totalliabilities,totalnoncurrentliabilities,Total Noncurrent Liabilities,+,credit,usd,29884000.0
Shoe Carnival Inc,SCVL,,0000895447,2012.0,Q1,,2012-04-28,2013-06-13 09:00:32+00:00,totalliabilitiesandequity,totalliabilities,Total Liabilities,+,credit,usd,122316000.0
Shoe Carnival Inc,SCVL,,0000895447,2012.0,Q1,,2012-04-28,2013-06-13 09:00:32+00:00,totalcommonequity,commonequity,Common Stock,+,credit,usd,64780000.0
Shoe Carnival Inc,SCVL,,0000895447,2012.0,Q1,,2012-04-28,2013-06-13 09:00:32+00:00,totalcommonequity,retainedearnings,Retained Earnings,+,credit,usd,233255000.0
Shoe Carnival Inc,SCVL,,0000895447,2012.0,Q1,,2012-04-28,2013-06-13 09:00:32+00:00,totalcommonequity,treasurystock,Treasury Stock,+,credit,usd,-824000.0
Shoe Carnival Inc,SCVL,,0000895447,2012.0,Q1,,2012-04-28,2013-06-13 09:00:32+00:00,totalequity,totalcommonequity,Total Common Equity,+,credit,usd,297211000.0
Shoe Carnival Inc,SCVL,,0000895447,2012.0,Q1,,2012-04-28,2013-06-13 09:00:32+00:00,totalequityandnoncontrollinginterests,totalequity,Total Preferred & Common Equity,+,credit,usd,297211000.0
Shoe Carnival Inc,SCVL,,0000895447,2012.0,Q1,,2012-04-28,2013-06-13 09:00:32+00:00,totalliabilitiesandequity,totalequityandnoncontrollinginterests,Total Equity & Noncontrolling Interests,+,credit,usd,297211000.0
Shoe Carnival Inc,SCVL,,0000895447,2012.0,Q1,,2012-04-28,2013-06-13 09:00:32+00:00,,totalliabilitiesandequity,Total Liabilities & Shareholders' Equity,=,credit,usd,419527000.0
Shoe Carnival Inc,SCVL,,0000895447,2012.0,Q2,,2012-07-28,2013-09-12 12:01:29+00:00,totalcurrentassets,cashandequivalents,Cash & Equivalents,+,debit,usd,52895000.0
Shoe Carnival Inc,SCVL,,0000895447,2012.0,Q2,,2012-07-28,2013-09-12 12:01:29+00:00,totalcurrentassets,accountsreceivable,Accounts Receivable,+,debit,usd,1679000.0
Shoe Carnival Inc,SCVL,,0000895447,2012.0,Q2,,2012-07-28,2013-09-12 12:01:29+00:00,totalcurrentassets,netinventory,"Inventories, net",+,debit,usd,294387000.0
Shoe Carnival Inc,SCVL,,0000895447,2012.0,Q2,,2012-07-28,2013-09-12 12:01:29+00:00,totalcurrentassets,currentdeferredtaxassets,Current Deferred & Refundable Income Taxes,+,debit,usd,2981000.0
Shoe Carnival Inc,SCVL,,0000895447,2012.0,Q2,,2012-07-28,2013-09-12 12:01:29+00:00,totalcurrentassets,othercurrentassets,Other Current Assets,+,debit,usd,5567000.0
Shoe Carnival Inc,SCVL,,0000895447,2012.0,Q2,,2012-07-28,2013-09-12 12:01:29+00:00,totalassets,totalcurrentassets,Total Current Assets,+,debit,usd,357509000.0
Shoe Carnival Inc,SCVL,,0000895447,2012.0,Q2,,2012-07-28,2013-09-12 12:01:29+00:00,totalassets,netppe,"Plant, Property, & Equipment, net",+,debit,usd,75670000.0
Shoe Carnival Inc,SCVL,,0000895447,2012.0,Q2,,2012-07-28,2013-09-12 12:01:29+00:00,totalnoncurrentassets,noncurrentdeferredtaxassets,Noncurrent Deferred & Refundable Income Taxes,+,debit,usd,0.0
Shoe Carnival Inc,SCVL,,0000895447,2012.0,Q2,,2012-07-28,2013-09-12 12:01:29+00:00,totalnoncurrentassets,othernoncurrentassets,Other Noncurrent Operating Assets,+,debit,usd,859000.0
Shoe Carnival Inc,SCVL,,0000895447,2012.0,Q2,,2012-07-28,2013-09-12 12:01:29+00:00,totalassets,totalnoncurrentassets,Total Noncurrent Assets,+,debit,usd,859000.0
Shoe Carnival Inc,SCVL,,0000895447,2012.0,Q2,,2012-07-28,2013-09-12 12:01:29+00:00,,totalassets,Total Assets,=,debit,usd,434038000.0
Shoe Carnival Inc,SCVL,,0000895447,2012.0,Q2,,2012-07-28,2013-09-12 12:01:29+00:00,totalcurrentliabilities,accountspayable,Accounts Payable,+,credit,usd,86254000.0
Shoe Carnival Inc,SCVL,,0000895447,2012.0,Q2,,2012-07-28,2013-09-12 12:01:29+00:00,totalcurrentliabilities,accruedexpenses,Accrued Expenses,+,credit,usd,16424000.0
Shoe Carnival Inc,SCVL,,0000895447,2012.0,Q2,,2012-07-28,2013-09-12 12:01:29+00:00,totalliabilities,totalcurrentliabilities,Total Current Liabilities,+,credit,usd,102678000.0
Shoe Carnival Inc,SCVL,,0000895447,2012.0,Q2,,2012-07-28,2013-09-12 12:01:29+00:00,totalnoncurrentliabilities,noncurrentdeferredrevenue,Noncurrent Deferred Revenue,+,credit,usd,6858000.0
Shoe Carnival Inc,SCVL,,0000895447,2012.0,Q2,,2012-07-28,2013-09-12 12:01:29+00:00,totalnoncurrentliabilities,noncurrentdeferredtaxliabilities,Noncurrent Deferred & Payable Income Tax Liabilities,+,credit,usd,284000.0
Shoe Carnival Inc,SCVL,,0000895447,2012.0,Q2,,2012-07-28,2013-09-12 12:01:29+00:00,totalnoncurrentliabilities,noncurrentemployeebenefitliabilities,Noncurrent Employee Benefit Liabilities,+,credit,usd,6718000.0
Shoe Carnival Inc,SCVL,,0000895447,2012.0,Q2,,2012-07-28,2013-09-12 12:01:29+00:00,totalnoncurrentliabilities,othernoncurrentliabilities,Other Noncurrent Operating Liabilities,+,credit,usd,15572000.0
Shoe Carnival Inc,SCVL,,0000895447,2012.0,Q2,,2012-07-28,2013-09-12 12:01:29+00:00,totalliabilities,totalnoncurrentliabilities,Total Noncurrent Liabilities,+,credit,usd,29432000.0
Shoe Carnival Inc,SCVL,,0000895447,2012.0,Q2,,2012-07-28,2013-09-12 12:01:29+00:00,totalliabilitiesandequity,totalliabilities,Total Liabilities,+,credit,usd,132110000.0
Shoe Carnival Inc,SCVL,,0000895447,2012.0,Q2,,2012-07-28,2013-09-12 12:01:29+00:00,totalcommonequity,commonequity,Common Stock,+,credit,usd,66921000.0
Shoe Carnival Inc,SCVL,,0000895447,2012.0,Q2,,2012-07-28,2013-09-12 12:01:29+00:00,totalcommonequity,retainedearnings,Retained Earnings,+,credit,usd,235091000.0
Shoe Carnival Inc,SCVL,,0000895447,2012.0,Q2,,2012-07-28,2013-09-12 12:01:29+00:00,totalcommonequity,treasurystock,Treasury Stock,+,credit,usd,84000.0
Shoe Carnival Inc,SCVL,,0000895447,2012.0,Q2,,2012-07-28,2013-09-12 12:01:29+00:00,totalequity,totalcommonequity,Total Common Equity,+,credit,usd,302096000.0
Shoe Carnival Inc,SCVL,,0000895447,2012.0,Q2,,2012-07-28,2013-09-12 12:01:29+00:00,totalequityandnoncontrollinginterests,totalequity,Total Preferred & Common Equity,+,credit,usd,301928000.0
Shoe Carnival Inc,SCVL,,0000895447,2012.0,Q2,,2012-07-28,2013-09-12 12:01:29+00:00,totalliabilitiesandequity,totalequityandnoncontrollinginterests,Total Equity & Noncontrolling Interests,+,credit,usd,301928000.0
Shoe Carnival Inc,SCVL,,0000895447,2012.0,Q2,,2012-07-28,2013-09-12 12:01:29+00:00,,totalliabilitiesandequity,Total Liabilities & Shareholders' Equity,=,credit,usd,434038000.0
Shoe Carnival Inc,SCVL,,0000895447,2012.0,Q3,,2012-10-27,2013-12-11 16:02:46+00:00,totalcurrentassets,cashandequivalents,Cash & Equivalents,+,debit,usd,67134000.0
Shoe Carnival Inc,SCVL,,0000895447,2012.0,Q3,,2012-10-27,2013-12-11 16:02:46+00:00,totalcurrentassets,accountsreceivable,Accounts Receivable,+,debit,usd,3174000.0
Shoe Carnival Inc,SCVL,,0000895447,2012.0,Q3,,2012-10-27,2013-12-11 16:02:46+00:00,totalcurrentassets,netinventory,"Inventories, net",+,debit,usd,277418000.0
Shoe Carnival Inc,SCVL,,0000895447,2012.0,Q3,,2012-10-27,2013-12-11 16:02:46+00:00,totalcurrentassets,currentdeferredtaxassets,Current Deferred & Refundable Income Taxes,+,debit,usd,3261000.0
Shoe Carnival Inc,SCVL,,0000895447,2012.0,Q3,,2012-10-27,2013-12-11 16:02:46+00:00,totalcurrentassets,othercurrentassets,Other Current Assets,+,debit,usd,4675000.0
Shoe Carnival Inc,SCVL,,0000895447,2012.0,Q3,,2012-10-27,2013-12-11 16:02:46+00:00,totalassets,totalcurrentassets,Total Current Assets,+,debit,usd,355662000.0
Shoe Carnival Inc,SCVL,,0000895447,2012.0,Q3,,2012-10-27,2013-12-11 16:02:46+00:00,totalassets,netppe,"Plant, Property, & Equipment, net",+,debit,usd,76907000.0
Shoe Carnival Inc,SCVL,,0000895447,2012.0,Q3,,2012-10-27,2013-12-11 16:02:46+00:00,totalnoncurrentassets,noncurrentdeferredtaxassets,Noncurrent Deferred & Refundable Income Taxes,+,debit,usd,153000.0
Shoe Carnival Inc,SCVL,,0000895447,2012.0,Q3,,2012-10-27,2013-12-11 16:02:46+00:00,totalnoncurrentassets,othernoncurrentassets,Other Noncurrent Operating Assets,+,debit,usd,880000.0
Shoe Carnival Inc,SCVL,,0000895447,2012.0,Q3,,2012-10-27,2013-12-11 16:02:46+00:00,totalassets,totalnoncurrentassets,Total Noncurrent Assets,+,debit,usd,1033000.0
Shoe Carnival Inc,SCVL,,0000895447,2012.0,Q3,,2012-10-27,2013-12-11 16:02:46+00:00,,totalassets,Total Assets,=,debit,usd,433602000.0
Shoe Carnival Inc,SCVL,,0000895447,2012.0,Q3,,2012-10-27,2013-12-11 16:02:46+00:00,totalcurrentliabilities,accountspayable,Accounts Payable,+,credit,usd,66326000.0
Shoe Carnival Inc,SCVL,,0000895447,2012.0,Q3,,2012-10-27,2013-12-11 16:02:46+00:00,totalcurrentliabilities,accruedexpenses,Accrued Expenses,+,credit,usd,24828000.0
Shoe Carnival Inc,SCVL,,0000895447,2012.0,Q3,,2012-10-27,2013-12-11 16:02:46+00:00,totalliabilities,totalcurrentliabilities,Total Current Liabilities,+,credit,usd,91154000.0
Shoe Carnival Inc,SCVL,,0000895447,2012.0,Q3,,2012-10-27,2013-12-11 16:02:46+00:00,totalnoncurrentliabilities,noncurrentdeferredrevenue,Noncurrent Deferred Revenue,+,credit,usd,7100000.0
Shoe Carnival Inc,SCVL,,0000895447,2012.0,Q3,,2012-10-27,2013-12-11 16:02:46+00:00,totalnoncurrentliabilities,noncurrentemployeebenefitliabilities,Noncurrent Employee Benefit Liabilities,+,credit,usd,5957000.0
Shoe Carnival Inc,SCVL,,0000895447,2012.0,Q3,,2012-10-27,2013-12-11 16:02:46+00:00,totalnoncurrentliabilities,othernoncurrentliabilities,Other Noncurrent Operating Liabilities,+,credit,usd,16757000.0
Shoe Carnival Inc,SCVL,,0000895447,2012.0,Q3,,2012-10-27,2013-12-11 16:02:46+00:00,totalliabilities,totalnoncurrentliabilities,Total Noncurrent Liabilities,+,credit,usd,29814000.0
Shoe Carnival Inc,SCVL,,0000895447,2012.0,Q3,,2012-10-27,2013-12-11 16:02:46+00:00,totalliabilitiesandequity,totalliabilities,Total Liabilities,+,credit,usd,120968000.0
Shoe Carnival Inc,SCVL,,0000895447,2012.0,Q3,,2012-10-27,2013-12-11 16:02:46+00:00,totalcommonequity,commonequity,Common Stock,+,credit,usd,66781000.0
Shoe Carnival Inc,SCVL,,0000895447,2012.0,Q3,,2012-10-27,2013-12-11 16:02:46+00:00,totalcommonequity,retainedearnings,Retained Earnings,+,credit,usd,246317000.0
Shoe Carnival Inc,SCVL,,0000895447,2012.0,Q3,,2012-10-27,2013-12-11 16:02:46+00:00,totalcommonequity,treasurystock,Treasury Stock,+,credit,usd,464000.0
Shoe Carnival Inc,SCVL,,0000895447,2012.0,Q3,,2012-10-27,2013-12-11 16:02:46+00:00,totalequity,totalcommonequity,Total Common Equity,+,credit,usd,313562000.0
Shoe Carnival Inc,SCVL,,0000895447,2012.0,Q3,,2012-10-27,2013-12-11 16:02:46+00:00,totalequityandnoncontrollinginterests,totalequity,Total Preferred & Common Equity,+,credit,usd,312634000.0
Shoe Carnival Inc,SCVL,,0000895447,2012.0,Q3,,2012-10-27,2013-12-11 16:02:46+00:00,totalliabilitiesandequity,totalequityandnoncontrollinginterests,Total Equity & Noncontrolling Interests,+,credit,usd,312634000.0
Shoe Carnival Inc,SCVL,,0000895447,2012.0,Q3,,2012-10-27,2013-12-11 16:02:46+00:00,,totalliabilitiesandequity,Total Liabilities & Shareholders' Equity,=,credit,usd,433602000.0
Shoe Carnival Inc,SCVL,,0000895447,2013.0,Q1,,2013-05-04,2014-06-12 10:01:17+00:00,totalcurrentassets,cashandequivalents,Cash & Equivalents,+,debit,usd,34122000.0
Shoe Carnival Inc,SCVL,,0000895447,2013.0,Q1,,2013-05-04,2014-06-12 10:01:17+00:00,totalcurrentassets,accountsreceivable,Accounts Receivable,+,debit,usd,2525000.0
Shoe Carnival Inc,SCVL,,0000895447,2013.0,Q1,,2013-05-04,2014-06-12 10:01:17+00:00,totalcurrentassets,netinventory,"Inventories, net",+,debit,usd,276358000.0
Shoe Carnival Inc,SCVL,,0000895447,2013.0,Q1,,2013-05-04,2014-06-12 10:01:17+00:00,totalcurrentassets,currentdeferredtaxassets,Current Deferred & Refundable Income Taxes,+,debit,usd,2959000.0
Shoe Carnival Inc,SCVL,,0000895447,2013.0,Q1,,2013-05-04,2014-06-12 10:01:17+00:00,totalcurrentassets,othercurrentassets,Other Current Assets,+,debit,usd,10012000.0
Shoe Carnival Inc,SCVL,,0000895447,2013.0,Q1,,2013-05-04,2014-06-12 10:01:17+00:00,totalassets,totalcurrentassets,Total Current Assets,+,debit,usd,325976000.0
Shoe Carnival Inc,SCVL,,0000895447,2013.0,Q1,,2013-05-04,2014-06-12 10:01:17+00:00,totalassets,netppe,"Plant, Property, & Equipment, net",+,debit,usd,80154000.0
Shoe Carnival Inc,SCVL,,0000895447,2013.0,Q1,,2013-05-04,2014-06-12 10:01:17+00:00,totalnoncurrentassets,noncurrentdeferredtaxassets,Noncurrent Deferred & Refundable Income Taxes,+,debit,usd,1353000.0
Shoe Carnival Inc,SCVL,,0000895447,2013.0,Q1,,2013-05-04,2014-06-12 10:01:17+00:00,totalnoncurrentassets,othernoncurrentassets,Other Noncurrent Operating Assets,+,debit,usd,855000.0
Shoe Carnival Inc,SCVL,,0000895447,2013.0,Q1,,2013-05-04,2014-06-12 10:01:17+00:00,totalassets,totalnoncurrentassets,Total Noncurrent Assets,+,debit,usd,2208000.0
Shoe Carnival Inc,SCVL,,0000895447,2013.0,Q1,,2013-05-04,2014-06-12 10:01:17+00:00,,totalassets,Total Assets,=,debit,usd,408338000.0
Shoe Carnival Inc,SCVL,,0000895447,2013.0,Q1,,2013-05-04,2014-06-12 10:01:17+00:00,totalcurrentliabilities,accountspayable,Accounts Payable,+,credit,usd,53037000.0
Shoe Carnival Inc,SCVL,,0000895447,2013.0,Q1,,2013-05-04,2014-06-12 10:01:17+00:00,totalcurrentliabilities,accruedexpenses,Accrued Expenses,+,credit,usd,20133000.0
Shoe Carnival Inc,SCVL,,0000895447,2013.0,Q1,,2013-05-04,2014-06-12 10:01:17+00:00,totalliabilities,totalcurrentliabilities,Total Current Liabilities,+,credit,usd,73170000.0
Shoe Carnival Inc,SCVL,,0000895447,2013.0,Q1,,2013-05-04,2014-06-12 10:01:17+00:00,totalnoncurrentliabilities,noncurrentdeferredrevenue,Noncurrent Deferred Revenue,+,credit,usd,7881000.0
Shoe Carnival Inc,SCVL,,0000895447,2013.0,Q1,,2013-05-04,2014-06-12 10:01:17+00:00,totalnoncurrentliabilities,noncurrentemployeebenefitliabilities,Noncurrent Employee Benefit Liabilities,+,credit,usd,7101000.0
Shoe Carnival Inc,SCVL,,0000895447,2013.0,Q1,,2013-05-04,2014-06-12 10:01:17+00:00,totalnoncurrentliabilities,othernoncurrentliabilities,Other Noncurrent Operating Liabilities,+,credit,usd,19278000.0
Shoe Carnival Inc,SCVL,,0000895447,2013.0,Q1,,2013-05-04,2014-06-12 10:01:17+00:00,totalliabilities,totalnoncurrentliabilities,Total Noncurrent Liabilities,+,credit,usd,34260000.0
Shoe Carnival Inc,SCVL,,0000895447,2013.0,Q1,,2013-05-04,2014-06-12 10:01:17+00:00,totalliabilitiesandequity,totalliabilities,Total Liabilities,+,credit,usd,107430000.0
Shoe Carnival Inc,SCVL,,0000895447,2013.0,Q1,,2013-05-04,2014-06-12 10:01:17+00:00,totalcommonequity,commonequity,Common Stock,+,credit,usd,64504000.0
Shoe Carnival Inc,SCVL,,0000895447,2013.0,Q1,,2013-05-04,2014-06-12 10:01:17+00:00,totalcommonequity,retainedearnings,Retained Earnings,+,credit,usd,236404000.0
Shoe Carnival Inc,SCVL,,0000895447,2013.0,Q1,,2013-05-04,2014-06-12 10:01:17+00:00,totalcommonequity,treasurystock,Treasury Stock,+,credit,usd,0.0
Shoe Carnival Inc,SCVL,,0000895447,2013.0,Q1,,2013-05-04,2014-06-12 10:01:17+00:00,totalequity,totalcommonequity,Total Common Equity,+,credit,usd,300908000.0
Shoe Carnival Inc,SCVL,,0000895447,2013.0,Q1,,2013-05-04,2014-06-12 10:01:17+00:00,totalequityandnoncontrollinginterests,totalequity,Total Preferred & Common Equity,+,credit,usd,300908000.0
Shoe Carnival Inc,SCVL,,0000895447,2013.0,Q1,,2013-05-04,2014-06-12 10:01:17+00:00,totalliabilitiesandequity,totalequityandnoncontrollinginterests,Total Equity & Noncontrolling Interests,+,credit,usd,300908000.0
Shoe Carnival Inc,SCVL,,0000895447,2013.0,Q1,,2013-05-04,2014-06-12 10:01:17+00:00,,totalliabilitiesandequity,Total Liabilities & Shareholders' Equity,=,credit,usd,408338000.0
Shoe Carnival Inc,SCVL,,0000895447,2013.0,Q2,,2013-08-03,2014-09-08 16:06:30+00:00,totalcurrentassets,cashandequivalents,Cash & Equivalents,+,debit,usd,37790000.0
Shoe Carnival Inc,SCVL,,0000895447,2013.0,Q2,,2013-08-03,2014-09-08 16:06:30+00:00,totalcurrentassets,accountsreceivable,Accounts Receivable,+,debit,usd,2459000.0
Shoe Carnival Inc,SCVL,,0000895447,2013.0,Q2,,2013-08-03,2014-09-08 16:06:30+00:00,totalcurrentassets,netinventory,"Inventories, net",+,debit,usd,321059000.0
Shoe Carnival Inc,SCVL,,0000895447,2013.0,Q2,,2013-08-03,2014-09-08 16:06:30+00:00,totalcurrentassets,currentdeferredtaxassets,Current Deferred & Refundable Income Taxes,+,debit,usd,2498000.0
Shoe Carnival Inc,SCVL,,0000895447,2013.0,Q2,,2013-08-03,2014-09-08 16:06:30+00:00,totalcurrentassets,othercurrentassets,Other Current Assets,+,debit,usd,6655000.0
Shoe Carnival Inc,SCVL,,0000895447,2013.0,Q2,,2013-08-03,2014-09-08 16:06:30+00:00,totalassets,totalcurrentassets,Total Current Assets,+,debit,usd,370461000.0
Shoe Carnival Inc,SCVL,,0000895447,2013.0,Q2,,2013-08-03,2014-09-08 16:06:30+00:00,totalassets,netppe,"Plant, Property, & Equipment, net",+,debit,usd,84765000.0
Shoe Carnival Inc,SCVL,,0000895447,2013.0,Q2,,2013-08-03,2014-09-08 16:06:30+00:00,totalnoncurrentassets,noncurrentdeferredtaxassets,Noncurrent Deferred & Refundable Income Taxes,+,debit,usd,1866000.0
Shoe Carnival Inc,SCVL,,0000895447,2013.0,Q2,,2013-08-03,2014-09-08 16:06:30+00:00,totalnoncurrentassets,othernoncurrentassets,Other Noncurrent Operating Assets,+,debit,usd,582000.0
Shoe Carnival Inc,SCVL,,0000895447,2013.0,Q2,,2013-08-03,2014-09-08 16:06:30+00:00,totalassets,totalnoncurrentassets,Total Noncurrent Assets,+,debit,usd,2448000.0
Shoe Carnival Inc,SCVL,,0000895447,2013.0,Q2,,2013-08-03,2014-09-08 16:06:30+00:00,,totalassets,Total Assets,=,debit,usd,457674000.0
Shoe Carnival Inc,SCVL,,0000895447,2013.0,Q2,,2013-08-03,2014-09-08 16:06:30+00:00,totalcurrentliabilities,accountspayable,Accounts Payable,+,credit,usd,94733000.0
Shoe Carnival Inc,SCVL,,0000895447,2013.0,Q2,,2013-08-03,2014-09-08 16:06:30+00:00,totalcurrentliabilities,accruedexpenses,Accrued Expenses,+,credit,usd,19988000.0
Shoe Carnival Inc,SCVL,,0000895447,2013.0,Q2,,2013-08-03,2014-09-08 16:06:30+00:00,totalliabilities,totalcurrentliabilities,Total Current Liabilities,+,credit,usd,114721000.0
Shoe Carnival Inc,SCVL,,0000895447,2013.0,Q2,,2013-08-03,2014-09-08 16:06:30+00:00,totalnoncurrentliabilities,noncurrentdeferredrevenue,Noncurrent Deferred Revenue,+,credit,usd,8393000.0
Shoe Carnival Inc,SCVL,,0000895447,2013.0,Q2,,2013-08-03,2014-09-08 16:06:30+00:00,totalnoncurrentliabilities,noncurrentemployeebenefitliabilities,Noncurrent Employee Benefit Liabilities,+,credit,usd,7496000.0
Shoe Carnival Inc,SCVL,,0000895447,2013.0,Q2,,2013-08-03,2014-09-08 16:06:30+00:00,totalnoncurrentliabilities,othernoncurrentliabilities,Other Noncurrent Operating Liabilities,+,credit,usd,20601000.0
Shoe Carnival Inc,SCVL,,0000895447,2013.0,Q2,,2013-08-03,2014-09-08 16:06:30+00:00,totalliabilities,totalnoncurrentliabilities,Total Noncurrent Liabilities,+,credit,usd,36490000.0
Shoe Carnival Inc,SCVL,,0000895447,2013.0,Q2,,2013-08-03,2014-09-08 16:06:30+00:00,totalliabilitiesandequity,totalliabilities,Total Liabilities,+,credit,usd,151211000.0
Shoe Carnival Inc,SCVL,,0000895447,2013.0,Q2,,2013-08-03,2014-09-08 16:06:30+00:00,totalcommonequity,commonequity,Common Stock,+,credit,usd,65450000.0
Shoe Carnival Inc,SCVL,,0000895447,2013.0,Q2,,2013-08-03,2014-09-08 16:06:30+00:00,totalcommonequity,retainedearnings,Retained Earnings,+,credit,usd,241013000.0
Shoe Carnival Inc,SCVL,,0000895447,2013.0,Q2,,2013-08-03,2014-09-08 16:06:30+00:00,totalcommonequity,treasurystock,Treasury Stock,+,credit,usd,0.0
Shoe Carnival Inc,SCVL,,0000895447,2013.0,Q2,,2013-08-03,2014-09-08 16:06:30+00:00,totalequity,totalcommonequity,Total Common Equity,+,credit,usd,306463000.0
Shoe Carnival Inc,SCVL,,0000895447,2013.0,Q2,,2013-08-03,2014-09-08 16:06:30+00:00,totalequityandnoncontrollinginterests,totalequity,Total Preferred & Common Equity,+,credit,usd,306463000.0
Shoe Carnival Inc,SCVL,,0000895447,2013.0,Q2,,2013-08-03,2014-09-08 16:06:30+00:00,totalliabilitiesandequity,totalequityandnoncontrollinginterests,Total Equity & Noncontrolling Interests,+,credit,usd,306463000.0
Shoe Carnival Inc,SCVL,,0000895447,2013.0,Q2,,2013-08-03,2014-09-08 16:06:30+00:00,,totalliabilitiesandequity,Total Liabilities & Shareholders' Equity,=,credit,usd,457674000.0
Shoe Carnival Inc,SCVL,,0000895447,2013.0,Q3,,2013-11-02,2014-12-11 11:01:56+00:00,totalcurrentassets,cashandequivalents,Cash & Equivalents,+,debit,usd,33562000.0
Shoe Carnival Inc,SCVL,,0000895447,2013.0,Q3,,2013-11-02,2014-12-11 11:01:56+00:00,totalcurrentassets,accountsreceivable,Accounts Receivable,+,debit,usd,3251000.0
Shoe Carnival Inc,SCVL,,0000895447,2013.0,Q3,,2013-11-02,2014-12-11 11:01:56+00:00,totalcurrentassets,netinventory,"Inventories, net",+,debit,usd,299122000.0
Shoe Carnival Inc,SCVL,,0000895447,2013.0,Q3,,2013-11-02,2014-12-11 11:01:56+00:00,totalcurrentassets,currentdeferredtaxassets,Current Deferred & Refundable Income Taxes,+,debit,usd,1794000.0
Shoe Carnival Inc,SCVL,,0000895447,2013.0,Q3,,2013-11-02,2014-12-11 11:01:56+00:00,totalcurrentassets,othercurrentassets,Other Current Assets,+,debit,usd,4855000.0
Shoe Carnival Inc,SCVL,,0000895447,2013.0,Q3,,2013-11-02,2014-12-11 11:01:56+00:00,totalassets,totalcurrentassets,Total Current Assets,+,debit,usd,342584000.0
Shoe Carnival Inc,SCVL,,0000895447,2013.0,Q3,,2013-11-02,2014-12-11 11:01:56+00:00,totalassets,netppe,"Plant, Property, & Equipment, net",+,debit,usd,89905000.0
Shoe Carnival Inc,SCVL,,0000895447,2013.0,Q3,,2013-11-02,2014-12-11 11:01:56+00:00,totalnoncurrentassets,noncurrentdeferredtaxassets,Noncurrent Deferred & Refundable Income Taxes,+,debit,usd,2383000.0
Shoe Carnival Inc,SCVL,,0000895447,2013.0,Q3,,2013-11-02,2014-12-11 11:01:56+00:00,totalnoncurrentassets,othernoncurrentassets,Other Noncurrent Operating Assets,+,debit,usd,675000.0
Shoe Carnival Inc,SCVL,,0000895447,2013.0,Q3,,2013-11-02,2014-12-11 11:01:56+00:00,totalassets,totalnoncurrentassets,Total Noncurrent Assets,+,debit,usd,3058000.0
Shoe Carnival Inc,SCVL,,0000895447,2013.0,Q3,,2013-11-02,2014-12-11 11:01:56+00:00,,totalassets,Total Assets,=,debit,usd,435547000.0
Shoe Carnival Inc,SCVL,,0000895447,2013.0,Q3,,2013-11-02,2014-12-11 11:01:56+00:00,totalcurrentliabilities,accountspayable,Accounts Payable,+,credit,usd,60526000.0
Shoe Carnival Inc,SCVL,,0000895447,2013.0,Q3,,2013-11-02,2014-12-11 11:01:56+00:00,totalcurrentliabilities,accruedexpenses,Accrued Expenses,+,credit,usd,19232000.0
Shoe Carnival Inc,SCVL,,0000895447,2013.0,Q3,,2013-11-02,2014-12-11 11:01:56+00:00,totalliabilities,totalcurrentliabilities,Total Current Liabilities,+,credit,usd,79758000.0
Shoe Carnival Inc,SCVL,,0000895447,2013.0,Q3,,2013-11-02,2014-12-11 11:01:56+00:00,totalnoncurrentliabilities,noncurrentdeferredrevenue,Noncurrent Deferred Revenue,+,credit,usd,8935000.0
Shoe Carnival Inc,SCVL,,0000895447,2013.0,Q3,,2013-11-02,2014-12-11 11:01:56+00:00,totalnoncurrentliabilities,noncurrentemployeebenefitliabilities,Noncurrent Employee Benefit Liabilities,+,credit,usd,7959000.0
Shoe Carnival Inc,SCVL,,0000895447,2013.0,Q3,,2013-11-02,2014-12-11 11:01:56+00:00,totalnoncurrentliabilities,othernoncurrentliabilities,Other Noncurrent Operating Liabilities,+,credit,usd,21982000.0
Shoe Carnival Inc,SCVL,,0000895447,2013.0,Q3,,2013-11-02,2014-12-11 11:01:56+00:00,totalliabilities,totalnoncurrentliabilities,Total Noncurrent Liabilities,+,credit,usd,38876000.0
Shoe Carnival Inc,SCVL,,0000895447,2013.0,Q3,,2013-11-02,2014-12-11 11:01:56+00:00,totalliabilitiesandequity,totalliabilities,Total Liabilities,+,credit,usd,118634000.0
Shoe Carnival Inc,SCVL,,0000895447,2013.0,Q3,,2013-11-02,2014-12-11 11:01:56+00:00,totalcommonequity,commonequity,Common Stock,+,credit,usd,66214000.0
Shoe Carnival Inc,SCVL,,0000895447,2013.0,Q3,,2013-11-02,2014-12-11 11:01:56+00:00,totalcommonequity,retainedearnings,Retained Earnings,+,credit,usd,250699000.0
Shoe Carnival Inc,SCVL,,0000895447,2013.0,Q3,,2013-11-02,2014-12-11 11:01:56+00:00,totalcommonequity,treasurystock,Treasury Stock,+,credit,usd,0.0
Shoe Carnival Inc,SCVL,,0000895447,2013.0,Q3,,2013-11-02,2014-12-11 11:01:56+00:00,totalequity,totalcommonequity,Total Common Equity,+,credit,usd,316913000.0
Shoe Carnival Inc,SCVL,,0000895447,2013.0,Q3,,2013-11-02,2014-12-11 11:01:56+00:00,totalequityandnoncontrollinginterests,totalequity,Total Preferred & Common Equity,+,credit,usd,316913000.0
Shoe Carnival Inc,SCVL,,0000895447,2013.0,Q3,,2013-11-02,2014-12-11 11:01:56+00:00,totalliabilitiesandequity,totalequityandnoncontrollinginterests,Total Equity & Noncontrolling Interests,+,credit,usd,316913000.0
Shoe Carnival Inc,SCVL,,0000895447,2013.0,Q3,,2013-11-02,2014-12-11 11:01:56+00:00,,totalliabilitiesandequity,Total Liabilities & Shareholders' Equity,=,credit,usd,435547000.0
Shoe Carnival Inc,SCVL,,0000895447,2014.0,Q1,,2014-05-03,2015-06-10 16:05:43+00:00,totalcurrentassets,cashandequivalents,Cash & Equivalents,+,debit,usd,41254000.0
Shoe Carnival Inc,SCVL,,0000895447,2014.0,Q1,,2014-05-03,2015-06-10 16:05:43+00:00,totalcurrentassets,accountsreceivable,Accounts Receivable,+,debit,usd,2848000.0
Shoe Carnival Inc,SCVL,,0000895447,2014.0,Q1,,2014-05-03,2015-06-10 16:05:43+00:00,totalcurrentassets,netinventory,"Inventories, net",+,debit,usd,289644000.0
Shoe Carnival Inc,SCVL,,0000895447,2014.0,Q1,,2014-05-03,2015-06-10 16:05:43+00:00,totalcurrentassets,currentdeferredtaxassets,Current Deferred & Refundable Income Taxes,+,debit,usd,1029000.0
Shoe Carnival Inc,SCVL,,0000895447,2014.0,Q1,,2014-05-03,2015-06-10 16:05:43+00:00,totalcurrentassets,othercurrentassets,Other Current Assets,+,debit,usd,11403000.0
Shoe Carnival Inc,SCVL,,0000895447,2014.0,Q1,,2014-05-03,2015-06-10 16:05:43+00:00,totalassets,totalcurrentassets,Total Current Assets,+,debit,usd,346178000.0
Shoe Carnival Inc,SCVL,,0000895447,2014.0,Q1,,2014-05-03,2015-06-10 16:05:43+00:00,totalassets,netppe,"Plant, Property, & Equipment, net",+,debit,usd,93524000.0
Shoe Carnival Inc,SCVL,,0000895447,2014.0,Q1,,2014-05-03,2015-06-10 16:05:43+00:00,totalnoncurrentassets,noncurrentdeferredtaxassets,Noncurrent Deferred & Refundable Income Taxes,+,debit,usd,5287000.0
Shoe Carnival Inc,SCVL,,0000895447,2014.0,Q1,,2014-05-03,2015-06-10 16:05:43+00:00,totalnoncurrentassets,othernoncurrentassets,Other Noncurrent Operating Assets,+,debit,usd,683000.0
Shoe Carnival Inc,SCVL,,0000895447,2014.0,Q1,,2014-05-03,2015-06-10 16:05:43+00:00,totalassets,totalnoncurrentassets,Total Noncurrent Assets,+,debit,usd,5970000.0
Shoe Carnival Inc,SCVL,,0000895447,2014.0,Q1,,2014-05-03,2015-06-10 16:05:43+00:00,,totalassets,Total Assets,=,debit,usd,445672000.0
Shoe Carnival Inc,SCVL,,0000895447,2014.0,Q1,,2014-05-03,2015-06-10 16:05:43+00:00,totalcurrentliabilities,accountspayable,Accounts Payable,+,credit,usd,54231000.0
Shoe Carnival Inc,SCVL,,0000895447,2014.0,Q1,,2014-05-03,2015-06-10 16:05:43+00:00,totalcurrentliabilities,accruedexpenses,Accrued Expenses,+,credit,usd,22085000.0
Shoe Carnival Inc,SCVL,,0000895447,2014.0,Q1,,2014-05-03,2015-06-10 16:05:43+00:00,totalliabilities,totalcurrentliabilities,Total Current Liabilities,+,credit,usd,76316000.0
Shoe Carnival Inc,SCVL,,0000895447,2014.0,Q1,,2014-05-03,2015-06-10 16:05:43+00:00,totalnoncurrentliabilities,noncurrentdeferredrevenue,Noncurrent Deferred Revenue,+,credit,usd,9618000.0
Shoe Carnival Inc,SCVL,,0000895447,2014.0,Q1,,2014-05-03,2015-06-10 16:05:43+00:00,totalnoncurrentliabilities,noncurrentemployeebenefitliabilities,Noncurrent Employee Benefit Liabilities,+,credit,usd,8759000.0
Shoe Carnival Inc,SCVL,,0000895447,2014.0,Q1,,2014-05-03,2015-06-10 16:05:43+00:00,totalnoncurrentliabilities,othernoncurrentliabilities,Other Noncurrent Operating Liabilities,+,credit,usd,25295000.0
Shoe Carnival Inc,SCVL,,0000895447,2014.0,Q1,,2014-05-03,2015-06-10 16:05:43+00:00,totalliabilities,totalnoncurrentliabilities,Total Noncurrent Liabilities,+,credit,usd,43672000.0
Shoe Carnival Inc,SCVL,,0000895447,2014.0,Q1,,2014-05-03,2015-06-10 16:05:43+00:00,totalliabilitiesandequity,totalliabilities,Total Liabilities,+,credit,usd,119988000.0
Shoe Carnival Inc,SCVL,,0000895447,2014.0,Q1,,2014-05-03,2015-06-10 16:05:43+00:00,totalcommonequity,commonequity,Common Stock,+,credit,usd,67704000.0
Shoe Carnival Inc,SCVL,,0000895447,2014.0,Q1,,2014-05-03,2015-06-10 16:05:43+00:00,totalcommonequity,retainedearnings,Retained Earnings,+,credit,usd,257980000.0
Shoe Carnival Inc,SCVL,,0000895447,2014.0,Q1,,2014-05-03,2015-06-10 16:05:43+00:00,totalcommonequity,treasurystock,Treasury Stock,+,credit,usd,0.0
Shoe Carnival Inc,SCVL,,0000895447,2014.0,Q1,,2014-05-03,2015-06-10 16:05:43+00:00,totalequity,totalcommonequity,Total Common Equity,+,credit,usd,325684000.0
Shoe Carnival Inc,SCVL,,0000895447,2014.0,Q1,,2014-05-03,2015-06-10 16:05:43+00:00,totalequityandnoncontrollinginterests,totalequity,Total Preferred & Common Equity,+,credit,usd,325684000.0
Shoe Carnival Inc,SCVL,,0000895447,2014.0,Q1,,2014-05-03,2015-06-10 16:05:43+00:00,totalliabilitiesandequity,totalequityandnoncontrollinginterests,Total Equity & Noncontrolling Interests,+,credit,usd,325684000.0
Shoe Carnival Inc,SCVL,,0000895447,2014.0,Q1,,2014-05-03,2015-06-10 16:05:43+00:00,,totalliabilitiesandequity,Total Liabilities & Shareholders' Equity,=,credit,usd,445672000.0
Shoe Carnival Inc,SCVL,,0000895447,2014.0,Q2,,2014-08-02,2015-09-09 15:50:58+00:00,totalcurrentassets,cashandequivalents,Cash & Equivalents,+,debit,usd,32686000.0
Shoe Carnival Inc,SCVL,,0000895447,2014.0,Q2,,2014-08-02,2015-09-09 15:50:58+00:00,totalcurrentassets,accountsreceivable,Accounts Receivable,+,debit,usd,3808000.0
Shoe Carnival Inc,SCVL,,0000895447,2014.0,Q2,,2014-08-02,2015-09-09 15:50:58+00:00,totalcurrentassets,netinventory,"Inventories, net",+,debit,usd,337648000.0
Shoe Carnival Inc,SCVL,,0000895447,2014.0,Q2,,2014-08-02,2015-09-09 15:50:58+00:00,totalcurrentassets,currentdeferredtaxassets,Current Deferred & Refundable Income Taxes,+,debit,usd,852000.0
Shoe Carnival Inc,SCVL,,0000895447,2014.0,Q2,,2014-08-02,2015-09-09 15:50:58+00:00,totalcurrentassets,othercurrentassets,Other Current Assets,+,debit,usd,12876000.0
Shoe Carnival Inc,SCVL,,0000895447,2014.0,Q2,,2014-08-02,2015-09-09 15:50:58+00:00,totalassets,totalcurrentassets,Total Current Assets,+,debit,usd,387870000.0
Shoe Carnival Inc,SCVL,,0000895447,2014.0,Q2,,2014-08-02,2015-09-09 15:50:58+00:00,totalassets,netppe,"Plant, Property, & Equipment, net",+,debit,usd,100648000.0
Shoe Carnival Inc,SCVL,,0000895447,2014.0,Q2,,2014-08-02,2015-09-09 15:50:58+00:00,totalnoncurrentassets,noncurrentdeferredtaxassets,Noncurrent Deferred & Refundable Income Taxes,+,debit,usd,7164000.0
Shoe Carnival Inc,SCVL,,0000895447,2014.0,Q2,,2014-08-02,2015-09-09 15:50:58+00:00,totalnoncurrentassets,othernoncurrentassets,Other Noncurrent Operating Assets,+,debit,usd,432000.0
Shoe Carnival Inc,SCVL,,0000895447,2014.0,Q2,,2014-08-02,2015-09-09 15:50:58+00:00,totalassets,totalnoncurrentassets,Total Noncurrent Assets,+,debit,usd,7596000.0
Shoe Carnival Inc,SCVL,,0000895447,2014.0,Q2,,2014-08-02,2015-09-09 15:50:58+00:00,,totalassets,Total Assets,=,debit,usd,496114000.0
Shoe Carnival Inc,SCVL,,0000895447,2014.0,Q2,,2014-08-02,2015-09-09 15:50:58+00:00,totalcurrentliabilities,accountspayable,Accounts Payable,+,credit,usd,105721000.0
Shoe Carnival Inc,SCVL,,0000895447,2014.0,Q2,,2014-08-02,2015-09-09 15:50:58+00:00,totalcurrentliabilities,accruedexpenses,Accrued Expenses,+,credit,usd,19396000.0
Shoe Carnival Inc,SCVL,,0000895447,2014.0,Q2,,2014-08-02,2015-09-09 15:50:58+00:00,totalliabilities,totalcurrentliabilities,Total Current Liabilities,+,credit,usd,125117000.0
Shoe Carnival Inc,SCVL,,0000895447,2014.0,Q2,,2014-08-02,2015-09-09 15:50:58+00:00,totalnoncurrentliabilities,noncurrentdeferredrevenue,Noncurrent Deferred Revenue,+,credit,usd,10115000.0
Shoe Carnival Inc,SCVL,,0000895447,2014.0,Q2,,2014-08-02,2015-09-09 15:50:58+00:00,totalnoncurrentliabilities,noncurrentemployeebenefitliabilities,Noncurrent Employee Benefit Liabilities,+,credit,usd,9105000.0
Shoe Carnival Inc,SCVL,,0000895447,2014.0,Q2,,2014-08-02,2015-09-09 15:50:58+00:00,totalnoncurrentliabilities,othernoncurrentliabilities,Other Noncurrent Operating Liabilities,+,credit,usd,26628000.0
Shoe Carnival Inc,SCVL,,0000895447,2014.0,Q2,,2014-08-02,2015-09-09 15:50:58+00:00,totalliabilities,totalnoncurrentliabilities,Total Noncurrent Liabilities,+,credit,usd,45848000.0
Shoe Carnival Inc,SCVL,,0000895447,2014.0,Q2,,2014-08-02,2015-09-09 15:50:58+00:00,totalliabilitiesandequity,totalliabilities,Total Liabilities,+,credit,usd,170965000.0
Shoe Carnival Inc,SCVL,,0000895447,2014.0,Q2,,2014-08-02,2015-09-09 15:50:58+00:00,totalcommonequity,commonequity,Common Stock,+,credit,usd,68536000.0
Shoe Carnival Inc,SCVL,,0000895447,2014.0,Q2,,2014-08-02,2015-09-09 15:50:58+00:00,totalcommonequity,retainedearnings,Retained Earnings,+,credit,usd,259334000.0
Shoe Carnival Inc,SCVL,,0000895447,2014.0,Q2,,2014-08-02,2015-09-09 15:50:58+00:00,totalcommonequity,treasurystock,Treasury Stock,+,credit,usd,-2721000.0
Shoe Carnival Inc,SCVL,,0000895447,2014.0,Q2,,2014-08-02,2015-09-09 15:50:58+00:00,totalequity,totalcommonequity,Total Common Equity,+,credit,usd,325149000.0
Shoe Carnival Inc,SCVL,,0000895447,2014.0,Q2,,2014-08-02,2015-09-09 15:50:58+00:00,totalequityandnoncontrollinginterests,totalequity,Total Preferred & Common Equity,+,credit,usd,325149000.0
Shoe Carnival Inc,SCVL,,0000895447,2014.0,Q2,,2014-08-02,2015-09-09 15:50:58+00:00,totalliabilitiesandequity,totalequityandnoncontrollinginterests,Total Equity & Noncontrolling Interests,+,credit,usd,325149000.0
Shoe Carnival Inc,SCVL,,0000895447,2014.0,Q2,,2014-08-02,2015-09-09 15:50:58+00:00,,totalliabilitiesandequity,Total Liabilities & Shareholders' Equity,=,credit,usd,496114000.0
Shoe Carnival Inc,SCVL,,0000895447,2014.0,Q3,,2014-11-01,2015-12-08 15:47:03+00:00,totalcurrentassets,cashandequivalents,Cash & Equivalents,+,debit,usd,29089000.0
Shoe Carnival Inc,SCVL,,0000895447,2014.0,Q3,,2014-11-01,2015-12-08 15:47:03+00:00,totalcurrentassets,accountsreceivable,Accounts Receivable,+,debit,usd,2954000.0
Shoe Carnival Inc,SCVL,,0000895447,2014.0,Q3,,2014-11-01,2015-12-08 15:47:03+00:00,totalcurrentassets,netinventory,"Inventories, net",+,debit,usd,317865000.0
Shoe Carnival Inc,SCVL,,0000895447,2014.0,Q3,,2014-11-01,2015-12-08 15:47:03+00:00,totalcurrentassets,currentdeferredtaxassets,Current Deferred & Refundable Income Taxes,+,debit,usd,794000.0
Shoe Carnival Inc,SCVL,,0000895447,2014.0,Q3,,2014-11-01,2015-12-08 15:47:03+00:00,totalcurrentassets,othercurrentassets,Other Current Assets,+,debit,usd,4742000.0
Shoe Carnival Inc,SCVL,,0000895447,2014.0,Q3,,2014-11-01,2015-12-08 15:47:03+00:00,totalassets,totalcurrentassets,Total Current Assets,+,debit,usd,355444000.0
Shoe Carnival Inc,SCVL,,0000895447,2014.0,Q3,,2014-11-01,2015-12-08 15:47:03+00:00,totalassets,netppe,"Plant, Property, & Equipment, net",+,debit,usd,101362000.0
Shoe Carnival Inc,SCVL,,0000895447,2014.0,Q3,,2014-11-01,2015-12-08 15:47:03+00:00,totalnoncurrentassets,noncurrentdeferredtaxassets,Noncurrent Deferred & Refundable Income Taxes,+,debit,usd,8085000.0
Shoe Carnival Inc,SCVL,,0000895447,2014.0,Q3,,2014-11-01,2015-12-08 15:47:03+00:00,totalnoncurrentassets,othernoncurrentassets,Other Noncurrent Operating Assets,+,debit,usd,384000.0
Shoe Carnival Inc,SCVL,,0000895447,2014.0,Q3,,2014-11-01,2015-12-08 15:47:03+00:00,totalassets,totalnoncurrentassets,Total Noncurrent Assets,+,debit,usd,8469000.0
Shoe Carnival Inc,SCVL,,0000895447,2014.0,Q3,,2014-11-01,2015-12-08 15:47:03+00:00,,totalassets,Total Assets,=,debit,usd,465275000.0
Shoe Carnival Inc,SCVL,,0000895447,2014.0,Q3,,2014-11-01,2015-12-08 15:47:03+00:00,totalcurrentliabilities,accountspayable,Accounts Payable,+,credit,usd,70831000.0
Shoe Carnival Inc,SCVL,,0000895447,2014.0,Q3,,2014-11-01,2015-12-08 15:47:03+00:00,totalcurrentliabilities,accruedexpenses,Accrued Expenses,+,credit,usd,17165000.0
Shoe Carnival Inc,SCVL,,0000895447,2014.0,Q3,,2014-11-01,2015-12-08 15:47:03+00:00,totalliabilities,totalcurrentliabilities,Total Current Liabilities,+,credit,usd,87996000.0
Shoe Carnival Inc,SCVL,,0000895447,2014.0,Q3,,2014-11-01,2015-12-08 15:47:03+00:00,totalnoncurrentliabilities,noncurrentdeferredrevenue,Noncurrent Deferred Revenue,+,credit,usd,10318000.0
Shoe Carnival Inc,SCVL,,0000895447,2014.0,Q3,,2014-11-01,2015-12-08 15:47:03+00:00,totalnoncurrentliabilities,noncurrentemployeebenefitliabilities,Noncurrent Employee Benefit Liabilities,+,credit,usd,9616000.0
Shoe Carnival Inc,SCVL,,0000895447,2014.0,Q3,,2014-11-01,2015-12-08 15:47:03+00:00,totalnoncurrentliabilities,othernoncurrentliabilities,Other Noncurrent Operating Liabilities,+,credit,usd,28633000.0
Shoe Carnival Inc,SCVL,,0000895447,2014.0,Q3,,2014-11-01,2015-12-08 15:47:03+00:00,totalliabilities,totalnoncurrentliabilities,Total Noncurrent Liabilities,+,credit,usd,48567000.0
Shoe Carnival Inc,SCVL,,0000895447,2014.0,Q3,,2014-11-01,2015-12-08 15:47:03+00:00,totalliabilitiesandequity,totalliabilities,Total Liabilities,+,credit,usd,136563000.0
Shoe Carnival Inc,SCVL,,0000895447,2014.0,Q3,,2014-11-01,2015-12-08 15:47:03+00:00,totalcommonequity,commonequity,Common Stock,+,credit,usd,66978000.0
Shoe Carnival Inc,SCVL,,0000895447,2014.0,Q3,,2014-11-01,2015-12-08 15:47:03+00:00,totalcommonequity,retainedearnings,Retained Earnings,+,credit,usd,268929000.0
Shoe Carnival Inc,SCVL,,0000895447,2014.0,Q3,,2014-11-01,2015-12-08 15:47:03+00:00,totalcommonequity,treasurystock,Treasury Stock,+,credit,usd,-7195000.0
Shoe Carnival Inc,SCVL,,0000895447,2014.0,Q3,,2014-11-01,2015-12-08 15:47:03+00:00,totalequity,totalcommonequity,Total Common Equity,+,credit,usd,328712000.0
Shoe Carnival Inc,SCVL,,0000895447,2014.0,Q3,,2014-11-01,2015-12-08 15:47:03+00:00,totalequityandnoncontrollinginterests,totalequity,Total Preferred & Common Equity,+,credit,usd,328712000.0
Shoe Carnival Inc,SCVL,,0000895447,2014.0,Q3,,2014-11-01,2015-12-08 15:47:03+00:00,totalliabilitiesandequity,totalequityandnoncontrollinginterests,Total Equity & Noncontrolling Interests,+,credit,usd,328712000.0
Shoe Carnival Inc,SCVL,,0000895447,2014.0,Q3,,2014-11-01,2015-12-08 15:47:03+00:00,,totalliabilitiesandequity,Total Liabilities & Shareholders' Equity,=,credit,usd,465275000.0
Shoe Carnival Inc,SCVL,,0000895447,2015.0,Q1,,2015-05-02,2016-06-03 15:46:21+00:00,totalcurrentassets,cashandequivalents,Cash & Equivalents,+,debit,usd,69754000.0
Shoe Carnival Inc,SCVL,,0000895447,2015.0,Q1,,2015-05-02,2016-06-03 15:46:21+00:00,totalcurrentassets,accountsreceivable,Accounts Receivable,+,debit,usd,2441000.0
Shoe Carnival Inc,SCVL,,0000895447,2015.0,Q1,,2015-05-02,2016-06-03 15:46:21+00:00,totalcurrentassets,netinventory,"Inventories, net",+,debit,usd,295248000.0
Shoe Carnival Inc,SCVL,,0000895447,2015.0,Q1,,2015-05-02,2016-06-03 15:46:21+00:00,totalcurrentassets,currentdeferredtaxassets,Current Deferred & Refundable Income Taxes,+,debit,usd,1016000.0
Shoe Carnival Inc,SCVL,,0000895447,2015.0,Q1,,2015-05-02,2016-06-03 15:46:21+00:00,totalcurrentassets,othercurrentassets,Other Current Assets,+,debit,usd,12915000.0
Shoe Carnival Inc,SCVL,,0000895447,2015.0,Q1,,2015-05-02,2016-06-03 15:46:21+00:00,totalassets,totalcurrentassets,Total Current Assets,+,debit,usd,381374000.0
Shoe Carnival Inc,SCVL,,0000895447,2015.0,Q1,,2015-05-02,2016-06-03 15:46:21+00:00,totalassets,netppe,"Plant, Property, & Equipment, net",+,debit,usd,103107000.0
Shoe Carnival Inc,SCVL,,0000895447,2015.0,Q1,,2015-05-02,2016-06-03 15:46:21+00:00,totalnoncurrentassets,noncurrentdeferredtaxassets,Noncurrent Deferred & Refundable Income Taxes,+,debit,usd,5781000.0
Shoe Carnival Inc,SCVL,,0000895447,2015.0,Q1,,2015-05-02,2016-06-03 15:46:21+00:00,totalnoncurrentassets,othernoncurrentassets,Other Noncurrent Operating Assets,+,debit,usd,366000.0
Shoe Carnival Inc,SCVL,,0000895447,2015.0,Q1,,2015-05-02,2016-06-03 15:46:21+00:00,totalassets,totalnoncurrentassets,Total Noncurrent Assets,+,debit,usd,6147000.0
Shoe Carnival Inc,SCVL,,0000895447,2015.0,Q1,,2015-05-02,2016-06-03 15:46:21+00:00,,totalassets,Total Assets,=,debit,usd,490628000.0
Shoe Carnival Inc,SCVL,,0000895447,2015.0,Q1,,2015-05-02,2016-06-03 15:46:21+00:00,totalcurrentliabilities,accountspayable,Accounts Payable,+,credit,usd,76375000.0
Shoe Carnival Inc,SCVL,,0000895447,2015.0,Q1,,2015-05-02,2016-06-03 15:46:21+00:00,totalcurrentliabilities,accruedexpenses,Accrued Expenses,+,credit,usd,21190000.0
Shoe Carnival Inc,SCVL,,0000895447,2015.0,Q1,,2015-05-02,2016-06-03 15:46:21+00:00,totalliabilities,totalcurrentliabilities,Total Current Liabilities,+,credit,usd,97565000.0
Shoe Carnival Inc,SCVL,,0000895447,2015.0,Q1,,2015-05-02,2016-06-03 15:46:21+00:00,totalnoncurrentliabilities,noncurrentdeferredrevenue,Noncurrent Deferred Revenue,+,credit,usd,10888000.0
Shoe Carnival Inc,SCVL,,0000895447,2015.0,Q1,,2015-05-02,2016-06-03 15:46:21+00:00,totalnoncurrentliabilities,noncurrentemployeebenefitliabilities,Noncurrent Employee Benefit Liabilities,+,credit,usd,10605000.0
Shoe Carnival Inc,SCVL,,0000895447,2015.0,Q1,,2015-05-02,2016-06-03 15:46:21+00:00,totalnoncurrentliabilities,othernoncurrentliabilities,Other Noncurrent Operating Liabilities,+,credit,usd,30307000.0
Shoe Carnival Inc,SCVL,,0000895447,2015.0,Q1,,2015-05-02,2016-06-03 15:46:21+00:00,totalliabilities,totalnoncurrentliabilities,Total Noncurrent Liabilities,+,credit,usd,51800000.0
Shoe Carnival Inc,SCVL,,0000895447,2015.0,Q1,,2015-05-02,2016-06-03 15:46:21+00:00,totalliabilitiesandequity,totalliabilities,Total Liabilities,+,credit,usd,149365000.0
Shoe Carnival Inc,SCVL,,0000895447,2015.0,Q1,,2015-05-02,2016-06-03 15:46:21+00:00,totalcommonequity,commonequity,Common Stock,+,credit,usd,64876000.0
Shoe Carnival Inc,SCVL,,0000895447,2015.0,Q1,,2015-05-02,2016-06-03 15:46:21+00:00,totalcommonequity,retainedearnings,Retained Earnings,+,credit,usd,279855000.0
Shoe Carnival Inc,SCVL,,0000895447,2015.0,Q1,,2015-05-02,2016-06-03 15:46:21+00:00,totalcommonequity,treasurystock,Treasury Stock,+,credit,usd,-3468000.0
Shoe Carnival Inc,SCVL,,0000895447,2015.0,Q1,,2015-05-02,2016-06-03 15:46:21+00:00,totalequity,totalcommonequity,Total Common Equity,+,credit,usd,341263000.0
Shoe Carnival Inc,SCVL,,0000895447,2015.0,Q1,,2015-05-02,2016-06-03 15:46:21+00:00,totalequityandnoncontrollinginterests,totalequity,Total Preferred & Common Equity,+,credit,usd,341263000.0
Shoe Carnival Inc,SCVL,,0000895447,2015.0,Q1,,2015-05-02,2016-06-03 15:46:21+00:00,totalliabilitiesandequity,totalequityandnoncontrollinginterests,Total Equity & Noncontrolling Interests,+,credit,usd,341263000.0
Shoe Carnival Inc,SCVL,,0000895447,2015.0,Q1,,2015-05-02,2016-06-03 15:46:21+00:00,,totalliabilitiesandequity,Total Liabilities & Shareholders' Equity,=,credit,usd,490628000.0
Shoe Carnival Inc,SCVL,,0000895447,2015.0,Q2,,2015-08-01,2016-09-07 16:18:36+00:00,totalcurrentassets,cashandequivalents,Cash & Equivalents,+,debit,usd,39503000.0
Shoe Carnival Inc,SCVL,,0000895447,2015.0,Q2,,2015-08-01,2016-09-07 16:18:36+00:00,totalcurrentassets,accountsreceivable,Accounts Receivable,+,debit,usd,2449000.0
Shoe Carnival Inc,SCVL,,0000895447,2015.0,Q2,,2015-08-01,2016-09-07 16:18:36+00:00,totalcurrentassets,netinventory,"Inventories, net",+,debit,usd,349037000.0
Shoe Carnival Inc,SCVL,,0000895447,2015.0,Q2,,2015-08-01,2016-09-07 16:18:36+00:00,totalcurrentassets,currentdeferredtaxassets,Current Deferred & Refundable Income Taxes,+,debit,usd,1154000.0
Shoe Carnival Inc,SCVL,,0000895447,2015.0,Q2,,2015-08-01,2016-09-07 16:18:36+00:00,totalcurrentassets,othercurrentassets,Other Current Assets,+,debit,usd,9093000.0
Shoe Carnival Inc,SCVL,,0000895447,2015.0,Q2,,2015-08-01,2016-09-07 16:18:36+00:00,totalassets,totalcurrentassets,Total Current Assets,+,debit,usd,401236000.0
Shoe Carnival Inc,SCVL,,0000895447,2015.0,Q2,,2015-08-01,2016-09-07 16:18:36+00:00,totalassets,netppe,"Plant, Property, & Equipment, net",+,debit,usd,105817000.0
Shoe Carnival Inc,SCVL,,0000895447,2015.0,Q2,,2015-08-01,2016-09-07 16:18:36+00:00,totalnoncurrentassets,noncurrentdeferredtaxassets,Noncurrent Deferred & Refundable Income Taxes,+,debit,usd,7003000.0
Shoe Carnival Inc,SCVL,,0000895447,2015.0,Q2,,2015-08-01,2016-09-07 16:18:36+00:00,totalnoncurrentassets,othernoncurrentassets,Other Noncurrent Operating Assets,+,debit,usd,381000.0
Shoe Carnival Inc,SCVL,,0000895447,2015.0,Q2,,2015-08-01,2016-09-07 16:18:36+00:00,totalassets,totalnoncurrentassets,Total Noncurrent Assets,+,debit,usd,7384000.0
Shoe Carnival Inc,SCVL,,0000895447,2015.0,Q2,,2015-08-01,2016-09-07 16:18:36+00:00,,totalassets,Total Assets,=,debit,usd,514437000.0
Shoe Carnival Inc,SCVL,,0000895447,2015.0,Q2,,2015-08-01,2016-09-07 16:18:36+00:00,totalcurrentliabilities,accountspayable,Accounts Payable,+,credit,usd,95934000.0
Shoe Carnival Inc,SCVL,,0000895447,2015.0,Q2,,2015-08-01,2016-09-07 16:18:36+00:00,totalcurrentliabilities,accruedexpenses,Accrued Expenses,+,credit,usd,20740000.0
Shoe Carnival Inc,SCVL,,0000895447,2015.0,Q2,,2015-08-01,2016-09-07 16:18:36+00:00,totalliabilities,totalcurrentliabilities,Total Current Liabilities,+,credit,usd,116674000.0
Shoe Carnival Inc,SCVL,,0000895447,2015.0,Q2,,2015-08-01,2016-09-07 16:18:36+00:00,totalnoncurrentliabilities,noncurrentdeferredrevenue,Noncurrent Deferred Revenue,+,credit,usd,11137000.0
Shoe Carnival Inc,SCVL,,0000895447,2015.0,Q2,,2015-08-01,2016-09-07 16:18:36+00:00,totalnoncurrentliabilities,noncurrentemployeebenefitliabilities,Noncurrent Employee Benefit Liabilities,+,credit,usd,10313000.0
Shoe Carnival Inc,SCVL,,0000895447,2015.0,Q2,,2015-08-01,2016-09-07 16:18:36+00:00,totalnoncurrentliabilities,othernoncurrentliabilities,Other Noncurrent Operating Liabilities,+,credit,usd,30781000.0
Shoe Carnival Inc,SCVL,,0000895447,2015.0,Q2,,2015-08-01,2016-09-07 16:18:36+00:00,totalliabilities,totalnoncurrentliabilities,Total Noncurrent Liabilities,+,credit,usd,52231000.0
Shoe Carnival Inc,SCVL,,0000895447,2015.0,Q2,,2015-08-01,2016-09-07 16:18:36+00:00,totalliabilitiesandequity,totalliabilities,Total Liabilities,+,credit,usd,168905000.0
Shoe Carnival Inc,SCVL,,0000895447,2015.0,Q2,,2015-08-01,2016-09-07 16:18:36+00:00,totalcommonequity,commonequity,Common Stock,+,credit,usd,65424000.0
Shoe Carnival Inc,SCVL,,0000895447,2015.0,Q2,,2015-08-01,2016-09-07 16:18:36+00:00,totalcommonequity,retainedearnings,Retained Earnings,+,credit,usd,283349000.0
Shoe Carnival Inc,SCVL,,0000895447,2015.0,Q2,,2015-08-01,2016-09-07 16:18:36+00:00,totalcommonequity,treasurystock,Treasury Stock,+,credit,usd,-3241000.0
Shoe Carnival Inc,SCVL,,0000895447,2015.0,Q2,,2015-08-01,2016-09-07 16:18:36+00:00,totalequity,totalcommonequity,Total Common Equity,+,credit,usd,345532000.0
Shoe Carnival Inc,SCVL,,0000895447,2015.0,Q2,,2015-08-01,2016-09-07 16:18:36+00:00,totalequityandnoncontrollinginterests,totalequity,Total Preferred & Common Equity,+,credit,usd,345532000.0
Shoe Carnival Inc,SCVL,,0000895447,2015.0,Q2,,2015-08-01,2016-09-07 16:18:36+00:00,totalliabilitiesandequity,totalequityandnoncontrollinginterests,Total Equity & Noncontrolling Interests,+,credit,usd,345532000.0
Shoe Carnival Inc,SCVL,,0000895447,2015.0,Q2,,2015-08-01,2016-09-07 16:18:36+00:00,,totalliabilitiesandequity,Total Liabilities & Shareholders' Equity,=,credit,usd,514437000.0
Shoe Carnival Inc,SCVL,,0000895447,2015.0,Q3,,2015-10-31,2016-11-30 16:18:05+00:00,totalcurrentassets,cashandequivalents,Cash & Equivalents,+,debit,usd,49035000.0
Shoe Carnival Inc,SCVL,,0000895447,2015.0,Q3,,2015-10-31,2016-11-30 16:18:05+00:00,totalcurrentassets,accountsreceivable,Accounts Receivable,+,debit,usd,2665000.0
Shoe Carnival Inc,SCVL,,0000895447,2015.0,Q3,,2015-10-31,2016-11-30 16:18:05+00:00,totalcurrentassets,netinventory,"Inventories, net",+,debit,usd,318878000.0
Shoe Carnival Inc,SCVL,,0000895447,2015.0,Q3,,2015-10-31,2016-11-30 16:18:05+00:00,totalcurrentassets,currentdeferredtaxassets,Current Deferred & Refundable Income Taxes,+,debit,usd,1236000.0
Shoe Carnival Inc,SCVL,,0000895447,2015.0,Q3,,2015-10-31,2016-11-30 16:18:05+00:00,totalcurrentassets,othercurrentassets,Other Current Assets,+,debit,usd,5611000.0
Shoe Carnival Inc,SCVL,,0000895447,2015.0,Q3,,2015-10-31,2016-11-30 16:18:05+00:00,totalassets,totalcurrentassets,Total Current Assets,+,debit,usd,377425000.0
Shoe Carnival Inc,SCVL,,0000895447,2015.0,Q3,,2015-10-31,2016-11-30 16:18:05+00:00,totalassets,netppe,"Plant, Property, & Equipment, net",+,debit,usd,106374000.0
Shoe Carnival Inc,SCVL,,0000895447,2015.0,Q3,,2015-10-31,2016-11-30 16:18:05+00:00,totalnoncurrentassets,noncurrentdeferredtaxassets,Noncurrent Deferred & Refundable Income Taxes,+,debit,usd,5655000.0
Shoe Carnival Inc,SCVL,,0000895447,2015.0,Q3,,2015-10-31,2016-11-30 16:18:05+00:00,totalnoncurrentassets,othernoncurrentassets,Other Noncurrent Operating Assets,+,debit,usd,348000.0
Shoe Carnival Inc,SCVL,,0000895447,2015.0,Q3,,2015-10-31,2016-11-30 16:18:05+00:00,totalassets,totalnoncurrentassets,Total Noncurrent Assets,+,debit,usd,6003000.0
Shoe Carnival Inc,SCVL,,0000895447,2015.0,Q3,,2015-10-31,2016-11-30 16:18:05+00:00,,totalassets,Total Assets,=,debit,usd,489802000.0
Shoe Carnival Inc,SCVL,,0000895447,2015.0,Q3,,2015-10-31,2016-11-30 16:18:05+00:00,totalcurrentliabilities,accountspayable,Accounts Payable,+,credit,usd,75006000.0
Shoe Carnival Inc,SCVL,,0000895447,2015.0,Q3,,2015-10-31,2016-11-30 16:18:05+00:00,totalcurrentliabilities,accruedexpenses,Accrued Expenses,+,credit,usd,18129000.0
Shoe Carnival Inc,SCVL,,0000895447,2015.0,Q3,,2015-10-31,2016-11-30 16:18:05+00:00,totalliabilities,totalcurrentliabilities,Total Current Liabilities,+,credit,usd,93135000.0
Shoe Carnival Inc,SCVL,,0000895447,2015.0,Q3,,2015-10-31,2016-11-30 16:18:05+00:00,totalnoncurrentliabilities,noncurrentdeferredrevenue,Noncurrent Deferred Revenue,+,credit,usd,11221000.0
Shoe Carnival Inc,SCVL,,0000895447,2015.0,Q3,,2015-10-31,2016-11-30 16:18:05+00:00,totalnoncurrentliabilities,noncurrentemployeebenefitliabilities,Noncurrent Employee Benefit Liabilities,+,credit,usd,9892000.0
Shoe Carnival Inc,SCVL,,0000895447,2015.0,Q3,,2015-10-31,2016-11-30 16:18:05+00:00,totalnoncurrentliabilities,othernoncurrentliabilities,Other Noncurrent Operating Liabilities,+,credit,usd,31019000.0
Shoe Carnival Inc,SCVL,,0000895447,2015.0,Q3,,2015-10-31,2016-11-30 16:18:05+00:00,totalliabilities,totalnoncurrentliabilities,Total Noncurrent Liabilities,+,credit,usd,52132000.0
Shoe Carnival Inc,SCVL,,0000895447,2015.0,Q3,,2015-10-31,2016-11-30 16:18:05+00:00,totalliabilitiesandequity,totalliabilities,Total Liabilities,+,credit,usd,145267000.0
Shoe Carnival Inc,SCVL,,0000895447,2015.0,Q3,,2015-10-31,2016-11-30 16:18:05+00:00,totalcommonequity,commonequity,Common Stock,+,credit,usd,66013000.0
Shoe Carnival Inc,SCVL,,0000895447,2015.0,Q3,,2015-10-31,2016-11-30 16:18:05+00:00,totalcommonequity,retainedearnings,Retained Earnings,+,credit,usd,291419000.0
Shoe Carnival Inc,SCVL,,0000895447,2015.0,Q3,,2015-10-31,2016-11-30 16:18:05+00:00,totalcommonequity,treasurystock,Treasury Stock,+,credit,usd,-12897000.0
Shoe Carnival Inc,SCVL,,0000895447,2015.0,Q3,,2015-10-31,2016-11-30 16:18:05+00:00,totalequity,totalcommonequity,Total Common Equity,+,credit,usd,344535000.0
Shoe Carnival Inc,SCVL,,0000895447,2015.0,Q3,,2015-10-31,2016-11-30 16:18:05+00:00,totalequityandnoncontrollinginterests,totalequity,Total Preferred & Common Equity,+,credit,usd,344535000.0
Shoe Carnival Inc,SCVL,,0000895447,2015.0,Q3,,2015-10-31,2016-11-30 16:18:05+00:00,totalliabilitiesandequity,totalequityandnoncontrollinginterests,Total Equity & Noncontrolling Interests,+,credit,usd,344535000.0
Shoe Carnival Inc,SCVL,,0000895447,2015.0,Q3,,2015-10-31,2016-11-30 16:18:05+00:00,,totalliabilitiesandequity,Total Liabilities & Shareholders' Equity,=,credit,usd,489802000.0
Shoe Carnival Inc,SCVL,,0000895447,2016.0,Q1,,2016-04-30,2016-06-03 15:46:21+00:00,totalcurrentassets,cashandequivalents,Cash & Equivalents,+,debit,usd,65998000.0
Shoe Carnival Inc,SCVL,,0000895447,2016.0,Q1,,2016-04-30,2016-06-03 15:46:21+00:00,totalcurrentassets,accountsreceivable,Accounts Receivable,+,debit,usd,1657000.0
Shoe Carnival Inc,SCVL,,0000895447,2016.0,Q1,,2016-04-30,2016-06-03 15:46:21+00:00,totalcurrentassets,netinventory,"Inventories, net",+,debit,usd,303011000.0
Shoe Carnival Inc,SCVL,,0000895447,2016.0,Q1,,2016-04-30,2016-06-03 15:46:21+00:00,totalcurrentassets,currentdeferredtaxassets,Current Deferred & Refundable Income Taxes,+,debit,usd,1411000.0
Shoe Carnival Inc,SCVL,,0000895447,2016.0,Q1,,2016-04-30,2016-06-03 15:46:21+00:00,totalcurrentassets,othercurrentassets,Other Current Assets,+,debit,usd,7550000.0
Shoe Carnival Inc,SCVL,,0000895447,2016.0,Q1,,2016-04-30,2016-06-03 15:46:21+00:00,totalassets,totalcurrentassets,Total Current Assets,+,debit,usd,379627000.0
Shoe Carnival Inc,SCVL,,0000895447,2016.0,Q1,,2016-04-30,2016-06-03 15:46:21+00:00,totalassets,netppe,"Plant, Property, & Equipment, net",+,debit,usd,102636000.0
Shoe Carnival Inc,SCVL,,0000895447,2016.0,Q1,,2016-04-30,2016-06-03 15:46:21+00:00,totalnoncurrentassets,noncurrentdeferredtaxassets,Noncurrent Deferred & Refundable Income Taxes,+,debit,usd,8078000.0
Shoe Carnival Inc,SCVL,,0000895447,2016.0,Q1,,2016-04-30,2016-06-03 15:46:21+00:00,totalnoncurrentassets,othernoncurrentassets,Other Noncurrent Operating Assets,+,debit,usd,617000.0
Shoe Carnival Inc,SCVL,,0000895447,2016.0,Q1,,2016-04-30,2016-06-03 15:46:21+00:00,totalassets,totalnoncurrentassets,Total Noncurrent Assets,+,debit,usd,8695000.0
Shoe Carnival Inc,SCVL,,0000895447,2016.0,Q1,,2016-04-30,2016-06-03 15:46:21+00:00,,totalassets,Total Assets,=,debit,usd,490958000.0
Shoe Carnival Inc,SCVL,,0000895447,2016.0,Q1,,2016-04-30,2016-06-03 15:46:21+00:00,totalcurrentliabilities,accountspayable,Accounts Payable,+,credit,usd,69119000.0
Shoe Carnival Inc,SCVL,,0000895447,2016.0,Q1,,2016-04-30,2016-06-03 15:46:21+00:00,totalcurrentliabilities,accruedexpenses,Accrued Expenses,+,credit,usd,20688000.0
Shoe Carnival Inc,SCVL,,0000895447,2016.0,Q1,,2016-04-30,2016-06-03 15:46:21+00:00,totalliabilities,totalcurrentliabilities,Total Current Liabilities,+,credit,usd,89807000.0
Shoe Carnival Inc,SCVL,,0000895447,2016.0,Q1,,2016-04-30,2016-06-03 15:46:21+00:00,totalnoncurrentliabilities,noncurrentdeferredrevenue,Noncurrent Deferred Revenue,+,credit,usd,11301000.0
Shoe Carnival Inc,SCVL,,0000895447,2016.0,Q1,,2016-04-30,2016-06-03 15:46:21+00:00,totalnoncurrentliabilities,noncurrentemployeebenefitliabilities,Noncurrent Employee Benefit Liabilities,+,credit,usd,10159000.0
Shoe Carnival Inc,SCVL,,0000895447,2016.0,Q1,,2016-04-30,2016-06-03 15:46:21+00:00,totalnoncurrentliabilities,othernoncurrentliabilities,Other Noncurrent Operating Liabilities,+,credit,usd,31821000.0
Shoe Carnival Inc,SCVL,,0000895447,2016.0,Q1,,2016-04-30,2016-06-03 15:46:21+00:00,totalliabilities,totalnoncurrentliabilities,Total Noncurrent Liabilities,+,credit,usd,53281000.0
Shoe Carnival Inc,SCVL,,0000895447,2016.0,Q1,,2016-04-30,2016-06-03 15:46:21+00:00,totalliabilitiesandequity,totalliabilities,Total Liabilities,+,credit,usd,143088000.0
Shoe Carnival Inc,SCVL,,0000895447,2016.0,Q1,,2016-04-30,2016-06-03 15:46:21+00:00,totalcommonequity,commonequity,Common Stock,+,credit,usd,62746000.0
Shoe Carnival Inc,SCVL,,0000895447,2016.0,Q1,,2016-04-30,2016-06-03 15:46:21+00:00,totalcommonequity,retainedearnings,Retained Earnings,+,credit,usd,303682000.0
Shoe Carnival Inc,SCVL,,0000895447,2016.0,Q1,,2016-04-30,2016-06-03 15:46:21+00:00,totalcommonequity,treasurystock,Treasury Stock,+,credit,usd,-18558000.0
Shoe Carnival Inc,SCVL,,0000895447,2016.0,Q1,,2016-04-30,2016-06-03 15:46:21+00:00,totalequity,totalcommonequity,Total Common Equity,+,credit,usd,347870000.0
Shoe Carnival Inc,SCVL,,0000895447,2016.0,Q1,,2016-04-30,2016-06-03 15:46:21+00:00,totalequityandnoncontrollinginterests,totalequity,Total Preferred & Common Equity,+,credit,usd,347870000.0
Shoe Carnival Inc,SCVL,,0000895447,2016.0,Q1,,2016-04-30,2016-06-03 15:46:21+00:00,totalliabilitiesandequity,totalequityandnoncontrollinginterests,Total Equity & Noncontrolling Interests,+,credit,usd,347870000.0
Shoe Carnival Inc,SCVL,,0000895447,2016.0,Q1,,2016-04-30,2016-06-03 15:46:21+00:00,,totalliabilitiesandequity,Total Liabilities & Shareholders' Equity,=,credit,usd,490958000.0
Shoe Carnival Inc,SCVL,,0000895447,2016.0,Q2,,2016-07-30,2016-09-07 16:18:36+00:00,totalcurrentassets,cashandequivalents,Cash & Equivalents,+,debit,usd,41549000.0
Shoe Carnival Inc,SCVL,,0000895447,2016.0,Q2,,2016-07-30,2016-09-07 16:18:36+00:00,totalcurrentassets,accountsreceivable,Accounts Receivable,+,debit,usd,3185000.0
Shoe Carnival Inc,SCVL,,0000895447,2016.0,Q2,,2016-07-30,2016-09-07 16:18:36+00:00,totalcurrentassets,netinventory,"Inventories, net",+,debit,usd,351220000.0
Shoe Carnival Inc,SCVL,,0000895447,2016.0,Q2,,2016-07-30,2016-09-07 16:18:36+00:00,totalcurrentassets,currentdeferredtaxassets,Current Deferred & Refundable Income Taxes,+,debit,usd,2680000.0
Shoe Carnival Inc,SCVL,,0000895447,2016.0,Q2,,2016-07-30,2016-09-07 16:18:36+00:00,totalcurrentassets,othercurrentassets,Other Current Assets,+,debit,usd,7991000.0
Shoe Carnival Inc,SCVL,,0000895447,2016.0,Q2,,2016-07-30,2016-09-07 16:18:36+00:00,totalassets,totalcurrentassets,Total Current Assets,+,debit,usd,406625000.0
Shoe Carnival Inc,SCVL,,0000895447,2016.0,Q2,,2016-07-30,2016-09-07 16:18:36+00:00,totalassets,netppe,"Plant, Property, & Equipment, net",+,debit,usd,103363000.0
Shoe Carnival Inc,SCVL,,0000895447,2016.0,Q2,,2016-07-30,2016-09-07 16:18:36+00:00,totalnoncurrentassets,noncurrentdeferredtaxassets,Noncurrent Deferred & Refundable Income Taxes,+,debit,usd,7045000.0
Shoe Carnival Inc,SCVL,,0000895447,2016.0,Q2,,2016-07-30,2016-09-07 16:18:36+00:00,totalnoncurrentassets,othernoncurrentassets,Other Noncurrent Operating Assets,+,debit,usd,1053000.0
Shoe Carnival Inc,SCVL,,0000895447,2016.0,Q2,,2016-07-30,2016-09-07 16:18:36+00:00,totalassets,totalnoncurrentassets,Total Noncurrent Assets,+,debit,usd,8098000.0
Shoe Carnival Inc,SCVL,,0000895447,2016.0,Q2,,2016-07-30,2016-09-07 16:18:36+00:00,,totalassets,Total Assets,=,debit,usd,518086000.0
Shoe Carnival Inc,SCVL,,0000895447,2016.0,Q2,,2016-07-30,2016-09-07 16:18:36+00:00,totalcurrentliabilities,accountspayable,Accounts Payable,+,credit,usd,116989000.0
Shoe Carnival Inc,SCVL,,0000895447,2016.0,Q2,,2016-07-30,2016-09-07 16:18:36+00:00,totalcurrentliabilities,accruedexpenses,Accrued Expenses,+,credit,usd,19759000.0
Shoe Carnival Inc,SCVL,,0000895447,2016.0,Q2,,2016-07-30,2016-09-07 16:18:36+00:00,totalliabilities,totalcurrentliabilities,Total Current Liabilities,+,credit,usd,136748000.0
Shoe Carnival Inc,SCVL,,0000895447,2016.0,Q2,,2016-07-30,2016-09-07 16:18:36+00:00,totalnoncurrentliabilities,noncurrentdeferredrevenue,Noncurrent Deferred Revenue,+,credit,usd,11407000.0
Shoe Carnival Inc,SCVL,,0000895447,2016.0,Q2,,2016-07-30,2016-09-07 16:18:36+00:00,totalnoncurrentliabilities,noncurrentemployeebenefitliabilities,Noncurrent Employee Benefit Liabilities,+,credit,usd,10022000.0
Shoe Carnival Inc,SCVL,,0000895447,2016.0,Q2,,2016-07-30,2016-09-07 16:18:36+00:00,totalnoncurrentliabilities,othernoncurrentliabilities,Other Noncurrent Operating Liabilities,+,credit,usd,31445000.0
Shoe Carnival Inc,SCVL,,0000895447,2016.0,Q2,,2016-07-30,2016-09-07 16:18:36+00:00,totalliabilities,totalnoncurrentliabilities,Total Noncurrent Liabilities,+,credit,usd,52874000.0
Shoe Carnival Inc,SCVL,,0000895447,2016.0,Q2,,2016-07-30,2016-09-07 16:18:36+00:00,totalliabilitiesandequity,totalliabilities,Total Liabilities,+,credit,usd,189622000.0
Shoe Carnival Inc,SCVL,,0000895447,2016.0,Q2,,2016-07-30,2016-09-07 16:18:36+00:00,totalcommonequity,commonequity,Common Stock,+,credit,usd,63959000.0
Shoe Carnival Inc,SCVL,,0000895447,2016.0,Q2,,2016-07-30,2016-09-07 16:18:36+00:00,totalcommonequity,retainedearnings,Retained Earnings,+,credit,usd,306458000.0
Shoe Carnival Inc,SCVL,,0000895447,2016.0,Q2,,2016-07-30,2016-09-07 16:18:36+00:00,totalcommonequity,treasurystock,Treasury Stock,+,credit,usd,-41953000.0
Shoe Carnival Inc,SCVL,,0000895447,2016.0,Q2,,2016-07-30,2016-09-07 16:18:36+00:00,totalequity,totalcommonequity,Total Common Equity,+,credit,usd,328464000.0
Shoe Carnival Inc,SCVL,,0000895447,2016.0,Q2,,2016-07-30,2016-09-07 16:18:36+00:00,totalequityandnoncontrollinginterests,totalequity,Total Preferred & Common Equity,+,credit,usd,328464000.0
Shoe Carnival Inc,SCVL,,0000895447,2016.0,Q2,,2016-07-30,2016-09-07 16:18:36+00:00,totalliabilitiesandequity,totalequityandnoncontrollinginterests,Total Equity & Noncontrolling Interests,+,credit,usd,328464000.0
Shoe Carnival Inc,SCVL,,0000895447,2016.0,Q2,,2016-07-30,2016-09-07 16:18:36+00:00,,totalliabilitiesandequity,Total Liabilities & Shareholders' Equity,=,credit,usd,518086000.0
Shoe Carnival Inc,SCVL,,0000895447,2016.0,Q3,,2016-10-29,2016-11-30 16:18:05+00:00,totalcurrentassets,cashandequivalents,Cash & Equivalents,+,debit,usd,33509000.0
Shoe Carnival Inc,SCVL,,0000895447,2016.0,Q3,,2016-10-29,2016-11-30 16:18:05+00:00,totalcurrentassets,accountsreceivable,Accounts Receivable,+,debit,usd,3540000.0
Shoe Carnival Inc,SCVL,,0000895447,2016.0,Q3,,2016-10-29,2016-11-30 16:18:05+00:00,totalcurrentassets,netinventory,"Inventories, net",+,debit,usd,314925000.0
Shoe Carnival Inc,SCVL,,0000895447,2016.0,Q3,,2016-10-29,2016-11-30 16:18:05+00:00,totalcurrentassets,currentdeferredtaxassets,Current Deferred & Refundable Income Taxes,+,debit,usd,0.0
Shoe Carnival Inc,SCVL,,0000895447,2016.0,Q3,,2016-10-29,2016-11-30 16:18:05+00:00,totalcurrentassets,othercurrentassets,Other Current Assets,+,debit,usd,5630000.0
Shoe Carnival Inc,SCVL,,0000895447,2016.0,Q3,,2016-10-29,2016-11-30 16:18:05+00:00,totalassets,totalcurrentassets,Total Current Assets,+,debit,usd,357604000.0
Shoe Carnival Inc,SCVL,,0000895447,2016.0,Q3,,2016-10-29,2016-11-30 16:18:05+00:00,totalassets,netppe,"Plant, Property, & Equipment, net",+,debit,usd,102932000.0
Shoe Carnival Inc,SCVL,,0000895447,2016.0,Q3,,2016-10-29,2016-11-30 16:18:05+00:00,totalnoncurrentassets,noncurrentdeferredtaxassets,Noncurrent Deferred & Refundable Income Taxes,+,debit,usd,8163000.0
Shoe Carnival Inc,SCVL,,0000895447,2016.0,Q3,,2016-10-29,2016-11-30 16:18:05+00:00,totalnoncurrentassets,othernoncurrentassets,Other Noncurrent Operating Assets,+,debit,usd,970000.0
Shoe Carnival Inc,SCVL,,0000895447,2016.0,Q3,,2016-10-29,2016-11-30 16:18:05+00:00,totalassets,totalnoncurrentassets,Total Noncurrent Assets,+,debit,usd,9133000.0
Shoe Carnival Inc,SCVL,,0000895447,2016.0,Q3,,2016-10-29,2016-11-30 16:18:05+00:00,,totalassets,Total Assets,=,debit,usd,469669000.0
Shoe Carnival Inc,SCVL,,0000895447,2016.0,Q3,,2016-10-29,2016-11-30 16:18:05+00:00,totalcurrentliabilities,accountspayable,Accounts Payable,+,credit,usd,69986000.0
Shoe Carnival Inc,SCVL,,0000895447,2016.0,Q3,,2016-10-29,2016-11-30 16:18:05+00:00,totalcurrentliabilities,accruedexpenses,Accrued Expenses,+,credit,usd,18936000.0
Shoe Carnival Inc,SCVL,,0000895447,2016.0,Q3,,2016-10-29,2016-11-30 16:18:05+00:00,totalliabilities,totalcurrentliabilities,Total Current Liabilities,+,credit,usd,88922000.0
Shoe Carnival Inc,SCVL,,0000895447,2016.0,Q3,,2016-10-29,2016-11-30 16:18:05+00:00,totalnoncurrentliabilities,noncurrentdeferredrevenue,Noncurrent Deferred Revenue,+,credit,usd,11465000.0
Shoe Carnival Inc,SCVL,,0000895447,2016.0,Q3,,2016-10-29,2016-11-30 16:18:05+00:00,totalnoncurrentliabilities,noncurrentemployeebenefitliabilities,Noncurrent Employee Benefit Liabilities,+,credit,usd,10171000.0
Shoe Carnival Inc,SCVL,,0000895447,2016.0,Q3,,2016-10-29,2016-11-30 16:18:05+00:00,totalnoncurrentliabilities,othernoncurrentliabilities,Other Noncurrent Operating Liabilities,+,credit,usd,31087000.0
Shoe Carnival Inc,SCVL,,0000895447,2016.0,Q3,,2016-10-29,2016-11-30 16:18:05+00:00,totalliabilities,totalnoncurrentliabilities,Total Noncurrent Liabilities,+,credit,usd,52723000.0
Shoe Carnival Inc,SCVL,,0000895447,2016.0,Q3,,2016-10-29,2016-11-30 16:18:05+00:00,totalliabilitiesandequity,totalliabilities,Total Liabilities,+,credit,usd,141645000.0
Shoe Carnival Inc,SCVL,,0000895447,2016.0,Q3,,2016-10-29,2016-11-30 16:18:05+00:00,totalcommonequity,commonequity,Common Stock,+,credit,usd,65163000.0
Shoe Carnival Inc,SCVL,,0000895447,2016.0,Q3,,2016-10-29,2016-11-30 16:18:05+00:00,totalcommonequity,retainedearnings,Retained Earnings,+,credit,usd,314851000.0
Shoe Carnival Inc,SCVL,,0000895447,2016.0,Q3,,2016-10-29,2016-11-30 16:18:05+00:00,totalcommonequity,treasurystock,Treasury Stock,+,credit,usd,-51990000.0
Shoe Carnival Inc,SCVL,,0000895447,2016.0,Q3,,2016-10-29,2016-11-30 16:18:05+00:00,totalequity,totalcommonequity,Total Common Equity,+,credit,usd,328024000.0
Shoe Carnival Inc,SCVL,,0000895447,2016.0,Q3,,2016-10-29,2016-11-30 16:18:05+00:00,totalequityandnoncontrollinginterests,totalequity,Total Preferred & Common Equity,+,credit,usd,328024000.0
Shoe Carnival Inc,SCVL,,0000895447,2016.0,Q3,,2016-10-29,2016-11-30 16:18:05+00:00,totalliabilitiesandequity,totalequityandnoncontrollinginterests,Total Equity & Noncontrolling Interests,+,credit,usd,328024000.0
Shoe Carnival Inc,SCVL,,0000895447,2016.0,Q3,,2016-10-29,2016-11-30 16:18:05+00:00,,totalliabilitiesandequity,Total Liabilities & Shareholders' Equity,=,credit,usd,469669000.0
Shoe Carnival Inc,SCVL,,0000895447,2017.0,Q1,,2017-04-29,2017-05-31 16:13:10+00:00,totalcurrentassets,cashandequivalents,Cash & Equivalents,+,debit,usd,25261000.0
Shoe Carnival Inc,SCVL,,0000895447,2017.0,Q1,,2017-04-29,2017-05-31 16:13:10+00:00,totalcurrentassets,accountsreceivable,Accounts Receivable,+,debit,usd,1878000.0
Shoe Carnival Inc,SCVL,,0000895447,2017.0,Q1,,2017-04-29,2017-05-31 16:13:10+00:00,totalcurrentassets,netinventory,"Inventories, net",+,debit,usd,309601000.0
Shoe Carnival Inc,SCVL,,0000895447,2017.0,Q1,,2017-04-29,2017-05-31 16:13:10+00:00,totalcurrentassets,currentdeferredtaxassets,Current Deferred & Refundable Income Taxes,+,debit,usd,0.0
Shoe Carnival Inc,SCVL,,0000895447,2017.0,Q1,,2017-04-29,2017-05-31 16:13:10+00:00,totalcurrentassets,othercurrentassets,Other Current Assets,+,debit,usd,6711000.0
Shoe Carnival Inc,SCVL,,0000895447,2017.0,Q1,,2017-04-29,2017-05-31 16:13:10+00:00,totalassets,totalcurrentassets,Total Current Assets,+,debit,usd,343451000.0
Shoe Carnival Inc,SCVL,,0000895447,2017.0,Q1,,2017-04-29,2017-05-31 16:13:10+00:00,totalassets,netppe,"Plant, Property, & Equipment, net",+,debit,usd,97323000.0
Shoe Carnival Inc,SCVL,,0000895447,2017.0,Q1,,2017-04-29,2017-05-31 16:13:10+00:00,totalnoncurrentassets,noncurrentdeferredtaxassets,Noncurrent Deferred & Refundable Income Taxes,+,debit,usd,9769000.0
Shoe Carnival Inc,SCVL,,0000895447,2017.0,Q1,,2017-04-29,2017-05-31 16:13:10+00:00,totalnoncurrentassets,othernoncurrentassets,Other Noncurrent Operating Assets,+,debit,usd,812000.0
Shoe Carnival Inc,SCVL,,0000895447,2017.0,Q1,,2017-04-29,2017-05-31 16:13:10+00:00,totalassets,totalnoncurrentassets,Total Noncurrent Assets,+,debit,usd,10581000.0
Shoe Carnival Inc,SCVL,,0000895447,2017.0,Q1,,2017-04-29,2017-05-31 16:13:10+00:00,,totalassets,Total Assets,=,debit,usd,451355000.0
Shoe Carnival Inc,SCVL,,0000895447,2017.0,Q1,,2017-04-29,2017-05-31 16:13:10+00:00,totalcurrentliabilities,accountspayable,Accounts Payable,+,credit,usd,70572000.0
Shoe Carnival Inc,SCVL,,0000895447,2017.0,Q1,,2017-04-29,2017-05-31 16:13:10+00:00,totalcurrentliabilities,accruedexpenses,Accrued Expenses,+,credit,usd,21855000.0
Shoe Carnival Inc,SCVL,,0000895447,2017.0,Q1,,2017-04-29,2017-05-31 16:13:10+00:00,totalliabilities,totalcurrentliabilities,Total Current Liabilities,+,credit,usd,92427000.0
Shoe Carnival Inc,SCVL,,0000895447,2017.0,Q1,,2017-04-29,2017-05-31 16:13:10+00:00,totalnoncurrentliabilities,noncurrentdeferredrevenue,Noncurrent Deferred Revenue,+,credit,usd,11211000.0
Shoe Carnival Inc,SCVL,,0000895447,2017.0,Q1,,2017-04-29,2017-05-31 16:13:10+00:00,totalnoncurrentliabilities,noncurrentemployeebenefitliabilities,Noncurrent Employee Benefit Liabilities,+,credit,usd,10597000.0
Shoe Carnival Inc,SCVL,,0000895447,2017.0,Q1,,2017-04-29,2017-05-31 16:13:10+00:00,totalnoncurrentliabilities,othernoncurrentliabilities,Other Noncurrent Operating Liabilities,+,credit,usd,30513000.0
Shoe Carnival Inc,SCVL,,0000895447,2017.0,Q1,,2017-04-29,2017-05-31 16:13:10+00:00,totalliabilities,totalnoncurrentliabilities,Total Noncurrent Liabilities,+,credit,usd,52321000.0
Shoe Carnival Inc,SCVL,,0000895447,2017.0,Q1,,2017-04-29,2017-05-31 16:13:10+00:00,totalliabilitiesandequity,totalliabilities,Total Liabilities,+,credit,usd,144748000.0
Shoe Carnival Inc,SCVL,,0000895447,2017.0,Q1,,2017-04-29,2017-05-31 16:13:10+00:00,totalcommonequity,commonequity,Common Stock,+,credit,usd,61083000.0
Shoe Carnival Inc,SCVL,,0000895447,2017.0,Q1,,2017-04-29,2017-05-31 16:13:10+00:00,totalcommonequity,retainedearnings,Retained Earnings,+,credit,usd,319856000.0
Shoe Carnival Inc,SCVL,,0000895447,2017.0,Q1,,2017-04-29,2017-05-31 16:13:10+00:00,totalcommonequity,treasurystock,Treasury Stock,+,credit,usd,-74332000.0
Shoe Carnival Inc,SCVL,,0000895447,2017.0,Q1,,2017-04-29,2017-05-31 16:13:10+00:00,totalequity,totalcommonequity,Total Common Equity,+,credit,usd,306607000.0
Shoe Carnival Inc,SCVL,,0000895447,2017.0,Q1,,2017-04-29,2017-05-31 16:13:10+00:00,totalequityandnoncontrollinginterests,totalequity,Total Preferred & Common Equity,+,credit,usd,306607000.0
Shoe Carnival Inc,SCVL,,0000895447,2017.0,Q1,,2017-04-29,2017-05-31 16:13:10+00:00,totalliabilitiesandequity,totalequityandnoncontrollinginterests,Total Equity & Noncontrolling Interests,+,credit,usd,306607000.0
Shoe Carnival Inc,SCVL,,0000895447,2017.0,Q1,,2017-04-29,2017-05-31 16:13:10+00:00,,totalliabilitiesandequity,Total Liabilities & Shareholders' Equity,=,credit,usd,451355000.0
Shoe Carnival Inc,SCVL,,0000895447,2017.0,Q2,,2017-07-29,2017-08-31 16:14:39+00:00,totalcurrentassets,cashandequivalents,Cash & Equivalents,+,debit,usd,18531000.0
Shoe Carnival Inc,SCVL,,0000895447,2017.0,Q2,,2017-07-29,2017-08-31 16:14:39+00:00,totalcurrentassets,accountsreceivable,Accounts Receivable,+,debit,usd,2798000.0
Shoe Carnival Inc,SCVL,,0000895447,2017.0,Q2,,2017-07-29,2017-08-31 16:14:39+00:00,totalcurrentassets,netinventory,"Inventories, net",+,debit,usd,357467000.0
Shoe Carnival Inc,SCVL,,0000895447,2017.0,Q2,,2017-07-29,2017-08-31 16:14:39+00:00,totalcurrentassets,currentdeferredtaxassets,Current Deferred & Refundable Income Taxes,+,debit,usd,0.0
Shoe Carnival Inc,SCVL,,0000895447,2017.0,Q2,,2017-07-29,2017-08-31 16:14:39+00:00,totalcurrentassets,othercurrentassets,Other Current Assets,+,debit,usd,7029000.0
Shoe Carnival Inc,SCVL,,0000895447,2017.0,Q2,,2017-07-29,2017-08-31 16:14:39+00:00,totalassets,totalcurrentassets,Total Current Assets,+,debit,usd,385825000.0
Shoe Carnival Inc,SCVL,,0000895447,2017.0,Q2,,2017-07-29,2017-08-31 16:14:39+00:00,totalassets,netppe,"Plant, Property, & Equipment, net",+,debit,usd,96046000.0
Shoe Carnival Inc,SCVL,,0000895447,2017.0,Q2,,2017-07-29,2017-08-31 16:14:39+00:00,totalnoncurrentassets,noncurrentdeferredtaxassets,Noncurrent Deferred & Refundable Income Taxes,+,debit,usd,10072000.0
Shoe Carnival Inc,SCVL,,0000895447,2017.0,Q2,,2017-07-29,2017-08-31 16:14:39+00:00,totalnoncurrentassets,othernoncurrentassets,Other Noncurrent Operating Assets,+,debit,usd,869000.0
Shoe Carnival Inc,SCVL,,0000895447,2017.0,Q2,,2017-07-29,2017-08-31 16:14:39+00:00,totalassets,totalnoncurrentassets,Total Noncurrent Assets,+,debit,usd,10941000.0
Shoe Carnival Inc,SCVL,,0000895447,2017.0,Q2,,2017-07-29,2017-08-31 16:14:39+00:00,,totalassets,Total Assets,=,debit,usd,492812000.0
Shoe Carnival Inc,SCVL,,0000895447,2017.0,Q2,,2017-07-29,2017-08-31 16:14:39+00:00,totalcurrentliabilities,accountspayable,Accounts Payable,+,credit,usd,93829000.0
Shoe Carnival Inc,SCVL,,0000895447,2017.0,Q2,,2017-07-29,2017-08-31 16:14:39+00:00,totalcurrentliabilities,accruedexpenses,Accrued Expenses,+,credit,usd,20367000.0
Shoe Carnival Inc,SCVL,,0000895447,2017.0,Q2,,2017-07-29,2017-08-31 16:14:39+00:00,totalliabilities,totalcurrentliabilities,Total Current Liabilities,+,credit,usd,114196000.0
Shoe Carnival Inc,SCVL,,0000895447,2017.0,Q2,,2017-07-29,2017-08-31 16:14:39+00:00,totalnoncurrentliabilities,longtermdebt,Long-Term Debt,+,credit,usd,26700000.0
Shoe Carnival Inc,SCVL,,0000895447,2017.0,Q2,,2017-07-29,2017-08-31 16:14:39+00:00,totalnoncurrentliabilities,noncurrentdeferredrevenue,Noncurrent Deferred Revenue,+,credit,usd,10977000.0
Shoe Carnival Inc,SCVL,,0000895447,2017.0,Q2,,2017-07-29,2017-08-31 16:14:39+00:00,totalnoncurrentliabilities,noncurrentemployeebenefitliabilities,Noncurrent Employee Benefit Liabilities,+,credit,usd,11141000.0
Shoe Carnival Inc,SCVL,,0000895447,2017.0,Q2,,2017-07-29,2017-08-31 16:14:39+00:00,totalnoncurrentliabilities,othernoncurrentliabilities,Other Noncurrent Operating Liabilities,+,credit,usd,29595000.0
Shoe Carnival Inc,SCVL,,0000895447,2017.0,Q2,,2017-07-29,2017-08-31 16:14:39+00:00,totalliabilities,totalnoncurrentliabilities,Total Noncurrent Liabilities,+,credit,usd,78413000.0
Shoe Carnival Inc,SCVL,,0000895447,2017.0,Q2,,2017-07-29,2017-08-31 16:14:39+00:00,totalliabilitiesandequity,totalliabilities,Total Liabilities,+,credit,usd,192609000.0
Shoe Carnival Inc,SCVL,,0000895447,2017.0,Q2,,2017-07-29,2017-08-31 16:14:39+00:00,totalcommonequity,commonequity,Common Stock,+,credit,usd,61844000.0
Shoe Carnival Inc,SCVL,,0000895447,2017.0,Q2,,2017-07-29,2017-08-31 16:14:39+00:00,totalcommonequity,retainedearnings,Retained Earnings,+,credit,usd,322473000.0
Shoe Carnival Inc,SCVL,,0000895447,2017.0,Q2,,2017-07-29,2017-08-31 16:14:39+00:00,totalcommonequity,treasurystock,Treasury Stock,+,credit,usd,-84114000.0
Shoe Carnival Inc,SCVL,,0000895447,2017.0,Q2,,2017-07-29,2017-08-31 16:14:39+00:00,totalequity,totalcommonequity,Total Common Equity,+,credit,usd,300203000.0
Shoe Carnival Inc,SCVL,,0000895447,2017.0,Q2,,2017-07-29,2017-08-31 16:14:39+00:00,totalequityandnoncontrollinginterests,totalequity,Total Preferred & Common Equity,+,credit,usd,300203000.0
Shoe Carnival Inc,SCVL,,0000895447,2017.0,Q2,,2017-07-29,2017-08-31 16:14:39+00:00,totalliabilitiesandequity,totalequityandnoncontrollinginterests,Total Equity & Noncontrolling Interests,+,credit,usd,300203000.0
Shoe Carnival Inc,SCVL,,0000895447,2017.0,Q2,,2017-07-29,2017-08-31 16:14:39+00:00,,totalliabilitiesandequity,Total Liabilities & Shareholders' Equity,=,credit,usd,492812000.0
Shoe Carnival Inc,SCVL,,0000895447,2017.0,Q3,,2017-10-28,2017-12-05 16:35:48+00:00,totalcurrentassets,cashandequivalents,Cash & Equivalents,+,debit,usd,21050000.0
Shoe Carnival Inc,SCVL,,0000895447,2017.0,Q3,,2017-10-28,2017-12-05 16:35:48+00:00,totalcurrentassets,accountsreceivable,Accounts Receivable,+,debit,usd,7365000.0
Shoe Carnival Inc,SCVL,,0000895447,2017.0,Q3,,2017-10-28,2017-12-05 16:35:48+00:00,totalcurrentassets,netinventory,"Inventories, net",+,debit,usd,302935000.0
Shoe Carnival Inc,SCVL,,0000895447,2017.0,Q3,,2017-10-28,2017-12-05 16:35:48+00:00,totalcurrentassets,othercurrentassets,Other Current Assets,+,debit,usd,6883000.0
Shoe Carnival Inc,SCVL,,0000895447,2017.0,Q3,,2017-10-28,2017-12-05 16:35:48+00:00,totalassets,totalcurrentassets,Total Current Assets,+,debit,usd,338233000.0
Shoe Carnival Inc,SCVL,,0000895447,2017.0,Q3,,2017-10-28,2017-12-05 16:35:48+00:00,totalassets,netppe,"Plant, Property, & Equipment, net",+,debit,usd,93041000.0
Shoe Carnival Inc,SCVL,,0000895447,2017.0,Q3,,2017-10-28,2017-12-05 16:35:48+00:00,totalnoncurrentassets,noncurrentdeferredtaxassets,Noncurrent Deferred & Refundable Income Taxes,+,debit,usd,10769000.0
Shoe Carnival Inc,SCVL,,0000895447,2017.0,Q3,,2017-10-28,2017-12-05 16:35:48+00:00,totalnoncurrentassets,othernoncurrentassets,Other Noncurrent Operating Assets,+,debit,usd,663000.0
Shoe Carnival Inc,SCVL,,0000895447,2017.0,Q3,,2017-10-28,2017-12-05 16:35:48+00:00,totalassets,totalnoncurrentassets,Total Noncurrent Assets,+,debit,usd,11432000.0
Shoe Carnival Inc,SCVL,,0000895447,2017.0,Q3,,2017-10-28,2017-12-05 16:35:48+00:00,,totalassets,Total Assets,=,debit,usd,442706000.0
Shoe Carnival Inc,SCVL,,0000895447,2017.0,Q3,,2017-10-28,2017-12-05 16:35:48+00:00,totalcurrentliabilities,accountspayable,Accounts Payable,+,credit,usd,59355000.0
Shoe Carnival Inc,SCVL,,0000895447,2017.0,Q3,,2017-10-28,2017-12-05 16:35:48+00:00,totalcurrentliabilities,accruedexpenses,Accrued Expenses,+,credit,usd,21933000.0
Shoe Carnival Inc,SCVL,,0000895447,2017.0,Q3,,2017-10-28,2017-12-05 16:35:48+00:00,totalliabilities,totalcurrentliabilities,Total Current Liabilities,+,credit,usd,81288000.0
Shoe Carnival Inc,SCVL,,0000895447,2017.0,Q3,,2017-10-28,2017-12-05 16:35:48+00:00,totalnoncurrentliabilities,noncurrentdeferredrevenue,Noncurrent Deferred Revenue,+,credit,usd,10689000.0
Shoe Carnival Inc,SCVL,,0000895447,2017.0,Q3,,2017-10-28,2017-12-05 16:35:48+00:00,totalnoncurrentliabilities,noncurrentemployeebenefitliabilities,Noncurrent Employee Benefit Liabilities,+,credit,usd,10974000.0
Shoe Carnival Inc,SCVL,,0000895447,2017.0,Q3,,2017-10-28,2017-12-05 16:35:48+00:00,totalnoncurrentliabilities,othernoncurrentliabilities,Other Noncurrent Operating Liabilities,+,credit,usd,30181000.0
Shoe Carnival Inc,SCVL,,0000895447,2017.0,Q3,,2017-10-28,2017-12-05 16:35:48+00:00,totalliabilities,totalnoncurrentliabilities,Total Noncurrent Liabilities,+,credit,usd,51844000.0
Shoe Carnival Inc,SCVL,,0000895447,2017.0,Q3,,2017-10-28,2017-12-05 16:35:48+00:00,totalliabilitiesandequity,totalliabilities,Total Liabilities,+,credit,usd,133132000.0
Shoe Carnival Inc,SCVL,,0000895447,2017.0,Q3,,2017-10-28,2017-12-05 16:35:48+00:00,totalcommonequity,commonequity,Common Stock,+,credit,usd,62814000.0
Shoe Carnival Inc,SCVL,,0000895447,2017.0,Q3,,2017-10-28,2017-12-05 16:35:48+00:00,totalcommonequity,retainedearnings,Retained Earnings,+,credit,usd,331898000.0
Shoe Carnival Inc,SCVL,,0000895447,2017.0,Q3,,2017-10-28,2017-12-05 16:35:48+00:00,totalcommonequity,treasurystock,Treasury Stock,+,credit,usd,-85138000.0
Shoe Carnival Inc,SCVL,,0000895447,2017.0,Q3,,2017-10-28,2017-12-05 16:35:48+00:00,totalequity,totalcommonequity,Total Common Equity,+,credit,usd,309574000.0
Shoe Carnival Inc,SCVL,,0000895447,2017.0,Q3,,2017-10-28,2017-12-05 16:35:48+00:00,totalequityandnoncontrollinginterests,totalequity,Total Preferred & Common Equity,+,credit,usd,309574000.0
Shoe Carnival Inc,SCVL,,0000895447,2017.0,Q3,,2017-10-28,2017-12-05 16:35:48+00:00,totalliabilitiesandequity,totalequityandnoncontrollinginterests,Total Equity & Noncontrolling Interests,+,credit,usd,309574000.0
Shoe Carnival Inc,SCVL,,0000895447,2017.0,Q3,,2017-10-28,2017-12-05 16:35:48+00:00,,totalliabilitiesandequity,Total Liabilities & Shareholders' Equity,=,credit,usd,442706000.0
Shoe Carnival Inc,SCVL,,0000895447,2018.0,Q1,,2018-05-05,2018-06-11 17:16:01+00:00,totalcurrentassets,cashandequivalents,Cash & Equivalents,+,debit,usd,35347000.0
Shoe Carnival Inc,SCVL,,0000895447,2018.0,Q1,,2018-05-05,2018-06-11 17:16:01+00:00,totalcurrentassets,accountsreceivable,Accounts Receivable,+,debit,usd,3199000.0
Shoe Carnival Inc,SCVL,,0000895447,2018.0,Q1,,2018-05-05,2018-06-11 17:16:01+00:00,totalcurrentassets,netinventory,"Inventories, net",+,debit,usd,295921000.0
Shoe Carnival Inc,SCVL,,0000895447,2018.0,Q1,,2018-05-05,2018-06-11 17:16:01+00:00,totalcurrentassets,othercurrentassets,Other Current Assets,+,debit,usd,13175000.0
Shoe Carnival Inc,SCVL,,0000895447,2018.0,Q1,,2018-05-05,2018-06-11 17:16:01+00:00,totalassets,totalcurrentassets,Total Current Assets,+,debit,usd,347642000.0
Shoe Carnival Inc,SCVL,,0000895447,2018.0,Q1,,2018-05-05,2018-06-11 17:16:01+00:00,totalassets,netppe,"Plant, Property, & Equipment, net",+,debit,usd,81644000.0
Shoe Carnival Inc,SCVL,,0000895447,2018.0,Q1,,2018-05-05,2018-06-11 17:16:01+00:00,totalnoncurrentassets,noncurrentdeferredtaxassets,Noncurrent Deferred & Refundable Income Taxes,+,debit,usd,8221000.0
Shoe Carnival Inc,SCVL,,0000895447,2018.0,Q1,,2018-05-05,2018-06-11 17:16:01+00:00,totalnoncurrentassets,othernoncurrentassets,Other Noncurrent Operating Assets,+,debit,usd,408000.0
Shoe Carnival Inc,SCVL,,0000895447,2018.0,Q1,,2018-05-05,2018-06-11 17:16:01+00:00,totalassets,totalnoncurrentassets,Total Noncurrent Assets,+,debit,usd,8629000.0
Shoe Carnival Inc,SCVL,,0000895447,2018.0,Q1,,2018-05-05,2018-06-11 17:16:01+00:00,,totalassets,Total Assets,=,debit,usd,437915000.0
Shoe Carnival Inc,SCVL,,0000895447,2018.0,Q1,,2018-05-05,2018-06-11 17:16:01+00:00,totalcurrentliabilities,accountspayable,Accounts Payable,+,credit,usd,62593000.0
Shoe Carnival Inc,SCVL,,0000895447,2018.0,Q1,,2018-05-05,2018-06-11 17:16:01+00:00,totalcurrentliabilities,accruedexpenses,Accrued Expenses,+,credit,usd,24235000.0
Shoe Carnival Inc,SCVL,,0000895447,2018.0,Q1,,2018-05-05,2018-06-11 17:16:01+00:00,totalliabilities,totalcurrentliabilities,Total Current Liabilities,+,credit,usd,86828000.0
Shoe Carnival Inc,SCVL,,0000895447,2018.0,Q1,,2018-05-05,2018-06-11 17:16:01+00:00,totalnoncurrentliabilities,noncurrentdeferredrevenue,Noncurrent Deferred Revenue,+,credit,usd,9754000.0
Shoe Carnival Inc,SCVL,,0000895447,2018.0,Q1,,2018-05-05,2018-06-11 17:16:01+00:00,totalnoncurrentliabilities,noncurrentemployeebenefitliabilities,Noncurrent Employee Benefit Liabilities,+,credit,usd,11433000.0
Shoe Carnival Inc,SCVL,,0000895447,2018.0,Q1,,2018-05-05,2018-06-11 17:16:01+00:00,totalnoncurrentliabilities,othernoncurrentliabilities,Other Noncurrent Operating Liabilities,+,credit,usd,28390000.0
Shoe Carnival Inc,SCVL,,0000895447,2018.0,Q1,,2018-05-05,2018-06-11 17:16:01+00:00,totalliabilities,totalnoncurrentliabilities,Total Noncurrent Liabilities,+,credit,usd,49577000.0
Shoe Carnival Inc,SCVL,,0000895447,2018.0,Q1,,2018-05-05,2018-06-11 17:16:01+00:00,totalliabilitiesandequity,totalliabilities,Total Liabilities,+,credit,usd,136405000.0
Shoe Carnival Inc,SCVL,,0000895447,2018.0,Q1,,2018-05-05,2018-06-11 17:16:01+00:00,totalcommonequity,commonequity,Common Stock,+,credit,usd,67615000.0
Shoe Carnival Inc,SCVL,,0000895447,2018.0,Q1,,2018-05-05,2018-06-11 17:16:01+00:00,totalcommonequity,retainedearnings,Retained Earnings,+,credit,usd,339073000.0
Shoe Carnival Inc,SCVL,,0000895447,2018.0,Q1,,2018-05-05,2018-06-11 17:16:01+00:00,totalcommonequity,treasurystock,Treasury Stock,+,credit,usd,-105178000.0
Shoe Carnival Inc,SCVL,,0000895447,2018.0,Q1,,2018-05-05,2018-06-11 17:16:01+00:00,totalequity,totalcommonequity,Total Common Equity,+,credit,usd,301510000.0
Shoe Carnival Inc,SCVL,,0000895447,2018.0,Q1,,2018-05-05,2018-06-11 17:16:01+00:00,totalequityandnoncontrollinginterests,totalequity,Total Preferred & Common Equity,+,credit,usd,301510000.0
Shoe Carnival Inc,SCVL,,0000895447,2018.0,Q1,,2018-05-05,2018-06-11 17:16:01+00:00,totalliabilitiesandequity,totalequityandnoncontrollinginterests,Total Equity & Noncontrolling Interests,+,credit,usd,301510000.0
Shoe Carnival Inc,SCVL,,0000895447,2018.0,Q1,,2018-05-05,2018-06-11 17:16:01+00:00,,totalliabilitiesandequity,Total Liabilities & Shareholders' Equity,=,credit,usd,437915000.0
Shoe Carnival Inc,SCVL,,0000895447,2018.0,Q2,,2018-08-04,2018-09-11 17:23:29+00:00,totalcurrentassets,cashandequivalents,Cash & Equivalents,+,debit,usd,38405000.0
Shoe Carnival Inc,SCVL,,0000895447,2018.0,Q2,,2018-08-04,2018-09-11 17:23:29+00:00,totalcurrentassets,accountsreceivable,Accounts Receivable,+,debit,usd,3918000.0
Shoe Carnival Inc,SCVL,,0000895447,2018.0,Q2,,2018-08-04,2018-09-11 17:23:29+00:00,totalcurrentassets,netinventory,"Inventories, net",+,debit,usd,336907000.0
Shoe Carnival Inc,SCVL,,0000895447,2018.0,Q2,,2018-08-04,2018-09-11 17:23:29+00:00,totalcurrentassets,othercurrentassets,Other Current Assets,+,debit,usd,12094000.0
Shoe Carnival Inc,SCVL,,0000895447,2018.0,Q2,,2018-08-04,2018-09-11 17:23:29+00:00,totalassets,totalcurrentassets,Total Current Assets,+,debit,usd,391324000.0
Shoe Carnival Inc,SCVL,,0000895447,2018.0,Q2,,2018-08-04,2018-09-11 17:23:29+00:00,totalassets,netppe,"Plant, Property, & Equipment, net",+,debit,usd,77254000.0
Shoe Carnival Inc,SCVL,,0000895447,2018.0,Q2,,2018-08-04,2018-09-11 17:23:29+00:00,totalnoncurrentassets,noncurrentdeferredtaxassets,Noncurrent Deferred & Refundable Income Taxes,+,debit,usd,8384000.0
Shoe Carnival Inc,SCVL,,0000895447,2018.0,Q2,,2018-08-04,2018-09-11 17:23:29+00:00,totalnoncurrentassets,othernoncurrentassets,Other Noncurrent Operating Assets,+,debit,usd,343000.0
Shoe Carnival Inc,SCVL,,0000895447,2018.0,Q2,,2018-08-04,2018-09-11 17:23:29+00:00,totalassets,totalnoncurrentassets,Total Noncurrent Assets,+,debit,usd,8727000.0
Shoe Carnival Inc,SCVL,,0000895447,2018.0,Q2,,2018-08-04,2018-09-11 17:23:29+00:00,,totalassets,Total Assets,=,debit,usd,477305000.0
Shoe Carnival Inc,SCVL,,0000895447,2018.0,Q2,,2018-08-04,2018-09-11 17:23:29+00:00,totalcurrentliabilities,accountspayable,Accounts Payable,+,credit,usd,90928000.0
Shoe Carnival Inc,SCVL,,0000895447,2018.0,Q2,,2018-08-04,2018-09-11 17:23:29+00:00,totalcurrentliabilities,accruedexpenses,Accrued Expenses,+,credit,usd,25659000.0
Shoe Carnival Inc,SCVL,,0000895447,2018.0,Q2,,2018-08-04,2018-09-11 17:23:29+00:00,totalliabilities,totalcurrentliabilities,Total Current Liabilities,+,credit,usd,116587000.0
Shoe Carnival Inc,SCVL,,0000895447,2018.0,Q2,,2018-08-04,2018-09-11 17:23:29+00:00,totalnoncurrentliabilities,longtermdebt,Long-Term Debt,+,credit,usd,0.0
Shoe Carnival Inc,SCVL,,0000895447,2018.0,Q2,,2018-08-04,2018-09-11 17:23:29+00:00,totalnoncurrentliabilities,noncurrentdeferredrevenue,Noncurrent Deferred Revenue,+,credit,usd,9124000.0
Shoe Carnival Inc,SCVL,,0000895447,2018.0,Q2,,2018-08-04,2018-09-11 17:23:29+00:00,totalnoncurrentliabilities,noncurrentemployeebenefitliabilities,Noncurrent Employee Benefit Liabilities,+,credit,usd,12074000.0
Shoe Carnival Inc,SCVL,,0000895447,2018.0,Q2,,2018-08-04,2018-09-11 17:23:29+00:00,totalnoncurrentliabilities,othernoncurrentliabilities,Other Noncurrent Operating Liabilities,+,credit,usd,25756000.0
Shoe Carnival Inc,SCVL,,0000895447,2018.0,Q2,,2018-08-04,2018-09-11 17:23:29+00:00,totalliabilities,totalnoncurrentliabilities,Total Noncurrent Liabilities,+,credit,usd,46954000.0
Shoe Carnival Inc,SCVL,,0000895447,2018.0,Q2,,2018-08-04,2018-09-11 17:23:29+00:00,totalliabilitiesandequity,totalliabilities,Total Liabilities,+,credit,usd,163541000.0
Shoe Carnival Inc,SCVL,,0000895447,2018.0,Q2,,2018-08-04,2018-09-11 17:23:29+00:00,totalcommonequity,commonequity,Common Stock,+,credit,usd,69097000.0
Shoe Carnival Inc,SCVL,,0000895447,2018.0,Q2,,2018-08-04,2018-09-11 17:23:29+00:00,totalcommonequity,retainedearnings,Retained Earnings,+,credit,usd,349549000.0
Shoe Carnival Inc,SCVL,,0000895447,2018.0,Q2,,2018-08-04,2018-09-11 17:23:29+00:00,totalcommonequity,treasurystock,Treasury Stock,+,credit,usd,-104882000.0
Shoe Carnival Inc,SCVL,,0000895447,2018.0,Q2,,2018-08-04,2018-09-11 17:23:29+00:00,totalequity,totalcommonequity,Total Common Equity,+,credit,usd,313764000.0
Shoe Carnival Inc,SCVL,,0000895447,2018.0,Q2,,2018-08-04,2018-09-11 17:23:29+00:00,totalequityandnoncontrollinginterests,totalequity,Total Preferred & Common Equity,+,credit,usd,313764000.0
Shoe Carnival Inc,SCVL,,0000895447,2018.0,Q2,,2018-08-04,2018-09-11 17:23:29+00:00,totalliabilitiesandequity,totalequityandnoncontrollinginterests,Total Equity & Noncontrolling Interests,+,credit,usd,313764000.0
Shoe Carnival Inc,SCVL,,0000895447,2018.0,Q2,,2018-08-04,2018-09-11 17:23:29+00:00,,totalliabilitiesandequity,Total Liabilities & Shareholders' Equity,=,credit,usd,477305000.0
Shoe Carnival Inc,SCVL,,0000895447,2018.0,Q3,,2018-11-03,2018-12-07 16:36:17+00:00,totalcurrentassets,cashandequivalents,Cash & Equivalents,+,debit,usd,39699000.0
Shoe Carnival Inc,SCVL,,0000895447,2018.0,Q3,,2018-11-03,2018-12-07 16:36:17+00:00,totalcurrentassets,accountsreceivable,Accounts Receivable,+,debit,usd,2322000.0
Shoe Carnival Inc,SCVL,,0000895447,2018.0,Q3,,2018-11-03,2018-12-07 16:36:17+00:00,totalcurrentassets,netinventory,"Inventories, net",+,debit,usd,300510000.0
Shoe Carnival Inc,SCVL,,0000895447,2018.0,Q3,,2018-11-03,2018-12-07 16:36:17+00:00,totalcurrentassets,othercurrentassets,Other Current Assets,+,debit,usd,11762000.0
Shoe Carnival Inc,SCVL,,0000895447,2018.0,Q3,,2018-11-03,2018-12-07 16:36:17+00:00,totalassets,totalcurrentassets,Total Current Assets,+,debit,usd,354293000.0
Shoe Carnival Inc,SCVL,,0000895447,2018.0,Q3,,2018-11-03,2018-12-07 16:36:17+00:00,totalassets,netppe,"Plant, Property, & Equipment, net",+,debit,usd,74471000.0
Shoe Carnival Inc,SCVL,,0000895447,2018.0,Q3,,2018-11-03,2018-12-07 16:36:17+00:00,totalnoncurrentassets,noncurrentdeferredtaxassets,Noncurrent Deferred & Refundable Income Taxes,+,debit,usd,8866000.0
Shoe Carnival Inc,SCVL,,0000895447,2018.0,Q3,,2018-11-03,2018-12-07 16:36:17+00:00,totalnoncurrentassets,othernoncurrentassets,Other Noncurrent Operating Assets,+,debit,usd,389000.0
Shoe Carnival Inc,SCVL,,0000895447,2018.0,Q3,,2018-11-03,2018-12-07 16:36:17+00:00,totalassets,totalnoncurrentassets,Total Noncurrent Assets,+,debit,usd,9255000.0
Shoe Carnival Inc,SCVL,,0000895447,2018.0,Q3,,2018-11-03,2018-12-07 16:36:17+00:00,,totalassets,Total Assets,=,debit,usd,438019000.0
Shoe Carnival Inc,SCVL,,0000895447,2018.0,Q3,,2018-11-03,2018-12-07 16:36:17+00:00,totalcurrentliabilities,accountspayable,Accounts Payable,+,credit,usd,56270000.0
Shoe Carnival Inc,SCVL,,0000895447,2018.0,Q3,,2018-11-03,2018-12-07 16:36:17+00:00,totalcurrentliabilities,accruedexpenses,Accrued Expenses,+,credit,usd,28094000.0
Shoe Carnival Inc,SCVL,,0000895447,2018.0,Q3,,2018-11-03,2018-12-07 16:36:17+00:00,totalliabilities,totalcurrentliabilities,Total Current Liabilities,+,credit,usd,84364000.0
Shoe Carnival Inc,SCVL,,0000895447,2018.0,Q3,,2018-11-03,2018-12-07 16:36:17+00:00,totalnoncurrentliabilities,noncurrentdeferredrevenue,Noncurrent Deferred Revenue,+,credit,usd,8808000.0
Shoe Carnival Inc,SCVL,,0000895447,2018.0,Q3,,2018-11-03,2018-12-07 16:36:17+00:00,totalnoncurrentliabilities,noncurrentemployeebenefitliabilities,Noncurrent Employee Benefit Liabilities,+,credit,usd,11811000.0
Shoe Carnival Inc,SCVL,,0000895447,2018.0,Q3,,2018-11-03,2018-12-07 16:36:17+00:00,totalnoncurrentliabilities,othernoncurrentliabilities,Other Noncurrent Operating Liabilities,+,credit,usd,24284000.0
Shoe Carnival Inc,SCVL,,0000895447,2018.0,Q3,,2018-11-03,2018-12-07 16:36:17+00:00,totalliabilities,totalnoncurrentliabilities,Total Noncurrent Liabilities,+,credit,usd,44903000.0
Shoe Carnival Inc,SCVL,,0000895447,2018.0,Q3,,2018-11-03,2018-12-07 16:36:17+00:00,totalliabilitiesandequity,totalliabilities,Total Liabilities,+,credit,usd,129267000.0
Shoe Carnival Inc,SCVL,,0000895447,2018.0,Q3,,2018-11-03,2018-12-07 16:36:17+00:00,totalcommonequity,commonequity,Common Stock,+,credit,usd,73308000.0
Shoe Carnival Inc,SCVL,,0000895447,2018.0,Q3,,2018-11-03,2018-12-07 16:36:17+00:00,totalcommonequity,retainedearnings,Retained Earnings,+,credit,usd,360335000.0
Shoe Carnival Inc,SCVL,,0000895447,2018.0,Q3,,2018-11-03,2018-12-07 16:36:17+00:00,totalcommonequity,treasurystock,Treasury Stock,+,credit,usd,-124891000.0
Shoe Carnival Inc,SCVL,,0000895447,2018.0,Q3,,2018-11-03,2018-12-07 16:36:17+00:00,totalequity,totalcommonequity,Total Common Equity,+,credit,usd,308752000.0
Shoe Carnival Inc,SCVL,,0000895447,2018.0,Q3,,2018-11-03,2018-12-07 16:36:17+00:00,totalequityandnoncontrollinginterests,totalequity,Total Preferred & Common Equity,+,credit,usd,308752000.0
Shoe Carnival Inc,SCVL,,0000895447,2018.0,Q3,,2018-11-03,2018-12-07 16:36:17+00:00,totalliabilitiesandequity,totalequityandnoncontrollinginterests,Total Equity & Noncontrolling Interests,+,credit,usd,308752000.0
Shoe Carnival Inc,SCVL,,0000895447,2018.0,Q3,,2018-11-03,2018-12-07 16:36:17+00:00,,totalliabilitiesandequity,Total Liabilities & Shareholders' Equity,=,credit,usd,438019000.0
Shoe Carnival Inc,SCVL,,0000895447,2019.0,Q1,,2019-05-04,2019-06-11 16:02:48+00:00,totalcurrentassets,cashandequivalents,Cash & Equivalents,+,debit,usd,21616000.0
Shoe Carnival Inc,SCVL,,0000895447,2019.0,Q1,,2019-05-04,2019-06-11 16:02:48+00:00,totalcurrentassets,accountsreceivable,Accounts Receivable,+,debit,usd,2003000.0
Shoe Carnival Inc,SCVL,,0000895447,2019.0,Q1,,2019-05-04,2019-06-11 16:02:48+00:00,totalcurrentassets,netinventory,"Inventories, net",+,debit,usd,289356000.0
Shoe Carnival Inc,SCVL,,0000895447,2019.0,Q1,,2019-05-04,2019-06-11 16:02:48+00:00,totalcurrentassets,othercurrentassets,Other Current Assets,+,debit,usd,9769000.0
Shoe Carnival Inc,SCVL,,0000895447,2019.0,Q1,,2019-05-04,2019-06-11 16:02:48+00:00,totalassets,totalcurrentassets,Total Current Assets,+,debit,usd,322744000.0
Shoe Carnival Inc,SCVL,,0000895447,2019.0,Q1,,2019-05-04,2019-06-11 16:02:48+00:00,totalassets,netppe,"Plant, Property, & Equipment, net",+,debit,usd,72313000.0
Shoe Carnival Inc,SCVL,,0000895447,2019.0,Q1,,2019-05-04,2019-06-11 16:02:48+00:00,totalnoncurrentassets,noncurrentdeferredtaxassets,Noncurrent Deferred & Refundable Income Taxes,+,debit,usd,8159000.0
Shoe Carnival Inc,SCVL,,0000895447,2019.0,Q1,,2019-05-04,2019-06-11 16:02:48+00:00,totalnoncurrentassets,othernoncurrentassets,Other Noncurrent Operating Assets,+,debit,usd,225402000.0
Shoe Carnival Inc,SCVL,,0000895447,2019.0,Q1,,2019-05-04,2019-06-11 16:02:48+00:00,totalassets,totalnoncurrentassets,Total Noncurrent Assets,+,debit,usd,233561000.0
Shoe Carnival Inc,SCVL,,0000895447,2019.0,Q1,,2019-05-04,2019-06-11 16:02:48+00:00,,totalassets,Total Assets,=,debit,usd,628618000.0
Shoe Carnival Inc,SCVL,,0000895447,2019.0,Q1,,2019-05-04,2019-06-11 16:02:48+00:00,totalcurrentliabilities,accountspayable,Accounts Payable,+,credit,usd,56488000.0
Shoe Carnival Inc,SCVL,,0000895447,2019.0,Q1,,2019-05-04,2019-06-11 16:02:48+00:00,totalcurrentliabilities,accruedexpenses,Accrued Expenses,+,credit,usd,17611000.0
Shoe Carnival Inc,SCVL,,0000895447,2019.0,Q1,,2019-05-04,2019-06-11 16:02:48+00:00,totalcurrentliabilities,othercurrentliabilities,Other Current Liabilities,+,credit,usd,47089000.0
Shoe Carnival Inc,SCVL,,0000895447,2019.0,Q1,,2019-05-04,2019-06-11 16:02:48+00:00,totalliabilities,totalcurrentliabilities,Total Current Liabilities,+,credit,usd,121188000.0
Shoe Carnival Inc,SCVL,,0000895447,2019.0,Q1,,2019-05-04,2019-06-11 16:02:48+00:00,totalnoncurrentliabilities,noncurrentdeferredrevenue,Noncurrent Deferred Revenue,+,credit,usd,0.0
Shoe Carnival Inc,SCVL,,0000895447,2019.0,Q1,,2019-05-04,2019-06-11 16:02:48+00:00,totalnoncurrentliabilities,noncurrentemployeebenefitliabilities,Noncurrent Employee Benefit Liabilities,+,credit,usd,13386000.0
Shoe Carnival Inc,SCVL,,0000895447,2019.0,Q1,,2019-05-04,2019-06-11 16:02:48+00:00,totalnoncurrentliabilities,othernoncurrentliabilities,Other Noncurrent Operating Liabilities,+,credit,usd,202541000.0
Shoe Carnival Inc,SCVL,,0000895447,2019.0,Q1,,2019-05-04,2019-06-11 16:02:48+00:00,totalliabilities,totalnoncurrentliabilities,Total Noncurrent Liabilities,+,credit,usd,215927000.0
Shoe Carnival Inc,SCVL,,0000895447,2019.0,Q1,,2019-05-04,2019-06-11 16:02:48+00:00,totalliabilitiesandequity,totalliabilities,Total Liabilities,+,credit,usd,337115000.0
Shoe Carnival Inc,SCVL,,0000895447,2019.0,Q1,,2019-05-04,2019-06-11 16:02:48+00:00,totalcommonequity,commonequity,Common Stock,+,credit,usd,76487000.0
Shoe Carnival Inc,SCVL,,0000895447,2019.0,Q1,,2019-05-04,2019-06-11 16:02:48+00:00,totalcommonequity,retainedearnings,Retained Earnings,+,credit,usd,370453000.0
Shoe Carnival Inc,SCVL,,0000895447,2019.0,Q1,,2019-05-04,2019-06-11 16:02:48+00:00,totalcommonequity,treasurystock,Treasury Stock,+,credit,usd,-155437000.0
Shoe Carnival Inc,SCVL,,0000895447,2019.0,Q1,,2019-05-04,2019-06-11 16:02:48+00:00,totalequity,totalcommonequity,Total Common Equity,+,credit,usd,291503000.0
Shoe Carnival Inc,SCVL,,0000895447,2019.0,Q1,,2019-05-04,2019-06-11 16:02:48+00:00,totalequityandnoncontrollinginterests,totalequity,Total Preferred & Common Equity,+,credit,usd,291503000.0
Shoe Carnival Inc,SCVL,,0000895447,2019.0,Q1,,2019-05-04,2019-06-11 16:02:48+00:00,totalliabilitiesandequity,totalequityandnoncontrollinginterests,Total Equity & Noncontrolling Interests,+,credit,usd,291503000.0
Shoe Carnival Inc,SCVL,,0000895447,2019.0,Q1,,2019-05-04,2019-06-11 16:02:48+00:00,,totalliabilitiesandequity,Total Liabilities & Shareholders' Equity,=,credit,usd,628618000.0
Shoe Carnival Inc,SCVL,,0000895447,2019.0,Q2,,2019-08-03,2019-09-09 16:16:53+00:00,totalcurrentassets,cashandequivalents,Cash & Equivalents,+,debit,usd,37458000.0
Shoe Carnival Inc,SCVL,,0000895447,2019.0,Q2,,2019-08-03,2019-09-09 16:16:53+00:00,totalcurrentassets,accountsreceivable,Accounts Receivable,+,debit,usd,2414000.0
Shoe Carnival Inc,SCVL,,0000895447,2019.0,Q2,,2019-08-03,2019-09-09 16:16:53+00:00,totalcurrentassets,netinventory,"Inventories, net",+,debit,usd,336919000.0
Shoe Carnival Inc,SCVL,,0000895447,2019.0,Q2,,2019-08-03,2019-09-09 16:16:53+00:00,totalcurrentassets,othercurrentassets,Other Current Assets,+,debit,usd,10887000.0
Shoe Carnival Inc,SCVL,,0000895447,2019.0,Q2,,2019-08-03,2019-09-09 16:16:53+00:00,totalassets,totalcurrentassets,Total Current Assets,+,debit,usd,387678000.0
Shoe Carnival Inc,SCVL,,0000895447,2019.0,Q2,,2019-08-03,2019-09-09 16:16:53+00:00,totalassets,netppe,"Plant, Property, & Equipment, net",+,debit,usd,70855000.0
Shoe Carnival Inc,SCVL,,0000895447,2019.0,Q2,,2019-08-03,2019-09-09 16:16:53+00:00,totalnoncurrentassets,noncurrentdeferredtaxassets,Noncurrent Deferred & Refundable Income Taxes,+,debit,usd,7020000.0
Shoe Carnival Inc,SCVL,,0000895447,2019.0,Q2,,2019-08-03,2019-09-09 16:16:53+00:00,totalnoncurrentassets,othernoncurrentassets,Other Noncurrent Operating Assets,+,debit,usd,227820000.0
Shoe Carnival Inc,SCVL,,0000895447,2019.0,Q2,,2019-08-03,2019-09-09 16:16:53+00:00,totalassets,totalnoncurrentassets,Total Noncurrent Assets,+,debit,usd,234840000.0
Shoe Carnival Inc,SCVL,,0000895447,2019.0,Q2,,2019-08-03,2019-09-09 16:16:53+00:00,,totalassets,Total Assets,=,debit,usd,693373000.0
Shoe Carnival Inc,SCVL,,0000895447,2019.0,Q2,,2019-08-03,2019-09-09 16:16:53+00:00,totalcurrentliabilities,accountspayable,Accounts Payable,+,credit,usd,108410000.0
Shoe Carnival Inc,SCVL,,0000895447,2019.0,Q2,,2019-08-03,2019-09-09 16:16:53+00:00,totalcurrentliabilities,accruedexpenses,Accrued Expenses,+,credit,usd,20179000.0
Shoe Carnival Inc,SCVL,,0000895447,2019.0,Q2,,2019-08-03,2019-09-09 16:16:53+00:00,totalcurrentliabilities,othercurrentliabilities,Other Current Liabilities,+,credit,usd,46783000.0
Shoe Carnival Inc,SCVL,,0000895447,2019.0,Q2,,2019-08-03,2019-09-09 16:16:53+00:00,totalliabilities,totalcurrentliabilities,Total Current Liabilities,+,credit,usd,175372000.0
Shoe Carnival Inc,SCVL,,0000895447,2019.0,Q2,,2019-08-03,2019-09-09 16:16:53+00:00,totalnoncurrentliabilities,noncurrentdeferredrevenue,Noncurrent Deferred Revenue,+,credit,usd,0.0
Shoe Carnival Inc,SCVL,,0000895447,2019.0,Q2,,2019-08-03,2019-09-09 16:16:53+00:00,totalnoncurrentliabilities,noncurrentemployeebenefitliabilities,Noncurrent Employee Benefit Liabilities,+,credit,usd,13751000.0
Shoe Carnival Inc,SCVL,,0000895447,2019.0,Q2,,2019-08-03,2019-09-09 16:16:53+00:00,totalnoncurrentliabilities,othernoncurrentliabilities,Other Noncurrent Operating Liabilities,+,credit,usd,200690000.0
Shoe Carnival Inc,SCVL,,0000895447,2019.0,Q2,,2019-08-03,2019-09-09 16:16:53+00:00,totalliabilities,totalnoncurrentliabilities,Total Noncurrent Liabilities,+,credit,usd,214441000.0
Shoe Carnival Inc,SCVL,,0000895447,2019.0,Q2,,2019-08-03,2019-09-09 16:16:53+00:00,totalliabilitiesandequity,totalliabilities,Total Liabilities,+,credit,usd,389813000.0
Shoe Carnival Inc,SCVL,,0000895447,2019.0,Q2,,2019-08-03,2019-09-09 16:16:53+00:00,totalcommonequity,commonequity,Common Stock,+,credit,usd,77579000.0
Shoe Carnival Inc,SCVL,,0000895447,2019.0,Q2,,2019-08-03,2019-09-09 16:16:53+00:00,totalcommonequity,retainedearnings,Retained Earnings,+,credit,usd,381012000.0
Shoe Carnival Inc,SCVL,,0000895447,2019.0,Q2,,2019-08-03,2019-09-09 16:16:53+00:00,totalcommonequity,treasurystock,Treasury Stock,+,credit,usd,-155031000.0
Shoe Carnival Inc,SCVL,,0000895447,2019.0,Q2,,2019-08-03,2019-09-09 16:16:53+00:00,totalequity,totalcommonequity,Total Common Equity,+,credit,usd,303560000.0
Shoe Carnival Inc,SCVL,,0000895447,2019.0,Q2,,2019-08-03,2019-09-09 16:16:53+00:00,totalequityandnoncontrollinginterests,totalequity,Total Preferred & Common Equity,+,credit,usd,303560000.0
Shoe Carnival Inc,SCVL,,0000895447,2019.0,Q2,,2019-08-03,2019-09-09 16:16:53+00:00,totalliabilitiesandequity,totalequityandnoncontrollinginterests,Total Equity & Noncontrolling Interests,+,credit,usd,303560000.0
Shoe Carnival Inc,SCVL,,0000895447,2019.0,Q2,,2019-08-03,2019-09-09 16:16:53+00:00,,totalliabilitiesandequity,Total Liabilities & Shareholders' Equity,=,credit,usd,693373000.0
Shoe Carnival Inc,SCVL,,0000895447,2019.0,Q3,,2019-11-02,2019-12-05 16:01:38+00:00,totalcurrentassets,cashandequivalents,Cash & Equivalents,+,debit,usd,33707000.0
Shoe Carnival Inc,SCVL,,0000895447,2019.0,Q3,,2019-11-02,2019-12-05 16:01:38+00:00,totalcurrentassets,accountsreceivable,Accounts Receivable,+,debit,usd,2470000.0
Shoe Carnival Inc,SCVL,,0000895447,2019.0,Q3,,2019-11-02,2019-12-05 16:01:38+00:00,totalcurrentassets,netinventory,"Inventories, net",+,debit,usd,298002000.0
Shoe Carnival Inc,SCVL,,0000895447,2019.0,Q3,,2019-11-02,2019-12-05 16:01:38+00:00,totalcurrentassets,othercurrentassets,Other Current Assets,+,debit,usd,10868000.0
Shoe Carnival Inc,SCVL,,0000895447,2019.0,Q3,,2019-11-02,2019-12-05 16:01:38+00:00,totalassets,totalcurrentassets,Total Current Assets,+,debit,usd,345047000.0
Shoe Carnival Inc,SCVL,,0000895447,2019.0,Q3,,2019-11-02,2019-12-05 16:01:38+00:00,totalassets,netppe,"Plant, Property, & Equipment, net",+,debit,usd,69147000.0
Shoe Carnival Inc,SCVL,,0000895447,2019.0,Q3,,2019-11-02,2019-12-05 16:01:38+00:00,totalnoncurrentassets,noncurrentdeferredtaxassets,Noncurrent Deferred & Refundable Income Taxes,+,debit,usd,7678000.0
Shoe Carnival Inc,SCVL,,0000895447,2019.0,Q3,,2019-11-02,2019-12-05 16:01:38+00:00,totalnoncurrentassets,othernoncurrentassets,Other Noncurrent Operating Assets,+,debit,usd,225840000.0
Shoe Carnival Inc,SCVL,,0000895447,2019.0,Q3,,2019-11-02,2019-12-05 16:01:38+00:00,totalassets,totalnoncurrentassets,Total Noncurrent Assets,+,debit,usd,233518000.0
Shoe Carnival Inc,SCVL,,0000895447,2019.0,Q3,,2019-11-02,2019-12-05 16:01:38+00:00,,totalassets,Total Assets,=,debit,usd,647712000.0
Shoe Carnival Inc,SCVL,,0000895447,2019.0,Q3,,2019-11-02,2019-12-05 16:01:38+00:00,totalcurrentliabilities,accountspayable,Accounts Payable,+,credit,usd,66089000.0
Shoe Carnival Inc,SCVL,,0000895447,2019.0,Q3,,2019-11-02,2019-12-05 16:01:38+00:00,totalcurrentliabilities,accruedexpenses,Accrued Expenses,+,credit,usd,22052000.0
Shoe Carnival Inc,SCVL,,0000895447,2019.0,Q3,,2019-11-02,2019-12-05 16:01:38+00:00,totalcurrentliabilities,othercurrentliabilities,Other Current Liabilities,+,credit,usd,42481000.0
Shoe Carnival Inc,SCVL,,0000895447,2019.0,Q3,,2019-11-02,2019-12-05 16:01:38+00:00,totalliabilities,totalcurrentliabilities,Total Current Liabilities,+,credit,usd,130622000.0
Shoe Carnival Inc,SCVL,,0000895447,2019.0,Q3,,2019-11-02,2019-12-05 16:01:38+00:00,totalnoncurrentliabilities,noncurrentdeferredrevenue,Noncurrent Deferred Revenue,+,credit,usd,0.0
Shoe Carnival Inc,SCVL,,0000895447,2019.0,Q3,,2019-11-02,2019-12-05 16:01:38+00:00,totalnoncurrentliabilities,noncurrentemployeebenefitliabilities,Noncurrent Employee Benefit Liabilities,+,credit,usd,13220000.0
Shoe Carnival Inc,SCVL,,0000895447,2019.0,Q3,,2019-11-02,2019-12-05 16:01:38+00:00,totalnoncurrentliabilities,othernoncurrentliabilities,Other Noncurrent Operating Liabilities,+,credit,usd,203122000.0
Shoe Carnival Inc,SCVL,,0000895447,2019.0,Q3,,2019-11-02,2019-12-05 16:01:38+00:00,totalliabilities,totalnoncurrentliabilities,Total Noncurrent Liabilities,+,credit,usd,216342000.0
Shoe Carnival Inc,SCVL,,0000895447,2019.0,Q3,,2019-11-02,2019-12-05 16:01:38+00:00,totalliabilitiesandequity,totalliabilities,Total Liabilities,+,credit,usd,346964000.0
Shoe Carnival Inc,SCVL,,0000895447,2019.0,Q3,,2019-11-02,2019-12-05 16:01:38+00:00,totalcommonequity,commonequity,Common Stock,+,credit,usd,79064000.0
Shoe Carnival Inc,SCVL,,0000895447,2019.0,Q3,,2019-11-02,2019-12-05 16:01:38+00:00,totalcommonequity,retainedearnings,Retained Earnings,+,credit,usd,393497000.0
Shoe Carnival Inc,SCVL,,0000895447,2019.0,Q3,,2019-11-02,2019-12-05 16:01:38+00:00,totalcommonequity,treasurystock,Treasury Stock,+,credit,usd,-171813000.0
Shoe Carnival Inc,SCVL,,0000895447,2019.0,Q3,,2019-11-02,2019-12-05 16:01:38+00:00,totalequity,totalcommonequity,Total Common Equity,+,credit,usd,300748000.0
Shoe Carnival Inc,SCVL,,0000895447,2019.0,Q3,,2019-11-02,2019-12-05 16:01:38+00:00,totalequityandnoncontrollinginterests,totalequity,Total Preferred & Common Equity,+,credit,usd,300748000.0
Shoe Carnival Inc,SCVL,,0000895447,2019.0,Q3,,2019-11-02,2019-12-05 16:01:38+00:00,totalliabilitiesandequity,totalequityandnoncontrollinginterests,Total Equity & Noncontrolling Interests,+,credit,usd,300748000.0
Shoe Carnival Inc,SCVL,,0000895447,2019.0,Q3,,2019-11-02,2019-12-05 16:01:38+00:00,,totalliabilitiesandequity,Total Liabilities & Shareholders' Equity,=,credit,usd,647712000.0
