company_name,company_ticker,company_lei,company_cik,year,quarter,start_date,end_date,filing_date,parent,tag,financial_name,factor,balance,unit,value
Universal Electronics Inc,UEIC,549300ZW9EULAR7T6F89,0000101984,2010.0,Q3,2010-07-01,2010-09-30,,netincomecontinuing,netincome,Consolidated Net Income / (Loss),+,credit,usd,4702000.0
Universal Electronics Inc,UEIC,549300ZW9EULAR7T6F89,0000101984,2010.0,Q3,2010-07-01,2010-09-30,,netcashfromcontinuingoperatingactivities,netincomecontinuing,Net Income / (Loss) Continuing Operations,+,credit,usd,4702000.0
Universal Electronics Inc,UEIC,549300ZW9EULAR7T6F89,0000101984,2010.0,Q3,2010-07-01,2010-09-30,,netcashfromcontinuingoperatingactivities,depreciationexpense,Depreciation Expense,+,debit,usd,1581000.0
Universal Electronics Inc,UEIC,549300ZW9EULAR7T6F89,0000101984,2010.0,Q3,2010-07-01,2010-09-30,,netcashfromcontinuingoperatingactivities,noncashadjustmentstonetincome,Non-Cash Adjustments To Reconcile Net Income,+,debit,usd,2305000.0
Universal Electronics Inc,UEIC,549300ZW9EULAR7T6F89,0000101984,2010.0,Q3,2010-07-01,2010-09-30,,netcashfromcontinuingoperatingactivities,increasedecreaseinoperatingcapital,"Changes in Operating Assets and Liabilities, net",+,debit,usd,-11686000.0
Universal Electronics Inc,UEIC,549300ZW9EULAR7T6F89,0000101984,2010.0,Q3,2010-07-01,2010-09-30,,netcashfromoperatingactivities,netcashfromcontinuingoperatingactivities,Net Cash From Continuing Operating Activities,+,debit,usd,-3098000.0
Universal Electronics Inc,UEIC,549300ZW9EULAR7T6F89,0000101984,2010.0,Q3,2010-07-01,2010-09-30,,netchangeincash,netcashfromoperatingactivities,Net Cash From Operating Activities,+,debit,usd,-3098000.0
Universal Electronics Inc,UEIC,549300ZW9EULAR7T6F89,0000101984,2010.0,Q3,2010-07-01,2010-09-30,,netcashfromcontinuinginvestingactivities,purchaseofplantpropertyandequipment,"Purchase of Property, Plant & Equipment",+,debit,usd,-1408000.0
Universal Electronics Inc,UEIC,549300ZW9EULAR7T6F89,0000101984,2010.0,Q3,2010-07-01,2010-09-30,,netcashfromcontinuinginvestingactivities,acquisitions,Acquisitions,+,debit,usd,-312000.0
Universal Electronics Inc,UEIC,549300ZW9EULAR7T6F89,0000101984,2010.0,Q3,2010-07-01,2010-09-30,,netcashfromcontinuinginvestingactivities,purchaseofinvestments,Purchase of Investments,+,debit,usd,-290000.0
Universal Electronics Inc,UEIC,549300ZW9EULAR7T6F89,0000101984,2010.0,Q3,2010-07-01,2010-09-30,,netcashfromcontinuinginvestingactivities,saleofinvestments,Sale and/or Maturity of Investments,+,debit,usd,-49246000.0
Universal Electronics Inc,UEIC,549300ZW9EULAR7T6F89,0000101984,2010.0,Q3,2010-07-01,2010-09-30,,netcashfrominvestingactivities,netcashfromcontinuinginvestingactivities,Net Cash From Continuing Investing Activities,+,debit,usd,-51256000.0
Universal Electronics Inc,UEIC,549300ZW9EULAR7T6F89,0000101984,2010.0,Q3,2010-07-01,2010-09-30,,netchangeincash,netcashfrominvestingactivities,Net Cash From Investing Activities,+,debit,usd,-51256000.0
Universal Electronics Inc,UEIC,549300ZW9EULAR7T6F89,0000101984,2010.0,Q3,2010-07-01,2010-09-30,,netcashfromcontinuingfinancingactivities,repurchaseofcommonequity,Repurchase of Common Equity,+,debit,usd,-2527000.0
Universal Electronics Inc,UEIC,549300ZW9EULAR7T6F89,0000101984,2010.0,Q3,2010-07-01,2010-09-30,,netcashfromcontinuingfinancingactivities,otherfinancingactivitiesnet,"Other Financing Activities, net",+,debit,usd,28000.0
Universal Electronics Inc,UEIC,549300ZW9EULAR7T6F89,0000101984,2010.0,Q3,2010-07-01,2010-09-30,,netcashfromfinancingactivities,netcashfromcontinuingfinancingactivities,Net Cash From Continuing Financing Activities,+,debit,usd,-2499000.0
Universal Electronics Inc,UEIC,549300ZW9EULAR7T6F89,0000101984,2010.0,Q3,2010-07-01,2010-09-30,,netchangeincash,netcashfromfinancingactivities,Net Cash From Financing Activities,+,debit,usd,-2499000.0
Universal Electronics Inc,UEIC,549300ZW9EULAR7T6F89,0000101984,2010.0,Q3,2010-07-01,2010-09-30,,netchangeincash,effectofexchangeratechanges,Effect of Exchange Rate Changes,+,debit,usd,1462000.0
Universal Electronics Inc,UEIC,549300ZW9EULAR7T6F89,0000101984,2010.0,Q3,2010-07-01,2010-09-30,,,netchangeincash,Net Change in Cash & Equivalents,=,debit,usd,-55391000.0
Universal Electronics Inc,UEIC,549300ZW9EULAR7T6F89,0000101984,2010.0,Q4,2010-10-01,2010-12-31,,netincomecontinuing,netincome,Consolidated Net Income / (Loss),+,credit,usd,3766000.0
Universal Electronics Inc,UEIC,549300ZW9EULAR7T6F89,0000101984,2010.0,Q4,2010-10-01,2010-12-31,,netcashfromcontinuingoperatingactivities,netincomecontinuing,Net Income / (Loss) Continuing Operations,+,credit,usd,3766000.0
Universal Electronics Inc,UEIC,549300ZW9EULAR7T6F89,0000101984,2010.0,Q4,2010-10-01,2010-12-31,,netcashfromcontinuingoperatingactivities,depreciationexpense,Depreciation Expense,+,debit,usd,3399000.0
Universal Electronics Inc,UEIC,549300ZW9EULAR7T6F89,0000101984,2010.0,Q4,2010-10-01,2010-12-31,,netcashfromcontinuingoperatingactivities,noncashadjustmentstonetincome,Non-Cash Adjustments To Reconcile Net Income,+,debit,usd,2503000.0
Universal Electronics Inc,UEIC,549300ZW9EULAR7T6F89,0000101984,2010.0,Q4,2010-10-01,2010-12-31,,netcashfromcontinuingoperatingactivities,increasedecreaseinoperatingcapital,"Changes in Operating Assets and Liabilities, net",+,debit,usd,17840000.0
Universal Electronics Inc,UEIC,549300ZW9EULAR7T6F89,0000101984,2010.0,Q4,2010-10-01,2010-12-31,,netcashfromoperatingactivities,netcashfromcontinuingoperatingactivities,Net Cash From Continuing Operating Activities,+,debit,usd,27508000.0
Universal Electronics Inc,UEIC,549300ZW9EULAR7T6F89,0000101984,2010.0,Q4,2010-10-01,2010-12-31,,netchangeincash,netcashfromoperatingactivities,Net Cash From Operating Activities,+,debit,usd,27508000.0
Universal Electronics Inc,UEIC,549300ZW9EULAR7T6F89,0000101984,2010.0,Q4,2010-10-01,2010-12-31,,netcashfromcontinuinginvestingactivities,purchaseofplantpropertyandequipment,"Purchase of Property, Plant & Equipment",+,debit,usd,-3991000.0
Universal Electronics Inc,UEIC,549300ZW9EULAR7T6F89,0000101984,2010.0,Q4,2010-10-01,2010-12-31,,netcashfromcontinuinginvestingactivities,acquisitions,Acquisitions,+,debit,usd,-74588000.0
Universal Electronics Inc,UEIC,549300ZW9EULAR7T6F89,0000101984,2010.0,Q4,2010-10-01,2010-12-31,,netcashfromcontinuinginvestingactivities,purchaseofinvestments,Purchase of Investments,+,debit,usd,290000.0
Universal Electronics Inc,UEIC,549300ZW9EULAR7T6F89,0000101984,2010.0,Q4,2010-10-01,2010-12-31,,netcashfromcontinuinginvestingactivities,saleofinvestments,Sale and/or Maturity of Investments,+,debit,usd,49246000.0
Universal Electronics Inc,UEIC,549300ZW9EULAR7T6F89,0000101984,2010.0,Q4,2010-10-01,2010-12-31,,netcashfrominvestingactivities,netcashfromcontinuinginvestingactivities,Net Cash From Continuing Investing Activities,+,debit,usd,-29043000.0
Universal Electronics Inc,UEIC,549300ZW9EULAR7T6F89,0000101984,2010.0,Q4,2010-10-01,2010-12-31,,netchangeincash,netcashfrominvestingactivities,Net Cash From Investing Activities,+,debit,usd,-29043000.0
Universal Electronics Inc,UEIC,549300ZW9EULAR7T6F89,0000101984,2010.0,Q4,2010-10-01,2010-12-31,,netcashfromcontinuingfinancingactivities,repaymentofdebt,Repayment of Debt,+,debit,usd,-9834000.0
Universal Electronics Inc,UEIC,549300ZW9EULAR7T6F89,0000101984,2010.0,Q4,2010-10-01,2010-12-31,,netcashfromcontinuingfinancingactivities,repurchaseofcommonequity,Repurchase of Common Equity,+,debit,usd,-310000.0
Universal Electronics Inc,UEIC,549300ZW9EULAR7T6F89,0000101984,2010.0,Q4,2010-10-01,2010-12-31,,netcashfromcontinuingfinancingactivities,issuanceofdebt,Issuance of Debt,+,debit,usd,41000000.0
Universal Electronics Inc,UEIC,549300ZW9EULAR7T6F89,0000101984,2010.0,Q4,2010-10-01,2010-12-31,,netcashfromcontinuingfinancingactivities,otherfinancingactivitiesnet,"Other Financing Activities, net",+,debit,usd,1866000.0
Universal Electronics Inc,UEIC,549300ZW9EULAR7T6F89,0000101984,2010.0,Q4,2010-10-01,2010-12-31,,netcashfromfinancingactivities,netcashfromcontinuingfinancingactivities,Net Cash From Continuing Financing Activities,+,debit,usd,32722000.0
Universal Electronics Inc,UEIC,549300ZW9EULAR7T6F89,0000101984,2010.0,Q4,2010-10-01,2010-12-31,,netchangeincash,netcashfromfinancingactivities,Net Cash From Financing Activities,+,debit,usd,32722000.0
Universal Electronics Inc,UEIC,549300ZW9EULAR7T6F89,0000101984,2010.0,Q4,2010-10-01,2010-12-31,,netchangeincash,effectofexchangeratechanges,Effect of Exchange Rate Changes,+,debit,usd,-385000.0
Universal Electronics Inc,UEIC,549300ZW9EULAR7T6F89,0000101984,2010.0,Q4,2010-10-01,2010-12-31,,,netchangeincash,Net Change in Cash & Equivalents,=,debit,usd,30802000.0
Universal Electronics Inc,UEIC,549300ZW9EULAR7T6F89,0000101984,2010.0,Q4,2010-10-01,2010-12-31,,,cashincometaxespaid,Cash Income Taxes Paid,=,,usd,11747000.0
Universal Electronics Inc,UEIC,549300ZW9EULAR7T6F89,0000101984,2011.0,Q1,2011-01-01,2011-03-31,2012-05-09 06:14:08+00:00,netincomecontinuing,netincome,Consolidated Net Income / (Loss),+,credit,usd,1827000.0
Universal Electronics Inc,UEIC,549300ZW9EULAR7T6F89,0000101984,2011.0,Q1,2011-01-01,2011-03-31,2012-05-09 06:14:08+00:00,netcashfromcontinuingoperatingactivities,netincomecontinuing,Net Income / (Loss) Continuing Operations,+,credit,usd,1827000.0
Universal Electronics Inc,UEIC,549300ZW9EULAR7T6F89,0000101984,2011.0,Q1,2011-01-01,2011-03-31,2012-05-09 06:14:08+00:00,netcashfromcontinuingoperatingactivities,depreciationexpense,Depreciation Expense,+,debit,usd,4309000.0
Universal Electronics Inc,UEIC,549300ZW9EULAR7T6F89,0000101984,2011.0,Q1,2011-01-01,2011-03-31,2012-05-09 06:14:08+00:00,netcashfromcontinuingoperatingactivities,noncashadjustmentstonetincome,Non-Cash Adjustments To Reconcile Net Income,+,debit,usd,1952000.0
Universal Electronics Inc,UEIC,549300ZW9EULAR7T6F89,0000101984,2011.0,Q1,2011-01-01,2011-03-31,2012-05-09 06:14:08+00:00,netcashfromcontinuingoperatingactivities,increasedecreaseinoperatingcapital,"Changes in Operating Assets and Liabilities, net",+,debit,usd,-7940000.0
Universal Electronics Inc,UEIC,549300ZW9EULAR7T6F89,0000101984,2011.0,Q1,2011-01-01,2011-03-31,2012-05-09 06:14:08+00:00,netcashfromoperatingactivities,netcashfromcontinuingoperatingactivities,Net Cash From Continuing Operating Activities,+,debit,usd,148000.0
Universal Electronics Inc,UEIC,549300ZW9EULAR7T6F89,0000101984,2011.0,Q1,2011-01-01,2011-03-31,2012-05-09 06:14:08+00:00,netchangeincash,netcashfromoperatingactivities,Net Cash From Operating Activities,+,debit,usd,148000.0
Universal Electronics Inc,UEIC,549300ZW9EULAR7T6F89,0000101984,2011.0,Q1,2011-01-01,2011-03-31,2012-05-09 06:14:08+00:00,netcashfromcontinuinginvestingactivities,purchaseofplantpropertyandequipment,"Purchase of Property, Plant & Equipment",+,debit,usd,-283000.0
Universal Electronics Inc,UEIC,549300ZW9EULAR7T6F89,0000101984,2011.0,Q1,2011-01-01,2011-03-31,2012-05-09 06:14:08+00:00,netcashfromcontinuinginvestingactivities,acquisitions,Acquisitions,+,debit,usd,-2338000.0
Universal Electronics Inc,UEIC,549300ZW9EULAR7T6F89,0000101984,2011.0,Q1,2011-01-01,2011-03-31,2012-05-09 06:14:08+00:00,netcashfrominvestingactivities,netcashfromcontinuinginvestingactivities,Net Cash From Continuing Investing Activities,+,debit,usd,-2621000.0
Universal Electronics Inc,UEIC,549300ZW9EULAR7T6F89,0000101984,2011.0,Q1,2011-01-01,2011-03-31,2012-05-09 06:14:08+00:00,netchangeincash,netcashfrominvestingactivities,Net Cash From Investing Activities,+,debit,usd,-2621000.0
Universal Electronics Inc,UEIC,549300ZW9EULAR7T6F89,0000101984,2011.0,Q1,2011-01-01,2011-03-31,2012-05-09 06:14:08+00:00,netcashfromcontinuingfinancingactivities,repaymentofdebt,Repayment of Debt,+,debit,usd,-7200000.0
Universal Electronics Inc,UEIC,549300ZW9EULAR7T6F89,0000101984,2011.0,Q1,2011-01-01,2011-03-31,2012-05-09 06:14:08+00:00,netcashfromcontinuingfinancingactivities,repurchaseofcommonequity,Repurchase of Common Equity,+,debit,usd,-371000.0
Universal Electronics Inc,UEIC,549300ZW9EULAR7T6F89,0000101984,2011.0,Q1,2011-01-01,2011-03-31,2012-05-09 06:14:08+00:00,netcashfromcontinuingfinancingactivities,otherfinancingactivitiesnet,"Other Financing Activities, net",+,debit,usd,259000.0
Universal Electronics Inc,UEIC,549300ZW9EULAR7T6F89,0000101984,2011.0,Q1,2011-01-01,2011-03-31,2012-05-09 06:14:08+00:00,netcashfromfinancingactivities,netcashfromcontinuingfinancingactivities,Net Cash From Continuing Financing Activities,+,debit,usd,-7312000.0
Universal Electronics Inc,UEIC,549300ZW9EULAR7T6F89,0000101984,2011.0,Q1,2011-01-01,2011-03-31,2012-05-09 06:14:08+00:00,netchangeincash,netcashfromfinancingactivities,Net Cash From Financing Activities,+,debit,usd,-7312000.0
Universal Electronics Inc,UEIC,549300ZW9EULAR7T6F89,0000101984,2011.0,Q1,2011-01-01,2011-03-31,2012-05-09 06:14:08+00:00,netchangeincash,effectofexchangeratechanges,Effect of Exchange Rate Changes,+,debit,usd,624000.0
Universal Electronics Inc,UEIC,549300ZW9EULAR7T6F89,0000101984,2011.0,Q1,2011-01-01,2011-03-31,2012-05-09 06:14:08+00:00,,netchangeincash,Net Change in Cash & Equivalents,=,debit,usd,-9161000.0
Universal Electronics Inc,UEIC,549300ZW9EULAR7T6F89,0000101984,2011.0,Q2,2011-04-01,2011-06-30,,netincomecontinuing,netincome,Consolidated Net Income / (Loss),+,credit,usd,6121000.0
Universal Electronics Inc,UEIC,549300ZW9EULAR7T6F89,0000101984,2011.0,Q2,2011-04-01,2011-06-30,,netcashfromcontinuingoperatingactivities,netincomecontinuing,Net Income / (Loss) Continuing Operations,+,credit,usd,6121000.0
Universal Electronics Inc,UEIC,549300ZW9EULAR7T6F89,0000101984,2011.0,Q2,2011-04-01,2011-06-30,,netcashfromcontinuingoperatingactivities,depreciationexpense,Depreciation Expense,+,debit,usd,4279000.0
Universal Electronics Inc,UEIC,549300ZW9EULAR7T6F89,0000101984,2011.0,Q2,2011-04-01,2011-06-30,,netcashfromcontinuingoperatingactivities,noncashadjustmentstonetincome,Non-Cash Adjustments To Reconcile Net Income,+,debit,usd,2895000.0
Universal Electronics Inc,UEIC,549300ZW9EULAR7T6F89,0000101984,2011.0,Q2,2011-04-01,2011-06-30,,netcashfromcontinuingoperatingactivities,increasedecreaseinoperatingcapital,"Changes in Operating Assets and Liabilities, net",+,debit,usd,-8850000.0
Universal Electronics Inc,UEIC,549300ZW9EULAR7T6F89,0000101984,2011.0,Q2,2011-04-01,2011-06-30,,netcashfromoperatingactivities,netcashfromcontinuingoperatingactivities,Net Cash From Continuing Operating Activities,+,debit,usd,4445000.0
Universal Electronics Inc,UEIC,549300ZW9EULAR7T6F89,0000101984,2011.0,Q2,2011-04-01,2011-06-30,,netchangeincash,netcashfromoperatingactivities,Net Cash From Operating Activities,+,debit,usd,4445000.0
Universal Electronics Inc,UEIC,549300ZW9EULAR7T6F89,0000101984,2011.0,Q2,2011-04-01,2011-06-30,,netcashfromcontinuinginvestingactivities,purchaseofplantpropertyandequipment,"Purchase of Property, Plant & Equipment",+,debit,usd,-230000.0
Universal Electronics Inc,UEIC,549300ZW9EULAR7T6F89,0000101984,2011.0,Q2,2011-04-01,2011-06-30,,netcashfromcontinuinginvestingactivities,acquisitions,Acquisitions,+,debit,usd,-3216000.0
Universal Electronics Inc,UEIC,549300ZW9EULAR7T6F89,0000101984,2011.0,Q2,2011-04-01,2011-06-30,,netcashfrominvestingactivities,netcashfromcontinuinginvestingactivities,Net Cash From Continuing Investing Activities,+,debit,usd,-3446000.0
Universal Electronics Inc,UEIC,549300ZW9EULAR7T6F89,0000101984,2011.0,Q2,2011-04-01,2011-06-30,,netchangeincash,netcashfrominvestingactivities,Net Cash From Investing Activities,+,debit,usd,-3446000.0
Universal Electronics Inc,UEIC,549300ZW9EULAR7T6F89,0000101984,2011.0,Q2,2011-04-01,2011-06-30,,netcashfromcontinuingfinancingactivities,repaymentofdebt,Repayment of Debt,+,debit,usd,-7200000.0
Universal Electronics Inc,UEIC,549300ZW9EULAR7T6F89,0000101984,2011.0,Q2,2011-04-01,2011-06-30,,netcashfromcontinuingfinancingactivities,repurchaseofcommonequity,Repurchase of Common Equity,+,debit,usd,-3129000.0
Universal Electronics Inc,UEIC,549300ZW9EULAR7T6F89,0000101984,2011.0,Q2,2011-04-01,2011-06-30,,netcashfromcontinuingfinancingactivities,otherfinancingactivitiesnet,"Other Financing Activities, net",+,debit,usd,1297000.0
Universal Electronics Inc,UEIC,549300ZW9EULAR7T6F89,0000101984,2011.0,Q2,2011-04-01,2011-06-30,,netcashfromfinancingactivities,netcashfromcontinuingfinancingactivities,Net Cash From Continuing Financing Activities,+,debit,usd,-9032000.0
Universal Electronics Inc,UEIC,549300ZW9EULAR7T6F89,0000101984,2011.0,Q2,2011-04-01,2011-06-30,,netchangeincash,netcashfromfinancingactivities,Net Cash From Financing Activities,+,debit,usd,-9032000.0
Universal Electronics Inc,UEIC,549300ZW9EULAR7T6F89,0000101984,2011.0,Q2,2011-04-01,2011-06-30,,netchangeincash,effectofexchangeratechanges,Effect of Exchange Rate Changes,+,debit,usd,845000.0
Universal Electronics Inc,UEIC,549300ZW9EULAR7T6F89,0000101984,2011.0,Q2,2011-04-01,2011-06-30,,,netchangeincash,Net Change in Cash & Equivalents,=,debit,usd,-7188000.0
Universal Electronics Inc,UEIC,549300ZW9EULAR7T6F89,0000101984,2011.0,Q3,2011-07-01,2011-09-30,,netincomecontinuing,netincome,Consolidated Net Income / (Loss),+,credit,usd,7084000.0
Universal Electronics Inc,UEIC,549300ZW9EULAR7T6F89,0000101984,2011.0,Q3,2011-07-01,2011-09-30,,netcashfromcontinuingoperatingactivities,netincomecontinuing,Net Income / (Loss) Continuing Operations,+,credit,usd,7084000.0
Universal Electronics Inc,UEIC,549300ZW9EULAR7T6F89,0000101984,2011.0,Q3,2011-07-01,2011-09-30,,netcashfromcontinuingoperatingactivities,depreciationexpense,Depreciation Expense,+,debit,usd,4319000.0
Universal Electronics Inc,UEIC,549300ZW9EULAR7T6F89,0000101984,2011.0,Q3,2011-07-01,2011-09-30,,netcashfromcontinuingoperatingactivities,noncashadjustmentstonetincome,Non-Cash Adjustments To Reconcile Net Income,+,debit,usd,2853000.0
Universal Electronics Inc,UEIC,549300ZW9EULAR7T6F89,0000101984,2011.0,Q3,2011-07-01,2011-09-30,,netcashfromcontinuingoperatingactivities,increasedecreaseinoperatingcapital,"Changes in Operating Assets and Liabilities, net",+,debit,usd,-7047000.0
Universal Electronics Inc,UEIC,549300ZW9EULAR7T6F89,0000101984,2011.0,Q3,2011-07-01,2011-09-30,,netcashfromoperatingactivities,netcashfromcontinuingoperatingactivities,Net Cash From Continuing Operating Activities,+,debit,usd,7209000.0
Universal Electronics Inc,UEIC,549300ZW9EULAR7T6F89,0000101984,2011.0,Q3,2011-07-01,2011-09-30,,netchangeincash,netcashfromoperatingactivities,Net Cash From Operating Activities,+,debit,usd,7209000.0
Universal Electronics Inc,UEIC,549300ZW9EULAR7T6F89,0000101984,2011.0,Q3,2011-07-01,2011-09-30,,netcashfromcontinuinginvestingactivities,purchaseofplantpropertyandequipment,"Purchase of Property, Plant & Equipment",+,debit,usd,-301000.0
Universal Electronics Inc,UEIC,549300ZW9EULAR7T6F89,0000101984,2011.0,Q3,2011-07-01,2011-09-30,,netcashfromcontinuinginvestingactivities,acquisitions,Acquisitions,+,debit,usd,-4586000.0
Universal Electronics Inc,UEIC,549300ZW9EULAR7T6F89,0000101984,2011.0,Q3,2011-07-01,2011-09-30,,netcashfrominvestingactivities,netcashfromcontinuinginvestingactivities,Net Cash From Continuing Investing Activities,+,debit,usd,-4887000.0
Universal Electronics Inc,UEIC,549300ZW9EULAR7T6F89,0000101984,2011.0,Q3,2011-07-01,2011-09-30,,netchangeincash,netcashfrominvestingactivities,Net Cash From Investing Activities,+,debit,usd,-4887000.0
Universal Electronics Inc,UEIC,549300ZW9EULAR7T6F89,0000101984,2011.0,Q3,2011-07-01,2011-09-30,,netcashfromcontinuingfinancingactivities,repaymentofdebt,Repayment of Debt,+,debit,usd,-2200000.0
Universal Electronics Inc,UEIC,549300ZW9EULAR7T6F89,0000101984,2011.0,Q3,2011-07-01,2011-09-30,,netcashfromcontinuingfinancingactivities,repurchaseofcommonequity,Repurchase of Common Equity,+,debit,usd,-6012000.0
Universal Electronics Inc,UEIC,549300ZW9EULAR7T6F89,0000101984,2011.0,Q3,2011-07-01,2011-09-30,,netcashfromcontinuingfinancingactivities,otherfinancingactivitiesnet,"Other Financing Activities, net",+,debit,usd,247000.0
Universal Electronics Inc,UEIC,549300ZW9EULAR7T6F89,0000101984,2011.0,Q3,2011-07-01,2011-09-30,,netcashfromfinancingactivities,netcashfromcontinuingfinancingactivities,Net Cash From Continuing Financing Activities,+,debit,usd,-7965000.0
Universal Electronics Inc,UEIC,549300ZW9EULAR7T6F89,0000101984,2011.0,Q3,2011-07-01,2011-09-30,,netchangeincash,netcashfromfinancingactivities,Net Cash From Financing Activities,+,debit,usd,-7965000.0
Universal Electronics Inc,UEIC,549300ZW9EULAR7T6F89,0000101984,2011.0,Q3,2011-07-01,2011-09-30,,netchangeincash,effectofexchangeratechanges,Effect of Exchange Rate Changes,+,debit,usd,-257000.0
Universal Electronics Inc,UEIC,549300ZW9EULAR7T6F89,0000101984,2011.0,Q3,2011-07-01,2011-09-30,,,netchangeincash,Net Change in Cash & Equivalents,=,debit,usd,-5900000.0
Universal Electronics Inc,UEIC,549300ZW9EULAR7T6F89,0000101984,2011.0,Q4,2011-10-01,2011-12-31,,netincomecontinuing,netincome,Consolidated Net Income / (Loss),+,credit,usd,4914000.0
Universal Electronics Inc,UEIC,549300ZW9EULAR7T6F89,0000101984,2011.0,Q4,2011-10-01,2011-12-31,,netcashfromcontinuingoperatingactivities,netincomecontinuing,Net Income / (Loss) Continuing Operations,+,credit,usd,4914000.0
Universal Electronics Inc,UEIC,549300ZW9EULAR7T6F89,0000101984,2011.0,Q4,2011-10-01,2011-12-31,,netcashfromcontinuingoperatingactivities,depreciationexpense,Depreciation Expense,+,debit,usd,4428000.0
Universal Electronics Inc,UEIC,549300ZW9EULAR7T6F89,0000101984,2011.0,Q4,2011-10-01,2011-12-31,,netcashfromcontinuingoperatingactivities,noncashadjustmentstonetincome,Non-Cash Adjustments To Reconcile Net Income,+,debit,usd,3283000.0
Universal Electronics Inc,UEIC,549300ZW9EULAR7T6F89,0000101984,2011.0,Q4,2011-10-01,2011-12-31,,netcashfromcontinuingoperatingactivities,increasedecreaseinoperatingcapital,"Changes in Operating Assets and Liabilities, net",+,debit,usd,-9627000.0
Universal Electronics Inc,UEIC,549300ZW9EULAR7T6F89,0000101984,2011.0,Q4,2011-10-01,2011-12-31,,netcashfromoperatingactivities,netcashfromcontinuingoperatingactivities,Net Cash From Continuing Operating Activities,+,debit,usd,2998000.0
Universal Electronics Inc,UEIC,549300ZW9EULAR7T6F89,0000101984,2011.0,Q4,2011-10-01,2011-12-31,,netchangeincash,netcashfromoperatingactivities,Net Cash From Operating Activities,+,debit,usd,2998000.0
Universal Electronics Inc,UEIC,549300ZW9EULAR7T6F89,0000101984,2011.0,Q4,2011-10-01,2011-12-31,,netcashfromcontinuinginvestingactivities,purchaseofplantpropertyandequipment,"Purchase of Property, Plant & Equipment",+,debit,usd,-12816000.0
Universal Electronics Inc,UEIC,549300ZW9EULAR7T6F89,0000101984,2011.0,Q4,2011-10-01,2011-12-31,,netcashfromcontinuinginvestingactivities,acquisitions,Acquisitions,+,debit,usd,9076000.0
Universal Electronics Inc,UEIC,549300ZW9EULAR7T6F89,0000101984,2011.0,Q4,2011-10-01,2011-12-31,,netcashfrominvestingactivities,netcashfromcontinuinginvestingactivities,Net Cash From Continuing Investing Activities,+,debit,usd,-3740000.0
Universal Electronics Inc,UEIC,549300ZW9EULAR7T6F89,0000101984,2011.0,Q4,2011-10-01,2011-12-31,,netchangeincash,netcashfrominvestingactivities,Net Cash From Investing Activities,+,debit,usd,-3740000.0
Universal Electronics Inc,UEIC,549300ZW9EULAR7T6F89,0000101984,2011.0,Q4,2011-10-01,2011-12-31,,netcashfromcontinuingfinancingactivities,repaymentofdebt,Repayment of Debt,+,debit,usd,-6200000.0
Universal Electronics Inc,UEIC,549300ZW9EULAR7T6F89,0000101984,2011.0,Q4,2011-10-01,2011-12-31,,netcashfromcontinuingfinancingactivities,repurchaseofcommonequity,Repurchase of Common Equity,+,debit,usd,-273000.0
Universal Electronics Inc,UEIC,549300ZW9EULAR7T6F89,0000101984,2011.0,Q4,2011-10-01,2011-12-31,,netcashfromcontinuingfinancingactivities,issuanceofdebt,Issuance of Debt,+,debit,usd,4200000.0
Universal Electronics Inc,UEIC,549300ZW9EULAR7T6F89,0000101984,2011.0,Q4,2011-10-01,2011-12-31,,netcashfromcontinuingfinancingactivities,otherfinancingactivitiesnet,"Other Financing Activities, net",+,debit,usd,313000.0
Universal Electronics Inc,UEIC,549300ZW9EULAR7T6F89,0000101984,2011.0,Q4,2011-10-01,2011-12-31,,netcashfromfinancingactivities,netcashfromcontinuingfinancingactivities,Net Cash From Continuing Financing Activities,+,debit,usd,-1960000.0
Universal Electronics Inc,UEIC,549300ZW9EULAR7T6F89,0000101984,2011.0,Q4,2011-10-01,2011-12-31,,netchangeincash,netcashfromfinancingactivities,Net Cash From Financing Activities,+,debit,usd,-1960000.0
Universal Electronics Inc,UEIC,549300ZW9EULAR7T6F89,0000101984,2011.0,Q4,2011-10-01,2011-12-31,,netchangeincash,effectofexchangeratechanges,Effect of Exchange Rate Changes,+,debit,usd,74000.0
Universal Electronics Inc,UEIC,549300ZW9EULAR7T6F89,0000101984,2011.0,Q4,2011-10-01,2011-12-31,,,netchangeincash,Net Change in Cash & Equivalents,=,debit,usd,-2628000.0
Universal Electronics Inc,UEIC,549300ZW9EULAR7T6F89,0000101984,2011.0,Q4,2011-10-01,2011-12-31,,,cashinterestpaid,Cash Interest Paid,=,,usd,438000.0
Universal Electronics Inc,UEIC,549300ZW9EULAR7T6F89,0000101984,2011.0,Q4,2011-10-01,2011-12-31,,,cashincometaxespaid,Cash Income Taxes Paid,=,,usd,8097000.0
Universal Electronics Inc,UEIC,549300ZW9EULAR7T6F89,0000101984,2012.0,Q1,2012-01-01,2012-03-31,2013-05-09 15:08:41+00:00,netincomecontinuing,netincome,Consolidated Net Income / (Loss),+,credit,usd,1632000.0
Universal Electronics Inc,UEIC,549300ZW9EULAR7T6F89,0000101984,2012.0,Q1,2012-01-01,2012-03-31,2013-05-09 15:08:41+00:00,netcashfromcontinuingoperatingactivities,netincomecontinuing,Net Income / (Loss) Continuing Operations,+,credit,usd,1632000.0
Universal Electronics Inc,UEIC,549300ZW9EULAR7T6F89,0000101984,2012.0,Q1,2012-01-01,2012-03-31,2013-05-09 15:08:41+00:00,netcashfromcontinuingoperatingactivities,depreciationexpense,Depreciation Expense,+,debit,usd,4260000.0
Universal Electronics Inc,UEIC,549300ZW9EULAR7T6F89,0000101984,2012.0,Q1,2012-01-01,2012-03-31,2013-05-09 15:08:41+00:00,netcashfromcontinuingoperatingactivities,noncashadjustmentstonetincome,Non-Cash Adjustments To Reconcile Net Income,+,debit,usd,2173000.0
Universal Electronics Inc,UEIC,549300ZW9EULAR7T6F89,0000101984,2012.0,Q1,2012-01-01,2012-03-31,2013-05-09 15:08:41+00:00,netcashfromcontinuingoperatingactivities,increasedecreaseinoperatingcapital,"Changes in Operating Assets and Liabilities, net",+,debit,usd,-10090000.0
Universal Electronics Inc,UEIC,549300ZW9EULAR7T6F89,0000101984,2012.0,Q1,2012-01-01,2012-03-31,2013-05-09 15:08:41+00:00,netcashfromoperatingactivities,netcashfromcontinuingoperatingactivities,Net Cash From Continuing Operating Activities,+,debit,usd,-2025000.0
Universal Electronics Inc,UEIC,549300ZW9EULAR7T6F89,0000101984,2012.0,Q1,2012-01-01,2012-03-31,2013-05-09 15:08:41+00:00,netchangeincash,netcashfromoperatingactivities,Net Cash From Operating Activities,+,debit,usd,-2025000.0
Universal Electronics Inc,UEIC,549300ZW9EULAR7T6F89,0000101984,2012.0,Q1,2012-01-01,2012-03-31,2013-05-09 15:08:41+00:00,netcashfromcontinuinginvestingactivities,purchaseofplantpropertyandequipment,"Purchase of Property, Plant & Equipment",+,debit,usd,-1712000.0
Universal Electronics Inc,UEIC,549300ZW9EULAR7T6F89,0000101984,2012.0,Q1,2012-01-01,2012-03-31,2013-05-09 15:08:41+00:00,netcashfromcontinuinginvestingactivities,acquisitions,Acquisitions,+,debit,usd,-216000.0
Universal Electronics Inc,UEIC,549300ZW9EULAR7T6F89,0000101984,2012.0,Q1,2012-01-01,2012-03-31,2013-05-09 15:08:41+00:00,netcashfrominvestingactivities,netcashfromcontinuinginvestingactivities,Net Cash From Continuing Investing Activities,+,debit,usd,-1928000.0
Universal Electronics Inc,UEIC,549300ZW9EULAR7T6F89,0000101984,2012.0,Q1,2012-01-01,2012-03-31,2013-05-09 15:08:41+00:00,netchangeincash,netcashfrominvestingactivities,Net Cash From Investing Activities,+,debit,usd,-1928000.0
Universal Electronics Inc,UEIC,549300ZW9EULAR7T6F89,0000101984,2012.0,Q1,2012-01-01,2012-03-31,2013-05-09 15:08:41+00:00,netcashfromcontinuingfinancingactivities,repaymentofdebt,Repayment of Debt,+,debit,usd,-7200000.0
Universal Electronics Inc,UEIC,549300ZW9EULAR7T6F89,0000101984,2012.0,Q1,2012-01-01,2012-03-31,2013-05-09 15:08:41+00:00,netcashfromcontinuingfinancingactivities,repurchaseofcommonequity,Repurchase of Common Equity,+,debit,usd,-309000.0
Universal Electronics Inc,UEIC,549300ZW9EULAR7T6F89,0000101984,2012.0,Q1,2012-01-01,2012-03-31,2013-05-09 15:08:41+00:00,netcashfromcontinuingfinancingactivities,issuanceofdebt,Issuance of Debt,+,debit,usd,5000000.0
Universal Electronics Inc,UEIC,549300ZW9EULAR7T6F89,0000101984,2012.0,Q1,2012-01-01,2012-03-31,2013-05-09 15:08:41+00:00,netcashfromcontinuingfinancingactivities,otherfinancingactivitiesnet,"Other Financing Activities, net",+,debit,usd,1181000.0
Universal Electronics Inc,UEIC,549300ZW9EULAR7T6F89,0000101984,2012.0,Q1,2012-01-01,2012-03-31,2013-05-09 15:08:41+00:00,netcashfromfinancingactivities,netcashfromcontinuingfinancingactivities,Net Cash From Continuing Financing Activities,+,debit,usd,-1328000.0
Universal Electronics Inc,UEIC,549300ZW9EULAR7T6F89,0000101984,2012.0,Q1,2012-01-01,2012-03-31,2013-05-09 15:08:41+00:00,netchangeincash,netcashfromfinancingactivities,Net Cash From Financing Activities,+,debit,usd,-1328000.0
Universal Electronics Inc,UEIC,549300ZW9EULAR7T6F89,0000101984,2012.0,Q1,2012-01-01,2012-03-31,2013-05-09 15:08:41+00:00,netchangeincash,effectofexchangeratechanges,Effect of Exchange Rate Changes,+,debit,usd,221000.0
Universal Electronics Inc,UEIC,549300ZW9EULAR7T6F89,0000101984,2012.0,Q1,2012-01-01,2012-03-31,2013-05-09 15:08:41+00:00,,netchangeincash,Net Change in Cash & Equivalents,=,debit,usd,-5060000.0
Universal Electronics Inc,UEIC,549300ZW9EULAR7T6F89,0000101984,2012.0,Q1,2012-01-01,2012-03-31,2013-05-09 15:08:41+00:00,,cashinterestpaid,Cash Interest Paid,=,,usd,95000.0
Universal Electronics Inc,UEIC,549300ZW9EULAR7T6F89,0000101984,2012.0,Q1,2012-01-01,2012-03-31,2013-05-09 15:08:41+00:00,,cashincometaxespaid,Cash Income Taxes Paid,=,,usd,1094000.0
Universal Electronics Inc,UEIC,549300ZW9EULAR7T6F89,0000101984,2012.0,Q2,2012-04-01,2012-06-30,,netincomecontinuing,netincome,Consolidated Net Income / (Loss),+,credit,usd,5153000.0
Universal Electronics Inc,UEIC,549300ZW9EULAR7T6F89,0000101984,2012.0,Q2,2012-04-01,2012-06-30,,netcashfromcontinuingoperatingactivities,netincomecontinuing,Net Income / (Loss) Continuing Operations,+,credit,usd,5153000.0
Universal Electronics Inc,UEIC,549300ZW9EULAR7T6F89,0000101984,2012.0,Q2,2012-04-01,2012-06-30,,netcashfromcontinuingoperatingactivities,depreciationexpense,Depreciation Expense,+,debit,usd,4265000.0
Universal Electronics Inc,UEIC,549300ZW9EULAR7T6F89,0000101984,2012.0,Q2,2012-04-01,2012-06-30,,netcashfromcontinuingoperatingactivities,noncashadjustmentstonetincome,Non-Cash Adjustments To Reconcile Net Income,+,debit,usd,2190000.0
Universal Electronics Inc,UEIC,549300ZW9EULAR7T6F89,0000101984,2012.0,Q2,2012-04-01,2012-06-30,,netcashfromcontinuingoperatingactivities,increasedecreaseinoperatingcapital,"Changes in Operating Assets and Liabilities, net",+,debit,usd,-982000.0
Universal Electronics Inc,UEIC,549300ZW9EULAR7T6F89,0000101984,2012.0,Q2,2012-04-01,2012-06-30,,netcashfromoperatingactivities,netcashfromcontinuingoperatingactivities,Net Cash From Continuing Operating Activities,+,debit,usd,10626000.0
Universal Electronics Inc,UEIC,549300ZW9EULAR7T6F89,0000101984,2012.0,Q2,2012-04-01,2012-06-30,,netchangeincash,netcashfromoperatingactivities,Net Cash From Operating Activities,+,debit,usd,10626000.0
Universal Electronics Inc,UEIC,549300ZW9EULAR7T6F89,0000101984,2012.0,Q2,2012-04-01,2012-06-30,,netcashfromcontinuinginvestingactivities,purchaseofplantpropertyandequipment,"Purchase of Property, Plant & Equipment",+,debit,usd,-2549000.0
Universal Electronics Inc,UEIC,549300ZW9EULAR7T6F89,0000101984,2012.0,Q2,2012-04-01,2012-06-30,,netcashfromcontinuinginvestingactivities,acquisitions,Acquisitions,+,debit,usd,-214000.0
Universal Electronics Inc,UEIC,549300ZW9EULAR7T6F89,0000101984,2012.0,Q2,2012-04-01,2012-06-30,,netcashfrominvestingactivities,netcashfromcontinuinginvestingactivities,Net Cash From Continuing Investing Activities,+,debit,usd,-2763000.0
Universal Electronics Inc,UEIC,549300ZW9EULAR7T6F89,0000101984,2012.0,Q2,2012-04-01,2012-06-30,,netchangeincash,netcashfrominvestingactivities,Net Cash From Investing Activities,+,debit,usd,-2763000.0
Universal Electronics Inc,UEIC,549300ZW9EULAR7T6F89,0000101984,2012.0,Q2,2012-04-01,2012-06-30,,netcashfromcontinuingfinancingactivities,repaymentofdebt,Repayment of Debt,+,debit,usd,-4200000.0
Universal Electronics Inc,UEIC,549300ZW9EULAR7T6F89,0000101984,2012.0,Q2,2012-04-01,2012-06-30,,netcashfromcontinuingfinancingactivities,repurchaseofcommonequity,Repurchase of Common Equity,+,debit,usd,-177000.0
Universal Electronics Inc,UEIC,549300ZW9EULAR7T6F89,0000101984,2012.0,Q2,2012-04-01,2012-06-30,,netcashfromcontinuingfinancingactivities,issuanceofdebt,Issuance of Debt,+,debit,usd,3000000.0
Universal Electronics Inc,UEIC,549300ZW9EULAR7T6F89,0000101984,2012.0,Q2,2012-04-01,2012-06-30,,netcashfromcontinuingfinancingactivities,otherfinancingactivitiesnet,"Other Financing Activities, net",+,debit,usd,235000.0
Universal Electronics Inc,UEIC,549300ZW9EULAR7T6F89,0000101984,2012.0,Q2,2012-04-01,2012-06-30,,netcashfromfinancingactivities,netcashfromcontinuingfinancingactivities,Net Cash From Continuing Financing Activities,+,debit,usd,-1142000.0
Universal Electronics Inc,UEIC,549300ZW9EULAR7T6F89,0000101984,2012.0,Q2,2012-04-01,2012-06-30,,netchangeincash,netcashfromfinancingactivities,Net Cash From Financing Activities,+,debit,usd,-1142000.0
Universal Electronics Inc,UEIC,549300ZW9EULAR7T6F89,0000101984,2012.0,Q2,2012-04-01,2012-06-30,,netchangeincash,effectofexchangeratechanges,Effect of Exchange Rate Changes,+,debit,usd,-345000.0
Universal Electronics Inc,UEIC,549300ZW9EULAR7T6F89,0000101984,2012.0,Q2,2012-04-01,2012-06-30,,,netchangeincash,Net Change in Cash & Equivalents,=,debit,usd,6376000.0
Universal Electronics Inc,UEIC,549300ZW9EULAR7T6F89,0000101984,2012.0,Q2,2012-04-01,2012-06-30,,,cashinterestpaid,Cash Interest Paid,=,,usd,81000.0
Universal Electronics Inc,UEIC,549300ZW9EULAR7T6F89,0000101984,2012.0,Q2,2012-04-01,2012-06-30,,,cashincometaxespaid,Cash Income Taxes Paid,=,,usd,4260000.0
Universal Electronics Inc,UEIC,549300ZW9EULAR7T6F89,0000101984,2012.0,Q3,2012-07-01,2012-09-30,,netincomecontinuing,netincome,Consolidated Net Income / (Loss),+,credit,usd,6850000.0
Universal Electronics Inc,UEIC,549300ZW9EULAR7T6F89,0000101984,2012.0,Q3,2012-07-01,2012-09-30,,netcashfromcontinuingoperatingactivities,netincomecontinuing,Net Income / (Loss) Continuing Operations,+,credit,usd,6850000.0
Universal Electronics Inc,UEIC,549300ZW9EULAR7T6F89,0000101984,2012.0,Q3,2012-07-01,2012-09-30,,netcashfromcontinuingoperatingactivities,depreciationexpense,Depreciation Expense,+,debit,usd,4423000.0
Universal Electronics Inc,UEIC,549300ZW9EULAR7T6F89,0000101984,2012.0,Q3,2012-07-01,2012-09-30,,netcashfromcontinuingoperatingactivities,noncashadjustmentstonetincome,Non-Cash Adjustments To Reconcile Net Income,+,debit,usd,1715000.0
Universal Electronics Inc,UEIC,549300ZW9EULAR7T6F89,0000101984,2012.0,Q3,2012-07-01,2012-09-30,,netcashfromcontinuingoperatingactivities,increasedecreaseinoperatingcapital,"Changes in Operating Assets and Liabilities, net",+,debit,usd,6055000.0
Universal Electronics Inc,UEIC,549300ZW9EULAR7T6F89,0000101984,2012.0,Q3,2012-07-01,2012-09-30,,netcashfromoperatingactivities,netcashfromcontinuingoperatingactivities,Net Cash From Continuing Operating Activities,+,debit,usd,19043000.0
Universal Electronics Inc,UEIC,549300ZW9EULAR7T6F89,0000101984,2012.0,Q3,2012-07-01,2012-09-30,,netchangeincash,netcashfromoperatingactivities,Net Cash From Operating Activities,+,debit,usd,19043000.0
Universal Electronics Inc,UEIC,549300ZW9EULAR7T6F89,0000101984,2012.0,Q3,2012-07-01,2012-09-30,,netcashfromcontinuinginvestingactivities,purchaseofplantpropertyandequipment,"Purchase of Property, Plant & Equipment",+,debit,usd,-2264000.0
Universal Electronics Inc,UEIC,549300ZW9EULAR7T6F89,0000101984,2012.0,Q3,2012-07-01,2012-09-30,,netcashfromcontinuinginvestingactivities,acquisitions,Acquisitions,+,debit,usd,-372000.0
Universal Electronics Inc,UEIC,549300ZW9EULAR7T6F89,0000101984,2012.0,Q3,2012-07-01,2012-09-30,,netcashfrominvestingactivities,netcashfromcontinuinginvestingactivities,Net Cash From Continuing Investing Activities,+,debit,usd,-2636000.0
Universal Electronics Inc,UEIC,549300ZW9EULAR7T6F89,0000101984,2012.0,Q3,2012-07-01,2012-09-30,,netchangeincash,netcashfrominvestingactivities,Net Cash From Investing Activities,+,debit,usd,-2636000.0
Universal Electronics Inc,UEIC,549300ZW9EULAR7T6F89,0000101984,2012.0,Q3,2012-07-01,2012-09-30,,netcashfromcontinuingfinancingactivities,repaymentofdebt,Repayment of Debt,+,debit,usd,-10200000.0
Universal Electronics Inc,UEIC,549300ZW9EULAR7T6F89,0000101984,2012.0,Q3,2012-07-01,2012-09-30,,netcashfromcontinuingfinancingactivities,repurchaseofcommonequity,Repurchase of Common Equity,+,debit,usd,-133000.0
Universal Electronics Inc,UEIC,549300ZW9EULAR7T6F89,0000101984,2012.0,Q3,2012-07-01,2012-09-30,,netcashfromcontinuingfinancingactivities,issuanceofdebt,Issuance of Debt,+,debit,usd,4000000.0
Universal Electronics Inc,UEIC,549300ZW9EULAR7T6F89,0000101984,2012.0,Q3,2012-07-01,2012-09-30,,netcashfromcontinuingfinancingactivities,otherfinancingactivitiesnet,"Other Financing Activities, net",+,debit,usd,58000.0
Universal Electronics Inc,UEIC,549300ZW9EULAR7T6F89,0000101984,2012.0,Q3,2012-07-01,2012-09-30,,netcashfromfinancingactivities,netcashfromcontinuingfinancingactivities,Net Cash From Continuing Financing Activities,+,debit,usd,-6275000.0
Universal Electronics Inc,UEIC,549300ZW9EULAR7T6F89,0000101984,2012.0,Q3,2012-07-01,2012-09-30,,netchangeincash,netcashfromfinancingactivities,Net Cash From Financing Activities,+,debit,usd,-6275000.0
Universal Electronics Inc,UEIC,549300ZW9EULAR7T6F89,0000101984,2012.0,Q3,2012-07-01,2012-09-30,,netchangeincash,effectofexchangeratechanges,Effect of Exchange Rate Changes,+,debit,usd,396000.0
Universal Electronics Inc,UEIC,549300ZW9EULAR7T6F89,0000101984,2012.0,Q3,2012-07-01,2012-09-30,,,netchangeincash,Net Change in Cash & Equivalents,=,debit,usd,10528000.0
Universal Electronics Inc,UEIC,549300ZW9EULAR7T6F89,0000101984,2012.0,Q3,2012-07-01,2012-09-30,,,cashinterestpaid,Cash Interest Paid,=,,usd,69000.0
Universal Electronics Inc,UEIC,549300ZW9EULAR7T6F89,0000101984,2012.0,Q3,2012-07-01,2012-09-30,,,cashincometaxespaid,Cash Income Taxes Paid,=,,usd,1140000.0
Universal Electronics Inc,UEIC,549300ZW9EULAR7T6F89,0000101984,2012.0,Q4,2012-10-01,2012-12-31,,netincomecontinuing,netincome,Consolidated Net Income / (Loss),+,credit,usd,2918000.0
Universal Electronics Inc,UEIC,549300ZW9EULAR7T6F89,0000101984,2012.0,Q4,2012-10-01,2012-12-31,,netcashfromcontinuingoperatingactivities,netincomecontinuing,Net Income / (Loss) Continuing Operations,+,credit,usd,2918000.0
Universal Electronics Inc,UEIC,549300ZW9EULAR7T6F89,0000101984,2012.0,Q4,2012-10-01,2012-12-31,,netcashfromcontinuingoperatingactivities,depreciationexpense,Depreciation Expense,+,debit,usd,4665000.0
Universal Electronics Inc,UEIC,549300ZW9EULAR7T6F89,0000101984,2012.0,Q4,2012-10-01,2012-12-31,,netcashfromcontinuingoperatingactivities,noncashadjustmentstonetincome,Non-Cash Adjustments To Reconcile Net Income,+,debit,usd,2119000.0
Universal Electronics Inc,UEIC,549300ZW9EULAR7T6F89,0000101984,2012.0,Q4,2012-10-01,2012-12-31,,netcashfromcontinuingoperatingactivities,increasedecreaseinoperatingcapital,"Changes in Operating Assets and Liabilities, net",+,debit,usd,6197000.0
Universal Electronics Inc,UEIC,549300ZW9EULAR7T6F89,0000101984,2012.0,Q4,2012-10-01,2012-12-31,,netcashfromoperatingactivities,netcashfromcontinuingoperatingactivities,Net Cash From Continuing Operating Activities,+,debit,usd,15899000.0
Universal Electronics Inc,UEIC,549300ZW9EULAR7T6F89,0000101984,2012.0,Q4,2012-10-01,2012-12-31,,netchangeincash,netcashfromoperatingactivities,Net Cash From Operating Activities,+,debit,usd,15899000.0
Universal Electronics Inc,UEIC,549300ZW9EULAR7T6F89,0000101984,2012.0,Q4,2012-10-01,2012-12-31,,netcashfromcontinuinginvestingactivities,purchaseofplantpropertyandequipment,"Purchase of Property, Plant & Equipment",+,debit,usd,-3938000.0
Universal Electronics Inc,UEIC,549300ZW9EULAR7T6F89,0000101984,2012.0,Q4,2012-10-01,2012-12-31,,netcashfromcontinuinginvestingactivities,acquisitions,Acquisitions,+,debit,usd,-338000.0
Universal Electronics Inc,UEIC,549300ZW9EULAR7T6F89,0000101984,2012.0,Q4,2012-10-01,2012-12-31,,netcashfrominvestingactivities,netcashfromcontinuinginvestingactivities,Net Cash From Continuing Investing Activities,+,debit,usd,-4276000.0
Universal Electronics Inc,UEIC,549300ZW9EULAR7T6F89,0000101984,2012.0,Q4,2012-10-01,2012-12-31,,netchangeincash,netcashfrominvestingactivities,Net Cash From Investing Activities,+,debit,usd,-4276000.0
Universal Electronics Inc,UEIC,549300ZW9EULAR7T6F89,0000101984,2012.0,Q4,2012-10-01,2012-12-31,,netcashfromcontinuingfinancingactivities,repaymentofdebt,Repayment of Debt,+,debit,usd,-25642000.0
Universal Electronics Inc,UEIC,549300ZW9EULAR7T6F89,0000101984,2012.0,Q4,2012-10-01,2012-12-31,,netcashfromcontinuingfinancingactivities,repurchaseofcommonequity,Repurchase of Common Equity,+,debit,usd,-2832000.0
Universal Electronics Inc,UEIC,549300ZW9EULAR7T6F89,0000101984,2012.0,Q4,2012-10-01,2012-12-31,,netcashfromcontinuingfinancingactivities,issuanceofdebt,Issuance of Debt,+,debit,usd,18800000.0
Universal Electronics Inc,UEIC,549300ZW9EULAR7T6F89,0000101984,2012.0,Q4,2012-10-01,2012-12-31,,netcashfromcontinuingfinancingactivities,otherfinancingactivitiesnet,"Other Financing Activities, net",+,debit,usd,841000.0
Universal Electronics Inc,UEIC,549300ZW9EULAR7T6F89,0000101984,2012.0,Q4,2012-10-01,2012-12-31,,netcashfromfinancingactivities,netcashfromcontinuingfinancingactivities,Net Cash From Continuing Financing Activities,+,debit,usd,-8833000.0
Universal Electronics Inc,UEIC,549300ZW9EULAR7T6F89,0000101984,2012.0,Q4,2012-10-01,2012-12-31,,netchangeincash,netcashfromfinancingactivities,Net Cash From Financing Activities,+,debit,usd,-8833000.0
Universal Electronics Inc,UEIC,549300ZW9EULAR7T6F89,0000101984,2012.0,Q4,2012-10-01,2012-12-31,,netchangeincash,effectofexchangeratechanges,Effect of Exchange Rate Changes,+,debit,usd,587000.0
Universal Electronics Inc,UEIC,549300ZW9EULAR7T6F89,0000101984,2012.0,Q4,2012-10-01,2012-12-31,,,netchangeincash,Net Change in Cash & Equivalents,=,debit,usd,3377000.0
Universal Electronics Inc,UEIC,549300ZW9EULAR7T6F89,0000101984,2012.0,Q4,2012-10-01,2012-12-31,,,cashinterestpaid,Cash Interest Paid,=,,usd,59000.0
Universal Electronics Inc,UEIC,549300ZW9EULAR7T6F89,0000101984,2012.0,Q4,2012-10-01,2012-12-31,,,cashincometaxespaid,Cash Income Taxes Paid,=,,usd,3951000.0
Universal Electronics Inc,UEIC,549300ZW9EULAR7T6F89,0000101984,2013.0,Q1,2013-01-01,2013-03-31,2014-05-05 19:28:38+00:00,netincomecontinuing,netincome,Consolidated Net Income / (Loss),+,credit,usd,2946000.0
Universal Electronics Inc,UEIC,549300ZW9EULAR7T6F89,0000101984,2013.0,Q1,2013-01-01,2013-03-31,2014-05-05 19:28:38+00:00,netcashfromcontinuingoperatingactivities,netincomecontinuing,Net Income / (Loss) Continuing Operations,+,credit,usd,2946000.0
Universal Electronics Inc,UEIC,549300ZW9EULAR7T6F89,0000101984,2013.0,Q1,2013-01-01,2013-03-31,2014-05-05 19:28:38+00:00,netcashfromcontinuingoperatingactivities,depreciationexpense,Depreciation Expense,+,debit,usd,4374000.0
Universal Electronics Inc,UEIC,549300ZW9EULAR7T6F89,0000101984,2013.0,Q1,2013-01-01,2013-03-31,2014-05-05 19:28:38+00:00,netcashfromcontinuingoperatingactivities,noncashadjustmentstonetincome,Non-Cash Adjustments To Reconcile Net Income,+,debit,usd,2078000.0
Universal Electronics Inc,UEIC,549300ZW9EULAR7T6F89,0000101984,2013.0,Q1,2013-01-01,2013-03-31,2014-05-05 19:28:38+00:00,netcashfromcontinuingoperatingactivities,increasedecreaseinoperatingcapital,"Changes in Operating Assets and Liabilities, net",+,debit,usd,-20695000.0
Universal Electronics Inc,UEIC,549300ZW9EULAR7T6F89,0000101984,2013.0,Q1,2013-01-01,2013-03-31,2014-05-05 19:28:38+00:00,netcashfromoperatingactivities,netcashfromcontinuingoperatingactivities,Net Cash From Continuing Operating Activities,+,debit,usd,-11297000.0
Universal Electronics Inc,UEIC,549300ZW9EULAR7T6F89,0000101984,2013.0,Q1,2013-01-01,2013-03-31,2014-05-05 19:28:38+00:00,netchangeincash,netcashfromoperatingactivities,Net Cash From Operating Activities,+,debit,usd,-11297000.0
Universal Electronics Inc,UEIC,549300ZW9EULAR7T6F89,0000101984,2013.0,Q1,2013-01-01,2013-03-31,2014-05-05 19:28:38+00:00,netcashfromcontinuinginvestingactivities,purchaseofplantpropertyandequipment,"Purchase of Property, Plant & Equipment",+,debit,usd,-3058000.0
Universal Electronics Inc,UEIC,549300ZW9EULAR7T6F89,0000101984,2013.0,Q1,2013-01-01,2013-03-31,2014-05-05 19:28:38+00:00,netcashfromcontinuinginvestingactivities,acquisitions,Acquisitions,+,debit,usd,-291000.0
Universal Electronics Inc,UEIC,549300ZW9EULAR7T6F89,0000101984,2013.0,Q1,2013-01-01,2013-03-31,2014-05-05 19:28:38+00:00,netcashfrominvestingactivities,netcashfromcontinuinginvestingactivities,Net Cash From Continuing Investing Activities,+,debit,usd,-3349000.0
Universal Electronics Inc,UEIC,549300ZW9EULAR7T6F89,0000101984,2013.0,Q1,2013-01-01,2013-03-31,2014-05-05 19:28:38+00:00,netchangeincash,netcashfrominvestingactivities,Net Cash From Investing Activities,+,debit,usd,-3349000.0
Universal Electronics Inc,UEIC,549300ZW9EULAR7T6F89,0000101984,2013.0,Q1,2013-01-01,2013-03-31,2014-05-05 19:28:38+00:00,netcashfromcontinuingfinancingactivities,repaymentofdebt,Repayment of Debt,+,debit,usd,-13500000.0
Universal Electronics Inc,UEIC,549300ZW9EULAR7T6F89,0000101984,2013.0,Q1,2013-01-01,2013-03-31,2014-05-05 19:28:38+00:00,netcashfromcontinuingfinancingactivities,repurchaseofcommonequity,Repurchase of Common Equity,+,debit,usd,-1558000.0
Universal Electronics Inc,UEIC,549300ZW9EULAR7T6F89,0000101984,2013.0,Q1,2013-01-01,2013-03-31,2014-05-05 19:28:38+00:00,netcashfromcontinuingfinancingactivities,issuanceofdebt,Issuance of Debt,+,debit,usd,13500000.0
Universal Electronics Inc,UEIC,549300ZW9EULAR7T6F89,0000101984,2013.0,Q1,2013-01-01,2013-03-31,2014-05-05 19:28:38+00:00,netcashfromcontinuingfinancingactivities,otherfinancingactivitiesnet,"Other Financing Activities, net",+,debit,usd,630000.0
Universal Electronics Inc,UEIC,549300ZW9EULAR7T6F89,0000101984,2013.0,Q1,2013-01-01,2013-03-31,2014-05-05 19:28:38+00:00,netcashfromfinancingactivities,netcashfromcontinuingfinancingactivities,Net Cash From Continuing Financing Activities,+,debit,usd,-928000.0
Universal Electronics Inc,UEIC,549300ZW9EULAR7T6F89,0000101984,2013.0,Q1,2013-01-01,2013-03-31,2014-05-05 19:28:38+00:00,netchangeincash,netcashfromfinancingactivities,Net Cash From Financing Activities,+,debit,usd,-928000.0
Universal Electronics Inc,UEIC,549300ZW9EULAR7T6F89,0000101984,2013.0,Q1,2013-01-01,2013-03-31,2014-05-05 19:28:38+00:00,netchangeincash,effectofexchangeratechanges,Effect of Exchange Rate Changes,+,debit,usd,-295000.0
Universal Electronics Inc,UEIC,549300ZW9EULAR7T6F89,0000101984,2013.0,Q1,2013-01-01,2013-03-31,2014-05-05 19:28:38+00:00,,netchangeincash,Net Change in Cash & Equivalents,=,debit,usd,-15869000.0
Universal Electronics Inc,UEIC,549300ZW9EULAR7T6F89,0000101984,2013.0,Q1,2013-01-01,2013-03-31,2014-05-05 19:28:38+00:00,,cashinterestpaid,Cash Interest Paid,=,,usd,22000.0
Universal Electronics Inc,UEIC,549300ZW9EULAR7T6F89,0000101984,2013.0,Q1,2013-01-01,2013-03-31,2014-05-05 19:28:38+00:00,,cashincometaxespaid,Cash Income Taxes Paid,=,,usd,1682000.0
Universal Electronics Inc,UEIC,549300ZW9EULAR7T6F89,0000101984,2013.0,Q2,2013-04-01,2013-06-30,,netincomecontinuing,netincome,Consolidated Net Income / (Loss),+,credit,usd,5841000.0
Universal Electronics Inc,UEIC,549300ZW9EULAR7T6F89,0000101984,2013.0,Q2,2013-04-01,2013-06-30,,netcashfromcontinuingoperatingactivities,netincomecontinuing,Net Income / (Loss) Continuing Operations,+,credit,usd,5841000.0
Universal Electronics Inc,UEIC,549300ZW9EULAR7T6F89,0000101984,2013.0,Q2,2013-04-01,2013-06-30,,netcashfromcontinuingoperatingactivities,depreciationexpense,Depreciation Expense,+,debit,usd,4414000.0
Universal Electronics Inc,UEIC,549300ZW9EULAR7T6F89,0000101984,2013.0,Q2,2013-04-01,2013-06-30,,netcashfromcontinuingoperatingactivities,noncashadjustmentstonetincome,Non-Cash Adjustments To Reconcile Net Income,+,debit,usd,2140000.0
Universal Electronics Inc,UEIC,549300ZW9EULAR7T6F89,0000101984,2013.0,Q2,2013-04-01,2013-06-30,,netcashfromcontinuingoperatingactivities,increasedecreaseinoperatingcapital,"Changes in Operating Assets and Liabilities, net",+,debit,usd,6848000.0
Universal Electronics Inc,UEIC,549300ZW9EULAR7T6F89,0000101984,2013.0,Q2,2013-04-01,2013-06-30,,netcashfromoperatingactivities,netcashfromcontinuingoperatingactivities,Net Cash From Continuing Operating Activities,+,debit,usd,19243000.0
Universal Electronics Inc,UEIC,549300ZW9EULAR7T6F89,0000101984,2013.0,Q2,2013-04-01,2013-06-30,,netchangeincash,netcashfromoperatingactivities,Net Cash From Operating Activities,+,debit,usd,19243000.0
Universal Electronics Inc,UEIC,549300ZW9EULAR7T6F89,0000101984,2013.0,Q2,2013-04-01,2013-06-30,,netcashfromcontinuinginvestingactivities,purchaseofplantpropertyandequipment,"Purchase of Property, Plant & Equipment",+,debit,usd,-1597000.0
Universal Electronics Inc,UEIC,549300ZW9EULAR7T6F89,0000101984,2013.0,Q2,2013-04-01,2013-06-30,,netcashfromcontinuinginvestingactivities,acquisitions,Acquisitions,+,debit,usd,-363000.0
Universal Electronics Inc,UEIC,549300ZW9EULAR7T6F89,0000101984,2013.0,Q2,2013-04-01,2013-06-30,,netcashfrominvestingactivities,netcashfromcontinuinginvestingactivities,Net Cash From Continuing Investing Activities,+,debit,usd,-1960000.0
Universal Electronics Inc,UEIC,549300ZW9EULAR7T6F89,0000101984,2013.0,Q2,2013-04-01,2013-06-30,,netchangeincash,netcashfrominvestingactivities,Net Cash From Investing Activities,+,debit,usd,-1960000.0
Universal Electronics Inc,UEIC,549300ZW9EULAR7T6F89,0000101984,2013.0,Q2,2013-04-01,2013-06-30,,netcashfromcontinuingfinancingactivities,repaymentofdebt,Repayment of Debt,+,debit,usd,-6000000.0
Universal Electronics Inc,UEIC,549300ZW9EULAR7T6F89,0000101984,2013.0,Q2,2013-04-01,2013-06-30,,netcashfromcontinuingfinancingactivities,repurchaseofcommonequity,Repurchase of Common Equity,+,debit,usd,-877000.0
Universal Electronics Inc,UEIC,549300ZW9EULAR7T6F89,0000101984,2013.0,Q2,2013-04-01,2013-06-30,,netcashfromcontinuingfinancingactivities,issuanceofdebt,Issuance of Debt,+,debit,usd,6000000.0
Universal Electronics Inc,UEIC,549300ZW9EULAR7T6F89,0000101984,2013.0,Q2,2013-04-01,2013-06-30,,netcashfromcontinuingfinancingactivities,otherfinancingactivitiesnet,"Other Financing Activities, net",+,debit,usd,3682000.0
Universal Electronics Inc,UEIC,549300ZW9EULAR7T6F89,0000101984,2013.0,Q2,2013-04-01,2013-06-30,,netcashfromfinancingactivities,netcashfromcontinuingfinancingactivities,Net Cash From Continuing Financing Activities,+,debit,usd,2805000.0
Universal Electronics Inc,UEIC,549300ZW9EULAR7T6F89,0000101984,2013.0,Q2,2013-04-01,2013-06-30,,netchangeincash,netcashfromfinancingactivities,Net Cash From Financing Activities,+,debit,usd,2805000.0
Universal Electronics Inc,UEIC,549300ZW9EULAR7T6F89,0000101984,2013.0,Q2,2013-04-01,2013-06-30,,netchangeincash,effectofexchangeratechanges,Effect of Exchange Rate Changes,+,debit,usd,933000.0
Universal Electronics Inc,UEIC,549300ZW9EULAR7T6F89,0000101984,2013.0,Q2,2013-04-01,2013-06-30,,,netchangeincash,Net Change in Cash & Equivalents,=,debit,usd,21021000.0
Universal Electronics Inc,UEIC,549300ZW9EULAR7T6F89,0000101984,2013.0,Q2,2013-04-01,2013-06-30,,,cashinterestpaid,Cash Interest Paid,=,,usd,21000.0
Universal Electronics Inc,UEIC,549300ZW9EULAR7T6F89,0000101984,2013.0,Q2,2013-04-01,2013-06-30,,,cashincometaxespaid,Cash Income Taxes Paid,=,,usd,738000.0
Universal Electronics Inc,UEIC,549300ZW9EULAR7T6F89,0000101984,2013.0,Q3,2013-07-01,2013-09-30,,netincomecontinuing,netincome,Consolidated Net Income / (Loss),+,credit,usd,8623000.0
Universal Electronics Inc,UEIC,549300ZW9EULAR7T6F89,0000101984,2013.0,Q3,2013-07-01,2013-09-30,,netcashfromcontinuingoperatingactivities,netincomecontinuing,Net Income / (Loss) Continuing Operations,+,credit,usd,8623000.0
Universal Electronics Inc,UEIC,549300ZW9EULAR7T6F89,0000101984,2013.0,Q3,2013-07-01,2013-09-30,,netcashfromcontinuingoperatingactivities,depreciationexpense,Depreciation Expense,+,debit,usd,4599000.0
Universal Electronics Inc,UEIC,549300ZW9EULAR7T6F89,0000101984,2013.0,Q3,2013-07-01,2013-09-30,,netcashfromcontinuingoperatingactivities,noncashadjustmentstonetincome,Non-Cash Adjustments To Reconcile Net Income,+,debit,usd,2487000.0
Universal Electronics Inc,UEIC,549300ZW9EULAR7T6F89,0000101984,2013.0,Q3,2013-07-01,2013-09-30,,netcashfromcontinuingoperatingactivities,increasedecreaseinoperatingcapital,"Changes in Operating Assets and Liabilities, net",+,debit,usd,-22853000.0
Universal Electronics Inc,UEIC,549300ZW9EULAR7T6F89,0000101984,2013.0,Q3,2013-07-01,2013-09-30,,netcashfromoperatingactivities,netcashfromcontinuingoperatingactivities,Net Cash From Continuing Operating Activities,+,debit,usd,-7144000.0
Universal Electronics Inc,UEIC,549300ZW9EULAR7T6F89,0000101984,2013.0,Q3,2013-07-01,2013-09-30,,netchangeincash,netcashfromoperatingactivities,Net Cash From Operating Activities,+,debit,usd,-7144000.0
Universal Electronics Inc,UEIC,549300ZW9EULAR7T6F89,0000101984,2013.0,Q3,2013-07-01,2013-09-30,,netcashfromcontinuinginvestingactivities,purchaseofplantpropertyandequipment,"Purchase of Property, Plant & Equipment",+,debit,usd,-3323000.0
Universal Electronics Inc,UEIC,549300ZW9EULAR7T6F89,0000101984,2013.0,Q3,2013-07-01,2013-09-30,,netcashfromcontinuinginvestingactivities,acquisitions,Acquisitions,+,debit,usd,-324000.0
Universal Electronics Inc,UEIC,549300ZW9EULAR7T6F89,0000101984,2013.0,Q3,2013-07-01,2013-09-30,,netcashfrominvestingactivities,netcashfromcontinuinginvestingactivities,Net Cash From Continuing Investing Activities,+,debit,usd,-3647000.0
Universal Electronics Inc,UEIC,549300ZW9EULAR7T6F89,0000101984,2013.0,Q3,2013-07-01,2013-09-30,,netchangeincash,netcashfrominvestingactivities,Net Cash From Investing Activities,+,debit,usd,-3647000.0
Universal Electronics Inc,UEIC,549300ZW9EULAR7T6F89,0000101984,2013.0,Q3,2013-07-01,2013-09-30,,netcashfromcontinuingfinancingactivities,repurchaseofcommonequity,Repurchase of Common Equity,+,debit,usd,-718000.0
Universal Electronics Inc,UEIC,549300ZW9EULAR7T6F89,0000101984,2013.0,Q3,2013-07-01,2013-09-30,,netcashfromcontinuingfinancingactivities,otherfinancingactivitiesnet,"Other Financing Activities, net",+,debit,usd,5186000.0
Universal Electronics Inc,UEIC,549300ZW9EULAR7T6F89,0000101984,2013.0,Q3,2013-07-01,2013-09-30,,netcashfromfinancingactivities,netcashfromcontinuingfinancingactivities,Net Cash From Continuing Financing Activities,+,debit,usd,4468000.0
Universal Electronics Inc,UEIC,549300ZW9EULAR7T6F89,0000101984,2013.0,Q3,2013-07-01,2013-09-30,,netchangeincash,netcashfromfinancingactivities,Net Cash From Financing Activities,+,debit,usd,4468000.0
Universal Electronics Inc,UEIC,549300ZW9EULAR7T6F89,0000101984,2013.0,Q3,2013-07-01,2013-09-30,,netchangeincash,effectofexchangeratechanges,Effect of Exchange Rate Changes,+,debit,usd,1180000.0
Universal Electronics Inc,UEIC,549300ZW9EULAR7T6F89,0000101984,2013.0,Q3,2013-07-01,2013-09-30,,,netchangeincash,Net Change in Cash & Equivalents,=,debit,usd,-5143000.0
Universal Electronics Inc,UEIC,549300ZW9EULAR7T6F89,0000101984,2013.0,Q3,2013-07-01,2013-09-30,,,cashinterestpaid,Cash Interest Paid,=,,usd,1000.0
Universal Electronics Inc,UEIC,549300ZW9EULAR7T6F89,0000101984,2013.0,Q3,2013-07-01,2013-09-30,,,cashincometaxespaid,Cash Income Taxes Paid,=,,usd,899000.0
Universal Electronics Inc,UEIC,549300ZW9EULAR7T6F89,0000101984,2013.0,Q4,2013-10-01,2013-12-31,,netincomecontinuing,netincome,Consolidated Net Income / (Loss),+,credit,usd,5553000.0
Universal Electronics Inc,UEIC,549300ZW9EULAR7T6F89,0000101984,2013.0,Q4,2013-10-01,2013-12-31,,netcashfromcontinuingoperatingactivities,netincomecontinuing,Net Income / (Loss) Continuing Operations,+,credit,usd,5553000.0
Universal Electronics Inc,UEIC,549300ZW9EULAR7T6F89,0000101984,2013.0,Q4,2013-10-01,2013-12-31,,netcashfromcontinuingoperatingactivities,depreciationexpense,Depreciation Expense,+,debit,usd,4976000.0
Universal Electronics Inc,UEIC,549300ZW9EULAR7T6F89,0000101984,2013.0,Q4,2013-10-01,2013-12-31,,netcashfromcontinuingoperatingactivities,noncashadjustmentstonetincome,Non-Cash Adjustments To Reconcile Net Income,+,debit,usd,2854000.0
Universal Electronics Inc,UEIC,549300ZW9EULAR7T6F89,0000101984,2013.0,Q4,2013-10-01,2013-12-31,,netcashfromcontinuingoperatingactivities,increasedecreaseinoperatingcapital,"Changes in Operating Assets and Liabilities, net",+,debit,usd,16509000.0
Universal Electronics Inc,UEIC,549300ZW9EULAR7T6F89,0000101984,2013.0,Q4,2013-10-01,2013-12-31,,netcashfromoperatingactivities,netcashfromcontinuingoperatingactivities,Net Cash From Continuing Operating Activities,+,debit,usd,29892000.0
Universal Electronics Inc,UEIC,549300ZW9EULAR7T6F89,0000101984,2013.0,Q4,2013-10-01,2013-12-31,,netchangeincash,netcashfromoperatingactivities,Net Cash From Operating Activities,+,debit,usd,29892000.0
Universal Electronics Inc,UEIC,549300ZW9EULAR7T6F89,0000101984,2013.0,Q4,2013-10-01,2013-12-31,,netcashfromcontinuinginvestingactivities,purchaseofplantpropertyandequipment,"Purchase of Property, Plant & Equipment",+,debit,usd,-2377000.0
Universal Electronics Inc,UEIC,549300ZW9EULAR7T6F89,0000101984,2013.0,Q4,2013-10-01,2013-12-31,,netcashfromcontinuinginvestingactivities,acquisitions,Acquisitions,+,debit,usd,-341000.0
Universal Electronics Inc,UEIC,549300ZW9EULAR7T6F89,0000101984,2013.0,Q4,2013-10-01,2013-12-31,,netcashfrominvestingactivities,netcashfromcontinuinginvestingactivities,Net Cash From Continuing Investing Activities,+,debit,usd,-2718000.0
Universal Electronics Inc,UEIC,549300ZW9EULAR7T6F89,0000101984,2013.0,Q4,2013-10-01,2013-12-31,,netchangeincash,netcashfrominvestingactivities,Net Cash From Investing Activities,+,debit,usd,-2718000.0
Universal Electronics Inc,UEIC,549300ZW9EULAR7T6F89,0000101984,2013.0,Q4,2013-10-01,2013-12-31,,netcashfromcontinuingfinancingactivities,repurchaseofcommonequity,Repurchase of Common Equity,+,debit,usd,-454000.0
Universal Electronics Inc,UEIC,549300ZW9EULAR7T6F89,0000101984,2013.0,Q4,2013-10-01,2013-12-31,,netcashfromcontinuingfinancingactivities,otherfinancingactivitiesnet,"Other Financing Activities, net",+,debit,usd,4147000.0
Universal Electronics Inc,UEIC,549300ZW9EULAR7T6F89,0000101984,2013.0,Q4,2013-10-01,2013-12-31,,netcashfromfinancingactivities,netcashfromcontinuingfinancingactivities,Net Cash From Continuing Financing Activities,+,debit,usd,3693000.0
Universal Electronics Inc,UEIC,549300ZW9EULAR7T6F89,0000101984,2013.0,Q4,2013-10-01,2013-12-31,,netchangeincash,netcashfromfinancingactivities,Net Cash From Financing Activities,+,debit,usd,3693000.0
Universal Electronics Inc,UEIC,549300ZW9EULAR7T6F89,0000101984,2013.0,Q4,2013-10-01,2013-12-31,,netchangeincash,effectofexchangeratechanges,Effect of Exchange Rate Changes,+,debit,usd,705000.0
Universal Electronics Inc,UEIC,549300ZW9EULAR7T6F89,0000101984,2013.0,Q4,2013-10-01,2013-12-31,,,netchangeincash,Net Change in Cash & Equivalents,=,debit,usd,31572000.0
Universal Electronics Inc,UEIC,549300ZW9EULAR7T6F89,0000101984,2013.0,Q4,2013-10-01,2013-12-31,,,cashincometaxespaid,Cash Income Taxes Paid,=,,usd,2749000.0
Universal Electronics Inc,UEIC,549300ZW9EULAR7T6F89,0000101984,2014.0,Q1,2014-01-01,2014-03-31,2015-05-08 16:07:09+00:00,netincomecontinuing,netincome,Consolidated Net Income / (Loss),+,credit,usd,4273000.0
Universal Electronics Inc,UEIC,549300ZW9EULAR7T6F89,0000101984,2014.0,Q1,2014-01-01,2014-03-31,2015-05-08 16:07:09+00:00,netcashfromcontinuingoperatingactivities,netincomecontinuing,Net Income / (Loss) Continuing Operations,+,credit,usd,4273000.0
Universal Electronics Inc,UEIC,549300ZW9EULAR7T6F89,0000101984,2014.0,Q1,2014-01-01,2014-03-31,2015-05-08 16:07:09+00:00,netcashfromcontinuingoperatingactivities,depreciationexpense,Depreciation Expense,+,debit,usd,4260000.0
Universal Electronics Inc,UEIC,549300ZW9EULAR7T6F89,0000101984,2014.0,Q1,2014-01-01,2014-03-31,2015-05-08 16:07:09+00:00,netcashfromcontinuingoperatingactivities,noncashadjustmentstonetincome,Non-Cash Adjustments To Reconcile Net Income,+,debit,usd,2690000.0
Universal Electronics Inc,UEIC,549300ZW9EULAR7T6F89,0000101984,2014.0,Q1,2014-01-01,2014-03-31,2015-05-08 16:07:09+00:00,netcashfromcontinuingoperatingactivities,increasedecreaseinoperatingcapital,"Changes in Operating Assets and Liabilities, net",+,debit,usd,2683000.0
Universal Electronics Inc,UEIC,549300ZW9EULAR7T6F89,0000101984,2014.0,Q1,2014-01-01,2014-03-31,2015-05-08 16:07:09+00:00,netcashfromoperatingactivities,netcashfromcontinuingoperatingactivities,Net Cash From Continuing Operating Activities,+,debit,usd,13906000.0
Universal Electronics Inc,UEIC,549300ZW9EULAR7T6F89,0000101984,2014.0,Q1,2014-01-01,2014-03-31,2015-05-08 16:07:09+00:00,netchangeincash,netcashfromoperatingactivities,Net Cash From Operating Activities,+,debit,usd,13906000.0
Universal Electronics Inc,UEIC,549300ZW9EULAR7T6F89,0000101984,2014.0,Q1,2014-01-01,2014-03-31,2015-05-08 16:07:09+00:00,netcashfromcontinuinginvestingactivities,purchaseofplantpropertyandequipment,"Purchase of Property, Plant & Equipment",+,debit,usd,-2396000.0
Universal Electronics Inc,UEIC,549300ZW9EULAR7T6F89,0000101984,2014.0,Q1,2014-01-01,2014-03-31,2015-05-08 16:07:09+00:00,netcashfromcontinuinginvestingactivities,acquisitions,Acquisitions,+,debit,usd,-204000.0
Universal Electronics Inc,UEIC,549300ZW9EULAR7T6F89,0000101984,2014.0,Q1,2014-01-01,2014-03-31,2015-05-08 16:07:09+00:00,netcashfrominvestingactivities,netcashfromcontinuinginvestingactivities,Net Cash From Continuing Investing Activities,+,debit,usd,-2600000.0
Universal Electronics Inc,UEIC,549300ZW9EULAR7T6F89,0000101984,2014.0,Q1,2014-01-01,2014-03-31,2015-05-08 16:07:09+00:00,netchangeincash,netcashfrominvestingactivities,Net Cash From Investing Activities,+,debit,usd,-2600000.0
Universal Electronics Inc,UEIC,549300ZW9EULAR7T6F89,0000101984,2014.0,Q1,2014-01-01,2014-03-31,2015-05-08 16:07:09+00:00,netcashfromcontinuingfinancingactivities,repurchaseofcommonequity,Repurchase of Common Equity,+,debit,usd,-405000.0
Universal Electronics Inc,UEIC,549300ZW9EULAR7T6F89,0000101984,2014.0,Q1,2014-01-01,2014-03-31,2015-05-08 16:07:09+00:00,netcashfromcontinuingfinancingactivities,otherfinancingactivitiesnet,"Other Financing Activities, net",+,debit,usd,3995000.0
Universal Electronics Inc,UEIC,549300ZW9EULAR7T6F89,0000101984,2014.0,Q1,2014-01-01,2014-03-31,2015-05-08 16:07:09+00:00,netcashfromfinancingactivities,netcashfromcontinuingfinancingactivities,Net Cash From Continuing Financing Activities,+,debit,usd,3590000.0
Universal Electronics Inc,UEIC,549300ZW9EULAR7T6F89,0000101984,2014.0,Q1,2014-01-01,2014-03-31,2015-05-08 16:07:09+00:00,netchangeincash,netcashfromfinancingactivities,Net Cash From Financing Activities,+,debit,usd,3590000.0
Universal Electronics Inc,UEIC,549300ZW9EULAR7T6F89,0000101984,2014.0,Q1,2014-01-01,2014-03-31,2015-05-08 16:07:09+00:00,netchangeincash,effectofexchangeratechanges,Effect of Exchange Rate Changes,+,debit,usd,-670000.0
Universal Electronics Inc,UEIC,549300ZW9EULAR7T6F89,0000101984,2014.0,Q1,2014-01-01,2014-03-31,2015-05-08 16:07:09+00:00,,netchangeincash,Net Change in Cash & Equivalents,=,debit,usd,14226000.0
Universal Electronics Inc,UEIC,549300ZW9EULAR7T6F89,0000101984,2014.0,Q1,2014-01-01,2014-03-31,2015-05-08 16:07:09+00:00,,cashincometaxespaid,Cash Income Taxes Paid,=,,usd,1601000.0
Universal Electronics Inc,UEIC,549300ZW9EULAR7T6F89,0000101984,2014.0,Q2,2014-04-01,2014-06-30,,netincomecontinuing,netincome,Consolidated Net Income / (Loss),+,credit,usd,8488000.0
Universal Electronics Inc,UEIC,549300ZW9EULAR7T6F89,0000101984,2014.0,Q2,2014-04-01,2014-06-30,,netcashfromcontinuingoperatingactivities,netincomecontinuing,Net Income / (Loss) Continuing Operations,+,credit,usd,8488000.0
Universal Electronics Inc,UEIC,549300ZW9EULAR7T6F89,0000101984,2014.0,Q2,2014-04-01,2014-06-30,,netcashfromcontinuingoperatingactivities,depreciationexpense,Depreciation Expense,+,debit,usd,4589000.0
Universal Electronics Inc,UEIC,549300ZW9EULAR7T6F89,0000101984,2014.0,Q2,2014-04-01,2014-06-30,,netcashfromcontinuingoperatingactivities,noncashadjustmentstonetincome,Non-Cash Adjustments To Reconcile Net Income,+,debit,usd,2729000.0
Universal Electronics Inc,UEIC,549300ZW9EULAR7T6F89,0000101984,2014.0,Q2,2014-04-01,2014-06-30,,netcashfromcontinuingoperatingactivities,increasedecreaseinoperatingcapital,"Changes in Operating Assets and Liabilities, net",+,debit,usd,-921000.0
Universal Electronics Inc,UEIC,549300ZW9EULAR7T6F89,0000101984,2014.0,Q2,2014-04-01,2014-06-30,,netcashfromoperatingactivities,netcashfromcontinuingoperatingactivities,Net Cash From Continuing Operating Activities,+,debit,usd,14885000.0
Universal Electronics Inc,UEIC,549300ZW9EULAR7T6F89,0000101984,2014.0,Q2,2014-04-01,2014-06-30,,netchangeincash,netcashfromoperatingactivities,Net Cash From Operating Activities,+,debit,usd,14885000.0
Universal Electronics Inc,UEIC,549300ZW9EULAR7T6F89,0000101984,2014.0,Q2,2014-04-01,2014-06-30,,netcashfromcontinuinginvestingactivities,purchaseofplantpropertyandequipment,"Purchase of Property, Plant & Equipment",+,debit,usd,-5318000.0
Universal Electronics Inc,UEIC,549300ZW9EULAR7T6F89,0000101984,2014.0,Q2,2014-04-01,2014-06-30,,netcashfromcontinuinginvestingactivities,acquisitions,Acquisitions,+,debit,usd,-459000.0
Universal Electronics Inc,UEIC,549300ZW9EULAR7T6F89,0000101984,2014.0,Q2,2014-04-01,2014-06-30,,netcashfrominvestingactivities,netcashfromcontinuinginvestingactivities,Net Cash From Continuing Investing Activities,+,debit,usd,-5777000.0
Universal Electronics Inc,UEIC,549300ZW9EULAR7T6F89,0000101984,2014.0,Q2,2014-04-01,2014-06-30,,netchangeincash,netcashfrominvestingactivities,Net Cash From Investing Activities,+,debit,usd,-5777000.0
Universal Electronics Inc,UEIC,549300ZW9EULAR7T6F89,0000101984,2014.0,Q2,2014-04-01,2014-06-30,,netcashfromcontinuingfinancingactivities,repurchaseofcommonequity,Repurchase of Common Equity,+,debit,usd,-13870000.0
Universal Electronics Inc,UEIC,549300ZW9EULAR7T6F89,0000101984,2014.0,Q2,2014-04-01,2014-06-30,,netcashfromcontinuingfinancingactivities,otherfinancingactivitiesnet,"Other Financing Activities, net",+,debit,usd,1812000.0
Universal Electronics Inc,UEIC,549300ZW9EULAR7T6F89,0000101984,2014.0,Q2,2014-04-01,2014-06-30,,netcashfromfinancingactivities,netcashfromcontinuingfinancingactivities,Net Cash From Continuing Financing Activities,+,debit,usd,-12058000.0
Universal Electronics Inc,UEIC,549300ZW9EULAR7T6F89,0000101984,2014.0,Q2,2014-04-01,2014-06-30,,netchangeincash,netcashfromfinancingactivities,Net Cash From Financing Activities,+,debit,usd,-12058000.0
Universal Electronics Inc,UEIC,549300ZW9EULAR7T6F89,0000101984,2014.0,Q2,2014-04-01,2014-06-30,,netchangeincash,effectofexchangeratechanges,Effect of Exchange Rate Changes,+,debit,usd,192000.0
Universal Electronics Inc,UEIC,549300ZW9EULAR7T6F89,0000101984,2014.0,Q2,2014-04-01,2014-06-30,,,netchangeincash,Net Change in Cash & Equivalents,=,debit,usd,-2758000.0
Universal Electronics Inc,UEIC,549300ZW9EULAR7T6F89,0000101984,2014.0,Q2,2014-04-01,2014-06-30,,,cashincometaxespaid,Cash Income Taxes Paid,=,,usd,1581000.0
Universal Electronics Inc,UEIC,549300ZW9EULAR7T6F89,0000101984,2014.0,Q3,2014-07-01,2014-09-30,,netincomecontinuing,netincome,Consolidated Net Income / (Loss),+,credit,usd,10871000.0
Universal Electronics Inc,UEIC,549300ZW9EULAR7T6F89,0000101984,2014.0,Q3,2014-07-01,2014-09-30,,netcashfromcontinuingoperatingactivities,netincomecontinuing,Net Income / (Loss) Continuing Operations,+,credit,usd,10871000.0
Universal Electronics Inc,UEIC,549300ZW9EULAR7T6F89,0000101984,2014.0,Q3,2014-07-01,2014-09-30,,netcashfromcontinuingoperatingactivities,depreciationexpense,Depreciation Expense,+,debit,usd,4596000.0
Universal Electronics Inc,UEIC,549300ZW9EULAR7T6F89,0000101984,2014.0,Q3,2014-07-01,2014-09-30,,netcashfromcontinuingoperatingactivities,noncashadjustmentstonetincome,Non-Cash Adjustments To Reconcile Net Income,+,debit,usd,2533000.0
Universal Electronics Inc,UEIC,549300ZW9EULAR7T6F89,0000101984,2014.0,Q3,2014-07-01,2014-09-30,,netcashfromcontinuingoperatingactivities,increasedecreaseinoperatingcapital,"Changes in Operating Assets and Liabilities, net",+,debit,usd,-3444000.0
Universal Electronics Inc,UEIC,549300ZW9EULAR7T6F89,0000101984,2014.0,Q3,2014-07-01,2014-09-30,,netcashfromoperatingactivities,netcashfromcontinuingoperatingactivities,Net Cash From Continuing Operating Activities,+,debit,usd,14556000.0
Universal Electronics Inc,UEIC,549300ZW9EULAR7T6F89,0000101984,2014.0,Q3,2014-07-01,2014-09-30,,netchangeincash,netcashfromoperatingactivities,Net Cash From Operating Activities,+,debit,usd,14556000.0
Universal Electronics Inc,UEIC,549300ZW9EULAR7T6F89,0000101984,2014.0,Q3,2014-07-01,2014-09-30,,netcashfromcontinuinginvestingactivities,purchaseofplantpropertyandequipment,"Purchase of Property, Plant & Equipment",+,debit,usd,-4766000.0
Universal Electronics Inc,UEIC,549300ZW9EULAR7T6F89,0000101984,2014.0,Q3,2014-07-01,2014-09-30,,netcashfromcontinuinginvestingactivities,acquisitions,Acquisitions,+,debit,usd,-711000.0
Universal Electronics Inc,UEIC,549300ZW9EULAR7T6F89,0000101984,2014.0,Q3,2014-07-01,2014-09-30,,netcashfrominvestingactivities,netcashfromcontinuinginvestingactivities,Net Cash From Continuing Investing Activities,+,debit,usd,-5477000.0
Universal Electronics Inc,UEIC,549300ZW9EULAR7T6F89,0000101984,2014.0,Q3,2014-07-01,2014-09-30,,netchangeincash,netcashfrominvestingactivities,Net Cash From Investing Activities,+,debit,usd,-5477000.0
Universal Electronics Inc,UEIC,549300ZW9EULAR7T6F89,0000101984,2014.0,Q3,2014-07-01,2014-09-30,,netcashfromcontinuingfinancingactivities,repurchaseofcommonequity,Repurchase of Common Equity,+,debit,usd,-909000.0
Universal Electronics Inc,UEIC,549300ZW9EULAR7T6F89,0000101984,2014.0,Q3,2014-07-01,2014-09-30,,netcashfromcontinuingfinancingactivities,otherfinancingactivitiesnet,"Other Financing Activities, net",+,debit,usd,2717000.0
Universal Electronics Inc,UEIC,549300ZW9EULAR7T6F89,0000101984,2014.0,Q3,2014-07-01,2014-09-30,,netcashfromfinancingactivities,netcashfromcontinuingfinancingactivities,Net Cash From Continuing Financing Activities,+,debit,usd,1808000.0
Universal Electronics Inc,UEIC,549300ZW9EULAR7T6F89,0000101984,2014.0,Q3,2014-07-01,2014-09-30,,netchangeincash,netcashfromfinancingactivities,Net Cash From Financing Activities,+,debit,usd,1808000.0
Universal Electronics Inc,UEIC,549300ZW9EULAR7T6F89,0000101984,2014.0,Q3,2014-07-01,2014-09-30,,netchangeincash,effectofexchangeratechanges,Effect of Exchange Rate Changes,+,debit,usd,435000.0
Universal Electronics Inc,UEIC,549300ZW9EULAR7T6F89,0000101984,2014.0,Q3,2014-07-01,2014-09-30,,,netchangeincash,Net Change in Cash & Equivalents,=,debit,usd,11322000.0
Universal Electronics Inc,UEIC,549300ZW9EULAR7T6F89,0000101984,2014.0,Q3,2014-07-01,2014-09-30,,,cashincometaxespaid,Cash Income Taxes Paid,=,,usd,909000.0
Universal Electronics Inc,UEIC,549300ZW9EULAR7T6F89,0000101984,2014.0,Q4,2014-10-01,2014-12-31,,netincomecontinuing,netincome,Consolidated Net Income / (Loss),+,credit,usd,8902000.0
Universal Electronics Inc,UEIC,549300ZW9EULAR7T6F89,0000101984,2014.0,Q4,2014-10-01,2014-12-31,,netcashfromcontinuingoperatingactivities,netincomecontinuing,Net Income / (Loss) Continuing Operations,+,credit,usd,8902000.0
Universal Electronics Inc,UEIC,549300ZW9EULAR7T6F89,0000101984,2014.0,Q4,2014-10-01,2014-12-31,,netcashfromcontinuingoperatingactivities,depreciationexpense,Depreciation Expense,+,debit,usd,4799000.0
Universal Electronics Inc,UEIC,549300ZW9EULAR7T6F89,0000101984,2014.0,Q4,2014-10-01,2014-12-31,,netcashfromcontinuingoperatingactivities,noncashadjustmentstonetincome,Non-Cash Adjustments To Reconcile Net Income,+,debit,usd,3061000.0
Universal Electronics Inc,UEIC,549300ZW9EULAR7T6F89,0000101984,2014.0,Q4,2014-10-01,2014-12-31,,netcashfromcontinuingoperatingactivities,increasedecreaseinoperatingcapital,"Changes in Operating Assets and Liabilities, net",+,debit,usd,3364000.0
Universal Electronics Inc,UEIC,549300ZW9EULAR7T6F89,0000101984,2014.0,Q4,2014-10-01,2014-12-31,,netcashfromoperatingactivities,netcashfromcontinuingoperatingactivities,Net Cash From Continuing Operating Activities,+,debit,usd,20126000.0
Universal Electronics Inc,UEIC,549300ZW9EULAR7T6F89,0000101984,2014.0,Q4,2014-10-01,2014-12-31,,netchangeincash,netcashfromoperatingactivities,Net Cash From Operating Activities,+,debit,usd,20126000.0
Universal Electronics Inc,UEIC,549300ZW9EULAR7T6F89,0000101984,2014.0,Q4,2014-10-01,2014-12-31,,netcashfromcontinuinginvestingactivities,purchaseofplantpropertyandequipment,"Purchase of Property, Plant & Equipment",+,debit,usd,-4086000.0
Universal Electronics Inc,UEIC,549300ZW9EULAR7T6F89,0000101984,2014.0,Q4,2014-10-01,2014-12-31,,netcashfromcontinuinginvestingactivities,acquisitions,Acquisitions,+,debit,usd,-479000.0
Universal Electronics Inc,UEIC,549300ZW9EULAR7T6F89,0000101984,2014.0,Q4,2014-10-01,2014-12-31,,netcashfrominvestingactivities,netcashfromcontinuinginvestingactivities,Net Cash From Continuing Investing Activities,+,debit,usd,-4565000.0
Universal Electronics Inc,UEIC,549300ZW9EULAR7T6F89,0000101984,2014.0,Q4,2014-10-01,2014-12-31,,netchangeincash,netcashfrominvestingactivities,Net Cash From Investing Activities,+,debit,usd,-4565000.0
Universal Electronics Inc,UEIC,549300ZW9EULAR7T6F89,0000101984,2014.0,Q4,2014-10-01,2014-12-31,,netcashfromcontinuingfinancingactivities,repurchaseofcommonequity,Repurchase of Common Equity,+,debit,usd,0.0
Universal Electronics Inc,UEIC,549300ZW9EULAR7T6F89,0000101984,2014.0,Q4,2014-10-01,2014-12-31,,netcashfromcontinuingfinancingactivities,otherfinancingactivitiesnet,"Other Financing Activities, net",+,debit,usd,0.0
Universal Electronics Inc,UEIC,549300ZW9EULAR7T6F89,0000101984,2014.0,Q4,2014-10-01,2014-12-31,,netchangeincash,netcashfromfinancingactivities,Net Cash From Financing Activities,+,debit,usd,-1386000.0
Universal Electronics Inc,UEIC,549300ZW9EULAR7T6F89,0000101984,2014.0,Q4,2014-10-01,2014-12-31,,netchangeincash,effectofexchangeratechanges,Effect of Exchange Rate Changes,+,debit,usd,-618000.0
Universal Electronics Inc,UEIC,549300ZW9EULAR7T6F89,0000101984,2014.0,Q4,2014-10-01,2014-12-31,,,netchangeincash,Net Change in Cash & Equivalents,=,debit,usd,13557000.0
Universal Electronics Inc,UEIC,549300ZW9EULAR7T6F89,0000101984,2014.0,Q4,2014-10-01,2014-12-31,,,cashincometaxespaid,Cash Income Taxes Paid,=,,usd,3087000.0
Universal Electronics Inc,UEIC,549300ZW9EULAR7T6F89,0000101984,2015.0,Q1,2015-01-01,2015-03-31,2016-05-09 18:50:05+00:00,netincomecontinuing,netincome,Consolidated Net Income / (Loss),+,credit,usd,5189000.0
Universal Electronics Inc,UEIC,549300ZW9EULAR7T6F89,0000101984,2015.0,Q1,2015-01-01,2015-03-31,2016-05-09 18:50:05+00:00,netcashfromcontinuingoperatingactivities,netincomecontinuing,Net Income / (Loss) Continuing Operations,+,credit,usd,5189000.0
Universal Electronics Inc,UEIC,549300ZW9EULAR7T6F89,0000101984,2015.0,Q1,2015-01-01,2015-03-31,2016-05-09 18:50:05+00:00,netcashfromcontinuingoperatingactivities,depreciationexpense,Depreciation Expense,+,debit,usd,4667000.0
Universal Electronics Inc,UEIC,549300ZW9EULAR7T6F89,0000101984,2015.0,Q1,2015-01-01,2015-03-31,2016-05-09 18:50:05+00:00,netcashfromcontinuingoperatingactivities,noncashadjustmentstonetincome,Non-Cash Adjustments To Reconcile Net Income,+,debit,usd,3238000.0
Universal Electronics Inc,UEIC,549300ZW9EULAR7T6F89,0000101984,2015.0,Q1,2015-01-01,2015-03-31,2016-05-09 18:50:05+00:00,netcashfromcontinuingoperatingactivities,increasedecreaseinoperatingcapital,"Changes in Operating Assets and Liabilities, net",+,debit,usd,-18743000.0
Universal Electronics Inc,UEIC,549300ZW9EULAR7T6F89,0000101984,2015.0,Q1,2015-01-01,2015-03-31,2016-05-09 18:50:05+00:00,netcashfromoperatingactivities,netcashfromcontinuingoperatingactivities,Net Cash From Continuing Operating Activities,+,debit,usd,-5649000.0
Universal Electronics Inc,UEIC,549300ZW9EULAR7T6F89,0000101984,2015.0,Q1,2015-01-01,2015-03-31,2016-05-09 18:50:05+00:00,netchangeincash,netcashfromoperatingactivities,Net Cash From Operating Activities,+,debit,usd,-5649000.0
Universal Electronics Inc,UEIC,549300ZW9EULAR7T6F89,0000101984,2015.0,Q1,2015-01-01,2015-03-31,2016-05-09 18:50:05+00:00,netcashfromcontinuinginvestingactivities,purchaseofplantpropertyandequipment,"Purchase of Property, Plant & Equipment",+,debit,usd,-7210000.0
Universal Electronics Inc,UEIC,549300ZW9EULAR7T6F89,0000101984,2015.0,Q1,2015-01-01,2015-03-31,2016-05-09 18:50:05+00:00,netcashfromcontinuinginvestingactivities,acquisitions,Acquisitions,+,debit,usd,-681000.0
Universal Electronics Inc,UEIC,549300ZW9EULAR7T6F89,0000101984,2015.0,Q1,2015-01-01,2015-03-31,2016-05-09 18:50:05+00:00,netcashfrominvestingactivities,netcashfromcontinuinginvestingactivities,Net Cash From Continuing Investing Activities,+,debit,usd,-7891000.0
Universal Electronics Inc,UEIC,549300ZW9EULAR7T6F89,0000101984,2015.0,Q1,2015-01-01,2015-03-31,2016-05-09 18:50:05+00:00,netchangeincash,netcashfrominvestingactivities,Net Cash From Investing Activities,+,debit,usd,-7891000.0
Universal Electronics Inc,UEIC,549300ZW9EULAR7T6F89,0000101984,2015.0,Q1,2015-01-01,2015-03-31,2016-05-09 18:50:05+00:00,netcashfromcontinuingfinancingactivities,repaymentofdebt,Repayment of Debt,+,debit,usd,0.0
Universal Electronics Inc,UEIC,549300ZW9EULAR7T6F89,0000101984,2015.0,Q1,2015-01-01,2015-03-31,2016-05-09 18:50:05+00:00,netcashfromcontinuingfinancingactivities,repurchaseofcommonequity,Repurchase of Common Equity,+,debit,usd,-4021000.0
Universal Electronics Inc,UEIC,549300ZW9EULAR7T6F89,0000101984,2015.0,Q1,2015-01-01,2015-03-31,2016-05-09 18:50:05+00:00,netcashfromcontinuingfinancingactivities,issuanceofdebt,Issuance of Debt,+,debit,usd,0.0
Universal Electronics Inc,UEIC,549300ZW9EULAR7T6F89,0000101984,2015.0,Q1,2015-01-01,2015-03-31,2016-05-09 18:50:05+00:00,netcashfromcontinuingfinancingactivities,otherfinancingactivitiesnet,"Other Financing Activities, net",+,debit,usd,1576000.0
Universal Electronics Inc,UEIC,549300ZW9EULAR7T6F89,0000101984,2015.0,Q1,2015-01-01,2015-03-31,2016-05-09 18:50:05+00:00,netcashfromfinancingactivities,netcashfromcontinuingfinancingactivities,Net Cash From Continuing Financing Activities,+,debit,usd,-2445000.0
Universal Electronics Inc,UEIC,549300ZW9EULAR7T6F89,0000101984,2015.0,Q1,2015-01-01,2015-03-31,2016-05-09 18:50:05+00:00,netchangeincash,netcashfromfinancingactivities,Net Cash From Financing Activities,+,debit,usd,-2445000.0
Universal Electronics Inc,UEIC,549300ZW9EULAR7T6F89,0000101984,2015.0,Q1,2015-01-01,2015-03-31,2016-05-09 18:50:05+00:00,netchangeincash,effectofexchangeratechanges,Effect of Exchange Rate Changes,+,debit,usd,566000.0
Universal Electronics Inc,UEIC,549300ZW9EULAR7T6F89,0000101984,2015.0,Q1,2015-01-01,2015-03-31,2016-05-09 18:50:05+00:00,,netchangeincash,Net Change in Cash & Equivalents,=,debit,usd,-15419000.0
Universal Electronics Inc,UEIC,549300ZW9EULAR7T6F89,0000101984,2015.0,Q1,2015-01-01,2015-03-31,2016-05-09 18:50:05+00:00,,cashinterestpaid,Cash Interest Paid,=,,usd,0.0
Universal Electronics Inc,UEIC,549300ZW9EULAR7T6F89,0000101984,2015.0,Q1,2015-01-01,2015-03-31,2016-05-09 18:50:05+00:00,,cashincometaxespaid,Cash Income Taxes Paid,=,,usd,2000000.0
Universal Electronics Inc,UEIC,549300ZW9EULAR7T6F89,0000101984,2015.0,Q2,2015-04-01,2015-06-30,,netincomecontinuing,netincome,Consolidated Net Income / (Loss),+,credit,usd,8375000.0
Universal Electronics Inc,UEIC,549300ZW9EULAR7T6F89,0000101984,2015.0,Q2,2015-04-01,2015-06-30,,netcashfromcontinuingoperatingactivities,netincomecontinuing,Net Income / (Loss) Continuing Operations,+,credit,usd,8375000.0
Universal Electronics Inc,UEIC,549300ZW9EULAR7T6F89,0000101984,2015.0,Q2,2015-04-01,2015-06-30,,netcashfromcontinuingoperatingactivities,depreciationexpense,Depreciation Expense,+,debit,usd,4745000.0
Universal Electronics Inc,UEIC,549300ZW9EULAR7T6F89,0000101984,2015.0,Q2,2015-04-01,2015-06-30,,netcashfromcontinuingoperatingactivities,noncashadjustmentstonetincome,Non-Cash Adjustments To Reconcile Net Income,+,debit,usd,3069000.0
Universal Electronics Inc,UEIC,549300ZW9EULAR7T6F89,0000101984,2015.0,Q2,2015-04-01,2015-06-30,,netcashfromcontinuingoperatingactivities,increasedecreaseinoperatingcapital,"Changes in Operating Assets and Liabilities, net",+,debit,usd,-4598000.0
Universal Electronics Inc,UEIC,549300ZW9EULAR7T6F89,0000101984,2015.0,Q2,2015-04-01,2015-06-30,,netcashfromoperatingactivities,netcashfromcontinuingoperatingactivities,Net Cash From Continuing Operating Activities,+,debit,usd,11591000.0
Universal Electronics Inc,UEIC,549300ZW9EULAR7T6F89,0000101984,2015.0,Q2,2015-04-01,2015-06-30,,netchangeincash,netcashfromoperatingactivities,Net Cash From Operating Activities,+,debit,usd,11591000.0
Universal Electronics Inc,UEIC,549300ZW9EULAR7T6F89,0000101984,2015.0,Q2,2015-04-01,2015-06-30,,netcashfromcontinuinginvestingactivities,purchaseofplantpropertyandequipment,"Purchase of Property, Plant & Equipment",+,debit,usd,-8445000.0
Universal Electronics Inc,UEIC,549300ZW9EULAR7T6F89,0000101984,2015.0,Q2,2015-04-01,2015-06-30,,netcashfromcontinuinginvestingactivities,acquisitions,Acquisitions,+,debit,usd,-571000.0
Universal Electronics Inc,UEIC,549300ZW9EULAR7T6F89,0000101984,2015.0,Q2,2015-04-01,2015-06-30,,netcashfrominvestingactivities,netcashfromcontinuinginvestingactivities,Net Cash From Continuing Investing Activities,+,debit,usd,-9016000.0
Universal Electronics Inc,UEIC,549300ZW9EULAR7T6F89,0000101984,2015.0,Q2,2015-04-01,2015-06-30,,netchangeincash,netcashfrominvestingactivities,Net Cash From Investing Activities,+,debit,usd,-9016000.0
Universal Electronics Inc,UEIC,549300ZW9EULAR7T6F89,0000101984,2015.0,Q2,2015-04-01,2015-06-30,,netcashfromcontinuingfinancingactivities,repaymentofdebt,Repayment of Debt,+,debit,usd,-7500000.0
Universal Electronics Inc,UEIC,549300ZW9EULAR7T6F89,0000101984,2015.0,Q2,2015-04-01,2015-06-30,,netcashfromcontinuingfinancingactivities,repurchaseofcommonequity,Repurchase of Common Equity,+,debit,usd,-30276000.0
Universal Electronics Inc,UEIC,549300ZW9EULAR7T6F89,0000101984,2015.0,Q2,2015-04-01,2015-06-30,,netcashfromcontinuingfinancingactivities,issuanceofdebt,Issuance of Debt,+,debit,usd,19500000.0
Universal Electronics Inc,UEIC,549300ZW9EULAR7T6F89,0000101984,2015.0,Q2,2015-04-01,2015-06-30,,netcashfromcontinuingfinancingactivities,otherfinancingactivitiesnet,"Other Financing Activities, net",+,debit,usd,785000.0
Universal Electronics Inc,UEIC,549300ZW9EULAR7T6F89,0000101984,2015.0,Q2,2015-04-01,2015-06-30,,netcashfromfinancingactivities,netcashfromcontinuingfinancingactivities,Net Cash From Continuing Financing Activities,+,debit,usd,-17491000.0
Universal Electronics Inc,UEIC,549300ZW9EULAR7T6F89,0000101984,2015.0,Q2,2015-04-01,2015-06-30,,netchangeincash,netcashfromfinancingactivities,Net Cash From Financing Activities,+,debit,usd,-17491000.0
Universal Electronics Inc,UEIC,549300ZW9EULAR7T6F89,0000101984,2015.0,Q2,2015-04-01,2015-06-30,,netchangeincash,effectofexchangeratechanges,Effect of Exchange Rate Changes,+,debit,usd,-24000.0
Universal Electronics Inc,UEIC,549300ZW9EULAR7T6F89,0000101984,2015.0,Q2,2015-04-01,2015-06-30,,,netchangeincash,Net Change in Cash & Equivalents,=,debit,usd,-14940000.0
Universal Electronics Inc,UEIC,549300ZW9EULAR7T6F89,0000101984,2015.0,Q2,2015-04-01,2015-06-30,,,cashincometaxespaid,Cash Income Taxes Paid,=,,usd,979000.0
Universal Electronics Inc,UEIC,549300ZW9EULAR7T6F89,0000101984,2015.0,Q3,2015-07-01,2015-09-30,,netincomecontinuing,netincome,Consolidated Net Income / (Loss),+,credit,usd,6274000.0
Universal Electronics Inc,UEIC,549300ZW9EULAR7T6F89,0000101984,2015.0,Q3,2015-07-01,2015-09-30,,netcashfromcontinuingoperatingactivities,netincomecontinuing,Net Income / (Loss) Continuing Operations,+,credit,usd,6274000.0
Universal Electronics Inc,UEIC,549300ZW9EULAR7T6F89,0000101984,2015.0,Q3,2015-07-01,2015-09-30,,netcashfromcontinuingoperatingactivities,depreciationexpense,Depreciation Expense,+,debit,usd,5047000.0
Universal Electronics Inc,UEIC,549300ZW9EULAR7T6F89,0000101984,2015.0,Q3,2015-07-01,2015-09-30,,netcashfromcontinuingoperatingactivities,noncashadjustmentstonetincome,Non-Cash Adjustments To Reconcile Net Income,+,debit,usd,2749000.0
Universal Electronics Inc,UEIC,549300ZW9EULAR7T6F89,0000101984,2015.0,Q3,2015-07-01,2015-09-30,,netcashfromcontinuingoperatingactivities,increasedecreaseinoperatingcapital,"Changes in Operating Assets and Liabilities, net",+,debit,usd,2518000.0
Universal Electronics Inc,UEIC,549300ZW9EULAR7T6F89,0000101984,2015.0,Q3,2015-07-01,2015-09-30,,netcashfromoperatingactivities,netcashfromcontinuingoperatingactivities,Net Cash From Continuing Operating Activities,+,debit,usd,16588000.0
Universal Electronics Inc,UEIC,549300ZW9EULAR7T6F89,0000101984,2015.0,Q3,2015-07-01,2015-09-30,,netchangeincash,netcashfromoperatingactivities,Net Cash From Operating Activities,+,debit,usd,16588000.0
Universal Electronics Inc,UEIC,549300ZW9EULAR7T6F89,0000101984,2015.0,Q3,2015-07-01,2015-09-30,,netcashfromcontinuinginvestingactivities,purchaseofplantpropertyandequipment,"Purchase of Property, Plant & Equipment",+,debit,usd,-10721000.0
Universal Electronics Inc,UEIC,549300ZW9EULAR7T6F89,0000101984,2015.0,Q3,2015-07-01,2015-09-30,,netcashfromcontinuinginvestingactivities,acquisitions,Acquisitions,+,debit,usd,-13107000.0
Universal Electronics Inc,UEIC,549300ZW9EULAR7T6F89,0000101984,2015.0,Q3,2015-07-01,2015-09-30,,netcashfrominvestingactivities,netcashfromcontinuinginvestingactivities,Net Cash From Continuing Investing Activities,+,debit,usd,-23828000.0
Universal Electronics Inc,UEIC,549300ZW9EULAR7T6F89,0000101984,2015.0,Q3,2015-07-01,2015-09-30,,netchangeincash,netcashfrominvestingactivities,Net Cash From Investing Activities,+,debit,usd,-23828000.0
Universal Electronics Inc,UEIC,549300ZW9EULAR7T6F89,0000101984,2015.0,Q3,2015-07-01,2015-09-30,,netcashfromcontinuingfinancingactivities,repaymentofdebt,Repayment of Debt,+,debit,usd,-15000000.0
Universal Electronics Inc,UEIC,549300ZW9EULAR7T6F89,0000101984,2015.0,Q3,2015-07-01,2015-09-30,,netcashfromcontinuingfinancingactivities,repurchaseofcommonequity,Repurchase of Common Equity,+,debit,usd,-44411000.0
Universal Electronics Inc,UEIC,549300ZW9EULAR7T6F89,0000101984,2015.0,Q3,2015-07-01,2015-09-30,,netcashfromcontinuingfinancingactivities,issuanceofdebt,Issuance of Debt,+,debit,usd,50000000.0
Universal Electronics Inc,UEIC,549300ZW9EULAR7T6F89,0000101984,2015.0,Q3,2015-07-01,2015-09-30,,netcashfromcontinuingfinancingactivities,otherfinancingactivitiesnet,"Other Financing Activities, net",+,debit,usd,358000.0
Universal Electronics Inc,UEIC,549300ZW9EULAR7T6F89,0000101984,2015.0,Q3,2015-07-01,2015-09-30,,netcashfromfinancingactivities,netcashfromcontinuingfinancingactivities,Net Cash From Continuing Financing Activities,+,debit,usd,-9053000.0
Universal Electronics Inc,UEIC,549300ZW9EULAR7T6F89,0000101984,2015.0,Q3,2015-07-01,2015-09-30,,netchangeincash,netcashfromfinancingactivities,Net Cash From Financing Activities,+,debit,usd,-9053000.0
Universal Electronics Inc,UEIC,549300ZW9EULAR7T6F89,0000101984,2015.0,Q3,2015-07-01,2015-09-30,,netchangeincash,effectofexchangeratechanges,Effect of Exchange Rate Changes,+,debit,usd,-1561000.0
Universal Electronics Inc,UEIC,549300ZW9EULAR7T6F89,0000101984,2015.0,Q3,2015-07-01,2015-09-30,,,netchangeincash,Net Change in Cash & Equivalents,=,debit,usd,-17854000.0
Universal Electronics Inc,UEIC,549300ZW9EULAR7T6F89,0000101984,2015.0,Q3,2015-07-01,2015-09-30,,,cashinterestpaid,Cash Interest Paid,=,,usd,68000.0
Universal Electronics Inc,UEIC,549300ZW9EULAR7T6F89,0000101984,2015.0,Q3,2015-07-01,2015-09-30,,,cashincometaxespaid,Cash Income Taxes Paid,=,,usd,943000.0
Universal Electronics Inc,UEIC,549300ZW9EULAR7T6F89,0000101984,2015.0,Q4,2015-10-01,2015-12-31,,netincomecontinuing,netincome,Consolidated Net Income / (Loss),+,credit,usd,9335000.0
Universal Electronics Inc,UEIC,549300ZW9EULAR7T6F89,0000101984,2015.0,Q4,2015-10-01,2015-12-31,,netcashfromcontinuingoperatingactivities,netincomecontinuing,Net Income / (Loss) Continuing Operations,+,credit,usd,9335000.0
Universal Electronics Inc,UEIC,549300ZW9EULAR7T6F89,0000101984,2015.0,Q4,2015-10-01,2015-12-31,,netcashfromcontinuingoperatingactivities,depreciationexpense,Depreciation Expense,+,debit,usd,5993000.0
Universal Electronics Inc,UEIC,549300ZW9EULAR7T6F89,0000101984,2015.0,Q4,2015-10-01,2015-12-31,,netcashfromcontinuingoperatingactivities,noncashadjustmentstonetincome,Non-Cash Adjustments To Reconcile Net Income,+,debit,usd,3856000.0
Universal Electronics Inc,UEIC,549300ZW9EULAR7T6F89,0000101984,2015.0,Q4,2015-10-01,2015-12-31,,netcashfromcontinuingoperatingactivities,increasedecreaseinoperatingcapital,"Changes in Operating Assets and Liabilities, net",+,debit,usd,-15620000.0
Universal Electronics Inc,UEIC,549300ZW9EULAR7T6F89,0000101984,2015.0,Q4,2015-10-01,2015-12-31,,netcashfromoperatingactivities,netcashfromcontinuingoperatingactivities,Net Cash From Continuing Operating Activities,+,debit,usd,3564000.0
Universal Electronics Inc,UEIC,549300ZW9EULAR7T6F89,0000101984,2015.0,Q4,2015-10-01,2015-12-31,,netchangeincash,netcashfromoperatingactivities,Net Cash From Operating Activities,+,debit,usd,3564000.0
Universal Electronics Inc,UEIC,549300ZW9EULAR7T6F89,0000101984,2015.0,Q4,2015-10-01,2015-12-31,,netcashfromcontinuinginvestingactivities,purchaseofplantpropertyandequipment,"Purchase of Property, Plant & Equipment",+,debit,usd,-6613000.0
Universal Electronics Inc,UEIC,549300ZW9EULAR7T6F89,0000101984,2015.0,Q4,2015-10-01,2015-12-31,,netcashfromcontinuinginvestingactivities,acquisitions,Acquisitions,+,debit,usd,-301000.0
Universal Electronics Inc,UEIC,549300ZW9EULAR7T6F89,0000101984,2015.0,Q4,2015-10-01,2015-12-31,,netcashfrominvestingactivities,netcashfromcontinuinginvestingactivities,Net Cash From Continuing Investing Activities,+,debit,usd,-6914000.0
Universal Electronics Inc,UEIC,549300ZW9EULAR7T6F89,0000101984,2015.0,Q4,2015-10-01,2015-12-31,,netchangeincash,netcashfrominvestingactivities,Net Cash From Investing Activities,+,debit,usd,-6914000.0
Universal Electronics Inc,UEIC,549300ZW9EULAR7T6F89,0000101984,2015.0,Q4,2015-10-01,2015-12-31,,netcashfromcontinuingfinancingactivities,repaymentofdebt,Repayment of Debt,+,debit,usd,-12000000.0
Universal Electronics Inc,UEIC,549300ZW9EULAR7T6F89,0000101984,2015.0,Q4,2015-10-01,2015-12-31,,netcashfromcontinuingfinancingactivities,repurchaseofcommonequity,Repurchase of Common Equity,+,debit,usd,-10687000.0
Universal Electronics Inc,UEIC,549300ZW9EULAR7T6F89,0000101984,2015.0,Q4,2015-10-01,2015-12-31,,netcashfromcontinuingfinancingactivities,paymentofdividends,Payment of Dividends,+,debit,usd,-78000.0
Universal Electronics Inc,UEIC,549300ZW9EULAR7T6F89,0000101984,2015.0,Q4,2015-10-01,2015-12-31,,netcashfromcontinuingfinancingactivities,issuanceofdebt,Issuance of Debt,+,debit,usd,15000000.0
Universal Electronics Inc,UEIC,549300ZW9EULAR7T6F89,0000101984,2015.0,Q4,2015-10-01,2015-12-31,,netcashfromcontinuingfinancingactivities,otherfinancingactivitiesnet,"Other Financing Activities, net",+,debit,usd,1612000.0
Universal Electronics Inc,UEIC,549300ZW9EULAR7T6F89,0000101984,2015.0,Q4,2015-10-01,2015-12-31,,netcashfromfinancingactivities,netcashfromcontinuingfinancingactivities,Net Cash From Continuing Financing Activities,+,debit,usd,-6153000.0
Universal Electronics Inc,UEIC,549300ZW9EULAR7T6F89,0000101984,2015.0,Q4,2015-10-01,2015-12-31,,netchangeincash,netcashfromfinancingactivities,Net Cash From Financing Activities,+,debit,usd,-6153000.0
Universal Electronics Inc,UEIC,549300ZW9EULAR7T6F89,0000101984,2015.0,Q4,2015-10-01,2015-12-31,,netchangeincash,effectofexchangeratechanges,Effect of Exchange Rate Changes,+,debit,usd,-1839000.0
Universal Electronics Inc,UEIC,549300ZW9EULAR7T6F89,0000101984,2015.0,Q4,2015-10-01,2015-12-31,,,netchangeincash,Net Change in Cash & Equivalents,=,debit,usd,-11342000.0
Universal Electronics Inc,UEIC,549300ZW9EULAR7T6F89,0000101984,2015.0,Q4,2015-10-01,2015-12-31,,,cashinterestpaid,Cash Interest Paid,=,,usd,187000.0
Universal Electronics Inc,UEIC,549300ZW9EULAR7T6F89,0000101984,2015.0,Q4,2015-10-01,2015-12-31,,,cashincometaxespaid,Cash Income Taxes Paid,=,,usd,3871000.0
Universal Electronics Inc,UEIC,549300ZW9EULAR7T6F89,0000101984,2016.0,Q1,2016-01-01,2016-03-31,2017-05-09 12:49:49+00:00,netincomecontinuing,netincome,Consolidated Net Income / (Loss),+,credit,usd,2743000.0
Universal Electronics Inc,UEIC,549300ZW9EULAR7T6F89,0000101984,2016.0,Q1,2016-01-01,2016-03-31,2017-05-09 12:49:49+00:00,netcashfromcontinuingoperatingactivities,netincomecontinuing,Net Income / (Loss) Continuing Operations,+,credit,usd,2743000.0
Universal Electronics Inc,UEIC,549300ZW9EULAR7T6F89,0000101984,2016.0,Q1,2016-01-01,2016-03-31,2017-05-09 12:49:49+00:00,netcashfromcontinuingoperatingactivities,depreciationexpense,Depreciation Expense,+,debit,usd,5929000.0
Universal Electronics Inc,UEIC,549300ZW9EULAR7T6F89,0000101984,2016.0,Q1,2016-01-01,2016-03-31,2017-05-09 12:49:49+00:00,netcashfromcontinuingoperatingactivities,noncashadjustmentstonetincome,Non-Cash Adjustments To Reconcile Net Income,+,debit,usd,4368000.0
Universal Electronics Inc,UEIC,549300ZW9EULAR7T6F89,0000101984,2016.0,Q1,2016-01-01,2016-03-31,2017-05-09 12:49:49+00:00,netcashfromcontinuingoperatingactivities,increasedecreaseinoperatingcapital,"Changes in Operating Assets and Liabilities, net",+,debit,usd,-9899000.0
Universal Electronics Inc,UEIC,549300ZW9EULAR7T6F89,0000101984,2016.0,Q1,2016-01-01,2016-03-31,2017-05-09 12:49:49+00:00,netcashfromoperatingactivities,netcashfromcontinuingoperatingactivities,Net Cash From Continuing Operating Activities,+,debit,usd,3141000.0
Universal Electronics Inc,UEIC,549300ZW9EULAR7T6F89,0000101984,2016.0,Q1,2016-01-01,2016-03-31,2017-05-09 12:49:49+00:00,netchangeincash,netcashfromoperatingactivities,Net Cash From Operating Activities,+,debit,usd,3141000.0
Universal Electronics Inc,UEIC,549300ZW9EULAR7T6F89,0000101984,2016.0,Q1,2016-01-01,2016-03-31,2017-05-09 12:49:49+00:00,netcashfromcontinuinginvestingactivities,purchaseofplantpropertyandequipment,"Purchase of Property, Plant & Equipment",+,debit,usd,-7480000.0
Universal Electronics Inc,UEIC,549300ZW9EULAR7T6F89,0000101984,2016.0,Q1,2016-01-01,2016-03-31,2017-05-09 12:49:49+00:00,netcashfromcontinuinginvestingactivities,acquisitions,Acquisitions,+,debit,usd,-564000.0
Universal Electronics Inc,UEIC,549300ZW9EULAR7T6F89,0000101984,2016.0,Q1,2016-01-01,2016-03-31,2017-05-09 12:49:49+00:00,netcashfrominvestingactivities,netcashfromcontinuinginvestingactivities,Net Cash From Continuing Investing Activities,+,debit,usd,-8044000.0
Universal Electronics Inc,UEIC,549300ZW9EULAR7T6F89,0000101984,2016.0,Q1,2016-01-01,2016-03-31,2017-05-09 12:49:49+00:00,netchangeincash,netcashfrominvestingactivities,Net Cash From Investing Activities,+,debit,usd,-8044000.0
Universal Electronics Inc,UEIC,549300ZW9EULAR7T6F89,0000101984,2016.0,Q1,2016-01-01,2016-03-31,2017-05-09 12:49:49+00:00,netcashfromcontinuingfinancingactivities,repaymentofdebt,Repayment of Debt,+,debit,usd,-35000000.0
Universal Electronics Inc,UEIC,549300ZW9EULAR7T6F89,0000101984,2016.0,Q1,2016-01-01,2016-03-31,2017-05-09 12:49:49+00:00,netcashfromcontinuingfinancingactivities,repurchaseofcommonequity,Repurchase of Common Equity,+,debit,usd,-1724000.0
Universal Electronics Inc,UEIC,549300ZW9EULAR7T6F89,0000101984,2016.0,Q1,2016-01-01,2016-03-31,2017-05-09 12:49:49+00:00,netcashfromcontinuingfinancingactivities,issuanceofdebt,Issuance of Debt,+,debit,usd,42987000.0
Universal Electronics Inc,UEIC,549300ZW9EULAR7T6F89,0000101984,2016.0,Q1,2016-01-01,2016-03-31,2017-05-09 12:49:49+00:00,netcashfromcontinuingfinancingactivities,otherfinancingactivitiesnet,"Other Financing Activities, net",+,debit,usd,2603000.0
Universal Electronics Inc,UEIC,549300ZW9EULAR7T6F89,0000101984,2016.0,Q1,2016-01-01,2016-03-31,2017-05-09 12:49:49+00:00,netcashfromfinancingactivities,netcashfromcontinuingfinancingactivities,Net Cash From Continuing Financing Activities,+,debit,usd,8866000.0
Universal Electronics Inc,UEIC,549300ZW9EULAR7T6F89,0000101984,2016.0,Q1,2016-01-01,2016-03-31,2017-05-09 12:49:49+00:00,netchangeincash,netcashfromfinancingactivities,Net Cash From Financing Activities,+,debit,usd,8866000.0
Universal Electronics Inc,UEIC,549300ZW9EULAR7T6F89,0000101984,2016.0,Q1,2016-01-01,2016-03-31,2017-05-09 12:49:49+00:00,netchangeincash,effectofexchangeratechanges,Effect of Exchange Rate Changes,+,debit,usd,-852000.0
Universal Electronics Inc,UEIC,549300ZW9EULAR7T6F89,0000101984,2016.0,Q1,2016-01-01,2016-03-31,2017-05-09 12:49:49+00:00,,netchangeincash,Net Change in Cash & Equivalents,=,debit,usd,3111000.0
Universal Electronics Inc,UEIC,549300ZW9EULAR7T6F89,0000101984,2016.0,Q1,2016-01-01,2016-03-31,2017-05-09 12:49:49+00:00,,cashinterestpaid,Cash Interest Paid,=,,usd,302000.0
Universal Electronics Inc,UEIC,549300ZW9EULAR7T6F89,0000101984,2016.0,Q1,2016-01-01,2016-03-31,2017-05-09 12:49:49+00:00,,cashincometaxespaid,Cash Income Taxes Paid,=,,usd,2933000.0
Universal Electronics Inc,UEIC,549300ZW9EULAR7T6F89,0000101984,2016.0,Q2,2016-04-01,2016-06-30,,netincomecontinuing,netincome,Consolidated Net Income / (Loss),+,credit,usd,6598000.0
Universal Electronics Inc,UEIC,549300ZW9EULAR7T6F89,0000101984,2016.0,Q2,2016-04-01,2016-06-30,,netcashfromcontinuingoperatingactivities,netincomecontinuing,Net Income / (Loss) Continuing Operations,+,credit,usd,6598000.0
Universal Electronics Inc,UEIC,549300ZW9EULAR7T6F89,0000101984,2016.0,Q2,2016-04-01,2016-06-30,,netcashfromcontinuingoperatingactivities,depreciationexpense,Depreciation Expense,+,debit,usd,6103000.0
Universal Electronics Inc,UEIC,549300ZW9EULAR7T6F89,0000101984,2016.0,Q2,2016-04-01,2016-06-30,,netcashfromcontinuingoperatingactivities,noncashadjustmentstonetincome,Non-Cash Adjustments To Reconcile Net Income,+,debit,usd,4977000.0
Universal Electronics Inc,UEIC,549300ZW9EULAR7T6F89,0000101984,2016.0,Q2,2016-04-01,2016-06-30,,netcashfromcontinuingoperatingactivities,increasedecreaseinoperatingcapital,"Changes in Operating Assets and Liabilities, net",+,debit,usd,2432000.0
Universal Electronics Inc,UEIC,549300ZW9EULAR7T6F89,0000101984,2016.0,Q2,2016-04-01,2016-06-30,,netcashfromoperatingactivities,netcashfromcontinuingoperatingactivities,Net Cash From Continuing Operating Activities,+,debit,usd,20110000.0
Universal Electronics Inc,UEIC,549300ZW9EULAR7T6F89,0000101984,2016.0,Q2,2016-04-01,2016-06-30,,netchangeincash,netcashfromoperatingactivities,Net Cash From Operating Activities,+,debit,usd,20110000.0
Universal Electronics Inc,UEIC,549300ZW9EULAR7T6F89,0000101984,2016.0,Q2,2016-04-01,2016-06-30,,netcashfromcontinuinginvestingactivities,purchaseofplantpropertyandequipment,"Purchase of Property, Plant & Equipment",+,debit,usd,-10509000.0
Universal Electronics Inc,UEIC,549300ZW9EULAR7T6F89,0000101984,2016.0,Q2,2016-04-01,2016-06-30,,netcashfromcontinuinginvestingactivities,acquisitions,Acquisitions,+,debit,usd,-429000.0
Universal Electronics Inc,UEIC,549300ZW9EULAR7T6F89,0000101984,2016.0,Q2,2016-04-01,2016-06-30,,netcashfromcontinuinginvestingactivities,divestitures,Divestitures,+,debit,usd,48000.0
Universal Electronics Inc,UEIC,549300ZW9EULAR7T6F89,0000101984,2016.0,Q2,2016-04-01,2016-06-30,,netcashfrominvestingactivities,netcashfromcontinuinginvestingactivities,Net Cash From Continuing Investing Activities,+,debit,usd,-10890000.0
Universal Electronics Inc,UEIC,549300ZW9EULAR7T6F89,0000101984,2016.0,Q2,2016-04-01,2016-06-30,,netchangeincash,netcashfrominvestingactivities,Net Cash From Investing Activities,+,debit,usd,-10890000.0
Universal Electronics Inc,UEIC,549300ZW9EULAR7T6F89,0000101984,2016.0,Q2,2016-04-01,2016-06-30,,netcashfromcontinuingfinancingactivities,repaymentofdebt,Repayment of Debt,+,debit,usd,-30000000.0
Universal Electronics Inc,UEIC,549300ZW9EULAR7T6F89,0000101984,2016.0,Q2,2016-04-01,2016-06-30,,netcashfromcontinuingfinancingactivities,repurchaseofcommonequity,Repurchase of Common Equity,+,debit,usd,-220000.0
Universal Electronics Inc,UEIC,549300ZW9EULAR7T6F89,0000101984,2016.0,Q2,2016-04-01,2016-06-30,,netcashfromcontinuingfinancingactivities,issuanceofdebt,Issuance of Debt,+,debit,usd,15000000.0
Universal Electronics Inc,UEIC,549300ZW9EULAR7T6F89,0000101984,2016.0,Q2,2016-04-01,2016-06-30,,netcashfromcontinuingfinancingactivities,otherfinancingactivitiesnet,"Other Financing Activities, net",+,debit,usd,980000.0
Universal Electronics Inc,UEIC,549300ZW9EULAR7T6F89,0000101984,2016.0,Q2,2016-04-01,2016-06-30,,netcashfromfinancingactivities,netcashfromcontinuingfinancingactivities,Net Cash From Continuing Financing Activities,+,debit,usd,-14240000.0
Universal Electronics Inc,UEIC,549300ZW9EULAR7T6F89,0000101984,2016.0,Q2,2016-04-01,2016-06-30,,netchangeincash,netcashfromfinancingactivities,Net Cash From Financing Activities,+,debit,usd,-14240000.0
Universal Electronics Inc,UEIC,549300ZW9EULAR7T6F89,0000101984,2016.0,Q2,2016-04-01,2016-06-30,,netchangeincash,effectofexchangeratechanges,Effect of Exchange Rate Changes,+,debit,usd,-1612000.0
Universal Electronics Inc,UEIC,549300ZW9EULAR7T6F89,0000101984,2016.0,Q2,2016-04-01,2016-06-30,,,netchangeincash,Net Change in Cash & Equivalents,=,debit,usd,-6632000.0
Universal Electronics Inc,UEIC,549300ZW9EULAR7T6F89,0000101984,2016.0,Q2,2016-04-01,2016-06-30,,,cashinterestpaid,Cash Interest Paid,=,,usd,307000.0
Universal Electronics Inc,UEIC,549300ZW9EULAR7T6F89,0000101984,2016.0,Q2,2016-04-01,2016-06-30,,,cashincometaxespaid,Cash Income Taxes Paid,=,,usd,1714000.0
Universal Electronics Inc,UEIC,549300ZW9EULAR7T6F89,0000101984,2016.0,Q3,2016-07-01,2016-09-30,,netincomecontinuing,netincome,Consolidated Net Income / (Loss),+,credit,usd,7807000.0
Universal Electronics Inc,UEIC,549300ZW9EULAR7T6F89,0000101984,2016.0,Q3,2016-07-01,2016-09-30,,netcashfromcontinuingoperatingactivities,netincomecontinuing,Net Income / (Loss) Continuing Operations,+,credit,usd,7807000.0
Universal Electronics Inc,UEIC,549300ZW9EULAR7T6F89,0000101984,2016.0,Q3,2016-07-01,2016-09-30,,netcashfromcontinuingoperatingactivities,depreciationexpense,Depreciation Expense,+,debit,usd,6962000.0
Universal Electronics Inc,UEIC,549300ZW9EULAR7T6F89,0000101984,2016.0,Q3,2016-07-01,2016-09-30,,netcashfromcontinuingoperatingactivities,noncashadjustmentstonetincome,Non-Cash Adjustments To Reconcile Net Income,+,debit,usd,4734000.0
Universal Electronics Inc,UEIC,549300ZW9EULAR7T6F89,0000101984,2016.0,Q3,2016-07-01,2016-09-30,,netcashfromcontinuingoperatingactivities,increasedecreaseinoperatingcapital,"Changes in Operating Assets and Liabilities, net",+,debit,usd,-4073000.0
Universal Electronics Inc,UEIC,549300ZW9EULAR7T6F89,0000101984,2016.0,Q3,2016-07-01,2016-09-30,,netcashfromoperatingactivities,netcashfromcontinuingoperatingactivities,Net Cash From Continuing Operating Activities,+,debit,usd,15430000.0
Universal Electronics Inc,UEIC,549300ZW9EULAR7T6F89,0000101984,2016.0,Q3,2016-07-01,2016-09-30,,netchangeincash,netcashfromoperatingactivities,Net Cash From Operating Activities,+,debit,usd,15430000.0
Universal Electronics Inc,UEIC,549300ZW9EULAR7T6F89,0000101984,2016.0,Q3,2016-07-01,2016-09-30,,netcashfromcontinuinginvestingactivities,purchaseofplantpropertyandequipment,"Purchase of Property, Plant & Equipment",+,debit,usd,-10925000.0
Universal Electronics Inc,UEIC,549300ZW9EULAR7T6F89,0000101984,2016.0,Q3,2016-07-01,2016-09-30,,netcashfromcontinuinginvestingactivities,acquisitions,Acquisitions,+,debit,usd,-380000.0
Universal Electronics Inc,UEIC,549300ZW9EULAR7T6F89,0000101984,2016.0,Q3,2016-07-01,2016-09-30,,netcashfromcontinuinginvestingactivities,divestitures,Divestitures,+,debit,usd,4797000.0
Universal Electronics Inc,UEIC,549300ZW9EULAR7T6F89,0000101984,2016.0,Q3,2016-07-01,2016-09-30,,netcashfromcontinuinginvestingactivities,otherinvestingactivitiesnet,"Other Investing Activities, net",+,debit,usd,-4797000.0
Universal Electronics Inc,UEIC,549300ZW9EULAR7T6F89,0000101984,2016.0,Q3,2016-07-01,2016-09-30,,netcashfrominvestingactivities,netcashfromcontinuinginvestingactivities,Net Cash From Continuing Investing Activities,+,debit,usd,-11305000.0
Universal Electronics Inc,UEIC,549300ZW9EULAR7T6F89,0000101984,2016.0,Q3,2016-07-01,2016-09-30,,netchangeincash,netcashfrominvestingactivities,Net Cash From Investing Activities,+,debit,usd,-11305000.0
Universal Electronics Inc,UEIC,549300ZW9EULAR7T6F89,0000101984,2016.0,Q3,2016-07-01,2016-09-30,,netcashfromcontinuingfinancingactivities,repaymentofdebt,Repayment of Debt,+,debit,usd,-42987000.0
Universal Electronics Inc,UEIC,549300ZW9EULAR7T6F89,0000101984,2016.0,Q3,2016-07-01,2016-09-30,,netcashfromcontinuingfinancingactivities,repurchaseofcommonequity,Repurchase of Common Equity,+,debit,usd,-244000.0
Universal Electronics Inc,UEIC,549300ZW9EULAR7T6F89,0000101984,2016.0,Q3,2016-07-01,2016-09-30,,netcashfromcontinuingfinancingactivities,issuanceofdebt,Issuance of Debt,+,debit,usd,35000000.0
Universal Electronics Inc,UEIC,549300ZW9EULAR7T6F89,0000101984,2016.0,Q3,2016-07-01,2016-09-30,,netcashfromcontinuingfinancingactivities,otherfinancingactivitiesnet,"Other Financing Activities, net",+,debit,usd,3522000.0
Universal Electronics Inc,UEIC,549300ZW9EULAR7T6F89,0000101984,2016.0,Q3,2016-07-01,2016-09-30,,netcashfromfinancingactivities,netcashfromcontinuingfinancingactivities,Net Cash From Continuing Financing Activities,+,debit,usd,-4709000.0
Universal Electronics Inc,UEIC,549300ZW9EULAR7T6F89,0000101984,2016.0,Q3,2016-07-01,2016-09-30,,netchangeincash,netcashfromfinancingactivities,Net Cash From Financing Activities,+,debit,usd,-4709000.0
Universal Electronics Inc,UEIC,549300ZW9EULAR7T6F89,0000101984,2016.0,Q3,2016-07-01,2016-09-30,,netchangeincash,effectofexchangeratechanges,Effect of Exchange Rate Changes,+,debit,usd,-720000.0
Universal Electronics Inc,UEIC,549300ZW9EULAR7T6F89,0000101984,2016.0,Q3,2016-07-01,2016-09-30,,,netchangeincash,Net Change in Cash & Equivalents,=,debit,usd,-1304000.0
Universal Electronics Inc,UEIC,549300ZW9EULAR7T6F89,0000101984,2016.0,Q3,2016-07-01,2016-09-30,,,cashinterestpaid,Cash Interest Paid,=,,usd,317000.0
Universal Electronics Inc,UEIC,549300ZW9EULAR7T6F89,0000101984,2016.0,Q3,2016-07-01,2016-09-30,,,cashincometaxespaid,Cash Income Taxes Paid,=,,usd,1387000.0
Universal Electronics Inc,UEIC,549300ZW9EULAR7T6F89,0000101984,2016.0,Q4,2016-10-01,2016-12-31,,netincomecontinuing,netincome,Consolidated Net Income / (Loss),+,credit,usd,3236000.0
Universal Electronics Inc,UEIC,549300ZW9EULAR7T6F89,0000101984,2016.0,Q4,2016-10-01,2016-12-31,,netcashfromcontinuingoperatingactivities,netincomecontinuing,Net Income / (Loss) Continuing Operations,+,credit,usd,3236000.0
Universal Electronics Inc,UEIC,549300ZW9EULAR7T6F89,0000101984,2016.0,Q4,2016-10-01,2016-12-31,,netcashfromcontinuingoperatingactivities,depreciationexpense,Depreciation Expense,+,debit,usd,7973000.0
Universal Electronics Inc,UEIC,549300ZW9EULAR7T6F89,0000101984,2016.0,Q4,2016-10-01,2016-12-31,,netcashfromcontinuingoperatingactivities,noncashadjustmentstonetincome,Non-Cash Adjustments To Reconcile Net Income,+,debit,usd,3912000.0
Universal Electronics Inc,UEIC,549300ZW9EULAR7T6F89,0000101984,2016.0,Q4,2016-10-01,2016-12-31,,netcashfromcontinuingoperatingactivities,increasedecreaseinoperatingcapital,"Changes in Operating Assets and Liabilities, net",+,debit,usd,-4259000.0
Universal Electronics Inc,UEIC,549300ZW9EULAR7T6F89,0000101984,2016.0,Q4,2016-10-01,2016-12-31,,netcashfromoperatingactivities,netcashfromcontinuingoperatingactivities,Net Cash From Continuing Operating Activities,+,debit,usd,10862000.0
Universal Electronics Inc,UEIC,549300ZW9EULAR7T6F89,0000101984,2016.0,Q4,2016-10-01,2016-12-31,,netchangeincash,netcashfromoperatingactivities,Net Cash From Operating Activities,+,debit,usd,10862000.0
Universal Electronics Inc,UEIC,549300ZW9EULAR7T6F89,0000101984,2016.0,Q4,2016-10-01,2016-12-31,,netcashfromcontinuinginvestingactivities,purchaseofplantpropertyandequipment,"Purchase of Property, Plant & Equipment",+,debit,usd,-11737000.0
Universal Electronics Inc,UEIC,549300ZW9EULAR7T6F89,0000101984,2016.0,Q4,2016-10-01,2016-12-31,,netcashfromcontinuinginvestingactivities,acquisitions,Acquisitions,+,debit,usd,-539000.0
Universal Electronics Inc,UEIC,549300ZW9EULAR7T6F89,0000101984,2016.0,Q4,2016-10-01,2016-12-31,,netcashfromcontinuinginvestingactivities,otherinvestingactivitiesnet,"Other Investing Activities, net",+,debit,usd,4797000.0
Universal Electronics Inc,UEIC,549300ZW9EULAR7T6F89,0000101984,2016.0,Q4,2016-10-01,2016-12-31,,netcashfrominvestingactivities,netcashfromcontinuinginvestingactivities,Net Cash From Continuing Investing Activities,+,debit,usd,-7479000.0
Universal Electronics Inc,UEIC,549300ZW9EULAR7T6F89,0000101984,2016.0,Q4,2016-10-01,2016-12-31,,netchangeincash,netcashfrominvestingactivities,Net Cash From Investing Activities,+,debit,usd,-7479000.0
Universal Electronics Inc,UEIC,549300ZW9EULAR7T6F89,0000101984,2016.0,Q4,2016-10-01,2016-12-31,,netcashfromcontinuingfinancingactivities,repaymentofdebt,Repayment of Debt,+,debit,usd,-40000000.0
Universal Electronics Inc,UEIC,549300ZW9EULAR7T6F89,0000101984,2016.0,Q4,2016-10-01,2016-12-31,,netcashfromcontinuingfinancingactivities,repurchaseofcommonequity,Repurchase of Common Equity,+,debit,usd,-10459000.0
Universal Electronics Inc,UEIC,549300ZW9EULAR7T6F89,0000101984,2016.0,Q4,2016-10-01,2016-12-31,,netcashfromcontinuingfinancingactivities,issuanceofdebt,Issuance of Debt,+,debit,usd,54987000.0
Universal Electronics Inc,UEIC,549300ZW9EULAR7T6F89,0000101984,2016.0,Q4,2016-10-01,2016-12-31,,netcashfromcontinuingfinancingactivities,otherfinancingactivitiesnet,"Other Financing Activities, net",+,debit,usd,1109000.0
Universal Electronics Inc,UEIC,549300ZW9EULAR7T6F89,0000101984,2016.0,Q4,2016-10-01,2016-12-31,,netcashfromfinancingactivities,netcashfromcontinuingfinancingactivities,Net Cash From Continuing Financing Activities,+,debit,usd,5637000.0
Universal Electronics Inc,UEIC,549300ZW9EULAR7T6F89,0000101984,2016.0,Q4,2016-10-01,2016-12-31,,netchangeincash,netcashfromfinancingactivities,Net Cash From Financing Activities,+,debit,usd,5637000.0
Universal Electronics Inc,UEIC,549300ZW9EULAR7T6F89,0000101984,2016.0,Q4,2016-10-01,2016-12-31,,netchangeincash,effectofexchangeratechanges,Effect of Exchange Rate Changes,+,debit,usd,3184000.0
Universal Electronics Inc,UEIC,549300ZW9EULAR7T6F89,0000101984,2016.0,Q4,2016-10-01,2016-12-31,,,netchangeincash,Net Change in Cash & Equivalents,=,debit,usd,12204000.0
Universal Electronics Inc,UEIC,549300ZW9EULAR7T6F89,0000101984,2016.0,Q4,2016-10-01,2016-12-31,,,cashinterestpaid,Cash Interest Paid,=,,usd,282000.0
Universal Electronics Inc,UEIC,549300ZW9EULAR7T6F89,0000101984,2016.0,Q4,2016-10-01,2016-12-31,,,cashincometaxespaid,Cash Income Taxes Paid,=,,usd,3857000.0
Universal Electronics Inc,UEIC,549300ZW9EULAR7T6F89,0000101984,2017.0,Q1,2017-01-01,2017-03-31,2018-05-09 17:27:01+00:00,netincomecontinuing,netincome,Consolidated Net Income / (Loss),+,credit,usd,119000.0
Universal Electronics Inc,UEIC,549300ZW9EULAR7T6F89,0000101984,2017.0,Q1,2017-01-01,2017-03-31,2018-05-09 17:27:01+00:00,netcashfromcontinuingoperatingactivities,netincomecontinuing,Net Income / (Loss) Continuing Operations,+,credit,usd,119000.0
Universal Electronics Inc,UEIC,549300ZW9EULAR7T6F89,0000101984,2017.0,Q1,2017-01-01,2017-03-31,2018-05-09 17:27:01+00:00,netcashfromcontinuingoperatingactivities,depreciationexpense,Depreciation Expense,+,debit,usd,7645000.0
Universal Electronics Inc,UEIC,549300ZW9EULAR7T6F89,0000101984,2017.0,Q1,2017-01-01,2017-03-31,2018-05-09 17:27:01+00:00,netcashfromcontinuingoperatingactivities,noncashadjustmentstonetincome,Non-Cash Adjustments To Reconcile Net Income,+,debit,usd,4583000.0
Universal Electronics Inc,UEIC,549300ZW9EULAR7T6F89,0000101984,2017.0,Q1,2017-01-01,2017-03-31,2018-05-09 17:27:01+00:00,netcashfromcontinuingoperatingactivities,increasedecreaseinoperatingcapital,"Changes in Operating Assets and Liabilities, net",+,debit,usd,-24900000.0
Universal Electronics Inc,UEIC,549300ZW9EULAR7T6F89,0000101984,2017.0,Q1,2017-01-01,2017-03-31,2018-05-09 17:27:01+00:00,netcashfromoperatingactivities,netcashfromcontinuingoperatingactivities,Net Cash From Continuing Operating Activities,+,debit,usd,-12553000.0
Universal Electronics Inc,UEIC,549300ZW9EULAR7T6F89,0000101984,2017.0,Q1,2017-01-01,2017-03-31,2018-05-09 17:27:01+00:00,netchangeincash,netcashfromoperatingactivities,Net Cash From Operating Activities,+,debit,usd,-12553000.0
Universal Electronics Inc,UEIC,549300ZW9EULAR7T6F89,0000101984,2017.0,Q1,2017-01-01,2017-03-31,2018-05-09 17:27:01+00:00,netcashfromcontinuinginvestingactivities,purchaseofplantpropertyandequipment,"Purchase of Property, Plant & Equipment",+,debit,usd,-6460000.0
Universal Electronics Inc,UEIC,549300ZW9EULAR7T6F89,0000101984,2017.0,Q1,2017-01-01,2017-03-31,2018-05-09 17:27:01+00:00,netcashfromcontinuinginvestingactivities,acquisitions,Acquisitions,+,debit,usd,-410000.0
Universal Electronics Inc,UEIC,549300ZW9EULAR7T6F89,0000101984,2017.0,Q1,2017-01-01,2017-03-31,2018-05-09 17:27:01+00:00,netcashfrominvestingactivities,netcashfromcontinuinginvestingactivities,Net Cash From Continuing Investing Activities,+,debit,usd,-6870000.0
Universal Electronics Inc,UEIC,549300ZW9EULAR7T6F89,0000101984,2017.0,Q1,2017-01-01,2017-03-31,2018-05-09 17:27:01+00:00,netchangeincash,netcashfrominvestingactivities,Net Cash From Investing Activities,+,debit,usd,-6870000.0
Universal Electronics Inc,UEIC,549300ZW9EULAR7T6F89,0000101984,2017.0,Q1,2017-01-01,2017-03-31,2018-05-09 17:27:01+00:00,netcashfromcontinuingfinancingactivities,repaymentofdebt,Repayment of Debt,+,debit,usd,-14987000.0
Universal Electronics Inc,UEIC,549300ZW9EULAR7T6F89,0000101984,2017.0,Q1,2017-01-01,2017-03-31,2018-05-09 17:27:01+00:00,netcashfromcontinuingfinancingactivities,repurchaseofcommonequity,Repurchase of Common Equity,+,debit,usd,-11389000.0
Universal Electronics Inc,UEIC,549300ZW9EULAR7T6F89,0000101984,2017.0,Q1,2017-01-01,2017-03-31,2018-05-09 17:27:01+00:00,netcashfromcontinuingfinancingactivities,issuanceofdebt,Issuance of Debt,+,debit,usd,53000000.0
Universal Electronics Inc,UEIC,549300ZW9EULAR7T6F89,0000101984,2017.0,Q1,2017-01-01,2017-03-31,2018-05-09 17:27:01+00:00,netcashfromcontinuingfinancingactivities,otherfinancingactivitiesnet,"Other Financing Activities, net",+,debit,usd,237000.0
Universal Electronics Inc,UEIC,549300ZW9EULAR7T6F89,0000101984,2017.0,Q1,2017-01-01,2017-03-31,2018-05-09 17:27:01+00:00,netcashfromfinancingactivities,netcashfromcontinuingfinancingactivities,Net Cash From Continuing Financing Activities,+,debit,usd,26861000.0
Universal Electronics Inc,UEIC,549300ZW9EULAR7T6F89,0000101984,2017.0,Q1,2017-01-01,2017-03-31,2018-05-09 17:27:01+00:00,netchangeincash,netcashfromfinancingactivities,Net Cash From Financing Activities,+,debit,usd,26861000.0
Universal Electronics Inc,UEIC,549300ZW9EULAR7T6F89,0000101984,2017.0,Q1,2017-01-01,2017-03-31,2018-05-09 17:27:01+00:00,,netchangeincash,Net Change in Cash & Equivalents,=,debit,usd,7438000.0
Universal Electronics Inc,UEIC,549300ZW9EULAR7T6F89,0000101984,2017.0,Q1,2017-01-01,2017-03-31,2018-05-09 17:27:01+00:00,,cashinterestpaid,Cash Interest Paid,=,,usd,414000.0
Universal Electronics Inc,UEIC,549300ZW9EULAR7T6F89,0000101984,2017.0,Q1,2017-01-01,2017-03-31,2018-05-09 17:27:01+00:00,,cashincometaxespaid,Cash Income Taxes Paid,=,,usd,2925000.0
Universal Electronics Inc,UEIC,549300ZW9EULAR7T6F89,0000101984,2017.0,Q2,2017-04-01,2017-06-30,,netincomecontinuing,netincome,Consolidated Net Income / (Loss),+,credit,usd,4684000.0
Universal Electronics Inc,UEIC,549300ZW9EULAR7T6F89,0000101984,2017.0,Q2,2017-04-01,2017-06-30,,netcashfromcontinuingoperatingactivities,netincomecontinuing,Net Income / (Loss) Continuing Operations,+,credit,usd,4684000.0
Universal Electronics Inc,UEIC,549300ZW9EULAR7T6F89,0000101984,2017.0,Q2,2017-04-01,2017-06-30,,netcashfromcontinuingoperatingactivities,depreciationexpense,Depreciation Expense,+,debit,usd,8309000.0
Universal Electronics Inc,UEIC,549300ZW9EULAR7T6F89,0000101984,2017.0,Q2,2017-04-01,2017-06-30,,netcashfromcontinuingoperatingactivities,noncashadjustmentstonetincome,Non-Cash Adjustments To Reconcile Net Income,+,debit,usd,4326000.0
Universal Electronics Inc,UEIC,549300ZW9EULAR7T6F89,0000101984,2017.0,Q2,2017-04-01,2017-06-30,,netcashfromcontinuingoperatingactivities,increasedecreaseinoperatingcapital,"Changes in Operating Assets and Liabilities, net",+,debit,usd,-9638000.0
Universal Electronics Inc,UEIC,549300ZW9EULAR7T6F89,0000101984,2017.0,Q2,2017-04-01,2017-06-30,,netcashfromoperatingactivities,netcashfromcontinuingoperatingactivities,Net Cash From Continuing Operating Activities,+,debit,usd,7681000.0
Universal Electronics Inc,UEIC,549300ZW9EULAR7T6F89,0000101984,2017.0,Q2,2017-04-01,2017-06-30,,netchangeincash,netcashfromoperatingactivities,Net Cash From Operating Activities,+,debit,usd,7681000.0
Universal Electronics Inc,UEIC,549300ZW9EULAR7T6F89,0000101984,2017.0,Q2,2017-04-01,2017-06-30,,netcashfromcontinuinginvestingactivities,purchaseofplantpropertyandequipment,"Purchase of Property, Plant & Equipment",+,debit,usd,-11059000.0
Universal Electronics Inc,UEIC,549300ZW9EULAR7T6F89,0000101984,2017.0,Q2,2017-04-01,2017-06-30,,netcashfromcontinuinginvestingactivities,acquisitions,Acquisitions,+,debit,usd,-9209000.0
Universal Electronics Inc,UEIC,549300ZW9EULAR7T6F89,0000101984,2017.0,Q2,2017-04-01,2017-06-30,,netcashfrominvestingactivities,netcashfromcontinuinginvestingactivities,Net Cash From Continuing Investing Activities,+,debit,usd,-20268000.0
Universal Electronics Inc,UEIC,549300ZW9EULAR7T6F89,0000101984,2017.0,Q2,2017-04-01,2017-06-30,,netchangeincash,netcashfrominvestingactivities,Net Cash From Investing Activities,+,debit,usd,-20268000.0
Universal Electronics Inc,UEIC,549300ZW9EULAR7T6F89,0000101984,2017.0,Q2,2017-04-01,2017-06-30,,netcashfromcontinuingfinancingactivities,repaymentofdebt,Repayment of Debt,+,debit,usd,-28000000.0
Universal Electronics Inc,UEIC,549300ZW9EULAR7T6F89,0000101984,2017.0,Q2,2017-04-01,2017-06-30,,netcashfromcontinuingfinancingactivities,repurchaseofcommonequity,Repurchase of Common Equity,+,debit,usd,-3496000.0
Universal Electronics Inc,UEIC,549300ZW9EULAR7T6F89,0000101984,2017.0,Q2,2017-04-01,2017-06-30,,netcashfromcontinuingfinancingactivities,issuanceofdebt,Issuance of Debt,+,debit,usd,32000000.0
Universal Electronics Inc,UEIC,549300ZW9EULAR7T6F89,0000101984,2017.0,Q2,2017-04-01,2017-06-30,,netcashfromcontinuingfinancingactivities,otherfinancingactivitiesnet,"Other Financing Activities, net",+,debit,usd,605000.0
Universal Electronics Inc,UEIC,549300ZW9EULAR7T6F89,0000101984,2017.0,Q2,2017-04-01,2017-06-30,,netcashfromfinancingactivities,netcashfromcontinuingfinancingactivities,Net Cash From Continuing Financing Activities,+,debit,usd,1109000.0
Universal Electronics Inc,UEIC,549300ZW9EULAR7T6F89,0000101984,2017.0,Q2,2017-04-01,2017-06-30,,netchangeincash,netcashfromfinancingactivities,Net Cash From Financing Activities,+,debit,usd,1109000.0
Universal Electronics Inc,UEIC,549300ZW9EULAR7T6F89,0000101984,2017.0,Q2,2017-04-01,2017-06-30,,,netchangeincash,Net Change in Cash & Equivalents,=,debit,usd,-11478000.0
Universal Electronics Inc,UEIC,549300ZW9EULAR7T6F89,0000101984,2017.0,Q2,2017-04-01,2017-06-30,,,cashinterestpaid,Cash Interest Paid,=,,usd,567000.0
Universal Electronics Inc,UEIC,549300ZW9EULAR7T6F89,0000101984,2017.0,Q2,2017-04-01,2017-06-30,,,cashincometaxespaid,Cash Income Taxes Paid,=,,usd,1217000.0
Universal Electronics Inc,UEIC,549300ZW9EULAR7T6F89,0000101984,2017.0,Q3,2017-07-01,2017-09-30,,netincomecontinuing,netincome,Consolidated Net Income / (Loss),+,credit,usd,1728000.0
Universal Electronics Inc,UEIC,549300ZW9EULAR7T6F89,0000101984,2017.0,Q3,2017-07-01,2017-09-30,,netcashfromcontinuingoperatingactivities,netincomecontinuing,Net Income / (Loss) Continuing Operations,+,credit,usd,1728000.0
Universal Electronics Inc,UEIC,549300ZW9EULAR7T6F89,0000101984,2017.0,Q3,2017-07-01,2017-09-30,,netcashfromcontinuingoperatingactivities,depreciationexpense,Depreciation Expense,+,debit,usd,7248000.0
Universal Electronics Inc,UEIC,549300ZW9EULAR7T6F89,0000101984,2017.0,Q3,2017-07-01,2017-09-30,,netcashfromcontinuingoperatingactivities,noncashadjustmentstonetincome,Non-Cash Adjustments To Reconcile Net Income,+,debit,usd,4636000.0
Universal Electronics Inc,UEIC,549300ZW9EULAR7T6F89,0000101984,2017.0,Q3,2017-07-01,2017-09-30,,netcashfromcontinuingoperatingactivities,increasedecreaseinoperatingcapital,"Changes in Operating Assets and Liabilities, net",+,debit,usd,-14523000.0
Universal Electronics Inc,UEIC,549300ZW9EULAR7T6F89,0000101984,2017.0,Q3,2017-07-01,2017-09-30,,netcashfromoperatingactivities,netcashfromcontinuingoperatingactivities,Net Cash From Continuing Operating Activities,+,debit,usd,-911000.0
Universal Electronics Inc,UEIC,549300ZW9EULAR7T6F89,0000101984,2017.0,Q3,2017-07-01,2017-09-30,,netchangeincash,netcashfromoperatingactivities,Net Cash From Operating Activities,+,debit,usd,-911000.0
Universal Electronics Inc,UEIC,549300ZW9EULAR7T6F89,0000101984,2017.0,Q3,2017-07-01,2017-09-30,,netcashfromcontinuinginvestingactivities,purchaseofplantpropertyandequipment,"Purchase of Property, Plant & Equipment",+,debit,usd,-12403000.0
Universal Electronics Inc,UEIC,549300ZW9EULAR7T6F89,0000101984,2017.0,Q3,2017-07-01,2017-09-30,,netcashfromcontinuinginvestingactivities,acquisitions,Acquisitions,+,debit,usd,-550000.0
Universal Electronics Inc,UEIC,549300ZW9EULAR7T6F89,0000101984,2017.0,Q3,2017-07-01,2017-09-30,,netcashfrominvestingactivities,netcashfromcontinuinginvestingactivities,Net Cash From Continuing Investing Activities,+,debit,usd,-12953000.0
Universal Electronics Inc,UEIC,549300ZW9EULAR7T6F89,0000101984,2017.0,Q3,2017-07-01,2017-09-30,,netchangeincash,netcashfrominvestingactivities,Net Cash From Investing Activities,+,debit,usd,-12953000.0
Universal Electronics Inc,UEIC,549300ZW9EULAR7T6F89,0000101984,2017.0,Q3,2017-07-01,2017-09-30,,netcashfromcontinuingfinancingactivities,repaymentofdebt,Repayment of Debt,+,debit,usd,-8000000.0
Universal Electronics Inc,UEIC,549300ZW9EULAR7T6F89,0000101984,2017.0,Q3,2017-07-01,2017-09-30,,netcashfromcontinuingfinancingactivities,repurchaseofcommonequity,Repurchase of Common Equity,+,debit,usd,-5332000.0
Universal Electronics Inc,UEIC,549300ZW9EULAR7T6F89,0000101984,2017.0,Q3,2017-07-01,2017-09-30,,netcashfromcontinuingfinancingactivities,issuanceofdebt,Issuance of Debt,+,debit,usd,30000000.0
Universal Electronics Inc,UEIC,549300ZW9EULAR7T6F89,0000101984,2017.0,Q3,2017-07-01,2017-09-30,,netcashfromcontinuingfinancingactivities,otherfinancingactivitiesnet,"Other Financing Activities, net",+,debit,usd,265000.0
Universal Electronics Inc,UEIC,549300ZW9EULAR7T6F89,0000101984,2017.0,Q3,2017-07-01,2017-09-30,,netcashfromfinancingactivities,netcashfromcontinuingfinancingactivities,Net Cash From Continuing Financing Activities,+,debit,usd,16933000.0
Universal Electronics Inc,UEIC,549300ZW9EULAR7T6F89,0000101984,2017.0,Q3,2017-07-01,2017-09-30,,netchangeincash,netcashfromfinancingactivities,Net Cash From Financing Activities,+,debit,usd,16933000.0
Universal Electronics Inc,UEIC,549300ZW9EULAR7T6F89,0000101984,2017.0,Q3,2017-07-01,2017-09-30,,,netchangeincash,Net Change in Cash & Equivalents,=,debit,usd,3069000.0
Universal Electronics Inc,UEIC,549300ZW9EULAR7T6F89,0000101984,2017.0,Q3,2017-07-01,2017-09-30,,,cashinterestpaid,Cash Interest Paid,=,,usd,716000.0
Universal Electronics Inc,UEIC,549300ZW9EULAR7T6F89,0000101984,2017.0,Q3,2017-07-01,2017-09-30,,,cashincometaxespaid,Cash Income Taxes Paid,=,,usd,1628000.0
Universal Electronics Inc,UEIC,549300ZW9EULAR7T6F89,0000101984,2017.0,Q4,2017-10-01,2017-12-31,,netincomecontinuing,netincome,Consolidated Net Income / (Loss),+,credit,usd,-16854000.0
Universal Electronics Inc,UEIC,549300ZW9EULAR7T6F89,0000101984,2017.0,Q4,2017-10-01,2017-12-31,,netcashfromcontinuingoperatingactivities,netincomecontinuing,Net Income / (Loss) Continuing Operations,+,credit,usd,-16854000.0
Universal Electronics Inc,UEIC,549300ZW9EULAR7T6F89,0000101984,2017.0,Q4,2017-10-01,2017-12-31,,netcashfromcontinuingoperatingactivities,depreciationexpense,Depreciation Expense,+,debit,usd,8110000.0
Universal Electronics Inc,UEIC,549300ZW9EULAR7T6F89,0000101984,2017.0,Q4,2017-10-01,2017-12-31,,netcashfromcontinuingoperatingactivities,noncashadjustmentstonetincome,Non-Cash Adjustments To Reconcile Net Income,+,debit,usd,3995000.0
Universal Electronics Inc,UEIC,549300ZW9EULAR7T6F89,0000101984,2017.0,Q4,2017-10-01,2017-12-31,,netcashfromcontinuingoperatingactivities,increasedecreaseinoperatingcapital,"Changes in Operating Assets and Liabilities, net",+,debit,usd,19697000.0
Universal Electronics Inc,UEIC,549300ZW9EULAR7T6F89,0000101984,2017.0,Q4,2017-10-01,2017-12-31,,netcashfromoperatingactivities,netcashfromcontinuingoperatingactivities,Net Cash From Continuing Operating Activities,+,debit,usd,14948000.0
Universal Electronics Inc,UEIC,549300ZW9EULAR7T6F89,0000101984,2017.0,Q4,2017-10-01,2017-12-31,,netchangeincash,netcashfromoperatingactivities,Net Cash From Operating Activities,+,debit,usd,14948000.0
Universal Electronics Inc,UEIC,549300ZW9EULAR7T6F89,0000101984,2017.0,Q4,2017-10-01,2017-12-31,,netcashfromcontinuinginvestingactivities,purchaseofplantpropertyandequipment,"Purchase of Property, Plant & Equipment",+,debit,usd,-10462000.0
Universal Electronics Inc,UEIC,549300ZW9EULAR7T6F89,0000101984,2017.0,Q4,2017-10-01,2017-12-31,,netcashfromcontinuinginvestingactivities,acquisitions,Acquisitions,+,debit,usd,-674000.0
Universal Electronics Inc,UEIC,549300ZW9EULAR7T6F89,0000101984,2017.0,Q4,2017-10-01,2017-12-31,,netcashfrominvestingactivities,netcashfromcontinuinginvestingactivities,Net Cash From Continuing Investing Activities,+,debit,usd,-11136000.0
Universal Electronics Inc,UEIC,549300ZW9EULAR7T6F89,0000101984,2017.0,Q4,2017-10-01,2017-12-31,,netchangeincash,netcashfrominvestingactivities,Net Cash From Investing Activities,+,debit,usd,-11136000.0
Universal Electronics Inc,UEIC,549300ZW9EULAR7T6F89,0000101984,2017.0,Q4,2017-10-01,2017-12-31,,netcashfromcontinuingfinancingactivities,repaymentofdebt,Repayment of Debt,+,debit,usd,0.0
Universal Electronics Inc,UEIC,549300ZW9EULAR7T6F89,0000101984,2017.0,Q4,2017-10-01,2017-12-31,,netcashfromcontinuingfinancingactivities,repurchaseofcommonequity,Repurchase of Common Equity,+,debit,usd,0.0
Universal Electronics Inc,UEIC,549300ZW9EULAR7T6F89,0000101984,2017.0,Q4,2017-10-01,2017-12-31,,netcashfromcontinuingfinancingactivities,issuanceofdebt,Issuance of Debt,+,debit,usd,0.0
Universal Electronics Inc,UEIC,549300ZW9EULAR7T6F89,0000101984,2017.0,Q4,2017-10-01,2017-12-31,,netcashfromcontinuingfinancingactivities,otherfinancingactivitiesnet,"Other Financing Activities, net",+,debit,usd,0.0
Universal Electronics Inc,UEIC,549300ZW9EULAR7T6F89,0000101984,2017.0,Q4,2017-10-01,2017-12-31,,netchangeincash,netcashfromfinancingactivities,Net Cash From Financing Activities,+,debit,usd,5467000.0
Universal Electronics Inc,UEIC,549300ZW9EULAR7T6F89,0000101984,2017.0,Q4,2017-10-01,2017-12-31,,,netchangeincash,Net Change in Cash & Equivalents,=,debit,usd,9279000.0
Universal Electronics Inc,UEIC,549300ZW9EULAR7T6F89,0000101984,2017.0,Q4,2017-10-01,2017-12-31,,,cashinterestpaid,Cash Interest Paid,=,,usd,1054000.0
Universal Electronics Inc,UEIC,549300ZW9EULAR7T6F89,0000101984,2017.0,Q4,2017-10-01,2017-12-31,,,cashincometaxespaid,Cash Income Taxes Paid,=,,usd,2510000.0
Universal Electronics Inc,UEIC,549300ZW9EULAR7T6F89,0000101984,2018.0,Q1,2018-01-01,2018-03-31,2019-05-08 19:38:19+00:00,netincomecontinuing,netincome,Consolidated Net Income / (Loss),+,credit,usd,-587000.0
Universal Electronics Inc,UEIC,549300ZW9EULAR7T6F89,0000101984,2018.0,Q1,2018-01-01,2018-03-31,2019-05-08 19:38:19+00:00,netcashfromcontinuingoperatingactivities,netincomecontinuing,Net Income / (Loss) Continuing Operations,+,credit,usd,-587000.0
Universal Electronics Inc,UEIC,549300ZW9EULAR7T6F89,0000101984,2018.0,Q1,2018-01-01,2018-03-31,2019-05-08 19:38:19+00:00,netcashfromcontinuingoperatingactivities,depreciationexpense,Depreciation Expense,+,debit,usd,8243000.0
Universal Electronics Inc,UEIC,549300ZW9EULAR7T6F89,0000101984,2018.0,Q1,2018-01-01,2018-03-31,2019-05-08 19:38:19+00:00,netcashfromcontinuingoperatingactivities,noncashadjustmentstonetincome,Non-Cash Adjustments To Reconcile Net Income,+,debit,usd,3771000.0
Universal Electronics Inc,UEIC,549300ZW9EULAR7T6F89,0000101984,2018.0,Q1,2018-01-01,2018-03-31,2019-05-08 19:38:19+00:00,netcashfromcontinuingoperatingactivities,increasedecreaseinoperatingcapital,"Changes in Operating Assets and Liabilities, net",+,debit,usd,-23370000.0
Universal Electronics Inc,UEIC,549300ZW9EULAR7T6F89,0000101984,2018.0,Q1,2018-01-01,2018-03-31,2019-05-08 19:38:19+00:00,netcashfromoperatingactivities,netcashfromcontinuingoperatingactivities,Net Cash From Continuing Operating Activities,+,debit,usd,-11943000.0
Universal Electronics Inc,UEIC,549300ZW9EULAR7T6F89,0000101984,2018.0,Q1,2018-01-01,2018-03-31,2019-05-08 19:38:19+00:00,netchangeincash,netcashfromoperatingactivities,Net Cash From Operating Activities,+,debit,usd,-11943000.0
Universal Electronics Inc,UEIC,549300ZW9EULAR7T6F89,0000101984,2018.0,Q1,2018-01-01,2018-03-31,2019-05-08 19:38:19+00:00,netcashfromcontinuinginvestingactivities,purchaseofplantpropertyandequipment,"Purchase of Property, Plant & Equipment",+,debit,usd,-9314000.0
Universal Electronics Inc,UEIC,549300ZW9EULAR7T6F89,0000101984,2018.0,Q1,2018-01-01,2018-03-31,2019-05-08 19:38:19+00:00,netcashfromcontinuinginvestingactivities,acquisitions,Acquisitions,+,debit,usd,-571000.0
Universal Electronics Inc,UEIC,549300ZW9EULAR7T6F89,0000101984,2018.0,Q1,2018-01-01,2018-03-31,2019-05-08 19:38:19+00:00,netcashfrominvestingactivities,netcashfromcontinuinginvestingactivities,Net Cash From Continuing Investing Activities,+,debit,usd,-9885000.0
Universal Electronics Inc,UEIC,549300ZW9EULAR7T6F89,0000101984,2018.0,Q1,2018-01-01,2018-03-31,2019-05-08 19:38:19+00:00,netchangeincash,netcashfrominvestingactivities,Net Cash From Investing Activities,+,debit,usd,-9885000.0
Universal Electronics Inc,UEIC,549300ZW9EULAR7T6F89,0000101984,2018.0,Q1,2018-01-01,2018-03-31,2019-05-08 19:38:19+00:00,netcashfromcontinuingfinancingactivities,repaymentofdebt,Repayment of Debt,+,debit,usd,-10000000.0
Universal Electronics Inc,UEIC,549300ZW9EULAR7T6F89,0000101984,2018.0,Q1,2018-01-01,2018-03-31,2019-05-08 19:38:19+00:00,netcashfromcontinuingfinancingactivities,repurchaseofcommonequity,Repurchase of Common Equity,+,debit,usd,-615000.0
Universal Electronics Inc,UEIC,549300ZW9EULAR7T6F89,0000101984,2018.0,Q1,2018-01-01,2018-03-31,2019-05-08 19:38:19+00:00,netcashfromcontinuingfinancingactivities,issuanceofdebt,Issuance of Debt,+,debit,usd,13000000.0
Universal Electronics Inc,UEIC,549300ZW9EULAR7T6F89,0000101984,2018.0,Q1,2018-01-01,2018-03-31,2019-05-08 19:38:19+00:00,netcashfromcontinuingfinancingactivities,otherfinancingactivitiesnet,"Other Financing Activities, net",+,debit,usd,-3419000.0
Universal Electronics Inc,UEIC,549300ZW9EULAR7T6F89,0000101984,2018.0,Q1,2018-01-01,2018-03-31,2019-05-08 19:38:19+00:00,netcashfromfinancingactivities,netcashfromcontinuingfinancingactivities,Net Cash From Continuing Financing Activities,+,debit,usd,-1034000.0
Universal Electronics Inc,UEIC,549300ZW9EULAR7T6F89,0000101984,2018.0,Q1,2018-01-01,2018-03-31,2019-05-08 19:38:19+00:00,netchangeincash,netcashfromfinancingactivities,Net Cash From Financing Activities,+,debit,usd,-1034000.0
Universal Electronics Inc,UEIC,549300ZW9EULAR7T6F89,0000101984,2018.0,Q1,2018-01-01,2018-03-31,2019-05-08 19:38:19+00:00,,netchangeincash,Net Change in Cash & Equivalents,=,debit,usd,-22862000.0
Universal Electronics Inc,UEIC,549300ZW9EULAR7T6F89,0000101984,2018.0,Q1,2018-01-01,2018-03-31,2019-05-08 19:38:19+00:00,,cashinterestpaid,Cash Interest Paid,=,,usd,1164000.0
Universal Electronics Inc,UEIC,549300ZW9EULAR7T6F89,0000101984,2018.0,Q1,2018-01-01,2018-03-31,2019-05-08 19:38:19+00:00,,cashincometaxespaid,Cash Income Taxes Paid,=,,usd,2893000.0
Universal Electronics Inc,UEIC,549300ZW9EULAR7T6F89,0000101984,2018.0,Q2,2018-04-01,2018-06-30,,netincomecontinuing,netincome,Consolidated Net Income / (Loss),+,credit,usd,22659000.0
Universal Electronics Inc,UEIC,549300ZW9EULAR7T6F89,0000101984,2018.0,Q2,2018-04-01,2018-06-30,,netcashfromcontinuingoperatingactivities,netincomecontinuing,Net Income / (Loss) Continuing Operations,+,credit,usd,22659000.0
Universal Electronics Inc,UEIC,549300ZW9EULAR7T6F89,0000101984,2018.0,Q2,2018-04-01,2018-06-30,,netcashfromcontinuingoperatingactivities,depreciationexpense,Depreciation Expense,+,debit,usd,8670000.0
Universal Electronics Inc,UEIC,549300ZW9EULAR7T6F89,0000101984,2018.0,Q2,2018-04-01,2018-06-30,,netcashfromcontinuingoperatingactivities,noncashadjustmentstonetincome,Non-Cash Adjustments To Reconcile Net Income,+,debit,usd,-27304000.0
Universal Electronics Inc,UEIC,549300ZW9EULAR7T6F89,0000101984,2018.0,Q2,2018-04-01,2018-06-30,,netcashfromcontinuingoperatingactivities,increasedecreaseinoperatingcapital,"Changes in Operating Assets and Liabilities, net",+,debit,usd,4041000.0
Universal Electronics Inc,UEIC,549300ZW9EULAR7T6F89,0000101984,2018.0,Q2,2018-04-01,2018-06-30,,netcashfromoperatingactivities,netcashfromcontinuingoperatingactivities,Net Cash From Continuing Operating Activities,+,debit,usd,8066000.0
Universal Electronics Inc,UEIC,549300ZW9EULAR7T6F89,0000101984,2018.0,Q2,2018-04-01,2018-06-30,,netchangeincash,netcashfromoperatingactivities,Net Cash From Operating Activities,+,debit,usd,8066000.0
Universal Electronics Inc,UEIC,549300ZW9EULAR7T6F89,0000101984,2018.0,Q2,2018-04-01,2018-06-30,,netcashfromcontinuinginvestingactivities,purchaseofplantpropertyandequipment,"Purchase of Property, Plant & Equipment",+,debit,usd,-4102000.0
Universal Electronics Inc,UEIC,549300ZW9EULAR7T6F89,0000101984,2018.0,Q2,2018-04-01,2018-06-30,,netcashfromcontinuinginvestingactivities,acquisitions,Acquisitions,+,debit,usd,-677000.0
Universal Electronics Inc,UEIC,549300ZW9EULAR7T6F89,0000101984,2018.0,Q2,2018-04-01,2018-06-30,,netcashfromcontinuinginvestingactivities,saleofplantpropertyandequipment,"Sale of Property, Plant & Equipment",+,debit,usd,51291000.0
Universal Electronics Inc,UEIC,549300ZW9EULAR7T6F89,0000101984,2018.0,Q2,2018-04-01,2018-06-30,,netcashfromcontinuinginvestingactivities,otherinvestingactivitiesnet,"Other Investing Activities, net",+,debit,usd,-5053000.0
Universal Electronics Inc,UEIC,549300ZW9EULAR7T6F89,0000101984,2018.0,Q2,2018-04-01,2018-06-30,,netcashfrominvestingactivities,netcashfromcontinuinginvestingactivities,Net Cash From Continuing Investing Activities,+,debit,usd,41459000.0
Universal Electronics Inc,UEIC,549300ZW9EULAR7T6F89,0000101984,2018.0,Q2,2018-04-01,2018-06-30,,netchangeincash,netcashfrominvestingactivities,Net Cash From Investing Activities,+,debit,usd,41459000.0
Universal Electronics Inc,UEIC,549300ZW9EULAR7T6F89,0000101984,2018.0,Q2,2018-04-01,2018-06-30,,netcashfromcontinuingfinancingactivities,repaymentofdebt,Repayment of Debt,+,debit,usd,-40000000.0
Universal Electronics Inc,UEIC,549300ZW9EULAR7T6F89,0000101984,2018.0,Q2,2018-04-01,2018-06-30,,netcashfromcontinuingfinancingactivities,repurchaseofcommonequity,Repurchase of Common Equity,+,debit,usd,-6499000.0
Universal Electronics Inc,UEIC,549300ZW9EULAR7T6F89,0000101984,2018.0,Q2,2018-04-01,2018-06-30,,netcashfromcontinuingfinancingactivities,issuanceofdebt,Issuance of Debt,+,debit,usd,10000000.0
Universal Electronics Inc,UEIC,549300ZW9EULAR7T6F89,0000101984,2018.0,Q2,2018-04-01,2018-06-30,,netcashfromcontinuingfinancingactivities,otherfinancingactivitiesnet,"Other Financing Activities, net",+,debit,usd,265000.0
Universal Electronics Inc,UEIC,549300ZW9EULAR7T6F89,0000101984,2018.0,Q2,2018-04-01,2018-06-30,,netcashfromfinancingactivities,netcashfromcontinuingfinancingactivities,Net Cash From Continuing Financing Activities,+,debit,usd,-36234000.0
Universal Electronics Inc,UEIC,549300ZW9EULAR7T6F89,0000101984,2018.0,Q2,2018-04-01,2018-06-30,,netchangeincash,netcashfromfinancingactivities,Net Cash From Financing Activities,+,debit,usd,-36234000.0
Universal Electronics Inc,UEIC,549300ZW9EULAR7T6F89,0000101984,2018.0,Q2,2018-04-01,2018-06-30,,,netchangeincash,Net Change in Cash & Equivalents,=,debit,usd,13291000.0
Universal Electronics Inc,UEIC,549300ZW9EULAR7T6F89,0000101984,2018.0,Q2,2018-04-01,2018-06-30,,,cashinterestpaid,Cash Interest Paid,=,,usd,1361000.0
Universal Electronics Inc,UEIC,549300ZW9EULAR7T6F89,0000101984,2018.0,Q2,2018-04-01,2018-06-30,,,cashincometaxespaid,Cash Income Taxes Paid,=,,usd,1298000.0
Universal Electronics Inc,UEIC,549300ZW9EULAR7T6F89,0000101984,2018.0,Q3,2018-07-01,2018-09-30,,netincomecontinuing,netincome,Consolidated Net Income / (Loss),+,credit,usd,959000.0
Universal Electronics Inc,UEIC,549300ZW9EULAR7T6F89,0000101984,2018.0,Q3,2018-07-01,2018-09-30,,netcashfromcontinuingoperatingactivities,netincomecontinuing,Net Income / (Loss) Continuing Operations,+,credit,usd,959000.0
Universal Electronics Inc,UEIC,549300ZW9EULAR7T6F89,0000101984,2018.0,Q3,2018-07-01,2018-09-30,,netcashfromcontinuingoperatingactivities,depreciationexpense,Depreciation Expense,+,debit,usd,8351000.0
Universal Electronics Inc,UEIC,549300ZW9EULAR7T6F89,0000101984,2018.0,Q3,2018-07-01,2018-09-30,,netcashfromcontinuingoperatingactivities,noncashadjustmentstonetincome,Non-Cash Adjustments To Reconcile Net Income,+,debit,usd,4328000.0
Universal Electronics Inc,UEIC,549300ZW9EULAR7T6F89,0000101984,2018.0,Q3,2018-07-01,2018-09-30,,netcashfromcontinuingoperatingactivities,increasedecreaseinoperatingcapital,"Changes in Operating Assets and Liabilities, net",+,debit,usd,-14335000.0
Universal Electronics Inc,UEIC,549300ZW9EULAR7T6F89,0000101984,2018.0,Q3,2018-07-01,2018-09-30,,netcashfromoperatingactivities,netcashfromcontinuingoperatingactivities,Net Cash From Continuing Operating Activities,+,debit,usd,-697000.0
Universal Electronics Inc,UEIC,549300ZW9EULAR7T6F89,0000101984,2018.0,Q3,2018-07-01,2018-09-30,,netchangeincash,netcashfromoperatingactivities,Net Cash From Operating Activities,+,debit,usd,-697000.0
Universal Electronics Inc,UEIC,549300ZW9EULAR7T6F89,0000101984,2018.0,Q3,2018-07-01,2018-09-30,,netcashfromcontinuinginvestingactivities,purchaseofplantpropertyandequipment,"Purchase of Property, Plant & Equipment",+,debit,usd,-3422000.0
Universal Electronics Inc,UEIC,549300ZW9EULAR7T6F89,0000101984,2018.0,Q3,2018-07-01,2018-09-30,,netcashfromcontinuinginvestingactivities,acquisitions,Acquisitions,+,debit,usd,-663000.0
Universal Electronics Inc,UEIC,549300ZW9EULAR7T6F89,0000101984,2018.0,Q3,2018-07-01,2018-09-30,,netcashfrominvestingactivities,netcashfromcontinuinginvestingactivities,Net Cash From Continuing Investing Activities,+,debit,usd,-4085000.0
Universal Electronics Inc,UEIC,549300ZW9EULAR7T6F89,0000101984,2018.0,Q3,2018-07-01,2018-09-30,,netchangeincash,netcashfrominvestingactivities,Net Cash From Investing Activities,+,debit,usd,-4085000.0
Universal Electronics Inc,UEIC,549300ZW9EULAR7T6F89,0000101984,2018.0,Q3,2018-07-01,2018-09-30,,netcashfromcontinuingfinancingactivities,repaymentofdebt,Repayment of Debt,+,debit,usd,-32500000.0
Universal Electronics Inc,UEIC,549300ZW9EULAR7T6F89,0000101984,2018.0,Q3,2018-07-01,2018-09-30,,netcashfromcontinuingfinancingactivities,repurchaseofcommonequity,Repurchase of Common Equity,+,debit,usd,-5450000.0
Universal Electronics Inc,UEIC,549300ZW9EULAR7T6F89,0000101984,2018.0,Q3,2018-07-01,2018-09-30,,netcashfromcontinuingfinancingactivities,issuanceofdebt,Issuance of Debt,+,debit,usd,25000000.0
Universal Electronics Inc,UEIC,549300ZW9EULAR7T6F89,0000101984,2018.0,Q3,2018-07-01,2018-09-30,,netcashfromcontinuingfinancingactivities,otherfinancingactivitiesnet,"Other Financing Activities, net",+,debit,usd,160000.0
Universal Electronics Inc,UEIC,549300ZW9EULAR7T6F89,0000101984,2018.0,Q3,2018-07-01,2018-09-30,,netcashfromfinancingactivities,netcashfromcontinuingfinancingactivities,Net Cash From Continuing Financing Activities,+,debit,usd,-12790000.0
Universal Electronics Inc,UEIC,549300ZW9EULAR7T6F89,0000101984,2018.0,Q3,2018-07-01,2018-09-30,,netchangeincash,netcashfromfinancingactivities,Net Cash From Financing Activities,+,debit,usd,-12790000.0
Universal Electronics Inc,UEIC,549300ZW9EULAR7T6F89,0000101984,2018.0,Q3,2018-07-01,2018-09-30,,,netchangeincash,Net Change in Cash & Equivalents,=,debit,usd,-17572000.0
Universal Electronics Inc,UEIC,549300ZW9EULAR7T6F89,0000101984,2018.0,Q3,2018-07-01,2018-09-30,,,cashinterestpaid,Cash Interest Paid,=,,usd,1197000.0
Universal Electronics Inc,UEIC,549300ZW9EULAR7T6F89,0000101984,2018.0,Q3,2018-07-01,2018-09-30,,,cashincometaxespaid,Cash Income Taxes Paid,=,,usd,1262000.0
Universal Electronics Inc,UEIC,549300ZW9EULAR7T6F89,0000101984,2018.0,Q4,2018-10-01,2018-12-31,,netincomecontinuing,netincome,Consolidated Net Income / (Loss),+,credit,usd,-11107000.0
Universal Electronics Inc,UEIC,549300ZW9EULAR7T6F89,0000101984,2018.0,Q4,2018-10-01,2018-12-31,,netcashfromcontinuingoperatingactivities,netincomecontinuing,Net Income / (Loss) Continuing Operations,+,credit,usd,-11107000.0
Universal Electronics Inc,UEIC,549300ZW9EULAR7T6F89,0000101984,2018.0,Q4,2018-10-01,2018-12-31,,netcashfromcontinuingoperatingactivities,depreciationexpense,Depreciation Expense,+,debit,usd,8338000.0
Universal Electronics Inc,UEIC,549300ZW9EULAR7T6F89,0000101984,2018.0,Q4,2018-10-01,2018-12-31,,netcashfromcontinuingoperatingactivities,noncashadjustmentstonetincome,Non-Cash Adjustments To Reconcile Net Income,+,debit,usd,-2516000.0
Universal Electronics Inc,UEIC,549300ZW9EULAR7T6F89,0000101984,2018.0,Q4,2018-10-01,2018-12-31,,netcashfromcontinuingoperatingactivities,increasedecreaseinoperatingcapital,"Changes in Operating Assets and Liabilities, net",+,debit,usd,22714000.0
Universal Electronics Inc,UEIC,549300ZW9EULAR7T6F89,0000101984,2018.0,Q4,2018-10-01,2018-12-31,,netcashfromoperatingactivities,netcashfromcontinuingoperatingactivities,Net Cash From Continuing Operating Activities,+,debit,usd,17429000.0
Universal Electronics Inc,UEIC,549300ZW9EULAR7T6F89,0000101984,2018.0,Q4,2018-10-01,2018-12-31,,netchangeincash,netcashfromoperatingactivities,Net Cash From Operating Activities,+,debit,usd,17429000.0
Universal Electronics Inc,UEIC,549300ZW9EULAR7T6F89,0000101984,2018.0,Q4,2018-10-01,2018-12-31,,netcashfromcontinuinginvestingactivities,purchaseofplantpropertyandequipment,"Purchase of Property, Plant & Equipment",+,debit,usd,-3304000.0
Universal Electronics Inc,UEIC,549300ZW9EULAR7T6F89,0000101984,2018.0,Q4,2018-10-01,2018-12-31,,netcashfromcontinuinginvestingactivities,acquisitions,Acquisitions,+,debit,usd,-610000.0
Universal Electronics Inc,UEIC,549300ZW9EULAR7T6F89,0000101984,2018.0,Q4,2018-10-01,2018-12-31,,netcashfrominvestingactivities,netcashfromcontinuinginvestingactivities,Net Cash From Continuing Investing Activities,+,debit,usd,-3914000.0
Universal Electronics Inc,UEIC,549300ZW9EULAR7T6F89,0000101984,2018.0,Q4,2018-10-01,2018-12-31,,netchangeincash,netcashfrominvestingactivities,Net Cash From Investing Activities,+,debit,usd,-3914000.0
Universal Electronics Inc,UEIC,549300ZW9EULAR7T6F89,0000101984,2018.0,Q4,2018-10-01,2018-12-31,,netcashfromcontinuingfinancingactivities,repaymentofdebt,Repayment of Debt,+,debit,usd,0.0
Universal Electronics Inc,UEIC,549300ZW9EULAR7T6F89,0000101984,2018.0,Q4,2018-10-01,2018-12-31,,netcashfromcontinuingfinancingactivities,repurchaseofcommonequity,Repurchase of Common Equity,+,debit,usd,0.0
Universal Electronics Inc,UEIC,549300ZW9EULAR7T6F89,0000101984,2018.0,Q4,2018-10-01,2018-12-31,,netcashfromcontinuingfinancingactivities,issuanceofdebt,Issuance of Debt,+,debit,usd,0.0
Universal Electronics Inc,UEIC,549300ZW9EULAR7T6F89,0000101984,2018.0,Q4,2018-10-01,2018-12-31,,netcashfromcontinuingfinancingactivities,otherfinancingactivitiesnet,"Other Financing Activities, net",+,debit,usd,0.0
Universal Electronics Inc,UEIC,549300ZW9EULAR7T6F89,0000101984,2018.0,Q4,2018-10-01,2018-12-31,,netchangeincash,netcashfromfinancingactivities,Net Cash From Financing Activities,+,debit,usd,-3260000.0
Universal Electronics Inc,UEIC,549300ZW9EULAR7T6F89,0000101984,2018.0,Q4,2018-10-01,2018-12-31,,,netchangeincash,Net Change in Cash & Equivalents,=,debit,usd,10255000.0
Universal Electronics Inc,UEIC,549300ZW9EULAR7T6F89,0000101984,2018.0,Q4,2018-10-01,2018-12-31,,,cashinterestpaid,Cash Interest Paid,=,,usd,1259000.0
Universal Electronics Inc,UEIC,549300ZW9EULAR7T6F89,0000101984,2018.0,Q4,2018-10-01,2018-12-31,,,cashincometaxespaid,Cash Income Taxes Paid,=,,usd,2205000.0
Universal Electronics Inc,UEIC,549300ZW9EULAR7T6F89,0000101984,2019.0,Q1,2019-01-01,2019-03-31,2020-05-08 13:57:25+00:00,netincomecontinuing,netincome,Consolidated Net Income / (Loss),+,credit,usd,-1005000.0
Universal Electronics Inc,UEIC,549300ZW9EULAR7T6F89,0000101984,2019.0,Q1,2019-01-01,2019-03-31,2020-05-08 13:57:25+00:00,netcashfromcontinuingoperatingactivities,netincomecontinuing,Net Income / (Loss) Continuing Operations,+,credit,usd,-1005000.0
Universal Electronics Inc,UEIC,549300ZW9EULAR7T6F89,0000101984,2019.0,Q1,2019-01-01,2019-03-31,2020-05-08 13:57:25+00:00,netcashfromcontinuingoperatingactivities,depreciationexpense,Depreciation Expense,+,debit,usd,8019000.0
Universal Electronics Inc,UEIC,549300ZW9EULAR7T6F89,0000101984,2019.0,Q1,2019-01-01,2019-03-31,2020-05-08 13:57:25+00:00,netcashfromcontinuingoperatingactivities,noncashadjustmentstonetincome,Non-Cash Adjustments To Reconcile Net Income,+,debit,usd,2702000.0
Universal Electronics Inc,UEIC,549300ZW9EULAR7T6F89,0000101984,2019.0,Q1,2019-01-01,2019-03-31,2020-05-08 13:57:25+00:00,netcashfromcontinuingoperatingactivities,increasedecreaseinoperatingcapital,"Changes in Operating Assets and Liabilities, net",+,debit,usd,-14263000.0
Universal Electronics Inc,UEIC,549300ZW9EULAR7T6F89,0000101984,2019.0,Q1,2019-01-01,2019-03-31,2020-05-08 13:57:25+00:00,netcashfromoperatingactivities,netcashfromcontinuingoperatingactivities,Net Cash From Continuing Operating Activities,+,debit,usd,-4547000.0
Universal Electronics Inc,UEIC,549300ZW9EULAR7T6F89,0000101984,2019.0,Q1,2019-01-01,2019-03-31,2020-05-08 13:57:25+00:00,netchangeincash,netcashfromoperatingactivities,Net Cash From Operating Activities,+,debit,usd,-4547000.0
Universal Electronics Inc,UEIC,549300ZW9EULAR7T6F89,0000101984,2019.0,Q1,2019-01-01,2019-03-31,2020-05-08 13:57:25+00:00,netcashfromcontinuinginvestingactivities,purchaseofplantpropertyandequipment,"Purchase of Property, Plant & Equipment",+,debit,usd,-2800000.0
Universal Electronics Inc,UEIC,549300ZW9EULAR7T6F89,0000101984,2019.0,Q1,2019-01-01,2019-03-31,2020-05-08 13:57:25+00:00,netcashfromcontinuinginvestingactivities,acquisitions,Acquisitions,+,debit,usd,-653000.0
Universal Electronics Inc,UEIC,549300ZW9EULAR7T6F89,0000101984,2019.0,Q1,2019-01-01,2019-03-31,2020-05-08 13:57:25+00:00,netcashfromcontinuinginvestingactivities,otherinvestingactivitiesnet,"Other Investing Activities, net",+,debit,usd,0.0
Universal Electronics Inc,UEIC,549300ZW9EULAR7T6F89,0000101984,2019.0,Q1,2019-01-01,2019-03-31,2020-05-08 13:57:25+00:00,netcashfrominvestingactivities,netcashfromcontinuinginvestingactivities,Net Cash From Continuing Investing Activities,+,debit,usd,-3453000.0
Universal Electronics Inc,UEIC,549300ZW9EULAR7T6F89,0000101984,2019.0,Q1,2019-01-01,2019-03-31,2020-05-08 13:57:25+00:00,netchangeincash,netcashfrominvestingactivities,Net Cash From Investing Activities,+,debit,usd,-3453000.0
Universal Electronics Inc,UEIC,549300ZW9EULAR7T6F89,0000101984,2019.0,Q1,2019-01-01,2019-03-31,2020-05-08 13:57:25+00:00,netcashfromcontinuingfinancingactivities,repaymentofdebt,Repayment of Debt,+,debit,usd,-20000000.0
Universal Electronics Inc,UEIC,549300ZW9EULAR7T6F89,0000101984,2019.0,Q1,2019-01-01,2019-03-31,2020-05-08 13:57:25+00:00,netcashfromcontinuingfinancingactivities,repurchaseofcommonequity,Repurchase of Common Equity,+,debit,usd,-1215000.0
Universal Electronics Inc,UEIC,549300ZW9EULAR7T6F89,0000101984,2019.0,Q1,2019-01-01,2019-03-31,2020-05-08 13:57:25+00:00,netcashfromcontinuingfinancingactivities,issuanceofdebt,Issuance of Debt,+,debit,usd,25000000.0
Universal Electronics Inc,UEIC,549300ZW9EULAR7T6F89,0000101984,2019.0,Q1,2019-01-01,2019-03-31,2020-05-08 13:57:25+00:00,netcashfromcontinuingfinancingactivities,otherfinancingactivitiesnet,"Other Financing Activities, net",+,debit,usd,-4251000.0
Universal Electronics Inc,UEIC,549300ZW9EULAR7T6F89,0000101984,2019.0,Q1,2019-01-01,2019-03-31,2020-05-08 13:57:25+00:00,netcashfromfinancingactivities,netcashfromcontinuingfinancingactivities,Net Cash From Continuing Financing Activities,+,debit,usd,-466000.0
Universal Electronics Inc,UEIC,549300ZW9EULAR7T6F89,0000101984,2019.0,Q1,2019-01-01,2019-03-31,2020-05-08 13:57:25+00:00,netchangeincash,netcashfromfinancingactivities,Net Cash From Financing Activities,+,debit,usd,-466000.0
Universal Electronics Inc,UEIC,549300ZW9EULAR7T6F89,0000101984,2019.0,Q1,2019-01-01,2019-03-31,2020-05-08 13:57:25+00:00,,netchangeincash,Net Change in Cash & Equivalents,=,debit,usd,-8466000.0
Universal Electronics Inc,UEIC,549300ZW9EULAR7T6F89,0000101984,2019.0,Q1,2019-01-01,2019-03-31,2020-05-08 13:57:25+00:00,,cashinterestpaid,Cash Interest Paid,=,,usd,1186000.0
Universal Electronics Inc,UEIC,549300ZW9EULAR7T6F89,0000101984,2019.0,Q1,2019-01-01,2019-03-31,2020-05-08 13:57:25+00:00,,cashincometaxespaid,Cash Income Taxes Paid,=,,usd,1942000.0
Universal Electronics Inc,UEIC,549300ZW9EULAR7T6F89,0000101984,2019.0,Q2,2019-04-01,2019-06-30,,netincomecontinuing,netincome,Consolidated Net Income / (Loss),+,credit,usd,-5061000.0
Universal Electronics Inc,UEIC,549300ZW9EULAR7T6F89,0000101984,2019.0,Q2,2019-04-01,2019-06-30,,netcashfromcontinuingoperatingactivities,netincomecontinuing,Net Income / (Loss) Continuing Operations,+,credit,usd,-5061000.0
Universal Electronics Inc,UEIC,549300ZW9EULAR7T6F89,0000101984,2019.0,Q2,2019-04-01,2019-06-30,,netcashfromcontinuingoperatingactivities,depreciationexpense,Depreciation Expense,+,debit,usd,7852000.0
Universal Electronics Inc,UEIC,549300ZW9EULAR7T6F89,0000101984,2019.0,Q2,2019-04-01,2019-06-30,,netcashfromcontinuingoperatingactivities,noncashadjustmentstonetincome,Non-Cash Adjustments To Reconcile Net Income,+,debit,usd,9800000.0
Universal Electronics Inc,UEIC,549300ZW9EULAR7T6F89,0000101984,2019.0,Q2,2019-04-01,2019-06-30,,netcashfromcontinuingoperatingactivities,increasedecreaseinoperatingcapital,"Changes in Operating Assets and Liabilities, net",+,debit,usd,12189000.0
Universal Electronics Inc,UEIC,549300ZW9EULAR7T6F89,0000101984,2019.0,Q2,2019-04-01,2019-06-30,,netcashfromoperatingactivities,netcashfromcontinuingoperatingactivities,Net Cash From Continuing Operating Activities,+,debit,usd,24780000.0
Universal Electronics Inc,UEIC,549300ZW9EULAR7T6F89,0000101984,2019.0,Q2,2019-04-01,2019-06-30,,netchangeincash,netcashfromoperatingactivities,Net Cash From Operating Activities,+,debit,usd,24780000.0
Universal Electronics Inc,UEIC,549300ZW9EULAR7T6F89,0000101984,2019.0,Q2,2019-04-01,2019-06-30,,netcashfromcontinuinginvestingactivities,purchaseofplantpropertyandequipment,"Purchase of Property, Plant & Equipment",+,debit,usd,-7293000.0
Universal Electronics Inc,UEIC,549300ZW9EULAR7T6F89,0000101984,2019.0,Q2,2019-04-01,2019-06-30,,netcashfromcontinuinginvestingactivities,acquisitions,Acquisitions,+,debit,usd,-607000.0
Universal Electronics Inc,UEIC,549300ZW9EULAR7T6F89,0000101984,2019.0,Q2,2019-04-01,2019-06-30,,netcashfrominvestingactivities,netcashfromcontinuinginvestingactivities,Net Cash From Continuing Investing Activities,+,debit,usd,-7900000.0
Universal Electronics Inc,UEIC,549300ZW9EULAR7T6F89,0000101984,2019.0,Q2,2019-04-01,2019-06-30,,netchangeincash,netcashfrominvestingactivities,Net Cash From Investing Activities,+,debit,usd,-7900000.0
Universal Electronics Inc,UEIC,549300ZW9EULAR7T6F89,0000101984,2019.0,Q2,2019-04-01,2019-06-30,,netcashfromcontinuingfinancingactivities,repaymentofdebt,Repayment of Debt,+,debit,usd,-26500000.0
Universal Electronics Inc,UEIC,549300ZW9EULAR7T6F89,0000101984,2019.0,Q2,2019-04-01,2019-06-30,,netcashfromcontinuingfinancingactivities,repurchaseofcommonequity,Repurchase of Common Equity,+,debit,usd,-189000.0
Universal Electronics Inc,UEIC,549300ZW9EULAR7T6F89,0000101984,2019.0,Q2,2019-04-01,2019-06-30,,netcashfromcontinuingfinancingactivities,issuanceofdebt,Issuance of Debt,+,debit,usd,15000000.0
Universal Electronics Inc,UEIC,549300ZW9EULAR7T6F89,0000101984,2019.0,Q2,2019-04-01,2019-06-30,,netcashfromfinancingactivities,netcashfromcontinuingfinancingactivities,Net Cash From Continuing Financing Activities,+,debit,usd,-11689000.0
Universal Electronics Inc,UEIC,549300ZW9EULAR7T6F89,0000101984,2019.0,Q2,2019-04-01,2019-06-30,,netchangeincash,netcashfromfinancingactivities,Net Cash From Financing Activities,+,debit,usd,-11689000.0
Universal Electronics Inc,UEIC,549300ZW9EULAR7T6F89,0000101984,2019.0,Q2,2019-04-01,2019-06-30,,,netchangeincash,Net Change in Cash & Equivalents,=,debit,usd,5191000.0
Universal Electronics Inc,UEIC,549300ZW9EULAR7T6F89,0000101984,2019.0,Q2,2019-04-01,2019-06-30,,,cashinterestpaid,Cash Interest Paid,=,,usd,-30000.0
Universal Electronics Inc,UEIC,549300ZW9EULAR7T6F89,0000101984,2019.0,Q2,2019-04-01,2019-06-30,,,cashincometaxespaid,Cash Income Taxes Paid,=,,usd,2031000.0
Universal Electronics Inc,UEIC,549300ZW9EULAR7T6F89,0000101984,2019.0,Q3,2019-07-01,2019-09-30,,netincomecontinuing,netincome,Consolidated Net Income / (Loss),+,credit,usd,2669000.0
Universal Electronics Inc,UEIC,549300ZW9EULAR7T6F89,0000101984,2019.0,Q3,2019-07-01,2019-09-30,,netcashfromcontinuingoperatingactivities,netincomecontinuing,Net Income / (Loss) Continuing Operations,+,credit,usd,2669000.0
Universal Electronics Inc,UEIC,549300ZW9EULAR7T6F89,0000101984,2019.0,Q3,2019-07-01,2019-09-30,,netcashfromcontinuingoperatingactivities,depreciationexpense,Depreciation Expense,+,debit,usd,7863000.0
Universal Electronics Inc,UEIC,549300ZW9EULAR7T6F89,0000101984,2019.0,Q3,2019-07-01,2019-09-30,,netcashfromcontinuingoperatingactivities,noncashadjustmentstonetincome,Non-Cash Adjustments To Reconcile Net Income,+,debit,usd,7970000.0
Universal Electronics Inc,UEIC,549300ZW9EULAR7T6F89,0000101984,2019.0,Q3,2019-07-01,2019-09-30,,netcashfromcontinuingoperatingactivities,increasedecreaseinoperatingcapital,"Changes in Operating Assets and Liabilities, net",+,debit,usd,1186000.0
Universal Electronics Inc,UEIC,549300ZW9EULAR7T6F89,0000101984,2019.0,Q3,2019-07-01,2019-09-30,,netcashfromoperatingactivities,netcashfromcontinuingoperatingactivities,Net Cash From Continuing Operating Activities,+,debit,usd,19688000.0
Universal Electronics Inc,UEIC,549300ZW9EULAR7T6F89,0000101984,2019.0,Q3,2019-07-01,2019-09-30,,netchangeincash,netcashfromoperatingactivities,Net Cash From Operating Activities,+,debit,usd,19688000.0
Universal Electronics Inc,UEIC,549300ZW9EULAR7T6F89,0000101984,2019.0,Q3,2019-07-01,2019-09-30,,netcashfromcontinuinginvestingactivities,purchaseofplantpropertyandequipment,"Purchase of Property, Plant & Equipment",+,debit,usd,-5761000.0
Universal Electronics Inc,UEIC,549300ZW9EULAR7T6F89,0000101984,2019.0,Q3,2019-07-01,2019-09-30,,netcashfromcontinuinginvestingactivities,acquisitions,Acquisitions,+,debit,usd,-245000.0
Universal Electronics Inc,UEIC,549300ZW9EULAR7T6F89,0000101984,2019.0,Q3,2019-07-01,2019-09-30,,netcashfrominvestingactivities,netcashfromcontinuinginvestingactivities,Net Cash From Continuing Investing Activities,+,debit,usd,-6006000.0
Universal Electronics Inc,UEIC,549300ZW9EULAR7T6F89,0000101984,2019.0,Q3,2019-07-01,2019-09-30,,netchangeincash,netcashfrominvestingactivities,Net Cash From Investing Activities,+,debit,usd,-6006000.0
Universal Electronics Inc,UEIC,549300ZW9EULAR7T6F89,0000101984,2019.0,Q3,2019-07-01,2019-09-30,,netcashfromcontinuingfinancingactivities,repaymentofdebt,Repayment of Debt,+,debit,usd,-24500000.0
Universal Electronics Inc,UEIC,549300ZW9EULAR7T6F89,0000101984,2019.0,Q3,2019-07-01,2019-09-30,,netcashfromcontinuingfinancingactivities,repurchaseofcommonequity,Repurchase of Common Equity,+,debit,usd,-337000.0
Universal Electronics Inc,UEIC,549300ZW9EULAR7T6F89,0000101984,2019.0,Q3,2019-07-01,2019-09-30,,netcashfromcontinuingfinancingactivities,issuanceofdebt,Issuance of Debt,+,debit,usd,17500000.0
Universal Electronics Inc,UEIC,549300ZW9EULAR7T6F89,0000101984,2019.0,Q3,2019-07-01,2019-09-30,,netcashfromcontinuingfinancingactivities,otherfinancingactivitiesnet,"Other Financing Activities, net",+,debit,usd,411000.0
Universal Electronics Inc,UEIC,549300ZW9EULAR7T6F89,0000101984,2019.0,Q3,2019-07-01,2019-09-30,,netcashfromfinancingactivities,netcashfromcontinuingfinancingactivities,Net Cash From Continuing Financing Activities,+,debit,usd,-6926000.0
Universal Electronics Inc,UEIC,549300ZW9EULAR7T6F89,0000101984,2019.0,Q3,2019-07-01,2019-09-30,,netchangeincash,netcashfromfinancingactivities,Net Cash From Financing Activities,+,debit,usd,-6926000.0
Universal Electronics Inc,UEIC,549300ZW9EULAR7T6F89,0000101984,2019.0,Q3,2019-07-01,2019-09-30,,,netchangeincash,Net Change in Cash & Equivalents,=,debit,usd,6756000.0
Universal Electronics Inc,UEIC,549300ZW9EULAR7T6F89,0000101984,2019.0,Q3,2019-07-01,2019-09-30,,,cashinterestpaid,Cash Interest Paid,=,,usd,2323000.0
Universal Electronics Inc,UEIC,549300ZW9EULAR7T6F89,0000101984,2019.0,Q3,2019-07-01,2019-09-30,,,cashincometaxespaid,Cash Income Taxes Paid,=,,usd,1635000.0
Universal Electronics Inc,UEIC,549300ZW9EULAR7T6F89,0000101984,2019.0,Q4,2019-10-01,2019-12-31,,netincomecontinuing,netincome,Consolidated Net Income / (Loss),+,credit,usd,7027000.0
Universal Electronics Inc,UEIC,549300ZW9EULAR7T6F89,0000101984,2019.0,Q4,2019-10-01,2019-12-31,,netcashfromcontinuingoperatingactivities,netincomecontinuing,Net Income / (Loss) Continuing Operations,+,credit,usd,7027000.0
Universal Electronics Inc,UEIC,549300ZW9EULAR7T6F89,0000101984,2019.0,Q4,2019-10-01,2019-12-31,,netcashfromcontinuingoperatingactivities,depreciationexpense,Depreciation Expense,+,debit,usd,8192000.0
Universal Electronics Inc,UEIC,549300ZW9EULAR7T6F89,0000101984,2019.0,Q4,2019-10-01,2019-12-31,,netcashfromcontinuingoperatingactivities,noncashadjustmentstonetincome,Non-Cash Adjustments To Reconcile Net Income,+,debit,usd,-6736000.0
Universal Electronics Inc,UEIC,549300ZW9EULAR7T6F89,0000101984,2019.0,Q4,2019-10-01,2019-12-31,,netcashfromcontinuingoperatingactivities,increasedecreaseinoperatingcapital,"Changes in Operating Assets and Liabilities, net",+,debit,usd,36853000.0
Universal Electronics Inc,UEIC,549300ZW9EULAR7T6F89,0000101984,2019.0,Q4,2019-10-01,2019-12-31,,netcashfromoperatingactivities,netcashfromcontinuingoperatingactivities,Net Cash From Continuing Operating Activities,+,debit,usd,45336000.0
Universal Electronics Inc,UEIC,549300ZW9EULAR7T6F89,0000101984,2019.0,Q4,2019-10-01,2019-12-31,,netchangeincash,netcashfromoperatingactivities,Net Cash From Operating Activities,+,debit,usd,45336000.0
Universal Electronics Inc,UEIC,549300ZW9EULAR7T6F89,0000101984,2019.0,Q4,2019-10-01,2019-12-31,,netcashfromcontinuinginvestingactivities,purchaseofplantpropertyandequipment,"Purchase of Property, Plant & Equipment",+,debit,usd,-5459000.0
Universal Electronics Inc,UEIC,549300ZW9EULAR7T6F89,0000101984,2019.0,Q4,2019-10-01,2019-12-31,,netcashfromcontinuinginvestingactivities,acquisitions,Acquisitions,+,debit,usd,-1150000.0
Universal Electronics Inc,UEIC,549300ZW9EULAR7T6F89,0000101984,2019.0,Q4,2019-10-01,2019-12-31,,netcashfrominvestingactivities,netcashfromcontinuinginvestingactivities,Net Cash From Continuing Investing Activities,+,debit,usd,-6609000.0
Universal Electronics Inc,UEIC,549300ZW9EULAR7T6F89,0000101984,2019.0,Q4,2019-10-01,2019-12-31,,netchangeincash,netcashfrominvestingactivities,Net Cash From Investing Activities,+,debit,usd,-6609000.0
Universal Electronics Inc,UEIC,549300ZW9EULAR7T6F89,0000101984,2019.0,Q4,2019-10-01,2019-12-31,,netcashfromcontinuingfinancingactivities,repaymentofdebt,Repayment of Debt,+,debit,usd,-35000000.0
Universal Electronics Inc,UEIC,549300ZW9EULAR7T6F89,0000101984,2019.0,Q4,2019-10-01,2019-12-31,,netcashfromcontinuingfinancingactivities,repurchaseofcommonequity,Repurchase of Common Equity,+,debit,usd,-187000.0
Universal Electronics Inc,UEIC,549300ZW9EULAR7T6F89,0000101984,2019.0,Q4,2019-10-01,2019-12-31,,netcashfromcontinuingfinancingactivities,issuanceofdebt,Issuance of Debt,+,debit,usd,15000000.0
Universal Electronics Inc,UEIC,549300ZW9EULAR7T6F89,0000101984,2019.0,Q4,2019-10-01,2019-12-31,,netcashfromcontinuingfinancingactivities,otherfinancingactivitiesnet,"Other Financing Activities, net",+,debit,usd,-11000.0
Universal Electronics Inc,UEIC,549300ZW9EULAR7T6F89,0000101984,2019.0,Q4,2019-10-01,2019-12-31,,netcashfromfinancingactivities,netcashfromcontinuingfinancingactivities,Net Cash From Continuing Financing Activities,+,debit,usd,-20198000.0
Universal Electronics Inc,UEIC,549300ZW9EULAR7T6F89,0000101984,2019.0,Q4,2019-10-01,2019-12-31,,netchangeincash,netcashfromfinancingactivities,Net Cash From Financing Activities,+,debit,usd,-20150000.0
Universal Electronics Inc,UEIC,549300ZW9EULAR7T6F89,0000101984,2019.0,Q4,2019-10-01,2019-12-31,,,netchangeincash,Net Change in Cash & Equivalents,=,debit,usd,18577000.0
Universal Electronics Inc,UEIC,549300ZW9EULAR7T6F89,0000101984,2019.0,Q4,2019-10-01,2019-12-31,,,cashinterestpaid,Cash Interest Paid,=,,usd,924000.0
Universal Electronics Inc,UEIC,549300ZW9EULAR7T6F89,0000101984,2019.0,Q4,2019-10-01,2019-12-31,,,cashincometaxespaid,Cash Income Taxes Paid,=,,usd,1667000.0
