date,intraperiod,frequency,open,high,low,close,volume,adj_open,adj_high,adj_low,adj_close,adj_volume
1990-12-31,False,daily,201.0,201.0,198.0,198.0,8400.0,78.2900772712611,78.2900772712611,77.12156865527213,77.12156865527213,8400.0
1990-12-28,False,daily,201.0,201.0,200.0,200.5,4400.0,78.2900772712611,78.2900772712611,77.90057439926478,78.09532583526294,4400.0
1990-12-27,False,daily,199.0,201.0,199.0,200.0,3400.0,77.51107152726846,78.2900772712611,77.51107152726846,77.90057439926478,3400.0
1990-12-26,False,daily,195.0,200.5,195.0,200.0,5200.0,75.95306003928316,78.09532583526294,75.95306003928316,77.90057439926478,5200.0
1990-12-24,False,daily,197.0,197.0,194.0,194.0,2700.0,76.7320657832758,76.7320657832758,75.56355716728683,75.56355716728683,2700.0
1990-12-21,False,daily,200.5,201.5,198.0,198.0,13400.0,78.09532583526294,78.48482870725927,77.12156865527213,77.12156865527213,13400.0
1990-12-20,False,daily,200.5,204.3,200.5,201.5,6400.0,78.09532583526294,79.57543674884897,78.09532583526294,78.48482870725927,6400.0
1990-12-19,False,daily,200.0,201.5,199.0,201.5,2600.0,77.90057439926478,78.48482870725927,77.51107152726846,78.48482870725927,2600.0
1990-12-18,False,daily,195.0,201.5,195.0,199.8,33700.0,75.95306003928316,78.48482870725927,75.95306003928316,77.82267382486552,33700.0
1990-12-17,False,daily,195.5,195.5,193.0,194.0,3000.0,76.14781147528132,76.14781147528132,75.1740542952905,75.56355716728683,3000.0
1990-12-14,False,daily,199.5,199.5,196.5,197.0,7500.0,77.70582296326661,77.70582296326661,76.53731434727764,76.7320657832758,7500.0
1990-12-13,False,daily,201.5,206.5,200.0,200.5,9100.0,78.48482870725927,80.43234306724088,77.90057439926478,78.09532583526294,9100.0
1990-12-12,False,daily,205.5,205.8,200.0,200.5,7600.0,80.04284019524457,80.15969105684346,77.90057439926478,78.09532583526294,7600.0
1990-12-11,False,daily,205.5,207.5,205.0,205.5,1900.0,80.04284019524457,80.8218459392372,79.8480887592464,80.04284019524457,1900.0
1990-12-10,False,daily,199.5,204.5,199.5,204.5,2200.0,77.70582296326661,79.65333732324824,77.70582296326661,79.65333732324824,2200.0
1990-12-07,False,daily,194.5,198.5,194.5,198.5,2500.0,75.758308603285,77.31632009127028,75.758308603285,77.31632009127028,2500.0
1990-12-06,False,daily,189.0,195.0,189.0,194.5,6800.0,73.61604280730522,75.95306003928316,73.61604280730522,75.758308603285,6800.0
1990-12-05,False,daily,185.0,188.0,185.0,187.8,4200.0,72.05803131931992,73.22653993530889,72.05803131931992,73.14863936090963,4200.0
1990-12-04,False,daily,187.0,188.0,186.0,186.0,2400.0,72.83703706331256,73.22653993530889,72.44753419131624,72.44753419131624,2400.0
1990-12-03,False,daily,185.0,190.0,185.0,188.0,7600.0,72.05803131931992,74.00554567930153,72.05803131931992,73.22653993530889,7600.0
1990-11-30,False,daily,180.5,185.0,180.0,184.0,11700.0,70.30526839533646,72.05803131931992,70.1105169593383,71.6685284473236,11700.0
1990-11-29,False,daily,175.5,180.5,175.5,180.5,16100.0,68.35775403535484,70.30526839533646,68.35775403535484,70.30526839533646,16100.0
1990-11-28,False,daily,172.5,174.8,172.5,174.8,11600.0,67.18924541936588,68.08510202495742,67.18924541936588,68.08510202495742,11600.0
1990-11-27,False,daily,173.0,173.0,170.0,173.0,13900.0,67.38399685536403,67.38399685536403,66.21548823937506,67.38399685536403,13900.0
1990-11-26,False,daily,175.0,175.0,172.0,173.0,12300.0,68.16300259935667,68.16300259935667,66.9944939833677,67.38399685536403,12300.0
1990-11-23,False,daily,175.5,176.5,175.0,175.4,3400.0,68.35775403535484,68.74725690735117,68.16300259935667,68.31880374815522,3400.0
1990-11-21,False,daily,175.8,176.0,175.0,175.5,8400.0,68.47460489695375,68.552505471353,68.16300259935667,68.35775403535484,8400.0
1990-11-20,False,daily,176.5,179.0,174.5,175.0,13500.0,68.74725690735117,69.72101408734197,67.96825116335852,68.16300259935667,13500.0
1990-11-19,False,daily,175.5,176.5,175.0,176.5,2100.0,68.35775403535484,68.74725690735117,68.16300259935667,68.74725690735117,2100.0
1990-11-16,False,daily,179.5,179.8,172.8,176.0,9000.0,69.91576552334014,70.03261638493903,67.30609628096477,68.552505471353,9000.0
1990-11-15,False,daily,180.0,180.0,178.3,178.5,13600.0,70.1105169593383,70.1105169593383,69.44836207694455,69.52626265134381,13600.0
1990-11-14,False,daily,177.3,181.0,176.8,180.5,8400.0,69.05885920494823,70.50001983133463,68.86410776895006,70.30526839533646,8400.0
1990-11-13,False,daily,178.5,179.5,178.0,178.0,4200.0,69.52626265134381,69.91576552334014,69.33151121534566,69.33151121534566,4200.0
1990-11-12,False,daily,174.5,179.0,174.0,179.0,11300.0,67.96825116335852,69.72101408734197,67.77349972736036,69.72101408734197,11300.0
1990-11-09,False,daily,169.0,173.5,169.0,173.5,11600.0,65.82598536737873,67.57874829136219,65.82598536737873,67.57874829136219,11600.0
1990-11-08,False,daily,170.0,170.0,168.0,168.5,16200.0,66.21548823937506,66.21548823937506,65.4364824953824,65.63123393138058,16200.0
1990-11-07,False,daily,171.0,171.0,169.8,169.8,17800.0,66.60499111137139,66.60499111137139,66.1375876649758,66.1375876649758,17800.0
1990-11-06,False,daily,172.8,172.8,170.0,171.0,7000.0,67.30609628096477,67.30609628096477,66.21548823937506,66.60499111137139,7000.0
1990-11-05,False,daily,172.8,175.0,171.5,172.8,16600.0,67.30609628096477,68.16300259935667,66.79974254736955,67.30609628096477,16600.0
1990-11-02,False,daily,172.8,173.0,171.5,172.5,9700.0,67.30609628096477,67.38399685536403,66.79974254736955,67.18924541936588,9700.0
1990-11-01,False,daily,172.0,172.0,170.5,171.0,2600.0,66.9944939833677,66.9944939833677,66.41023967537322,66.60499111137139,2600.0
1990-10-31,False,daily,169.8,174.5,168.5,173.0,22900.0,66.1375876649758,67.96825116335852,65.63123393138058,67.38399685536403,22900.0
1990-10-30,False,daily,173.8,173.8,167.0,168.5,10800.0,67.6955991529611,67.6955991529611,65.0469796233861,65.63123393138058,10800.0
1990-10-29,False,daily,178.0,178.0,173.8,173.8,2900.0,69.33151121534566,69.33151121534566,67.6955991529611,67.6955991529611,2900.0
1990-10-26,False,daily,183.0,183.0,179.0,179.0,27300.0,71.27902557532727,71.27902557532727,69.72101408734197,69.72101408734197,27300.0
1990-10-25,False,daily,185.3,185.3,183.0,183.0,6200.0,72.17488218091881,72.17488218091881,71.27902557532727,71.27902557532727,6200.0
1990-10-24,False,daily,183.0,185.3,183.0,184.3,12200.0,71.27902557532727,72.17488218091881,71.27902557532727,71.7853793089225,12200.0
1990-10-23,False,daily,187.0,188.0,184.0,184.0,4200.0,72.83703706331256,73.22653993530889,71.6685284473236,71.6685284473236,4200.0
1990-10-22,False,daily,189.5,189.5,188.0,188.5,2000.0,73.81079424330338,73.81079424330338,73.22653993530889,73.42129137130705,2000.0
1990-10-19,False,daily,190.0,190.5,188.5,189.0,6300.0,74.00554567930153,74.2002971152997,73.42129137130705,73.61604280730522,6300.0
1990-10-18,False,daily,190.5,190.5,186.0,189.0,13500.0,74.2002971152997,74.2002971152997,72.44753419131624,73.61604280730522,13500.0
1990-10-17,False,daily,194.5,194.5,191.8,191.8,10800.0,75.758308603285,75.758308603285,74.70665084889492,74.70665084889492,10800.0
1990-10-16,False,daily,197.0,197.0,192.0,193.5,4500.0,76.7320657832758,76.7320657832758,74.78455142329419,75.36880573128867,4500.0
1990-10-15,False,daily,196.0,197.5,196.0,197.3,4600.0,76.34256291127949,76.92681721927397,76.34256291127949,76.8489166448747,4600.0
1990-10-12,False,daily,197.0,198.0,196.3,197.0,5200.0,76.7320657832758,77.12156865527213,76.45941377287838,76.7320657832758,5200.0
1990-10-11,False,daily,200.0,200.0,195.0,196.0,9500.0,77.90057439926478,77.90057439926478,75.95306003928316,76.34256291127949,9500.0
1990-10-10,False,daily,207.0,207.0,202.0,202.0,16300.0,80.62709450323905,80.62709450323905,78.67958014325743,78.67958014325743,16300.0
1990-10-09,False,daily,210.0,210.0,207.5,207.5,1900.0,81.79560311922802,81.79560311922802,80.8218459392372,80.8218459392372,1900.0
1990-10-08,False,daily,212.5,212.5,211.0,211.0,1100.0,82.76936029921883,82.76936029921883,82.18510599122433,82.18510599122433,1100.0
1990-10-05,False,daily,212.6,212.6,211.8,211.8,700.0,82.80831058641846,82.80831058641846,82.49670828882141,82.49670828882141,700.0
1990-10-04,False,daily,214.0,214.0,212.5,213.5,1100.0,82.9619152904501,82.9619152904501,82.38040653841422,82.76807903977146,1100.0
1990-10-03,False,daily,217.8,217.8,215.0,215.0,3100.0,84.43507079560761,84.43507079560761,83.34958779180734,83.34958779180734,3100.0
1990-10-02,False,daily,214.0,217.0,212.8,216.8,9400.0,82.9619152904501,84.12493279452183,82.4967082888214,84.04739829425037,9400.0
1990-10-01,False,daily,213.5,214.5,213.0,213.5,3800.0,82.76807903977146,83.15575154112871,82.57424278909285,82.76807903977146,3800.0
1990-09-28,False,daily,211.5,212.5,210.0,212.5,4200.0,81.99273403705698,82.38040653841422,81.41122528502112,82.38040653841422,4200.0
1990-09-27,False,daily,211.5,212.5,210.5,212.5,3400.0,81.99273403705698,82.38040653841422,81.60506153569973,82.38040653841422,3400.0
1990-09-26,False,daily,210.0,211.5,210.0,210.5,5500.0,81.41122528502112,81.99273403705698,81.41122528502112,81.60506153569973,5500.0
1990-09-25,False,daily,212.0,212.0,209.0,211.5,6500.0,82.1865702877356,82.1865702877356,81.02355278366387,81.99273403705698,6500.0
1990-09-24,False,daily,216.5,216.5,212.5,212.5,4300.0,83.9310965438432,83.9310965438432,82.38040653841422,82.38040653841422,4300.0
1990-09-21,False,daily,223.0,223.0,216.0,217.0,9700.0,86.45096780266528,86.45096780266528,83.73726029316458,84.12493279452183,9700.0
1990-09-20,False,daily,228.0,228.5,223.0,223.0,14200.0,88.3893303094515,88.58316656013012,86.45096780266528,86.45096780266528,14200.0
1990-09-19,False,daily,232.5,232.5,229.0,229.0,9400.0,90.13385656555909,90.13385656555909,88.77700281080874,88.77700281080874,9400.0
1990-09-18,False,daily,234.5,235.5,231.5,233.0,4100.0,90.90920156827357,91.29687406963082,89.74618406420184,90.32769281623771,4100.0
1990-09-17,False,daily,234.0,235.0,234.0,235.0,1500.0,90.71536531759496,91.1030378189522,90.71536531759496,91.1030378189522,1500.0
1990-09-14,False,daily,238.0,239.0,232.0,233.5,15200.0,92.26605532302393,92.65372782438118,89.94002031488047,90.52152906691633,15200.0
1990-09-13,False,daily,240.0,240.0,238.0,238.0,4800.0,93.04140032573842,93.04140032573842,92.26605532302393,92.26605532302393,4800.0
1990-09-12,False,daily,241.0,241.0,240.0,240.5,1800.0,93.42907282709567,93.42907282709567,93.04140032573842,93.23523657641704,1800.0
1990-09-11,False,daily,244.5,244.5,240.0,240.1,6500.0,94.78592658184601,94.78592658184601,93.04140032573842,93.08016757587414,6500.0
1990-09-10,False,daily,244.1,245.0,244.1,245.0,1300.0,94.63085758130312,94.97976283252463,94.63085758130312,94.97976283252463,1300.0
1990-09-07,False,daily,243.0,244.3,243.0,244.3,9500.0,94.20441782981015,94.70839208157457,94.20441782981015,94.70839208157457,9500.0
1990-09-06,False,daily,241.5,242.5,241.0,242.5,1600.0,93.62290907777428,94.01058157913153,93.42907282709567,94.01058157913153,1600.0
1990-09-05,False,daily,242.3,242.5,241.5,242.5,500.0,93.93304707886008,94.01058157913153,93.62290907777428,94.01058157913153,500.0
1990-09-04,False,daily,240.0,241.5,240.0,241.3,12700.0,93.04140032573842,93.62290907777428,93.04140032573842,93.54537457750284,12700.0
1990-08-31,False,daily,240.0,240.0,239.5,239.5,500.0,93.04140032573842,93.04140032573842,92.8475640750598,92.8475640750598,500.0
1990-08-30,False,daily,237.8,241.0,237.8,239.0,4300.0,92.18852082275248,93.42907282709567,92.18852082275248,92.65372782438118,4300.0
1990-08-29,False,daily,236.0,238.0,236.0,238.0,1500.0,91.49071032030945,92.26605532302393,91.49071032030945,92.26605532302393,1500.0
1990-08-28,False,daily,235.5,235.5,235.0,235.0,10100.0,91.29687406963082,91.29687406963082,91.1030378189522,91.1030378189522,10100.0
1990-08-27,False,daily,233.0,235.5,233.0,235.5,2900.0,90.32769281623771,91.29687406963082,90.32769281623771,91.29687406963082,2900.0
1990-08-24,False,daily,228.0,232.0,227.5,232.0,9700.0,88.3893303094515,89.94002031488047,88.19549405877288,89.94002031488047,9700.0
1990-08-23,False,daily,231.5,231.5,228.0,228.0,4600.0,89.74618406420184,89.74618406420184,88.3893303094515,88.3893303094515,4600.0
1990-08-22,False,daily,233.8,234.0,233.0,233.0,2800.0,90.63783081732352,90.71536531759496,90.32769281623771,90.32769281623771,2800.0
1990-08-21,False,daily,237.0,237.0,233.0,233.5,19800.0,91.87838282166669,91.87838282166669,90.32769281623771,90.52152906691633,19800.0
1990-08-20,False,daily,238.5,239.5,238.3,238.3,4100.0,92.45989157370255,92.8475640750598,92.38235707343111,92.38235707343111,4100.0
1990-08-17,False,daily,241.5,241.5,238.0,238.0,21200.0,93.62290907777428,93.62290907777428,92.26605532302393,92.26605532302393,21200.0
1990-08-16,False,daily,242.0,242.8,242.0,242.8,1200.0,93.81674532845291,94.1268833295387,93.81674532845291,94.1268833295387,1200.0
1990-08-15,False,daily,244.5,244.5,243.0,243.0,1700.0,94.78592658184601,94.78592658184601,94.20441782981015,94.20441782981015,1700.0
1990-08-14,False,daily,240.0,245.5,240.0,244.5,47600.0,93.04140032573842,95.17359908320326,93.04140032573842,94.78592658184601,47600.0
1990-08-13,False,daily,241.0,241.0,240.0,240.0,10400.0,93.42907282709567,93.42907282709567,93.04140032573842,93.04140032573842,10400.0
1990-08-10,False,daily,243.5,245.0,242.0,242.0,20000.0,94.39825408048877,94.97976283252463,93.81674532845291,93.81674532845291,20000.0
1990-08-09,False,daily,238.3,242.5,238.3,242.0,6600.0,92.38235707343111,94.01058157913153,92.38235707343111,93.81674532845291,6600.0
1990-08-08,False,daily,232.3,239.0,232.3,239.0,60700.0,90.05632206528765,92.65372782438118,90.05632206528765,92.65372782438118,60700.0
1990-08-07,False,daily,231.8,232.5,230.8,232.5,10900.0,89.86248581460903,90.13385656555909,89.47481331325179,90.13385656555909,10900.0
1990-08-06,False,daily,236.8,236.8,229.5,230.3,42300.0,91.80084832139524,91.80084832139524,88.97083906148737,89.28097706257316,42300.0
1990-08-03,False,daily,239.0,239.0,235.0,237.3,10800.0,92.65372782438118,92.65372782438118,91.1030378189522,91.99468457207387,10800.0
1990-08-02,False,daily,242.0,242.0,240.0,240.0,10500.0,93.81674532845291,93.81674532845291,93.04140032573842,93.04140032573842,10500.0
1990-08-01,False,daily,244.5,245.5,243.0,243.0,5700.0,94.78592658184601,95.17359908320326,94.20441782981015,94.20441782981015,5700.0
1990-07-31,False,daily,243.8,244.8,243.8,244.8,11400.0,94.51455583089594,94.90222833225319,94.51455583089594,94.90222833225319,11400.0
1990-07-30,False,daily,247.0,247.0,244.0,244.8,13600.0,95.75510783523912,95.75510783523912,94.59209033116738,94.90222833225319,13600.0
1990-07-27,False,daily,251.0,251.0,248.0,248.0,13000.0,97.30579784066809,97.30579784066809,96.14278033659636,96.14278033659636,13000.0
1990-07-26,False,daily,253.0,253.0,251.0,251.0,19800.0,98.08114284338258,98.08114284338258,97.30579784066809,97.30579784066809,19800.0
1990-07-25,False,daily,255.0,255.0,252.5,253.0,7100.0,98.85648784609707,98.85648784609707,97.88730659270396,98.08114284338258,7100.0
1990-07-24,False,daily,258.0,258.0,255.0,255.0,6900.0,100.0195053501688,100.0195053501688,98.85648784609707,98.85648784609707,6900.0
1990-07-23,False,daily,260.3,260.3,258.0,258.5,4900.0,100.91115210329046,100.91115210329046,100.0195053501688,100.21334160084741,4900.0
1990-07-20,False,daily,262.5,263.0,261.0,261.5,11900.0,101.37187734189767,101.56496663207272,100.79260947137254,100.9856987615476,11900.0
1990-07-19,False,daily,261.0,263.0,261.0,263.0,54700.0,100.79260947137254,101.56496663207272,100.79260947137254,101.56496663207272,54700.0
1990-07-18,False,daily,262.0,262.3,261.5,261.5,2800.0,101.17878805172263,101.29464162582767,100.9856987615476,100.9856987615476,2800.0
1990-07-17,False,daily,262.0,263.5,262.0,263.0,14700.0,101.17878805172263,101.75805592224776,101.17878805172263,101.56496663207272,14700.0
1990-07-16,False,daily,262.0,262.0,262.0,262.0,900.0,101.17878805172263,101.17878805172263,101.17878805172263,101.17878805172263,900.0
1990-07-13,False,daily,265.0,265.0,263.0,263.0,5000.0,102.33732379277289,102.33732379277289,101.56496663207272,101.56496663207272,5000.0
1990-07-12,False,daily,262.3,264.0,262.0,264.0,5700.0,101.29464162582767,101.95114521242282,101.17878805172263,101.95114521242282,5700.0
1990-07-11,False,daily,259.3,262.0,258.5,261.5,6400.0,100.13610588477741,101.17878805172263,99.82716302049734,100.9856987615476,6400.0
1990-07-10,False,daily,261.0,262.0,259.0,259.8,8300.0,100.79260947137254,101.17878805172263,100.02025231067238,100.32919517495245,8300.0
1990-07-09,False,daily,259.3,260.3,259.3,260.0,3300.0,100.13610588477741,100.5222844651275,100.13610588477741,100.40643089102247,3300.0
1990-07-06,False,daily,262.5,262.5,260.3,260.3,4400.0,101.37187734189767,101.37187734189767,100.5222844651275,100.5222844651275,4400.0
1990-07-05,False,daily,261.5,262.5,260.0,262.5,12700.0,100.9856987615476,101.37187734189767,100.40643089102247,101.37187734189767,12700.0
1990-07-03,False,daily,261.3,262.0,260.0,262.0,29900.0,100.90846304547757,101.17878805172263,100.40643089102247,101.17878805172263,29900.0
1990-07-02,False,daily,264.0,264.0,260.0,262.3,16300.0,101.95114521242282,101.95114521242282,100.40643089102247,101.29464162582767,16300.0
1990-06-29,False,daily,264.0,264.0,263.0,263.0,4700.0,101.95114521242282,101.95114521242282,101.56496663207272,101.56496663207272,4700.0
1990-06-28,False,daily,260.8,263.5,260.8,263.5,7800.0,100.71537375530254,101.75805592224776,100.71537375530254,101.75805592224776,7800.0
1990-06-27,False,daily,261.8,261.8,260.0,261.0,26700.0,101.10155233565263,101.10155233565263,100.40643089102247,100.79260947137254,26700.0
1990-06-26,False,daily,263.0,263.0,262.0,262.8,4100.0,101.56496663207272,101.56496663207272,101.17878805172263,101.4877309160027,4100.0
1990-06-25,False,daily,257.5,262.0,257.5,262.0,14100.0,99.44098444014725,101.17878805172263,99.44098444014725,101.17878805172263,14100.0
1990-06-22,False,daily,257.3,259.0,257.0,257.5,13500.0,99.36374872407724,100.02025231067238,99.24789514997221,99.44098444014725,13500.0
1990-06-21,False,daily,257.0,257.0,255.5,256.3,9600.0,99.24789514997221,99.24789514997221,98.66862727944708,98.97757014372715,9600.0
1990-06-20,False,daily,255.1,258.0,255.0,256.5,9400.0,98.51415584730704,99.63407373032229,98.47553798927203,99.05480585979716,9400.0
1990-06-19,False,daily,255.5,255.5,255.0,255.1,3500.0,98.66862727944708,98.66862727944708,98.47553798927203,98.51415584730704,3500.0
1990-06-18,False,daily,258.5,258.5,255.0,256.0,5300.0,99.82716302049734,99.82716302049734,98.47553798927203,98.86171656962212,5300.0
1990-06-15,False,daily,261.5,261.5,258.5,258.5,6600.0,100.9856987615476,100.9856987615476,99.82716302049734,99.82716302049734,6600.0
1990-06-14,False,daily,262.0,263.5,262.0,262.0,3300.0,101.17878805172263,101.75805592224776,101.17878805172263,101.17878805172263,3300.0
1990-06-13,False,daily,261.5,264.0,261.5,263.0,15000.0,100.9856987615476,101.95114521242282,100.9856987615476,101.56496663207272,15000.0
1990-06-12,False,daily,253.0,260.5,253.0,260.5,8300.0,97.70318082857186,100.5995201811975,97.70318082857186,100.5995201811975,8300.0
1990-06-11,False,daily,254.5,254.5,252.5,253.0,4400.0,98.28244869909699,98.28244869909699,97.51009153839682,97.70318082857186,4400.0
1990-06-08,False,daily,254.0,256.0,254.0,254.5,2300.0,98.08935940892195,98.86171656962212,98.08935940892195,98.28244869909699,2300.0
1990-06-07,False,daily,257.3,257.3,254.5,254.5,6000.0,99.36374872407724,99.36374872407724,98.28244869909699,98.28244869909699,6000.0
1990-06-06,False,daily,257.8,259.0,256.3,256.3,5100.0,99.55683801425228,100.02025231067238,98.97757014372715,98.97757014372715,5100.0
1990-06-05,False,daily,257.8,260.0,257.5,258.0,15200.0,99.55683801425228,100.40643089102247,99.44098444014725,99.63407373032229,15200.0
1990-06-04,False,daily,257.8,257.8,255.5,257.0,3600.0,99.55683801425228,99.55683801425228,98.66862727944708,99.24789514997221,3600.0
1990-06-01,False,daily,257.8,257.8,256.3,257.8,6600.0,99.55683801425228,99.55683801425228,98.97757014372715,99.55683801425228,6600.0
1990-05-31,False,daily,259.0,259.8,257.0,257.5,4000.0,100.02025231067238,100.32919517495245,99.24789514997221,99.44098444014725,4000.0
1990-05-30,False,daily,261.0,261.0,258.8,259.8,11900.0,100.79260947137254,100.79260947137254,99.94301659460237,100.32919517495245,11900.0
1990-05-29,False,daily,259.3,260.0,256.0,259.0,21400.0,100.13610588477741,100.40643089102247,98.86171656962212,100.02025231067238,21400.0
1990-05-25,False,daily,261.0,262.0,260.0,260.3,3700.0,100.79260947137254,101.17878805172263,100.40643089102247,100.5222844651275,3700.0
1990-05-24,False,daily,261.5,261.5,259.0,260.0,70600.0,100.9856987615476,100.9856987615476,100.02025231067238,100.40643089102247,70600.0
1990-05-23,False,daily,264.0,266.0,262.5,262.5,5000.0,101.95114521242282,102.72350237312298,101.37187734189767,101.37187734189767,5000.0
1990-05-22,False,daily,261.3,264.5,261.3,264.5,7000.0,100.90846304547757,102.14423450259785,100.90846304547757,102.14423450259785,7000.0
1990-05-21,False,daily,259.5,260.5,258.5,260.5,33100.0,100.21334160084741,100.5995201811975,99.82716302049734,100.5995201811975,33100.0
1990-05-18,False,daily,255.5,258.5,255.5,258.5,25100.0,98.66862727944708,99.82716302049734,98.66862727944708,99.82716302049734,25100.0
1990-05-17,False,daily,253.0,257.0,253.0,255.5,19700.0,97.70318082857186,99.24789514997221,97.70318082857186,98.66862727944708,19700.0
1990-05-16,False,daily,247.3,252.5,247.3,251.8,15400.0,95.50196292057637,97.51009153839682,95.50196292057637,97.23976653215176,15400.0
1990-05-15,False,daily,244.0,248.0,244.0,246.8,16700.0,94.22757360542109,95.77228792682142,94.22757360542109,95.30887363040132,16700.0
1990-05-14,False,daily,243.8,246.5,243.5,244.8,14100.0,94.15033788935106,95.19302005629629,94.03448431524603,94.53651646970116,14100.0
1990-05-11,False,daily,243.0,243.5,242.0,243.0,13700.0,93.841395025071,94.03448431524603,93.4552164447209,93.841395025071,13700.0
1990-05-10,False,daily,233.8,241.5,232.8,241.5,34700.0,90.2885520858502,93.26212715454587,89.90237350550012,93.26212715454587,34700.0
1990-05-09,False,daily,232.8,233.3,232.8,233.0,9700.0,89.90237350550012,90.09546279567516,89.90237350550012,89.97960922157013,9700.0
1990-05-08,False,daily,233.5,233.8,232.5,232.5,21100.0,90.17269851174517,90.2885520858502,89.78651993139509,89.78651993139509,21100.0
1990-05-07,False,daily,233.0,233.3,232.5,233.3,28400.0,89.97960922157013,90.09546279567516,89.78651993139509,90.09546279567516,28400.0
1990-05-04,False,daily,233.0,233.5,232.8,233.0,38500.0,89.97960922157013,90.17269851174517,89.90237350550012,89.97960922157013,38500.0
1990-05-03,False,daily,234.3,234.3,233.0,233.0,25400.0,90.48164137602525,90.48164137602525,89.97960922157013,89.97960922157013,25400.0
1990-05-02,False,daily,234.5,234.5,233.5,234.0,13900.0,90.55887709209526,90.55887709209526,90.17269851174517,90.36578780192022,13900.0
1990-05-01,False,daily,235.4,236.0,234.0,234.5,55600.0,90.90643781441034,91.13814496262039,90.36578780192022,90.55887709209526,55600.0
1990-04-30,False,daily,236.5,236.5,235.0,235.5,23200.0,91.33123425279544,91.33123425279544,90.7519663822703,90.94505567244535,23200.0
1990-04-27,False,daily,238.3,238.5,236.3,236.5,14400.0,92.02635569742559,92.10359141349561,91.25399853672542,91.33123425279544,14400.0
1990-04-26,False,daily,239.5,240.3,238.0,238.5,9600.0,92.4897699938457,92.79871285812577,91.91050212332057,92.10359141349561,9600.0
1990-04-25,False,daily,242.3,242.3,239.5,239.5,11200.0,93.57107001882594,93.57107001882594,92.4897699938457,92.4897699938457,11200.0
1990-04-24,False,daily,242.5,243.3,242.5,242.5,8900.0,93.64830573489596,93.95724859917603,93.64830573489596,93.64830573489596,8900.0
1990-04-23,False,daily,243.0,243.0,242.0,242.5,6300.0,93.841395025071,93.841395025071,93.4552164447209,93.64830573489596,6300.0
1990-04-20,False,daily,245.5,246.0,242.5,243.5,22600.0,94.80684147594621,94.99993076612125,93.64830573489596,94.03448431524603,22600.0
1990-04-19,False,daily,247.0,247.3,246.0,246.0,13800.0,95.38610934647134,95.50196292057637,94.99993076612125,94.99993076612125,13800.0
1990-04-18,False,daily,249.0,249.5,247.0,247.0,11500.0,96.15846650717151,96.35155579734656,95.38610934647134,95.38610934647134,11500.0
1990-04-17,False,daily,249.5,249.8,248.3,248.3,10400.0,96.35155579734656,96.46740937145158,95.88814150092645,95.88814150092645,10400.0
1990-04-16,False,daily,250.0,251.5,250.0,250.0,6200.0,96.5446450875216,97.12391295804673,96.5446450875216,96.5446450875216,6200.0
1990-04-12,False,daily,249.8,249.8,249.3,249.8,1900.0,96.46740937145158,96.46740937145158,96.27432008127654,96.46740937145158,1900.0
1990-04-11,False,daily,250.5,252.0,249.0,249.5,34600.0,96.73773437769664,97.31700224822177,96.15846650717151,96.35155579734656,34600.0
1990-04-10,False,daily,252.3,252.3,249.8,251.0,10900.0,97.4328558223268,97.4328558223268,96.46740937145158,96.93082366787169,10900.0
1990-04-09,False,daily,255.5,255.5,252.5,252.8,6400.0,98.66862727944708,98.66862727944708,97.51009153839682,97.62594511250184,6400.0
1990-04-06,False,daily,256.5,256.5,255.3,255.5,5300.0,99.05480585979716,99.05480585979716,98.59139156337706,98.66862727944708,5300.0
1990-04-05,False,daily,257.3,257.5,257.3,257.5,5300.0,98.97636568811592,99.05330029028313,98.97636568811592,99.05330029028313,5300.0
1990-04-04,False,daily,257.3,257.3,256.5,257.3,16600.0,98.97636568811592,98.97636568811592,98.66862727944708,98.97636568811592,16600.0
1990-04-03,False,daily,257.0,258.0,256.8,256.8,11600.0,98.8609637848651,99.24563679570116,98.78402918269789,98.78402918269789,11600.0
1990-04-02,False,daily,255.8,257.5,255.5,257.5,9200.0,98.39935617186185,99.05330029028313,98.28395426861103,99.05330029028313,9200.0
1990-03-30,False,daily,254.8,256.8,254.8,256.8,3100.0,98.0146831610258,98.78402918269789,98.0146831610258,98.78402918269789,3100.0
1990-03-29,False,daily,254.3,254.8,254.3,254.8,13600.0,97.82234665560777,98.0146831610258,97.82234665560777,98.0146831610258,13600.0
1990-03-28,False,daily,254.5,255.3,254.0,254.0,20800.0,97.89928125777497,98.20701966644383,97.70694475235695,97.70694475235695,20800.0
1990-03-27,False,daily,255.0,255.0,254.0,254.5,7000.0,98.091617763193,98.091617763193,97.70694475235695,97.89928125777497,7000.0
1990-03-26,False,daily,257.8,257.8,255.0,255.0,15500.0,99.16870219353395,99.16870219353395,98.091617763193,98.091617763193,15500.0
1990-03-23,False,daily,261.0,261.0,258.3,258.3,4300.0,100.3996558282093,100.3996558282093,99.36103869895197,99.36103869895197,4300.0
1990-03-22,False,daily,261.8,261.8,260.8,261.3,2700.0,100.70739423687816,100.70739423687816,100.3227212260421,100.51505773146013,2700.0
1990-03-21,False,daily,262.8,262.8,262.0,262.3,3000.0,101.0920672477142,101.0920672477142,100.78432883904536,100.89973074229619,3000.0
1990-03-20,False,daily,262.8,262.8,262.0,262.3,4000.0,101.0920672477142,101.0920672477142,100.78432883904536,100.89973074229619,4000.0
1990-03-19,False,daily,262.5,262.5,262.0,262.5,1100.0,100.97666534446338,100.97666534446338,100.78432883904536,100.97666534446338,1100.0
1990-03-16,False,daily,265.0,265.0,262.5,262.5,20700.0,101.93834787155352,101.93834787155352,100.97666534446338,100.97666534446338,20700.0
1990-03-15,False,daily,264.5,264.5,264.0,264.5,4700.0,101.74601136613549,101.74601136613549,101.55367486071746,101.74601136613549,4700.0
1990-03-14,False,daily,263.5,264.0,263.0,264.0,3000.0,101.36133835529944,101.55367486071746,101.16900184988141,101.55367486071746,3000.0
1990-03-13,False,daily,264.3,264.3,263.0,263.5,4600.0,101.66907676396828,101.66907676396828,101.16900184988141,101.36133835529944,4600.0
1990-03-12,False,daily,263.5,265.3,263.3,264.8,9900.0,101.36133835529944,102.05374977480433,101.28440375313222,101.8614132693863,9900.0
1990-03-09,False,daily,262.3,263.5,261.5,263.3,9200.0,100.89973074229619,101.36133835529944,100.59199233362733,101.28440375313222,9200.0
1990-03-08,False,daily,261.0,262.5,261.0,262.5,3500.0,100.3996558282093,100.97666534446338,100.3996558282093,100.97666534446338,3500.0
1990-03-07,False,daily,262.5,263.5,261.0,261.5,62200.0,100.97666534446338,101.36133835529944,100.3996558282093,100.59199233362733,62200.0
1990-03-06,False,daily,263.5,263.5,262.8,262.8,1700.0,101.36133835529944,101.36133835529944,101.0920672477142,101.0920672477142,1700.0
1990-03-05,False,daily,264.5,264.8,264.0,264.0,2800.0,101.74601136613549,101.8614132693863,101.55367486071746,101.55367486071746,2800.0
1990-03-02,False,daily,265.0,265.0,264.8,265.0,1200.0,101.93834787155352,101.93834787155352,101.8614132693863,101.93834787155352,1200.0
1990-03-01,False,daily,265.0,265.0,264.5,264.8,3300.0,101.93834787155352,101.93834787155352,101.74601136613549,101.8614132693863,3300.0
1990-02-28,False,daily,265.3,265.3,265.0,265.3,20500.0,102.05374977480433,102.05374977480433,101.93834787155352,102.05374977480433,20500.0
1990-02-27,False,daily,265.8,265.8,265.3,265.5,2100.0,102.24608628022236,102.24608628022236,102.05374977480433,102.13068437697154,2100.0
1990-02-26,False,daily,267.0,267.0,266.0,266.0,1500.0,102.70769389322561,102.70769389322561,102.32302088238956,102.32302088238956,1500.0
1990-02-23,False,daily,269.0,269.0,267.0,267.0,4000.0,103.47703991489772,103.47703991489772,102.70769389322561,102.70769389322561,4000.0
1990-02-22,False,daily,270.3,270.3,269.5,269.5,2300.0,103.97711482898458,103.97711482898458,103.66937642031574,103.66937642031574,2300.0
1990-02-21,False,daily,271.0,271.0,270.3,270.3,1500.0,104.24638593656982,104.24638593656982,103.97711482898458,103.97711482898458,1500.0
1990-02-20,False,daily,272.0,272.0,271.3,271.3,2200.0,104.63105894740588,104.63105894740588,104.36178783982064,104.36178783982064,2200.0
1990-02-16,False,daily,271.5,272.0,271.5,272.0,3000.0,104.43872244198785,104.63105894740588,104.43872244198785,104.63105894740588,3000.0
1990-02-15,False,daily,272.4,272.5,271.8,271.8,2800.0,104.78492815174027,104.82339545282389,104.55412434523866,104.55412434523866,2800.0
1990-02-14,False,daily,273.0,273.0,272.0,272.5,45600.0,105.01573195824191,105.01573195824191,104.63105894740588,104.82339545282389,45600.0
1990-02-13,False,daily,272.8,273.0,272.8,272.8,15200.0,104.93879735607472,105.01573195824191,104.93879735607472,104.93879735607472,15200.0
1990-02-12,False,daily,274.0,274.0,272.8,273.0,2500.0,105.40040496907797,105.40040496907797,104.93879735607472,105.01573195824191,2500.0
1990-02-09,False,daily,274.3,274.5,274.0,274.3,19600.0,105.5158068723288,105.592741474496,105.40040496907797,105.5158068723288,19600.0
1990-02-08,False,daily,277.3,277.3,274.5,274.5,9200.0,106.66982590483694,106.66982590483694,105.592741474496,105.592741474496,9200.0
1990-02-07,False,daily,273.8,278.0,273.8,278.0,8000.0,105.32347036691077,106.93909701242218,105.32347036691077,106.93909701242218,8000.0
1990-02-06,False,daily,272.0,273.5,272.0,273.5,13400.0,104.63105894740588,105.20806846365994,104.63105894740588,105.20806846365994,13400.0
1990-02-05,False,daily,272.0,272.3,271.3,272.3,3800.0,104.63105894740588,104.74646085065669,104.36178783982064,104.74646085065669,3800.0
1990-02-02,False,daily,269.5,271.8,269.5,271.8,7300.0,103.66937642031574,104.55412434523866,103.66937642031574,104.55412434523866,7300.0
1990-02-01,False,daily,270.5,270.5,269.8,269.8,4100.0,104.0540494311518,104.0540494311518,103.78477832356656,103.78477832356656,4100.0
1990-01-31,False,daily,270.5,270.8,270.5,270.8,6400.0,104.0540494311518,104.16945133440261,104.0540494311518,104.16945133440261,6400.0
1990-01-30,False,daily,273.5,273.5,268.3,268.5,4700.0,105.20806846365994,105.20806846365994,103.20776880731249,103.28470340947969,4700.0
1990-01-29,False,daily,272.3,274.0,272.3,273.8,4300.0,104.74646085065669,105.40040496907797,104.74646085065669,105.32347036691077,4300.0
1990-01-26,False,daily,275.0,275.0,272.5,272.8,7700.0,105.78507797991402,105.78507797991402,104.82339545282389,104.93879735607472,7700.0
1990-01-25,False,daily,274.5,274.5,273.5,273.5,400.0,105.592741474496,105.592741474496,105.20806846365994,105.20806846365994,400.0
1990-01-24,False,daily,273.5,277.0,273.5,275.0,6800.0,105.20806846365994,106.55442400158613,105.20806846365994,105.78507797991402,6800.0
1991-12-31,False,daily,189.5,194.5,189.0,194.5,14100.0,75.27418860090899,77.26031494921793,75.07557596607809,77.26031494921793,14100.0
1991-12-30,False,daily,186.3,189.3,186.3,188.8,30400.0,74.00306773799126,75.19474354697662,74.00306773799126,74.99613091214573,30400.0
1991-12-27,False,daily,186.0,187.0,184.3,186.5,18800.0,73.88390015709273,74.28112542675451,73.20861719866768,74.08251279192362,18800.0
1991-12-26,False,daily,181.0,185.0,181.0,185.0,6600.0,71.89777380878378,73.48667488743094,71.89777380878378,73.48667488743094,6600.0
1991-12-24,False,daily,179.5,184.0,179.5,181.8,9700.0,71.3019359042911,73.08944961776915,71.3019359042911,72.21555402451321,9700.0
1991-12-23,False,daily,172.5,178.5,171.8,178.5,20100.0,68.52135901665858,70.90471063462931,68.24330132789532,70.90471063462931,20100.0
1991-12-20,False,daily,174.5,174.5,169.0,170.3,30500.0,69.31580955598216,69.31580955598216,67.13107057284232,67.64746342340264,30500.0
1991-12-19,False,daily,175.8,176.0,170.0,171.3,54500.0,69.83220240654248,69.91164746047484,67.52829584250411,68.04468869306443,54500.0
1991-12-18,False,daily,179.9,179.9,176.5,176.8,4600.0,71.46082601215582,71.46082601215582,70.11026009530573,70.22942767620427,4600.0
1991-12-17,False,daily,180.5,185.0,179.8,179.8,14100.0,71.69916117395289,73.48667488743094,71.42110348518963,71.42110348518963,14100.0
1991-12-16,False,daily,173.0,179.5,172.8,179.5,47700.0,68.71997165148947,71.3019359042911,68.64052659755711,71.3019359042911,47700.0
1991-12-13,False,daily,175.0,175.3,169.0,172.5,34100.0,69.51442219081305,69.63358977171158,67.13107057284232,68.52135901665858,34100.0
1991-12-12,False,daily,174.3,175.3,174.0,174.9,22100.0,69.2363645020498,69.63358977171158,69.11719692115126,69.47469966384686,22100.0
1991-12-11,False,daily,177.0,177.0,174.0,175.3,11400.0,70.30887273013663,70.30887273013663,69.11719692115126,69.63358977171158,11400.0
1991-12-10,False,daily,181.3,181.5,176.0,176.0,8800.0,72.01694138968232,72.09638644361468,69.91164746047484,69.91164746047484,8800.0
1991-12-09,False,daily,183.0,183.5,180.5,181.3,3700.0,72.69222434810736,72.89083698293825,71.69916117395289,72.01694138968232,3700.0
1991-12-06,False,daily,183.5,184.0,182.0,183.0,12400.0,72.89083698293825,73.08944961776915,72.29499907844557,72.69222434810736,12400.0
1991-12-05,False,daily,186.0,186.0,184.3,184.5,3900.0,73.88390015709273,73.88390015709273,73.20861719866768,73.28806225260004,3900.0
1991-12-04,False,daily,188.0,188.5,185.0,185.3,9300.0,74.6783506964163,74.8769633312472,73.48667488743094,73.60584246832947,9300.0
1991-12-03,False,daily,185.0,188.0,185.0,188.0,22000.0,73.48667488743094,74.6783506964163,73.48667488743094,74.6783506964163,22000.0
1991-12-02,False,daily,181.8,185.0,181.0,185.0,12200.0,72.21555402451321,73.48667488743094,71.89777380878378,73.48667488743094,12200.0
1991-11-29,False,daily,181.5,182.0,181.5,182.0,2500.0,72.09638644361468,72.29499907844557,72.09638644361468,72.29499907844557,2500.0
1991-11-27,False,daily,180.0,183.0,180.0,182.5,11000.0,71.500548539122,72.69222434810736,71.500548539122,72.49361171327647,11000.0
1991-11-26,False,daily,179.0,180.0,178.8,179.5,19600.0,71.1033232694602,71.500548539122,71.02387821552784,71.3019359042911,19600.0
1991-11-25,False,daily,179.0,179.0,176.0,177.8,8400.0,71.1033232694602,71.1033232694602,69.91164746047484,70.62665294586606,8400.0
1991-11-22,False,daily,181.0,181.0,179.0,180.5,13200.0,71.89777380878378,71.89777380878378,71.1033232694602,71.69916117395289,13200.0
1991-11-21,False,daily,181.3,182.8,180.5,181.0,10000.0,72.01694138968232,72.612779294175,71.69916117395289,71.89777380878378,10000.0
1991-11-20,False,daily,181.5,182.5,181.3,181.5,17300.0,72.09638644361468,72.49361171327647,72.01694138968232,72.09638644361468,17300.0
1991-11-19,False,daily,181.8,181.8,179.0,181.8,13400.0,72.21555402451321,72.21555402451321,71.1033232694602,72.21555402451321,13400.0
1991-11-18,False,daily,182.0,183.5,181.0,183.3,12800.0,72.29499907844557,72.89083698293825,71.89777380878378,72.8113919290059,12800.0
1991-11-15,False,daily,185.5,185.5,182.0,183.0,8500.0,73.68528752226183,73.68528752226183,72.29499907844557,72.69222434810736,8500.0
1991-11-14,False,daily,187.0,187.0,184.8,185.5,13600.0,74.28112542675451,74.28112542675451,73.40722983349858,73.68528752226183,13600.0
1991-11-13,False,daily,188.0,188.0,183.1,186.0,12800.0,74.6783506964163,74.6783506964163,72.73194687507353,73.88390015709273,12800.0
1991-11-12,False,daily,189.0,190.0,188.0,188.0,3200.0,75.07557596607809,75.47280123573988,74.6783506964163,74.6783506964163,3200.0
1991-11-11,False,daily,189.8,189.8,188.0,189.0,2700.0,75.39335618180752,75.39335618180752,74.6783506964163,75.07557596607809,2700.0
1991-11-08,False,daily,188.0,190.0,188.0,189.8,12900.0,74.6783506964163,75.47280123573988,74.6783506964163,75.39335618180752,12900.0
1991-11-07,False,daily,186.8,188.0,185.8,188.0,8700.0,74.20168037282215,74.6783506964163,73.80445510316036,74.6783506964163,8700.0
1991-11-06,False,daily,187.5,188.0,186.5,186.8,2000.0,74.47973806158541,74.6783506964163,74.08251279192362,74.20168037282215,2000.0
1991-11-05,False,daily,188.3,189.3,186.5,187.3,4100.0,74.79751827731484,75.19474354697662,74.08251279192362,74.40029300765305,4100.0
1991-11-04,False,daily,190.4,190.4,187.1,188.3,7100.0,75.6316913436046,75.6316913436046,74.32084795372069,74.79751827731484,7100.0
1991-11-01,False,daily,191.8,191.8,189.8,190.5,8300.0,76.18780672113111,76.18780672113111,75.39335618180752,75.67141387057077,8300.0
1991-10-31,False,daily,191.5,192.0,188.5,191.8,98600.0,76.06863914023256,76.26725177506346,74.8769633312472,76.18780672113111,98600.0
1991-10-30,False,daily,191.5,191.8,191.0,191.8,12800.0,76.06863914023256,76.18780672113111,75.87002650540167,76.18780672113111,12800.0
1991-10-29,False,daily,190.5,191.5,190.0,191.5,27500.0,75.67141387057077,76.06863914023256,75.47280123573988,76.06863914023256,27500.0
1991-10-28,False,daily,190.0,190.0,190.0,190.0,14200.0,75.47280123573988,75.47280123573988,75.47280123573988,75.47280123573988,14200.0
1991-10-25,False,daily,191.3,191.3,188.0,190.0,19600.0,75.98919408630022,75.98919408630022,74.6783506964163,75.47280123573988,19600.0
1991-10-24,False,daily,195.8,195.8,192.5,192.8,3700.0,77.77670779977826,77.77670779977826,76.46586440989435,76.5850319907929,3700.0
1991-10-23,False,daily,195.5,196.5,195.0,196.0,9400.0,77.65754021887972,78.0547654885415,77.45892758404882,77.85615285371061,9400.0
1991-10-22,False,daily,197.0,197.0,195.0,195.5,13000.0,78.2533781233724,78.2533781233724,77.45892758404882,77.65754021887972,13000.0
1991-10-21,False,daily,201.5,201.5,198.5,198.5,15600.0,80.04089183685045,80.04089183685045,78.84921602786508,78.84921602786508,15600.0
1991-10-18,False,daily,208.0,208.0,204.5,204.8,25200.0,82.62285608965207,82.62285608965207,81.23256764583581,81.35173522673436,25200.0
1991-10-17,False,daily,205.0,208.0,205.0,207.8,7700.0,81.43118028066671,82.62285608965207,81.43118028066671,82.54341103571973,7700.0
1991-10-16,False,daily,204.0,204.8,202.0,204.8,20100.0,81.03395501100492,81.35173522673436,80.23950447168134,81.35173522673436,20100.0
1991-10-15,False,daily,199.8,205.0,199.8,204.3,18400.0,79.36560887842542,81.43118028066671,79.36560887842542,81.15312259190347,18400.0
1991-10-14,False,daily,199.8,200.3,199.8,200.3,6700.0,79.36560887842542,79.56422151325631,79.36560887842542,79.56422151325631,6700.0
1991-10-11,False,daily,201.5,201.5,199.5,200.8,14000.0,80.04089183685045,80.04089183685045,79.24644129752687,79.76283414808721,14000.0
1991-10-10,False,daily,199.0,202.0,198.5,200.8,11900.0,79.04782866269598,80.23950447168134,78.84921602786508,79.76283414808721,11900.0
1991-10-09,False,daily,201.8,202.5,200.5,200.5,4500.0,80.160059417749,80.43811710651224,79.64366656718866,79.64366656718866,4500.0
1991-10-08,False,daily,202.5,203.8,202.5,203.0,2600.0,80.43811710651224,80.95450995707257,80.43811710651224,80.63672974134313,2600.0
1991-10-07,False,daily,205.5,205.5,202.5,203.8,6600.0,81.6297929154976,81.6297929154976,80.43811710651224,80.95450995707257,6600.0
1991-10-04,False,daily,207.8,207.8,205.0,206.5,4300.0,82.12031813072824,82.12031813072824,81.01378833878387,81.60657215589691,4300.0
1991-10-03,False,daily,208.0,208.0,206.5,207.8,3700.0,82.19935597300997,82.19935597300997,81.60657215589691,82.12031813072824,3700.0
1991-10-02,False,daily,210.8,211.8,208.0,208.0,10900.0,83.30588576495434,83.70107497636305,82.19935597300997,82.19935597300997,10900.0
1991-10-01,False,daily,211.0,211.8,210.0,211.8,12400.0,83.38492360723608,83.70107497636305,82.98973439582737,83.70107497636305,12400.0
1991-09-30,False,daily,210.0,211.3,209.5,211.3,14100.0,82.98973439582737,83.50348037065869,82.79213979012302,83.50348037065869,14100.0
1991-09-27,False,daily,209.0,211.0,208.5,211.0,10900.0,82.59454518441868,83.38492360723608,82.39695057871432,83.38492360723608,10900.0
1991-09-26,False,daily,211.0,212.0,209.8,210.0,12500.0,83.38492360723608,83.78011281864478,82.91069655354563,82.98973439582737,12500.0
1991-09-25,False,daily,213.0,213.0,212.0,212.8,35100.0,84.17530203005347,84.17530203005347,83.78011281864478,84.09626418777174,35100.0
1991-09-24,False,daily,213.5,213.5,211.5,212.5,9500.0,84.37289663575783,84.37289663575783,83.58251821294043,83.97770742434913,9500.0
1991-09-23,False,daily,215.0,215.0,211.0,212.5,8900.0,84.96568045287088,84.96568045287088,83.38492360723608,83.97770742434913,8900.0
1991-09-20,False,daily,218.0,218.0,215.0,215.8,8800.0,86.15124808709699,86.15124808709699,84.96568045287088,85.28183182199786,8800.0
1991-09-19,False,daily,218.0,218.0,218.0,218.0,4600.0,86.15124808709699,86.15124808709699,86.15124808709699,86.15124808709699,4600.0
1991-09-18,False,daily,220.0,220.0,218.0,219.0,15900.0,86.94162650991439,86.94162650991439,86.15124808709699,86.5464372985057,15900.0
1991-09-17,False,daily,223.0,223.0,219.8,220.0,11200.0,88.1271941441405,88.1271941441405,86.86258866763265,86.94162650991439,11200.0
1991-09-16,False,daily,226.0,226.3,222.0,224.0,4400.0,89.3127617783666,89.43131854178922,87.7320049327318,88.5223833555492,4400.0
1991-09-13,False,daily,225.0,227.0,225.0,225.0,12200.0,88.9175725669579,89.7079509897753,88.9175725669579,88.9175725669579,12200.0
1991-09-12,False,daily,228.8,228.8,226.3,228.0,1400.0,90.41929157031097,90.41929157031097,89.43131854178922,90.103140201184,1400.0
1991-09-11,False,daily,227.8,228.0,226.8,227.8,2500.0,90.02410235890227,90.103140201184,89.62891314749356,90.02410235890227,2500.0
1991-09-10,False,daily,235.0,235.0,228.8,228.8,6500.0,92.86946468104492,92.86946468104492,90.41929157031097,90.41929157031097,6500.0
1991-09-09,False,daily,236.0,236.0,235.0,236.0,2600.0,93.26465389245362,93.26465389245362,92.86946468104492,93.26465389245362,2600.0
1991-09-06,False,daily,231.0,235.0,231.0,235.0,3700.0,91.28870783541011,92.86946468104492,91.28870783541011,92.86946468104492,3700.0
1991-09-05,False,daily,228.3,231.0,228.3,231.0,5000.0,90.22169696460662,91.28870783541011,90.22169696460662,91.28870783541011,5000.0
1991-09-04,False,daily,230.0,230.5,228.8,229.0,4600.0,90.89351862400142,91.09111322970575,90.41929157031097,90.49832941259271,4600.0
1991-09-03,False,daily,227.0,232.0,226.0,230.0,7100.0,89.7079509897753,91.68389704681881,89.3127617783666,90.89351862400142,7100.0
1991-08-30,False,daily,225.0,226.0,224.5,226.0,4900.0,88.9175725669579,89.3127617783666,88.71997796125355,89.3127617783666,4900.0
1991-08-29,False,daily,225.5,227.5,225.0,226.0,5000.0,89.11516717266225,89.90554559547965,88.9175725669579,89.3127617783666,5000.0
1991-08-28,False,daily,224.5,226.0,224.0,226.0,7100.0,88.71997796125355,89.3127617783666,88.5223833555492,89.3127617783666,7100.0
1991-08-27,False,daily,224.0,224.0,222.5,224.0,7500.0,88.5223833555492,88.5223833555492,87.92959953843615,88.5223833555492,7500.0
1991-08-26,False,daily,224.8,225.0,223.0,224.0,8000.0,88.83853472467617,88.9175725669579,88.1271941441405,88.5223833555492,8000.0
1991-08-23,False,daily,218.8,224.8,218.8,224.8,12200.0,86.46739945622396,88.83853472467617,86.46739945622396,88.83853472467617,12200.0
1991-08-22,False,daily,218.0,219.0,217.5,218.8,13900.0,86.15124808709699,86.5464372985057,85.95365348139264,86.46739945622396,13900.0
1991-08-21,False,daily,217.0,218.5,215.3,216.0,18800.0,85.75605887568828,86.34884269280134,85.0842372162935,85.36086966427959,18800.0
1991-08-20,False,daily,218.0,218.3,216.5,216.5,20300.0,86.15124808709699,86.2698048505196,85.55846426998393,85.55846426998393,20300.0
1991-08-19,False,daily,219.0,219.0,218.0,218.8,2300.0,86.5464372985057,86.5464372985057,86.15124808709699,86.46739945622396,2300.0
1991-08-16,False,daily,220.0,221.0,219.0,219.0,14800.0,86.94162650991439,87.33681572132309,86.5464372985057,86.5464372985057,14800.0
1991-08-15,False,daily,218.0,221.0,218.0,220.0,14200.0,86.15124808709699,87.33681572132309,86.15124808709699,86.94162650991439,14200.0
1991-08-14,False,daily,218.5,219.5,216.5,218.0,7200.0,86.34884269280134,86.74403190421005,85.55846426998393,86.15124808709699,7200.0
1991-08-13,False,daily,218.5,219.0,217.5,218.0,6500.0,86.34884269280134,86.5464372985057,85.95365348139264,86.15124808709699,6500.0
1991-08-12,False,daily,219.5,219.6,218.5,218.5,4000.0,86.74403190421005,86.78355082535091,86.34884269280134,86.34884269280134,4000.0
1991-08-09,False,daily,222.5,222.5,220.0,220.5,7500.0,87.92959953843615,87.92959953843615,86.94162650991439,87.13922111561874,7500.0
1991-08-08,False,daily,222.0,222.5,221.5,222.5,1900.0,87.7320049327318,87.92959953843615,87.53441032702744,87.92959953843615,1900.0
1991-08-07,False,daily,221.8,223.0,220.8,222.0,14300.0,87.65296709045006,88.1271941441405,87.25777787904136,87.7320049327318,14300.0
1991-08-06,False,daily,221.0,222.8,221.0,222.8,7400.0,87.33681572132309,88.04815630185877,87.33681572132309,88.04815630185877,7400.0
1991-08-05,False,daily,221.5,222.5,221.0,221.0,1000.0,87.53441032702744,87.92959953843615,87.33681572132309,87.33681572132309,1000.0
1991-08-02,False,daily,222.0,222.3,221.0,221.0,8700.0,87.7320049327318,87.85056169615441,87.33681572132309,87.33681572132309,8700.0
1991-08-01,False,daily,223.5,223.5,221.5,222.3,3300.0,88.32478874984484,88.32478874984484,87.53441032702744,87.85056169615441,3300.0
1991-07-31,False,daily,223.0,224.0,223.0,223.0,2200.0,88.1271941441405,88.5223833555492,88.1271941441405,88.1271941441405,2200.0
1991-07-30,False,daily,222.0,222.0,222.0,222.0,300.0,87.7320049327318,87.7320049327318,87.7320049327318,87.7320049327318,300.0
1991-07-29,False,daily,222.0,223.0,221.5,221.5,3200.0,87.7320049327318,88.1271941441405,87.53441032702744,87.53441032702744,3200.0
1991-07-26,False,daily,221.5,223.0,221.5,222.0,18500.0,87.53441032702744,88.1271941441405,87.53441032702744,87.7320049327318,18500.0
1991-07-25,False,daily,223.0,223.0,221.5,221.5,13200.0,88.1271941441405,88.1271941441405,87.53441032702744,87.53441032702744,13200.0
1991-07-24,False,daily,223.5,225.0,223.5,224.0,6300.0,88.32478874984484,88.9175725669579,88.32478874984484,88.5223833555492,6300.0
1991-07-23,False,daily,224.0,224.0,221.5,223.5,24500.0,88.5223833555492,88.5223833555492,87.53441032702744,88.32478874984484,24500.0
1991-07-22,False,daily,223.0,224.0,221.5,224.0,11800.0,88.1271941441405,88.5223833555492,87.53441032702744,88.5223833555492,11800.0
1991-07-19,False,daily,224.0,224.0,222.0,224.0,4100.0,88.10937068048442,88.10937068048442,87.32267987083723,88.10937068048442,4100.0
1991-07-18,False,daily,222.5,224.0,222.0,224.0,4500.0,87.51935257324904,88.10937068048442,87.32267987083723,88.10937068048442,4500.0
1991-07-17,False,daily,225.0,225.0,222.0,223.0,4500.0,88.50271608530801,88.50271608530801,87.32267987083723,87.71602527566083,4500.0
1991-07-16,False,daily,225.0,225.3,225.0,225.0,4200.0,88.50271608530801,88.6207197067551,88.50271608530801,88.50271608530801,4200.0
1991-07-15,False,daily,225.8,227.3,225.8,227.0,1000.0,88.81739240916689,89.40741051640228,88.81739240916689,89.28940689495519,1000.0
1991-07-12,False,daily,225.0,225.8,225.0,225.8,1600.0,88.50271608530801,88.81739240916689,88.50271608530801,88.81739240916689,1600.0
1991-07-11,False,daily,225.3,227.0,225.0,225.0,8500.0,88.6207197067551,89.28940689495519,88.50271608530801,88.50271608530801,8500.0
1991-07-10,False,daily,224.0,225.5,224.0,225.3,1300.0,88.10937068048442,88.6993887877198,88.10937068048442,88.6207197067551,1300.0
1991-07-09,False,daily,225.0,225.0,224.5,224.5,2100.0,88.50271608530801,88.50271608530801,88.3060433828962,88.3060433828962,2100.0
1991-07-08,False,daily,224.5,224.5,224.0,224.0,400.0,88.3060433828962,88.3060433828962,88.10937068048442,88.10937068048442,400.0
1991-07-05,False,daily,224.3,224.5,223.3,224.5,900.0,88.2273743019315,88.3060433828962,87.83402889710791,88.3060433828962,900.0
1991-07-03,False,daily,226.8,227.0,223.0,224.5,4600.0,89.21073781399048,89.28940689495519,87.71602527566083,88.3060433828962,4600.0
1991-07-02,False,daily,224.8,226.8,224.8,226.8,4400.0,88.4240470043433,89.21073781399048,88.4240470043433,89.21073781399048,4400.0
1991-07-01,False,daily,223.0,225.0,222.0,225.0,4300.0,87.71602527566083,88.50271608530801,87.32267987083723,88.50271608530801,4300.0
1991-06-28,False,daily,227.0,227.0,224.0,224.0,3500.0,89.28940689495519,89.28940689495519,88.10937068048442,88.10937068048442,3500.0
1991-06-27,False,daily,227.0,227.5,226.0,226.0,10000.0,89.28940689495519,89.48607959736698,88.8960614901316,88.8960614901316,10000.0
1991-06-26,False,daily,228.5,228.5,227.0,227.0,7300.0,89.87942500219057,89.87942500219057,89.28940689495519,89.28940689495519,7300.0
1991-06-25,False,daily,225.5,226.0,224.5,224.5,26200.0,88.6993887877198,88.8960614901316,88.3060433828962,88.3060433828962,26200.0
1991-06-24,False,daily,225.0,225.5,223.5,225.5,3700.0,88.50271608530801,88.6993887877198,87.91269797807263,88.6993887877198,3700.0
1991-06-21,False,daily,224.0,226.0,223.0,224.5,5600.0,88.10937068048442,88.8960614901316,87.71602527566083,88.3060433828962,5600.0
1991-06-20,False,daily,223.0,225.0,222.0,223.5,8500.0,87.71602527566083,88.50271608530801,87.32267987083723,87.91269797807263,8500.0
1991-06-19,False,daily,223.5,223.5,223.5,223.5,0.0,87.91269797807263,87.91269797807263,87.91269797807263,87.91269797807263,0.0
1991-06-18,False,daily,223.5,224.0,223.0,223.5,2000.0,87.91269797807263,88.10937068048442,87.71602527566083,87.91269797807263,2000.0
1991-06-17,False,daily,223.0,224.0,222.5,223.0,4300.0,87.71602527566083,88.10937068048442,87.51935257324904,87.71602527566083,4300.0
1991-06-14,False,daily,221.0,221.5,220.5,221.5,5400.0,86.92933446601364,87.12600716842545,86.73266176360185,87.12600716842545,5400.0
1991-06-13,False,daily,220.5,222.5,220.5,221.0,7700.0,86.73266176360185,87.51935257324904,86.73266176360185,86.92933446601364,7700.0
1991-06-12,False,daily,225.5,225.5,220.5,221.0,5500.0,88.6993887877198,88.6993887877198,86.73266176360185,86.92933446601364,5500.0
1991-06-11,False,daily,222.5,226.0,222.5,225.5,7300.0,87.51935257324904,88.8960614901316,87.51935257324904,88.6993887877198,7300.0
1991-06-10,False,daily,222.5,222.5,221.5,221.5,2300.0,87.51935257324904,87.51935257324904,87.12600716842545,87.12600716842545,2300.0
1991-06-07,False,daily,220.8,223.5,220.4,223.5,8800.0,86.85066538504893,87.91269797807263,86.6933272231195,87.91269797807263,8800.0
1991-06-06,False,daily,221.8,222.5,220.5,221.0,3600.0,87.24401078987252,87.51935257324904,86.73266176360185,86.92933446601364,3600.0
1991-06-05,False,daily,220.0,221.0,219.0,220.8,6500.0,86.53598906119005,86.92933446601364,86.14264365636646,86.85066538504893,6500.0
1991-06-04,False,daily,219.0,220.0,219.0,219.5,2800.0,86.14264365636646,86.53598906119005,86.14264365636646,86.33931635877826,2800.0
1991-06-03,False,daily,213.0,220.0,213.0,220.0,17300.0,83.78257122742491,86.53598906119005,83.78257122742491,86.53598906119005,17300.0
1991-05-31,False,daily,211.5,213.0,211.0,213.0,10400.0,83.19255312018953,83.78257122742491,82.99588041777773,83.78257122742491,10400.0
1991-05-30,False,daily,214.5,214.5,210.3,212.0,14900.0,84.3725893346603,84.3725893346603,82.72053863440122,83.38922582260132,14900.0
1991-05-29,False,daily,211.5,216.0,211.5,215.5,6800.0,83.19255312018953,84.96260744189568,83.19255312018953,84.7659347394839,6800.0
1991-05-28,False,daily,212.0,212.5,212.0,212.5,6400.0,83.38922582260132,83.58589852501312,83.38922582260132,83.58589852501312,6400.0
1991-05-24,False,daily,212.5,213.0,211.3,211.3,10100.0,83.58589852501312,83.78257122742491,83.11388403922481,83.11388403922481,10100.0
1991-05-23,False,daily,213.5,213.8,212.0,212.0,18000.0,83.97924392983671,84.09724755128379,83.38922582260132,83.38922582260132,18000.0
1991-05-22,False,daily,214.0,215.0,213.0,213.0,2300.0,84.1759166322485,84.5692620370721,83.78257122742491,83.78257122742491,2300.0
1991-05-21,False,daily,216.0,216.0,213.5,214.0,14600.0,84.96260744189568,84.96260744189568,83.97924392983671,84.1759166322485,14600.0
1991-05-20,False,daily,216.4,216.4,215.5,215.6,6800.0,85.11994560382513,85.11994560382513,84.7659347394839,84.80526927996625,6800.0
1991-05-17,False,daily,218.0,218.5,217.0,217.0,800.0,85.74929825154287,85.94597095395467,85.35595284671928,85.35595284671928,800.0
1991-05-16,False,daily,219.5,220.0,217.5,218.5,9200.0,86.33931635877826,86.53598906119005,85.55262554913108,85.94597095395467,9200.0
1991-05-15,False,daily,219.3,220.3,219.0,219.5,4100.0,86.26064727781355,86.65399268263714,86.14264365636646,86.33931635877826,4100.0
1991-05-14,False,daily,220.5,220.8,219.8,219.8,7000.0,86.73266176360185,86.85066538504893,86.45731998022534,86.45731998022534,7000.0
1991-05-13,False,daily,221.0,221.0,218.0,218.0,21100.0,86.92933446601364,86.92933446601364,85.74929825154287,85.74929825154287,21100.0
1991-05-10,False,daily,221.8,222.0,221.8,221.8,4700.0,87.24401078987252,87.32267987083723,87.24401078987252,87.24401078987252,4700.0
1991-05-09,False,daily,223.0,223.0,220.0,222.0,7300.0,87.71602527566083,87.71602527566083,86.53598906119005,87.32267987083723,7300.0
1991-05-08,False,daily,222.8,224.0,222.0,224.0,8000.0,87.63735619469611,88.10937068048442,87.32267987083723,88.10937068048442,8000.0
1991-05-07,False,daily,221.8,222.8,221.0,222.3,5500.0,87.24401078987252,87.63735619469611,86.92933446601364,87.44068349228432,5500.0
1991-05-06,False,daily,221.0,221.8,220.0,221.8,5800.0,86.92933446601364,87.24401078987252,86.53598906119005,87.24401078987252,5800.0
1991-05-03,False,daily,221.3,221.3,219.5,221.0,9900.0,87.04733808746073,87.04733808746073,86.33931635877826,86.92933446601364,9900.0
1991-05-02,False,daily,219.8,221.0,219.8,221.0,9300.0,86.45731998022534,86.92933446601364,86.45731998022534,86.92933446601364,9300.0
1991-05-01,False,daily,217.0,220.3,217.0,219.5,36400.0,85.35595284671928,86.65399268263714,85.35595284671928,86.33931635877826,36400.0
1991-04-30,False,daily,219.0,219.0,216.0,218.5,17200.0,86.14264365636646,86.14264365636646,84.96260744189568,85.94597095395467,17200.0
1991-04-29,False,daily,219.5,219.5,219.0,219.5,500.0,86.33931635877826,86.33931635877826,86.14264365636646,86.33931635877826,500.0
1991-04-26,False,daily,219.0,219.5,219.0,219.5,2100.0,86.14264365636646,86.33931635877826,86.14264365636646,86.33931635877826,2100.0
1991-04-25,False,daily,218.3,219.8,218.3,219.0,4900.0,85.86730187298996,86.45731998022534,85.86730187298996,86.14264365636646,4900.0
1991-04-24,False,daily,219.0,219.5,217.5,219.3,4800.0,86.14264365636646,86.33931635877826,85.55262554913108,86.26064727781355,4800.0
1991-04-23,False,daily,225.5,225.5,219.0,220.0,10800.0,88.6993887877198,88.6993887877198,86.14264365636646,86.53598906119005,10800.0
1991-04-22,False,daily,227.8,228.0,226.0,226.0,9800.0,89.60408321881407,89.68275229977878,88.8960614901316,88.8960614901316,9800.0
1991-04-19,False,daily,226.5,228.8,226.5,228.8,2900.0,89.09273419254339,89.99742862363766,89.09273419254339,89.99742862363766,2900.0
1991-04-18,False,daily,222.8,229.0,222.8,227.0,23000.0,87.63735619469611,90.07609770460238,87.63735619469611,89.28940689495519,23000.0
1991-04-17,False,daily,221.0,222.8,220.5,222.8,12300.0,86.92933446601364,87.63735619469611,86.73266176360185,87.63735619469611,12300.0
1991-04-16,False,daily,220.8,222.0,219.5,221.8,16000.0,86.85066538504893,87.32267987083723,86.33931635877826,87.24401078987252,16000.0
1991-04-15,False,daily,222.0,222.0,220.5,220.8,1000.0,87.32267987083723,87.32267987083723,86.73266176360185,86.85066538504893,1000.0
1991-04-12,False,daily,221.3,222.3,219.0,222.0,3600.0,87.04733808746073,87.44068349228432,86.14264365636646,87.32267987083723,3600.0
1991-04-11,False,daily,222.5,222.5,221.5,221.5,9700.0,87.51935257324904,87.51935257324904,87.12600716842545,87.12600716842545,9700.0
1991-04-10,False,daily,223.0,223.5,222.0,222.0,4100.0,87.71602527566083,87.91269797807263,87.32267987083723,87.32267987083723,4100.0
1991-04-09,False,daily,222.5,224.8,221.5,222.5,7200.0,87.51935257324904,88.4240470043433,87.12600716842545,87.51935257324904,7200.0
1991-04-08,False,daily,222.5,222.5,222.5,222.5,1400.0,87.51935257324904,87.51935257324904,87.51935257324904,87.51935257324904,1400.0
1991-04-05,False,daily,222.0,223.0,222.0,222.9,4600.0,86.91253084885388,87.30402873556042,86.91253084885388,87.26487894688978,4600.0
1991-04-04,False,daily,225.0,225.0,221.0,223.0,26200.0,88.08702450897353,88.08702450897353,86.52103296214733,87.30402873556042,26200.0
1991-04-03,False,daily,227.8,228.0,225.0,226.3,16600.0,89.18321859175187,89.26151816909318,88.08702450897353,88.59597176169204,16600.0
1991-04-02,False,daily,228.0,228.0,226.5,226.9,4400.0,89.26151816909318,89.26151816909318,88.67427133903335,88.83087049371598,4400.0
1991-04-01,False,daily,228.0,228.5,227.0,228.5,2600.0,89.26151816909318,89.45726711244644,88.87002028238662,89.45726711244644,2600.0
1991-03-28,False,daily,227.0,227.5,226.0,227.0,1500.0,88.87002028238662,89.0657692257399,88.47852239568007,88.87002028238662,1500.0
1991-03-27,False,daily,226.8,227.0,226.0,227.0,5800.0,88.79172070504532,88.87002028238662,88.47852239568007,88.87002028238662,5800.0
1991-03-26,False,daily,226.0,226.5,225.0,226.0,9900.0,88.47852239568007,88.67427133903335,88.08702450897353,88.47852239568007,9900.0
1991-03-25,False,daily,225.0,225.0,223.0,225.0,4500.0,88.08702450897353,88.08702450897353,87.30402873556042,88.08702450897353,4500.0
1991-03-22,False,daily,230.0,230.0,224.0,225.0,27600.0,90.04451394250627,90.04451394250627,87.69552662226698,88.08702450897353,27600.0
1991-03-21,False,daily,232.5,233.5,230.8,231.0,2600.0,91.02325865927264,91.41475654597919,90.35771225187152,90.43601182921282,2600.0
1991-03-20,False,daily,233.5,234.0,232.5,232.5,2300.0,91.41475654597919,91.61050548933247,91.02325865927264,91.02325865927264,2300.0
1991-03-19,False,daily,233.0,234.0,232.0,233.0,1300.0,91.21900760262592,91.61050548933247,90.82750971591936,91.21900760262592,1300.0
1991-03-18,False,daily,237.5,237.5,234.0,234.0,3200.0,92.98074809280538,92.98074809280538,91.61050548933247,91.61050548933247,3200.0
1991-03-15,False,daily,242.0,242.0,238.0,239.0,9000.0,94.74248858298486,94.74248858298486,93.17649703615866,93.56799492286521,9000.0
1991-03-14,False,daily,244.0,244.5,242.0,242.0,6900.0,95.52548435639795,95.72123329975123,94.74248858298486,94.74248858298486,6900.0
1991-03-13,False,daily,246.0,247.5,241.5,245.0,10800.0,96.30848012981106,96.89572695987088,94.54673963963158,95.9169822431045,10800.0
1991-03-12,False,daily,247.0,251.0,247.0,247.0,10300.0,96.6999780165176,98.2659695633438,96.6999780165176,96.6999780165176,10300.0
1991-03-11,False,daily,242.3,246.0,242.3,246.0,3400.0,94.85993794899683,96.30848012981106,94.85993794899683,96.30848012981106,3400.0
1991-03-08,False,daily,242.0,242.0,241.3,241.4,2000.0,94.74248858298486,94.74248858298486,94.46844006229028,94.50758985096093,2000.0
1991-03-07,False,daily,243.0,243.0,241.5,243.0,2900.0,95.13398646969141,95.13398646969141,94.54673963963158,95.13398646969141,2900.0
1991-03-06,False,daily,243.0,243.0,240.0,241.0,6700.0,95.13398646969141,95.13398646969141,93.95949280957176,94.35099069627832,6700.0
1991-03-05,False,daily,237.5,243.5,237.0,243.5,6800.0,92.98074809280538,95.32973541304469,92.78499914945212,95.32973541304469,6800.0
1991-03-04,False,daily,234.5,238.0,234.5,238.0,3000.0,91.80625443268575,93.17649703615866,91.80625443268575,93.17649703615866,3000.0
1991-03-01,False,daily,231.5,234.5,231.5,233.5,8700.0,90.6317607725661,91.80625443268575,90.6317607725661,91.41475654597919,8700.0
1991-02-28,False,daily,228.8,230.5,228.8,230.5,3600.0,89.57471647845841,90.24026288585955,89.57471647845841,90.24026288585955,3600.0
1991-02-27,False,daily,228.0,230.0,228.0,229.0,800.0,89.26151816909318,90.04451394250627,89.26151816909318,89.65301605579972,800.0
1991-02-26,False,daily,228.0,228.5,225.5,227.0,6000.0,89.26151816909318,89.45726711244644,88.2827734523268,88.87002028238662,6000.0
1991-02-25,False,daily,225.5,229.0,225.4,229.0,11100.0,88.2827734523268,89.65301605579972,88.24362366365615,89.65301605579972,11100.0
1991-02-22,False,daily,225.0,225.0,223.5,224.5,9300.0,88.08702450897353,88.08702450897353,87.4997776789137,87.89127556562025,9300.0
1991-02-21,False,daily,225.5,228.0,224.5,224.5,6800.0,88.2827734523268,89.26151816909318,87.89127556562025,87.89127556562025,6800.0
1991-02-20,False,daily,227.5,229.5,225.5,225.5,14400.0,89.0657692257399,89.84876499915299,88.2827734523268,88.2827734523268,14400.0
1991-02-19,False,daily,229.0,229.0,225.0,228.0,4100.0,89.65301605579972,89.65301605579972,88.08702450897353,89.26151816909318,4100.0
1991-02-15,False,daily,232.0,232.0,228.0,230.0,14700.0,90.82750971591936,90.82750971591936,89.26151816909318,90.04451394250627,14700.0
1991-02-14,False,daily,236.5,237.5,232.8,232.8,6800.0,92.58925020609884,92.98074809280538,91.14070802528461,91.14070802528461,6800.0
1991-02-13,False,daily,243.0,244.5,238.5,238.5,11000.0,95.13398646969141,95.72123329975123,93.37224597951193,93.37224597951193,11000.0
1991-02-12,False,daily,242.5,242.5,241.0,242.0,1500.0,94.93823752633813,94.93823752633813,94.35099069627832,94.74248858298486,1500.0
1991-02-11,False,daily,239.5,243.0,239.5,243.0,9100.0,93.76374386621849,95.13398646969141,93.76374386621849,95.13398646969141,9100.0
1991-02-08,False,daily,235.0,238.5,234.0,238.5,16000.0,92.00200337603901,93.37224597951193,91.61050548933247,93.37224597951193,16000.0
1991-02-07,False,daily,233.0,236.0,233.0,235.5,17000.0,91.21900760262592,92.39350126274556,91.21900760262592,92.1977523193923,17000.0
1991-02-06,False,daily,226.0,233.3,226.0,232.0,17400.0,88.47852239568007,91.33645696863789,88.47852239568007,90.82750971591936,17400.0
1991-02-05,False,daily,227.0,230.0,226.0,226.0,12700.0,88.87002028238662,90.04451394250627,88.47852239568007,88.47852239568007,12700.0
1991-02-04,False,daily,223.0,231.0,223.0,228.0,11900.0,87.30402873556042,90.43601182921282,87.30402873556042,89.26151816909318,11900.0
1991-02-01,False,daily,218.5,222.0,218.5,222.0,6700.0,85.54228824538096,86.91253084885388,85.54228824538096,86.91253084885388,6700.0
1991-01-31,False,daily,211.0,217.5,211.0,217.5,6300.0,82.60605409508184,85.15079035867441,82.60605409508184,85.15079035867441,6300.0
1991-01-30,False,daily,209.0,212.5,209.0,212.0,4200.0,81.82305832166874,83.19330092514166,81.82305832166874,82.99755198178839,4200.0
1991-01-29,False,daily,207.5,209.0,207.5,209.0,4900.0,81.23581149160891,81.82305832166874,81.23581149160891,81.82305832166874,4900.0
1991-01-28,False,daily,207.5,207.5,206.0,206.5,9100.0,81.23581149160891,81.23581149160891,80.64856466154909,80.84431360490237,9100.0
1991-01-25,False,daily,208.0,210.0,208.0,208.5,3000.0,81.4315604349622,82.21455620837528,81.4315604349622,81.62730937831547,3000.0
1991-01-24,False,daily,205.0,210.0,205.0,209.0,7500.0,80.25706677484254,82.21455620837528,80.25706677484254,81.82305832166874,7500.0
1991-01-23,False,daily,205.8,206.8,203.8,204.5,6800.0,80.57026508420779,80.96176297091434,79.78726931079468,80.06131783148928,6800.0
1991-01-22,False,daily,203.0,207.0,203.0,206.8,11000.0,79.47407100142945,81.04006254825565,79.47407100142945,80.96176297091434,11000.0
1991-01-21,False,daily,204.0,204.0,201.0,204.0,9500.0,79.865568888136,79.865568888136,78.69107522801635,79.865568888136,9500.0
1991-01-18,False,daily,205.5,206.5,203.5,205.0,8100.0,80.45281571819582,80.84431360490237,79.66981994478272,80.25706677484254,8100.0
1991-01-17,False,daily,200.3,206.5,200.3,206.5,9200.0,78.01742526086367,80.43234306724088,78.01742526086367,80.43234306724088,9200.0
1991-01-16,False,daily,195.3,199.3,195.3,199.3,3600.0,76.06991090088206,77.62792238886736,76.06991090088206,77.62792238886736,3600.0
1991-01-15,False,daily,195.0,196.3,194.0,196.3,13300.0,75.95306003928316,76.45941377287838,75.56355716728683,76.45941377287838,13300.0
1991-01-14,False,daily,194.3,195.0,193.0,194.0,8900.0,75.68040802888574,75.95306003928316,75.1740542952905,75.56355716728683,8900.0
1991-01-11,False,daily,198.3,198.3,195.3,195.3,7200.0,77.23841951687103,77.23841951687103,76.06991090088206,76.06991090088206,7200.0
1991-01-10,False,daily,196.5,198.0,196.0,197.3,15100.0,76.53731434727764,77.12156865527213,76.34256291127949,76.8489166448747,15100.0
1991-01-09,False,daily,198.0,201.0,195.0,195.3,17100.0,77.12156865527213,78.2900772712611,75.95306003928316,76.06991090088206,17100.0
1991-01-08,False,daily,196.0,197.0,195.3,197.0,12200.0,76.34256291127949,76.7320657832758,76.06991090088206,76.7320657832758,12200.0
1991-01-07,False,daily,195.5,195.5,195.0,195.5,5400.0,76.14781147528132,76.14781147528132,75.95306003928316,76.14781147528132,5400.0
1991-01-04,False,daily,194.0,195.5,194.0,195.5,5300.0,75.56355716728683,76.14781147528132,75.56355716728683,76.14781147528132,5300.0
1991-01-03,False,daily,195.0,195.0,194.0,195.0,1200.0,75.95306003928316,75.95306003928316,75.56355716728683,75.95306003928316,1200.0
1991-01-02,False,daily,197.0,197.0,195.0,196.0,3000.0,76.7320657832758,76.7320657832758,75.95306003928316,76.34256291127949,3000.0
1992-12-31,False,daily,231.0,231.0,229.5,229.8,3000.0,93.51014520938391,93.51014520938391,92.90293647425804,93.02437822128321,3000.0
1992-12-30,False,daily,230.8,230.8,229.5,230.3,9700.0,93.42918404470046,93.42918404470046,92.90293647425804,93.22678113299185,9700.0
1992-12-29,False,daily,229.9,229.9,227.5,229.0,18000.0,93.06485880362494,93.06485880362494,92.09332482742354,92.70053356254941,18000.0
1992-12-28,False,daily,230.0,230.0,229.0,229.9,3100.0,93.10533938596666,93.10533938596666,92.70053356254941,93.06485880362494,3100.0
1992-12-24,False,daily,231.0,231.0,230.0,230.0,8000.0,93.51014520938391,93.51014520938391,93.10533938596666,93.10533938596666,8000.0
1992-12-23,False,daily,229.5,231.0,228.5,231.0,10100.0,92.90293647425804,93.51014520938391,92.49813065084079,93.51014520938391,10100.0
1992-12-22,False,daily,227.8,229.5,227.8,229.5,6700.0,92.21476657444873,92.90293647425804,92.21476657444873,92.90293647425804,6700.0
1992-12-21,False,daily,229.3,229.3,227.5,227.8,1400.0,92.8219753095746,92.8219753095746,92.09332482742354,92.21476657444873,1400.0
1992-12-18,False,daily,229.0,229.5,226.0,229.5,24400.0,92.70053356254941,92.90293647425804,91.48611609229768,92.90293647425804,24400.0
1992-12-17,False,daily,225.3,227.0,225.3,227.0,8000.0,91.2027520159056,91.89092191571493,91.2027520159056,91.89092191571493,8000.0
1992-12-16,False,daily,226.0,227.5,225.0,225.0,32300.0,91.48611609229768,92.09332482742354,91.08131026888043,91.08131026888043,32300.0
1992-12-15,False,daily,224.0,224.3,222.8,224.3,16500.0,90.67650444546318,90.79794619248837,90.19073745736249,90.79794619248837,16500.0
1992-12-14,False,daily,222.0,224.0,222.0,224.0,29800.0,89.8668927986287,90.67650444546318,89.8668927986287,90.67650444546318,29800.0
1992-12-11,False,daily,220.3,224.0,220.3,222.5,53800.0,89.17872289881937,90.67650444546318,89.17872289881937,90.06929571033731,53800.0
1992-12-10,False,daily,220.0,220.3,219.5,220.3,7500.0,89.0572811517942,89.17872289881937,88.85487824008557,89.17872289881937,7500.0
1992-12-09,False,daily,221.5,221.5,219.3,219.3,3800.0,89.66448988692007,89.66448988692007,88.77391707540212,88.77391707540212,3800.0
1992-12-08,False,daily,221.0,221.5,219.8,221.5,11100.0,89.46208697521145,89.66448988692007,88.97631998711076,89.66448988692007,11100.0
1992-12-07,False,daily,224.0,224.0,221.8,222.0,18900.0,90.67650444546318,90.67650444546318,89.78593163394525,89.8668927986287,18900.0
1992-12-04,False,daily,224.0,224.0,223.5,224.0,2000.0,90.67650444546318,90.67650444546318,90.47410153375456,90.67650444546318,2000.0
1992-12-03,False,daily,224.5,225.0,223.3,224.0,2600.0,90.87890735717181,91.08131026888043,90.39314036907112,90.67650444546318,2600.0
1992-12-02,False,daily,223.0,225.0,222.0,225.0,18100.0,90.27169862204593,91.08131026888043,89.8668927986287,91.08131026888043,18100.0
1992-12-01,False,daily,224.0,224.0,222.0,223.3,8500.0,90.67650444546318,90.67650444546318,89.8668927986287,90.39314036907112,8500.0
1992-11-30,False,daily,223.0,224.0,222.5,223.5,7700.0,90.27169862204593,90.67650444546318,90.06929571033731,90.47410153375456,7700.0
1992-11-27,False,daily,223.3,223.3,222.3,222.5,4900.0,90.39314036907112,90.39314036907112,89.98833454565387,90.06929571033731,4900.0
1992-11-25,False,daily,222.3,223.5,222.3,223.3,6100.0,89.98833454565387,90.47410153375456,89.98833454565387,90.39314036907112,6100.0
1992-11-24,False,daily,222.0,222.5,222.0,222.0,5300.0,89.8668927986287,90.06929571033731,89.8668927986287,89.8668927986287,5300.0
1992-11-23,False,daily,223.0,224.0,222.0,223.0,5300.0,90.27169862204593,90.67650444546318,89.8668927986287,90.27169862204593,5300.0
1992-11-20,False,daily,225.5,225.5,224.0,224.0,5000.0,91.28371318058906,91.28371318058906,90.67650444546318,90.67650444546318,5000.0
1992-11-19,False,daily,224.0,225.5,224.0,225.5,12000.0,90.67650444546318,91.28371318058906,90.67650444546318,91.28371318058906,12000.0
1992-11-18,False,daily,219.5,223.0,219.5,222.8,15200.0,88.85487824008557,90.27169862204593,88.85487824008557,90.19073745736249,15200.0
1992-11-17,False,daily,218.0,219.0,216.0,219.0,15800.0,88.2476695049597,88.65247532837695,87.43805785812522,88.65247532837695,15800.0
1992-11-16,False,daily,218.0,218.5,216.0,218.0,4800.0,88.2476695049597,88.45007241666833,87.43805785812522,88.2476695049597,4800.0
1992-11-13,False,daily,218.0,219.0,217.5,219.0,10600.0,88.2476695049597,88.65247532837695,88.04526659325109,88.65247532837695,10600.0
1992-11-12,False,daily,217.5,218.5,217.0,218.3,48000.0,88.04526659325109,88.45007241666833,87.84286368154245,88.36911125198489,48000.0
1992-11-11,False,daily,220.0,220.0,215.0,217.5,50400.0,89.0572811517942,89.0572811517942,87.03325203470797,88.04526659325109,50400.0
1992-11-10,False,daily,219.5,220.5,219.0,220.0,31000.0,88.85487824008557,89.25968406350282,88.65247532837695,89.0572811517942,31000.0
1992-11-09,False,daily,222.0,222.0,219.5,220.0,5000.0,89.8668927986287,89.8668927986287,88.85487824008557,89.0572811517942,5000.0
1992-11-06,False,daily,221.5,222.0,221.0,222.0,2400.0,89.66448988692007,89.8668927986287,89.46208697521145,89.8668927986287,2400.0
1992-11-05,False,daily,221.0,221.5,220.0,220.5,2400.0,89.46208697521145,89.66448988692007,89.0572811517942,89.25968406350282,2400.0
1992-11-04,False,daily,223.0,223.0,221.0,221.0,4700.0,90.27169862204593,90.27169862204593,89.46208697521145,89.46208697521145,4700.0
1992-11-03,False,daily,225.1,225.3,224.0,224.0,4400.0,91.12179085122216,91.2027520159056,90.67650444546318,90.67650444546318,4400.0
1992-11-02,False,daily,223.0,226.0,223.0,225.1,15900.0,90.27169862204593,91.48611609229768,90.27169862204593,91.12179085122216,15900.0
1992-10-30,False,daily,224.0,224.0,221.5,222.0,5100.0,90.67650444546318,90.67650444546318,89.66448988692007,89.8668927986287,5100.0
1992-10-29,False,daily,222.5,224.0,222.5,224.0,24800.0,90.06929571033731,90.67650444546318,90.06929571033731,90.67650444546318,24800.0
1992-10-28,False,daily,221.8,222.0,221.0,221.5,6200.0,89.78593163394525,89.8668927986287,89.46208697521145,89.66448988692007,6200.0
1992-10-27,False,daily,222.5,222.5,221.3,221.3,21200.0,90.06929571033731,90.06929571033731,89.58352872223662,89.58352872223662,21200.0
1992-10-26,False,daily,224.0,224.0,221.5,221.5,10700.0,90.67650444546318,90.67650444546318,89.66448988692007,89.66448988692007,10700.0
1992-10-23,False,daily,223.8,224.0,223.8,224.0,1200.0,90.59554328077974,90.67650444546318,90.59554328077974,90.67650444546318,1200.0
1992-10-22,False,daily,223.0,224.0,223.0,223.8,1900.0,90.27169862204593,90.67650444546318,90.27169862204593,90.59554328077974,1900.0
1992-10-21,False,daily,227.0,227.0,221.0,222.0,87500.0,91.89092191571493,91.89092191571493,89.46208697521145,89.8668927986287,87500.0
1992-10-20,False,daily,238.0,241.0,230.0,230.0,38300.0,96.34378597330463,97.55820344355637,93.10533938596666,93.10533938596666,38300.0
1992-10-19,False,daily,236.4,238.0,236.4,237.0,14000.0,95.69609665583704,96.34378597330463,95.69609665583704,95.93898014988739,14000.0
1992-10-16,False,daily,237.0,237.8,236.3,236.4,5300.0,95.93898014988739,96.26282480862119,95.65561607349532,95.69609665583704,5300.0
1992-10-15,False,daily,236.5,237.5,236.5,237.3,6900.0,95.73657723817877,96.14138306159602,95.73657723817877,96.06042189691256,6900.0
1992-10-14,False,daily,239.0,240.0,237.0,237.0,17100.0,96.74859179672188,97.15339762013913,95.93898014988739,95.93898014988739,17100.0
1992-10-13,False,daily,239.0,240.0,239.0,240.0,7400.0,96.74859179672188,97.15339762013913,96.74859179672188,97.15339762013913,7400.0
1992-10-12,False,daily,238.0,239.0,238.0,238.0,4200.0,96.34378597330463,96.74859179672188,96.34378597330463,96.34378597330463,4200.0
1992-10-09,False,daily,240.3,240.3,237.5,237.5,2700.0,97.2748393671643,97.2748393671643,96.14138306159602,96.14138306159602,2700.0
1992-10-08,False,daily,239.8,240.0,238.8,240.0,5300.0,97.07243645545569,97.15339762013913,96.66763063203844,97.15339762013913,5300.0
1992-10-07,False,daily,239.0,240.0,238.5,239.5,9700.0,96.74859179672188,97.15339762013913,96.54618888501325,96.9509947084305,9700.0
1992-10-06,False,daily,238.0,238.0,237.5,238.0,1900.0,96.34378597330463,96.34378597330463,96.14138306159602,96.34378597330463,1900.0
1992-10-05,False,daily,237.5,237.6,237.0,237.1,3100.0,96.14138306159602,96.18186364393773,95.93898014988739,95.97946073222911,3100.0
1992-10-02,False,daily,239.0,240.0,238.0,239.0,7100.0,96.3220286164298,96.72504965666592,95.91900757619369,96.3220286164298,7100.0
1992-10-01,False,daily,241.0,241.0,239.5,239.5,5800.0,97.12807069690201,97.12807069690201,96.52353913654785,96.52353913654785,5800.0
1992-09-30,False,daily,240.3,241.0,240.0,240.3,12000.0,96.84595596873675,97.12807069690201,96.72504965666592,96.84595596873675,12000.0
1992-09-29,False,daily,240.0,240.3,239.9,240.3,5100.0,96.72504965666592,96.84595596873675,96.6847475526423,96.84595596873675,5100.0
1992-09-28,False,daily,237.0,239.0,237.0,239.0,3800.0,95.51598653595758,96.3220286164298,95.51598653595758,96.3220286164298,3800.0
1992-09-25,False,daily,238.0,238.0,236.0,237.0,3000.0,95.91900757619369,95.91900757619369,95.11296549572148,95.51598653595758,3000.0
1992-09-24,False,daily,236.5,239.0,236.0,239.0,7800.0,95.31447601583953,96.3220286164298,95.11296549572148,96.3220286164298,7800.0
1992-09-23,False,daily,235.5,235.5,235.5,235.5,5500.0,94.91145497560342,94.91145497560342,94.91145497560342,94.91145497560342,5500.0
1992-09-22,False,daily,235.0,235.5,234.5,235.5,8900.0,94.70994445548537,94.91145497560342,94.50843393536732,94.91145497560342,8900.0
1992-09-21,False,daily,235.5,236.0,234.5,236.0,4400.0,94.91145497560342,95.11296549572148,94.50843393536732,95.11296549572148,4400.0
1992-09-18,False,daily,234.0,236.0,234.0,235.5,17600.0,94.30692341524926,95.11296549572148,94.30692341524926,94.91145497560342,17600.0
1992-09-17,False,daily,240.0,240.0,237.0,237.0,5100.0,96.72504965666592,96.72504965666592,95.51598653595758,95.51598653595758,5100.0
1992-09-16,False,daily,243.0,243.1,240.0,240.0,4900.0,97.93411277737424,97.97441488139785,96.72504965666592,96.72504965666592,4900.0
1992-09-15,False,daily,240.0,243.5,240.0,243.5,2500.0,96.72504965666592,98.13562329749229,96.72504965666592,98.13562329749229,2500.0
1992-09-14,False,daily,238.0,242.0,238.0,241.0,8700.0,95.91900757619369,97.53109173713813,95.91900757619369,97.12807069690201,8700.0
1992-09-11,False,daily,232.0,238.0,232.0,238.0,10200.0,93.50088133477705,95.91900757619369,93.50088133477705,95.91900757619369,10200.0
1992-09-10,False,daily,231.0,233.0,231.0,233.0,10900.0,93.09786029454094,93.90390237501316,93.09786029454094,93.90390237501316,10900.0
1992-09-09,False,daily,230.5,230.5,230.0,230.0,2000.0,92.89634977442289,92.89634977442289,92.69483925430484,92.69483925430484,2000.0
1992-09-08,False,daily,230.5,231.0,230.5,231.0,7800.0,92.89634977442289,93.09786029454094,92.89634977442289,93.09786029454094,7800.0
1992-09-04,False,daily,229.0,234.0,229.0,232.0,2700.0,92.29181821406873,94.30692341524926,92.29181821406873,93.50088133477705,2700.0
1992-09-03,False,daily,228.5,232.0,228.5,231.0,4000.0,92.09030769395066,93.50088133477705,92.09030769395066,93.09786029454094,4000.0
1992-09-02,False,daily,231.0,231.0,227.5,228.5,2700.0,93.09786029454094,93.09786029454094,91.68728665371457,92.09030769395066,2700.0
1992-09-01,False,daily,229.5,231.5,228.0,230.5,5600.0,92.49332873418678,93.299370814659,91.88879717383261,92.89634977442289,5600.0
1992-08-31,False,daily,229.0,233.8,228.0,230.5,6800.0,92.29181821406873,94.22631920720205,91.88879717383261,92.89634977442289,6800.0
1992-08-28,False,daily,226.6,228.0,226.6,228.0,1300.0,91.32456771750206,91.88879717383261,91.32456771750206,91.88879717383261,1300.0
1992-08-27,False,daily,224.5,226.8,224.5,226.5,6400.0,90.47822353300624,91.4051719255493,90.47822353300624,91.28426561347845,6400.0
1992-08-26,False,daily,223.5,224.5,223.5,224.5,1800.0,90.07520249277013,90.47822353300624,90.07520249277013,90.47822353300624,1800.0
1992-08-25,False,daily,223.5,223.5,223.0,223.5,1200.0,90.07520249277013,90.07520249277013,89.87369197265208,90.07520249277013,1200.0
1992-08-24,False,daily,224.0,224.5,223.3,223.5,8500.0,90.27671301288818,90.47822353300624,89.99459828472291,90.07520249277013,8500.0
1992-08-21,False,daily,221.0,223.0,221.0,223.0,9100.0,89.06764989217986,89.87369197265208,89.06764989217986,89.87369197265208,9100.0
1992-08-20,False,daily,218.3,220.5,218.3,220.0,5800.0,87.97949308354238,88.86613937206181,87.97949308354238,88.66462885194375,5800.0
1992-08-19,False,daily,223.0,223.0,218.3,218.3,3900.0,89.87369197265208,89.87369197265208,87.97949308354238,87.97949308354238,3900.0
1992-08-18,False,daily,220.5,223.0,220.0,223.0,4400.0,88.86613937206181,89.87369197265208,88.66462885194375,89.87369197265208,4400.0
1992-08-17,False,daily,220.0,222.0,220.0,221.5,8500.0,88.66462885194375,89.47067093241597,88.66462885194375,89.26916041229791,8500.0
1992-08-14,False,daily,219.0,220.8,219.0,220.8,6100.0,88.26160781170765,88.98704568413264,88.26160781170765,88.98704568413264,6100.0
1992-08-13,False,daily,220.6,220.6,220.0,220.0,4400.0,88.90644147608542,88.90644147608542,88.66462885194375,88.66462885194375,4400.0
1992-08-12,False,daily,221.0,221.0,220.5,220.8,2900.0,89.06764989217986,89.06764989217986,88.86613937206181,88.98704568413264,2900.0
1992-08-11,False,daily,218.5,220.0,216.3,220.0,10100.0,88.06009729158959,88.66462885194375,87.17345100307016,88.66462885194375,10100.0
1992-08-10,False,daily,216.0,218.5,216.0,218.0,37700.0,87.05254469099933,88.06009729158959,87.05254469099933,87.85858677147154,37700.0
1992-08-07,False,daily,216.8,217.0,214.0,215.0,76600.0,87.3749615231882,87.45556573123542,86.2465026105271,86.64952365076321,76600.0
1992-08-06,False,daily,217.5,219.0,216.5,216.8,8800.0,87.65707625135349,88.26160781170765,87.25405521111738,87.3749615231882,8800.0
1992-08-05,False,daily,216.5,218.0,216.0,216.8,12400.0,87.25405521111738,87.85858677147154,87.05254469099933,87.3749615231882,12400.0
1992-08-04,False,daily,215.8,217.8,214.5,216.5,23100.0,86.9719404829521,87.77798256342432,86.44801313064515,87.25405521111738,23100.0
1992-08-03,False,daily,218.8,218.8,214.0,215.8,15200.0,88.18100360366043,88.18100360366043,86.2465026105271,86.9719404829521,15200.0
1992-07-31,False,daily,220.5,223.0,219.9,219.9,6500.0,88.86613937206181,89.87369197265208,88.62432674792014,88.62432674792014,6500.0
1992-07-30,False,daily,223.0,223.0,220.0,220.0,7200.0,89.87369197265208,89.87369197265208,88.66462885194375,88.66462885194375,7200.0
1992-07-29,False,daily,224.0,226.5,223.0,223.0,11100.0,90.27671301288818,91.28426561347845,89.87369197265208,89.87369197265208,11100.0
1992-07-28,False,daily,222.5,222.5,221.5,222.5,10700.0,89.67218145253402,89.67218145253402,89.26916041229791,89.67218145253402,10700.0
1992-07-27,False,daily,220.0,221.5,220.0,221.5,4700.0,88.66462885194375,89.26916041229791,88.66462885194375,89.26916041229791,4700.0
1992-07-24,False,daily,220.5,220.5,219.0,219.3,2000.0,88.86613937206181,88.86613937206181,88.26160781170765,88.38251412377848,2000.0
1992-07-23,False,daily,220.0,221.8,220.0,220.5,3600.0,88.66462885194375,89.39006672436875,88.66462885194375,88.86613937206181,3600.0
1992-07-22,False,daily,224.8,225.0,218.0,219.5,14400.0,90.59912984507707,90.67973405312429,87.85858677147154,88.4631183318257,14400.0
1992-07-21,False,daily,221.0,228.0,220.0,225.5,11800.0,89.06764989217986,91.88879717383261,88.66462885194375,90.88124457324234,11800.0
1992-07-20,False,daily,219.8,221.5,219.8,221.5,3300.0,88.58402464389654,89.26916041229791,88.58402464389654,89.26916041229791,3300.0
1992-07-17,False,daily,220.3,222.8,219.3,221.5,4700.0,88.36664137869796,89.36944030492013,87.96552180820909,88.84798486328461,4700.0
1992-07-16,False,daily,221.5,222.5,220.0,221.0,8400.0,88.84798486328461,89.24910443377347,88.2463055075513,88.64742507804017,8400.0
1992-07-15,False,daily,224.5,225.0,222.5,222.5,1700.0,90.05134357475121,90.25190335999565,89.24910443377347,89.24910443377347,1700.0
1992-07-14,False,daily,222.5,226.0,222.0,225.5,3700.0,89.24910443377347,90.65302293048451,89.04854464852903,90.45246314524007,3700.0
1992-07-13,False,daily,224.8,224.8,221.5,221.5,4600.0,90.17167944589788,90.17167944589788,88.84798486328461,88.84798486328461,4600.0
1992-07-10,False,daily,225.1,226.0,224.5,225.0,6300.0,90.29201531704453,90.65302293048451,90.05134357475121,90.25190335999565,6300.0
1992-07-09,False,daily,222.0,224.3,222.0,224.1,1100.0,89.04854464852903,89.97111966065344,89.04854464852903,89.89089574655566,1100.0
1992-07-08,False,daily,224.0,224.0,222.0,223.0,6400.0,89.85078378950678,89.85078378950678,89.04854464852903,89.4496642190179,6400.0
1992-07-07,False,daily,225.3,225.5,224.0,224.0,1000.0,90.37223923114232,90.45246314524007,89.85078378950678,89.85078378950678,1000.0
1992-07-06,False,daily,224.0,224.5,224.0,224.5,7200.0,89.85078378950678,90.05134357475121,89.85078378950678,90.05134357475121,7200.0
1992-07-02,False,daily,221.0,223.0,221.0,223.0,1500.0,88.64742507804017,89.4496642190179,88.64742507804017,89.4496642190179,1500.0
1992-07-01,False,daily,218.0,222.0,218.0,222.0,16500.0,87.44406636657357,89.04854464852903,87.44406636657357,89.04854464852903,16500.0
1992-06-30,False,daily,214.5,219.0,214.0,217.0,17900.0,86.04014786986252,87.84518593706242,85.83958808461809,87.04294679608469,17900.0
1992-06-29,False,daily,217.0,218.0,216.0,216.3,10500.0,87.04294679608469,87.44406636657357,86.64182722559582,86.76216309674248,10500.0
1992-06-26,False,daily,218.0,218.0,218.0,218.0,800.0,87.44406636657357,87.44406636657357,87.44406636657357,87.44406636657357,800.0
1992-06-25,False,daily,219.8,219.8,219.0,219.0,700.0,88.16608159345353,88.16608159345353,87.84518593706242,87.84518593706242,700.0
1992-06-24,False,daily,221.3,221.3,217.0,219.8,15700.0,88.76776094918684,88.76776094918684,87.04294679608469,88.16608159345353,15700.0
1992-06-23,False,daily,220.5,222.0,220.5,221.0,3900.0,88.44686529279574,89.04854464852903,88.44686529279574,88.64742507804017,3900.0
1992-06-22,False,daily,220.0,221.0,217.0,219.0,5700.0,88.2463055075513,88.64742507804017,87.04294679608469,87.84518593706242,5700.0
1992-06-19,False,daily,220.5,221.0,219.0,221.0,19700.0,88.44686529279574,88.64742507804017,87.84518593706242,88.64742507804017,19700.0
1992-06-18,False,daily,217.0,220.0,217.0,218.5,8300.0,87.04294679608469,88.2463055075513,87.04294679608469,87.64462615181799,8300.0
1992-06-17,False,daily,220.0,220.0,216.0,216.0,9700.0,88.2463055075513,88.2463055075513,86.64182722559582,86.64182722559582,9700.0
1992-06-16,False,daily,225.0,225.0,221.0,221.0,2600.0,90.25190335999565,90.25190335999565,88.64742507804017,88.64742507804017,2600.0
1992-06-15,False,daily,227.0,228.0,226.0,226.0,3400.0,91.05414250097338,91.45526207146226,90.65302293048451,90.65302293048451,3400.0
1992-06-12,False,daily,228.0,229.0,227.0,227.0,4400.0,91.45526207146226,91.85638164195112,91.05414250097338,91.05414250097338,4400.0
1992-06-11,False,daily,230.0,230.0,227.0,228.0,1700.0,92.25750121243999,92.25750121243999,91.05414250097338,91.45526207146226,1700.0
1992-06-10,False,daily,234.5,234.5,231.0,231.0,3000.0,94.0625392796399,94.0625392796399,92.65862078292886,92.65862078292886,3000.0
1992-06-09,False,daily,238.0,238.0,235.0,235.5,2500.0,95.46645777635095,95.46645777635095,94.26309906488434,94.46365885012878,2500.0
1992-06-08,False,daily,242.0,242.0,238.5,238.5,2400.0,97.07093605830643,97.07093605830643,95.66701756159539,95.66701756159539,2400.0
1992-06-05,False,daily,243.5,243.5,242.5,242.5,1500.0,97.67261541403973,97.67261541403973,97.27149584355087,97.27149584355087,1500.0
1992-06-04,False,daily,245.5,245.5,243.8,243.9,5400.0,98.47485455501747,98.47485455501747,97.7929512851864,97.83306324223528,5400.0
1992-06-03,False,daily,240.0,246.0,240.0,246.0,25700.0,96.26869691732868,98.67541434026191,96.26869691732868,98.67541434026191,25700.0
1992-06-02,False,daily,233.0,240.0,233.0,240.0,18700.0,93.4608599239066,96.26869691732868,93.4608599239066,96.26869691732868,18700.0
1992-06-01,False,daily,228.5,231.5,228.0,231.5,13900.0,91.6558218567067,92.8591805681733,91.45526207146226,92.8591805681733,13900.0
1992-05-29,False,daily,232.3,232.5,229.5,229.5,6300.0,93.1800762245644,93.26030013866217,92.05694142719555,92.05694142719555,6300.0
1992-05-28,False,daily,233.8,233.8,232.0,232.0,1000.0,93.7817555802977,93.7817555802977,93.05974035341774,93.05974035341774,1000.0
1992-05-27,False,daily,234.5,235.0,233.5,233.8,6600.0,94.0625392796399,94.26309906488434,93.66141970915103,93.7817555802977,6600.0
1992-05-26,False,daily,233.5,233.5,233.5,233.5,0.0,93.66141970915103,93.66141970915103,93.66141970915103,93.66141970915103,0.0
1992-05-22,False,daily,233.0,234.0,231.5,233.5,3300.0,93.4608599239066,93.86197949439547,92.8591805681733,93.66141970915103,3300.0
1992-05-21,False,daily,231.5,232.5,231.0,232.0,28600.0,92.8591805681733,93.26030013866217,92.65862078292886,93.05974035341774,28600.0
1992-05-20,False,daily,233.8,233.8,232.5,232.5,1600.0,93.7817555802977,93.7817555802977,93.26030013866217,93.26030013866217,1600.0
1992-05-19,False,daily,234.0,234.0,232.0,233.8,14300.0,93.86197949439547,93.86197949439547,93.05974035341774,93.7817555802977,14300.0
1992-05-18,False,daily,232.5,237.0,232.5,234.0,13700.0,93.26030013866217,95.06533820586208,93.26030013866217,93.86197949439547,13700.0
1992-05-15,False,daily,233.8,235.0,232.0,232.5,5900.0,93.7817555802977,94.26309906488434,93.05974035341774,93.26030013866217,5900.0
1992-05-14,False,daily,237.8,238.0,234.0,234.8,12400.0,95.38623386225318,95.46645777635095,93.86197949439547,94.18287515078657,12400.0
1992-05-13,False,daily,238.5,238.5,238.3,238.3,500.0,95.66701756159539,95.66701756159539,95.58679364749761,95.58679364749761,500.0
1992-05-12,False,daily,237.5,239.0,236.5,239.0,6200.0,95.26589799110651,95.86757734683982,94.86477842061764,95.86757734683982,6200.0
1992-05-11,False,daily,237.0,238.0,237.0,238.0,5700.0,95.06533820586208,95.46645777635095,95.06533820586208,95.46645777635095,5700.0
1992-05-08,False,daily,237.0,237.3,236.5,237.3,1800.0,95.06533820586208,95.18567407700874,94.86477842061764,95.18567407700874,1800.0
1992-05-07,False,daily,238.5,238.5,235.8,237.3,5200.0,95.66701756159539,95.66701756159539,94.58399472127545,95.18567407700874,5200.0
1992-05-06,False,daily,237.0,238.0,236.5,238.0,5900.0,95.06533820586208,95.46645777635095,94.86477842061764,95.46645777635095,5900.0
1992-05-05,False,daily,238.5,238.5,237.0,237.0,1800.0,95.66701756159539,95.66701756159539,95.06533820586208,95.06533820586208,1800.0
1992-05-04,False,daily,239.3,240.0,239.0,239.0,5300.0,95.98791321798649,96.26869691732868,95.86757734683982,95.86757734683982,5300.0
1992-05-01,False,daily,240.3,241.3,237.5,238.3,7000.0,96.38903278847535,96.79015235896422,95.26589799110651,95.58679364749761,7000.0
1992-04-30,False,daily,236.8,242.0,236.8,242.0,8100.0,94.9851142917643,97.07093605830643,94.9851142917643,97.07093605830643,8100.0
1992-04-29,False,daily,231.0,235.8,231.0,235.8,13500.0,92.65862078292886,94.58399472127545,92.65862078292886,94.58399472127545,13500.0
1992-04-28,False,daily,234.5,234.5,231.0,231.0,14300.0,94.0625392796399,94.0625392796399,92.65862078292886,92.65862078292886,14300.0
1992-04-27,False,daily,229.5,233.0,227.0,233.0,11300.0,92.05694142719555,93.4608599239066,91.05414250097338,93.4608599239066,11300.0
1992-04-24,False,daily,230.5,230.5,230.5,230.5,1500.0,92.45806099768443,92.45806099768443,92.45806099768443,92.45806099768443,1500.0
1992-04-23,False,daily,227.0,229.5,227.0,229.4,2600.0,91.05414250097338,92.05694142719555,91.05414250097338,92.01682947014667,2600.0
1992-04-22,False,daily,225.0,226.0,224.0,226.0,13700.0,90.25190335999565,90.65302293048451,89.85078378950678,90.65302293048451,13700.0
1992-04-21,False,daily,225.8,228.5,224.0,224.0,10700.0,90.57279901638674,91.6558218567067,89.85078378950678,89.85078378950678,10700.0
1992-04-20,False,daily,227.0,227.0,225.0,225.8,5500.0,91.05414250097338,91.05414250097338,90.25190335999565,90.57279901638674,5500.0
1992-04-16,False,daily,228.3,228.3,225.3,226.5,3100.0,91.57559794260892,91.57559794260892,90.37223923114232,90.85358271572895,3100.0
1992-04-15,False,daily,229.0,230.0,228.0,229.0,6300.0,91.85638164195112,92.25750121243999,91.45526207146226,91.85638164195112,6300.0
1992-04-14,False,daily,225.8,229.5,225.5,228.9,7800.0,90.57279901638674,92.05694142719555,90.45246314524007,91.81626968490224,7800.0
1992-04-13,False,daily,221.3,225.3,221.3,225.3,4000.0,88.76776094918684,90.37223923114232,88.76776094918684,90.37223923114232,4000.0
1992-04-10,False,daily,219.8,220.8,219.8,220.6,1300.0,88.16608159345353,88.5672011639424,88.16608159345353,88.48697724984461,1300.0
1992-04-09,False,daily,216.0,218.0,214.0,218.0,8200.0,86.64182722559582,87.44406636657357,85.83958808461809,87.44406636657357,8200.0
1992-04-08,False,daily,221.0,221.0,216.0,216.5,5100.0,88.64742507804017,88.64742507804017,86.64182722559582,86.84238701084026,5100.0
1992-04-07,False,daily,221.0,222.5,221.0,222.0,1600.0,88.64742507804017,89.24910443377347,88.64742507804017,89.04854464852903,1600.0
1992-04-06,False,daily,221.9,221.9,220.0,221.0,3200.0,89.00843269148015,89.00843269148015,88.2463055075513,88.64742507804017,3200.0
1992-04-03,False,daily,223.0,223.0,221.0,222.0,5100.0,89.02668674804303,89.02668674804303,88.22824112698434,88.6274639375137,5100.0
1992-04-02,False,daily,227.0,228.5,224.0,224.0,10000.0,90.6235779901604,91.2224122059544,89.42590955857237,89.42590955857237,10000.0
1992-04-01,False,daily,226.5,227.0,225.5,227.0,14600.0,90.42396658489572,90.6235779901604,90.02474377436639,90.6235779901604,14600.0
1992-03-31,False,daily,227.0,228.8,225.0,227.5,11500.0,90.6235779901604,91.34217904911321,89.82513236910171,90.82318939542506,11500.0
1992-03-30,False,daily,229.0,229.0,227.3,227.3,900.0,91.42202361121907,91.42202361121907,90.7433448333192,90.7433448333192,900.0
1992-03-27,False,daily,231.0,231.0,229.8,229.8,600.0,92.22046923227776,92.22046923227776,91.74140185964255,91.74140185964255,600.0
1992-03-26,False,daily,231.5,234.0,231.5,232.0,3800.0,92.42008063754243,93.41813766386578,92.42008063754243,92.6196920428071,3800.0
1992-03-25,False,daily,233.0,233.0,232.0,232.0,3200.0,93.01891485333644,93.01891485333644,92.6196920428071,92.6196920428071,3200.0
1992-03-24,False,daily,239.0,239.8,233.0,233.0,7600.0,95.41425171651248,95.73362996493596,93.01891485333644,93.01891485333644,7600.0
1992-03-23,False,daily,237.0,239.0,237.0,239.0,5900.0,94.6158060954538,95.41425171651248,94.6158060954538,95.41425171651248,5900.0
1992-03-20,False,daily,234.0,238.5,234.0,237.5,12000.0,93.41813766386578,95.21464031124782,93.41813766386578,94.81541750071847,12000.0
1992-03-19,False,daily,230.0,233.0,230.0,232.0,14800.0,91.82124642174841,93.01891485333644,91.82124642174841,92.6196920428071,14800.0
1992-03-18,False,daily,227.0,228.0,226.0,227.5,4500.0,90.6235779901604,91.02280080068974,90.22435517963105,90.82318939542506,4500.0
1992-03-17,False,daily,227.0,227.5,226.5,227.0,5400.0,90.6235779901604,90.82318939542506,90.42396658489572,90.6235779901604,5400.0
1992-03-16,False,daily,228.5,229.0,227.0,227.0,4100.0,91.2224122059544,91.42202361121907,90.6235779901604,90.6235779901604,4100.0
1992-03-13,False,daily,230.3,231.5,229.5,229.5,3400.0,91.94101326490723,92.42008063754243,91.62163501648375,91.62163501648375,3400.0
1992-03-12,False,daily,230.0,231.5,230.0,230.3,2800.0,91.82124642174841,92.42008063754243,91.82124642174841,91.94101326490723,2800.0
1992-03-11,False,daily,236.8,236.8,231.0,231.0,7900.0,94.53596153334794,94.53596153334794,92.22046923227776,92.22046923227776,7900.0
1992-03-10,False,daily,237.0,238.0,237.0,237.8,9400.0,94.6158060954538,95.01502890598314,94.6158060954538,94.93518434387728,9400.0
1992-03-09,False,daily,238.0,239.5,237.0,238.0,15700.0,95.01502890598314,95.61386312177716,94.6158060954538,95.01502890598314,15700.0
1992-03-06,False,daily,238.5,238.5,236.0,236.0,4000.0,95.21464031124782,95.21464031124782,94.21658328492447,94.21658328492447,4000.0
1992-03-05,False,daily,239.8,239.8,237.3,237.3,12200.0,95.73362996493596,95.73362996493596,94.7355729386126,94.7355729386126,12200.0
1992-03-04,False,daily,240.0,240.5,239.5,240.1,15500.0,95.81347452704182,96.0130859323065,95.61386312177716,95.85339680809476,15500.0
1992-03-03,False,daily,241.0,241.5,239.5,240.0,10500.0,96.21269733757117,96.41230874283583,95.61386312177716,95.81347452704182,10500.0
1992-03-02,False,daily,238.0,242.0,238.0,242.0,19000.0,95.01502890598314,96.61192014810051,95.01502890598314,96.61192014810051,19000.0
1992-02-28,False,daily,241.0,241.0,236.3,237.0,15700.0,96.21269733757117,96.21269733757117,94.33635012808327,94.6158060954538,15700.0
1992-02-27,False,daily,239.5,242.0,239.5,242.0,7000.0,95.61386312177716,96.61192014810051,95.61386312177716,96.61192014810051,7000.0
1992-02-26,False,daily,235.0,240.0,235.0,238.5,20400.0,93.81736047439512,95.81347452704182,93.81736047439512,95.21464031124782,20400.0
1992-02-25,False,daily,231.0,235.3,229.0,235.3,14800.0,92.22046923227776,93.93712731755393,91.42202361121907,93.93712731755393,14800.0
1992-02-24,False,daily,227.3,231.0,227.3,230.0,7200.0,90.7433448333192,92.22046923227776,90.7433448333192,91.82124642174841,7200.0
1992-02-21,False,daily,226.0,227.5,226.0,226.0,4400.0,90.22435517963105,90.82318939542506,90.22435517963105,90.22435517963105,4400.0
1992-02-20,False,daily,222.3,227.0,222.3,227.0,7300.0,88.7472307806725,90.6235779901604,88.7472307806725,90.6235779901604,7300.0
1992-02-19,False,daily,226.0,226.0,220.0,222.3,13100.0,90.22435517963105,90.22435517963105,87.829018316455,88.7472307806725,13100.0
1992-02-18,False,daily,224.5,228.0,224.5,225.3,11700.0,89.62552096383705,91.02280080068974,89.62552096383705,89.94489921226052,11700.0
1992-02-14,False,daily,228.0,228.0,223.5,223.5,7300.0,91.02280080068974,91.02280080068974,89.2262981533077,89.2262981533077,7300.0
1992-02-13,False,daily,233.5,234.3,229.8,229.8,4000.0,93.21852625860112,93.53790450702459,91.74140185964255,91.74140185964255,4000.0
1992-02-12,False,daily,231.0,232.5,230.0,232.5,4800.0,92.22046923227776,92.81930344807176,91.82124642174841,92.81930344807176,4800.0
1992-02-11,False,daily,229.0,233.0,228.5,232.0,19600.0,91.42202361121907,93.01891485333644,91.2224122059544,92.6196920428071,19600.0
1992-02-10,False,daily,225.5,227.0,224.0,226.3,13600.0,90.02474377436639,90.6235779901604,89.42590955857237,90.34412202278986,13600.0
1992-02-07,False,daily,226.0,226.5,223.0,226.5,13700.0,90.22435517963105,90.42396658489572,89.02668674804303,90.42396658489572,13700.0
1992-02-06,False,daily,219.5,228.0,219.0,227.0,12000.0,87.62940691119034,91.02280080068974,87.42979550592567,90.6235779901604,12000.0
1992-02-05,False,daily,205.0,219.3,205.0,218.3,19500.0,81.8406761585149,87.54956234908447,81.8406761585149,87.15033953855513,19500.0
1992-02-04,False,daily,198.3,204.0,198.3,204.0,15000.0,79.16588332796832,81.44145334798556,79.16588332796832,81.44145334798556,15000.0
1992-02-03,False,daily,198.0,198.5,197.0,198.5,8800.0,79.0461164848095,79.24572789007418,78.64689367428016,79.24572789007418,8800.0
1992-01-31,False,daily,199.8,199.8,197.0,197.0,6500.0,79.76471754376233,79.76471754376233,78.64689367428016,78.64689367428016,6500.0
1992-01-30,False,daily,199.8,199.8,196.5,199.0,6200.0,79.76471754376233,79.76471754376233,78.44728226901549,79.44533929533885,6200.0
1992-01-29,False,daily,199.8,201.8,199.5,201.0,18600.0,79.76471754376233,80.563163164821,79.64495070060352,80.24378491639753,18600.0
1992-01-28,False,daily,194.0,199.8,194.0,199.8,19700.0,77.44922524269214,79.76471754376233,77.44922524269214,79.76471754376233,19700.0
1992-01-27,False,daily,197.0,197.0,193.0,194.3,22700.0,78.64689367428016,78.64689367428016,77.0500024321628,77.56899208585095,22700.0
1992-01-24,False,daily,196.3,198.5,195.8,197.5,14100.0,78.36743770690963,79.24572789007418,78.16782630164496,78.84650507954484,14100.0
1992-01-23,False,daily,205.3,205.3,200.0,200.0,33800.0,81.9604430016737,81.9604430016737,79.84456210586819,79.84456210586819,33800.0
1992-01-22,False,daily,204.0,206.0,203.5,205.5,11200.0,81.44145334798556,82.23989896904423,81.24184194272088,82.04028756377956,11200.0
1992-01-21,False,daily,209.0,209.0,205.0,205.0,5000.0,83.43756740063226,83.43756740063226,81.8406761585149,81.8406761585149,5000.0
1992-01-20,False,daily,208.8,209.0,206.0,209.0,8400.0,83.3577228385264,83.43756740063226,82.23989896904423,83.43756740063226,8400.0
1992-01-17,False,daily,207.0,210.5,207.0,208.8,9600.0,82.63912177957357,84.03640161642628,82.63912177957357,83.3577228385264,9600.0
1992-01-16,False,daily,205.0,210.0,205.0,207.5,16900.0,81.43118028066671,83.41730662897565,81.43118028066671,82.42424345482118,16900.0
1992-01-15,False,daily,198.0,203.5,198.0,202.0,18700.0,78.65060339303419,80.83534237617403,78.65060339303419,80.23950447168134,18700.0
1992-01-14,False,daily,195.6,197.3,195.0,196.3,14400.0,77.69726274584589,78.37254570427095,77.45892758404882,77.97532043460916,14400.0
1992-01-13,False,daily,196.3,196.3,195.0,195.6,6900.0,77.97532043460916,77.97532043460916,77.45892758404882,77.69726274584589,6900.0
1992-01-10,False,daily,194.5,195.8,194.0,195.8,4200.0,77.26031494921793,77.77670779977826,77.06170231438703,77.77670779977826,4200.0
1992-01-09,False,daily,196.5,197.0,194.8,195.3,12900.0,78.0547654885415,78.2533781233724,77.37948253011648,77.57809516494737,12900.0
1992-01-08,False,daily,198.5,199.0,196.0,196.5,15200.0,78.84921602786508,79.04782866269598,77.85615285371061,78.0547654885415,15200.0
1992-01-07,False,daily,200.0,200.5,198.0,198.0,10700.0,79.44505393235777,79.64366656718866,78.65060339303419,78.65060339303419,10700.0
1992-01-06,False,daily,198.8,200.0,198.8,200.0,7400.0,78.96838360876363,79.44505393235777,78.96838360876363,79.44505393235777,7400.0
1992-01-03,False,daily,199.5,200.9,198.5,198.8,5000.0,79.24644129752687,79.80255667505338,78.84921602786508,78.96838360876363,5000.0
1992-01-02,False,daily,193.0,200.0,191.5,199.3,9100.0,76.66447704472525,79.44505393235777,76.06863914023256,79.16699624359453,9100.0
1993-12-31,False,daily,255.0,256.0,254.8,254.8,3300.0,105.1348673145541,105.54716091186607,105.0524085950917,105.0524085950917,3300.0
1993-12-30,False,daily,255.9,255.9,254.8,255.5,5500.0,105.50593155213488,105.50593155213488,105.0524085950917,105.34101411321008,5500.0
1993-12-29,False,daily,255.6,256.0,255.3,256.0,3900.0,105.38224347294128,105.54716091186607,105.2585553937477,105.54716091186607,3900.0
1993-12-28,False,daily,253.5,255.3,253.5,255.3,1300.0,104.51642691858613,105.2585553937477,104.51642691858613,105.2585553937477,1300.0
1993-12-27,False,daily,256.0,256.0,253.5,254.0,3100.0,105.54716091186607,105.54716091186607,104.51642691858613,104.72257371724211,3100.0
1993-12-23,False,daily,252.0,256.5,251.5,256.5,9200.0,103.89798652261817,105.75330771052207,103.69183972396218,105.75330771052207,9200.0
1993-12-22,False,daily,249.0,252.0,248.0,252.0,4700.0,102.66110573068224,103.89798652261817,102.24881213337025,103.89798652261817,4700.0
1993-12-21,False,daily,252.0,252.5,249.0,249.0,13400.0,103.89798652261817,104.10413332127415,102.66110573068224,102.66110573068224,13400.0
1993-12-20,False,daily,249.0,252.5,249.0,252.5,3600.0,102.66110573068224,104.10413332127415,102.66110573068224,104.10413332127415,3600.0
1993-12-17,False,daily,248.8,249.0,248.5,249.0,8900.0,102.57864701121984,102.66110573068224,102.45495893202624,102.66110573068224,8900.0
1993-12-16,False,daily,248.0,248.5,247.5,247.5,7900.0,102.24881213337025,102.45495893202624,102.04266533471427,102.04266533471427,7900.0
1993-12-15,False,daily,246.0,248.0,246.0,247.5,18100.0,101.4242249387463,102.24881213337025,101.4242249387463,102.04266533471427,18100.0
1993-12-14,False,daily,246.0,247.0,245.5,246.0,4100.0,101.4242249387463,101.83651853605828,101.21807814009031,101.4242249387463,4100.0
1993-12-13,False,daily,245.8,246.0,245.0,245.5,6000.0,101.34176621928391,101.4242249387463,101.01193134143433,101.21807814009031,6000.0
1993-12-10,False,daily,247.3,248.3,245.8,246.3,14100.0,101.96020661525188,102.37250021256385,101.34176621928391,101.5479130179399,14100.0
1993-12-09,False,daily,249.0,249.0,246.5,246.8,6800.0,102.66110573068224,102.66110573068224,101.63037173740229,101.75405981659588,6800.0
1993-12-08,False,daily,249.5,249.5,248.5,248.5,6500.0,102.86725252933822,102.86725252933822,102.45495893202624,102.45495893202624,6500.0
1993-12-07,False,daily,251.5,251.5,249.8,249.8,9900.0,103.69183972396218,103.69183972396218,102.99094060853182,102.99094060853182,9900.0
1993-12-06,False,daily,242.5,253.0,242.5,252.0,29100.0,99.98119734815438,104.31028011993014,99.98119734815438,103.89798652261817,29100.0
1993-12-03,False,daily,237.0,243.0,236.8,243.0,30400.0,97.71358256293851,100.18734414681037,97.63112384347612,100.18734414681037,30400.0
1993-12-02,False,daily,237.0,237.5,236.8,237.5,5000.0,97.71358256293851,97.9197293615945,97.63112384347612,97.9197293615945,5000.0
1993-12-01,False,daily,237.5,237.5,236.0,236.5,5300.0,97.9197293615945,97.9197293615945,97.30128896562654,97.50743576428252,5300.0
1993-11-30,False,daily,236.8,238.0,236.8,237.0,5900.0,97.63112384347612,98.12587616025048,97.63112384347612,97.71358256293851,5900.0
1993-11-29,False,daily,237.3,237.8,237.3,237.3,1400.0,97.83727064213211,98.0434174407881,97.83727064213211,97.83727064213211,1400.0
1993-11-26,False,daily,236.8,238.5,236.8,238.0,1900.0,97.63112384347612,98.33202295890648,97.63112384347612,98.12587616025048,1900.0
1993-11-24,False,daily,237.0,238.3,237.0,237.3,1500.0,97.71358256293851,98.24956423944408,97.71358256293851,97.83727064213211,1500.0
1993-11-23,False,daily,237.5,238.0,236.5,236.5,2100.0,97.9197293615945,98.12587616025048,97.50743576428252,97.50743576428252,2100.0
1993-11-22,False,daily,240.0,240.0,237.0,238.0,2700.0,98.95046335487444,98.95046335487444,97.71358256293851,98.12587616025048,2700.0
1993-11-19,False,daily,241.8,241.8,240.0,240.0,19700.0,99.69259183003601,99.69259183003601,98.95046335487444,98.95046335487444,19700.0
1993-11-18,False,daily,238.5,240.8,238.5,240.8,9100.0,98.33202295890648,99.28029823272404,98.33202295890648,99.28029823272404,9100.0
1993-11-17,False,daily,238.5,238.8,238.0,238.5,2900.0,98.33202295890648,98.45571103810008,98.12587616025048,98.33202295890648,2900.0
1993-11-16,False,daily,239.0,239.8,238.5,238.5,4100.0,98.53816975756247,98.86800463541205,98.33202295890648,98.33202295890648,4100.0
1993-11-15,False,daily,239.8,240.5,238.0,239.0,10100.0,98.86800463541205,99.15661015353044,98.12587616025048,98.53816975756247,10100.0
1993-11-12,False,daily,238.5,240.0,238.5,239.8,2200.0,98.33202295890648,98.95046335487444,98.33202295890648,98.86800463541205,2200.0
1993-11-11,False,daily,238.3,238.3,237.5,237.5,1500.0,98.24956423944408,98.24956423944408,97.9197293615945,97.9197293615945,1500.0
1993-11-10,False,daily,241.0,241.0,238.3,238.3,3300.0,99.36275695218642,99.36275695218642,98.24956423944408,98.24956423944408,3300.0
1993-11-09,False,daily,241.3,242.3,241.3,241.5,1800.0,99.48644503138001,99.89873862869199,99.48644503138001,99.56890375084241,1800.0
1993-11-08,False,daily,238.0,241.5,238.0,241.3,5000.0,98.12587616025048,99.56890375084241,98.12587616025048,99.48644503138001,5000.0
1993-11-05,False,daily,239.0,240.0,237.5,237.5,6500.0,98.53816975756247,98.95046335487444,97.9197293615945,97.9197293615945,6500.0
1993-11-04,False,daily,242.8,243.0,240.0,240.0,7800.0,100.10488542734798,100.18734414681037,98.95046335487444,98.95046335487444,7800.0
1993-11-03,False,daily,247.8,247.8,243.0,243.0,10100.0,102.16635341390787,102.16635341390787,100.18734414681037,100.18734414681037,10100.0
1993-11-02,False,daily,250.0,250.0,248.3,248.3,4500.0,103.07339932799421,103.07339932799421,102.37250021256385,102.37250021256385,4500.0
1993-11-01,False,daily,249.8,250.3,249.8,249.9,17500.0,102.99094060853182,103.19708740718781,102.99094060853182,103.03216996826302,17500.0
1993-10-29,False,daily,248.0,249.5,248.0,249.5,14400.0,102.24881213337025,102.86725252933822,102.24881213337025,102.86725252933822,14400.0
1993-10-28,False,daily,246.0,247.3,246.0,247.3,21900.0,101.4242249387463,101.96020661525188,101.4242249387463,101.96020661525188,21900.0
1993-10-27,False,daily,243.3,246.5,243.0,246.5,6800.0,100.31103222600397,101.63037173740229,100.18734414681037,101.63037173740229,6800.0
1993-10-26,False,daily,241.0,242.0,240.5,242.0,20900.0,99.36275695218642,99.7750505494984,99.15661015353044,99.7750505494984,20900.0
1993-10-25,False,daily,240.5,241.0,240.5,241.0,200.0,99.15661015353044,99.36275695218642,99.15661015353044,99.36275695218642,200.0
1993-10-22,False,daily,239.3,241.0,239.3,241.0,6000.0,98.66185783675607,99.36275695218642,98.66185783675607,99.36275695218642,6000.0
1993-10-21,False,daily,242.3,242.3,238.8,238.8,3400.0,99.89873862869199,99.89873862869199,98.45571103810008,98.45571103810008,3400.0
1993-10-20,False,daily,243.5,244.0,242.0,242.8,8300.0,100.39349094546637,100.59963774412235,99.7750505494984,100.10488542734798,8300.0
1993-10-19,False,daily,243.0,243.0,241.8,242.8,16500.0,100.18734414681037,100.18734414681037,99.69259183003601,100.10488542734798,16500.0
1993-10-18,False,daily,236.0,238.8,236.0,238.0,13000.0,97.30128896562654,98.45571103810008,97.30128896562654,98.12587616025048,13000.0
1993-10-15,False,daily,230.0,237.0,229.8,236.0,38000.0,94.82752738175468,97.71358256293851,94.74506866229228,97.30128896562654,38000.0
1993-10-14,False,daily,226.5,231.5,226.5,230.3,20800.0,93.38449979116275,95.44596777772264,93.38449979116275,94.95121546094828,20800.0
1993-10-13,False,daily,224.0,227.0,224.0,227.0,27300.0,92.35376579788282,93.59064658981875,92.35376579788282,93.59064658981875,27300.0
1993-10-12,False,daily,221.5,222.5,221.0,222.0,10400.0,91.32303180460288,91.73532540191485,91.11688500594688,91.52917860325886,10400.0
1993-10-11,False,daily,223.8,223.8,220.5,221.5,8800.0,92.27130707842042,92.27130707842042,90.91073820729089,91.32303180460288,8800.0
1993-10-08,False,daily,221.0,223.5,221.0,223.4,3800.0,91.11688500594688,92.14761899922682,91.11688500594688,92.10638963949563,3800.0
1993-10-07,False,daily,222.0,222.0,220.0,220.8,6300.0,91.52917860325886,91.52917860325886,90.70459140863491,91.03442628648449,6300.0
1993-10-06,False,daily,224.0,224.1,222.8,222.8,5500.0,92.35376579788282,92.394995157614,91.85901348110845,91.85901348110845,5500.0
1993-10-05,False,daily,220.5,223.6,220.5,223.0,14400.0,90.91073820729089,92.18884835895803,90.91073820729089,91.94147220057084,14400.0
1993-10-04,False,daily,219.0,219.8,219.0,219.8,5100.0,90.29229781132292,90.62213268917252,90.29229781132292,90.62213268917252,5100.0
1993-10-01,False,daily,220.5,220.5,218.9,220.1,6300.0,90.47851599711359,90.47851599711359,89.82198254770142,90.31438263476055,6300.0
1993-09-30,False,daily,221.0,221.0,220.1,221.0,7500.0,90.68368270005489,90.68368270005489,90.31438263476055,90.68368270005489,7500.0
1993-09-29,False,daily,220.5,221.5,220.3,221.5,6000.0,90.47851599711359,90.88884940299619,90.39644931593708,90.88884940299619,6000.0
1993-09-28,False,daily,219.5,220.8,219.5,220.8,10800.0,90.068182591231,90.60161601887837,90.068182591231,90.60161601887837,10800.0
1993-09-27,False,daily,217.5,219.3,217.0,219.3,4900.0,89.24751577946579,89.98611591005447,89.04234907652449,89.98611591005447,4900.0
1993-09-24,False,daily,216.5,216.5,215.8,216.5,4100.0,88.83718237358319,88.83718237358319,88.54994898946536,88.83718237358319,4100.0
1993-09-23,False,daily,214.8,216.9,214.8,216.5,12900.0,88.13961558358277,89.00131573593623,88.13961558358277,88.83718237358319,12900.0
1993-09-22,False,daily,214.5,215.5,214.0,215.5,9400.0,88.01651556181798,88.42684896770058,87.81134885887668,88.42684896770058,9400.0
1993-09-21,False,daily,214.0,215.0,213.3,213.8,15800.0,87.81134885887668,88.22168226475928,87.52411547475886,87.72928217770017,15800.0
1993-09-20,False,daily,214.8,215.0,214.0,214.0,2400.0,88.13961558358277,88.22168226475928,87.81134885887668,87.81134885887668,2400.0
1993-09-17,False,daily,214.0,215.4,214.0,215.4,8400.0,87.81134885887668,88.38581562711232,87.81134885887668,88.38581562711232,8400.0
1993-09-16,False,daily,215.4,215.4,214.0,214.5,2500.0,88.38581562711232,88.38581562711232,87.81134885887668,88.01651556181798,2500.0
1993-09-15,False,daily,215.3,215.3,215.3,215.3,4300.0,88.34478228652407,88.34478228652407,88.34478228652407,88.34478228652407,4300.0
1993-09-14,False,daily,215.3,215.5,215.0,215.0,10900.0,88.34478228652407,88.42684896770058,88.22168226475928,88.22168226475928,10900.0
1993-09-13,False,daily,215.0,215.3,214.8,215.3,4900.0,88.22168226475928,88.34478228652407,88.13961558358277,88.34478228652407,4900.0
1993-09-10,False,daily,213.4,215.0,213.3,214.3,13900.0,87.56514881534711,88.22168226475928,87.52411547475886,87.93444888064147,13900.0
1993-09-09,False,daily,213.5,214.0,213.3,213.4,6100.0,87.60618215593539,87.81134885887668,87.52411547475886,87.56514881534711,6100.0
1993-09-08,False,daily,217.0,217.0,212.0,214.0,7900.0,89.04234907652449,89.04234907652449,86.99068204711148,87.81134885887668,7900.0
1993-09-07,False,daily,219.3,219.5,217.5,217.5,4300.0,89.98611591005447,90.068182591231,89.24751577946579,89.24751577946579,4300.0
1993-09-03,False,daily,219.0,219.3,218.0,219.3,1500.0,89.86301588828968,89.98611591005447,89.45268248240708,89.98611591005447,1500.0
1993-09-02,False,daily,218.5,218.8,218.0,218.8,3100.0,89.65784918534838,89.78094920711317,89.45268248240708,89.78094920711317,3100.0
1993-09-01,False,daily,220.0,220.1,218.5,218.5,2700.0,90.27334929417229,90.31438263476055,89.65784918534838,89.65784918534838,2700.0
1993-08-31,False,daily,220.5,222.0,220.5,220.5,7700.0,90.47851599711359,91.09401610593748,90.47851599711359,90.47851599711359,7700.0
1993-08-30,False,daily,222.0,222.0,220.0,220.0,3900.0,91.09401610593748,91.09401610593748,90.27334929417229,90.27334929417229,3900.0
1993-08-27,False,daily,222.5,223.0,222.0,222.0,8100.0,91.2991828088788,91.5043495118201,91.09401610593748,91.09401610593748,8100.0
1993-08-26,False,daily,221.0,222.0,221.0,222.0,7400.0,90.68368270005489,91.09401610593748,90.68368270005489,91.09401610593748,7400.0
1993-08-25,False,daily,222.0,222.5,221.0,221.8,18600.0,91.09401610593748,91.2991828088788,90.68368270005489,91.01194942476097,18600.0
1993-08-24,False,daily,221.0,222.5,220.0,221.8,21400.0,90.68368270005489,91.2991828088788,90.27334929417229,91.01194942476097,21400.0
1993-08-23,False,daily,222.0,222.0,221.0,221.0,3600.0,91.09401610593748,91.09401610593748,90.68368270005489,90.68368270005489,3600.0
1993-08-20,False,daily,224.0,224.0,222.3,222.3,2600.0,91.91468291770269,91.91468291770269,91.21711612770227,91.21711612770227,2600.0
1993-08-19,False,daily,225.5,226.0,224.5,224.5,7300.0,92.5301830265266,92.7353497294679,92.11984962064399,92.11984962064399,7300.0
1993-08-18,False,daily,225.0,227.5,225.0,225.0,44100.0,92.32501632358529,93.3508498382918,92.32501632358529,92.32501632358529,44100.0
1993-08-17,False,daily,225.0,225.0,224.3,224.3,4600.0,92.32501632358529,92.32501632358529,92.03778293946748,92.03778293946748,4600.0
1993-08-16,False,daily,225.0,225.0,224.5,225.0,8000.0,92.32501632358529,92.32501632358529,92.11984962064399,92.32501632358529,8000.0
1993-08-13,False,daily,225.5,225.5,225.0,225.0,8300.0,92.5301830265266,92.5301830265266,92.32501632358529,92.32501632358529,8300.0
1993-08-12,False,daily,225.3,225.5,225.0,225.5,2200.0,92.44811634535007,92.5301830265266,92.32501632358529,92.5301830265266,2200.0
1993-08-11,False,daily,225.0,225.5,224.0,224.9,32500.0,92.32501632358529,92.5301830265266,91.91468291770269,92.28398298299703,32500.0
1993-08-10,False,daily,224.5,225.0,224.5,225.0,5600.0,92.11984962064399,92.32501632358529,92.11984962064399,92.32501632358529,5600.0
1993-08-09,False,daily,224.5,225.0,224.0,224.5,4200.0,92.11984962064399,92.32501632358529,91.91468291770269,92.11984962064399,4200.0
1993-08-06,False,daily,225.0,225.5,224.8,224.8,4300.0,92.32501632358529,92.5301830265266,92.24294964240877,92.24294964240877,4300.0
1993-08-05,False,daily,225.0,225.0,224.8,224.8,2000.0,92.32501632358529,92.32501632358529,92.24294964240877,92.24294964240877,2000.0
1993-08-04,False,daily,225.0,225.0,224.5,224.5,35500.0,92.32501632358529,92.32501632358529,92.11984962064399,92.11984962064399,35500.0
1993-08-03,False,daily,225.0,226.0,225.0,225.5,2800.0,92.32501632358529,92.7353497294679,92.32501632358529,92.5301830265266,2800.0
1993-08-02,False,daily,224.5,225.5,224.5,225.0,4900.0,92.11984962064399,92.5301830265266,92.11984962064399,92.32501632358529,4900.0
1993-07-30,False,daily,225.0,225.0,224.3,224.8,7300.0,92.32501632358529,92.32501632358529,92.03778293946748,92.24294964240877,7300.0
1993-07-29,False,daily,225.5,225.5,225.0,225.0,3900.0,92.5301830265266,92.5301830265266,92.32501632358529,92.32501632358529,3900.0
1993-07-28,False,daily,225.5,226.3,225.0,225.5,10600.0,92.5301830265266,92.85844975123268,92.32501632358529,92.5301830265266,10600.0
1993-07-27,False,daily,225.4,227.0,225.1,225.5,6600.0,92.48914968593834,93.1456831353505,92.36604966417356,92.5301830265266,6600.0
1993-07-26,False,daily,224.0,225.4,224.0,225.4,8200.0,91.91468291770269,92.48914968593834,91.91468291770269,92.48914968593834,8200.0
1993-07-23,False,daily,224.0,224.5,223.5,224.0,4400.0,91.91468291770269,92.11984962064399,91.7095162147614,91.91468291770269,4400.0
1993-07-22,False,daily,224.0,224.0,223.0,223.5,44300.0,91.91468291770269,91.91468291770269,91.5043495118201,91.7095162147614,44300.0
1993-07-21,False,daily,225.0,225.0,223.5,223.5,5800.0,92.32501632358529,92.32501632358529,91.7095162147614,91.7095162147614,5800.0
1993-07-20,False,daily,226.5,226.5,226.0,226.0,1000.0,92.9405164324092,92.9405164324092,92.7353497294679,92.7353497294679,1000.0
1993-07-19,False,daily,226.0,226.3,226.0,226.3,300.0,92.7353497294679,92.85844975123268,92.7353497294679,92.85844975123268,300.0
1993-07-16,False,daily,227.5,228.0,227.5,227.5,1200.0,92.91971549771469,93.12393465265473,92.91971549771469,92.91971549771469,1200.0
1993-07-15,False,daily,227.5,228.0,227.5,228.0,2800.0,92.91971549771469,93.12393465265473,92.91971549771469,93.12393465265473,2800.0
1993-07-14,False,daily,227.3,228.0,226.5,228.0,37300.0,92.83802783573869,93.12393465265473,92.51127718783462,93.12393465265473,37300.0
1993-07-13,False,daily,227.0,227.5,226.8,227.3,5800.0,92.71549634277466,92.91971549771469,92.63380868079865,92.83802783573869,5800.0
1993-07-12,False,daily,227.0,227.0,226.5,226.5,900.0,92.71549634277466,92.71549634277466,92.51127718783462,92.51127718783462,900.0
1993-07-09,False,daily,227.5,228.0,227.5,227.5,1900.0,92.91971549771469,93.12393465265473,92.91971549771469,92.91971549771469,1900.0
1993-07-08,False,daily,226.5,227.0,226.5,227.0,600.0,92.51127718783462,92.71549634277466,92.51127718783462,92.71549634277466,600.0
1993-07-07,False,daily,228.0,228.0,226.0,226.0,4800.0,93.12393465265473,93.12393465265473,92.30705803289459,92.30705803289459,4800.0
1993-07-06,False,daily,229.0,229.0,229.0,229.0,9600.0,93.5323729625348,93.5323729625348,93.5323729625348,93.5323729625348,9600.0
1993-07-02,False,daily,228.3,229.5,228.3,229.5,5500.0,93.24646614561875,93.73659211747481,93.24646614561875,93.73659211747481,5500.0
1993-07-01,False,daily,228.0,228.5,228.0,228.5,6900.0,93.12393465265473,93.32815380759476,93.12393465265473,93.32815380759476,6900.0
1993-06-30,False,daily,228.5,229.0,228.5,228.5,14800.0,93.32815380759476,93.5323729625348,93.32815380759476,93.32815380759476,14800.0
1993-06-29,False,daily,229.0,229.0,229.0,229.0,6900.0,93.5323729625348,93.5323729625348,93.5323729625348,93.5323729625348,6900.0
1993-06-28,False,daily,228.8,229.0,228.5,229.0,3600.0,93.45068530055877,93.5323729625348,93.32815380759476,93.5323729625348,3600.0
1993-06-25,False,daily,228.8,229.0,228.5,229.0,11300.0,93.45068530055877,93.5323729625348,93.32815380759476,93.5323729625348,11300.0
1993-06-24,False,daily,229.0,229.8,229.0,229.8,43700.0,93.5323729625348,93.85912361043884,93.5323729625348,93.85912361043884,43700.0
1993-06-23,False,daily,230.5,230.5,229.0,229.8,5400.0,94.14503042735488,94.14503042735488,93.5323729625348,93.85912361043884,5400.0
1993-06-22,False,daily,228.5,230.0,227.5,229.8,39800.0,93.32815380759476,93.94081127241485,92.91971549771469,93.85912361043884,39800.0
1993-06-21,False,daily,228.0,230.0,227.0,228.0,58100.0,93.12393465265473,93.94081127241485,92.71549634277466,93.12393465265473,58100.0
1993-06-18,False,daily,229.0,229.0,227.0,227.1,3900.0,93.5323729625348,93.5323729625348,92.71549634277466,92.75634017376267,3900.0
1993-06-17,False,daily,230.3,230.3,229.3,229.8,5100.0,94.06334276537888,94.06334276537888,93.65490445549881,93.85912361043884,5100.0
1993-06-16,False,daily,232.0,232.0,229.3,229.3,5700.0,94.75768789217499,94.75768789217499,93.65490445549881,93.65490445549881,5700.0
1993-06-15,False,daily,237.5,237.5,232.0,232.0,6800.0,97.00409859651533,97.00409859651533,94.75768789217499,94.75768789217499,6800.0
1993-06-14,False,daily,239.0,239.0,236.5,237.3,6700.0,97.61675606133544,97.61675606133544,96.59566028663527,96.92241093453933,6700.0
1993-06-11,False,daily,240.8,240.8,240.0,240.0,2700.0,98.35194501911955,98.35194501911955,98.02519437121549,98.02519437121549,2700.0
1993-06-10,False,daily,240.8,240.8,240.0,240.0,13700.0,98.35194501911955,98.35194501911955,98.02519437121549,98.02519437121549,13700.0
1993-06-09,False,daily,240.3,241.5,240.3,241.0,11800.0,98.14772586417952,98.6378518360356,98.14772586417952,98.43363268109556,11800.0
1993-06-08,False,daily,241.5,241.5,240.3,240.8,6900.0,98.6378518360356,98.6378518360356,98.14772586417952,98.35194501911955,6900.0
1993-06-07,False,daily,240.8,241.5,240.8,241.5,11600.0,98.35194501911955,98.6378518360356,98.35194501911955,98.6378518360356,11600.0
1993-06-04,False,daily,240.5,241.0,240.5,240.9,5000.0,98.22941352615553,98.43363268109556,98.22941352615553,98.39278885010756,5000.0
1993-06-03,False,daily,240.0,242.0,240.0,242.0,7000.0,98.02519437121549,98.84207099097563,98.02519437121549,98.84207099097563,7000.0
1993-06-02,False,daily,241.8,241.8,240.0,240.0,14300.0,98.76038332899962,98.76038332899962,98.02519437121549,98.02519437121549,14300.0
1993-06-01,False,daily,241.5,242.3,241.3,242.0,3400.0,98.6378518360356,98.96460248393966,98.55616417405959,98.84207099097563,3400.0
1993-05-28,False,daily,240.5,242.0,240.0,241.0,10600.0,98.22941352615553,98.84207099097563,98.02519437121549,98.43363268109556,10600.0
1993-05-27,False,daily,240.5,240.5,240.0,240.5,8900.0,98.22941352615553,98.22941352615553,98.02519437121549,98.22941352615553,8900.0
1993-05-26,False,daily,240.4,240.5,239.5,240.5,13600.0,98.18856969516753,98.22941352615553,97.82097521627547,98.22941352615553,13600.0
1993-05-25,False,daily,240.8,241.3,240.3,240.3,5600.0,98.35194501911955,98.55616417405959,98.14772586417952,98.14772586417952,5600.0
1993-05-24,False,daily,241.4,241.4,240.8,240.8,1300.0,98.59700800504758,98.59700800504758,98.35194501911955,98.35194501911955,1300.0
1993-05-21,False,daily,241.0,241.5,241.0,241.3,11900.0,98.43363268109556,98.6378518360356,98.43363268109556,98.55616417405959,11900.0
1993-05-20,False,daily,241.5,242.0,241.3,241.8,10800.0,98.6378518360356,98.84207099097563,98.55616417405959,98.76038332899962,10800.0
1993-05-19,False,daily,241.3,241.3,241.0,241.3,5200.0,98.55616417405959,98.55616417405959,98.43363268109556,98.55616417405959,5200.0
1993-05-18,False,daily,240.3,241.3,240.3,241.3,2700.0,98.14772586417952,98.55616417405959,98.14772586417952,98.55616417405959,2700.0
1993-05-17,False,daily,239.5,240.5,239.5,240.3,13400.0,97.82097521627547,98.22941352615553,97.82097521627547,98.14772586417952,13400.0
1993-05-14,False,daily,239.5,239.8,239.5,239.8,3000.0,97.82097521627547,97.94350670923949,97.82097521627547,97.94350670923949,3000.0
1993-05-13,False,daily,239.5,239.8,239.3,239.8,7600.0,97.82097521627547,97.94350670923949,97.73928755429945,97.94350670923949,7600.0
1993-05-12,False,daily,240.0,240.0,239.0,239.3,8600.0,98.02519437121549,98.02519437121549,97.61675606133544,97.73928755429945,8600.0
1993-05-11,False,daily,241.0,241.0,240.0,240.0,1200.0,98.43363268109556,98.43363268109556,98.02519437121549,98.02519437121549,1200.0
1993-05-10,False,daily,242.5,242.5,241.0,241.0,3500.0,99.04629014591566,99.04629014591566,98.43363268109556,98.43363268109556,3500.0
1993-05-07,False,daily,243.3,243.3,241.9,241.9,3300.0,99.37304079381971,99.37304079381971,98.80122715998762,98.80122715998762,3300.0
1993-05-06,False,daily,243.5,244.0,243.5,243.8,4200.0,99.45472845579573,99.65894761073575,99.45472845579573,99.57725994875975,4200.0
1993-05-05,False,daily,241.5,243.5,241.5,243.5,5100.0,98.6378518360356,99.45472845579573,98.6378518360356,99.45472845579573,5100.0
1993-05-04,False,daily,241.0,241.5,240.0,241.0,14500.0,98.43363268109556,98.6378518360356,98.02519437121549,98.43363268109556,14500.0
1993-05-03,False,daily,241.3,243.0,240.3,241.5,8400.0,98.55616417405959,99.2505093008557,98.14772586417952,98.6378518360356,8400.0
1993-04-30,False,daily,239.0,240.6,239.0,240.3,1900.0,97.61675606133544,98.27025735714354,97.61675606133544,98.14772586417952,1900.0
1993-04-29,False,daily,239.5,239.5,238.0,239.5,1500.0,97.82097521627547,97.82097521627547,97.20831775145537,97.82097521627547,1500.0
1993-04-28,False,daily,239.0,241.0,239.0,240.0,6400.0,97.61675606133544,98.43363268109556,97.61675606133544,98.02519437121549,6400.0
1993-04-27,False,daily,240.0,241.0,237.8,238.3,13200.0,98.02519437121549,98.43363268109556,97.12663008947936,97.3308492444194,13200.0
1993-04-26,False,daily,239.5,240.5,238.5,239.5,4500.0,97.82097521627547,98.22941352615553,97.4125369063954,97.82097521627547,4500.0
1993-04-23,False,daily,239.5,240.0,239.0,240.0,4200.0,97.82097521627547,98.02519437121549,97.61675606133544,98.02519437121549,4200.0
1993-04-22,False,daily,238.5,239.5,238.5,239.0,1800.0,97.4125369063954,97.82097521627547,97.4125369063954,97.61675606133544,1800.0
1993-04-21,False,daily,236.3,237.5,235.8,237.5,4500.0,96.51397262465926,97.00409859651533,96.30975346971923,97.00409859651533,4500.0
1993-04-20,False,daily,236.0,236.3,235.8,236.3,5600.0,96.39144113169525,96.51397262465926,96.30975346971923,96.51397262465926,5600.0
1993-04-19,False,daily,236.0,236.0,235.0,235.8,3600.0,96.39144113169525,96.39144113169525,95.98300282181518,96.30975346971923,3600.0
1993-04-16,False,daily,235.0,235.8,234.8,235.8,2300.0,95.98300282181518,96.30975346971923,95.90131515983917,96.30975346971923,2300.0
1993-04-15,False,daily,235.5,235.6,235.0,235.0,2600.0,96.18722197675521,96.2280658077432,95.98300282181518,95.98300282181518,2600.0
1993-04-14,False,daily,234.8,235.8,234.8,235.8,2100.0,95.90131515983917,96.30975346971923,95.90131515983917,96.30975346971923,2100.0
1993-04-13,False,daily,234.0,235.3,234.0,234.8,1500.0,95.57456451193511,96.1055343147792,95.57456451193511,95.90131515983917,1500.0
1993-04-12,False,daily,235.0,236.0,233.8,234.8,6000.0,95.98300282181518,96.39144113169525,95.4928768499591,95.90131515983917,6000.0
1993-04-08,False,daily,234.8,234.8,234.0,234.3,2500.0,95.90131515983917,95.90131515983917,95.57456451193511,95.69709600489914,2500.0
1993-04-07,False,daily,234.9,235.0,234.5,234.8,6900.0,95.94215899082717,95.98300282181518,95.77878366687514,95.90131515983917,6900.0
1993-04-06,False,daily,235.0,235.3,235.0,235.0,3600.0,95.98300282181518,96.1055343147792,95.98300282181518,95.98300282181518,3600.0
1993-04-05,False,daily,235.1,235.3,235.0,235.3,4200.0,96.02384665280319,96.1055343147792,95.98300282181518,96.1055343147792,4200.0
1993-04-02,False,daily,237.0,237.0,235.0,235.1,14500.0,96.7998794415753,96.7998794415753,95.98300282181518,96.02384665280319,14500.0
1993-04-01,False,daily,239.5,239.6,238.0,238.5,5800.0,97.38603122314782,97.42669344912827,96.77609783344126,96.97940896334345,5800.0
1993-03-31,False,daily,238.8,240.0,238.3,240.0,6300.0,97.10139564128477,97.58934235305001,96.89808451138258,97.58934235305001,6300.0
1993-03-30,False,daily,238.8,239.0,238.8,238.8,500.0,97.10139564128477,97.18272009324563,97.10139564128477,97.10139564128477,500.0
1993-03-29,False,daily,238.3,238.5,238.3,238.5,3500.0,96.89808451138258,96.97940896334345,96.89808451138258,96.97940896334345,3500.0
1993-03-26,False,daily,240.0,240.0,238.8,238.8,3300.0,97.58934235305001,97.58934235305001,97.10139564128477,97.10139564128477,3300.0
1993-03-25,False,daily,239.0,240.0,238.0,240.0,7100.0,97.18272009324563,97.58934235305001,96.77609783344126,97.58934235305001,7100.0
1993-03-24,False,daily,240.3,240.3,239.0,239.0,28200.0,97.71132903099134,97.71132903099134,97.18272009324563,97.18272009324563,28200.0
1993-03-23,False,daily,239.8,240.3,239.8,239.8,700.0,97.50801790108915,97.71132903099134,97.50801790108915,97.50801790108915,700.0
1993-03-22,False,daily,239.0,240.0,239.0,240.0,3400.0,97.18272009324563,97.58934235305001,97.18272009324563,97.58934235305001,3400.0
1993-03-19,False,daily,241.0,241.0,239.5,240.0,5700.0,97.9959646128544,97.9959646128544,97.38603122314782,97.58934235305001,5700.0
1993-03-18,False,daily,239.0,240.3,239.0,240.3,13900.0,97.18272009324563,97.71132903099134,97.18272009324563,97.71132903099134,13900.0
1993-03-17,False,daily,239.5,239.8,239.5,239.8,1800.0,97.38603122314782,97.50801790108915,97.38603122314782,97.50801790108915,1800.0
1993-03-16,False,daily,239.3,240.5,239.3,240.3,3300.0,97.30470677118696,97.7926534829522,97.30470677118696,97.71132903099134,3300.0
1993-03-15,False,daily,241.0,241.0,238.5,239.5,5200.0,97.9959646128544,97.9959646128544,96.97940896334345,97.38603122314782,5200.0
1993-03-12,False,daily,238.0,241.0,238.0,241.0,6700.0,96.77609783344126,97.9959646128544,96.77609783344126,97.9959646128544,6700.0
1993-03-11,False,daily,239.0,239.3,239.0,239.0,1400.0,97.18272009324563,97.30470677118696,97.18272009324563,97.18272009324563,1400.0
1993-03-10,False,daily,241.8,241.8,240.0,240.0,6500.0,98.32126242069789,98.32126242069789,97.58934235305001,97.58934235305001,6500.0
1993-03-09,False,daily,240.0,241.3,240.0,241.3,17700.0,97.58934235305001,98.1179512907957,97.58934235305001,98.1179512907957,17700.0
1993-03-08,False,daily,239.0,239.5,238.5,239.5,5500.0,97.18272009324563,97.38603122314782,96.97940896334345,97.38603122314782,5500.0
1993-03-05,False,daily,237.0,238.5,236.5,238.5,17800.0,96.36947557363689,96.97940896334345,96.1661644437347,96.97940896334345,17800.0
1993-03-04,False,daily,236.8,237.3,236.5,236.5,2500.0,96.28815112167602,96.4914622515782,96.1661644437347,96.1661644437347,2500.0
1993-03-03,False,daily,236.0,237.5,236.0,237.0,10600.0,95.96285331383251,96.57278670353908,95.96285331383251,96.36947557363689,10600.0
1993-03-02,False,daily,236.5,236.5,235.5,235.8,12400.0,96.1661644437347,96.1661644437347,95.75954218393032,95.88152886187164,12400.0
1993-03-01,False,daily,237.5,238.0,237.0,237.3,6100.0,96.57278670353908,96.77609783344126,96.36947557363689,96.4914622515782,6100.0
1993-02-26,False,daily,237.0,237.0,235.5,236.5,7600.0,96.36947557363689,96.36947557363689,95.75954218393032,96.1661644437347,7600.0
1993-02-25,False,daily,236.6,238.0,236.5,237.5,4100.0,96.20682666971514,96.77609783344126,96.1661644437347,96.57278670353908,4100.0
1993-02-24,False,daily,236.5,236.5,236.5,236.5,3400.0,96.1661644437347,96.1661644437347,96.1661644437347,96.1661644437347,3400.0
1993-02-23,False,daily,234.1,238.5,234.1,237.5,5300.0,95.1902710202042,96.97940896334345,95.1902710202042,96.57278670353908,5300.0
1993-02-22,False,daily,233.5,234.0,233.5,234.0,1100.0,94.94629766432158,95.14960879422377,94.94629766432158,95.14960879422377,1100.0
1993-02-19,False,daily,233.0,233.5,233.0,233.5,1700.0,94.74298653441939,94.94629766432158,94.74298653441939,94.94629766432158,1700.0
1993-02-18,False,daily,234.0,234.0,233.0,233.0,16300.0,95.14960879422377,95.14960879422377,94.74298653441939,94.74298653441939,16300.0
1993-02-17,False,daily,233.0,234.0,233.0,233.0,13700.0,94.74298653441939,95.14960879422377,94.74298653441939,94.74298653441939,13700.0
1993-02-16,False,daily,234.5,234.8,232.5,233.5,12100.0,95.35291992412596,95.47490660206726,94.5396754045172,94.94629766432158,12100.0
1993-02-12,False,daily,235.5,235.5,235.3,235.5,800.0,95.75954218393032,95.75954218393032,95.67821773196945,95.75954218393032,800.0
1993-02-11,False,daily,236.5,236.5,235.3,235.3,8500.0,96.1661644437347,96.1661644437347,95.67821773196945,95.67821773196945,8500.0
1993-02-10,False,daily,235.0,236.0,235.0,235.3,8900.0,95.55623105402813,95.96285331383251,95.55623105402813,95.67821773196945,8900.0
1993-02-09,False,daily,237.0,237.5,236.0,236.0,3100.0,96.36947557363689,96.57278670353908,95.96285331383251,95.96285331383251,3100.0
1993-02-08,False,daily,238.8,239.0,237.0,237.0,6200.0,97.10139564128477,97.18272009324563,96.36947557363689,96.36947557363689,6200.0
1993-02-05,False,daily,239.0,239.5,239.0,239.3,4400.0,97.18272009324563,97.38603122314782,97.18272009324563,97.30470677118696,4400.0
1993-02-04,False,daily,239.5,240.5,239.0,239.0,12700.0,97.38603122314782,97.7926534829522,97.18272009324563,97.18272009324563,12700.0
1993-02-03,False,daily,235.0,237.5,235.0,237.5,7900.0,95.55623105402813,96.57278670353908,95.55623105402813,96.57278670353908,7900.0
1993-02-02,False,daily,234.5,235.0,234.3,235.0,1200.0,95.35291992412596,95.55623105402813,95.27159547216507,95.55623105402813,1200.0
1993-02-01,False,daily,233.8,234.0,233.0,234.0,10200.0,95.06828434226288,95.14960879422377,94.74298653441939,95.14960879422377,10200.0
1993-01-29,False,daily,231.8,233.3,231.8,233.3,2300.0,94.25503982265414,94.86497321236071,94.25503982265414,94.86497321236071,2300.0
1993-01-28,False,daily,231.5,232.0,231.0,231.5,5300.0,94.13305314471282,94.33636427461501,93.92974201481064,94.13305314471282,5300.0
1993-01-27,False,daily,232.5,232.5,231.5,232.0,18500.0,94.5396754045172,94.5396754045172,94.13305314471282,94.33636427461501,18500.0
1993-01-26,False,daily,232.0,235.0,231.0,233.5,6500.0,94.33636427461501,95.55623105402813,93.92974201481064,94.94629766432158,6500.0
1993-01-25,False,daily,230.5,232.0,230.5,232.0,7900.0,93.72643088490845,94.33636427461501,93.72643088490845,94.33636427461501,7900.0
1993-01-22,False,daily,231.8,231.9,231.0,231.0,9000.0,94.25503982265414,94.29570204863458,93.92974201481064,93.92974201481064,9000.0
1993-01-21,False,daily,232.0,232.0,231.1,231.1,5200.0,94.33636427461501,94.33636427461501,93.97040424079107,93.97040424079107,5200.0
1993-01-20,False,daily,231.4,233.0,231.4,232.5,4000.0,94.09239091873239,94.74298653441939,94.09239091873239,94.5396754045172,4000.0
1993-01-19,False,daily,231.5,231.5,231.3,231.4,3700.0,94.13305314471282,94.13305314471282,94.05172869275195,94.09239091873239,3700.0
1993-01-18,False,daily,234.0,234.0,231.5,231.5,3000.0,95.14960879422377,95.14960879422377,94.13305314471282,94.13305314471282,3000.0
1993-01-15,False,daily,231.0,235.0,231.0,234.0,7300.0,93.92974201481064,95.55623105402813,93.92974201481064,95.14960879422377,7300.0
1993-01-14,False,daily,231.0,231.5,230.3,231.5,9600.0,93.51014520938391,93.71254812109254,93.22678113299185,93.71254812109254,9600.0
1993-01-13,False,daily,231.8,232.0,231.0,232.0,6200.0,93.83398986811771,93.91495103280116,93.51014520938391,93.91495103280116,6200.0
1993-01-12,False,daily,232.8,233.5,231.5,232.1,8200.0,94.23879569153496,94.52215976792702,93.71254812109254,93.95543161514287,8200.0
1993-01-11,False,daily,231.8,233.0,231.0,232.8,7500.0,93.83398986811771,94.3197568562184,93.51014520938391,94.23879569153496,7500.0
1993-01-08,False,daily,231.3,232.5,231.3,232.5,5700.0,93.63158695640908,94.11735394450977,93.63158695640908,94.11735394450977,5700.0
1993-01-07,False,daily,231.5,232.5,231.0,231.3,6700.0,93.71254812109254,94.11735394450977,93.51014520938391,93.63158695640908,6700.0
1993-01-06,False,daily,229.3,232.3,229.0,232.3,7300.0,92.8219753095746,94.03639277982633,92.70053356254941,94.03639277982633,7300.0
1993-01-05,False,daily,228.0,229.0,227.5,228.9,22200.0,92.29572773913218,92.70053356254941,92.09332482742354,92.6600529802077,22200.0
1993-01-04,False,daily,229.5,229.6,228.0,228.3,17900.0,92.90293647425804,92.94341705659976,92.29572773913218,92.41716948615735,17900.0
1994-12-30,False,daily,242.5,243.5,242.3,242.5,20300.0,101.73277485673698,102.15229145408435,101.64887153726751,101.73277485673698,20300.0
1994-12-29,False,daily,242.5,242.5,242.0,242.1,13300.0,101.73277485673698,101.73277485673698,101.5230165580633,101.56496821779804,13300.0
1994-12-28,False,daily,243.0,243.0,242.6,242.6,300.0,101.94253315541067,101.94253315541067,101.77472651647172,101.77472651647172,300.0
1994-12-27,False,daily,242.9,243.0,242.8,243.0,4100.0,101.90058149567594,101.94253315541067,101.8586298359412,101.94253315541067,4100.0
1994-12-23,False,daily,242.3,242.8,242.3,242.6,9400.0,101.64887153726751,101.8586298359412,101.64887153726751,101.77472651647172,9400.0
1994-12-22,False,daily,242.5,242.5,242.0,242.5,20200.0,101.73277485673698,101.73277485673698,101.5230165580633,101.73277485673698,20200.0
1994-12-21,False,daily,240.5,243.5,240.5,243.3,9800.0,100.89374166204225,102.15229145408435,100.89374166204225,102.06838813461489,9800.0
1994-12-20,False,daily,240.5,241.0,240.0,240.0,10700.0,100.89374166204225,101.10349996071594,100.68398336336857,100.68398336336857,10700.0
1994-12-19,False,daily,239.5,240.0,239.5,240.0,20700.0,100.47422506469488,100.68398336336857,100.47422506469488,100.68398336336857,20700.0
1994-12-16,False,daily,238.0,240.0,238.0,239.8,26200.0,99.84495016867382,100.68398336336857,99.84495016867382,100.6000800438991,26200.0
1994-12-15,False,daily,239.4,240.4,238.8,239.0,72700.0,100.43227340496014,100.85179000230751,100.18056344655173,100.2644667660212,72700.0
1994-12-14,False,daily,238.0,241.0,238.0,239.5,3900.0,99.84495016867382,101.10349996071594,99.84495016867382,100.47422506469488,3900.0
1994-12-13,False,daily,239.0,239.0,238.0,238.5,2000.0,100.2644667660212,100.2644667660212,99.84495016867382,100.05470846734751,2000.0
1994-12-12,False,daily,240.5,240.5,238.5,239.3,8700.0,100.89374166204225,100.89374166204225,100.05470846734751,100.3903217452254,8700.0
1994-12-09,False,daily,242.0,242.0,240.5,240.5,32100.0,101.5230165580633,101.5230165580633,100.89374166204225,100.89374166204225,32100.0
1994-12-08,False,daily,242.0,242.0,242.0,242.0,2400.0,101.5230165580633,101.5230165580633,101.5230165580633,101.5230165580633,2400.0
1994-12-07,False,daily,242.5,242.5,242.0,242.0,2800.0,101.73277485673698,101.73277485673698,101.5230165580633,101.5230165580633,2800.0
1994-12-06,False,daily,243.0,243.0,242.5,242.5,6700.0,101.94253315541067,101.94253315541067,101.73277485673698,101.73277485673698,6700.0
1994-12-05,False,daily,244.6,244.6,243.5,243.5,5200.0,102.61375971116645,102.61375971116645,102.15229145408435,102.15229145408435,5200.0
1994-12-02,False,daily,243.5,244.5,243.5,244.5,1900.0,102.15229145408435,102.57180805143173,102.15229145408435,102.57180805143173,1900.0
1994-12-01,False,daily,245.5,245.9,244.0,244.0,21100.0,102.9913246487791,103.15913128771804,102.36204975275804,102.36204975275804,21100.0
1994-11-30,False,daily,245.5,245.5,244.8,244.8,5200.0,102.9913246487791,102.9913246487791,102.69766303063594,102.69766303063594,5200.0
1994-11-29,False,daily,245.5,245.5,244.8,244.8,13400.0,102.9913246487791,102.9913246487791,102.69766303063594,102.69766303063594,13400.0
1994-11-28,False,daily,245.8,245.8,245.0,245.4,5200.0,103.1171796279833,103.1171796279833,102.78156635010541,102.94937298904436,5200.0
1994-11-25,False,daily,245.9,246.5,245.9,246.5,900.0,103.15913128771804,103.41084124612647,103.15913128771804,103.41084124612647,900.0
1994-11-23,False,daily,245.5,246.5,245.5,245.9,2800.0,102.9913246487791,103.41084124612647,102.9913246487791,103.15913128771804,2800.0
1994-11-22,False,daily,246.3,246.5,245.5,245.5,4000.0,103.326937926657,103.41084124612647,102.9913246487791,102.9913246487791,4000.0
1994-11-21,False,daily,247.0,247.0,246.4,246.4,9700.0,103.62059954480014,103.62059954480014,103.36888958639173,103.36888958639173,9700.0
1994-11-18,False,daily,246.0,246.5,246.0,246.0,56400.0,103.20108294745278,103.41084124612647,103.20108294745278,103.20108294745278,56400.0
1994-11-17,False,daily,247.0,247.0,246.0,246.3,18200.0,103.62059954480014,103.62059954480014,103.20108294745278,103.326937926657,18200.0
1994-11-16,False,daily,246.8,247.0,246.5,247.0,62400.0,103.53669622533067,103.62059954480014,103.41084124612647,103.62059954480014,62400.0
1994-11-15,False,daily,247.5,248.0,247.0,247.0,3300.0,103.83035784347383,104.04011614214751,103.62059954480014,103.62059954480014,3300.0
1994-11-14,False,daily,247.5,247.5,247.3,247.3,2600.0,103.83035784347383,103.83035784347383,103.74645452400436,103.74645452400436,2600.0
1994-11-11,False,daily,246.8,247.5,246.8,247.0,900.0,103.53669622533067,103.83035784347383,103.53669622533067,103.62059954480014,900.0
1994-11-10,False,daily,247.0,247.5,246.8,246.9,3300.0,103.62059954480014,103.83035784347383,103.53669622533067,103.57864788506541,3300.0
1994-11-09,False,daily,245.8,246.3,245.3,246.3,2000.0,103.1171796279833,103.326937926657,102.90742132930963,103.326937926657,2000.0
1994-11-08,False,daily,245.3,246.3,245.3,246.3,1500.0,102.90742132930963,103.326937926657,102.90742132930963,103.326937926657,1500.0
1994-11-07,False,daily,247.5,247.5,244.5,245.3,7200.0,103.83035784347383,103.83035784347383,102.57180805143173,102.90742132930963,7200.0
1994-11-04,False,daily,246.0,247.5,245.6,247.5,4500.0,103.20108294745278,103.83035784347383,103.03327630851383,103.83035784347383,4500.0
1994-11-03,False,daily,244.3,246.0,244.3,246.0,8400.0,102.48790473196226,103.20108294745278,102.48790473196226,103.20108294745278,8400.0
1994-11-02,False,daily,244.3,244.3,244.3,244.3,2800.0,102.48790473196226,102.48790473196226,102.48790473196226,102.48790473196226,2800.0
1994-11-01,False,daily,245.0,245.0,244.5,244.5,3600.0,102.78156635010541,102.78156635010541,102.57180805143173,102.57180805143173,3600.0
1994-10-31,False,daily,247.0,247.0,245.0,245.0,5600.0,103.62059954480014,103.62059954480014,102.78156635010541,102.78156635010541,5600.0
1994-10-28,False,daily,243.5,248.0,243.5,247.1,3600.0,102.15229145408435,104.04011614214751,102.15229145408435,103.66255120453488,3600.0
1994-10-27,False,daily,240.5,243.0,240.5,243.0,6500.0,100.89374166204225,101.94253315541067,100.89374166204225,101.94253315541067,6500.0
1994-10-26,False,daily,240.8,241.5,240.5,241.0,1700.0,101.01959664124647,101.31325825938961,100.89374166204225,101.10349996071594,1700.0
1994-10-25,False,daily,240.8,240.9,240.3,240.9,700.0,101.01959664124647,101.0615483009812,100.80983834257277,101.0615483009812,700.0
1994-10-24,False,daily,240.0,240.5,239.5,240.3,10200.0,100.68398336336857,100.89374166204225,100.47422506469488,100.80983834257277,10200.0
1994-10-21,False,daily,240.0,240.1,240.0,240.0,4400.0,100.68398336336857,100.7259350231033,100.68398336336857,100.68398336336857,4400.0
1994-10-20,False,daily,241.3,241.3,240.0,240.0,3600.0,101.22935493992014,101.22935493992014,100.68398336336857,100.68398336336857,3600.0
1994-10-19,False,daily,242.8,242.8,240.5,241.3,4800.0,101.8586298359412,101.8586298359412,100.89374166204225,101.22935493992014,4800.0
1994-10-18,False,daily,241.5,242.3,240.0,242.3,35800.0,101.31325825938961,101.64887153726751,100.68398336336857,101.64887153726751,35800.0
1994-10-17,False,daily,240.0,242.3,240.0,242.3,3600.0,100.68398336336857,101.64887153726751,100.68398336336857,101.64887153726751,3600.0
1994-10-14,False,daily,241.5,241.5,239.5,241.0,25400.0,101.31325825938961,101.31325825938961,100.47422506469488,101.10349996071594,25400.0
1994-10-13,False,daily,241.0,242.5,240.5,241.5,5400.0,101.10349996071594,101.73277485673698,100.89374166204225,101.31325825938961,5400.0
1994-10-12,False,daily,239.8,241.8,239.8,240.5,9400.0,100.6000800438991,101.43911323859383,100.6000800438991,100.89374166204225,9400.0
1994-10-11,False,daily,239.5,240.0,239.3,239.8,5900.0,100.47422506469488,100.68398336336857,100.3903217452254,100.6000800438991,5900.0
1994-10-10,False,daily,238.8,239.3,238.0,238.5,2800.0,100.18056344655173,100.3903217452254,99.84495016867382,100.05470846734751,2800.0
1994-10-07,False,daily,239.5,239.5,238.5,238.8,28900.0,100.47422506469488,100.47422506469488,100.05470846734751,100.18056344655173,28900.0
1994-10-06,False,daily,238.3,239.5,237.5,239.5,31800.0,99.97080514787804,100.47422506469488,99.63519187000014,100.47422506469488,31800.0
1994-10-05,False,daily,238.3,239.3,238.0,238.3,30400.0,99.97080514787804,100.3903217452254,99.84495016867382,99.97080514787804,30400.0
1994-10-04,False,daily,236.8,238.8,236.8,237.3,13500.0,99.34153025185698,100.18056344655173,99.34153025185698,99.55128855053067,13500.0
1994-10-03,False,daily,234.5,237.5,234.5,236.5,17900.0,98.37664207795804,99.63519187000014,98.37664207795804,99.21567527265277,17900.0
1994-09-30,False,daily,234.8,236.0,234.8,235.4,8100.0,98.06710399502786,98.5682987343551,98.06710399502786,98.31770136469149,8100.0
1994-09-29,False,daily,234.0,234.5,234.0,234.3,4600.0,97.7329741688097,97.94180531019606,97.7329741688097,97.85827285364152,4600.0
1994-09-28,False,daily,233.8,234.8,233.8,234.5,5500.0,97.64944171225518,98.06710399502786,97.64944171225518,97.94180531019606,5500.0
1994-09-27,False,daily,234.0,234.1,233.0,234.0,11600.0,97.7329741688097,97.77474039708697,97.31531188603702,97.7329741688097,11600.0
1994-09-26,False,daily,234.0,234.8,233.0,234.8,11900.0,97.7329741688097,98.06710399502786,97.31531188603702,98.06710399502786,11900.0
1994-09-23,False,daily,235.3,235.3,234.0,234.0,15900.0,98.27593513641422,98.27593513641422,97.7329741688097,97.7329741688097,15900.0
1994-09-22,False,daily,235.0,235.3,235.0,235.3,5200.0,98.1506364515824,98.27593513641422,98.1506364515824,98.27593513641422,5200.0
1994-09-21,False,daily,234.8,234.9,234.8,234.9,1000.0,98.06710399502786,98.10887022330513,98.06710399502786,98.10887022330513,1000.0
1994-09-20,False,daily,233.5,234.8,233.0,234.8,4700.0,97.52414302742336,98.06710399502786,97.31531188603702,98.06710399502786,4700.0
1994-09-19,False,daily,234.0,234.3,233.5,233.5,4600.0,97.7329741688097,97.85827285364152,97.52414302742336,97.52414302742336,4600.0
1994-09-16,False,daily,235.3,235.3,234.0,234.0,5800.0,98.27593513641422,98.27593513641422,97.7329741688097,97.7329741688097,5800.0
1994-09-15,False,daily,234.8,235.3,234.5,235.3,3100.0,98.06710399502786,98.27593513641422,97.94180531019606,98.27593513641422,3100.0
1994-09-14,False,daily,234.8,235.0,234.0,235.0,2200.0,98.06710399502786,98.1506364515824,97.7329741688097,98.1506364515824,2200.0
1994-09-13,False,daily,235.0,235.4,234.1,234.1,2000.0,98.1506364515824,98.31770136469149,97.77474039708697,97.77474039708697,2000.0
1994-09-12,False,daily,234.8,235.0,234.0,235.0,3300.0,98.06710399502786,98.1506364515824,97.7329741688097,98.1506364515824,3300.0
1994-09-09,False,daily,235.0,235.0,234.0,234.3,2700.0,98.1506364515824,98.1506364515824,97.7329741688097,97.85827285364152,2700.0
1994-09-08,False,daily,234.9,235.8,234.5,235.8,7700.0,98.10887022330513,98.48476627780056,97.94180531019606,98.48476627780056,7700.0
1994-09-07,False,daily,234.5,234.9,234.5,234.9,2900.0,97.94180531019606,98.10887022330513,97.94180531019606,98.10887022330513,2900.0
1994-09-06,False,daily,234.9,234.9,234.1,234.5,1700.0,98.10887022330513,98.10887022330513,97.77474039708697,97.94180531019606,1700.0
1994-09-02,False,daily,234.0,235.5,234.0,235.0,6700.0,97.7329741688097,98.35946759296874,97.7329741688097,98.1506364515824,6700.0
1994-09-01,False,daily,233.8,234.0,233.5,233.6,2400.0,97.64944171225518,97.7329741688097,97.52414302742336,97.56590925570063,2400.0
1994-08-31,False,daily,234.5,234.5,233.5,234.0,5900.0,97.94180531019606,97.94180531019606,97.52414302742336,97.7329741688097,5900.0
1994-08-30,False,daily,234.0,234.8,234.0,234.5,7900.0,97.7329741688097,98.06710399502786,97.7329741688097,97.94180531019606,7900.0
1994-08-29,False,daily,234.8,235.0,234.5,234.5,4200.0,98.06710399502786,98.1506364515824,97.94180531019606,97.94180531019606,4200.0
1994-08-26,False,daily,234.5,234.6,234.4,234.5,8300.0,97.94180531019606,97.98357153847333,97.90003908191879,97.94180531019606,8300.0
1994-08-25,False,daily,234.5,234.8,234.0,234.3,13400.0,97.94180531019606,98.06710399502786,97.7329741688097,97.85827285364152,13400.0
1994-08-24,False,daily,234.3,234.8,234.3,234.8,400.0,97.85827285364152,98.06710399502786,97.85827285364152,98.06710399502786,400.0
1994-08-23,False,daily,234.0,234.8,234.0,234.3,2600.0,97.7329741688097,98.06710399502786,97.7329741688097,97.85827285364152,2600.0
1994-08-22,False,daily,234.1,234.8,234.1,234.8,800.0,97.77474039708697,98.06710399502786,97.77474039708697,98.06710399502786,800.0
1994-08-19,False,daily,233.5,234.5,233.5,234.3,1000.0,97.52414302742336,97.94180531019606,97.52414302742336,97.85827285364152,1000.0
1994-08-18,False,daily,234.0,234.0,233.5,233.5,2200.0,97.7329741688097,97.7329741688097,97.52414302742336,97.52414302742336,2200.0
1994-08-17,False,daily,235.0,235.0,234.5,234.5,3200.0,98.1506364515824,98.1506364515824,97.94180531019606,97.94180531019606,3200.0
1994-08-16,False,daily,233.5,234.5,233.5,234.5,13700.0,97.52414302742336,97.94180531019606,97.52414302742336,97.94180531019606,13700.0
1994-08-15,False,daily,234.0,234.3,233.3,234.0,4700.0,97.7329741688097,97.85827285364152,97.44061057086883,97.7329741688097,4700.0
1994-08-12,False,daily,234.0,234.5,234.0,234.5,5000.0,97.7329741688097,97.94180531019606,97.7329741688097,97.94180531019606,5000.0
1994-08-11,False,daily,234.5,234.8,234.5,234.6,1500.0,97.94180531019606,98.06710399502786,97.94180531019606,97.98357153847333,1500.0
1994-08-10,False,daily,233.5,234.5,233.5,234.3,5500.0,97.52414302742336,97.94180531019606,97.52414302742336,97.85827285364152,5500.0
1994-08-09,False,daily,235.5,235.5,233.8,234.0,33900.0,98.35946759296874,98.35946759296874,97.64944171225518,97.7329741688097,33900.0
1994-08-08,False,daily,235.5,237.3,235.5,235.8,9100.0,98.35946759296874,99.1112597019596,98.35946759296874,98.48476627780056,9100.0
1994-08-05,False,daily,235.0,235.5,234.0,235.5,67300.0,98.1506364515824,98.35946759296874,97.7329741688097,98.35946759296874,67300.0
1994-08-04,False,daily,234.5,235.0,234.3,235.0,1800.0,97.94180531019606,98.1506364515824,97.85827285364152,98.1506364515824,1800.0
1994-08-03,False,daily,234.5,235.0,234.0,234.0,2000.0,97.94180531019606,98.1506364515824,97.7329741688097,97.7329741688097,2000.0
1994-08-02,False,daily,236.0,236.0,235.3,235.3,1300.0,98.5682987343551,98.5682987343551,98.27593513641422,98.27593513641422,1300.0
1994-08-01,False,daily,236.0,236.0,235.5,235.8,1500.0,98.5682987343551,98.5682987343551,98.35946759296874,98.48476627780056,1500.0
1994-07-29,False,daily,235.0,236.3,235.0,235.5,4100.0,98.1506364515824,98.6935974191869,98.1506364515824,98.35946759296874,4100.0
1994-07-28,False,daily,234.8,235.3,234.0,234.0,15300.0,98.06710399502786,98.27593513641422,97.7329741688097,97.7329741688097,15300.0
1994-07-27,False,daily,235.3,235.3,234.0,234.0,15300.0,98.27593513641422,98.27593513641422,97.7329741688097,97.7329741688097,15300.0
1994-07-26,False,daily,234.8,234.8,234.0,234.5,1200.0,98.06710399502786,98.06710399502786,97.7329741688097,97.94180531019606,1200.0
1994-07-25,False,daily,234.5,235.0,233.5,234.0,13600.0,97.94180531019606,98.1506364515824,97.52414302742336,97.7329741688097,13600.0
1994-07-22,False,daily,234.8,235.5,234.8,235.5,2200.0,98.06710399502786,98.35946759296874,98.06710399502786,98.35946759296874,2200.0
1994-07-21,False,daily,235.0,235.3,234.0,235.3,2100.0,98.1506364515824,98.27593513641422,97.7329741688097,98.27593513641422,2100.0
1994-07-20,False,daily,235.0,235.0,234.0,234.5,3800.0,98.1506364515824,98.1506364515824,97.7329741688097,97.94180531019606,3800.0
1994-07-19,False,daily,234.5,234.5,234.4,234.5,600.0,97.94180531019606,97.94180531019606,97.90003908191879,97.94180531019606,600.0
1994-07-18,False,daily,234.8,235.0,234.0,235.0,4100.0,97.62995494304407,97.71311504095127,97.2973145514153,97.71311504095127,4100.0
1994-07-15,False,daily,234.5,235.3,234.0,235.3,2000.0,97.50521479618328,97.83785518781205,97.2973145514153,97.83785518781205,2000.0
1994-07-14,False,daily,234.0,236.0,234.0,235.5,11900.0,97.2973145514153,98.12891553048723,97.2973145514153,97.92101528571925,11900.0
1994-07-13,False,daily,234.0,234.0,233.0,233.5,52400.0,97.2973145514153,97.2973145514153,96.88151406187934,97.08941430664731,52400.0
1994-07-12,False,daily,234.0,234.0,233.3,233.3,3900.0,97.2973145514153,97.2973145514153,97.00625420874013,97.00625420874013,3900.0
1994-07-11,False,daily,234.1,235.0,234.0,235.0,4600.0,97.33889460036889,97.71311504095127,97.2973145514153,97.71311504095127,4600.0
1994-07-08,False,daily,234.5,235.0,233.5,234.0,12400.0,97.50521479618328,97.71311504095127,97.08941430664731,97.2973145514153,12400.0
1994-07-07,False,daily,235.5,235.6,234.5,234.5,1600.0,97.92101528571925,97.96259533467284,97.50521479618328,97.50521479618328,1600.0
1994-07-06,False,daily,235.5,237.5,235.5,236.0,5300.0,97.92101528571925,98.75261626479117,97.92101528571925,98.12891553048723,5300.0
1994-07-05,False,daily,234.0,237.0,234.0,235.5,5000.0,97.2973145514153,98.54471602002319,97.2973145514153,97.92101528571925,5000.0
1994-07-01,False,daily,231.5,233.5,231.5,233.5,5300.0,96.25781332757539,97.08941430664731,96.25781332757539,97.08941430664731,5300.0
1994-06-30,False,daily,230.5,231.3,230.0,231.3,14400.0,95.84201283803944,96.17465322966821,95.63411259327145,96.17465322966821,14400.0
1994-06-29,False,daily,230.1,232.0,230.1,231.3,3900.0,95.67569264222504,96.46571357234338,95.67569264222504,96.17465322966821,3900.0
1994-06-28,False,daily,229.6,230.1,229.3,230.1,18100.0,95.46779239745706,95.67569264222504,95.34305225059629,95.67569264222504,18100.0
1994-06-27,False,daily,229.0,229.6,229.0,229.6,9500.0,95.21831210373549,95.46779239745706,95.21831210373549,95.46779239745706,9500.0
1994-06-24,False,daily,230.4,230.5,228.0,229.0,12200.0,95.80043278908583,95.84201283803944,94.80251161419952,95.21831210373549,12200.0
1994-06-23,False,daily,228.0,230.5,228.0,230.5,16900.0,94.80251161419952,95.84201283803944,94.80251161419952,95.84201283803944,16900.0
1994-06-22,False,daily,229.0,229.0,227.0,227.5,20000.0,95.21831210373549,95.21831210373549,94.38671112466356,94.59461136943155,20000.0
1994-06-21,False,daily,231.5,231.5,227.5,229.5,8400.0,96.25781332757539,96.25781332757539,94.59461136943155,95.42621234850347,8400.0
1994-06-20,False,daily,235.3,235.3,231.0,231.5,180300.0,97.83785518781205,97.83785518781205,96.04991308280741,96.25781332757539,180300.0
1994-06-17,False,daily,237.0,237.0,235.4,235.4,12000.0,98.54471602002319,98.54471602002319,97.87943523676564,97.87943523676564,12000.0
1994-06-16,False,daily,239.0,239.0,237.0,237.0,10100.0,99.37631699909511,99.37631699909511,98.54471602002319,98.54471602002319,10100.0
1994-06-15,False,daily,237.5,238.0,237.5,238.0,700.0,98.75261626479117,98.96051650955916,98.75261626479117,98.96051650955916,700.0
1994-06-14,False,daily,237.3,237.8,236.8,237.5,5600.0,98.66945616688399,98.87735641165196,98.461555922116,98.75261626479117,5600.0
1994-06-13,False,daily,237.0,237.3,236.5,237.3,3200.0,98.54471602002319,98.66945616688399,98.3368157752552,98.66945616688399,3200.0
1994-06-10,False,daily,236.0,236.8,235.5,236.5,3600.0,98.12891553048723,98.461555922116,97.92101528571925,98.3368157752552,3600.0
1994-06-09,False,daily,236.0,237.3,236.0,236.5,3300.0,98.12891553048723,98.66945616688399,98.12891553048723,98.3368157752552,3300.0
1994-06-08,False,daily,237.0,237.0,235.5,235.5,3600.0,98.54471602002319,98.54471602002319,97.92101528571925,97.92101528571925,3600.0
1994-06-07,False,daily,237.5,237.5,236.0,236.5,900.0,98.75261626479117,98.75261626479117,98.12891553048723,98.3368157752552,900.0
1994-06-06,False,daily,235.8,238.0,235.8,238.0,1900.0,98.04575543258004,98.96051650955916,98.04575543258004,98.96051650955916,1900.0
1994-06-03,False,daily,234.5,235.8,233.0,235.3,3600.0,97.50521479618328,98.04575543258004,96.88151406187934,97.83785518781205,3600.0
1994-06-02,False,daily,232.3,234.5,232.3,234.5,3900.0,96.59045371920416,97.50521479618328,96.59045371920416,97.50521479618328,3900.0
1994-06-01,False,daily,232.5,232.8,232.0,232.1,9400.0,96.67361381711136,96.79835396397215,96.46571357234338,96.50729362129697,9400.0
1994-05-31,False,daily,233.4,233.4,232.5,232.5,9600.0,97.04783425769372,97.04783425769372,96.67361381711136,96.67361381711136,9600.0
1994-05-27,False,daily,233.5,233.8,233.0,233.8,1700.0,97.08941430664731,97.21415445350812,96.88151406187934,97.21415445350812,1700.0
1994-05-26,False,daily,232.8,234.5,232.3,234.0,3300.0,96.79835396397215,97.50521479618328,96.59045371920416,97.2973145514153,3300.0
1994-05-25,False,daily,232.5,233.3,231.8,233.3,8300.0,96.67361381711136,97.00625420874013,96.3825534744362,97.00625420874013,8300.0
1994-05-24,False,daily,232.8,233.9,232.0,233.0,8700.0,96.79835396397215,97.2557345024617,96.46571357234338,96.88151406187934,8700.0
1994-05-23,False,daily,234.0,234.0,232.5,232.6,4800.0,97.2973145514153,97.2973145514153,96.67361381711136,96.71519386606495,4800.0
1994-05-20,False,daily,238.8,238.8,234.0,234.0,3200.0,99.29315690118793,99.29315690118793,97.2973145514153,97.2973145514153,3200.0
1994-05-19,False,daily,238.3,239.5,238.3,239.3,4500.0,99.08525665641994,99.5842172438631,99.08525665641994,99.50105714595591,4500.0
1994-05-18,False,daily,238.5,238.9,237.9,238.8,32100.0,99.16841675432714,99.33473695014152,98.91893646060556,99.29315690118793,32100.0
1994-05-17,False,daily,238.0,238.6,237.5,238.5,4600.0,98.96051650955916,99.20999680328073,98.75261626479117,99.16841675432714,4600.0
1994-05-16,False,daily,238.3,238.3,237.8,238.3,2700.0,99.08525665641994,99.08525665641994,98.87735641165196,99.08525665641994,2700.0
1994-05-13,False,daily,235.0,237.3,234.5,237.3,8100.0,97.71311504095127,98.66945616688399,97.50521479618328,98.66945616688399,8100.0
1994-05-12,False,daily,233.0,234.5,233.0,234.5,4300.0,96.88151406187934,97.50521479618328,96.88151406187934,97.50521479618328,4300.0
1994-05-11,False,daily,233.5,235.0,233.0,233.1,28000.0,97.08941430664731,97.71311504095127,96.88151406187934,96.92309411083293,28000.0
1994-05-10,False,daily,231.6,233.0,231.6,233.0,5900.0,96.29939337652898,96.88151406187934,96.29939337652898,96.88151406187934,5900.0
1994-05-09,False,daily,236.8,236.8,231.5,231.5,50400.0,98.461555922116,98.461555922116,96.25781332757539,96.25781332757539,50400.0
1994-05-06,False,daily,239.0,239.0,237.3,237.3,11500.0,99.37631699909511,99.37631699909511,98.66945616688399,98.66945616688399,11500.0
1994-05-05,False,daily,240.0,241.0,238.3,240.5,19400.0,99.79211748863108,100.20791797816705,99.08525665641994,100.00001773339906,19400.0
1994-05-04,False,daily,235.0,241.0,234.0,239.5,28800.0,97.71311504095127,100.20791797816705,97.2973145514153,99.5842172438631,28800.0
1994-05-03,False,daily,236.0,236.0,234.3,234.8,2800.0,98.12891553048723,98.12891553048723,97.4220546982761,97.62995494304407,2800.0
1994-05-02,False,daily,232.5,235.5,232.5,235.5,5800.0,96.67361381711136,97.92101528571925,96.67361381711136,97.92101528571925,5800.0
1994-04-29,False,daily,228.6,233.0,228.6,233.0,16400.0,95.0519919079211,96.88151406187934,95.0519919079211,96.88151406187934,16400.0
1994-04-28,False,daily,227.5,229.5,227.5,228.5,18000.0,94.59461136943155,95.42621234850347,94.59461136943155,95.0104118589675,18000.0
1994-04-26,False,daily,226.5,227.8,226.5,227.8,11600.0,94.17881087989558,94.71935151629233,94.17881087989558,94.71935151629233,11600.0
1994-04-25,False,daily,224.5,225.5,224.0,225.5,3400.0,93.34720990082366,93.76301039035961,93.13930965605567,93.76301039035961,3400.0
1994-04-22,False,daily,222.5,224.0,222.5,224.0,7400.0,92.51560892175173,93.13930965605567,92.51560892175173,93.13930965605567,7400.0
1994-04-21,False,daily,223.0,223.3,221.9,222.4,6500.0,92.7235091665197,92.8482493133805,92.26612862803016,92.47402887279813,6500.0
1994-04-20,False,daily,226.0,226.0,221.8,224.0,5700.0,93.9709106351276,93.9709106351276,92.22454857907655,93.13930965605567,5700.0
1994-04-19,False,daily,227.0,227.1,226.8,227.0,5000.0,94.38671112466356,94.42829117361715,94.30355102675637,94.38671112466356,5000.0
1994-04-18,False,daily,230.0,230.0,228.0,228.5,1800.0,95.63411259327145,95.63411259327145,94.80251161419952,95.0104118589675,1800.0
1994-04-15,False,daily,229.3,230.0,229.3,230.0,2400.0,95.34305225059629,95.63411259327145,95.34305225059629,95.63411259327145,2400.0
1994-04-14,False,daily,230.6,231.8,230.0,230.0,3800.0,95.88359288699303,96.3825534744362,95.63411259327145,95.63411259327145,3800.0
1994-04-13,False,daily,232.1,232.4,230.8,230.8,1900.0,96.50729362129697,96.63203376815777,95.96675298490022,95.96675298490022,1900.0
1994-04-12,False,daily,234.0,234.1,231.5,232.0,3700.0,97.2973145514153,97.33889460036889,96.25781332757539,96.46571357234338,3700.0
1994-04-11,False,daily,232.5,234.8,232.5,234.8,2800.0,96.67361381711136,97.62995494304407,96.67361381711136,97.62995494304407,2800.0
1994-04-08,False,daily,234.5,236.0,232.5,232.5,3200.0,97.50521479618328,98.12891553048723,96.67361381711136,96.67361381711136,3200.0
1994-04-07,False,daily,233.0,234.0,233.0,234.0,1900.0,96.88151406187934,97.2973145514153,96.88151406187934,97.2973145514153,1900.0
1994-04-06,False,daily,235.5,235.5,232.8,233.0,4400.0,97.92101528571925,97.92101528571925,96.79835396397215,96.88151406187934,4400.0
1994-04-05,False,daily,231.5,234.5,231.5,234.5,6000.0,96.25781332757539,97.50521479618328,96.25781332757539,97.50521479618328,6000.0
1994-04-04,False,daily,231.5,232.3,230.5,230.5,4600.0,96.25781332757539,96.59045371920416,95.84201283803944,95.84201283803944,4600.0
1994-03-31,False,daily,235.3,235.3,232.3,232.8,5100.0,97.39419400039162,97.39419400039162,96.15244907050987,96.3594065588235,5100.0
1994-03-30,False,daily,236.8,236.8,233.0,235.3,5200.0,98.0150664653325,98.0150664653325,96.44218955414894,97.39419400039162,5200.0
1994-03-29,False,daily,239.0,240.3,236.0,236.0,6200.0,98.92567941391243,99.46376888352786,97.68393448403069,97.68393448403069,6200.0
1994-03-28,False,daily,239.3,239.3,237.5,239.0,2400.0,99.04985390690061,99.04985390690061,98.30480694897156,98.92567941391243,2400.0
1994-03-25,False,daily,239.0,240.5,239.0,240.0,6200.0,98.92567941391243,99.54655187885331,98.92567941391243,99.33959439053969,6200.0
1994-03-24,False,daily,240.0,240.0,239.3,239.5,2900.0,99.33959439053969,99.33959439053969,99.04985390690061,99.13263690222605,2900.0
1994-03-23,False,daily,239.5,241.5,239.5,240.5,2100.0,99.13263690222605,99.96046685548056,99.13263690222605,99.54655187885331,2100.0
1994-03-22,False,daily,237.8,240.0,237.5,240.0,4300.0,98.42898144195975,99.33959439053969,98.30480694897156,99.33959439053969,4300.0
1994-03-21,False,daily,239.1,239.5,238.1,238.8,6500.0,98.96707091157516,99.13263690222605,98.55315593494791,98.84289641858699,6500.0
1994-03-18,False,daily,243.0,243.0,239.0,239.0,12000.0,100.58133932042143,100.58133932042143,98.92567941391243,98.92567941391243,12000.0
1994-03-17,False,daily,241.8,242.0,240.8,241.8,5500.0,100.08464134846874,100.16742434379418,99.67072637184148,100.08464134846874,5500.0
1994-03-16,False,daily,243.0,244.0,242.8,242.8,3400.0,100.58133932042143,100.99525429704867,100.49855632509599,100.49855632509599,3400.0
1994-03-15,False,daily,243.5,244.3,243.0,243.0,1500.0,100.78829680873505,101.11942879003686,100.58133932042143,100.58133932042143,1500.0
1994-03-14,False,daily,244.0,244.5,243.5,244.3,1400.0,100.99525429704867,101.20221178536231,100.78829680873505,101.11942879003686,1400.0
1994-03-11,False,daily,244.5,244.5,243.0,243.0,1300.0,101.20221178536231,101.20221178536231,100.58133932042143,100.58133932042143,1300.0
1994-03-10,False,daily,245.0,245.0,244.0,245.0,4200.0,101.40916927367593,101.40916927367593,100.99525429704867,101.40916927367593,4200.0
1994-03-09,False,daily,244.8,245.3,244.3,244.5,1800.0,101.32638627835048,101.5333437666641,101.11942879003686,101.20221178536231,1800.0
1994-03-08,False,daily,243.5,244.0,243.0,244.0,10600.0,100.78829680873505,100.99525429704867,100.58133932042143,100.99525429704867,10600.0
1994-03-07,False,daily,241.0,243.0,240.0,243.0,3400.0,99.75350936716693,100.58133932042143,99.33959439053969,100.58133932042143,3400.0
1994-03-04,False,daily,240.0,240.5,239.0,240.3,1300.0,99.33959439053969,99.54655187885331,98.92567941391243,99.46376888352786,1300.0
1994-03-03,False,daily,241.0,241.0,238.0,239.0,7200.0,99.75350936716693,99.75350936716693,98.5117644372852,98.92567941391243,7200.0
1994-03-02,False,daily,241.0,243.0,240.0,242.0,8100.0,99.75350936716693,100.58133932042143,99.33959439053969,100.16742434379418,8100.0
1994-03-01,False,daily,243.0,243.1,240.0,242.5,10000.0,100.58133932042143,100.62273081808415,99.33959439053969,100.3743818321078,10000.0
1994-02-28,False,daily,246.0,246.0,244.0,244.0,4300.0,101.82308425030318,101.82308425030318,100.99525429704867,100.99525429704867,4300.0
1994-02-25,False,daily,247.0,247.0,245.0,247.0,6200.0,102.23699922693042,102.23699922693042,101.40916927367593,102.23699922693042,6200.0
1994-02-24,False,daily,251.0,251.0,245.5,246.0,6600.0,103.89265913343942,103.89265913343942,101.61612676198955,101.82308425030318,6600.0
1994-02-23,False,daily,251.0,252.0,250.5,251.5,10800.0,103.89265913343942,104.30657411006666,103.68570164512579,104.09961662175304,10800.0
1994-02-22,False,daily,251.0,252.0,251.0,252.0,8000.0,103.89265913343942,104.30657411006666,103.89265913343942,104.30657411006666,8000.0
1994-02-18,False,daily,250.8,250.8,250.0,250.0,5000.0,103.80987613811398,103.80987613811398,103.47874415681217,103.47874415681217,5000.0
1994-02-17,False,daily,250.3,251.3,250.3,251.0,12700.0,103.60291864980036,104.0168336264276,103.60291864980036,103.89265913343942,12700.0
1994-02-16,False,daily,249.5,250.5,249.5,250.5,5800.0,103.27178666849855,103.68570164512579,103.27178666849855,103.68570164512579,5800.0
1994-02-15,False,daily,246.5,250.0,246.5,250.0,8100.0,102.0300417386168,103.47874415681217,102.0300417386168,103.47874415681217,8100.0
1994-02-14,False,daily,244.0,246.0,244.0,245.5,12800.0,100.99525429704867,101.82308425030318,100.99525429704867,101.61612676198955,12800.0
1994-02-11,False,daily,245.1,245.5,241.0,245.0,15300.0,101.45056077133864,101.61612676198955,99.75350936716693,101.40916927367593,15300.0
1994-02-10,False,daily,251.0,251.5,245.0,245.0,14600.0,103.89265913343942,104.09961662175304,101.40916927367593,101.40916927367593,14600.0
1994-02-09,False,daily,254.0,254.0,251.0,252.0,6800.0,105.13440406332117,105.13440406332117,103.89265913343942,104.30657411006666,6800.0
1994-02-08,False,daily,254.8,255.5,254.8,254.8,1000.0,105.46553604462297,105.75527652826204,105.46553604462297,105.46553604462297,1000.0
1994-02-07,False,daily,257.5,257.5,254.0,254.0,11100.0,106.58310648151654,106.58310648151654,105.13440406332117,105.13440406332117,11100.0
1994-02-04,False,daily,260.5,260.5,258.0,258.0,17900.0,107.82485141139828,107.82485141139828,106.79006396983016,106.79006396983016,17900.0
1994-02-03,False,daily,260.0,261.0,260.0,261.0,5600.0,107.61789392308467,108.0318088997119,107.61789392308467,108.0318088997119,5600.0
1994-02-02,False,daily,263.0,263.0,257.5,260.5,17900.0,108.8596388529664,108.8596388529664,106.58310648151654,107.82485141139828,17900.0
1994-02-01,False,daily,265.0,265.0,264.0,264.0,5400.0,109.6874688062209,109.6874688062209,109.27355382959365,109.27355382959365,5400.0
1994-01-31,False,daily,265.5,265.5,263.0,264.0,6600.0,109.89442629453453,109.89442629453453,108.8596388529664,109.27355382959365,6600.0
1994-01-28,False,daily,265.8,266.5,263.0,266.0,9100.0,110.0186007875227,110.30834127116178,108.8596388529664,110.10138378284815,9100.0
1994-01-27,False,daily,264.0,266.0,263.5,265.8,5100.0,109.27355382959365,110.10138378284815,109.06659634128003,110.0186007875227,5100.0
1994-01-26,False,daily,261.0,265.5,261.0,265.0,11500.0,108.0318088997119,109.89442629453453,108.0318088997119,109.6874688062209,11500.0
1994-01-25,False,daily,260.0,261.5,260.0,261.0,10500.0,107.61789392308467,108.23876638802554,107.61789392308467,108.0318088997119,10500.0
1994-01-24,False,daily,264.0,264.0,260.0,260.8,9200.0,109.27355382959365,109.27355382959365,107.61789392308467,107.94902590438646,9200.0
1994-01-21,False,daily,264.0,265.0,263.5,265.0,4200.0,109.27355382959365,109.6874688062209,109.06659634128003,109.6874688062209,4200.0
1994-01-20,False,daily,263.5,264.8,263.5,264.0,1500.0,109.06659634128003,109.60468581089546,109.06659634128003,109.27355382959365,1500.0
1994-01-19,False,daily,263.5,266.5,263.5,263.9,7400.0,109.06659634128003,110.30834127116178,109.06659634128003,109.23216233193092,7400.0
1994-01-18,False,daily,270.5,270.5,263.5,264.5,14100.0,111.96400117767077,111.96400117767077,109.06659634128003,109.48051131790727,14100.0
1994-01-17,False,daily,266.5,271.0,266.5,271.0,3500.0,110.30834127116178,112.1709586659844,110.30834127116178,112.1709586659844,3500.0
1994-01-14,False,daily,270.5,272.0,267.0,267.0,10300.0,111.96400117767077,112.58487364261164,110.5152987594754,110.5152987594754,10300.0
1994-01-13,False,daily,268.9,271.3,268.9,270.0,6300.0,110.86574831719057,111.85525295073933,110.86574831719057,111.31927127423374,6300.0
1994-01-12,False,daily,267.0,269.5,266.0,268.5,14500.0,110.08239048229781,111.11312447557776,109.67009688498584,110.70083087826578,14500.0
1994-01-11,False,daily,270.0,270.5,267.5,268.0,11600.0,111.31927127423374,111.52541807288974,110.2885372809538,110.4946840796098,11600.0
1994-01-10,False,daily,274.0,274.0,269.8,270.5,8900.0,112.96844566348166,112.96844566348166,111.23681255477136,111.52541807288974,8900.0
1994-01-07,False,daily,281.0,281.0,270.0,274.0,7900.0,115.8545008446655,115.8545008446655,111.31927127423374,112.96844566348166,7900.0
1994-01-06,False,daily,262.5,284.0,262.5,282.3,45100.0,108.22706929439393,117.09138163660143,108.22706929439393,116.39048252117107,45100.0
1994-01-05,False,daily,260.0,261.5,259.5,261.5,4300.0,107.19633530111398,107.81477569708194,106.990188502458,107.81477569708194,4300.0
1994-01-04,False,daily,261.5,263.0,260.3,260.5,10300.0,107.81477569708194,108.43321609304991,107.32002338030757,107.40248209976997,10300.0
1994-01-03,False,daily,255.5,261.0,255.5,261.0,13600.0,105.34101411321008,107.60862889842596,105.34101411321008,107.60862889842596,13600.0
1995-12-29,False,daily,279.5,284.0,279.5,282.0,7600.0,119.2169956174245,121.13641057369789,119.2169956174245,120.2833372597986,7600.0
1995-12-28,False,daily,286.1,286.5,279.8,279.8,6600.0,122.03213755329215,122.20275221607199,119.3449566145094,119.3449566145094,6600.0
1995-12-27,False,daily,287.0,287.5,286.1,286.1,4600.0,122.41602054454681,122.62928887302162,122.03213755329215,122.03213755329215,4600.0
1995-12-26,False,daily,289.0,289.0,288.6,288.6,500.0,123.26909385844608,123.26909385844608,123.09847919566624,123.09847919566624,500.0
1995-12-22,False,daily,290.0,290.5,289.1,289.1,2100.0,123.69563051539572,123.90889884387055,123.31174752414105,123.31174752414105,2100.0
1995-12-21,False,daily,291.5,291.5,289.9,290.0,2200.0,124.33543550082018,124.33543550082018,123.65297684970075,123.69563051539572,2200.0
1995-12-20,False,daily,292.0,292.5,291.0,292.0,4900.0,124.54870382929501,124.76197215776983,124.12216717234537,124.54870382929501,4900.0
1995-12-19,False,daily,291.5,292.8,289.5,292.5,11300.0,124.33543550082018,124.88993315485473,123.48236218692091,124.76197215776983,11300.0
1995-12-18,False,daily,295.0,295.0,292.0,292.0,4600.0,125.82831380014393,125.82831380014393,124.54870382929501,124.54870382929501,4600.0
1995-12-15,False,daily,296.0,296.0,293.5,295.0,9400.0,126.25485045709357,126.25485045709357,125.18850881471947,125.82831380014393,9400.0
1995-12-14,False,daily,299.0,299.1,296.8,296.8,7200.0,127.53446042794249,127.57711409363746,126.59607978265329,126.59607978265329,7200.0
1995-12-13,False,daily,296.3,298.5,295.1,298.5,6600.0,126.38281145417847,127.32119209946767,125.8709674658389,127.32119209946767,6600.0
1995-12-12,False,daily,297.0,297.0,295.5,296.0,6700.0,126.6813871140432,126.6813871140432,126.04158212861874,126.25485045709357,6700.0
1995-12-11,False,daily,298.0,298.8,296.5,296.5,4300.0,127.10792377099285,127.44915309655256,126.4681187855684,126.4681187855684,4300.0
1995-12-08,False,daily,297.3,298.4,296.8,297.3,2700.0,126.8093481111281,127.2785384337727,126.59607978265329,126.8093481111281,2700.0
1995-12-07,False,daily,300.5,300.5,297.0,297.3,28400.0,128.17426541336695,128.17426541336695,126.6813871140432,126.8093481111281,28400.0
1995-12-06,False,daily,299.0,301.0,299.0,299.8,16700.0,127.53446042794249,128.38753374184176,127.53446042794249,127.8756897535022,16700.0
1995-12-05,False,daily,304.0,304.5,300.5,300.5,19700.0,129.6671437126907,129.8804120411655,128.17426541336695,128.17426541336695,19700.0
1995-12-04,False,daily,305.0,306.5,304.5,304.5,11800.0,130.09368036964034,130.7334853550648,129.8804120411655,129.8804120411655,11800.0
1995-12-01,False,daily,303.5,305.5,303.0,305.0,5300.0,129.45387538421588,130.30694869811515,129.24060705574107,130.09368036964034,5300.0
1995-11-30,False,daily,306.3,306.3,304.0,304.0,17600.0,130.64817802367486,130.64817802367486,129.6671437126907,129.6671437126907,17600.0
1995-11-29,False,daily,303.8,306.3,303.5,306.3,5700.0,129.58183638130077,130.64817802367486,129.45387538421588,130.64817802367486,5700.0
1995-11-28,False,daily,302.0,304.0,302.0,303.5,9600.0,128.81407039879142,129.6671437126907,128.81407039879142,129.45387538421588,9600.0
1995-11-27,False,daily,304.1,304.1,302.0,302.0,5700.0,129.70979737838567,129.70979737838567,128.81407039879142,128.81407039879142,5700.0
1995-11-24,False,daily,302.8,304.0,302.8,304.0,2200.0,129.15529972435112,129.6671437126907,129.15529972435112,129.6671437126907,2200.0
1995-11-22,False,daily,301.0,302.5,301.0,301.9,7600.0,128.38753374184176,129.02733872726623,128.38753374184176,128.77141673309643,7600.0
1995-11-21,False,daily,299.5,300.5,299.0,300.5,7000.0,127.74772875641732,128.17426541336695,127.53446042794249,128.17426541336695,7000.0
1995-11-20,False,daily,298.3,299.3,297.8,299.0,10900.0,127.23588476807775,127.66242142502739,127.02261643960293,127.53446042794249,10900.0
1995-11-17,False,daily,298.5,299.0,298.0,298.3,2700.0,127.32119209946767,127.53446042794249,127.10792377099285,127.23588476807775,2700.0
1995-11-16,False,daily,296.0,298.0,295.0,298.0,9100.0,126.25485045709357,127.10792377099285,125.82831380014393,127.10792377099285,9100.0
1995-11-15,False,daily,294.0,295.6,294.0,295.3,9300.0,125.4017771431943,126.08423579431373,125.4017771431943,125.95627479722883,9300.0
1995-11-14,False,daily,294.5,294.8,293.5,294.3,2000.0,125.6150454716691,125.743006468754,125.18850881471947,125.52973814027918,2000.0
1995-11-13,False,daily,294.0,294.5,293.9,294.5,1000.0,125.4017771431943,125.6150454716691,125.35912347749931,125.6150454716691,1000.0
1995-11-10,False,daily,294.0,294.0,293.8,294.0,1700.0,125.4017771431943,125.4017771431943,125.31646981180437,125.4017771431943,1700.0
1995-11-09,False,daily,293.0,293.8,292.0,293.8,5700.0,124.97524048624464,125.31646981180437,124.54870382929501,125.31646981180437,5700.0
1995-11-08,False,daily,292.0,293.4,292.0,293.4,1700.0,124.54870382929501,125.1458551490245,124.54870382929501,125.1458551490245,1700.0
1995-11-07,False,daily,291.0,292.9,291.0,292.3,3500.0,124.12216717234537,124.93258682054967,124.12216717234537,124.6766648263799,3500.0
1995-11-06,False,daily,292.5,292.8,291.5,291.5,12800.0,124.76197215776983,124.88993315485473,124.33543550082018,124.33543550082018,12800.0
1995-11-03,False,daily,293.5,293.9,293.5,293.5,3200.0,125.18850881471947,125.35912347749931,125.18850881471947,125.18850881471947,3200.0
1995-11-02,False,daily,291.0,293.5,291.0,293.5,19200.0,124.12216717234537,125.18850881471947,124.12216717234537,125.18850881471947,19200.0
1995-11-01,False,daily,290.1,290.5,290.0,290.4,2500.0,123.7382841810907,123.90889884387055,123.69563051539572,123.86624517817557,2500.0
1995-10-31,False,daily,292.5,292.5,290.0,290.0,12700.0,124.76197215776983,124.76197215776983,123.69563051539572,123.69563051539572,12700.0
1995-10-30,False,daily,293.3,294.0,292.0,292.0,2700.0,125.10320148332954,125.4017771431943,124.54870382929501,124.54870382929501,2700.0
1995-10-27,False,daily,295.0,295.0,293.0,293.3,1800.0,125.82831380014393,125.82831380014393,124.97524048624464,125.10320148332954,1800.0
1995-10-26,False,daily,297.0,297.5,295.3,295.5,1700.0,126.6813871140432,126.89465544251803,125.95627479722883,126.04158212861874,1700.0
1995-10-25,False,daily,298.8,298.8,297.0,297.0,600.0,127.44915309655256,127.44915309655256,126.6813871140432,126.6813871140432,600.0
1995-10-24,False,daily,297.5,298.3,297.5,298.3,1300.0,126.89465544251803,127.23588476807775,126.89465544251803,127.23588476807775,1300.0
1995-10-23,False,daily,297.0,298.0,297.0,297.8,9200.0,126.6813871140432,127.10792377099285,126.6813871140432,127.02261643960293,9200.0
1995-10-20,False,daily,300.5,300.5,297.0,298.0,4300.0,128.17426541336695,128.17426541336695,126.6813871140432,127.10792377099285,4300.0
1995-10-19,False,daily,300.0,300.8,299.8,300.0,8000.0,127.96099708489213,128.30222641045185,127.8756897535022,127.96099708489213,8000.0
1995-10-18,False,daily,300.3,300.8,299.0,300.8,17700.0,128.08895808197704,128.30222641045185,127.53446042794249,128.30222641045185,17700.0
1995-10-17,False,daily,300.5,300.5,299.5,300.3,4500.0,128.17426541336695,128.17426541336695,127.74772875641732,128.08895808197704,4500.0
1995-10-16,False,daily,301.0,301.0,301.0,301.0,1000.0,128.38753374184176,128.38753374184176,128.38753374184176,128.38753374184176,1000.0
1995-10-13,False,daily,300.0,302.0,300.0,302.0,5300.0,127.96099708489213,128.81407039879142,127.96099708489213,128.81407039879142,5300.0
1995-10-12,False,daily,300.0,300.0,298.5,299.5,4800.0,127.96099708489213,127.96099708489213,127.32119209946767,127.74772875641732,4800.0
1995-10-11,False,daily,300.0,302.0,300.0,302.0,6300.0,127.96099708489213,128.81407039879142,127.96099708489213,128.81407039879142,6300.0
1995-10-10,False,daily,299.5,301.5,299.5,301.0,2600.0,127.74772875641732,128.6008020703166,127.74772875641732,128.38753374184176,2600.0
1995-10-09,False,daily,302.5,302.5,299.9,300.0,5000.0,129.02733872726623,129.02733872726623,127.91834341919716,127.96099708489213,5000.0
1995-10-06,False,daily,303.5,303.6,303.0,303.0,2300.0,129.45387538421588,129.49652904991083,129.24060705574107,129.24060705574107,2300.0
1995-10-05,False,daily,304.5,304.8,303.5,303.5,1900.0,129.8804120411655,130.0083730382504,129.45387538421588,129.45387538421588,1900.0
1995-10-04,False,daily,307.3,307.3,305.0,305.0,1500.0,131.0747146806245,131.0747146806245,130.09368036964034,130.09368036964034,1500.0
1995-10-03,False,daily,312.0,312.0,308.0,309.0,4600.0,132.6012031209663,132.6012031209663,130.90118769633852,131.32619155249546,4600.0
1995-10-02,False,daily,311.5,312.0,311.5,311.8,10000.0,132.38870119288782,132.6012031209663,132.38870119288782,132.5162023497349,10000.0
1995-09-29,False,daily,311.3,311.3,309.5,311.0,2400.0,132.30370042165643,132.30370042165643,131.53869348057393,132.17619926480936,2400.0
1995-09-28,False,daily,312.0,312.0,310.9,310.9,1500.0,132.6012031209663,132.6012031209663,132.13369887919364,132.13369887919364,1500.0
1995-09-27,False,daily,314.0,314.0,311.8,312.0,2700.0,133.4512108332802,133.4512108332802,132.5162023497349,132.6012031209663,2700.0
1995-09-26,False,daily,314.0,315.0,314.0,315.0,1100.0,133.4512108332802,133.87621468943712,133.4512108332802,133.87621468943712,1100.0
1995-09-25,False,daily,310.5,314.0,310.5,314.0,1700.0,131.9636973367309,133.4512108332802,131.9636973367309,133.4512108332802,1700.0
1995-09-22,False,daily,305.0,309.0,305.0,309.0,2500.0,129.6261761278677,131.32619155249546,129.6261761278677,131.32619155249546,2500.0
1995-09-21,False,daily,304.3,305.5,304.3,304.5,4000.0,129.32867342855783,129.83867805594616,129.32867342855783,129.41367419978923,4000.0
1995-09-20,False,daily,299.3,305.0,299.0,303.5,17700.0,127.20365414777312,129.6261761278677,127.07615299092603,128.98867034363226,17700.0
1995-09-19,False,daily,298.0,298.3,297.0,298.0,3400.0,126.65114913476908,126.77865029161617,126.22614527861215,126.65114913476908,3400.0
1995-09-18,False,daily,299.0,299.5,298.1,298.8,22900.0,127.07615299092603,127.2886549190045,126.6936495203848,126.99115221969464,22900.0
1995-09-15,False,daily,303.0,303.0,299.0,299.0,9800.0,128.7761684155538,128.7761684155538,127.07615299092603,127.07615299092603,9800.0
1995-09-14,False,daily,305.5,305.5,302.4,303.0,2200.0,129.83867805594616,129.83867805594616,128.52116610185962,128.7761684155538,2200.0
1995-09-13,False,daily,304.5,305.5,304.3,305.3,11000.0,129.41367419978923,129.83867805594616,129.32867342855783,129.75367728471477,11000.0
1995-09-12,False,daily,302.3,304.0,302.0,304.0,20200.0,128.47866571624394,129.20117227171076,128.35116455939686,129.20117227171076,20200.0
1995-09-11,False,daily,301.3,301.8,301.3,301.3,2200.0,128.053661860087,128.26616378816547,128.053661860087,128.053661860087,2200.0
1995-09-08,False,daily,300.0,301.5,299.8,300.8,8900.0,127.50115684708298,128.1386626313184,127.41615607585159,127.84115993200854,8900.0
1995-09-07,False,daily,296.9,299.8,296.9,298.5,4400.0,126.18364489299644,127.41615607585159,126.18364489299644,126.86365106284757,4400.0
1995-09-06,False,daily,293.4,296.5,293.4,296.4,10700.0,124.69613139644714,126.01364335053367,124.69613139644714,125.97114296491797,10700.0
1995-09-05,False,daily,291.6,293.6,291.6,293.3,5800.0,123.93112445536467,124.78113216767855,123.93112445536467,124.65363101083146,5800.0
1995-09-01,False,daily,287.8,291.8,287.8,291.5,6000.0,122.31610980196827,124.01612522659605,122.31610980196827,123.88862406974896,6000.0
1995-08-31,False,daily,284.8,287.4,284.8,287.4,2900.0,121.04109823349744,122.14610825950548,121.04109823349744,122.14610825950548,2900.0
1995-08-30,False,daily,283.0,284.3,283.0,284.3,2700.0,120.27609129241495,120.82859630541897,120.27609129241495,120.82859630541897,2700.0
1995-08-29,False,daily,282.5,286.0,282.5,283.0,18800.0,120.06358936433647,121.55110286088576,120.06358936433647,120.27609129241495,18800.0
1995-08-28,False,daily,283.5,283.5,282.0,283.0,3500.0,120.48859322049341,120.48859322049341,119.851087436258,120.27609129241495,3500.0
1995-08-25,False,daily,280.5,283.4,279.5,283.0,7700.0,119.21358165202258,120.4460928348777,118.78857779586563,120.27609129241495,7700.0
1995-08-24,False,daily,278.0,280.5,278.0,280.0,1500.0,118.15107201163022,119.21358165202258,118.15107201163022,119.00107972394412,1500.0
1995-08-23,False,daily,277.0,278.0,277.0,277.5,2000.0,117.72606815547329,118.15107201163022,117.72606815547329,117.93857008355175,2000.0
1995-08-22,False,daily,274.0,276.0,274.0,276.0,25000.0,116.45105658700245,117.30106429931634,116.45105658700245,117.30106429931634,25000.0
1995-08-21,False,daily,275.0,275.0,273.9,274.3,12400.0,116.87606044315939,116.87606044315939,116.40855620138674,116.57855774384954,12400.0
1995-08-18,False,daily,275.0,275.1,274.8,275.0,11800.0,116.87606044315939,116.9185608287751,116.79105967192801,116.87606044315939,11800.0
1995-08-17,False,daily,275.0,275.3,274.8,275.3,30800.0,116.87606044315939,117.00356160000648,116.79105967192801,117.00356160000648,30800.0
1995-08-16,False,daily,274.5,275.0,274.0,275.0,3600.0,116.66355851508092,116.87606044315939,116.45105658700245,116.87606044315939,3600.0
1995-08-15,False,daily,275.0,275.0,272.5,273.3,2900.0,116.87606044315939,116.87606044315939,115.81355080276704,116.1535538876926,2900.0
1995-08-14,False,daily,276.8,277.3,275.0,275.5,3000.0,117.6410673842419,117.85356931232037,116.87606044315939,117.08856237123787,3000.0
1995-08-11,False,daily,280.0,280.0,276.8,276.8,3100.0,119.00107972394412,119.00107972394412,117.6410673842419,117.6410673842419,3100.0
1995-08-10,False,daily,280.5,282.0,280.0,280.0,3200.0,119.21358165202258,119.851087436258,119.00107972394412,119.00107972394412,3200.0
1995-08-09,False,daily,284.0,284.0,280.0,280.5,5700.0,120.70109514857188,120.70109514857188,119.00107972394412,119.21358165202258,5700.0
1995-08-08,False,daily,283.5,283.5,280.5,283.0,11300.0,120.48859322049341,120.48859322049341,119.21358165202258,120.27609129241495,11300.0
1995-08-07,False,daily,283.0,284.0,283.0,284.0,1800.0,120.27609129241495,120.70109514857188,120.27609129241495,120.70109514857188,1800.0
1995-08-04,False,daily,279.0,282.3,279.0,282.3,4800.0,118.57607586778717,119.97858859310509,118.57607586778717,119.97858859310509,4800.0
1995-08-03,False,daily,284.5,284.5,279.0,279.5,4200.0,120.91359707665035,120.91359707665035,118.57607586778717,118.78857779586563,4200.0
1995-08-02,False,daily,283.0,286.5,282.0,285.0,16500.0,120.27609129241495,121.76360478896424,119.851087436258,121.12609900472883,16500.0
1995-08-01,False,daily,270.6,282.0,269.8,281.5,14700.0,115.00604347606885,119.851087436258,114.6660403911433,119.63858550817953,14700.0
1995-07-31,False,daily,269.5,271.0,268.0,271.0,7800.0,114.53853923429621,115.17604501853162,113.9010334500608,115.17604501853162,7800.0
1995-07-28,False,daily,270.0,270.3,269.0,269.5,3300.0,114.75104116237468,114.87854231922176,114.32603730621773,114.53853923429621,3300.0
1995-07-27,False,daily,269.0,271.0,268.5,270.8,10300.0,114.32603730621773,115.17604501853162,114.11353537813926,115.09104424730023,10300.0
1995-07-26,False,daily,268.5,269.6,268.1,268.5,7600.0,114.11353537813926,114.5810396199119,113.94353383567649,114.11353537813926,7600.0
1995-07-25,False,daily,268.0,270.3,267.0,269.5,13400.0,113.9010334500608,114.87854231922176,113.47602959390385,114.53853923429621,13400.0
1995-07-24,False,daily,268.0,269.0,267.5,267.5,7700.0,113.9010334500608,114.32603730621773,113.68853152198231,113.68853152198231,7700.0
1995-07-21,False,daily,264.0,269.0,264.0,267.5,7800.0,112.20101802543302,114.32603730621773,112.20101802543302,113.68853152198231,7800.0
1995-07-20,False,daily,261.5,266.5,261.5,266.5,5900.0,111.13850838504067,113.26352766582538,111.13850838504067,113.26352766582538,5900.0
1995-07-19,False,daily,261.5,262.5,260.5,262.0,7400.0,110.68166100378674,111.10491783362913,110.25840417394434,110.89328941870794,7400.0
1995-07-18,False,daily,261.0,262.0,260.5,262.0,2300.0,110.47003258886554,110.89328941870794,110.25840417394434,110.89328941870794,2300.0
1995-07-17,False,daily,259.5,261.0,259.5,260.8,2100.0,109.83514734410194,110.47003258886554,109.83514734410194,110.38538122289707,2100.0
1995-07-14,False,daily,261.0,261.0,259.5,259.5,1200.0,110.47003258886554,110.47003258886554,109.83514734410194,109.83514734410194,1200.0
1995-07-13,False,daily,260.0,261.0,259.5,261.0,6200.0,110.04677575902315,110.47003258886554,109.83514734410194,110.47003258886554,6200.0
1995-07-12,False,daily,260.0,261.0,259.8,260.5,20700.0,110.04677575902315,110.47003258886554,109.96212439305467,110.25840417394434,20700.0
1995-07-11,False,daily,259.5,260.5,259.0,260.0,11100.0,109.83514734410194,110.25840417394434,109.62351892918075,110.04677575902315,11100.0
1995-07-10,False,daily,260.0,260.8,259.8,259.8,13300.0,110.04677575902315,110.38538122289707,109.96212439305467,109.96212439305467,13300.0
1995-07-07,False,daily,259.5,260.8,259.5,260.8,10100.0,109.83514734410194,110.38538122289707,109.83514734410194,110.38538122289707,10100.0
1995-07-06,False,daily,258.8,260.3,258.0,260.3,6300.0,109.53886756321228,110.17375280797587,109.20026209933835,110.17375280797587,6300.0
1995-07-05,False,daily,260.0,260.0,258.0,258.0,13300.0,110.04677575902315,110.04677575902315,109.20026209933835,109.20026209933835,13300.0
1995-07-03,False,daily,261.3,261.3,259.5,260.5,24700.0,110.59700963781826,110.59700963781826,109.83514734410194,110.25840417394434,24700.0
1995-06-30,False,daily,261.0,262.8,261.0,261.0,4200.0,110.47003258886554,111.23189488258186,110.47003258886554,110.47003258886554,4200.0
1995-06-29,False,daily,260.0,261.0,260.0,261.0,8100.0,110.04677575902315,110.47003258886554,110.04677575902315,110.47003258886554,8100.0
1995-06-28,False,daily,260.3,260.8,260.0,260.0,1700.0,110.17375280797587,110.38538122289707,110.04677575902315,110.04677575902315,1700.0
1995-06-27,False,daily,259.8,260.4,259.8,260.3,14800.0,109.96212439305467,110.21607849096009,109.96212439305467,110.17375280797587,14800.0
1995-06-26,False,daily,261.0,261.6,259.5,259.8,2800.0,110.47003258886554,110.72398668677098,109.83514734410194,109.96212439305467,2800.0
1995-06-23,False,daily,259.8,261.5,259.8,261.4,18100.0,109.96212439305467,110.68166100378674,109.96212439305467,110.63933532080249,18100.0
1995-06-22,False,daily,260.1,260.8,260.0,260.3,4900.0,110.08910144200739,110.38538122289707,110.04677575902315,110.17375280797587,4900.0
1995-06-21,False,daily,260.5,261.0,260.4,260.5,3400.0,110.25840417394434,110.47003258886554,110.21607849096009,110.25840417394434,3400.0
1995-06-20,False,daily,260.8,260.9,260.5,260.6,1000.0,110.38538122289707,110.4277069058813,110.25840417394434,110.3007298569286,1000.0
1995-06-19,False,daily,260.5,261.0,260.5,260.8,3000.0,110.25840417394434,110.47003258886554,110.25840417394434,110.38538122289707,3000.0
1995-06-16,False,daily,261.0,261.0,260.3,260.8,3200.0,110.47003258886554,110.47003258886554,110.17375280797587,110.38538122289707,3200.0
1995-06-15,False,daily,259.3,261.0,259.3,261.0,2400.0,109.75049597813347,110.47003258886554,109.75049597813347,110.47003258886554,2400.0
1995-06-14,False,daily,260.5,260.5,259.3,259.3,3200.0,110.25840417394434,110.25840417394434,109.75049597813347,109.75049597813347,3200.0
1995-06-13,False,daily,259.5,260.5,259.5,260.5,2000.0,109.83514734410194,110.25840417394434,109.83514734410194,110.25840417394434,2000.0
1995-06-12,False,daily,258.5,259.5,258.5,259.0,7500.0,109.41189051425955,109.83514734410194,109.41189051425955,109.62351892918075,7500.0
1995-06-09,False,daily,258.5,258.5,258.0,258.0,2400.0,109.41189051425955,109.41189051425955,109.20026209933835,109.20026209933835,2400.0
1995-06-08,False,daily,259.0,259.0,258.5,258.5,5200.0,109.62351892918075,109.62351892918075,109.41189051425955,109.41189051425955,5200.0
1995-06-07,False,daily,259.5,260.0,259.0,259.5,900.0,109.83514734410194,110.04677575902315,109.62351892918075,109.83514734410194,900.0
1995-06-06,False,daily,261.0,261.0,260.1,260.1,2400.0,110.47003258886554,110.47003258886554,110.08910144200739,110.08910144200739,2400.0
1995-06-05,False,daily,262.0,262.0,260.5,261.0,2600.0,110.89328941870794,110.89328941870794,110.25840417394434,110.47003258886554,2600.0
1995-06-02,False,daily,261.5,262.5,261.0,262.0,5700.0,110.68166100378674,111.10491783362913,110.47003258886554,110.89328941870794,5700.0
1995-06-01,False,daily,264.3,264.3,261.0,261.3,4000.0,111.86678012734545,111.86678012734545,110.47003258886554,110.59700963781826,4000.0
1995-05-31,False,daily,264.5,265.0,264.0,264.8,3300.0,111.95143149331393,112.16305990823513,111.73980307839273,112.07840854226666,3300.0
1995-05-30,False,daily,267.8,267.8,264.5,264.5,1300.0,113.34817903179385,113.34817903179385,111.95143149331393,111.95143149331393,1300.0
1995-05-26,False,daily,268.5,268.5,266.8,267.3,6200.0,113.64445881268351,113.64445881268351,112.92492220195145,113.13655061687264,6200.0
1995-05-25,False,daily,269.0,270.3,269.0,269.3,3400.0,113.85608722760472,114.40632110639983,113.85608722760472,113.98306427655744,3400.0
1995-05-24,False,daily,270.0,270.3,268.3,268.3,2100.0,114.2793440574471,114.40632110639983,113.55980744671504,113.55980744671504,2100.0
1995-05-23,False,daily,270.5,270.5,269.3,270.0,3100.0,114.49097247236831,114.49097247236831,113.98306427655744,114.2793440574471,3100.0
1995-05-22,False,daily,267.0,271.0,267.0,271.0,5800.0,113.00957356791992,114.7026008872895,113.00957356791992,114.7026008872895,5800.0
1995-05-19,False,daily,266.5,266.5,265.0,266.5,1600.0,112.79794515299872,112.79794515299872,112.16305990823513,112.79794515299872,1600.0
1995-05-18,False,daily,267.5,267.5,267.0,267.3,1300.0,113.22120198284112,113.22120198284112,113.00957356791992,113.13655061687264,1300.0
1995-05-17,False,daily,267.3,267.5,266.5,267.5,2500.0,113.13655061687264,113.22120198284112,112.79794515299872,113.22120198284112,2500.0
1995-05-16,False,daily,264.8,267.3,264.8,267.3,1400.0,112.07840854226666,113.13655061687264,112.07840854226666,113.13655061687264,1400.0
1995-05-15,False,daily,265.0,265.3,264.5,265.3,4400.0,112.16305990823513,112.29003695718785,111.95143149331393,112.29003695718785,4400.0
1995-05-12,False,daily,263.3,263.8,263.0,263.8,5200.0,111.44352329750306,111.65515171242426,111.31654624855034,111.65515171242426,5200.0
1995-05-11,False,daily,261.3,263.3,260.8,262.8,2500.0,110.59700963781826,111.44352329750306,110.38538122289707,111.23189488258186,2500.0
1995-05-10,False,daily,263.0,263.0,261.5,261.5,900.0,111.31654624855034,111.31654624855034,110.68166100378674,110.68166100378674,900.0
1995-05-09,False,daily,262.5,262.5,261.5,262.5,1400.0,111.10491783362913,111.10491783362913,110.68166100378674,111.10491783362913,1400.0
1995-05-08,False,daily,263.4,263.4,262.0,262.0,3900.0,111.48584898048729,111.48584898048729,110.89328941870794,110.89328941870794,3900.0
1995-05-05,False,daily,266.0,266.0,263.5,263.5,1700.0,112.58631673807753,112.58631673807753,111.52817466347153,111.52817466347153,1700.0
1995-05-04,False,daily,260.0,266.8,260.0,266.0,8300.0,110.04677575902315,112.92492220195145,110.04677575902315,112.58631673807753,8300.0
1995-05-03,False,daily,256.8,259.5,256.8,259.5,4400.0,108.69235390352748,109.83514734410194,108.69235390352748,109.83514734410194,4400.0
1995-05-02,False,daily,256.0,257.0,255.5,257.0,4700.0,108.35374843965356,108.77700526949596,108.14212002473236,108.77700526949596,4700.0
1995-05-01,False,daily,257.3,257.3,255.5,256.5,2400.0,108.90398231844868,108.90398231844868,108.14212002473236,108.56537685457475,2400.0
1995-04-28,False,daily,258.5,258.5,257.5,257.8,17000.0,109.41189051425955,109.41189051425955,108.98863368441715,109.11561073336988,17000.0
1995-04-27,False,daily,258.0,258.8,258.0,258.5,5100.0,109.20026209933835,109.53886756321228,109.20026209933835,109.41189051425955,5100.0
1995-04-26,False,daily,258.5,258.5,258.0,258.0,11200.0,109.41189051425955,109.41189051425955,109.20026209933835,109.20026209933835,11200.0
1995-04-25,False,daily,257.3,259.5,257.3,258.5,5800.0,108.90398231844868,109.83514734410194,108.90398231844868,109.41189051425955,5800.0
1995-04-24,False,daily,256.0,257.4,256.0,257.3,4200.0,108.35374843965356,108.9463080014329,108.35374843965356,108.90398231844868,4200.0
1995-04-21,False,daily,256.0,258.0,256.0,256.5,2300.0,108.35374843965356,109.20026209933835,108.35374843965356,108.56537685457475,2300.0
1995-04-20,False,daily,256.3,256.3,256.0,256.0,6800.0,108.48072548860628,108.48072548860628,108.35374843965356,108.35374843965356,6800.0
1995-04-19,False,daily,255.5,256.5,255.5,256.5,1300.0,108.14212002473236,108.56537685457475,108.14212002473236,108.56537685457475,1300.0
1995-04-18,False,daily,256.1,256.5,255.5,255.5,6900.0,108.39607412263781,108.56537685457475,108.14212002473236,108.14212002473236,6900.0
1995-04-17,False,daily,260.5,261.0,256.0,256.0,3300.0,110.25840417394434,110.47003258886554,108.35374843965356,108.35374843965356,3300.0
1995-04-13,False,daily,259.8,261.5,259.0,259.0,2300.0,109.96212439305467,110.68166100378674,109.62351892918075,109.62351892918075,2300.0
1995-04-12,False,daily,259.3,259.3,258.5,259.3,4000.0,109.75049597813347,109.75049597813347,109.41189051425955,109.75049597813347,4000.0
1995-04-11,False,daily,261.5,261.5,259.3,259.3,1600.0,110.68166100378674,110.68166100378674,109.75049597813347,109.75049597813347,1600.0
1995-04-10,False,daily,256.6,260.5,256.6,260.5,3400.0,108.607702537559,110.25840417394434,108.607702537559,110.25840417394434,3400.0
1995-04-07,False,daily,257.1,257.1,256.5,256.5,9000.0,108.8193309524802,108.8193309524802,108.56537685457475,108.56537685457475,9000.0
1995-04-06,False,daily,257.0,257.0,257.0,257.0,3000.0,108.77700526949596,108.77700526949596,108.77700526949596,108.77700526949596,3000.0
1995-04-05,False,daily,257.0,257.1,257.0,257.0,2800.0,108.77700526949596,108.8193309524802,108.77700526949596,108.77700526949596,2800.0
1995-04-04,False,daily,256.0,257.5,256.0,257.0,4000.0,108.35374843965356,108.98863368441715,108.35374843965356,108.77700526949596,4000.0
1995-04-03,False,daily,255.8,255.8,255.3,255.3,3100.0,108.26909707368509,108.26909707368509,108.05746865876388,108.05746865876388,3100.0
1995-03-31,False,daily,255.9,257.8,254.5,257.0,16800.0,107.84674816605957,108.6474860383359,107.25673078648754,108.31033325000902,16800.0
1995-03-30,False,daily,254.5,256.0,254.5,256.0,4600.0,107.25673078648754,107.88889226460043,107.25673078648754,107.88889226460043,4600.0
1995-03-29,False,daily,254.1,254.6,254.1,254.3,15900.0,107.0881543923241,107.2988748850284,107.0881543923241,107.17244258940582,15900.0
1995-03-28,False,daily,253.3,254.1,253.3,254.1,2100.0,106.75100160399722,107.0881543923241,106.75100160399722,107.0881543923241,2100.0
1995-03-27,False,daily,253.0,253.4,253.0,253.3,900.0,106.62456930837465,106.79314570253808,106.62456930837465,106.75100160399722,900.0
1995-03-24,False,daily,251.3,252.8,251.0,252.5,13000.0,105.90811963318004,106.54028111129293,105.78168733755746,106.41384881567035,13000.0
1995-03-23,False,daily,251.3,251.8,251.0,251.3,9700.0,105.90811963318004,106.11884012588433,105.78168733755746,105.90811963318004,9700.0
1995-03-22,False,daily,252.3,252.3,251.4,251.5,5900.0,106.32956061858863,106.32956061858863,105.9502637317209,105.99240783026175,5900.0
1995-03-21,False,daily,250.0,252.0,250.0,251.0,3500.0,105.36024635214886,106.20312832296605,105.36024635214886,105.78168733755746,3500.0
1995-03-20,False,daily,249.8,250.3,249.5,249.8,3200.0,105.27595815506714,105.48667864777144,105.14952585944455,105.27595815506714,3200.0
1995-03-17,False,daily,249.5,250.0,249.5,249.8,8900.0,105.14952585944455,105.36024635214886,105.14952585944455,105.27595815506714,8900.0
1995-03-16,False,daily,250.5,250.5,249.5,250.5,3600.0,105.57096684485316,105.57096684485316,105.14952585944455,105.57096684485316,3600.0
1995-03-15,False,daily,250.0,250.5,249.5,250.0,1500.0,105.36024635214886,105.57096684485316,105.14952585944455,105.36024635214886,1500.0
1995-03-14,False,daily,251.8,251.8,250.5,250.5,1300.0,106.11884012588433,106.11884012588433,105.57096684485316,105.57096684485316,1300.0
1995-03-13,False,daily,250.3,251.3,249.8,251.3,1400.0,105.48667864777144,105.90811963318004,105.27595815506714,105.90811963318004,1400.0
1995-03-10,False,daily,251.0,251.0,249.8,249.8,2100.0,105.78168733755746,105.78168733755746,105.27595815506714,105.27595815506714,2100.0
1995-03-09,False,daily,251.5,251.5,250.5,250.5,5600.0,105.99240783026175,105.99240783026175,105.57096684485316,105.57096684485316,5600.0
1995-03-08,False,daily,252.0,252.5,251.5,251.5,2200.0,106.20312832296605,106.41384881567035,105.99240783026175,105.99240783026175,2200.0
1995-03-07,False,daily,252.0,252.0,251.0,251.5,13200.0,106.20312832296605,106.20312832296605,105.78168733755746,105.99240783026175,13200.0
1995-03-06,False,daily,252.3,252.3,251.5,251.5,3400.0,106.32956061858863,106.32956061858863,105.99240783026175,105.99240783026175,3400.0
1995-03-03,False,daily,251.0,251.5,250.0,251.5,8000.0,105.78168733755746,105.99240783026175,105.36024635214886,105.99240783026175,8000.0
1995-03-02,False,daily,251.3,251.5,250.5,251.5,22900.0,105.90811963318004,105.99240783026175,105.57096684485316,105.99240783026175,22900.0
1995-03-01,False,daily,252.8,252.8,250.0,251.5,6900.0,106.54028111129293,106.54028111129293,105.36024635214886,105.99240783026175,6900.0
1995-02-28,False,daily,251.0,253.3,250.5,253.3,9800.0,105.78168733755746,106.75100160399722,105.57096684485316,106.75100160399722,9800.0
1995-02-27,False,daily,251.0,251.0,250.5,251.0,5200.0,105.78168733755746,105.78168733755746,105.57096684485316,105.78168733755746,5200.0
1995-02-24,False,daily,247.3,251.8,247.0,251.8,6100.0,104.22235569154566,106.11884012588433,104.09592339592307,106.11884012588433,6100.0
1995-02-23,False,daily,246.5,247.5,246.5,247.5,2200.0,103.88520290321877,104.30664388862736,103.88520290321877,104.30664388862736,2200.0
1995-02-22,False,daily,245.8,245.8,245.5,245.5,6400.0,103.59019421343277,103.59019421343277,103.46376191781017,103.46376191781017,6400.0
1995-02-21,False,daily,245.0,246.3,245.0,246.3,25100.0,103.25304142510588,103.80091470613706,103.25304142510588,103.80091470613706,25100.0
1995-02-17,False,daily,244.5,244.5,244.0,244.5,27000.0,103.04232093240158,103.04232093240158,102.83160043969728,103.04232093240158,27000.0
1995-02-16,False,daily,246.5,246.5,245.0,245.0,2600.0,103.88520290321877,103.88520290321877,103.25304142510588,103.25304142510588,2600.0
1995-02-15,False,daily,245.5,246.3,245.5,246.0,3400.0,103.46376191781017,103.80091470613706,103.46376191781017,103.67448241051447,3400.0
1995-02-14,False,daily,246.5,246.5,245.0,245.5,5700.0,103.88520290321877,103.88520290321877,103.25304142510588,103.46376191781017,5700.0
1995-02-13,False,daily,245.9,247.0,245.9,247.0,4800.0,103.63233831197361,104.09592339592307,103.63233831197361,104.09592339592307,4800.0
1995-02-10,False,daily,245.5,246.0,244.5,245.9,7700.0,103.46376191781017,103.67448241051447,103.04232093240158,103.63233831197361,7700.0
1995-02-09,False,daily,244.0,245.5,243.5,245.5,35100.0,102.83160043969728,103.46376191781017,102.62087994699299,103.46376191781017,35100.0
1995-02-08,False,daily,243.5,244.7,243.5,243.5,4300.0,102.62087994699299,103.1266091294833,102.62087994699299,102.62087994699299,4300.0
1995-02-07,False,daily,241.3,244.0,241.3,243.0,4800.0,101.69370977909408,102.83160043969728,101.69370977909408,102.41015945428869,4800.0
1995-02-06,False,daily,240.5,241.5,240.5,240.8,5100.0,101.3565569907672,101.7779979761758,101.3565569907672,101.48298928638978,5100.0
1995-02-03,False,daily,240.3,242.0,240.0,240.5,5200.0,101.27226879368548,101.9887184688801,101.1458364980629,101.3565569907672,5200.0
1995-02-02,False,daily,239.8,239.8,239.5,239.8,2100.0,101.06154830098119,101.06154830098119,100.93511600535861,101.06154830098119,2100.0
1995-02-01,False,daily,240.8,240.8,239.8,239.8,47200.0,101.48298928638978,101.48298928638978,101.06154830098119,101.06154830098119,47200.0
1995-01-31,False,daily,242.9,244.3,240.8,240.8,50400.0,102.36801535574783,102.95803273531986,101.48298928638978,101.48298928638978,50400.0
1995-01-30,False,daily,241.8,243.1,241.8,242.8,4600.0,101.90443027179838,102.45230355282955,101.90443027179838,102.32587125720697,4600.0
1995-01-27,False,daily,241.3,242.3,240.5,242.0,6600.0,101.69370977909408,102.11515076450267,101.3565569907672,101.9887184688801,6600.0
1995-01-26,False,daily,240.5,241.5,240.5,240.8,4700.0,101.3565569907672,101.7779979761758,101.3565569907672,101.48298928638978,4700.0
1995-01-25,False,daily,241.5,242.0,240.8,241.5,5300.0,101.7779979761758,101.9887184688801,101.48298928638978,101.7779979761758,5300.0
1995-01-24,False,daily,242.0,242.8,240.5,240.5,23200.0,101.9887184688801,102.32587125720697,101.3565569907672,101.3565569907672,23200.0
1995-01-23,False,daily,240.5,242.5,240.5,242.0,6300.0,101.3565569907672,102.19943896158439,101.3565569907672,101.9887184688801,6300.0
1995-01-20,False,daily,238.5,240.9,238.5,240.5,13700.0,100.51367501995001,101.52513338493064,100.51367501995001,101.3565569907672,13700.0
1995-01-19,False,daily,238.5,239.5,238.0,239.0,6700.0,100.51367501995001,100.93511600535861,100.30295452724572,100.72439551265431,6700.0
1995-01-18,False,daily,239.5,239.5,239.0,239.0,10700.0,100.93511600535861,100.93511600535861,100.72439551265431,100.72439551265431,10700.0
1995-01-17,False,daily,239.5,240.0,238.8,239.8,4900.0,100.93511600535861,101.1458364980629,100.64010731557259,101.06154830098119,4900.0
1995-01-16,False,daily,239.5,241.0,239.5,240.0,4000.0,100.47422506469488,101.10349996071594,100.47422506469488,100.68398336336857,4000.0
1995-01-13,False,daily,239.3,239.3,238.0,239.0,4800.0,100.3903217452254,100.3903217452254,99.84495016867382,100.2644667660212,4800.0
1995-01-12,False,daily,238.0,240.0,238.0,239.3,12200.0,99.84495016867382,100.68398336336857,99.84495016867382,100.3903217452254,12200.0
1995-01-11,False,daily,239.0,239.0,237.5,237.5,18900.0,100.2644667660212,100.2644667660212,99.63519187000014,99.63519187000014,18900.0
1995-01-10,False,daily,239.0,239.1,239.0,239.1,1700.0,100.2644667660212,100.30641842575592,100.2644667660212,100.30641842575592,1700.0
1995-01-09,False,daily,240.0,240.5,239.5,239.5,3500.0,100.68398336336857,100.89374166204225,100.47422506469488,100.47422506469488,3500.0
1995-01-06,False,daily,241.0,241.0,240.0,240.4,5400.0,101.10349996071594,101.10349996071594,100.68398336336857,100.85179000230751,5400.0
1995-01-05,False,daily,242.0,242.0,241.0,241.0,6800.0,101.5230165580633,101.5230165580633,101.10349996071594,101.10349996071594,6800.0
1995-01-04,False,daily,241.8,242.0,241.5,241.8,5400.0,101.43911323859383,101.5230165580633,101.31325825938961,101.43911323859383,5400.0
1995-01-03,False,daily,242.1,242.1,241.3,241.3,12300.0,101.56496821779804,101.56496821779804,101.22935493992014,101.22935493992014,12300.0
1996-12-31,False,daily,334.25,335.88,333.88,335.12,5500.0,144.74980310036034,145.45568845280187,144.58957145594107,145.12656399399478,5500.0
1996-12-30,False,daily,332.25,334.25,332.25,334.25,3700.0,143.88368610349954,144.74980310036034,143.88368610349954,144.74980310036034,3700.0
1996-12-27,False,daily,331.0,332.88,331.0,332.0,4300.0,143.34236298046153,144.15651295751067,143.34236298046153,143.77542147889193,4300.0
1996-12-26,False,daily,331.0,331.0,329.0,330.25,13300.0,143.34236298046153,143.34236298046153,142.47624598360073,143.01756910663875,13300.0
1996-12-24,False,daily,332.0,332.0,331.75,331.75,2400.0,143.77542147889193,143.77542147889193,143.66715685428434,143.66715685428434,2400.0
1996-12-23,False,daily,329.88,332.88,329.88,332.88,4800.0,142.8573374622195,144.15651295751067,142.8573374622195,144.15651295751067,4800.0
1996-12-20,False,daily,332.0,332.0,328.0,330.5,10100.0,143.77542147889193,143.77542147889193,142.04318748517034,143.12583373124633,10100.0
1996-12-19,False,daily,326.62,329.25,326.62,329.25,6200.0,141.4455667573364,142.58451060820835,141.4455667573364,142.58451060820835,6200.0
1996-12-18,False,daily,327.5,328.0,326.12,326.12,3500.0,141.82665823595514,142.04318748517034,141.2290375081212,141.2290375081212,3500.0
1996-12-17,False,daily,330.62,330.62,325.75,327.5,9400.0,143.177800751058,143.177800751058,141.06880586370195,141.82665823595514,9400.0
1996-12-16,False,daily,335.75,335.75,331.25,331.25,1900.0,145.39939084800594,145.39939084800594,143.45062760506914,143.45062760506914,1900.0
1996-12-13,False,daily,338.0,338.0,334.5,334.5,5200.0,146.37377246947432,146.37377246947432,144.85806772496792,144.85806772496792,5200.0
1996-12-12,False,daily,345.75,345.75,339.0,339.0,7700.0,149.7299758323099,149.7299758323099,146.80683096790472,146.80683096790472,7700.0
1996-12-11,False,daily,342.0,346.0,341.88,345.62,3600.0,148.1060064631959,149.8382404569175,148.05403944338426,149.67367822751396,3600.0
1996-12-10,False,daily,340.88,341.5,340.88,341.5,4300.0,147.62098094495386,147.8894772139807,147.62098094495386,147.8894772139807,4300.0
1996-12-09,False,daily,338.75,341.0,338.75,340.88,9100.0,146.69856634329713,147.6729479647655,146.69856634329713,147.62098094495386,9100.0
1996-12-06,False,daily,340.25,340.25,337.25,338.0,6400.0,147.34815409094273,147.34815409094273,146.04897859565153,146.37377246947432,6400.0
1996-12-05,False,daily,340.5,343.0,340.5,342.0,1300.0,147.4564187155503,148.5390649616263,147.4564187155503,148.1060064631959,1300.0
1996-12-04,False,daily,345.5,345.5,340.0,340.0,3700.0,149.6217112077023,149.6217112077023,147.23988946633511,147.23988946633511,3700.0
1996-12-03,False,daily,347.12,347.88,346.0,346.0,4800.0,150.32326597515956,150.65239043396664,149.8382404569175,149.8382404569175,4800.0
1996-12-02,False,daily,348.0,348.0,345.75,347.12,1200.0,150.7043574537783,150.7043574537783,149.7299758323099,150.32326597515956,1200.0
1996-11-29,False,daily,349.5,350.25,348.0,348.0,3700.0,151.3539452014239,151.67873907524668,150.7043574537783,150.7043574537783,3700.0
1996-11-27,False,daily,351.75,351.75,350.625,351.375,1700.0,152.32832682289228,152.32832682289228,151.84113601215807,152.1659298859809,1700.0
1996-11-26,False,daily,348.75,351.75,348.625,351.75,2100.0,151.02915132760108,152.32832682289228,150.9750190152973,152.32832682289228,2100.0
1996-11-25,False,daily,348.62,351.75,348.62,351.75,6100.0,150.97285372280516,152.32832682289228,150.97285372280516,152.32832682289228,6100.0
1996-11-22,False,daily,348.0,348.875,347.875,348.5,2000.0,150.7043574537783,151.0832836399049,150.6502251414745,150.9208867029935,2000.0
1996-11-21,False,daily,348.0,348.88,347.94,348.5,1900.0,150.7043574537783,151.08544893239704,150.67837394387246,150.9208867029935,1900.0
1996-11-20,False,daily,348.5,349.25,346.5,348.5,0.0,150.9208867029935,151.24568057681628,150.0547697061327,150.9208867029935,0.0
1996-11-19,False,daily,347.875,349.875,347.125,348.5,8200.0,150.6502251414745,151.5163421383353,150.3254312676517,150.9208867029935,8200.0
1996-11-18,False,daily,347.12,349.88,347.12,348.5,5300.0,150.32326597515956,151.51850743082744,150.32326597515956,150.9208867029935,5300.0
1996-11-15,False,daily,340.75,345.375,340.25,344.75,21100.0,147.56468334015793,149.5675788953985,147.34815409094273,149.2969173338795,21100.0
1996-11-14,False,daily,338.625,341.0,338.625,341.0,27800.0,146.64443403099332,147.6729479647655,146.64443403099332,147.6729479647655,27800.0
1996-11-13,False,daily,341.75,341.75,339.0,339.0,3500.0,147.9977418385883,147.9977418385883,146.80683096790472,146.80683096790472,3500.0
1996-11-12,False,daily,341.25,342.0,340.25,341.0,5600.0,147.78121258937313,148.1060064631959,147.34815409094273,147.6729479647655,5600.0
1996-11-11,False,daily,341.25,342.0,340.25,341.0,6000.0,147.78121258937313,148.1060064631959,147.34815409094273,147.6729479647655,6000.0
1996-11-08,False,daily,338.0,341.0,337.375,341.0,20600.0,146.37377246947432,147.6729479647655,146.1031109079553,147.6729479647655,20600.0
1996-11-07,False,daily,336.25,339.0,335.5,338.0,35000.0,145.61592009722114,146.80683096790472,145.29112622339832,146.37377246947432,35000.0
1996-11-06,False,daily,332.0,338.0,331.125,335.0,20200.0,143.77542147889193,146.37377246947432,143.39649529276534,145.07459697418312,20200.0
1996-11-05,False,daily,330.25,330.25,329.5,330.25,13700.0,143.01756910663875,143.01756910663875,142.69277523281593,143.01756910663875,13700.0
1996-11-04,False,daily,330.25,330.25,329.5,330.25,1300.0,143.01756910663875,143.01756910663875,142.69277523281593,143.01756910663875,1300.0
1996-11-01,False,daily,328.25,328.375,326.5,326.5,17300.0,142.15145210977795,142.20558442208176,141.39359973752474,141.39359973752474,17300.0
1996-10-31,False,daily,333.0,333.25,328.25,328.25,25300.0,144.20847997732233,144.31674460192994,142.15145210977795,142.15145210977795,25300.0
1996-10-30,False,daily,334.625,334.75,333.5,333.5,8100.0,144.91220003727173,144.96633234957554,144.42500922653753,144.42500922653753,8100.0
1996-10-29,False,daily,333.0,333.25,328.25,328.25,7100.0,144.20847997732233,144.31674460192994,142.15145210977795,142.15145210977795,7100.0
1996-10-28,False,daily,334.62,334.75,333.5,333.5,1500.0,144.91003474477958,144.96633234957554,144.42500922653753,144.42500922653753,1500.0
1996-10-25,False,daily,331.5,331.75,329.5,331.75,2000.0,143.55889222967673,143.66715685428434,142.69277523281593,143.66715685428434,2000.0
1996-10-24,False,daily,334.0,334.5,329.75,330.875,3600.0,144.64153847575272,144.85806772496792,142.80103985742355,143.28823066815775,3600.0
1996-10-23,False,daily,334.5,335.875,334.25,334.25,3500.0,144.85806772496792,145.45352316030971,144.74980310036034,144.74980310036034,3500.0
1996-10-22,False,daily,333.0,334.5,329.75,330.88,3400.0,144.20847997732233,144.85806772496792,142.80103985742355,143.2903959606499,3400.0
1996-10-21,False,daily,334.5,335.88,334.25,334.25,1400.0,144.85806772496792,145.45568845280187,144.74980310036034,144.74980310036034,1400.0
1996-10-18,False,daily,336.875,337.5,333.0,333.5,500.0,145.8865816587401,146.15724322025912,144.20847997732233,144.42500922653753,500.0
1996-10-17,False,daily,340.0,340.125,336.0,337.0,1300.0,147.23988946633511,147.29402177863892,145.50765547261352,145.94071397104392,1300.0
1996-10-16,False,daily,337.5,339.25,337.5,339.25,4900.0,146.15724322025912,146.91509559251233,146.15724322025912,146.91509559251233,4900.0
1996-10-15,False,daily,340.0,340.12,336.0,337.0,4300.0,147.23988946633511,147.29185648614677,145.50765547261352,145.94071397104392,4300.0
1996-10-14,False,daily,337.5,339.25,337.5,339.25,1200.0,146.15724322025912,146.91509559251233,146.15724322025912,146.91509559251233,1200.0
1996-10-11,False,daily,333.25,333.25,327.0,328.25,3700.0,144.31674460192994,144.31674460192994,141.61012898673994,142.15145210977795,3700.0
1996-10-10,False,daily,338.0,338.0,334.0,334.0,11800.0,146.37377246947432,146.37377246947432,144.64153847575272,144.64153847575272,11800.0
1996-10-09,False,daily,339.25,340.25,338.5,339.0,10100.0,146.91509559251233,147.34815409094273,146.59030171868952,146.80683096790472,10100.0
1996-10-08,False,daily,338.0,338.0,334.0,334.0,10500.0,146.37377246947432,146.37377246947432,144.64153847575272,144.64153847575272,10500.0
1996-10-07,False,daily,339.25,340.25,338.5,339.0,6300.0,146.91509559251233,147.34815409094273,146.59030171868952,146.80683096790472,6300.0
1996-10-04,False,daily,340.5,340.5,336.0,336.0,1600.0,147.4564187155503,147.4564187155503,145.50765547261352,145.50765547261352,1600.0
1996-10-03,False,daily,347.125,347.25,342.75,343.25,13000.0,150.3254312676517,150.3795635799555,148.4308003370187,148.6473295862339,13000.0
1996-10-02,False,daily,340.0,340.5,336.0,336.0,8700.0,147.23988946633511,147.4564187155503,145.50765547261352,145.50765547261352,8700.0
1996-10-01,False,daily,329.25,350.0,328.625,349.0,10400.0,142.0981627298176,151.053475946655,141.82842437991286,150.62189458680743,10400.0
1996-09-30,False,daily,328.62,350.0,328.62,349.0,15500.0,141.82626647311363,151.053475946655,141.82626647311363,150.62189458680743,15500.0
1996-09-27,False,daily,331.75,331.75,328.0,328.0,6100.0,143.17711612943657,143.17711612943657,141.55868603000812,141.55868603000812,6100.0
1996-09-26,False,daily,331.5,331.75,329.0,331.375,3200.0,143.06922078947466,143.17711612943657,141.9902673898557,143.0152731194937,3200.0
1996-09-25,False,daily,330.75,331.25,330.25,330.875,4900.0,142.74553476958897,142.96132544951277,142.52974408966517,142.7994824395699,4900.0
1996-09-24,False,daily,326.0,330.75,325.0,330.75,3700.0,140.69552331031295,142.74553476958897,140.26394195046535,142.74553476958897,3700.0
1996-09-23,False,daily,326.5,330.75,325.0,330.75,4100.0,140.91131399023675,142.74553476958897,140.26394195046535,142.74553476958897,4100.0
1996-09-20,False,daily,322.75,323.625,322.0,322.5,8700.0,139.2928838908083,139.67051758067493,138.9691978709226,139.18498855084638,8700.0
1996-09-19,False,daily,322.0,322.75,321.5,322.75,5300.0,138.9691978709226,139.2928838908083,138.75340719099881,139.2928838908083,5300.0
1996-09-18,False,daily,321.125,322.0,321.0,321.0,7900.0,138.59156418105596,138.9691978709226,138.53761651107502,138.53761651107502,7900.0
1996-09-17,False,daily,322.75,322.75,321.625,321.875,6900.0,139.2928838908083,139.2928838908083,138.80735486097976,138.91525020094164,6900.0
1996-09-16,False,daily,322.75,322.75,321.62,321.88,4700.0,139.2928838908083,139.2928838908083,138.80519695418053,138.9174081077409,4700.0
1996-09-13,False,daily,323.0,323.0,322.0,322.375,4700.0,139.40077923077018,139.40077923077018,138.9691978709226,139.13104088086544,4700.0
1996-09-12,False,daily,322.0,323.5,321.375,323.5,3500.0,138.9691978709226,139.61656991069398,138.69945952101787,139.61656991069398,3500.0
1996-09-11,False,daily,322.75,322.75,321.0,322.0,11500.0,139.2928838908083,139.2928838908083,138.53761651107502,138.9691978709226,11500.0
1996-09-10,False,daily,322.5,323.25,320.5,323.0,5600.0,139.18498855084638,139.5086745707321,138.32182583115122,139.40077923077018,5600.0
1996-09-09,False,daily,322.5,323.25,320.5,323.0,7500.0,139.18498855084638,139.5086745707321,138.32182583115122,139.40077923077018,7500.0
1996-09-06,False,daily,322.75,322.75,322.375,322.75,3000.0,139.2928838908083,139.2928838908083,139.13104088086544,139.2928838908083,3000.0
1996-09-05,False,daily,321.75,323.25,321.75,322.25,1200.0,138.8613025309607,139.5086745707321,138.8613025309607,139.0770932108845,1200.0
1996-09-04,False,daily,321.5,323.0,320.0,321.25,14700.0,138.75340719099881,139.40077923077018,138.10603515122745,138.6455118510369,14700.0
1996-09-03,False,daily,321.5,323.0,320.0,321.25,3800.0,138.75340719099881,139.40077923077018,138.10603515122745,138.6455118510369,3800.0
1996-08-30,False,daily,323.0,323.75,322.0,323.0,5100.0,139.40077923077018,139.72446525065587,138.9691978709226,139.40077923077018,5100.0
1996-08-29,False,daily,322.5,323.0,321.5,323.0,5100.0,139.18498855084638,139.40077923077018,138.75340719099881,139.40077923077018,5100.0
1996-08-28,False,daily,323.5,323.5,322.625,323.0,19300.0,139.61656991069398,139.61656991069398,139.23893622082736,139.40077923077018,19300.0
1996-08-27,False,daily,322.5,323.0,321.5,323.0,5400.0,139.18498855084638,139.40077923077018,138.75340719099881,139.40077923077018,5400.0
1996-08-26,False,daily,323.5,323.5,322.62,323.0,14200.0,139.61656991069398,139.61656991069398,139.2367783140281,139.40077923077018,14200.0
1996-08-23,False,daily,323.25,323.25,320.0,320.375,4300.0,139.5086745707321,139.5086745707321,138.10603515122745,138.26787816117027,4300.0
1996-08-22,False,daily,321.0,323.0,321.0,322.5,35900.0,138.53761651107502,139.40077923077018,138.53761651107502,139.18498855084638,35900.0
1996-08-21,False,daily,323.5,323.5,320.5,320.5,1900.0,139.61656991069398,139.61656991069398,138.32182583115122,138.32182583115122,1900.0
1996-08-20,False,daily,321.0,323.0,321.0,322.5,3500.0,138.53761651107502,139.40077923077018,138.53761651107502,139.18498855084638,3500.0
1996-08-19,False,daily,323.5,323.5,320.5,320.5,3700.0,139.61656991069398,139.61656991069398,138.32182583115122,138.32182583115122,3700.0
1996-08-16,False,daily,321.0,323.25,321.0,323.0,14100.0,138.53761651107502,139.5086745707321,138.53761651107502,139.40077923077018,14100.0
1996-08-15,False,daily,319.5,320.125,318.5,320.125,2300.0,137.89024447130365,138.1599828212084,137.45866311145605,138.1599828212084,2300.0
1996-08-14,False,daily,320.0,320.5,320.0,320.0,2100.0,138.10603515122745,138.32182583115122,138.10603515122745,138.10603515122745,2100.0
1996-08-13,False,daily,319.5,320.12,318.5,320.12,1800.0,137.89024447130365,138.15782491440913,137.45866311145605,138.15782491440913,1800.0
1996-08-12,False,daily,320.0,320.5,320.0,320.0,2900.0,138.10603515122745,138.32182583115122,138.10603515122745,138.10603515122745,2900.0
1996-08-09,False,daily,321.625,321.625,319.5,319.5,2700.0,138.80735486097976,138.80735486097976,137.89024447130365,137.89024447130365,2700.0
1996-08-08,False,daily,324.5,324.5,322.0,322.0,600.0,140.04815127054155,140.04815127054155,138.9691978709226,138.9691978709226,600.0
1996-08-07,False,daily,325.0,325.0,324.5,324.5,2300.0,140.26394195046535,140.26394195046535,140.04815127054155,140.04815127054155,2300.0
1996-08-06,False,daily,324.5,324.5,322.0,322.0,4500.0,140.04815127054155,140.04815127054155,138.9691978709226,138.9691978709226,4500.0
1996-08-05,False,daily,325.06,325.06,324.5,324.5,4300.0,140.2898368320562,140.2898368320562,140.04815127054155,140.04815127054155,4300.0
1996-08-02,False,daily,317.75,324.88,317.75,324.75,4300.0,137.13497709157036,140.21215218728364,137.13497709157036,140.15604661050347,4300.0
1996-08-01,False,daily,308.375,313.0,308.0,313.0,2400.0,133.08890184299923,135.08496563229434,132.9270588330564,135.08496563229434,2400.0
1996-07-31,False,daily,309.875,309.875,308.375,308.375,14100.0,133.73627388277063,133.73627388277063,133.08890184299923,133.08890184299923,14100.0
1996-07-30,False,daily,308.0,313.0,308.0,313.0,5600.0,132.9270588330564,135.08496563229434,132.9270588330564,135.08496563229434,5600.0
1996-07-29,False,daily,309.88,309.88,308.38,308.38,5200.0,133.73843178956986,133.73843178956986,133.0910597497985,133.0910597497985,5200.0
1996-07-26,False,daily,303.75,303.75,301.25,301.25,8900.0,131.09283805370416,131.09283805370416,130.0138846540852,130.0138846540852,8900.0
1996-07-25,False,daily,303.25,306.25,301.75,303.75,8400.0,130.87704737378036,132.17179145332312,130.229675334009,131.09283805370416,8400.0
1996-07-24,False,daily,304.75,304.75,302.75,302.75,3400.0,131.52441941355175,131.52441941355175,130.6612566938566,130.6612566938566,3400.0
1996-07-23,False,daily,303.25,306.25,301.75,303.75,6100.0,130.38179036660745,131.67163495391108,129.73686807295564,130.5967644644914,6100.0
1996-07-22,False,daily,304.75,304.75,302.75,302.75,400.0,131.02671266025928,131.02671266025928,130.16681626872352,130.16681626872352,400.0
1996-07-19,False,daily,305.75,306.0,305.5,305.75,3400.0,131.45666085602716,131.5641479049691,131.34917380708518,131.45666085602716,3400.0
1996-07-18,False,daily,308.5,309.0,304.0,304.0,14700.0,132.63901839438878,132.85399249227274,130.70425151343338,130.70425151343338,14700.0
1996-07-17,False,daily,312.25,312.25,309.0,309.125,2200.0,134.25132412851832,134.25132412851832,132.85399249227274,132.9077360167437,2200.0
1996-07-16,False,daily,308.5,309.0,304.0,304.0,5000.0,132.63901839438878,132.85399249227274,130.70425151343338,130.70425151343338,5000.0
1996-07-15,False,daily,312.25,312.25,309.0,309.12,4000.0,134.25132412851832,134.25132412851832,132.85399249227274,132.90558627576488,4000.0
1996-07-12,False,daily,315.0,315.5,313.875,313.875,3300.0,135.43368166687998,135.6486557647639,134.9499899466411,134.9499899466411,3300.0
1996-07-11,False,daily,314.0,315.0,314.0,315.0,1900.0,135.0037334711121,135.43368166687998,135.0037334711121,135.43368166687998,1900.0
1996-07-10,False,daily,311.5,314.5,311.375,314.0,2500.0,133.92886298169242,135.21870756899602,133.87511945722142,135.0037334711121,2500.0
1996-07-09,False,daily,314.0,315.0,314.0,315.0,1500.0,135.0037334711121,135.43368166687998,135.0037334711121,135.43368166687998,1500.0
1996-07-08,False,daily,311.5,314.5,311.38,314.0,8600.0,133.92886298169242,135.21870756899602,133.87726919820025,135.0037334711121,8600.0
1996-07-05,False,daily,318.5,319.75,318.25,318.75,2000.0,136.93850035206754,137.47593559677736,136.83101330312556,137.04598740100948,2000.0
1996-07-03,False,daily,323.5,323.5,319.5,319.5,17200.0,139.0882413309069,139.0882413309069,137.36844854783538,137.36844854783538,17200.0
1996-07-02,False,daily,318.5,318.5,316.5,317.75,4800.0,136.93850035206754,136.93850035206754,136.07860396053178,136.6160392052416,4800.0
1996-07-01,False,daily,323.5,323.5,319.5,319.5,3500.0,139.0882413309069,139.0882413309069,137.36844854783538,137.36844854783538,3500.0
1996-06-28,False,daily,316.0,317.5,315.0,317.0,10600.0,135.86362986264783,136.50855215629966,135.43368166687998,136.2935780584157,10600.0
1996-06-27,False,daily,316.5,317.5,315.0,315.5,6400.0,136.07860396053178,136.50855215629966,135.43368166687998,135.6486557647639,6400.0
1996-06-26,False,daily,316.5,316.5,315.0,316.125,3500.0,136.07860396053178,136.07860396053178,135.43368166687998,135.91737338711883,3500.0
1996-06-25,False,daily,321.25,321.25,317.0,317.0,2600.0,138.12085789042916,138.12085789042916,136.2935780584157,136.2935780584157,2600.0
1996-06-24,False,daily,321.25,321.25,317.0,317.0,3900.0,138.12085789042916,138.12085789042916,136.2935780584157,136.2935780584157,3900.0
1996-06-21,False,daily,316.0,321.5,316.0,321.5,7800.0,135.86362986264783,138.22834493937114,135.86362986264783,138.22834493937114,7800.0
1996-06-20,False,daily,317.5,317.5,316.375,316.375,4900.0,136.50855215629966,136.50855215629966,136.0248604360608,136.0248604360608,4900.0
1996-06-19,False,daily,317.5,318.25,315.375,318.25,1400.0,136.50855215629966,136.83101330312556,135.59491224029293,136.83101330312556,1400.0
1996-06-18,False,daily,315.25,318.0,315.0,318.0,4100.0,135.54116871582193,136.72352625418358,135.43368166687998,136.72352625418358,4100.0
1996-06-17,False,daily,315.75,318.0,315.0,318.0,3900.0,135.75614281370588,136.72352625418358,135.43368166687998,136.72352625418358,3900.0
1996-06-14,False,daily,312.0,314.75,312.0,314.75,1800.0,134.14383707957634,135.326194617938,134.14383707957634,135.326194617938,1800.0
1996-06-13,False,daily,311.5,312.5,311.0,311.5,2700.0,133.92886298169242,134.3588111774603,133.71388888380847,133.92886298169242,2700.0
1996-06-12,False,daily,309.0,312.0,309.0,312.0,3100.0,132.85399249227274,134.14383707957634,132.85399249227274,134.14383707957634,3100.0
1996-06-11,False,daily,309.0,312.0,309.0,312.0,4000.0,132.85399249227274,134.14383707957634,132.85399249227274,134.14383707957634,4000.0
1996-06-10,False,daily,310.5,310.5,309.5,310.25,1500.0,133.49891478592454,133.49891478592454,133.06896659015666,133.39142773698256,1500.0
1996-06-07,False,daily,314.0,314.5,311.0,311.625,800.0,135.0037334711121,135.21870756899602,133.71388888380847,133.9826065061634,800.0
1996-06-06,False,daily,311.5,313.5,311.5,313.5,8400.0,133.92886298169242,134.78875937322815,133.92886298169242,134.78875937322815,8400.0
1996-06-05,False,daily,310.5,311.375,310.5,310.75,1900.0,133.49891478592454,133.87511945722142,133.49891478592454,133.60640183486652,1900.0
1996-06-04,False,daily,312.5,312.5,310.375,310.375,4900.0,134.3588111774603,134.3588111774603,133.44517126145357,133.44517126145357,4900.0
1996-06-03,False,daily,312.5,312.5,310.38,310.38,5800.0,134.3588111774603,134.3588111774603,133.4473210024324,133.4473210024324,5800.0
1996-05-31,False,daily,310.0,311.0,309.5,309.75,3300.0,133.28394068804062,133.71388888380847,133.06896659015666,133.17645363909864,3300.0
1996-05-30,False,daily,310.0,311.5,309.5,309.5,5300.0,133.28394068804062,133.92886298169242,133.06896659015666,133.06896659015666,5300.0
1996-05-29,False,daily,310.0,311.0,309.5,309.75,5100.0,133.28394068804062,133.71388888380847,133.06896659015666,133.17645363909864,5100.0
1996-05-28,False,daily,310.0,311.5,309.5,309.5,5400.0,133.28394068804062,133.92886298169242,133.06896659015666,133.06896659015666,5400.0
1996-05-24,False,daily,295.375,297.0,295.0,297.0,800.0,126.99594832493545,127.69461414305826,126.8347177515225,127.69461414305826,800.0
1996-05-23,False,daily,295.5,296.0,294.5,295.375,6500.0,127.04969184940644,127.26466594729038,126.61974365363857,126.99594832493545,6500.0
1996-05-22,False,daily,294.5,295.75,294.5,295.0,1400.0,126.61974365363857,127.15717889834842,126.61974365363857,126.8347177515225,1400.0
1996-05-21,False,daily,296.0,296.0,294.5,295.38,3500.0,127.26466594729038,127.26466594729038,126.61974365363857,126.99809806591429,3500.0
1996-05-20,False,daily,294.5,295.75,294.5,295.0,1300.0,126.61974365363857,127.15717889834842,126.61974365363857,126.8347177515225,1300.0
1996-05-17,False,daily,291.5,292.25,291.0,292.0,1200.0,125.32989906633496,125.65236021316086,125.11492496845102,125.54487316421888,1200.0
1996-05-16,False,daily,292.25,292.375,292.0,292.0,2200.0,125.65236021316086,125.70610373763184,125.54487316421888,125.54487316421888,2200.0
1996-05-15,False,daily,290.0,293.0,290.0,292.0,5200.0,124.68497677268314,125.97482135998676,124.68497677268314,125.54487316421888,5200.0
1996-05-14,False,daily,292.25,292.38,292.0,292.0,3300.0,125.65236021316086,125.70825347861069,125.54487316421888,125.54487316421888,3300.0
1996-05-13,False,daily,290.0,293.0,290.0,292.0,18400.0,124.68497677268314,125.97482135998676,124.68497677268314,125.54487316421888,18400.0
1996-05-10,False,daily,290.0,290.0,287.5,289.0,11000.0,124.68497677268314,124.68497677268314,123.61010628326346,124.25502857691527,11000.0
1996-05-09,False,daily,291.0,291.5,290.5,290.5,9500.0,125.11492496845102,125.32989906633496,124.89995087056708,124.89995087056708,9500.0
1996-05-08,False,daily,290.75,291.5,290.25,291.5,2800.0,125.00743791950904,125.32989906633496,124.7924638216251,125.32989906633496,2800.0
1996-05-07,False,daily,291.0,291.5,290.5,290.5,9400.0,125.11492496845102,125.32989906633496,124.89995087056708,124.89995087056708,9400.0
1996-05-06,False,daily,290.75,291.5,290.25,291.5,1600.0,125.00743791950904,125.32989906633496,124.7924638216251,125.32989906633496,1600.0
1996-05-03,False,daily,293.5,295.0,291.875,295.0,2500.0,126.1897954578707,126.8347177515225,125.49112963974791,126.8347177515225,2500.0
1996-05-02,False,daily,294.5,294.5,290.5,290.88,4200.0,126.61974365363857,126.61974365363857,124.89995087056708,125.06333118495887,4200.0
1996-05-01,False,daily,295.75,297.5,294.0,294.0,2900.0,127.15717889834842,127.90958824094218,126.40476955575464,126.40476955575464,2900.0
1996-04-30,False,daily,295.25,297.0,295.0,295.75,2100.0,126.94220480046448,127.69461414305826,126.8347177515225,127.15717889834842,2100.0
1996-04-29,False,daily,295.25,297.0,295.0,295.75,2600.0,126.94220480046448,127.69461414305826,126.8347177515225,127.15717889834842,2600.0
1996-04-26,False,daily,293.0,298.0,293.0,297.0,1600.0,125.97482135998676,128.12456233882614,125.97482135998676,127.69461414305826,1600.0
1996-04-25,False,daily,293.0,293.5,292.0,292.5,3400.0,125.97482135998676,126.1897954578707,125.54487316421888,125.75984726210282,3400.0
1996-04-24,False,daily,295.0,295.5,292.5,293.0,3100.0,126.8347177515225,127.04969184940644,125.75984726210282,125.97482135998676,3100.0
1996-04-23,False,daily,290.0,295.0,289.5,295.0,7200.0,124.68497677268314,126.8347177515225,124.4700026747992,126.8347177515225,7200.0
1996-04-22,False,daily,290.0,295.0,289.5,295.0,21500.0,124.68497677268314,126.8347177515225,124.4700026747992,126.8347177515225,21500.0
1996-04-19,False,daily,286.625,290.75,286.625,290.5,3600.0,123.23390161196657,125.00743791950904,123.23390161196657,124.89995087056708,3600.0
1996-04-18,False,daily,286.25,287.5,286.25,286.625,2700.0,123.07267103855362,123.61010628326346,123.07267103855362,123.23390161196657,2700.0
1996-04-17,False,daily,284.5,286.5,284.0,286.25,1600.0,122.32026169595984,123.18015808749558,122.1052875980759,123.07267103855362,1600.0
1996-04-16,False,daily,279.125,284.5,279.125,284.5,4600.0,120.00929014370753,122.32026169595984,120.00929014370753,122.32026169595984,4600.0
1996-04-15,False,daily,279.5,284.5,279.5,284.5,2300.0,120.17052071712048,122.32026169595984,120.17052071712048,122.32026169595984,2300.0
1996-04-12,False,daily,282.75,282.75,276.75,278.0,6300.0,121.56785235336606,121.56785235336606,118.98816317875882,119.52559842346867,6300.0
1996-04-11,False,daily,284.75,285.25,283.75,283.75,4000.0,122.4277487449018,122.64272284278574,121.99780054913394,121.99780054913394,4000.0
1996-04-10,False,daily,288.0,288.5,285.25,285.25,1200.0,123.8250803811474,124.04005447903134,122.64272284278574,122.64272284278574,1200.0
1996-04-09,False,daily,290.5,291.0,287.25,287.25,2000.0,124.89995087056708,125.11492496845102,123.5026192343215,123.5026192343215,2000.0
1996-04-08,False,daily,291.0,291.0,287.25,287.25,3000.0,125.11492496845102,125.11492496845102,123.5026192343215,123.5026192343215,3000.0
1996-04-04,False,daily,294.0,294.0,293.5,293.75,3800.0,126.40476955575464,126.40476955575464,126.1897954578707,126.29728250681266,3800.0
1996-04-03,False,daily,296.5,296.5,294.5,294.5,3800.0,127.47964004517432,127.47964004517432,126.61974365363857,126.61974365363857,3800.0
1996-04-02,False,daily,298.5,298.5,297.5,297.75,1400.0,128.33953643671006,128.33953643671006,127.90958824094218,128.01707528988416,1400.0
1996-04-01,False,daily,298.5,298.5,297.5,297.75,1100.0,127.84575769163743,127.84575769163743,127.41746369602055,127.52453719492478,1100.0
1996-03-29,False,daily,296.0,296.0,294.5,295.25,8100.0,126.77502270259524,126.77502270259524,126.13258170916993,126.45380220588258,8100.0
1996-03-28,False,daily,295.5,296.25,295.5,296.25,4600.0,126.5608757047868,126.88209620149946,126.5608757047868,126.88209620149946,4600.0
1996-03-27,False,daily,296.75,296.75,295.0,296.0,15000.0,127.09624319930789,127.09624319930789,126.34672870697837,126.77502270259524,15000.0
1996-03-26,False,daily,295.5,296.25,295.5,296.25,5200.0,126.5608757047868,126.88209620149946,126.5608757047868,126.88209620149946,5200.0
1996-03-25,False,daily,296.75,296.75,295.0,296.0,6500.0,127.09624319930789,127.09624319930789,126.34672870697837,126.77502270259524,6500.0
1996-03-22,False,daily,295.75,295.75,294.0,294.5,3600.0,126.66794920369102,126.66794920369102,125.91843471136148,126.13258170916993,3600.0
1996-03-21,False,daily,294.375,295.25,294.0,295.25,2600.0,126.07904495971782,126.45380220588258,125.91843471136148,126.45380220588258,2600.0
1996-03-20,False,daily,292.0,295.0,292.0,295.0,5300.0,125.06184672012773,126.34672870697837,125.06184672012773,126.34672870697837,5300.0
1996-03-19,False,daily,294.0,295.25,294.0,295.25,2400.0,125.91843471136148,126.45380220588258,125.91843471136148,126.45380220588258,2400.0
1996-03-18,False,daily,292.0,295.0,292.0,295.0,6000.0,125.06184672012773,126.34672870697837,125.06184672012773,126.34672870697837,6000.0
1996-03-15,False,daily,288.0,288.5,287.0,287.75,7300.0,123.34867073766023,123.56281773546867,122.92037674204336,123.24159723875601,7300.0
1996-03-14,False,daily,287.5,288.0,287.0,288.0,8000.0,123.1345237398518,123.34867073766023,122.92037674204336,123.34867073766023,8000.0
1996-03-13,False,daily,285.5,287.0,285.5,287.0,10600.0,122.27793574861805,122.92037674204336,122.27793574861805,122.92037674204336,10600.0
1996-03-12,False,daily,287.5,288.0,287.0,288.0,2800.0,123.1345237398518,123.34867073766023,122.92037674204336,123.34867073766023,2800.0
1996-03-11,False,daily,285.5,287.0,285.5,287.0,2700.0,122.27793574861805,122.92037674204336,122.27793574861805,122.92037674204336,2700.0
1996-03-08,False,daily,293.5,294.25,292.0,294.25,3400.0,125.70428771355306,126.02550821026571,125.06184672012773,126.02550821026571,3400.0
1996-03-07,False,daily,293.5,295.5,290.5,293.0,1900.0,125.70428771355306,126.5608757047868,124.41940572670242,125.49014071574462,1900.0
1996-03-06,False,daily,287.0,293.5,287.0,293.5,8000.0,122.92037674204336,125.70428771355306,122.92037674204336,125.70428771355306,8000.0
1996-03-05,False,daily,293.5,295.5,290.5,293.0,6400.0,125.70428771355306,126.5608757047868,124.41940572670242,125.49014071574462,6400.0
1996-03-04,False,daily,287.0,293.5,287.0,293.5,6400.0,122.92037674204336,125.70428771355306,122.92037674204336,125.70428771355306,6400.0
1996-03-01,False,daily,287.0,287.5,286.0,286.5,7200.0,122.92037674204336,123.1345237398518,122.49208274642648,122.70622974423492,7200.0
1996-02-29,False,daily,294.75,295.0,288.0,288.0,8600.0,126.23965520807414,126.34672870697837,123.34867073766023,123.34867073766023,8600.0
1996-02-28,False,daily,293.25,296.5,291.75,294.25,5100.0,125.59721421464883,126.98916970040368,124.95477322122352,126.02550821026571,5100.0
1996-02-27,False,daily,292.5,294.5,291.125,294.25,6300.0,125.27599371793617,126.13258170916993,124.68708947396297,126.02550821026571,6300.0
1996-02-26,False,daily,293.5,294.5,293.0,293.0,1800.0,125.70428771355306,126.13258170916993,125.49014071574462,125.49014071574462,1800.0
1996-02-23,False,daily,292.0,293.25,289.0,293.0,6300.0,125.06184672012773,125.59721421464883,123.77696473327711,125.49014071574462,6300.0
1996-02-22,False,daily,290.0,292.875,290.0,292.75,7700.0,124.20525872889398,125.43660396629251,124.20525872889398,125.38306721684039,7700.0
1996-02-21,False,daily,287.0,289.5,287.0,289.5,6000.0,122.92037674204336,123.99111173108555,122.92037674204336,123.99111173108555,6000.0
1996-02-20,False,daily,289.0,290.0,287.5,287.5,2300.0,123.77696473327711,124.20525872889398,123.1345237398518,123.1345237398518,2300.0
1996-02-16,False,daily,290.5,290.5,288.5,288.75,3000.0,124.41940572670242,124.41940572670242,123.56281773546867,123.66989123437288,3000.0
1996-02-15,False,daily,288.5,291.0,287.75,290.5,7800.0,123.56281773546867,124.63355272451086,123.24159723875601,124.41940572670242,7800.0
1996-02-14,False,daily,289.0,289.125,288.375,288.5,3500.0,123.77696473327711,123.83050148272922,123.50928098601656,123.56281773546867,3500.0
1996-02-13,False,daily,290.0,290.0,289.0,289.75,1200.0,124.20525872889398,124.20525872889398,123.77696473327711,124.09818522998977,1200.0
1996-02-12,False,daily,289.75,290.0,289.5,290.0,4400.0,124.09818522998977,124.20525872889398,123.99111173108555,124.20525872889398,4400.0
1996-02-09,False,daily,290.5,290.5,288.25,290.0,12100.0,124.41940572670242,124.41940572670242,123.45574423656446,124.20525872889398,12100.0
1996-02-08,False,daily,292.5,292.5,289.5,290.5,2500.0,125.27599371793617,125.27599371793617,123.99111173108555,124.41940572670242,2500.0
1996-02-07,False,daily,291.625,293.25,289.75,293.25,5000.0,124.90123647177141,125.59721421464883,124.09818522998977,125.59721421464883,5000.0
1996-02-06,False,daily,291.0,294.5,290.5,291.625,5600.0,124.63355272451086,126.13258170916993,124.41940572670242,124.90123647177141,5600.0
1996-02-05,False,daily,290.5,290.5,288.0,290.0,3600.0,124.41940572670242,124.41940572670242,123.34867073766023,124.20525872889398,3600.0
1996-02-02,False,daily,287.5,289.5,287.5,289.5,1300.0,123.1345237398518,123.99111173108555,123.1345237398518,123.99111173108555,1300.0
1996-02-01,False,daily,289.25,289.25,285.5,287.5,19200.0,123.88403823218133,123.88403823218133,122.27793574861805,123.1345237398518,19200.0
1996-01-31,False,daily,286.5,289.25,286.5,289.25,5100.0,122.70622974423492,123.88403823218133,122.70622974423492,123.88403823218133,5100.0
1996-01-30,False,daily,289.25,289.25,285.5,287.5,13600.0,123.88403823218133,123.88403823218133,122.27793574861805,123.1345237398518,13600.0
1996-01-29,False,daily,286.5,289.25,286.5,289.25,4200.0,122.70622974423492,123.88403823218133,122.70622974423492,123.88403823218133,4200.0
1996-01-26,False,daily,278.75,279.5,278.0,279.0,5400.0,119.38695127820414,119.70817177491679,119.06573078149148,119.49402477710835,5400.0
1996-01-25,False,daily,278.5,280.0,278.5,279.5,5600.0,119.27987777929991,119.92231877272523,119.27987777929991,119.70817177491679,5600.0
1996-01-24,False,daily,278.0,279.5,277.75,279.125,2700.0,119.06573078149148,119.70817177491679,118.95865728258725,119.54756152656046,2700.0
1996-01-23,False,daily,278.5,280.0,278.5,279.5,15400.0,118.79045896047487,119.43026394589933,118.79045896047487,119.2169956174245,15400.0
1996-01-22,False,daily,278.0,279.5,277.75,279.12,7800.0,118.57719063200004,119.2169956174245,118.47055646776263,119.05491168778364,7800.0
1996-01-19,False,daily,279.75,283.0,279.5,279.5,3400.0,119.32362978166191,120.70987391674824,119.2169956174245,119.2169956174245,3400.0
1996-01-18,False,daily,279.5,279.75,279.0,279.75,3200.0,119.2169956174245,119.32362978166191,119.00372728894968,119.32362978166191,3200.0
1996-01-17,False,daily,280.5,281.5,280.0,280.0,7200.0,119.64353227437414,120.07006893132379,119.43026394589933,119.43026394589933,7200.0
1996-01-16,False,daily,279.5,279.75,279.0,279.75,2400.0,119.2169956174245,119.32362978166191,119.00372728894968,119.32362978166191,2400.0
1996-01-15,False,daily,280.5,281.5,280.0,280.0,3600.0,119.64353227437414,120.07006893132379,119.43026394589933,119.43026394589933,3600.0
1996-01-12,False,daily,281.25,282.5,279.5,281.625,3800.0,119.96343476708637,120.49660558827343,119.2169956174245,120.12338601344248,3800.0
1996-01-11,False,daily,283.0,283.5,281.25,281.75,6200.0,120.70987391674824,120.92314224522306,119.96343476708637,120.1767030955612,6200.0
1996-01-10,False,daily,283.0,284.0,283.0,283.5,13800.0,120.70987391674824,121.13641057369789,120.70987391674824,120.92314224522306,13800.0
1996-01-09,False,daily,283.0,283.5,281.25,281.75,7900.0,120.70987391674824,120.92314224522306,119.96343476708637,120.1767030955612,7900.0
1996-01-08,False,daily,283.0,284.0,283.0,283.5,1400.0,120.70987391674824,121.13641057369789,120.70987391674824,120.92314224522306,1400.0
1996-01-05,False,daily,281.0,285.0,280.75,284.25,10200.0,119.85680060284896,121.56294723064752,119.75016643861156,121.24304473793529,10200.0
1996-01-04,False,daily,282.0,282.0,280.75,280.75,6600.0,120.2833372597986,120.2833372597986,119.75016643861156,119.75016643861156,6600.0
1996-01-03,False,daily,281.0,285.0,280.75,284.25,11400.0,119.85680060284896,121.56294723064752,119.75016643861156,121.24304473793529,11400.0
1996-01-02,False,daily,282.0,282.0,280.75,280.75,10000.0,120.2833372597986,120.2833372597986,119.75016643861156,119.75016643861156,10000.0
1997-12-31,False,daily,487.5,487.5,485.1,486.5,3900.0,213.77253425847053,213.77253425847053,212.72011562827498,213.33402649588905,3900.0
1997-12-30,False,daily,479.1,488.1,479.1,488.1,2700.0,210.08906905278613,214.03563891601942,210.08906905278613,214.03563891601942,2700.0
1997-12-29,False,daily,476.8,479.9,476.4,478.2,6500.0,209.0805011988487,210.43987526285127,208.90509809381612,209.69441206646277,6500.0
1997-12-26,False,daily,480.1,480.5,476.0,476.0,1900.0,210.5275768153676,210.70297992040017,208.72969498878354,208.72969498878354,1900.0
1997-12-24,False,daily,481.0,482.3,477.3,479.9,3000.0,210.9222338016909,211.49229389304685,209.29975508013945,210.43987526285127,3000.0
1997-12-23,False,daily,480.3,481.0,479.8,480.4,1700.0,210.6152783678839,210.9222338016909,210.39602448659315,210.659129144142,1700.0
1997-12-22,False,daily,475.3,481.5,474.0,481.0,9400.0,208.4227395549765,211.14148768298165,207.85267946362058,210.9222338016909,9400.0
1997-12-19,False,daily,484.3,484.3,471.0,474.3,16800.0,212.3693094182098,212.3693094182098,206.53715617587613,207.984231792395,16800.0
1997-12-18,False,daily,485.5,489.4,485.5,486.0,317300.0,212.89551873330757,214.60569900737534,212.89551873330757,213.1147726145983,317300.0
1997-12-17,False,daily,488.3,491.1,484.0,485.5,82800.0,214.1233404685357,215.35116220376386,212.23775708943535,212.89551873330757,82800.0
1997-12-16,False,daily,489.5,489.5,485.1,486.9,7700.0,214.6495497836335,214.6495497836335,212.72011562827498,213.50942960092164,7700.0
1997-12-15,False,daily,489.6,489.6,475.9,489.6,12700.0,214.69340055989164,214.69340055989164,208.68584421252538,214.69340055989164,12700.0
1997-12-12,False,daily,471.0,475.9,471.0,475.8,6200.0,206.53715617587613,208.68584421252538,206.53715617587613,208.64199343626723,6200.0
1997-12-11,False,daily,470.5,473.8,470.2,471.9,6600.0,206.3179022945854,207.76497791110427,206.18634996581096,206.93181316219946,6600.0
1997-12-10,False,daily,475.0,475.1,471.0,471.4,8600.0,208.29118722620206,208.3350380024602,206.53715617587613,206.71255928090872,8600.0
1997-12-09,False,daily,465.5,470.0,465.5,470.0,5400.0,204.12536348167802,206.09864841329465,204.12536348167802,206.09864841329465,5400.0
1997-12-08,False,daily,465.6,466.5,465.0,466.5,5600.0,204.16921425793618,204.56387124425947,203.90610960038728,204.56387124425947,5600.0
1997-12-05,False,daily,458.9,465.5,458.9,465.5,7200.0,201.23121224864025,204.12536348167802,201.23121224864025,204.12536348167802,7200.0
1997-12-04,False,daily,464.1,464.1,458.0,458.0,5200.0,203.51145261406396,203.51145261406396,200.83655526231692,200.83655526231692,5200.0
1997-12-03,False,daily,462.9,465.0,459.0,462.3,7100.0,202.98524329896617,203.90610960038728,201.2750630248984,202.72213864141727,7100.0
1997-12-02,False,daily,459.4,462.0,459.4,461.9,1200.0,201.450466129931,202.59058631264284,201.450466129931,202.5467355363847,1200.0
1997-12-01,False,daily,456.0,460.0,456.0,459.4,7600.0,199.95953973715396,201.71357078747988,199.95953973715396,201.450466129931,7600.0
1997-11-28,False,daily,456.0,457.7,455.3,455.3,2000.0,199.95953973715396,200.7050029335425,199.65258430334694,199.65258430334694,2000.0
1997-11-26,False,daily,452.0,459.3,452.0,457.1,5300.0,198.20550868682807,201.40661535367286,198.20550868682807,200.4418982759936,5300.0
1997-11-25,False,daily,449.5,452.3,448.9,451.6,3300.0,197.10923928037437,198.3370610156025,196.84613462282547,198.03010558179548,3300.0
1997-11-24,False,daily,453.3,453.6,447.9,448.0,12300.0,198.77556877818398,198.90712110695844,196.407626860244,196.45147763650215,12300.0
1997-11-21,False,daily,455.4,456.3,453.0,453.9,4100.0,199.69643507960507,200.09109206592842,198.64401644940952,199.03867343573285,4100.0
1997-11-20,False,daily,453.0,456.9,453.0,455.4,9300.0,198.64401644940952,200.3541967234773,198.64401644940952,199.69643507960507,9300.0
1997-11-19,False,daily,454.8,457.0,452.8,452.8,9400.0,199.4333304220562,200.39804749973544,198.55631489689324,198.55631489689324,9400.0
1997-11-18,False,daily,452.2,458.6,452.2,454.8,17000.0,198.29321023934435,201.09965991986581,198.29321023934435,199.4333304220562,17000.0
1997-11-17,False,daily,448.0,455.9,448.0,453.4,9300.0,196.45147763650215,199.9156889608958,196.45147763650215,198.8194195544421,9300.0
1997-11-14,False,daily,440.1,445.4,440.0,444.5,10500.0,192.9872663121085,195.3113574537903,192.9434155358503,194.91670046746697,10500.0
1997-11-13,False,daily,434.5,444.4,434.5,440.3,7700.0,190.5316228416522,194.8728496912088,190.5316228416522,193.07496786462477,7700.0
1997-11-12,False,daily,440.0,440.0,433.8,433.8,8200.0,192.9434155358503,192.9434155358503,190.22466740784517,190.22466740784517,8200.0
1997-11-11,False,daily,441.8,442.5,440.8,440.8,3500.0,193.732729508497,194.039684942304,193.2942217459155,193.2942217459155,3500.0
1997-11-10,False,daily,439.0,443.0,439.0,441.8,4100.0,192.50490777326885,194.25893882359475,192.50490777326885,193.732729508497,4100.0
1997-11-07,False,daily,448.0,448.0,435.0,438.0,10300.0,196.45147763650215,196.45147763650215,190.75087672294293,192.06640001068737,10300.0
1997-11-06,False,daily,448.9,449.5,447.3,449.0,5000.0,196.84613462282547,197.10923928037437,196.14452220269513,196.88998539908363,5000.0
1997-11-05,False,daily,442.0,449.6,442.0,449.4,5300.0,193.82043106101327,197.15309005663252,193.82043106101327,197.0653885041162,5300.0
1997-11-04,False,daily,440.3,442.6,440.3,441.5,6400.0,193.07496786462477,194.08353571856216,193.07496786462477,193.60117717972253,6400.0
1997-11-03,False,daily,437.1,440.3,434.8,440.3,4900.0,191.67174302436405,193.07496786462477,190.66317517042663,193.07496786462477,4900.0
1997-10-31,False,daily,428.8,434.8,426.4,434.0,63700.0,188.03212859493777,190.66317517042663,186.9797099647422,190.31236896036145,63700.0
1997-10-30,False,daily,433.4,434.6,429.0,429.0,162700.0,190.04926430281256,190.57547361791035,188.11983014745405,188.11983014745405,162700.0
1997-10-29,False,daily,434.1,434.1,432.0,432.8,4800.0,190.3562197366196,190.3562197366196,189.4353534351985,189.7861596452637,4800.0
1997-10-28,False,daily,428.0,434.9,426.5,434.9,8500.0,187.68132238487257,190.70702594668478,187.02356074100038,190.70702594668478,8500.0
1997-10-27,False,daily,440.0,440.0,431.6,431.6,5300.0,192.9434155358503,192.9434155358503,189.2599503301659,189.2599503301659,5300.0
1997-10-24,False,daily,440.0,441.0,436.4,440.1,12100.0,192.9434155358503,193.3819232984318,191.364787590557,192.9872663121085,12100.0
1997-10-23,False,daily,450.1,450.1,438.5,439.4,5600.0,197.37234393792326,197.37234393792326,192.28565389197811,192.6803108783014,5600.0
1997-10-22,False,daily,456.0,457.8,451.0,451.0,15700.0,199.95953973715396,200.74885370980064,197.7670009242466,197.7670009242466,15700.0
1997-10-21,False,daily,457.5,460.4,454.5,457.8,9800.0,200.61730138102618,201.88897389251247,199.30177809328174,200.74885370980064,9800.0
1997-10-20,False,daily,453.0,459.3,452.5,459.3,4000.0,198.64401644940952,201.40661535367286,198.4247625681188,201.40661535367286,4000.0
1997-10-17,False,daily,459.6,460.1,453.5,453.5,2900.0,201.5381676824473,201.75742156373803,198.86327033070026,198.86327033070026,2900.0
1997-10-16,False,daily,464.3,464.8,460.6,460.9,2300.0,203.59915416658023,203.81840804787097,201.97667544502877,202.1082277738032,2300.0
1997-10-15,False,daily,463.3,463.8,461.8,463.8,2900.0,203.16064640399875,203.3799002852895,202.50288476012653,203.3799002852895,2900.0
1997-10-14,False,daily,463.5,466.3,463.5,464.1,5600.0,203.24834795651506,204.4761696917432,203.24834795651506,203.51145261406396,5600.0
1997-10-13,False,daily,458.3,462.9,457.9,462.6,6400.0,200.96810759109138,202.98524329896617,200.79270448605877,202.85369097019174,6400.0
1997-10-10,False,daily,457.3,457.5,457.0,457.5,1300.0,200.5295998285099,200.61730138102618,200.39804749973544,200.61730138102618,1300.0
1997-10-09,False,daily,459.0,460.0,457.8,457.8,5900.0,201.2750630248984,201.71357078747988,200.74885370980064,200.74885370980064,5900.0
1997-10-08,False,daily,458.3,460.0,457.0,460.0,17100.0,200.96810759109138,201.71357078747988,200.39804749973544,201.71357078747988,17100.0
1997-10-07,False,daily,456.9,458.4,456.9,458.4,6000.0,200.3541967234773,201.0119583673495,200.3541967234773,201.0119583673495,6000.0
1997-10-06,False,daily,456.8,457.8,456.4,456.9,9300.0,200.31034594721916,200.74885370980064,200.13494284218655,200.3541967234773,9300.0
1997-10-03,False,daily,460.8,461.5,456.8,456.8,4300.0,202.06437699754505,202.3713324313521,200.31034594721916,200.31034594721916,4300.0
1997-10-02,False,daily,450.6,460.0,450.0,459.9,13100.0,197.591597819214,201.71357078747988,197.3284931616651,201.66972001122173,13100.0
1997-10-01,False,daily,448.8,451.6,447.0,450.8,7800.0,196.80228384656732,198.03010558179548,196.01296987392067,197.67929937173028,7800.0
1997-09-30,False,daily,446.0,448.1,444.6,448.1,5500.0,195.0552378756454,195.9736593992751,194.44295685989223,195.9736593992751,5500.0
1997-09-29,False,daily,442.0,446.9,442.0,446.3,8200.0,193.30586354492212,195.44884710005812,193.30586354492212,195.18644095044962,8200.0
1997-09-26,False,daily,445.0,445.0,441.1,441.1,5100.0,194.61789429296456,194.61789429296456,192.9122543205094,192.9122543205094,5100.0
1997-09-25,False,daily,439.6,440.5,438.4,440.0,3900.0,192.25623894648814,192.64984817090087,191.73142664727115,192.43117637956047,3900.0
1997-09-24,False,daily,437.8,439.9,437.5,438.5,6000.0,191.46902049766268,192.38744202129237,191.33781742285842,191.77516100553925,6000.0
1997-09-23,False,daily,446.6,447.4,436.4,438.0,6200.0,195.31764402525388,195.66751889139852,190.8567394819095,191.55648921419882,6200.0
1997-09-22,False,daily,444.0,447.6,443.9,447.4,11700.0,194.18055071028374,195.7549876079347,194.13681635201564,195.66751889139852,11700.0
1997-09-19,False,daily,441.0,445.8,244.5,443.9,21800.0,192.8685199622413,194.96776915910922,106.9305059654603,194.13681635201564,21800.0
1997-09-18,False,daily,424.0,433.3,422.3,433.3,23600.0,185.43367905666736,189.500974375599,184.69019496610997,189.500974375599,23600.0
1997-09-17,False,daily,421.4,425.0,420.5,422.0,11600.0,184.2965857416972,185.87102263934818,183.9029765172845,184.5589918913057,11600.0
1997-09-16,False,daily,415.9,419.8,415.9,418.6,16400.0,181.89119603695272,183.59683600940792,181.89119603695272,183.07202371019093,16400.0
1997-09-15,False,daily,417.3,418.0,417.0,417.8,15300.0,182.50347705270588,182.80961756058244,182.3722739779016,182.72214884404627,15300.0
1997-09-12,False,daily,412.5,417.9,412.1,417.9,14400.0,180.40422785583795,182.76588320231434,180.22929042276562,182.76588320231434,14400.0
1997-09-11,False,daily,418.6,419.3,411.9,411.9,4300.0,183.07202371019093,183.37816421806752,180.14182170622945,180.14182170622945,4300.0
1997-09-10,False,daily,421.0,421.4,418.3,418.3,1900.0,184.1216483086249,184.2965857416972,182.9408206353867,182.9408206353867,1900.0
1997-09-09,False,daily,421.9,421.9,417.0,420.5,14400.0,184.51525753303764,184.51525753303764,182.3722739779016,183.9029765172845,14400.0
1997-09-08,False,daily,422.5,423.3,421.9,421.9,8700.0,184.77766368264614,185.1275385487908,184.51525753303764,184.51525753303764,8700.0
1997-09-05,False,daily,424.0,424.0,421.0,421.0,6500.0,185.43367905666736,185.43367905666736,184.1216483086249,184.1216483086249,6500.0
1997-09-04,False,daily,424.0,424.8,424.0,424.0,8800.0,185.43367905666736,185.78355392281202,185.43367905666736,185.43367905666736,8800.0
1997-09-03,False,daily,423.5,424.8,423.0,424.0,2400.0,185.21500726532696,185.78355392281202,184.99633547398653,185.43367905666736,2400.0
1997-09-02,False,daily,420.5,421.9,420.4,421.4,5100.0,183.9029765172845,184.51525753303764,183.8592421590164,184.2965857416972,5100.0
1997-08-29,False,daily,425.0,425.0,420.8,420.8,3600.0,185.87102263934818,185.87102263934818,184.03417959208875,184.03417959208875,3600.0
1997-08-28,False,daily,420.0,424.5,418.5,424.5,7600.0,183.6843047259441,185.65235084800776,183.02828935192287,185.65235084800776,7600.0
1997-08-27,False,daily,421.1,422.0,420.0,420.1,7300.0,184.16538266689298,184.5589918913057,183.6843047259441,183.72803908421218,7300.0
1997-08-26,False,daily,423.9,424.6,422.8,422.8,4400.0,185.38994469839926,185.69608520627585,184.90886675745037,184.90886675745037,4400.0
1997-08-25,False,daily,423.4,426.5,423.0,423.6,5600.0,185.17127290705886,186.5270380133694,184.99633547398653,185.25874162359503,5600.0
1997-08-22,False,daily,422.3,423.6,421.6,422.5,3200.0,184.69019496610997,185.25874162359503,184.3840544582334,184.77766368264614,3200.0
1997-08-21,False,daily,431.0,431.0,422.9,422.9,4400.0,188.4950841354331,188.4950841354331,184.95260111571844,184.95260111571844,4400.0
1997-08-20,False,daily,429.8,431.4,429.8,431.4,3100.0,187.9702718362161,188.6700215685054,187.9702718362161,188.6700215685054,3100.0
1997-08-19,False,daily,419.8,430.6,419.0,430.6,12400.0,183.59683600940792,188.32014670236077,183.24696114326326,188.32014670236077,12400.0
1997-08-18,False,daily,417.0,420.5,416.5,419.9,8100.0,182.3722739779016,183.9029765172845,182.15360218656122,183.640570367676,8100.0
1997-08-15,False,daily,420.9,420.9,416.0,416.0,11200.0,184.07791395035682,184.07791395035682,181.93493039522082,181.93493039522082,11200.0
1997-08-14,False,daily,423.1,423.9,419.9,419.9,3900.0,185.04006983225463,185.38994469839926,183.640570367676,183.640570367676,3900.0
1997-08-13,False,daily,426.0,426.9,422.3,422.5,12000.0,186.308366222029,186.70197544644174,184.69019496610997,184.77766368264614,12000.0
1997-08-12,False,daily,422.0,424.3,422.0,422.5,9000.0,184.5589918913057,185.56488213147162,184.5589918913057,184.77766368264614,9000.0
1997-08-11,False,daily,423.0,425.4,416.0,420.6,19200.0,184.99633547398653,186.04596007242048,181.93493039522082,183.94671087555258,19200.0
1997-08-08,False,daily,423.5,424.9,422.8,424.9,8900.0,185.21500726532696,185.8272882810801,184.90886675745037,185.8272882810801,8900.0
1997-08-07,False,daily,426.0,426.9,424.9,424.9,15900.0,186.308366222029,186.70197544644174,185.8272882810801,185.8272882810801,15900.0
1997-08-06,False,daily,419.0,425.0,419.0,424.5,7600.0,183.24696114326326,185.87102263934818,183.24696114326326,185.65235084800776,7600.0
1997-08-05,False,daily,418.4,418.4,416.6,417.1,3600.0,182.98455499365477,182.98455499365477,182.1973365448293,182.4160083361697,3600.0
1997-08-04,False,daily,412.0,418.5,410.0,418.5,16200.0,180.18555606449752,183.02828935192287,179.3108688991359,183.02828935192287,16200.0
1997-08-01,False,daily,413.0,413.0,410.0,410.5,17300.0,180.62289964717834,180.62289964717834,179.3108688991359,179.5295406904763,17300.0
1997-07-31,False,daily,423.0,423.0,413.8,414.5,16600.0,184.99633547398653,184.99633547398653,180.972774513323,181.27891502119957,16600.0
1997-07-30,False,daily,428.4,428.4,426.1,426.1,5900.0,187.35799082046296,187.35799082046296,186.35210058029708,186.35210058029708,5900.0
1997-07-29,False,daily,428.4,429.4,428.4,429.4,9100.0,187.35799082046296,187.79533440314378,187.35799082046296,187.79533440314378,9100.0
1997-07-28,False,daily,428.4,428.5,428.4,428.4,4600.0,187.35799082046296,187.40172517873106,187.35799082046296,187.35799082046296,4600.0
1997-07-25,False,daily,429.3,430.0,429.1,429.3,3500.0,187.75160004487572,188.05774055275228,187.66413132833955,187.75160004487572,3500.0
1997-07-24,False,daily,431.3,431.9,429.0,429.0,7100.0,188.62628721023734,188.88869335984583,187.62039697007145,187.62039697007145,7100.0
1997-07-23,False,daily,438.0,438.0,435.8,435.8,7700.0,191.55648921419882,191.55648921419882,190.59433333230103,190.59433333230103,7700.0
1997-07-22,False,daily,439.0,439.9,433.0,433.8,6900.0,191.4666186107097,191.85914698599362,188.8497627754836,189.1986768868471,6900.0
1997-07-21,False,daily,439.3,439.3,437.1,437.1,8000.0,191.59746140247103,191.59746140247103,190.63794759622147,190.63794759622147,8000.0
1997-07-18,False,daily,439.0,442.5,436.5,441.0,6100.0,191.4666186107097,192.99311784792494,190.37626201269885,192.33890388911843,6100.0
1997-07-17,False,daily,444.5,444.5,444.0,444.0,8900.0,193.86540312633363,193.86540312633363,193.64733180673147,193.64733180673147,8900.0
1997-07-16,False,daily,437.5,439.8,437.5,439.8,5900.0,190.8124046519032,191.8155327220732,190.8124046519032,191.8155327220732,5900.0
1997-07-15,False,daily,427.4,427.4,426.5,427.4,7800.0,186.40736399593925,186.40736399593925,186.01483562065533,186.40736399593925,7800.0
1997-07-14,False,daily,425.0,427.0,423.5,426.5,5200.0,185.36062166184882,186.23290694025752,184.7064077030423,186.01483562065533,5200.0
1997-07-11,False,daily,422.8,423.5,415.3,422.0,3900.0,184.40110785559924,184.7064077030423,181.1300380615666,184.05219374423575,3900.0
1997-07-10,False,daily,422.8,422.8,414.5,414.5,7400.0,184.40110785559924,184.40110785559924,180.78112395020312,180.78112395020312,7400.0
1997-07-09,False,daily,422.8,422.8,418.6,418.6,5800.0,184.40110785559924,184.40110785559924,182.56930877094098,182.56930877094098,5800.0
1997-07-08,False,daily,421.4,423.9,420.6,421.4,6400.0,183.79050816071313,184.88086475872402,183.44159404934967,183.79050816071313,6400.0
1997-07-07,False,daily,420.3,420.8,417.4,419.3,8100.0,183.31075125758838,183.52882257719054,182.04593760389574,182.87460861838403,8100.0
1997-07-03,False,daily,416.5,419.3,414.0,419.3,3500.0,181.65340922861185,182.87460861838403,180.56305263060096,182.87460861838403,3500.0
1997-07-02,False,daily,404.4,412.4,403.8,412.4,6800.0,176.37608329423918,179.865224407874,176.1143977107166,179.865224407874,6800.0
1997-07-01,False,daily,401.5,404.3,400.0,402.5,14200.0,175.1112696405466,176.33246903031878,174.45705568174006,175.54741227975094,14200.0
1997-06-30,False,daily,408.0,409.4,398.0,402.0,14200.0,177.94619679537487,178.55679649026095,173.58477040333136,175.32934096014876,14200.0
1997-06-27,False,daily,406.0,410.0,406.0,408.8,6000.0,177.07391151696615,178.81848207378357,177.07391151696615,178.29511090673836,6000.0
1997-06-26,False,daily,408.9,412.9,408.1,408.1,9300.0,178.33872517065876,180.08329572747616,177.9898110592953,177.9898110592953,9300.0
1997-06-25,False,daily,401.6,410.5,399.5,410.0,15700.0,175.15488390446703,179.03655339338573,174.23898436213787,178.81848207378357,15700.0
1997-06-24,False,daily,399.5,401.0,398.0,399.8,7100.0,174.23898436213787,174.8931983209444,173.58477040333136,174.3698271538992,7100.0
1997-06-23,False,daily,407.3,407.3,400.8,400.9,5200.0,177.64089694793182,177.64089694793182,174.80596979310354,174.84958405702397,5200.0
1997-06-20,False,daily,405.0,408.4,405.0,406.5,9100.0,176.6377688777618,178.1206538510566,176.6377688777618,177.29198283656834,9100.0
1997-06-19,False,daily,403.3,405.6,402.5,405.0,5100.0,175.89632639111443,176.89945446128442,175.54741227975094,176.6377688777618,5100.0
1997-06-18,False,daily,402.8,403.5,401.3,401.6,1400.0,175.67825507151224,175.9835549189553,175.02404111270573,175.15488390446703,1400.0
1997-06-17,False,daily,402.5,403.0,401.8,402.1,7400.0,175.54741227975094,175.7654835993531,175.2421124323079,175.37295522406922,7400.0
1997-06-16,False,daily,401.8,402.6,400.3,402.5,5300.0,175.2421124323079,175.59102654367138,174.58789847350135,175.54741227975094,5300.0
1997-06-13,False,daily,402.0,403.5,401.5,402.8,6700.0,175.32934096014876,175.9835549189553,175.1112696405466,175.67825507151224,6700.0
1997-06-12,False,daily,398.0,402.5,398.0,401.8,5300.0,173.58477040333136,175.54741227975094,173.58477040333136,175.2421124323079,5300.0
1997-06-11,False,daily,398.3,399.5,397.3,398.8,2500.0,173.71561319509266,174.23898436213787,173.2794705558883,173.93368451469485,2500.0
1997-06-10,False,daily,395.0,399.8,395.0,399.8,12600.0,172.27634248571832,174.3698271538992,172.27634248571832,174.3698271538992,12600.0
1997-06-09,False,daily,394.3,395.0,393.0,394.8,3500.0,171.97104263827526,172.27634248571832,171.40405720730962,172.18911395787745,3500.0
1997-06-06,False,daily,390.0,394.8,389.6,394.8,3800.0,170.09562928969655,172.18911395787745,169.92117223401482,172.18911395787745,3800.0
1997-06-05,False,daily,393.5,393.5,389.5,389.5,5000.0,171.62212852691178,171.62212852691178,169.8775579700944,169.8775579700944,5000.0
1997-06-04,False,daily,387.4,394.5,387.4,394.3,16600.0,168.96165842776523,172.05827116611613,168.96165842776523,171.97104263827526,16600.0
1997-06-03,False,daily,386.0,387.8,386.0,386.8,7800.0,168.35105873287915,169.13611548344699,168.35105873287915,168.69997284424264,7800.0
1997-06-02,False,daily,385.8,386.0,385.0,385.1,2600.0,168.2638302050383,168.35105873287915,167.9149160936748,167.95853035759527,2600.0
1997-05-30,False,daily,387.8,387.8,385.3,385.6,7000.0,169.13611548344699,169.13611548344699,168.04575888543613,168.17660167719743,7000.0
1997-05-29,False,daily,386.0,387.6,386.0,387.5,1800.0,168.35105873287915,169.04888695560612,168.35105873287915,169.0052726916857,1800.0
1997-05-28,False,daily,385.3,387.0,385.0,385.3,6300.0,168.04575888543613,168.7872013720835,167.9149160936748,168.04575888543613,6300.0
1997-05-27,False,daily,384.0,387.8,383.8,387.4,12000.0,167.47877345447046,169.13611548344699,167.3915449266296,168.96165842776523,12000.0
1997-05-23,False,daily,383.5,386.3,383.5,386.3,6400.0,167.26070213486827,168.48190152464048,167.26070213486827,168.48190152464048,6400.0
1997-05-22,False,daily,383.3,383.5,383.3,383.5,2300.0,167.1734736070274,167.26070213486827,167.1734736070274,167.26070213486827,2300.0
1997-05-21,False,daily,379.5,383.3,379.5,383.3,10300.0,165.51613157805087,167.1734736070274,165.51613157805087,167.1734736070274,10300.0
1997-05-20,False,daily,378.0,379.6,377.0,379.4,9600.0,164.86191761924437,165.55974584197133,164.42577498004002,165.47251731413044,9600.0
1997-05-19,False,daily,373.4,377.8,373.4,377.8,11300.0,162.85566147890432,164.7746890914035,162.85566147890432,164.7746890914035,11300.0
1997-05-16,False,daily,373.3,374.9,373.1,374.9,11500.0,162.81204721498392,163.50987543771086,162.72481868714306,163.50987543771086,11500.0
1997-05-15,False,daily,375.6,375.6,371.8,372.6,3600.0,163.8151752851539,163.8151752851539,162.15783325617738,162.50674736754087,3600.0
1997-05-14,False,daily,375.0,375.8,374.0,375.0,4400.0,163.5534897016313,163.90240381299478,163.11734706242694,163.5534897016313,4400.0
1997-05-13,False,daily,375.5,375.9,373.9,375.9,4000.0,163.77156102123348,163.9460180769152,163.0737327985065,163.9460180769152,4000.0
1997-05-12,False,daily,374.5,377.0,374.3,377.0,7400.0,163.33541838202913,164.42577498004002,163.24818985418827,164.42577498004002,7400.0
1997-05-09,False,daily,370.0,375.5,369.5,374.9,22100.0,161.37277650560955,163.77156102123348,161.1547051860074,163.50987543771086,22100.0
1997-05-08,False,daily,365.0,373.0,365.0,370.0,19400.0,159.1920633095878,162.6812044232226,159.1920633095878,161.37277650560955,19400.0
1997-05-07,False,daily,369.5,370.0,367.8,368.8,4500.0,161.1547051860074,161.37277650560955,160.41326269936,160.84940533856434,4500.0
1997-05-06,False,daily,365.0,370.5,364.5,370.5,22500.0,159.1920633095878,161.59084782521174,158.97399198998562,161.59084782521174,22500.0
1997-05-05,False,daily,363.4,364.0,363.1,364.0,11500.0,158.49423508686084,158.75592067038346,158.36339229509954,158.75592067038346,11500.0
1997-05-02,False,daily,363.0,363.9,361.5,363.3,9700.0,158.3197780311791,158.712306406463,157.66556407237258,158.4506208229404,9700.0
1997-05-01,False,daily,359.8,364.0,359.8,362.0,13800.0,156.92412158572517,158.75592067038346,156.92412158572517,157.88363539197476,13800.0
1997-04-30,False,daily,360.3,360.3,358.4,359.3,5300.0,157.14219290532736,157.14219290532736,156.31352189083907,156.70605026612301,5300.0
1997-04-29,False,daily,360.5,362.0,359.8,362.0,31700.0,157.22942143316823,157.88363539197476,156.92412158572517,157.88363539197476,31700.0
1997-04-28,False,daily,354.5,358.4,354.0,358.4,10300.0,154.61256559794214,156.31352189083907,154.39449427833995,156.31352189083907,10300.0
1997-04-25,False,daily,354.3,354.9,353.0,353.0,1600.0,154.52533707010127,154.78702265362386,153.9583516391356,153.9583516391356,1600.0
1997-04-24,False,daily,352.4,354.3,351.8,354.3,8300.0,153.69666605561298,154.52533707010127,153.4349804720904,154.52533707010127,8300.0
1997-04-23,False,daily,357.0,357.0,351.1,351.8,4900.0,155.702922195953,155.702922195953,153.12968062464734,153.4349804720904,4900.0
1997-04-22,False,daily,343.0,357.3,342.3,357.3,68200.0,149.5969252470921,155.83376498771432,149.29162539964906,155.83376498771432,68200.0
1997-04-21,False,daily,345.8,345.8,341.4,341.4,2300.0,150.8181246368643,150.8181246368643,148.89909702436512,148.89909702436512,2300.0
1997-04-18,False,daily,348.0,348.5,346.6,346.6,2400.0,151.77763844311386,151.99570976271602,151.16703874822778,151.16703874822778,2400.0
1997-04-17,False,daily,344.5,349.6,343.8,348.8,4800.0,150.25113920589862,152.47546666584083,149.94583935845557,152.12655255447734,4800.0
1997-04-16,False,daily,337.8,342.8,337.5,342.8,15700.0,147.32898352322948,149.50969671925122,147.1981407314682,149.50969671925122,15700.0
1997-04-15,False,daily,337.3,338.5,334.9,337.5,11400.0,147.11091220362732,147.63428337067253,146.06416986953684,147.1981407314682,11400.0
1997-04-14,False,daily,338.0,339.5,336.9,337.1,6100.0,147.41621205107035,148.07042600987688,146.93645514794557,147.02368367578646,6100.0
1997-04-11,False,daily,344.0,344.0,338.3,338.5,7600.0,150.03306788629646,150.03306788629646,147.54705484283167,147.63428337067253,7600.0
1997-04-10,False,daily,342.0,343.0,342.0,342.4,2100.0,149.16078260788774,149.5969252470921,149.16078260788774,149.33523966356947,2100.0
1997-04-09,False,daily,342.9,343.4,341.5,341.5,14100.0,149.55331098317166,149.77138230277384,148.94271128828558,148.94271128828558,14100.0
1997-04-08,False,daily,342.0,343.0,341.3,343.0,6700.0,149.16078260788774,149.5969252470921,148.85548276044472,149.5969252470921,6700.0
1997-04-07,False,daily,342.3,345.0,340.3,342.1,5400.0,149.29162539964906,150.4692105255008,148.41934012124037,149.2043968718082,5400.0
1997-04-04,False,daily,340.3,340.6,337.0,339.5,5000.0,148.41934012124037,148.55018291300166,146.980069411866,148.07042600987688,5000.0
1997-04-03,False,daily,341.8,341.8,339.0,339.0,7500.0,149.07355408004688,149.07355408004688,147.8523546902747,147.8523546902747,7500.0
1997-04-02,False,daily,343.0,344.0,341.5,342.0,4100.0,149.5969252470921,150.03306788629646,148.94271128828558,149.16078260788774,4100.0
1997-04-01,False,daily,344.1,347.0,344.0,345.9,4600.0,149.55193850633503,150.81232973466507,149.5084767398409,150.33425030322954,4600.0
1997-03-31,False,daily,350.1,350.1,344.0,344.0,3400.0,152.15964449598343,152.15964449598343,149.5084767398409,149.5084767398409,3400.0
1997-03-27,False,daily,355.1,355.5,350.5,350.5,1700.0,154.3327328206904,154.50657988666697,152.33349156195996,152.33349156195996,1700.0
1997-03-26,False,daily,355.3,356.8,355.1,355.1,3700.0,154.41965635367868,155.0715828510908,154.3327328206904,154.3327328206904,3700.0
1997-03-25,False,daily,358.3,359.6,354.3,354.3,2800.0,155.7235093485029,156.2885123129267,153.9850386887373,153.9850386887373,2800.0
1997-03-24,False,daily,357.0,357.3,355.5,357.3,3500.0,155.15850638407906,155.28889168356147,154.50657988666697,155.28889168356147,3500.0
1997-03-21,False,daily,350.8,356.3,350.0,356.3,4900.0,152.4638768614424,154.8542740186201,152.11618272948928,154.8542740186201,4900.0
1997-03-20,False,daily,347.0,348.4,345.8,348.4,9200.0,150.81232973466507,151.42079446558301,150.2907885367354,151.42079446558301,9200.0
1997-03-19,False,daily,347.9,349.4,347.5,347.5,19000.0,151.20348563311234,151.85541213052443,151.02963856713578,151.02963856713578,19000.0
1997-03-18,False,daily,346.5,349.3,344.5,348.6,4900.0,150.5950209021944,151.8119503640303,149.7257855723116,151.50771799857134,4900.0
1997-03-17,False,daily,350.3,350.8,345.8,347.0,3800.0,152.2465680289717,152.4638768614424,150.2907885367354,150.81232973466507,3800.0
1997-03-14,False,daily,350.0,352.8,349.5,351.3,3400.0,152.11618272948928,153.3331121913252,151.89887389701858,152.6811856939131,3400.0
1997-03-13,False,daily,351.6,351.6,350.3,350.8,1700.0,152.81157099339552,152.81157099339552,152.2465680289717,152.4638768614424,1700.0
1997-03-12,False,daily,356.5,356.8,351.1,351.8,6400.0,154.94119755160835,155.0715828510908,152.5942621609248,152.8984945263838,6400.0
1997-03-11,False,daily,357.5,360.9,357.5,358.0,7600.0,155.37581521654977,156.8535152773505,155.37581521654977,155.59312404902045,7600.0
1997-03-10,False,daily,355.9,357.0,354.1,357.0,3100.0,154.6804269526435,155.15850638407906,153.89811515574903,155.15850638407906,3100.0
1997-03-07,False,daily,350.8,353.8,350.8,353.5,1800.0,152.4638768614424,153.76772985626658,152.4638768614424,153.63734455678417,1800.0
1997-03-06,False,daily,347.5,350.5,347.0,350.1,3100.0,151.02963856713578,152.33349156195996,150.81232973466507,152.15964449598343,3100.0
1997-03-05,False,daily,347.0,347.0,345.8,346.9,2500.0,150.81232973466507,150.81232973466507,150.2907885367354,150.76886796817092,2500.0
1997-03-04,False,daily,347.5,348.3,346.3,346.3,4300.0,151.02963856713578,151.3773326990889,150.5080973692061,150.5080973692061,4300.0
1997-03-03,False,daily,346.0,346.5,345.5,346.1,14100.0,150.37771206972369,150.5950209021944,150.16040323725298,150.42117383621783,14100.0
1997-02-28,False,daily,350.8,351.9,346.5,346.5,2200.0,152.4638768614424,152.9419562928779,150.5950209021944,150.5950209021944,2200.0
1997-02-27,False,daily,346.8,352.1,346.8,351.9,3300.0,150.7254062016768,153.02887982586623,150.7254062016768,152.9419562928779,3300.0
1997-02-26,False,daily,348.3,349.0,345.8,346.8,5200.0,151.3773326990889,151.68156506454787,150.2907885367354,150.7254062016768,5200.0
1997-02-25,False,daily,349.1,349.6,346.5,347.3,1900.0,151.72502683104202,151.94233566351272,150.5950209021944,150.9427150341475,1900.0
1997-02-24,False,daily,344.6,348.6,344.6,348.0,3100.0,149.76924733880574,151.50771799857134,149.76924733880574,151.24694739960648,3100.0
1997-02-21,False,daily,354.8,354.8,343.8,344.4,10800.0,154.202347521208,154.202347521208,149.42155320685262,149.68232380581745,10800.0
1997-02-20,False,daily,356.8,357.4,354.6,355.3,7800.0,155.0715828510908,155.3323534500556,154.1154239882197,154.41965635367868,7800.0
1997-02-19,False,daily,356.0,360.0,354.0,357.5,11600.0,154.72388871913765,156.46235937890324,153.85465338925485,155.37581521654977,11600.0
1997-02-18,False,daily,352.0,353.0,351.5,353.0,22000.0,152.98541805937208,153.42003572431346,152.76810922690137,153.42003572431346,22000.0
1997-02-14,False,daily,347.0,352.5,347.0,351.0,16500.0,150.81232973466507,153.20272689184276,150.81232973466507,152.55080039443067,16500.0
1997-02-13,False,daily,346.3,347.0,346.0,347.0,22800.0,150.5080973692061,150.81232973466507,150.37771206972369,150.81232973466507,22800.0
1997-02-12,False,daily,336.0,346.5,335.5,346.0,38700.0,146.0315354203097,150.5950209021944,145.814226587839,150.37771206972369,38700.0
1997-02-11,False,daily,335.8,337.0,335.0,335.4,6700.0,145.94461188732143,146.4661530852511,145.5969177553683,145.77076482134484,6700.0
1997-02-10,False,daily,336.8,336.8,335.6,336.5,4300.0,146.3792295522628,146.3792295522628,145.85768835433316,146.2488442527804,4300.0
1997-02-07,False,daily,335.5,336.5,335.0,336.5,13400.0,145.814226587839,146.2488442527804,145.5969177553683,146.2488442527804,13400.0
1997-02-06,False,daily,333.0,335.3,331.8,334.3,6400.0,144.7276824254855,145.72730305485072,144.20614122755583,145.29268538990934,6400.0
1997-02-05,False,daily,337.3,337.3,333.0,333.0,14500.0,146.59653838473352,146.59653838473352,144.7276824254855,144.7276824254855,14500.0
1997-02-04,False,daily,335.0,335.8,333.0,335.5,9200.0,145.5969177553683,145.94461188732143,144.7276824254855,145.814226587839,9200.0
1997-02-03,False,daily,333.9,337.6,332.4,337.6,4800.0,145.11883832393275,146.72692368421596,144.46691182652066,146.72692368421596,4800.0
1997-01-31,False,daily,328.8,334.0,328.4,334.0,8500.0,142.90228823273165,145.1623000904269,142.72844116675506,145.1623000904269,8500.0
1997-01-30,False,daily,328.1,329.6,327.5,327.5,7300.0,142.59805586727268,143.24998236468477,142.33728526830782,142.33728526830782,7300.0
1997-01-29,False,daily,327.5,328.9,326.0,327.4,5100.0,142.33728526830782,142.94574999922577,141.68535877089573,142.29382350181368,5100.0
1997-01-28,False,daily,327.0,329.5,326.4,327.0,5500.0,142.11997643583712,143.20652059819062,141.85920583687226,142.11997643583712,5500.0
1997-01-27,False,daily,327.3,327.5,326.0,327.3,6400.0,142.25036173531953,142.33728526830782,141.68535877089573,142.25036173531953,6400.0
1997-01-24,False,daily,327.5,328.0,325.1,326.3,7400.0,142.33728526830782,142.55459410077853,141.29420287244847,141.81574407037814,7400.0
1997-01-23,False,daily,333.3,333.3,330.0,330.0,7900.0,144.85806772496792,144.85806772496792,143.4238294306613,143.4238294306613,7900.0
1997-01-22,False,daily,334.0,334.0,333.0,333.3,6900.0,145.1623000904269,145.1623000904269,144.7276824254855,144.85806772496792,6900.0
1997-01-21,False,daily,335.3,336.0,334.3,336.0,27600.0,145.20451452371225,145.50765547261352,144.77145602528185,145.50765547261352,27600.0
1997-01-20,False,daily,334.0,335.4,334.0,335.4,67700.0,144.64153847575272,145.24782037355527,144.64153847575272,145.24782037355527,67700.0
1997-01-17,False,daily,334.8,335.0,334.8,334.8,6100.0,144.98798527449705,145.07459697418312,144.98798527449705,144.98798527449705,6100.0
1997-01-16,False,daily,336.6,337.4,334.8,334.9,15500.0,145.76749057167177,146.11393737041607,144.98798527449705,145.03129112434007,15500.0
1997-01-15,False,daily,338.0,338.0,334.5,334.5,2500.0,146.37377246947432,146.37377246947432,144.85806772496792,144.85806772496792,2500.0
1997-01-14,False,daily,335.4,338.3,335.0,338.3,12700.0,145.24782037355527,146.50369001900344,145.07459697418312,146.50369001900344,12700.0
1997-01-13,False,daily,336.0,337.3,335.0,335.4,7200.0,145.50765547261352,146.07063152057304,145.07459697418312,145.24782037355527,7200.0
1997-01-10,False,daily,335.8,335.8,334.5,335.1,8400.0,145.42104377292745,145.42104377292745,144.85806772496792,145.11790282402617,8400.0
1997-01-09,False,daily,334.8,336.5,333.9,336.5,5300.0,144.98798527449705,145.72418472182872,144.59823262590967,145.72418472182872,5300.0
1997-01-08,False,daily,332.5,335.0,332.5,333.5,8700.0,143.99195072810713,145.07459697418312,143.99195072810713,144.42500922653753,8700.0
1997-01-07,False,daily,332.0,332.8,329.8,331.0,10800.0,143.77542147889193,144.12186827763625,142.82269278234506,143.34236298046153,10800.0
1997-01-06,False,daily,331.0,333.9,330.5,333.3,4200.0,143.34236298046153,144.59823262590967,143.12583373124633,144.33839752685145,4200.0
1997-01-03,False,daily,331.8,331.8,327.1,330.8,8100.0,143.68880977920585,143.68880977920585,141.653434836583,143.25575128077546,8100.0
1997-01-02,False,daily,335.0,335.6,331.3,331.3,10600.0,145.07459697418312,145.33443207324137,143.47228052999066,143.47228052999066,10600.0
1998-12-31,False,daily,562.9,578.0,562.0,577.9,23900.0,249.2070326047429,255.89210311874473,248.80858469331233,255.84783112858577,23900.0
1998-12-30,False,daily,560.1,569.5,560.0,562.9,14200.0,247.96741688029226,252.12898395523376,247.9231448901333,249.2070326047429,14200.0
1998-12-29,False,daily,551.0,559.3,550.0,559.3,9400.0,243.9386657758276,247.6132409590206,243.49594587423806,247.6132409590206,9400.0
1998-12-28,False,daily,554.1,554.1,549.0,551.6,6700.0,245.3110974707551,245.3110974707551,243.05322597264853,244.2042977167813,6700.0
1998-12-24,False,daily,552.6,554.2,552.6,554.2,1000.0,244.64701761837082,245.35536946091406,244.64701761837082,245.35536946091406,1000.0
1998-12-23,False,daily,543.5,553.3,543.5,552.1,5600.0,240.61826651390615,244.95692154948347,240.61826651390615,244.42565766757608,5600.0
1998-12-22,False,daily,544.3,544.6,541.0,541.0,5600.0,240.97244243517775,241.10525840565464,239.51146675993235,239.51146675993235,5600.0
1998-12-21,False,daily,544.9,546.9,541.0,545.4,11800.0,241.23807437613146,242.12351417931052,239.51146675993235,241.45943432692624,11800.0
1998-12-18,False,daily,546.5,546.5,543.0,543.0,9900.0,241.94642621867473,241.94642621867473,240.3969065631114,240.3969065631114,9900.0
1998-12-17,False,daily,538.1,548.2,538.1,547.3,14400.0,238.22757904532273,242.69905005137693,238.22757904532273,242.3006021399463,14400.0
1998-12-16,False,daily,533.1,538.5,531.6,537.1,14100.0,236.01397953737512,238.40466700595854,235.34989968499082,237.7848591437332,14100.0
1998-12-15,False,daily,522.2,532.3,522.2,532.2,12100.0,231.18833261004932,235.65980361610346,231.18833261004932,235.61553162594456,12100.0
1998-12-14,False,daily,519.4,520.3,515.5,520.3,11500.0,229.94871688559863,230.34716479702917,228.22210926939948,230.34716479702917,11500.0
1998-12-11,False,daily,518.0,519.5,515.0,519.5,39700.0,229.32890902337328,229.9929888757576,228.00074931860473,229.9929888757576,39700.0
1998-12-10,False,daily,527.0,527.0,519.6,521.2,7900.0,233.313388137679,233.313388137679,230.03726086591655,230.7456127084598,7900.0
1998-12-09,False,daily,532.1,532.1,529.9,530.8,2800.0,235.5712596357856,235.5712596357856,234.59727585228862,234.99572376371918,2800.0
1998-12-08,False,daily,534.5,538.8,529.0,531.9,5200.0,236.63378739960044,238.53748297643537,234.19882794085805,235.48271565546767,5200.0
1998-12-07,False,daily,523.9,534.0,522.6,534.0,6300.0,231.94095644275149,236.4124274488057,231.3654205706851,236.4124274488057,6300.0
1998-12-04,False,daily,522.0,526.3,521.4,524.9,8300.0,231.0997886297314,233.00348420656633,230.83415668877765,232.383676344341,8300.0
1998-12-03,False,daily,520.6,524.5,519.0,520.0,5100.0,230.47998076750608,232.2065883837052,229.7716289249628,230.21434882655234,5100.0
1998-12-02,False,daily,519.9,520.6,510.9,520.6,9900.0,230.17007683639338,230.47998076750608,226.18559772208766,230.47998076750608,9900.0
1998-12-01,False,daily,531.3,531.3,520.0,520.0,7700.0,235.21708371451393,235.21708371451393,230.21434882655234,230.21434882655234,7700.0
1998-11-30,False,daily,535.5,536.0,532.0,532.2,8100.0,237.07650730118996,237.2978672519847,235.52698764562663,235.61553162594456,8100.0
1998-11-27,False,daily,535.1,536.1,534.6,536.1,1200.0,236.89941934055415,237.34213924214367,236.6780593897594,237.34213924214367,1200.0
1998-11-25,False,daily,529.12,536.12,529.0,536.12,21600.0,234.2519543290488,237.35099364017546,234.19882794085805,237.35099364017546,21600.0
1998-11-24,False,daily,531.8,539.5,528.0,528.0,9800.0,235.4384436653087,238.84738690754804,233.75610803926853,233.75610803926853,9800.0
1998-11-23,False,daily,532.0,535.9,530.7,532.8,12000.0,235.52698764562663,237.25359526182575,234.95145177356028,235.88116356689824,12000.0
1998-11-20,False,daily,529.0,530.5,528.0,529.6,7600.0,234.19882794085805,234.86290779324233,233.75610803926853,234.4644598818118,7600.0
1998-11-19,False,daily,523.3,529.9,522.4,529.9,8000.0,231.67532450179775,234.59727585228862,231.27687659036718,234.59727585228862,8000.0
1998-11-18,False,daily,515.5,527.9,515.5,523.3,11800.0,228.22210926939948,233.71183604910956,228.22210926939948,231.67532450179775,11800.0
1998-11-17,False,daily,508.0,514.5,506.4,514.5,6500.0,224.90171000747804,227.77938936780996,224.1933581649348,227.77938936780996,6500.0
1998-11-16,False,daily,512.2,515.0,506.3,509.0,8400.0,226.76113359415407,228.00074931860473,224.14908617477587,225.34442990906757,8400.0
1998-11-13,False,daily,505.0,511.5,505.0,510.3,10600.0,223.5735503027095,226.4512296630414,223.5735503027095,225.91996578113395,10600.0
1998-11-12,False,daily,513.5,513.5,509.3,512.0,7100.0,227.33666946622043,227.33666946622043,225.47724587954445,226.67258961383615,7100.0
1998-11-11,False,daily,506.8,515.3,503.9,515.3,8200.0,224.37044612557062,228.13356528908156,223.086558410961,228.13356528908156,8200.0
1998-11-10,False,daily,514.0,514.0,506.0,506.8,12200.0,227.5580294170152,227.5580294170152,224.01627020429902,224.37044612557062,12200.0
1998-11-09,False,daily,524.0,524.0,514.0,515.9,9600.0,231.98522843291045,231.98522843291045,227.5580294170152,228.3991972300353,9600.0
1998-11-06,False,daily,521.9,526.5,521.6,525.0,8400.0,231.05551663957243,233.09202818688425,230.92270066909558,232.42794833449997,8400.0
1998-11-05,False,daily,520.9,522.0,519.0,520.9,9100.0,230.6127967379829,231.0997886297314,229.7716289249628,230.6127967379829,9100.0
1998-11-04,False,daily,523.5,524.3,521.0,522.0,14800.0,231.76386848211567,232.11804440338727,230.65706872814187,231.0997886297314,14800.0
1998-11-03,False,daily,530.0,531.0,521.0,521.0,7800.0,234.64154784244758,235.0842677440371,230.65706872814187,230.65706872814187,7800.0
1998-11-02,False,daily,532.0,536.0,529.0,530.2,15700.0,235.52698764562663,237.2978672519847,234.19882794085805,234.7300918227655,15700.0
1998-10-30,False,daily,516.9,531.4,516.9,531.0,10300.0,228.8419171316248,235.2613557046729,228.8419171316248,235.0842677440371,10300.0
1998-10-29,False,daily,513.3,516.0,510.1,515.9,2100.0,227.2481254859025,228.44346922019426,225.83142180081606,228.3991972300353,2100.0
1998-10-28,False,daily,515.5,519.4,513.2,513.2,3300.0,228.22210926939948,229.94871688559863,227.2038534957436,227.2038534957436,3300.0
1998-10-27,False,daily,516.3,520.0,510.4,516.5,9700.0,228.5762851906711,230.21434882655234,225.96423777129291,228.664829170989,9700.0
1998-10-26,False,daily,507.0,515.4,507.0,514.3,9100.0,224.45899010588855,228.17783727924052,224.45899010588855,227.69084538749203,9100.0
1998-10-23,False,daily,508.3,509.5,505.3,505.7,8900.0,225.03452597795493,225.56578985986235,223.70636627318635,223.88345423382214,8900.0
1998-10-22,False,daily,508.1,509.3,507.8,509.2,10500.0,224.945981997637,225.47724587954445,224.81316602716015,225.4329738893855,10500.0
1998-10-21,False,daily,509.0,511.8,509.0,509.0,10300.0,225.34442990906757,226.58404563351826,225.34442990906757,225.34442990906757,10300.0
1998-10-20,False,daily,507.2,516.6,505.5,506.1,8200.0,224.54753408620644,228.70910116114797,223.79491025350424,224.06054219445798,8200.0
1998-10-19,False,daily,500.0,507.1,500.0,505.2,10100.0,221.35995079476186,224.5032620960475,221.35995079476186,223.6620942830274,10100.0
1998-10-16,False,daily,491.0,503.0,491.0,497.8,8500.0,217.37547168045614,222.68811049953044,217.37547168045614,220.3859670112649,8500.0
1998-10-15,False,daily,483.0,492.0,483.0,490.0,8800.0,213.83371246773996,217.81819158204567,213.83371246773996,216.93275177886662,8800.0
1998-10-14,False,daily,487.9,489.0,483.0,484.9,6700.0,216.00303998552863,216.49003187727712,213.83371246773996,214.67488028076005,6700.0
1998-10-13,False,daily,491.94,491.94,486.75,488.88,4900.0,217.7916283879503,217.7916283879503,215.4939120987007,216.43690548908637,4900.0
1998-10-12,False,daily,492.1,499.8,490.4,491.6,9400.0,217.86246357220463,221.27140681444396,217.10983973950243,217.64110362140988,9400.0
1998-10-09,False,daily,496.0,496.0,490.1,491.2,7800.0,219.58907118840378,219.58907118840378,216.97702376902558,217.46401566077407,7800.0
1998-10-08,False,daily,495.0,496.8,481.3,496.8,14900.0,219.14635128681425,219.94324710967538,213.0810886350378,219.94324710967538,14900.0
1998-10-07,False,daily,488.0,498.3,485.5,498.3,12300.0,216.0473119756876,220.6073269620597,214.94051222171376,220.6073269620597,12300.0
1998-10-06,False,daily,501.0,501.6,486.0,486.4,9200.0,221.80267069635138,222.06830263730512,215.16187217250854,215.33896013314433,9200.0
1998-10-05,False,daily,504.3,504.9,487.0,498.0,8300.0,223.26364637159682,223.52927831255053,215.60459207409806,220.47451099158283,8300.0
1998-10-02,False,daily,496.6,506.8,496.4,504.3,8300.0,219.8547031293575,224.37044612557062,219.76615914903957,223.26364637159682,8300.0
1998-10-01,False,daily,510.0,511.0,494.3,495.9,10900.0,225.7871498106571,226.22986971224663,218.83644735570158,219.54479919824482,10900.0
1998-09-30,False,daily,500.9,511.0,495.4,511.0,16100.0,221.75839870619242,226.22986971224663,219.32343924745004,226.22986971224663,16100.0
1998-09-29,False,daily,503.4,506.6,502.1,502.1,14700.0,222.32135951809653,223.73460614197003,221.74722807714795,221.74722807714795,14700.0
1998-09-28,False,daily,505.3,511.3,501.9,503.4,5500.0,223.16047470102143,225.8103121207842,221.65890016315583,222.32135951809653,5500.0
1998-09-25,False,daily,503.0,506.0,501.6,503.6,6200.0,222.14470369011235,223.46962239999374,221.52640829216773,222.40968743208865,6200.0
1998-09-24,False,daily,515.4,515.4,500.0,503.2,13600.0,227.62103435762208,227.62103435762208,220.81978498023096,222.23303160410444,13600.0
1998-09-23,False,daily,508.0,516.5,508.0,516.4,7000.0,224.35290153991465,228.1068378845786,224.35290153991465,228.06267392758252,7000.0
1998-09-22,False,daily,502.5,508.2,502.5,507.5,7600.0,221.92388390513213,224.44122945390674,221.92388390513213,224.13208175493443,7600.0
1998-09-21,False,daily,498.0,501.7,492.5,500.9,11800.0,219.93650584031005,221.57057224916375,217.5074882055275,221.21726059319536,11800.0
1998-09-18,False,daily,499.8,500.3,495.0,498.4,18200.0,220.73145706623887,220.95227685121912,218.61158713042866,220.11316166829423,18200.0
1998-09-17,False,daily,501.5,502.5,498.0,501.8,11600.0,221.48224433517166,221.92388390513213,219.93650584031005,221.61473620615982,11600.0
1998-09-16,False,daily,507.0,507.9,502.1,503.4,6000.0,223.9112619699542,224.3087375829186,221.74722807714795,222.32135951809653,6000.0
1998-09-15,False,daily,509.0,509.0,503.6,506.4,21800.0,224.79454110987513,224.79454110987513,222.40968743208865,223.64627822797792,21800.0
1998-09-14,False,daily,505.0,513.0,504.5,510.3,8300.0,223.02798283003327,226.561099389717,222.80716304505304,225.36867255082373,8300.0
1998-09-11,False,daily,505.0,509.2,504.0,504.5,11100.0,223.02798283003327,224.88286902386722,222.58634326007282,222.80716304505304,11100.0
1998-09-10,False,daily,510.3,510.3,500.0,504.0,7500.0,225.36867255082373,225.36867255082373,220.81978498023096,222.58634326007282,7500.0
1998-09-09,False,daily,522.6,522.6,512.2,512.2,6700.0,230.80083926133742,230.80083926133742,226.20778773374863,226.20778773374863,6700.0
1998-09-08,False,daily,509.7,522.6,509.7,522.6,10900.0,225.10368880884744,230.80083926133742,225.10368880884744,230.80083926133742,10900.0
1998-09-04,False,daily,509.0,512.8,502.8,508.8,10600.0,224.79454110987513,226.47277147572487,222.05637577612026,224.70621319588304,10600.0
1998-09-03,False,daily,513.0,513.0,509.0,509.0,4900.0,226.561099389717,226.561099389717,224.79454110987513,224.79454110987513,4900.0
1998-09-02,False,daily,513.1,515.6,512.4,514.0,13600.0,226.60526334671303,227.7093622716142,226.2961156477407,227.00273895967743,13600.0
1998-09-01,False,daily,512.0,513.6,508.0,513.1,24500.0,226.1194598197565,226.82608313169325,224.35290153991465,226.60526334671303,24500.0
1998-08-31,False,daily,519.0,520.6,512.5,512.5,17600.0,229.21093680947976,229.9175601214165,226.34027960473674,226.34027960473674,17600.0
1998-08-28,False,daily,524.1,524.1,513.4,519.0,11700.0,231.4632986162781,231.4632986162781,226.73775521770116,229.21093680947976,11700.0
1998-08-27,False,daily,533.1,533.8,524.1,524.1,9200.0,235.43805474592227,235.74720244489455,231.4632986162781,231.4632986162781,9200.0
1998-08-26,False,daily,532.0,534.0,529.8,534.0,9100.0,234.95225121896576,235.83553035888667,233.98064416505272,235.83553035888667,9100.0
1998-08-25,False,daily,527.8,536.6,527.8,531.9,15600.0,233.09736502513178,236.98379324078388,233.09736502513178,234.90808726196968,15600.0
1998-08-24,False,daily,518.9,530.0,518.9,526.8,11600.0,229.1667728524837,234.06897207904484,229.1667728524837,232.65572545517134,11600.0
1998-08-21,False,daily,518.0,519.9,510.0,517.9,19800.0,228.7692972395193,229.60841242244416,225.2361806798356,228.72513328252322,19800.0
1998-08-20,False,daily,523.6,523.6,518.3,519.9,6500.0,231.2424788312979,231.2424788312979,228.9017891105074,229.60841242244416,6500.0
1998-08-19,False,daily,530.3,530.3,523.4,523.9,17600.0,234.20146395003295,234.20146395003295,231.15415091730577,231.374970702286,17600.0
1998-08-18,False,daily,528.4,530.4,528.0,530.3,12400.0,233.36234876710807,234.24562790702902,233.1856929391239,234.20146395003295,12400.0
1998-08-17,False,daily,525.8,528.4,522.9,527.5,5900.0,232.21408588521086,233.36234876710807,230.93333113232555,232.96487315414367,5900.0
1998-08-14,False,daily,526.6,533.5,523.3,525.9,12100.0,232.56739754117928,235.61471057390645,231.10998696030973,232.25824984220694,12100.0
1998-08-13,False,daily,532.0,532.8,522.4,524.9,7600.0,234.95225121896576,235.3055628749341,230.7125113473453,231.81661027224646,7600.0
1998-08-12,False,daily,529.6,531.3,519.7,531.3,14600.0,233.89231625106066,234.64310351999342,229.5200845084521,234.64310351999342,14600.0
1998-08-11,False,daily,529.6,529.6,519.7,523.2,8800.0,233.89231625106066,233.89231625106066,229.5200845084521,231.0658230033137,8800.0
1998-08-10,False,daily,536.6,536.6,529.6,530.5,10000.0,236.98379324078388,236.98379324078388,233.89231625106066,234.28979186402506,10000.0
1998-08-07,False,daily,536.0,539.5,533.1,538.4,29300.0,236.7188094988076,238.26454799366923,235.43805474592227,237.7787444667127,29300.0
1998-08-06,False,daily,528.3,539.1,526.0,536.5,17400.0,233.31818481011203,238.08789216568505,232.30241379920298,236.93962928378784,17400.0
1998-08-05,False,daily,534.1,534.1,526.9,529.9,12900.0,235.87969431588274,235.87969431588274,232.69988941216738,234.02480812204877,12900.0
1998-08-04,False,daily,544.8,545.6,534.0,535.0,33600.0,240.60523771445963,240.95854937042805,235.83553035888667,236.27716992884714,33600.0
1998-08-03,False,daily,546.4,550.0,543.8,548.4,93700.0,241.3118610263964,242.90176347825405,240.1635981444992,242.19514016631732,93700.0
1998-07-31,False,daily,546.0,548.3,542.9,544.5,17600.0,241.13520519841222,242.15097620932127,239.7661225315348,240.47274584347153,17600.0
1998-07-30,False,daily,550.0,550.0,545.0,547.8,13100.0,242.90176347825405,242.90176347825405,240.69356562845175,241.93015642434102,13100.0
1998-07-29,False,daily,558.0,560.8,552.0,552.0,5900.0,246.43488003793777,247.67147083382704,243.785042618175,243.785042618175,5900.0
1998-07-28,False,daily,570.8,570.8,556.9,556.9,7200.0,252.08786653343165,252.08786653343165,245.94907651098126,245.94907651098126,7200.0
1998-07-27,False,daily,570.0,572.8,569.3,570.4,4900.0,251.7345548774633,252.97114567335257,251.42540717849096,251.91121070544747,4900.0
1998-07-24,False,daily,566.9,573.1,566.9,572.6,6000.0,250.36547221058586,253.10363754434076,250.36547221058586,252.8828177593605,6000.0
1998-07-23,False,daily,574.5,574.5,566.9,566.9,6500.0,253.72193294228538,253.72193294228538,250.36547221058586,250.36547221058586,6500.0
1998-07-22,False,daily,584.9,584.9,577.1,577.1,5000.0,258.31498446987416,258.31498446987416,254.8701958241826,254.8701958241826,5000.0
1998-07-21,False,daily,591.0,591.0,586.0,587.1,5100.0,260.44486164449194,260.44486164449194,258.2414364190732,258.7261899686653,5100.0
1998-07-20,False,daily,595.0,595.0,590.0,591.3,6800.0,262.2076018248269,262.2076018248269,260.0041765994082,260.57706715801703,6800.0
1998-07-17,False,daily,597.5,599.1,593.0,595.0,7500.0,263.3093144375363,264.01441050967026,261.3262317346594,262.2076018248269,7500.0
1998-07-16,False,daily,598.5,599.5,594.0,596.0,9200.0,263.74999948262,264.19068452770375,261.76691677974316,262.64828686991063,9200.0
1998-07-15,False,daily,602.1,602.1,597.6,598.9,13200.0,265.3364656449215,265.3364656449215,263.3533829420446,263.92627350065345,13200.0
1998-07-14,False,daily,595.4,605.5,595.4,602.0,10400.0,262.3838758428604,266.8347947982062,262.3838758428604,265.2923971404131,10400.0
1998-07-13,False,daily,594.0,594.0,589.0,593.5,5600.0,261.76691677974316,261.76691677974316,259.56349155432446,261.54657425720126,5600.0
1998-07-10,False,daily,594.0,594.3,591.5,593.3,7200.0,261.76691677974316,261.89912229326825,260.6652041670338,261.4584372481845,7200.0
1998-07-09,False,daily,586.6,592.4,586.4,592.0,6900.0,258.5058474461235,261.0618207076092,258.4177104371067,260.8855466895757,6900.0
1998-07-08,False,daily,593.4,593.4,586.9,588.4,3800.0,261.5025057526929,261.5025057526929,258.6380529596486,259.29908052727416,3800.0
1998-07-07,False,daily,599.0,600.0,589.4,591.4,17800.0,263.97034200516185,264.4110270502456,259.7397655723579,260.62113566252543,17800.0
1998-07-06,False,daily,585.5,599.0,585.5,598.9,11600.0,258.02109389653134,263.97034200516185,258.02109389653134,263.92627350065345,11600.0
1998-07-02,False,daily,576.0,587.4,575.5,586.2,16300.0,253.83458596823579,258.8583954821904,253.61424344569392,258.32957342809,16300.0
1998-07-01,False,daily,578.0,579.0,574.4,579.0,10500.0,254.71595605840326,255.156641103487,253.12948989610177,255.156641103487,10500.0
1998-06-30,False,daily,554.9,579.0,554.9,577.0,19000.0,244.5361315169688,255.156641103487,244.5361315169688,254.27527101331953,19000.0
1998-06-29,False,daily,551.8,555.0,551.6,554.1,23200.0,243.1700078772092,244.5802000214772,243.08187086819248,244.18358348090183,23200.0
1998-06-26,False,daily,551.0,553.9,551.0,551.8,3900.0,242.8174598411422,244.09544647188505,242.8174598411422,243.1700078772092,3900.0
1998-06-25,False,daily,543.4,550.9,543.4,550.5,25200.0,239.46825349850576,242.77339133663384,239.46825349850576,242.59711731860034,25200.0
1998-06-24,False,daily,543.8,543.8,539.6,541.5,8600.0,239.64452751653926,239.64452751653926,237.79365032718755,238.63095191284665,8600.0
1998-06-23,False,daily,537.1,546.6,537.1,543.6,7400.0,236.6919377144782,240.87844564277376,236.6919377144782,239.55639050752254,7400.0
1998-06-22,False,daily,539.0,539.0,537.0,537.1,11100.0,237.5292393001373,237.5292393001373,236.64786920996983,236.6919377144782,11100.0
1998-06-19,False,daily,542.0,542.9,536.0,538.6,20000.0,238.85129443538852,239.2479109759639,236.2071841648861,237.3529652821038,20000.0
1998-06-18,False,daily,546.9,546.9,537.3,543.1,14300.0,241.01065115629885,241.01065115629885,236.78007472349492,239.33604798498067,14300.0
1998-06-17,False,daily,541.4,550.5,541.4,547.8,12700.0,238.58688340833828,242.59711731860034,238.58688340833828,241.40726769687421,12700.0
1998-06-16,False,daily,544.5,548.7,540.5,540.5,12500.0,239.95300704809787,241.80388423744964,238.19026686776292,238.19026686776292,12500.0
1998-06-15,False,daily,539.3,546.9,537.1,544.0,10300.0,237.6614448136624,241.01065115629885,236.6919377144782,239.732664525556,10300.0
1998-06-12,False,daily,542.0,544.0,530.6,540.3,21700.0,238.85129443538852,239.732664525556,233.82748492143386,238.10212985874614,21700.0
1998-06-11,False,daily,554.9,554.9,542.0,543.1,10100.0,244.5361315169688,244.5361315169688,238.85129443538852,239.33604798498067,10100.0
1998-06-10,False,daily,556.56,559.88,554.0,556.12,3400.0,245.2676686918078,246.73074304148585,244.13951497639346,245.07376727197098,3400.0
1998-06-09,False,daily,555.0,557.5,551.3,557.5,6800.0,244.5802000214772,245.68191263418655,242.94966535466733,245.68191263418655,6800.0
1998-06-08,False,daily,565.0,565.0,559.3,560.3,7900.0,248.98705047231462,248.98705047231462,246.47514571533725,246.915830760421,7900.0
1998-06-05,False,daily,555.7,565.4,555.7,562.5,4900.0,244.88867955303581,249.1633244903481,244.88867955303581,247.88533785960524,4900.0
1998-06-04,False,daily,549.0,554.0,547.0,553.8,5600.0,241.93608975097473,244.13951497639346,241.05471966080725,244.05137796737668,5600.0
1998-06-03,False,daily,539.4,554.6,539.4,549.8,15400.0,237.7055133181708,244.4039260034437,237.7055133181708,242.2886377870417,15400.0
1998-06-02,False,daily,539.0,542.0,539.0,541.3,3600.0,237.5292393001373,238.85129443538852,237.5292393001373,238.54281490382988,3600.0
1998-06-01,False,daily,541.0,542.9,539.0,539.0,3100.0,238.41060939030478,239.2479109759639,237.5292393001373,237.5292393001373,3100.0
1998-05-29,False,daily,546.6,546.6,537.9,542.0,7000.0,240.87844564277376,240.87844564277376,237.04448575054516,238.85129443538852,7000.0
1998-05-28,False,daily,541.6,546.6,539.8,545.7,8700.0,238.67502041735506,240.87844564277376,237.88178733620427,240.4818291021984,8700.0
1998-05-27,False,daily,541.2,542.0,539.3,541.8,10800.0,238.49874639932156,238.85129443538852,237.6614448136624,238.76315742637175,10800.0
1998-05-26,False,daily,544.0,551.9,542.6,543.1,3800.0,239.732664525556,243.21407638171758,239.1157054624388,239.33604798498067,3800.0
1998-05-22,False,daily,545.1,545.4,543.1,543.2,1000.0,240.21741807514815,240.34962358867324,239.33604798498067,239.38011648948904,1000.0
1998-05-21,False,daily,547.0,551.4,545.0,545.1,7100.0,241.05471966080725,242.9937338591757,240.17334957063977,240.21741807514815,7100.0
1998-05-20,False,daily,543.6,546.5,543.0,546.5,2800.0,239.55639050752254,240.83437713826538,239.29197948047226,240.83437713826538,2800.0
1998-05-19,False,daily,541.0,545.4,541.0,543.6,6500.0,238.41060939030478,240.34962358867324,238.41060939030478,239.55639050752254,6500.0
1998-05-18,False,daily,547.6,550.8,537.3,539.0,9600.0,241.3191306878575,242.72932283212543,236.78007472349492,237.5292393001373,9600.0
1998-05-15,False,daily,553.1,555.3,545.0,545.7,5500.0,243.7428984358181,244.7124055350023,240.17334957063977,240.4818291021984,5500.0
1998-05-14,False,daily,549.0,554.0,548.0,553.1,7600.0,241.93608975097473,244.13951497639346,241.495404705891,243.7428984358181,7600.0
1998-05-13,False,daily,545.3,550.4,545.3,550.4,11000.0,240.30555508416487,242.55304881409197,240.30555508416487,242.55304881409197,11000.0
1998-05-12,False,daily,539.0,544.0,538.0,544.0,12100.0,237.5292393001373,239.732664525556,237.08855425505357,239.732664525556,12100.0
1998-05-11,False,daily,536.6,539.2,536.6,537.2,17600.0,236.47159519193633,237.61737630915408,236.47159519193633,236.73600621898657,17600.0
1998-05-08,False,daily,530.1,539.9,530.1,537.0,14300.0,233.607142398892,237.92585584071267,233.607142398892,236.64786920996983,14300.0
1998-05-07,False,daily,528.5,530.5,528.5,530.1,9500.0,232.902046326758,233.7834164169255,232.902046326758,233.607142398892,9500.0
1998-05-06,False,daily,529.5,529.5,527.4,527.5,6500.0,233.34273137184175,233.34273137184175,232.41729277716587,232.46136128167427,6500.0
1998-05-05,False,daily,530.5,530.5,527.5,529.0,17800.0,233.7834164169255,233.7834164169255,232.46136128167427,233.12238884929988,17800.0
1998-05-04,False,daily,534.6,535.3,531.0,531.0,5300.0,235.59022510176885,235.89870463332744,234.00375893946736,234.00375893946736,5300.0
1998-05-01,False,daily,526.0,535.1,526.0,533.8,8600.0,231.80033371404866,235.81056762431072,231.80033371404866,235.23767706570183,8600.0
1998-04-30,False,daily,517.0,526.8,517.0,525.6,19500.0,227.83416830829498,232.15288175011563,227.83416830829498,231.62405969601517,19500.0
1998-04-29,False,daily,520.0,520.0,516.8,517.0,17500.0,229.1562234435462,229.1562234435462,227.7460312992782,227.83416830829498,17500.0
1998-04-28,False,daily,518.1,519.5,516.3,518.4,13000.0,228.3189218578871,228.93588092100433,227.52568877673633,228.45112737141218,13000.0
1998-04-27,False,daily,520.0,520.0,513.8,517.1,17700.0,229.1562234435462,229.1562234435462,226.42397616402695,227.87823681280335,17700.0
1998-04-24,False,daily,519.8,527.0,519.8,521.0,8800.0,229.06808643452942,232.2410187591324,229.06808643452942,229.59690848862994,8800.0
1998-04-23,False,daily,529.0,529.9,516.9,517.9,10000.0,233.12238884929988,233.51900538987525,227.79009980378657,228.23078484887031,10000.0
1998-04-22,False,daily,533.0,534.9,530.0,530.0,2600.0,234.88512902963484,235.72243061529394,233.56307389438362,233.56307389438362,2600.0
1998-04-21,False,daily,532.0,532.1,529.8,532.1,4000.0,234.4444439845511,234.4885124890595,233.47493688536684,234.4885124890595,4000.0
1998-04-20,False,daily,533.0,533.0,528.9,530.0,2200.0,234.88512902963484,234.88512902963484,233.07832034479148,233.56307389438362,2200.0
1998-04-17,False,daily,528.1,536.0,528.1,534.0,7800.0,232.72577230872452,236.2071841648861,232.72577230872452,235.32581407471858,7800.0
1998-04-16,False,daily,524.0,528.1,518.1,528.1,14100.0,230.91896362388115,232.72577230872452,228.3189218578871,232.72577230872452,14100.0
1998-04-15,False,daily,531.5,531.9,524.8,525.0,12000.0,234.22410146200923,234.40037548004273,231.27151165994815,231.3596486689649,12000.0
1998-04-14,False,daily,529.8,533.0,529.1,531.0,11800.0,233.47493688536684,234.88512902963484,233.16645735380825,234.00375893946736,11800.0
1998-04-13,False,daily,529.6,530.0,523.7,530.0,7100.0,233.38679987635012,233.56307389438362,230.78675811035606,233.56307389438362,7100.0
1998-04-09,False,daily,522.6,534.3,522.6,528.6,10000.0,230.30200456076392,235.4580195882437,230.30200456076392,232.94611483126639,10000.0
1998-04-08,False,daily,525.9,527.9,517.0,521.6,9600.0,231.75626520954026,232.63763529970774,227.83416830829498,229.86131951568018,9600.0
1998-04-07,False,daily,532.0,532.0,517.8,525.9,15000.0,234.4444439845511,234.4444439845511,228.18671634436194,231.75626520954026,15000.0
1998-04-06,False,daily,534.7,537.0,531.0,531.0,6000.0,235.63429360627723,236.64786920996983,234.00375893946736,234.00375893946736,6000.0
1998-04-03,False,daily,537.4,537.4,529.0,534.7,7000.0,236.8241432280033,236.8241432280033,233.12238884929988,235.63429360627723,7000.0
1998-04-02,False,daily,533.8,536.5,533.6,536.5,16200.0,235.23767706570183,236.42752668742796,235.1495400566851,236.42752668742796,16200.0
1998-04-01,False,daily,532.3,534.3,532.0,532.9,12300.0,234.5766494980762,235.4580195882437,234.4444439845511,234.84106052512647,12300.0
1998-03-31,False,daily,524.5,537.8,524.5,531.8,16400.0,230.5984016576408,236.44579678070394,230.5984016576408,233.80787416879573,16400.0
1998-03-30,False,daily,527.5,527.5,523.8,523.9,5800.0,231.9173629635949,231.9173629635949,230.29064401958482,230.33460939645,5800.0
1998-03-27,False,daily,529.3,532.1,526.3,527.5,9500.0,232.70873974716733,233.9397702993912,231.38977844121325,231.9173629635949,9500.0
1998-03-26,False,daily,532.4,532.8,529.4,530.2,3500.0,234.07166642998658,234.2475279374471,232.75270512403247,233.1044281389536,3500.0
1998-03-25,False,daily,538.0,539.9,530.7,533.4,11800.0,236.53372753443423,237.36906969487183,233.32425502327928,234.51132019863795,11800.0
1998-03-24,False,daily,526.0,538.1,526.0,536.1,8200.0,231.25788231061784,236.57769291129938,231.25788231061784,235.69838537399664,8200.0
1998-03-23,False,daily,527.4,528.4,525.5,525.5,3900.0,231.87339758672977,232.3130513553811,231.03805542629217,231.03805542629217,3900.0
1998-03-20,False,daily,524.0,528.0,522.5,527.0,12000.0,230.37857477331514,232.13718984792058,229.71909412033807,231.6975360792692,12000.0
1998-03-19,False,daily,527.0,529.0,520.5,522.5,12600.0,231.6975360792692,232.57684361657195,228.83978658303533,229.71909412033807,12600.0
1998-03-18,False,daily,524.0,529.8,524.0,526.2,7000.0,230.37857477331514,232.92856663149303,230.37857477331514,231.34581306434814,7000.0
1998-03-17,False,daily,522.6,524.0,522.3,523.2,3500.0,229.76305949720322,230.37857477331514,229.63116336660778,230.02685175839406,3500.0
1998-03-16,False,daily,516.3,523.5,516.3,521.1,5800.0,226.9932407546996,230.15874788898944,226.9932407546996,229.10357884422618,5800.0
1998-03-13,False,daily,513.3,515.9,513.3,515.3,5800.0,225.6742794487455,226.81737924723905,225.6742794487455,226.55358698604823,5800.0
1998-03-12,False,daily,512.8,512.8,510.7,511.4,7000.0,225.45445256441982,225.45445256441982,224.53117965025197,224.83893728830793,7000.0
1998-03-11,False,daily,512.7,515.0,512.0,512.0,2300.0,225.41048718755474,226.42169085545285,225.10272954949875,225.10272954949875,2300.0
1998-03-10,False,daily,509.0,515.3,509.0,512.3,3900.0,223.78376824354464,226.55358698604823,223.78376824354464,225.23462568009413,3900.0
1998-03-09,False,daily,509.0,514.3,509.0,510.0,11800.0,223.78376824354464,226.11393321739686,223.78376824354464,224.223422012196,11800.0
1998-03-06,False,daily,501.0,510.0,501.0,508.0,9800.0,220.26653809433373,224.223422012196,220.26653809433373,223.34411447489327,9800.0
1998-03-05,False,daily,500.0,500.9,498.0,500.9,14600.0,219.82688432568236,220.22257271746858,218.94757678837965,220.22257271746858,14600.0
1998-03-04,False,daily,496.0,501.8,496.0,501.8,19200.0,218.0682692510769,220.61826110925483,218.0682692510769,220.61826110925483,19200.0
1998-03-03,False,daily,492.0,494.9,492.0,493.6,6800.0,216.30965417647144,217.5846501055604,216.30965417647144,217.01310020631365,6800.0
1998-03-02,False,daily,493.6,494.9,490.0,491.4,8700.0,217.01310020631365,217.5846501055604,215.43034663916873,216.04586191528062,8700.0
1998-02-27,False,daily,489.0,497.5,489.0,493.5,13000.0,214.99069287051736,218.72774990405395,214.99069287051736,216.9691348294485,13000.0
1998-02-26,False,daily,485.5,490.9,485.4,488.0,20200.0,213.4519046802376,215.82603503095496,213.40793930337244,214.551039101866,20200.0
1998-02-25,False,daily,484.3,487.3,484.3,484.8,10800.0,212.92432015785596,214.24328146381004,212.92432015785596,213.14414704218163,10800.0
1998-02-24,False,daily,489.1,489.1,479.3,483.0,9400.0,215.0346582473825,215.0346582473825,210.72605131459912,212.35277025860918,9400.0
1998-02-23,False,daily,486.0,491.3,486.0,489.7,11500.0,213.67173156456326,216.0018965384155,213.67173156456326,215.2984505085733,11500.0
1998-02-20,False,daily,483.1,485.5,481.0,484.9,13900.0,212.39673563547433,213.4519046802376,211.47346272130645,213.18811241904675,13900.0
1998-02-19,False,daily,493.9,493.9,480.0,483.6,102600.0,217.14499633690903,217.14499633690903,211.03380895265508,212.6165625198,102600.0
1998-02-18,False,daily,489.8,494.9,489.8,494.9,14000.0,215.34241588543844,217.5846501055604,215.34241588543844,217.5846501055604,14000.0
1998-02-17,False,daily,494.0,499.0,489.8,489.8,15200.0,217.18896171377418,219.38723055703102,215.34241588543844,215.34241588543844,15200.0
1998-02-13,False,daily,495.3,498.0,493.8,494.3,8200.0,217.76051161302095,218.94757678837965,217.10103096004391,217.32085784436958,8200.0
1998-02-12,False,daily,496.5,496.5,486.6,495.7,8600.0,218.28809613540258,218.28809613540258,213.9355238257541,217.9363731204815,8600.0
1998-02-11,False,daily,493.0,497.0,493.0,496.5,9300.0,216.7493079451228,218.50792301972828,216.7493079451228,218.28809613540258,9300.0
1998-02-10,False,daily,490.3,494.0,489.4,492.6,11900.0,215.56224276976414,217.18896171377418,215.1665543779779,216.57344643766228,11900.0
1998-02-09,False,daily,489.9,492.0,489.5,491.4,13500.0,215.3863812623036,216.30965417647144,215.21051975484303,216.04586191528062,13500.0
1998-02-06,False,daily,490.3,493.5,489.1,489.9,14000.0,215.56224276976414,216.9691348294485,215.0346582473825,215.3863812623036,14000.0
1998-02-05,False,daily,496.1,497.6,488.8,489.8,13700.0,218.11223462794206,218.7717152809191,214.9027621167871,215.34241588543844,13700.0
1998-02-04,False,daily,492.7,496.9,492.7,496.9,13300.0,216.6174118145274,218.46395764286314,216.6174118145274,218.46395764286314,13300.0
1998-02-03,False,daily,492.5,495.0,490.9,492.8,11500.0,216.52948106079714,217.62861548242554,215.82603503095496,216.66137719139255,11500.0
1998-02-02,False,daily,489.3,495.4,489.3,494.1,26200.0,215.12258900111277,217.80447698988607,215.12258900111277,217.23292709063932,26200.0
1998-01-30,False,daily,485.4,488.8,483.3,488.4,39300.0,213.40793930337244,214.9027621167871,212.4846663892046,214.72690060932652,39300.0
1998-01-29,False,daily,478.9,486.4,478.0,486.4,24700.0,210.55018980713857,213.8475930720238,210.15450141535234,213.8475930720238,24700.0
1998-01-28,False,daily,478.0,481.8,476.4,479.0,7900.0,210.15450141535234,211.82518573622752,209.45105538551016,210.5941551840037,7900.0
1998-01-27,False,daily,477.3,478.3,476.0,476.9,30400.0,209.84674377729638,210.28639754594775,209.2751938780496,209.67088226983583,30400.0
1998-01-26,False,daily,477.0,479.5,476.2,477.7,8900.0,209.71484764670097,210.81398206832938,209.3631246317799,210.02260528475693,8900.0
1998-01-23,False,daily,476.9,478.0,475.0,476.4,10600.0,209.67088226983583,210.15450141535234,208.83554010939824,209.45105538551016,10600.0
1998-01-22,False,daily,477.5,478.5,475.0,475.8,12900.0,209.93467453102667,210.37432829967804,208.83554010939824,209.18726312431934,12900.0
1998-01-21,False,daily,487.5,487.5,477.4,478.3,7400.0,214.3312122175403,214.3312122175403,209.89070915416153,210.28639754594775,7400.0
1998-01-20,False,daily,483.0,488.0,483.0,488.0,3600.0,211.79924932685387,213.99178813976127,211.79924932685387,213.99178813976127,3600.0
1998-01-16,False,daily,476.3,484.0,475.0,483.0,12700.0,208.86124731755797,212.23775708943535,208.29118722620206,211.79924932685387,12700.0
1998-01-15,False,daily,477.2,478.3,473.4,475.3,2800.0,209.2559043038813,209.73826284272093,207.58957480607168,208.4227395549765,2800.0
1998-01-14,False,daily,476.6,476.6,472.4,476.6,3900.0,208.99279964633243,208.99279964633243,207.1510670434902,208.99279964633243,3900.0
1998-01-13,False,daily,466.1,473.3,464.3,473.3,7900.0,204.38846813922692,207.54572402981356,203.59915416658023,207.54572402981356,7900.0
1998-01-12,False,daily,462.0,468.3,462.0,466.1,9500.0,202.59058631264284,205.35318521690616,202.59058631264284,204.38846813922692,9500.0
1998-01-09,False,daily,473.3,473.3,462.5,465.9,14800.0,207.54572402981356,207.54572402981356,202.80984019393358,204.30076658671058,14800.0
1998-01-08,False,daily,474.0,474.8,471.8,473.3,7900.0,207.85267946362058,208.20348567368575,206.88796238594134,207.54572402981356,7900.0
1998-01-07,False,daily,478.0,478.2,474.0,474.4,7800.0,209.6067105139465,209.69441206646277,207.85267946362058,208.02808256865316,7800.0
1998-01-06,False,daily,485.0,485.0,478.4,479.8,4700.0,212.67626485201683,212.67626485201683,209.78211361897905,210.39602448659315,4700.0
1998-01-05,False,daily,485.8,487.8,481.0,484.3,6500.0,213.02707106208203,213.90408658724496,210.9222338016909,212.3693094182098,6500.0
1998-01-02,False,daily,483.5,488.1,483.5,486.4,6200.0,212.0185032081446,214.03563891601942,212.0185032081446,213.2901757196309,6200.0
1999-12-31,False,daily,555.0,557.0,555.0,555.9,2400.0,248.05388187698267,248.94776973960242,248.05388187698267,248.45613141516156,2400.0
1999-12-30,False,daily,550.0,556.0,540.0,553.0,3000.0,245.81916222043327,248.50082580829255,241.3497229073345,247.15999401436292,3000.0
1999-12-29,False,daily,549.0,549.0,546.0,548.5,5700.0,245.3722182891234,245.3722182891234,244.03138649519377,245.14874632346846,5700.0
1999-12-28,False,daily,545.6,548.8,544.0,548.8,4100.0,243.85260892266982,245.2828295028614,243.13749863257402,245.2828295028614,4100.0
1999-12-27,False,daily,551.0,552.0,540.0,544.8,27600.0,246.26610615174317,246.71305008305305,241.3497229073345,243.4950537776219,27600.0
1999-12-23,False,daily,548.9,551.8,548.3,551.0,10400.0,245.3275238959924,246.62366129679106,245.05935753720647,246.26610615174317,10400.0
1999-12-22,False,daily,548.3,550.0,547.1,548.9,3500.0,245.05935753720647,245.81916222043327,244.52302481963466,245.3275238959924,3500.0
1999-12-21,False,daily,545.0,553.0,543.0,550.0,5900.0,243.5844425638839,247.15999401436292,242.69055470126412,245.81916222043327,5900.0
1999-12-20,False,daily,541.0,546.0,540.0,544.1,11900.0,241.79666683864437,244.03138649519377,241.3497229073345,243.182193025705,11900.0
1999-12-17,False,daily,541.25,545.0,540.0,540.0,20000.0,241.90840282147184,243.5844425638839,241.3497229073345,241.3497229073345,20000.0
1999-12-16,False,daily,541.0,542.9,540.0,541.3,10000.0,241.79666683864437,242.64586030813314,241.3497229073345,241.93075001803732,10000.0
1999-12-15,False,daily,554.1,554.1,542.0,542.0,33700.0,247.6516323388038,247.6516323388038,242.24361076995424,242.24361076995424,33700.0
1999-12-14,False,daily,561.0,561.6,556.0,556.0,24500.0,250.73554546484195,251.0037118236279,248.50082580829255,248.50082580829255,24500.0
1999-12-13,False,daily,565.0,565.0,560.0,560.1,21500.0,252.52332119008148,252.52332119008148,250.28860153353207,250.33329592666306,21500.0
1999-12-10,False,daily,564.0,570.0,562.0,566.4,13300.0,252.07637725877157,254.75804084663085,251.18248939615182,253.14904269391528,13300.0
1999-12-09,False,daily,567.0,567.0,560.0,562.4,21600.0,253.41720905270122,253.41720905270122,250.28860153353207,251.36126696867578,21600.0
1999-12-08,False,daily,555.0,566.9,555.0,566.9,19100.0,248.05388187698267,253.37251465957021,248.05388187698267,253.37251465957021,19100.0
1999-12-07,False,daily,560.3,560.3,553.5,556.8,12900.0,250.42268471292502,250.42268471292502,247.38346598001786,248.85838095334043,12900.0
1999-12-06,False,daily,564.6,566.0,562.3,562.3,24400.0,252.34454361755752,252.97026512139135,251.31657257554477,251.31657257554477,24400.0
1999-12-03,False,daily,562.8,567.0,562.8,565.2,13500.0,251.5400445411997,253.41720905270122,251.5400445411997,252.61270997634347,13500.0
1999-12-02,False,daily,564.5,564.9,561.9,562.8,11500.0,252.2998492244265,252.47862679695046,251.13779500302084,251.5400445411997,11500.0
1999-12-01,False,daily,572.5,574.1,563.0,565.2,10300.0,255.87540067490556,256.5905109650014,251.6294333274617,252.61270997634347,10300.0
1999-11-30,False,daily,562.3,571.5,562.3,571.5,13400.0,251.31657257554477,255.42845674359566,251.31657257554477,255.42845674359566,13400.0
1999-11-29,False,daily,564.0,565.0,559.8,561.3,5400.0,252.07637725877157,252.52332119008148,250.19921274727008,250.8696286442349,5400.0
1999-11-26,False,daily,567.9,567.9,565.5,565.5,5800.0,253.8194585908801,253.8194585908801,252.7467931557364,252.7467931557364,5800.0
1999-11-24,False,daily,558.0,568.0,557.0,567.0,10100.0,249.39471367091232,253.8641529840111,248.94776973960242,253.41720905270122,10100.0
1999-11-23,False,daily,568.1,568.1,558.3,559.0,11000.0,253.9088473771421,253.9088473771421,249.52879685030524,249.8416576022222,11000.0
1999-11-22,False,daily,564.3,567.5,564.3,567.3,9100.0,252.21046043816452,253.64068101835616,252.21046043816452,253.55129223209417,9100.0
1999-11-19,False,daily,566.3,569.0,564.0,564.4,15500.0,253.1043483007843,254.31109691532097,252.07637725877157,252.25515483129553,15500.0
1999-11-18,False,daily,572.8,574.9,570.3,571.0,13700.0,256.0094838542985,256.94806611004924,254.8921240260238,255.20498477794072,13700.0
1999-11-17,False,daily,575.5,575.5,573.8,574.6,5700.0,257.2162324688352,257.2162324688352,256.45642778560835,256.8139829306563,5700.0
1999-11-16,False,daily,578.3,580.5,575.0,575.1,10900.0,258.46767547650285,259.45095212538456,256.99276050318025,257.03745489631126,10900.0
1999-11-15,False,daily,580.0,580.0,576.5,578.3,13500.0,259.2274801597296,259.2274801597296,257.66317640014506,258.46767547650285,13500.0
1999-11-12,False,daily,576.1,578.0,573.4,575.5,15200.0,257.48439882762113,258.3335922971099,256.2776502130844,257.2162324688352,15200.0
1999-11-11,False,daily,583.4,583.4,576.0,576.0,9600.0,260.74708952618323,260.74708952618323,257.4397044344901,257.4397044344901,9600.0
1999-11-10,False,daily,573.0,584.5,572.0,584.3,33000.0,256.0988726405605,261.2387278506241,255.65192870925063,261.1493390643621,33000.0
1999-11-09,False,daily,577.0,586.0,573.0,583.0,35700.0,257.8866483658,261.9091437475889,256.0988726405605,260.5683119536593,35700.0
1999-11-08,False,daily,534.0,535.6,530.4,531.0,5100.0,238.66805931947522,239.38316960957104,237.05906116675965,237.3272275255456,5100.0
1999-11-05,False,daily,533.0,535.5,531.1,533.4,10000.0,238.22111538816534,239.33847521644003,237.37192191867658,238.39989296068927,10000.0
1999-11-04,False,daily,525.8,532.0,525.8,530.9,6900.0,235.0031190827342,237.77417145685547,235.0031190827342,237.28253313241458,6900.0
1999-11-03,False,daily,526.6,531.4,522.3,524.0,15000.0,235.36067422778214,237.50600509806952,233.4388153231496,234.19862000637644,15000.0
1999-11-02,False,daily,530.5,532.0,528.0,528.5,8800.0,237.10375555989066,237.77417145685547,235.98639573161594,236.20986769727088,8800.0
1999-11-01,False,daily,533.0,535.0,529.1,532.5,13100.0,238.22111538816534,239.1150032507851,236.47803405605683,237.9976434225104,13100.0
1999-10-29,False,daily,526.5,535.5,526.5,532.1,8200.0,235.31597983465113,239.33847521644003,235.31597983465113,237.81886584998645,8200.0
1999-10-28,False,daily,517.4,528.5,517.3,525.5,10600.0,231.24879005973122,236.20986769727088,231.20409566660024,234.86903590334126,10600.0
1999-10-27,False,daily,506.9,518.1,506.9,516.5,14600.0,226.5558787809775,231.56165081164815,226.5558787809775,230.84654052155236,14600.0
1999-10-26,False,daily,495.5,506.0,495.5,506.0,18100.0,221.4607179640449,226.15362924279862,221.4607179640449,226.15362924279862,18100.0
1999-10-25,False,daily,492.6,496.0,490.3,495.6,12000.0,220.16458056324626,221.68418992969984,219.13660952123354,221.50541235717589,12000.0
1999-10-22,False,daily,491.1,497.0,490.8,495.4,42700.0,219.49416466628145,222.13113386100972,219.36008148688848,221.4160235709139,42700.0
1999-10-21,False,daily,500.0,500.0,490.1,490.1,8900.0,223.47196565493934,223.47196565493934,219.04722073497155,219.04722073497155,8900.0
1999-10-20,False,daily,502.5,502.5,498.0,501.9,8600.0,224.58932548321405,224.58932548321405,222.5780777923196,224.3211591244281,8600.0
1999-10-19,False,daily,505.1,505.1,501.3,501.8,5400.0,225.16815873161494,225.16815873161494,223.47415951724128,223.6970541507115,5400.0
1999-10-18,False,daily,500.1,509.8,500.1,503.3,13700.0,222.93921239691275,227.263368286235,222.93921239691275,224.36573805112215,13700.0
1999-10-15,False,daily,510.0,510.0,497.0,501.0,6100.0,227.35252613962308,227.35252613962308,221.5572656693974,223.34042273715914,6100.0
1999-10-14,False,daily,510.0,511.6,507.5,510.8,7700.0,227.35252613962308,228.06578896672778,226.238052972272,227.70915755317543,7700.0
1999-10-13,False,daily,508.6,510.0,507.0,507.5,5200.0,226.72842116590647,227.35252613962308,226.01515833880177,226.238052972272,5200.0
1999-10-12,False,daily,515.0,515.0,507.0,507.6,7500.0,229.58147247432527,229.58147247432527,226.01515833880177,226.28263189896603,7500.0
1999-10-11,False,daily,514.6,515.5,513.6,514.0,13400.0,229.4031567675491,229.80436710779549,228.95736750060865,229.13568320738483,13400.0
1999-10-08,False,daily,514.0,516.5,513.4,515.5,4500.0,229.13568320738483,230.25015637473592,228.86820964722057,229.80436710779549,4500.0
1999-10-07,False,daily,514.0,514.6,507.0,514.6,13600.0,229.13568320738483,229.4031567675491,226.01515833880177,229.4031567675491,13600.0
1999-10-06,False,daily,510.6,514.5,510.0,513.0,12100.0,227.61999969978734,229.35857784085505,227.35252613962308,228.6898939404444,12100.0
1999-10-05,False,daily,513.9,513.9,509.0,509.8,6200.0,229.0911042806908,229.0911042806908,226.90673687268264,227.263368286235,6200.0
1999-10-04,False,daily,509.5,515.0,508.0,513.9,20100.0,227.12963150615286,229.58147247432527,226.4609476057422,229.0911042806908,20100.0
1999-10-01,False,daily,510.0,510.0,507.0,508.6,14500.0,227.35252613962308,227.35252613962308,226.01515833880177,226.72842116590647,14500.0
1999-09-30,False,daily,510.0,511.2,508.0,510.0,30700.0,227.35252613962308,227.8874732599516,226.4609476057422,227.35252613962308,30700.0
1999-09-29,False,daily,521.6,524.0,510.0,511.5,17200.0,232.52368163613215,233.5935758767892,227.35252613962308,228.02121004003374,17200.0
1999-09-28,False,daily,525.0,525.0,520.0,523.5,7700.0,234.03936514372964,234.03936514372964,231.81041880902745,233.37068124331898,7700.0
1999-09-27,False,daily,527.0,529.0,525.5,526.0,9700.0,234.93094367761051,235.8225222114914,234.26225977719986,234.48515441067008,9700.0
1999-09-24,False,daily,530.5,531.4,525.5,526.0,7200.0,236.49120611190204,236.89241645214844,234.26225977719986,234.48515441067008,7200.0
1999-09-23,False,daily,537.3,537.3,531.5,532.0,3600.0,239.522573127097,239.522573127097,236.93699537884248,237.1598900123127,3600.0
1999-09-22,False,daily,540.0,540.0,537.0,537.8,27800.0,240.7262041478362,240.7262041478362,239.3888363470149,239.7454677605672,27800.0
1999-09-21,False,daily,541.0,545.0,540.0,540.9,5200.0,241.17199341477664,242.9551504825384,240.7262041478362,241.1274144880826,5200.0
1999-09-20,False,daily,551.0,554.0,544.0,544.0,5300.0,245.629886084181,246.96725388500232,242.50936121559795,242.50936121559795,5300.0
1999-09-17,False,daily,542.0,549.5,542.0,549.5,9700.0,241.61778268171707,244.96120218377035,241.61778268171707,244.96120218377035,9700.0
1999-09-16,False,daily,537.5,544.6,537.5,544.6,14600.0,239.6117309804851,242.7768347757622,239.6117309804851,242.7768347757622,14600.0
1999-09-15,False,daily,543.0,543.0,534.3,537.5,7200.0,242.0635719486575,242.0635719486575,238.18520532627568,239.6117309804851,7200.0
1999-09-14,False,daily,545.5,545.5,538.5,541.8,7000.0,243.1780451160086,243.1780451160086,240.05752024742554,241.52862482832896,7000.0
1999-09-13,False,daily,547.3,547.9,542.5,544.0,1700.0,243.98046579650136,244.24793935666565,241.8406773151873,242.50936121559795,1700.0
1999-09-10,False,daily,551.0,551.0,548.3,549.0,1600.0,245.629886084181,245.629886084181,244.4262550634418,244.73830755030014,1600.0
1999-09-09,False,daily,548.8,555.0,548.8,552.0,4300.0,244.64914969691202,247.41304315194276,244.64914969691202,246.07567535112145,4300.0
1999-09-08,False,daily,543.0,554.0,542.0,548.3,7800.0,242.0635719486575,246.96725388500232,241.61778268171707,244.4262550634418,7800.0
1999-09-07,False,daily,541.94,545.0,541.0,542.31,7000.0,241.5910353257007,242.9551504825384,241.17199341477664,241.7559773544686,7000.0
1999-09-03,False,daily,536.2,545.9,536.2,541.1,6900.0,239.03220493346257,243.35636082278478,239.03220493346257,241.21657234147068,6900.0
1999-09-02,False,daily,540.9,540.9,535.0,535.5,5200.0,241.1274144880826,241.1274144880826,238.497257813134,238.72015244660423,5200.0
1999-09-01,False,daily,540.0,541.0,535.0,540.9,8500.0,240.7262041478362,241.17199341477664,238.497257813134,241.1274144880826,8500.0
1999-08-31,False,daily,541.0,543.0,539.0,539.0,11600.0,241.17199341477664,242.0635719486575,240.28041488089576,240.28041488089576,11600.0
1999-08-30,False,daily,544.6,544.6,540.0,542.0,4400.0,242.7768347757622,242.7768347757622,240.7262041478362,241.61778268171707,4400.0
1999-08-27,False,daily,552.9,553.5,545.5,545.5,3900.0,246.47688569136784,246.7443592515321,243.1780451160086,243.1780451160086,3900.0
1999-08-26,False,daily,548.0,553.0,548.0,552.0,7700.0,244.2925182833597,246.52146461806188,244.2925182833597,246.07567535112145,7700.0
1999-08-25,False,daily,550.3,551.0,547.0,547.0,6800.0,245.31783359732268,245.629886084181,243.84672901641926,243.84672901641926,6800.0
1999-08-24,False,daily,550.1,550.1,546.0,547.5,6800.0,245.22867574393464,245.22867574393464,243.40093974947882,244.06962364988948,6800.0
1999-08-23,False,daily,554.3,554.3,549.0,551.5,8700.0,247.10099066508442,247.10099066508442,244.73830755030014,245.85278071765123,8700.0
1999-08-20,False,daily,550.6,556.0,550.6,556.0,7000.0,245.45157037740486,247.8588324188832,245.45157037740486,247.8588324188832,7000.0
1999-08-19,False,daily,557.4,557.4,551.5,552.3,4000.0,248.4829373925998,248.4829373925998,245.85278071765123,246.20941213120355,4000.0
1999-08-18,False,daily,549.0,557.3,549.0,557.3,3400.0,244.73830755030014,248.43835846590574,244.73830755030014,248.43835846590574,3400.0
1999-08-17,False,daily,547.0,549.1,545.8,549.1,6400.0,243.84672901641926,244.7828864769942,243.3117818960907,244.7828864769942,6400.0
1999-08-16,False,daily,549.5,552.0,544.0,545.0,4700.0,244.96120218377035,246.07567535112145,242.50936121559795,242.9551504825384,4700.0
1999-08-13,False,daily,554.0,556.8,547.3,549.1,3200.0,246.96725388500232,248.21546383243552,243.98046579650136,244.7828864769942,3200.0
1999-08-12,False,daily,552.5,555.5,548.0,553.1,8900.0,246.29856998459167,247.63593778541298,244.2925182833597,246.56604354475596,8900.0
1999-08-11,False,daily,547.5,552.0,545.3,551.5,10000.0,244.06962364988948,246.07567535112145,243.0888872626205,245.85278071765123,10000.0
1999-08-10,False,daily,549.0,550.0,545.3,545.3,6300.0,244.73830755030014,245.18409681724057,243.0888872626205,243.0888872626205,6300.0
1999-08-09,False,daily,548.9,554.0,548.9,550.1,4300.0,244.6937286236061,246.96725388500232,244.6937286236061,245.22867574393464,4300.0
1999-08-06,False,daily,548.8,550.0,548.0,548.9,6500.0,244.64914969691202,245.18409681724057,244.2925182833597,244.6937286236061,6500.0
1999-08-05,False,daily,557.0,558.0,549.0,549.8,4600.0,248.30462168582363,248.75041095276407,244.73830755030014,245.09493896385246,4600.0
1999-08-04,False,daily,560.0,568.0,557.1,557.1,6300.0,249.64198948664495,253.20830362216844,248.3492006125177,248.3492006125177,6300.0
1999-08-03,False,daily,563.0,563.0,558.6,559.0,2800.0,250.97935728746626,250.97935728746626,249.01788451292836,249.1962002197045,2800.0
1999-08-02,False,daily,565.0,567.0,562.5,563.5,4500.0,251.87093582134713,252.762514355228,250.75646265399604,251.20225192093648,4500.0
1999-07-30,False,daily,566.3,567.0,560.0,565.0,10100.0,252.45046186836967,252.762514355228,249.64198948664495,251.87093582134713,10100.0
1999-07-29,False,daily,567.5,567.5,559.0,564.9,6400.0,252.98540898869823,252.98540898869823,249.1962002197045,251.8263568946531,6400.0
1999-07-28,False,daily,572.5,574.0,569.0,569.0,12000.0,255.2143553234004,255.88303922381107,253.65409288910888,253.65409288910888,12000.0
1999-07-27,False,daily,564.0,570.0,564.0,570.0,14300.0,251.4251465544067,254.09988215604932,251.4251465544067,254.09988215604932,14300.0
1999-07-26,False,daily,569.3,569.9,564.0,564.0,6500.0,253.787829669191,254.05530322935527,251.4251465544067,251.4251465544067,6500.0
1999-07-23,False,daily,570.0,570.0,568.0,569.3,5100.0,254.09988215604932,254.09988215604932,253.20830362216844,253.787829669191,5100.0
1999-07-22,False,daily,569.5,570.5,561.5,570.5,11500.0,253.8769875225791,254.32277678951954,250.3106733870556,254.32277678951954,11500.0
1999-07-21,False,daily,567.2,569.5,565.0,569.5,15900.0,252.85167220861612,253.8769875225791,251.87093582134713,253.8769875225791,15900.0
1999-07-20,False,daily,567.0,567.5,567.0,567.5,2900.0,252.1868464003195,252.4092333900905,252.1868464003195,252.4092333900905,2900.0
1999-07-19,False,daily,566.0,570.0,566.0,567.9,11500.0,251.7420724207775,253.52116833894553,251.7420724207775,252.5871429819073,11500.0
1999-07-16,False,daily,560.0,565.0,556.8,565.0,12300.0,249.07342854352544,251.29729844123548,247.65015180899098,251.29729844123548,12300.0
1999-07-15,False,daily,556.0,563.0,556.0,559.0,12700.0,247.29433262535738,250.40775048215147,247.29433262535738,248.62865456398342,12700.0
1999-07-14,False,daily,542.4,553.0,542.4,552.0,8500.0,241.24540650358605,245.96001068673135,241.24540650358605,245.51523670718936,8500.0
1999-07-13,False,daily,549.3,554.0,547.2,547.2,3100.0,244.3143469624259,246.40478466627337,243.38032160538773,243.38032160538773,3100.0
1999-07-12,False,daily,552.4,552.4,548.0,550.9,3500.0,245.69314629900614,245.69314629900614,243.7361407890213,245.02598532969313,3500.0
1999-07-09,False,daily,548.5,550.5,547.5,550.5,2200.0,243.95852777879233,244.84807573787634,243.5137537992503,244.84807573787634,2200.0
1999-07-08,False,daily,556.6,556.6,545.0,549.9,9700.0,247.56119701308262,247.56119701308262,242.40181885039527,244.58121135015114,9700.0
1999-07-07,False,daily,556.5,559.0,556.0,557.6,11700.0,247.5167196151284,248.62865456398342,247.29433262535738,248.0059709926246,11700.0
1999-07-06,False,daily,544.6,555.0,544.5,555.0,12600.0,242.2239092585785,246.8495586458154,242.17943186062428,246.8495586458154,12600.0
1999-07-02,False,daily,545.0,546.5,542.3,545.5,73500.0,242.40181885039527,243.0689798197083,241.20092910563184,242.6242058401663,73500.0
1999-07-01,False,daily,538.6,544.4,538.6,544.4,7200.0,239.55526538132642,242.13495446267007,239.55526538132642,242.13495446267007,7200.0
1999-06-30,False,daily,552.6,553.0,537.8,537.8,38900.0,245.78210109491457,245.96001068673135,239.1994461976928,239.1994461976928,38900.0
1999-06-29,False,daily,550.0,554.5,548.0,550.0,10000.0,244.62568874810535,246.62717165604437,243.7361407890213,244.62568874810535,10000.0
1999-06-28,False,daily,551.9,552.4,550.0,550.0,7700.0,245.47075930923515,245.69314629900614,244.62568874810535,244.62568874810535,7700.0
1999-06-25,False,daily,553.0,553.0,549.5,550.0,4800.0,245.96001068673135,245.96001068673135,244.40330175833432,244.62568874810535,4800.0
1999-06-24,False,daily,557.0,558.5,552.5,553.6,3200.0,247.7391066048994,248.40626757421242,245.73762369696036,246.2268750744566,3200.0
1999-06-23,False,daily,558.3,558.3,557.0,558.0,3400.0,248.317312778304,248.317312778304,247.7391066048994,248.18388058444143,3400.0
1999-06-22,False,daily,555.0,557.5,550.1,557.5,5100.0,246.8495586458154,247.9614935946704,244.67016614605956,247.9614935946704,5100.0
1999-06-21,False,daily,553.0,559.0,550.1,557.2,14200.0,245.96001068673135,248.62865456398342,244.67016614605956,247.82806140080783,14200.0
1999-06-18,False,daily,555.6,556.5,552.7,553.9,17600.0,247.1164230335406,247.5167196151284,245.82657849286878,246.36030726831916,17600.0
1999-06-17,False,daily,556.0,558.5,553.5,558.5,4200.0,247.29433262535738,248.40626757421242,246.18239767650238,248.40626757421242,4200.0
1999-06-16,False,daily,555.0,558.0,554.0,557.0,2900.0,246.8495586458154,248.18388058444143,246.40478466627337,247.7391066048994,2900.0
1999-06-15,False,daily,553.2,557.6,551.0,556.7,5300.0,246.0489654826398,248.0059709926246,245.07046272764734,247.60567441103683,5300.0
1999-06-14,False,daily,552.0,553.2,551.0,553.2,2300.0,245.51523670718936,246.0489654826398,245.07046272764734,246.0489654826398,2300.0
1999-06-11,False,daily,560.0,560.0,554.5,554.5,3400.0,249.07342854352544,249.07342854352544,246.62717165604437,246.62717165604437,3400.0
1999-06-10,False,daily,559.9,559.9,557.1,559.7,3600.0,249.02895114557123,249.02895114557123,247.78358400285362,248.93999634966286,3600.0
1999-06-09,False,daily,558.5,559.8,557.0,559.8,2900.0,248.40626757421242,248.98447374761702,247.7391066048994,248.98447374761702,2900.0
1999-06-08,False,daily,560.4,560.4,557.0,557.0,3500.0,249.25133813534222,249.25133813534222,247.7391066048994,247.7391066048994,3500.0
1999-06-07,False,daily,559.2,559.8,558.0,558.5,3600.0,248.71760935989184,248.98447374761702,248.18388058444143,248.40626757421242,3600.0
1999-06-04,False,daily,553.0,560.0,553.0,558.5,6700.0,245.96001068673135,249.07342854352544,245.96001068673135,248.40626757421242,6700.0
1999-06-03,False,daily,553.6,553.6,550.0,551.9,8100.0,246.2268750744566,246.2268750744566,244.62568874810535,245.47075930923515,8100.0
1999-06-02,False,daily,550.0,557.0,546.0,554.9,10300.0,244.62568874810535,247.7391066048994,242.8465928299373,246.80508124786118,10300.0
1999-06-01,False,daily,557.0,558.0,549.5,550.0,3500.0,247.7391066048994,248.18388058444143,244.40330175833432,244.62568874810535,3500.0
1999-05-28,False,daily,551.6,560.8,551.6,556.5,13200.0,245.33732711537257,249.429247727159,245.33732711537257,247.5167196151284,13200.0
1999-05-27,False,daily,556.0,556.0,549.5,549.7,2800.0,247.29433262535738,247.29433262535738,244.40330175833432,244.49225655424274,2800.0
1999-05-26,False,daily,570.1,570.1,554.0,556.6,39900.0,253.56564573689974,253.56564573689974,246.40478466627337,247.56119701308262,39900.0
1999-05-25,False,daily,555.0,571.0,555.0,571.0,13200.0,246.8495586458154,253.96594231848755,246.8495586458154,253.96594231848755,13200.0
1999-05-24,False,daily,560.9,561.0,557.3,557.3,6300.0,249.47372512511322,249.51820252306743,247.87253879876198,247.87253879876198,6300.0
1999-05-21,False,daily,559.0,561.5,559.0,559.9,4400.0,248.62865456398342,249.74058951283845,248.62865456398342,249.02895114557123,4400.0
1999-05-20,False,daily,558.0,560.0,558.0,559.0,6300.0,248.18388058444143,249.07342854352544,248.18388058444143,248.62865456398342,6300.0
1999-05-19,False,daily,558.6,560.0,558.0,559.1,6100.0,248.45074497216663,249.07342854352544,248.18388058444143,248.67313196193763,6100.0
1999-05-18,False,daily,560.0,561.0,557.0,558.0,11500.0,249.07342854352544,249.51820252306743,247.7391066048994,248.18388058444143,11500.0
1999-05-17,False,daily,561.0,561.1,559.8,559.8,9900.0,249.51820252306743,249.56267992102164,248.98447374761702,248.98447374761702,9900.0
1999-05-14,False,daily,570.3,570.3,562.0,562.0,8200.0,253.6546005328081,253.6546005328081,249.96297650260945,249.96297650260945,8200.0
1999-05-13,False,daily,562.4,572.0,560.5,571.1,18100.0,250.14088609442624,254.41071629802954,249.29581553329643,254.01041971644176,18100.0
1999-05-12,False,daily,557.8,563.0,554.0,562.5,5800.0,248.094925788533,250.40775048215147,246.40478466627337,250.18536349238045,5800.0
1999-05-11,False,daily,565.0,565.0,552.4,555.0,7500.0,251.29729844123548,251.29729844123548,245.69314629900614,246.8495586458154,7500.0
1999-05-10,False,daily,568.0,570.0,567.9,567.9,1900.0,252.63162037986152,253.52116833894553,252.5871429819073,252.5871429819073,1900.0
1999-05-07,False,daily,567.0,570.0,564.8,567.4,4100.0,252.1868464003195,253.52116833894553,251.20834364532706,252.36475599213628,4100.0
1999-05-06,False,daily,569.0,571.9,566.0,566.9,3300.0,253.0763943594035,254.36623890007533,251.7420724207775,252.14236900236529,3300.0
1999-05-05,False,daily,579.1,579.1,571.0,571.4,10300.0,257.56861155277784,257.56861155277784,253.96594231848755,254.14385191030433,10300.0
1999-05-04,False,daily,580.5,582.0,578.5,579.1,5200.0,258.1912951241366,258.85845609344966,257.30174716505263,257.56861155277784,5200.0
1999-05-03,False,daily,571.5,582.0,568.3,579.0,9000.0,254.18832930825855,258.85845609344966,252.7650525737241,257.5241341548236,9000.0
1999-04-30,False,daily,579.0,579.0,569.5,574.0,5400.0,257.5241341548236,257.5241341548236,253.29878134917453,255.30026425711358,5400.0
1999-04-29,False,daily,580.0,580.0,574.0,576.3,6700.0,257.9689081343656,257.9689081343656,255.30026425711358,256.32324441006017,6700.0
1999-04-28,False,daily,573.5,580.4,571.0,580.4,9600.0,255.07787726734256,258.1468177261824,253.96594231848755,258.1468177261824,9600.0
1999-04-27,False,daily,575.0,577.0,575.0,575.0,13500.0,255.74503823665557,256.6345861957396,255.74503823665557,255.74503823665557,13500.0
1999-04-26,False,daily,567.5,578.4,567.5,576.3,13300.0,252.4092333900905,257.2572697670984,252.4092333900905,256.32324441006017,13300.0
1999-04-23,False,daily,557.3,575.3,557.3,568.1,9700.0,247.87253879876198,255.87847043051815,247.87253879876198,252.67609777781573,9700.0
1999-04-22,False,daily,545.5,553.0,545.0,551.9,12300.0,242.6242058401663,245.96001068673135,242.40181885039527,245.47075930923515,12300.0
1999-04-21,False,daily,535.0,547.0,535.0,544.5,6100.0,237.95407905497518,243.2913668094793,237.95407905497518,242.17943186062428,6100.0
1999-04-20,False,daily,541.0,542.0,537.0,537.1,12400.0,240.04960175265253,240.49331635848,238.27474332934273,238.3191147899255,12400.0
1999-04-19,False,daily,539.6,541.8,538.0,540.9,17400.0,239.42840130449412,240.4045734373145,238.7184579351702,240.0052302920698,17400.0
1999-04-16,False,daily,543.5,543.5,538.0,539.6,16000.0,241.1588882672212,241.1588882672212,238.7184579351702,239.42840130449412,16000.0
1999-04-15,False,daily,531.5,543.8,531.5,540.1,12100.0,235.83431299729173,241.2920026489694,235.83431299729173,239.65025860740784,12100.0
1999-04-14,False,daily,525.0,540.0,525.0,532.9,15700.0,232.95016805941327,239.6058871468251,232.95016805941327,236.45551344545015,15700.0
1999-04-13,False,daily,522.3,529.0,522.3,527.4,16000.0,231.75213862367914,234.7250264827231,231.75213862367914,234.01508311339916,16000.0
1999-04-12,False,daily,515.5,521.0,515.5,520.1,16200.0,228.73487930405247,231.17530963610346,228.73487930405247,230.77596649085876,16200.0
1999-04-09,False,daily,522.8,522.8,510.0,514.6,9500.0,231.97399592659286,231.97399592659286,226.29444897200148,228.33553615880777,9500.0
1999-04-08,False,daily,516.5,522.0,513.0,520.1,23000.0,229.17859390987994,231.61902424193093,227.62559278948385,230.77596649085876,23000.0
1999-04-07,False,daily,521.9,521.9,516.5,516.5,9500.0,231.57465278134816,231.57465278134816,229.17859390987994,229.17859390987994,9500.0
1999-04-06,False,daily,524.0,527.1,517.7,520.9,10300.0,232.50645345358583,233.88196873165094,229.71105143687288,231.1309381755207,10300.0
1999-04-05,False,daily,525.5,526.5,520.0,523.0,7400.0,233.17202536232702,233.61573996815446,230.731595030276,232.06273884775837,7400.0
1999-04-01,False,daily,523.0,529.0,520.0,527.1,6500.0,232.06273884775837,234.7250264827231,230.731595030276,233.88196873165094,6500.0
1999-03-31,False,daily,521.5,521.5,517.5,521.5,19300.0,231.39716693901718,231.39716693901718,229.62230851570737,231.39716693901718,19300.0
1999-03-30,False,daily,527.0,528.0,521.1,522.0,11500.0,233.83759727106818,234.28131187689564,231.21968109668623,231.61902424193093,11500.0
1999-03-29,False,daily,524.9,528.9,524.9,526.0,8900.0,232.90579659883053,234.68065502214034,232.90579659883053,233.39388266524074,8900.0
1999-03-26,False,daily,527.6,532.0,522.0,524.0,8800.0,234.10382603456466,236.05617030020545,231.61902424193093,232.50645345358583,8800.0
1999-03-25,False,daily,531.5,533.4,528.3,528.3,4600.0,235.83431299729173,236.67737074836387,234.41442625864386,234.41442625864386,4600.0
1999-03-24,False,daily,524.0,532.9,523.5,532.9,5700.0,232.50645345358583,236.45551344545015,232.2845961506721,236.45551344545015,5700.0
1999-03-23,False,daily,523.0,523.0,517.3,522.0,15600.0,232.06273884775837,232.06273884775837,229.53356559454187,231.61902424193093,15600.0
1999-03-22,False,daily,525.0,525.0,521.0,523.6,8100.0,232.95016805941327,232.95016805941327,231.17530963610346,232.32896761125485,8100.0
1999-03-19,False,daily,535.0,535.0,524.9,525.6,16000.0,237.38731411768782,237.38731411768782,232.90579659883053,233.21639682290976,16000.0
1999-03-18,False,daily,534.0,537.0,533.0,537.0,6900.0,236.94359951186036,238.27474332934273,236.49988490603292,238.27474332934273,6900.0
1999-03-17,False,daily,535.7,536.1,532.9,532.9,3300.0,237.69791434176705,237.87540018409803,236.45551344545015,236.45551344545015,3300.0
1999-03-16,False,daily,541.1,541.1,536.4,536.4,7000.0,240.0939732132353,240.0939732132353,238.00851456584624,238.00851456584624,7000.0
1999-03-15,False,daily,547.8,547.8,540.5,543.0,5600.0,243.0668610722792,243.0668610722792,239.82774444973882,240.93703096430744,5600.0
1999-03-12,False,daily,546.0,548.0,542.0,545.8,4400.0,242.2681747817898,243.1556039934447,240.49331635848,242.1794318606243,4400.0
1999-03-11,False,daily,550.0,551.0,543.1,545.4,17600.0,244.04303320509962,244.48674781092708,240.9814024248902,242.00194601829332,17600.0
1999-03-10,False,daily,558.0,560.0,549.0,549.0,15900.0,247.59275005171926,248.48017926337417,243.59931859927218,243.59931859927218,15900.0
1999-03-09,False,daily,560.0,560.0,549.5,557.0,7600.0,248.48017926337417,248.48017926337417,243.8211759021859,247.1490354458918,7600.0
1999-03-08,False,daily,559.0,560.5,558.0,560.0,8200.0,248.0364646575467,248.7020365662879,247.59275005171926,248.48017926337417,8200.0
1999-03-05,False,daily,555.0,558.0,554.0,556.3,6600.0,246.2616062342369,247.59275005171926,245.81789162840946,246.83843522181257,6600.0
1999-03-04,False,daily,548.0,550.0,544.0,550.0,8200.0,243.1556039934447,244.04303320509962,241.3807455701349,244.04303320509962,8200.0
1999-03-03,False,daily,553.0,553.0,544.5,546.4,8800.0,245.374177022582,245.374177022582,241.60260287304862,242.4456606241208,8800.0
1999-03-02,False,daily,554.0,556.0,551.9,551.9,7200.0,245.81789162840946,246.70532084006436,244.88609095617178,244.88609095617178,7200.0
1999-03-01,False,daily,550.0,554.0,542.0,553.9,9700.0,244.04303320509962,245.81789162840946,240.49331635848,245.7735201678267,9700.0
1999-02-26,False,daily,558.0,558.0,541.0,550.1,18800.0,247.59275005171926,247.59275005171926,240.04960175265253,244.08740466568239,18800.0
1999-02-25,False,daily,559.0,562.6,543.0,560.5,13000.0,248.0364646575467,249.63383723852556,240.93703096430744,248.7020365662879,13000.0
1999-02-24,False,daily,567.9,567.9,557.9,557.9,6800.0,251.98552464941105,251.98552464941105,247.5483785911365,247.5483785911365,6800.0
1999-02-23,False,daily,569.0,569.0,564.0,567.9,4100.0,252.47361071582125,252.47361071582125,250.25503768668398,251.98552464941105,4100.0
1999-02-22,False,daily,563.0,570.0,563.0,569.9,7700.0,249.81132308085654,252.91732532164872,249.81132308085654,252.87295386106595,7700.0
1999-02-19,False,daily,566.0,566.0,561.8,562.0,4900.0,251.14246689833888,251.14246689833888,249.27886555386357,249.36760847502907,4900.0
1999-02-18,False,daily,561.5,571.0,561.4,568.6,13400.0,249.14575117211535,253.36103992747616,249.1013797115326,252.29612487349027,13400.0
1999-02-17,False,daily,561.0,562.0,558.5,559.6,9200.0,248.9238938692016,249.36760847502907,247.81460735463298,248.3026934210432,9200.0
1999-02-16,False,daily,553.0,561.6,553.0,561.6,4000.0,245.374177022582,249.1901226326981,245.374177022582,249.1901226326981,4000.0
1999-02-12,False,daily,561.0,561.3,549.9,552.0,15600.0,248.9238938692016,249.05700825094985,243.99866174451688,244.93046241675452,15600.0
1999-02-11,False,daily,545.0,561.0,545.0,561.0,5200.0,241.82446017596234,248.9238938692016,241.82446017596234,248.9238938692016,5200.0
1999-02-10,False,daily,556.0,556.0,541.0,544.0,13500.0,246.70532084006436,246.70532084006436,240.04960175265253,241.3807455701349,13500.0
1999-02-09,False,daily,556.0,563.0,556.0,557.5,14100.0,246.70532084006436,249.81132308085654,246.70532084006436,247.37089274880555,14100.0
1999-02-08,False,daily,556.5,558.0,550.0,554.9,6900.0,246.92717814297808,247.59275005171926,244.04303320509962,246.21723477365413,6900.0
1999-02-05,False,daily,552.5,555.1,552.0,554.9,5100.0,245.15231971966827,246.30597769481966,244.93046241675452,246.21723477365413,5100.0
1999-02-04,False,daily,556.9,558.6,544.1,550.0,19200.0,247.10466398530906,247.85897881521575,241.42511703071767,244.04303320509962,19200.0
1999-02-03,False,daily,558.9,558.9,555.9,555.9,8100.0,247.99209319696396,247.99209319696396,246.6609493794816,246.6609493794816,8100.0
1999-02-02,False,daily,564.3,564.3,552.2,558.9,13900.0,250.3881520684322,250.3881520684322,245.01920533792006,247.99209319696396,13900.0
1999-02-01,False,daily,569.0,569.0,561.0,565.4,6300.0,252.47361071582125,252.47361071582125,248.9238938692016,250.8762381348424,6300.0
1999-01-29,False,daily,574.3,574.6,569.0,569.0,5800.0,254.82529812670674,254.958412508455,252.47361071582125,252.47361071582125,5800.0
1999-01-28,False,daily,572.0,575.0,572.0,573.6,4600.0,253.80475453330362,255.13589835078596,253.80475453330362,254.51469790262755,4600.0
1999-01-27,False,daily,578.5,578.5,570.8,571.8,8300.0,256.6888994711821,256.6888994711821,253.27229700631065,253.7160116121381,8300.0
1999-01-26,False,daily,589.3,589.3,577.0,579.6,15600.0,261.48101721411854,261.48101721411854,256.0233275624409,257.17698553759226,15600.0
1999-01-25,False,daily,585.0,591.0,573.5,591.0,8600.0,259.5730444090605,262.23533204402526,254.47032644204478,262.23533204402526,8600.0
1999-01-22,False,daily,576.7,587.4,576.5,584.0,13100.0,255.89021318069265,260.6379594630464,255.80147025952715,259.1293298032331,13100.0
1999-01-21,False,daily,588.9,589.4,574.8,578.6,8700.0,261.3035313717876,261.5253886747013,255.04715542962046,256.7332709317648,8700.0
1999-01-20,False,daily,581.0,594.5,581.0,588.5,13200.0,257.2202628235133,263.19698149497185,257.2202628235133,260.5406620854347,13200.0
1999-01-19,False,daily,580.0,582.9,575.3,579.0,6300.0,256.7775429219238,258.0614306365334,254.69675938445297,256.3348230203342,6300.0
1999-01-15,False,daily,568.0,582.4,568.0,580.0,9800.0,251.4649041028495,257.8400706857386,251.4649041028495,256.7775429219238,9800.0
1999-01-14,False,daily,571.4,571.9,567.0,567.0,8000.0,252.97015176825386,253.1915117190486,251.02218420125996,251.02218420125996,8000.0
1999-01-13,False,daily,570.5,577.7,570.5,572.4,14200.0,252.5717038568233,255.75928714826787,252.5717038568233,253.41287166984338,14200.0
1999-01-12,False,daily,564.5,575.0,563.4,573.9,11100.0,249.91538444728616,254.56394341397615,249.42839255553767,254.07695152222766,11100.0
1999-01-11,False,daily,571.8,577.0,562.0,563.0,17600.0,253.14723972888964,255.4493832171552,248.80858469331233,249.25130459490185,17600.0
1999-01-08,False,daily,571.0,573.0,565.4,573.0,22500.0,252.79306380761804,253.6785036107971,250.31383235871672,253.6785036107971,22500.0
1999-01-07,False,daily,580.0,581.3,570.9,571.0,7100.0,256.7775429219238,257.3530787939901,252.74879181745908,252.79306380761804,7100.0
1999-01-06,False,daily,578.0,585.5,568.0,585.5,13200.0,255.89210311874473,259.21250238066614,251.4649041028495,259.21250238066614,13200.0
1999-01-05,False,daily,581.0,581.5,577.1,577.1,9900.0,257.2202628235133,257.44162277430803,255.49365520731416,255.49365520731416,9900.0
1999-01-04,False,daily,577.0,584.1,576.4,581.4,22600.0,255.4493832171552,258.59269451844085,255.18375127620146,257.39735078414907,22600.0
2000-12-29,False,daily,619.5,628.8,616.0,616.9,9400.0,279.806908379655,284.00739949818734,278.2260783888095,278.63257752931264,9400.0
2000-12-28,False,daily,617.5,622.1,616.0,620.8,9000.0,278.90357695631474,280.9812392299974,278.2260783888095,280.3940738048262,9000.0
2000-12-27,False,daily,591.5,619.0,591.5,619.0,22900.0,267.16026845289093,279.58107552381995,267.16026845289093,279.58107552381995,22900.0
2000-12-26,False,daily,587.0,593.0,587.0,590.62,4700.0,265.1277727503753,267.83776702039614,265.1277727503753,266.76280262662124,4700.0
2000-12-22,False,daily,578.8,587.0,578.8,583.3,5200.0,261.4241139146801,265.1277727503753,261.4241139146801,263.45660961719574,5200.0
2000-12-21,False,daily,578.4,582.6,576.8,576.8,7700.0,261.24344763001204,263.14044361902666,260.5207824913398,260.5207824913398,7700.0
2000-12-20,False,daily,583.5,586.4,575.0,577.5,4400.0,263.54694275952977,264.8567733233732,259.70778421033356,260.8369484895089,4400.0
2000-12-19,False,daily,577.5,591.0,577.5,585.1,12200.0,260.8369484895089,266.9344355970559,260.8369484895089,264.269607898202,12200.0
2000-12-18,False,daily,579.0,581.3,579.0,580.1,5000.0,261.51444705701414,262.5532781938554,261.51444705701414,262.0112793398513,5000.0
2000-12-15,False,daily,578.5,583.8,578.5,578.8,22600.0,261.28861420117903,263.6824424730308,261.28861420117903,261.4241139146801,22600.0
2000-12-14,False,daily,589.0,593.0,578.0,582.1,17800.0,266.03110417371556,267.83776702039614,261.062781345344,262.9146107631916,17800.0
2000-12-13,False,daily,602.5,608.0,592.0,593.6,10200.0,272.1285912812625,274.61275269544836,267.38610130872604,268.10876644739824,10200.0
2000-12-12,False,daily,616.1,616.1,599.0,600.1,13100.0,278.2712449599765,278.2712449599765,270.54776129041704,271.0445935732542,13100.0
2000-12-11,False,daily,599.0,619.0,598.9,619.0,13200.0,270.54776129041704,279.58107552381995,270.50259471925,279.58107552381995,13200.0
2000-12-08,False,daily,577.0,595.0,577.0,595.0,13700.0,260.6111156336738,268.74109844373646,260.6111156336738,268.74109844373646,13700.0
2000-12-07,False,daily,577.1,578.0,575.0,577.0,6400.0,260.65628220484086,261.062781345344,259.70778421033356,260.6111156336738,6400.0
2000-12-06,False,daily,584.5,588.7,577.9,578.1,9000.0,263.99860847119993,265.89560446021454,261.01761477417693,261.107947916511,9000.0
2000-12-05,False,daily,581.0,588.8,581.0,583.8,8000.0,262.4177784803544,265.94077103138153,262.4177784803544,263.6824424730308,8000.0
2000-12-04,False,daily,582.8,589.5,580.0,581.5,7000.0,263.2307767613607,266.25693702955067,261.9661127686843,262.6436113361895,7000.0
2000-12-01,False,daily,576.0,588.8,576.0,581.0,10900.0,260.1594499220037,265.94077103138153,260.1594499220037,262.4177784803544,10900.0
2000-11-30,False,daily,575.0,579.0,563.5,577.1,12100.0,259.70778421033356,261.51444705701414,254.51362852612687,260.65628220484086,12100.0
2000-11-29,False,daily,562.0,575.6,562.0,575.6,14300.0,253.83612995862165,259.97878363733565,253.83612995862165,259.97878363733565,14300.0
2000-11-28,False,daily,573.5,574.8,560.0,562.5,8100.0,259.03028564282835,259.61745106799947,252.93279853528136,254.06196281445673,8100.0
2000-11-27,False,daily,557.8,575.0,557.8,574.9,8800.0,251.939133969607,259.70778421033356,251.939133969607,259.6626176391665,8800.0
2000-11-24,False,daily,553.0,558.7,553.0,557.8,8200.0,249.77113855359036,252.34563311011019,249.77113855359036,251.939133969607,8200.0
2000-11-22,False,daily,543.3,551.1,543.3,551.1,7500.0,245.38998115038993,248.9129737014171,245.38998115038993,248.9129737014171,7500.0
2000-11-21,False,daily,541.0,543.4,531.6,543.3,10000.0,244.35115001354862,245.43514772155694,240.10549232384926,245.38998115038993,10000.0
2000-11-20,False,daily,544.3,544.3,539.0,539.8,3700.0,245.84164686206006,245.84164686206006,243.44781859020833,243.8091511595444,3700.0
2000-11-17,False,daily,537.5,545.9,537.5,544.3,6100.0,242.7703200227031,246.56431200073231,242.7703200227031,245.84164686206006,6100.0
2000-11-16,False,daily,535.0,542.0,535.0,538.1,5400.0,241.64115574352775,244.80281572521875,241.64115574352775,243.04131944970518,5400.0
2000-11-15,False,daily,530.6,536.4,530.1,534.4,9300.0,239.6538266121791,242.2734877398659,239.42799375634402,241.37015631652562,9300.0
2000-11-14,False,daily,523.5,532.3,523.5,530.6,3200.0,236.44700005932106,240.42165832201832,236.44700005932106,239.6538266121791,3200.0
2000-11-13,False,daily,523.3,525.0,520.0,522.0,6100.0,236.35666691698702,237.1244986268263,234.86617006847555,235.76950149181584,6100.0
2000-11-10,False,daily,526.0,526.0,522.3,522.6,5500.0,237.57616433849643,237.57616433849643,235.90500120531686,236.04050091881794,5500.0
2000-11-09,False,daily,537.0,537.0,524.1,526.0,3200.0,242.54448716686804,242.54448716686804,236.71799948632315,237.57616433849643,3200.0
2000-11-08,False,daily,531.6,538.1,531.6,537.3,6900.0,240.10549232384926,243.04131944970518,240.10549232384926,242.67998688036906,6900.0
2000-11-07,False,daily,532.5,532.5,527.8,530.9,5300.0,240.51199146435238,240.51199146435238,238.38916261950266,239.78932632568012,5300.0
2000-11-06,False,daily,536.0,536.2,533.9,533.9,3000.0,242.09282145519788,242.18315459753194,241.14432346069057,241.14432346069057,3000.0
2000-11-03,False,daily,539.6,539.6,535.3,535.6,2600.0,243.71881801721042,243.71881801721042,241.77665545702877,241.91215517052984,2600.0
2000-11-02,False,daily,536.0,539.9,536.0,539.0,4500.0,242.09282145519788,243.85431773071144,242.09282145519788,243.44781859020833,4500.0
2000-11-01,False,daily,534.1,534.6,532.0,534.6,3700.0,241.2346566030246,241.46048945885968,240.2861586085173,241.46048945885968,3700.0
2000-10-31,False,daily,538.1,538.8,532.5,534.1,10500.0,243.04131944970518,243.35748544787427,240.51199146435238,241.2346566030246,10500.0
2000-10-30,False,daily,524.0,538.1,524.0,538.1,10200.0,236.67283291515614,243.04131944970518,236.67283291515614,243.04131944970518,10200.0
2000-10-27,False,daily,520.5,525.0,520.3,523.4,5600.0,235.09200292431063,237.1244986268263,235.00166978197657,236.40183348815404,5600.0
2000-10-26,False,daily,518.6,520.4,517.3,520.3,7300.0,234.23383807213736,235.0468363531436,233.64667264696615,235.00166978197657,7300.0
2000-10-25,False,daily,521.8,521.8,517.5,517.7,9800.0,235.67916834948178,235.67916834948178,233.73700578930018,233.82733893163424,9800.0
2000-10-24,False,daily,522.5,522.6,520.9,520.9,2700.0,235.99533434765092,236.04050091881794,235.27266920897867,235.27266920897867,2700.0
2000-10-23,False,daily,524.0,524.0,523.6,523.6,2600.0,236.67283291515614,236.67283291515614,236.4921666304881,236.4921666304881,2600.0
2000-10-20,False,daily,520.0,524.0,519.0,524.0,4900.0,234.86617006847555,236.67283291515614,234.41450435680542,236.67283291515614,4900.0
2000-10-19,False,daily,513.0,519.0,511.4,519.0,3800.0,231.70451008678455,234.41450435680542,230.9818449481123,234.41450435680542,3800.0
2000-10-18,False,daily,511.6,514.0,508.0,513.1,8200.0,231.07217809044636,232.15617579845468,229.4461815284338,231.74967665795157,8200.0
2000-10-17,False,daily,513.4,514.6,508.9,514.4,10900.0,231.2766721667651,231.81724872812103,229.2495100616805,231.7271526345617,10900.0
2000-10-16,False,daily,518.0,518.0,511.8,513.3,29100.0,233.3488823186294,233.3488823186294,230.5559034182906,231.23162411998544,29100.0
2000-10-13,False,daily,514.5,517.4,514.0,516.9,6200.0,231.77220068134136,233.07859403795143,231.54696044744307,232.85335380405314,6200.0
2000-10-12,False,daily,520.5,520.5,512.6,512.6,1800.0,234.47508348812084,234.47508348812084,230.91628779252787,230.91628779252787,1800.0
2000-10-11,False,daily,529.0,529.0,520.5,520.5,2200.0,238.3041674643918,238.3041674643918,234.47508348812084,234.47508348812084,2200.0
2000-10-10,False,daily,522.7,535.0,522.7,530.8,11400.0,235.46614051727335,241.0070502711713,235.46614051727335,239.11503230642563,11400.0
2000-10-09,False,daily,510.0,523.9,509.9,522.7,12900.0,229.74503857625675,236.0067170786292,229.69999052947708,235.46614051727335,12900.0
2000-10-06,False,daily,514.9,514.9,508.0,509.8,3200.0,231.95239286845998,231.95239286845998,228.84407764066358,229.65494248269744,3200.0
2000-10-05,False,daily,519.9,520.5,514.4,514.4,4100.0,234.20479520744288,234.47508348812084,231.7271526345617,231.7271526345617,4100.0
2000-10-04,False,daily,524.0,524.0,519.8,519.9,2800.0,236.05176512540888,236.05176512540888,234.15974716066322,234.20479520744288,2800.0
2000-10-03,False,daily,526.0,526.0,522.0,522.6,9200.0,236.95272606100207,236.95272606100207,235.15080418981572,235.42109247049368,9200.0
2000-10-02,False,daily,529.0,529.0,525.7,527.5,4300.0,238.3041674643918,238.3041674643918,236.8175819206631,237.62844676269694,4300.0
2000-09-29,False,daily,520.0,528.0,513.4,527.9,14700.0,234.24984325422255,237.85368699659523,231.2766721667651,237.80863894981556,14700.0
2000-09-28,False,daily,509.8,519.7,509.8,519.3,4700.0,229.65494248269744,234.1146991138836,229.65494248269744,233.93450692676493,4700.0
2000-09-27,False,daily,509.0,510.1,507.0,509.8,2400.0,229.29455810846017,229.79008662303642,228.393597172867,229.65494248269744,2400.0
2000-09-26,False,daily,498.2,512.1,498.2,509.5,14000.0,224.4293690562571,230.69104755862958,224.4293690562571,229.51979834235846,14000.0
2000-09-25,False,daily,502.4,502.4,498.4,498.8,6200.0,226.32138702100272,226.32138702100272,224.5194651498164,224.69965733693502,6200.0
2000-09-22,False,daily,503.0,503.0,501.0,502.4,4000.0,226.59167530168068,226.59167530168068,225.69071436608752,226.32138702100272,4000.0
2000-09-21,False,daily,500.9,503.4,500.3,502.0,3400.0,225.64566631930785,226.7718674887993,225.37537803862992,226.1411948338841,3400.0
2000-09-20,False,daily,501.1,501.4,499.4,500.9,4200.0,225.7357624128672,225.87090655320614,224.96994561761298,225.64566631930785,4200.0
2000-09-19,False,daily,510.0,511.0,501.0,501.1,8700.0,229.74503857625675,230.19551904405333,225.69071436608752,225.7357624128672,8700.0
2000-09-18,False,daily,507.0,507.0,503.0,506.0,18500.0,228.393597172867,228.393597172867,226.59167530168068,227.94311670507042,18500.0
2000-09-15,False,daily,502.4,504.4,502.1,503.9,22900.0,226.32138702100272,227.22234795659588,226.18624288066377,226.9971077226976,22900.0
2000-09-14,False,daily,504.0,504.5,501.5,504.3,7300.0,227.04215576947726,227.26739600337555,225.9159545999858,227.17729990981624,7300.0
2000-09-13,False,daily,507.0,507.3,505.2,505.2,6500.0,228.393597172867,228.52874131320598,227.58273233083315,227.58273233083315,6500.0
2000-09-12,False,daily,505.3,509.0,504.5,508.4,3900.0,227.62778037761282,229.29455810846017,227.26739600337555,229.0242698277822,3900.0
2000-09-11,False,daily,503.0,505.0,503.0,505.0,6700.0,226.59167530168068,227.49263623727384,226.59167530168068,227.49263623727384,6700.0
2000-09-08,False,daily,509.0,509.6,503.5,504.9,14900.0,229.29455810846017,229.56484638913813,226.81691553557897,227.44758819049417,14900.0
2000-09-07,False,daily,506.0,508.0,501.5,507.8,8800.0,227.94311670507042,228.84407764066358,225.9159545999858,228.75398154710427,8800.0
2000-09-06,False,daily,506.3,508.0,505.2,507.3,4600.0,228.0782608454094,228.84407764066358,227.58273233083315,228.52874131320598,4600.0
2000-09-05,False,daily,513.1,513.1,506.3,506.3,3300.0,231.14152802642616,231.14152802642616,228.0782608454094,228.0782608454094,3300.0
2000-09-01,False,daily,510.5,517.0,510.2,515.1,6900.0,229.97027881015504,232.8984018508328,229.83513466981606,232.04248896201932,6900.0
2000-08-31,False,daily,512.0,512.8,509.0,509.0,5300.0,230.6459995118499,231.00638388608715,229.29455810846017,229.29455810846017,5300.0
2000-08-30,False,daily,505.9,512.6,505.9,512.5,11800.0,227.89806865829075,230.91628779252787,227.89806865829075,230.8712397457482,11800.0
2000-08-29,False,daily,498.5,506.0,498.5,505.9,5800.0,224.56451319659604,227.94311670507042,224.56451319659604,227.89806865829075,5800.0
2000-08-28,False,daily,501.3,502.5,499.0,499.5,9500.0,225.8258585064265,226.3664350677824,224.78975343049436,225.01499366439265,9500.0
2000-08-25,False,daily,497.0,502.1,496.1,502.1,7400.0,223.88879249490117,226.18624288066377,223.48336007388426,226.18624288066377,7400.0
2000-08-24,False,daily,501.0,501.0,498.8,498.8,3700.0,225.69071436608752,225.69071436608752,224.69965733693502,224.69965733693502,3700.0
2000-08-23,False,daily,501.4,501.4,498.8,500.4,3800.0,225.87090655320614,225.87090655320614,224.69965733693502,225.42042608540956,3800.0
2000-08-22,False,daily,499.0,501.9,498.9,501.4,2800.0,224.78975343049436,226.09614678710443,224.7447053837147,225.87090655320614,2800.0
2000-08-21,False,daily,503.0,503.0,499.0,499.9,8800.0,226.59167530168068,226.59167530168068,224.78975343049436,225.19518585151127,8800.0
2000-08-18,False,daily,505.0,506.0,498.0,502.6,10400.0,227.49263623727384,227.94311670507042,224.33927296269775,226.41148311456206,10400.0
2000-08-17,False,daily,508.0,508.1,502.0,506.0,8200.0,228.84407764066358,228.88912568744325,226.1411948338841,227.94311670507042,8200.0
2000-08-16,False,daily,507.1,508.4,507.0,508.4,4700.0,228.43864521964667,229.0242698277822,228.393597172867,229.0242698277822,4700.0
2000-08-15,False,daily,509.3,509.5,508.5,508.5,6000.0,229.42970224879915,229.51979834235846,229.06931787456188,229.06931787456188,6000.0
2000-08-14,False,daily,509.3,509.8,508.0,509.7,6700.0,229.42970224879915,229.65494248269744,228.84407764066358,229.60989443591777,6700.0
2000-08-11,False,daily,508.6,509.5,508.0,509.3,7300.0,229.11436592134154,229.51979834235846,228.84407764066358,229.42970224879915,7300.0
2000-08-10,False,daily,506.4,512.0,506.4,508.5,8200.0,228.12330889218904,230.6459995118499,228.12330889218904,229.06931787456188,8200.0
2000-08-09,False,daily,509.6,509.8,505.0,505.4,5900.0,229.56484638913813,229.65494248269744,227.49263623727384,227.67282842439246,5900.0
2000-08-08,False,daily,512.6,512.6,509.3,509.5,6100.0,230.91628779252787,230.91628779252787,229.42970224879915,229.51979834235846,6100.0
2000-08-07,False,daily,508.0,514.9,507.0,513.5,6300.0,228.84407764066358,231.95239286845998,228.393597172867,231.32172021354478,6300.0
2000-08-04,False,daily,505.0,509.8,504.0,508.1,15700.0,227.49263623727384,229.65494248269744,227.04215576947726,228.88912568744325,15700.0
2000-08-03,False,daily,490.6,503.0,490.0,503.0,8700.0,221.00571750100306,226.59167530168068,220.7354292203251,226.59167530168068,8700.0
2000-08-02,False,daily,483.0,490.0,483.0,489.8,13500.0,217.58206594574904,220.7354292203251,217.58206594574904,220.6453331267658,13500.0
2000-08-01,False,daily,480.0,484.0,479.0,483.9,9800.0,216.2306245423593,218.03254641354562,215.7801440745627,217.98749836676595,9800.0
2000-07-31,False,daily,473.0,481.0,472.1,480.0,8500.0,213.07726126778323,216.68110501015587,212.6718288467663,216.2306245423593,8500.0
2000-07-28,False,daily,472.0,474.38,467.25,473.0,20300.0,212.62678079998665,213.6989243133425,210.48699857795287,213.07726126778323,20300.0
2000-07-27,False,daily,473.0,473.0,471.0,472.0,5000.0,213.07726126778323,213.07726126778323,212.17630033219004,212.62678079998665,5000.0
2000-07-26,False,daily,476.2,476.2,472.0,473.3,16600.0,214.51879876473228,214.51879876473228,212.62678079998665,213.2124054081222,16600.0
2000-07-25,False,daily,477.1,478.2,476.4,476.6,13000.0,214.92423118574922,215.41975970032544,214.6088948582916,214.69899095185093,13000.0
2000-07-24,False,daily,482.0,482.0,477.0,478.1,10300.0,217.13158547795246,217.13158547795246,214.87918313896955,215.3747116535458,10300.0
2000-07-21,False,daily,484.4,484.4,481.0,481.0,10200.0,218.21273860066424,218.21273860066424,216.68110501015587,216.68110501015587,10200.0
2000-07-20,False,daily,486.0,489.0,484.0,484.4,15800.0,218.93350734913878,220.28494875252852,218.03254641354562,218.21273860066424,15800.0
2000-07-19,False,daily,485.4,489.4,485.0,485.1,7400.0,218.66321906846082,220.46514093964714,218.4830268813422,218.52807492812187,7400.0
2000-07-18,False,daily,488.0,488.9,486.0,486.8,2000.0,219.22438187876133,219.62868914042298,218.32592129729102,218.68530552987914,2000.0
2000-07-17,False,daily,487.0,489.0,485.9,488.9,7900.0,218.77515158802618,219.6736121694965,218.28099826821747,219.62868914042298,7900.0
2000-07-14,False,daily,488.0,488.0,483.4,485.8,4500.0,219.22438187876133,219.22438187876133,217.15792254137958,218.236075239144,4500.0
2000-07-13,False,daily,481.0,490.0,481.0,488.0,7900.0,216.07976984361517,220.12284246023168,216.07976984361517,219.22438187876133,7900.0
2000-07-12,False,daily,481.0,482.0,479.0,480.2,10300.0,216.07976984361517,216.52900013435035,215.18130926214485,215.72038561102704,10300.0
2000-07-11,False,daily,476.8,477.5,475.5,477.0,7100.0,214.19300262252747,214.50746382604208,213.60900324457177,214.2828486806745,7100.0
2000-07-10,False,daily,478.0,479.0,475.0,475.1,5600.0,214.73207897140966,215.18130926214485,213.3843880992042,213.4293111282777,5600.0
2000-07-07,False,daily,478.0,480.8,476.6,476.8,6100.0,214.73207897140966,215.98992378546814,214.10315656438044,214.19300262252747,6100.0
2000-07-06,False,daily,476.5,488.0,476.5,477.7,17800.0,214.05823353530693,219.22438187876133,214.05823353530693,214.59730988418912,17800.0
2000-07-05,False,daily,481.5,484.0,476.0,476.5,9000.0,216.30438498898275,217.42746071582067,213.83361838993935,214.05823353530693,9000.0
2000-07-03,False,daily,477.1,482.0,477.1,481.5,1900.0,214.32777170974802,216.52900013435035,214.32777170974802,216.30438498898275,1900.0
2000-06-30,False,daily,480.5,482.3,475.0,478.0,32900.0,215.8551546982476,216.6637692215709,213.3843880992042,214.73207897140966,32900.0
2000-06-29,False,daily,477.0,483.0,477.0,481.5,4700.0,214.2828486806745,216.9782304250855,214.2828486806745,216.30438498898275,4700.0
2000-06-28,False,daily,476.0,476.9,472.4,476.6,6200.0,213.83361838993935,214.237925651601,212.21638934329272,214.10315656438044,6200.0
2000-06-27,False,daily,481.0,481.0,477.4,477.4,7000.0,216.07976984361517,216.07976984361517,214.46254079696857,214.46254079696857,7000.0
2000-06-26,False,daily,482.5,484.0,481.0,481.1,5800.0,216.75361527971793,217.42746071582067,216.07976984361517,216.1246928726887,5800.0
2000-06-23,False,daily,490.0,490.0,483.0,483.4,9000.0,220.12284246023168,220.12284246023168,216.9782304250855,217.15792254137958,9000.0
2000-06-22,False,daily,488.6,489.8,488.0,489.3,10200.0,219.49392005320246,220.03299640208465,219.22438187876133,219.80838125671707,10200.0
2000-06-21,False,daily,489.0,489.9,488.0,488.6,5700.0,219.6736121694965,220.07791943115814,219.22438187876133,219.49392005320246,5700.0
2000-06-20,False,daily,489.0,490.5,489.0,489.4,13500.0,219.6736121694965,220.34745760559926,219.6736121694965,219.85330428579056,13500.0
2000-06-19,False,daily,484.8,490.0,484.8,489.9,25000.0,217.7868449484088,220.12284246023168,217.7868449484088,220.07791943115814,25000.0
2000-06-16,False,daily,489.6,490.8,483.0,485.5,17000.0,219.94315034393762,220.4822266928198,216.9782304250855,218.1013061519234,17000.0
2000-06-15,False,daily,488.0,491.3,488.0,490.6,21100.0,219.22438187876133,220.7068418381874,219.22438187876133,220.39238063467278,21100.0
2000-06-14,False,daily,495.0,498.8,488.9,488.9,11400.0,222.3689939139075,224.07606901870113,219.62868914042298,219.62868914042298,11400.0
2000-06-13,False,daily,494.6,498.0,494.6,496.0,1900.0,222.18930179761344,223.716684786113,222.18930179761344,222.81822420464266,1900.0
2000-06-12,False,daily,498.4,499.3,494.6,494.6,5200.0,223.89637690240707,224.30068416406874,222.18930179761344,222.18930179761344,5200.0
2000-06-09,False,daily,486.2,500.0,485.3,499.4,9700.0,218.41576735543805,224.61514536758335,218.0114600937764,224.34560719314223,9700.0
2000-06-08,False,daily,486.0,488.6,482.5,485.3,6600.0,218.32592129729102,219.49392005320246,216.75361527971793,218.0114600937764,6600.0
2000-06-07,False,daily,494.7,494.7,486.0,486.8,9300.0,222.23422482668695,222.23422482668695,218.32592129729102,218.68530552987914,9300.0
2000-06-06,False,daily,498.9,498.9,491.0,494.8,12300.0,224.12099204777465,224.12099204777465,220.57207275096684,222.27914785576047,12300.0
2000-06-05,False,daily,501.4,501.4,498.0,498.9,6900.0,225.24406777461257,225.24406777461257,223.716684786113,224.12099204777465,6900.0
2000-06-02,False,daily,502.5,504.9,500.0,500.4,10600.0,225.73822109442125,226.81637379218566,224.61514536758335,224.7948374838774,10600.0
2000-06-01,False,daily,501.0,502.5,499.0,502.5,15300.0,225.0643756583185,225.73822109442125,224.16591507684817,225.73822109442125,15300.0
2000-05-31,False,daily,499.0,502.3,497.0,500.5,9600.0,224.16591507684817,225.64837503627422,223.26745449537785,224.83976051295093,9600.0
2000-05-30,False,daily,492.0,499.0,491.0,498.4,6100.0,221.021303041702,224.16591507684817,220.57207275096684,223.89637690240707,6100.0
2000-05-26,False,daily,493.0,493.0,489.0,492.1,4100.0,221.47053333243718,221.47053333243718,219.6736121694965,221.06622607077554,4100.0
2000-05-25,False,daily,498.0,499.0,490.0,492.0,6700.0,223.716684786113,224.16591507684817,220.12284246023168,221.021303041702,6700.0
2000-05-24,False,daily,490.0,498.0,485.0,497.0,20200.0,220.12284246023168,223.716684786113,217.87669100655583,223.26745449537785,20200.0
2000-05-23,False,daily,489.8,493.0,489.0,490.0,5700.0,220.03299640208465,221.47053333243718,219.6736121694965,220.12284246023168,5700.0
2000-05-22,False,daily,488.0,491.0,488.0,490.3,3900.0,219.22438187876133,220.57207275096684,219.22438187876133,220.25761154745223,3900.0
2000-05-19,False,daily,496.0,496.0,487.4,487.4,5500.0,222.81822420464266,222.81822420464266,218.95484370432024,218.95484370432024,5500.0
2000-05-18,False,daily,499.1,501.0,495.6,495.6,2400.0,224.2108381059217,225.0643756583185,222.63853208834863,222.63853208834863,2400.0
2000-05-17,False,daily,508.6,508.8,499.0,499.1,5100.0,228.47852586790577,228.5683719260528,224.16591507684817,224.2108381059217,5100.0
2000-05-16,False,daily,504.5,509.2,504.0,508.5,5800.0,226.6366816758916,228.74806404234687,226.41206653052402,228.43360283883226,5800.0
2000-05-15,False,daily,496.6,504.5,493.0,504.5,6700.0,223.08776237908378,226.6366816758916,221.47053333243718,226.6366816758916,6700.0
2000-05-12,False,daily,497.0,501.5,496.6,496.6,6500.0,223.26745449537785,225.2889908036861,223.08776237908378,223.08776237908378,6500.0
2000-05-11,False,daily,491.1,496.9,491.1,496.1,8600.0,220.61699578004036,223.2225314663043,220.61699578004036,222.8631472337162,8600.0
2000-05-10,False,daily,494.0,495.0,489.1,490.2,7600.0,221.91976362317234,222.3689939139075,219.71853519857004,220.2126885183787,7600.0
2000-05-09,False,daily,483.5,497.1,480.0,497.0,14700.0,217.2028455704531,223.31237752445136,215.63053955288,223.26745449537785,14700.0
2000-05-08,False,daily,485.5,485.5,479.0,482.5,6900.0,218.1013061519234,218.1013061519234,215.18130926214485,216.75361527971793,6900.0
2000-05-05,False,daily,486.0,489.9,485.4,485.4,5500.0,218.32592129729102,220.07791943115814,218.0563831228499,218.0563831228499,5500.0
2000-05-04,False,daily,472.3,485.0,472.3,485.0,13600.0,212.17146631421923,217.87669100655583,212.17146631421923,217.87669100655583,13600.0
2000-05-03,False,daily,480.0,480.0,471.0,472.3,4900.0,215.63053955288,215.63053955288,211.5874669362635,212.17146631421923,4900.0
2000-05-02,False,daily,484.0,485.0,479.5,479.6,4100.0,217.42746071582067,217.87669100655583,215.40592440751243,215.45084743658595,4100.0
2000-05-01,False,daily,488.0,488.0,484.0,484.0,7400.0,219.22438187876133,219.22438187876133,217.42746071582067,217.42746071582067,7400.0
2000-04-28,False,daily,486.0,490.5,486.0,488.0,3000.0,218.32592129729102,220.34745760559926,218.32592129729102,219.22438187876133,3000.0
2000-04-27,False,daily,489.3,489.3,484.8,487.0,4500.0,219.80838125671707,219.80838125671707,217.7868449484088,218.77515158802618,4500.0
2000-04-26,False,daily,492.3,494.3,490.1,490.1,8200.0,221.15607212892257,222.0545327103929,220.1677654893052,220.1677654893052,8200.0
2000-04-25,False,daily,492.1,494.0,490.3,492.3,15500.0,221.06622607077554,221.91976362317234,220.25761154745223,221.15607212892257,15500.0
2000-04-24,False,daily,497.0,498.0,491.0,492.0,6800.0,223.26745449537785,223.716684786113,220.57207275096684,221.021303041702,6800.0
2000-04-20,False,daily,498.0,498.5,496.0,498.4,3000.0,223.716684786113,223.9412999314806,222.81822420464266,223.89637690240707,3000.0
2000-04-19,False,daily,497.0,500.5,497.0,498.6,3500.0,223.26745449537785,224.83976051295093,223.26745449537785,223.98622296055413,3500.0
2000-04-18,False,daily,497.0,498.0,492.0,496.0,9600.0,223.26745449537785,223.716684786113,221.021303041702,222.81822420464266,9600.0
2000-04-17,False,daily,491.0,500.0,491.0,497.9,10400.0,219.97335495019513,224.005453106105,219.97335495019513,223.06463020305935,10400.0
2000-04-14,False,daily,504.6,504.6,488.0,491.0,13400.0,226.0663032746812,226.0663032746812,218.6293222315585,219.97335495019513,13400.0
2000-04-13,False,daily,512.7,512.8,502.0,505.5,12300.0,229.69519161500008,229.73999270562126,224.90147491852943,226.46951309027216,12300.0
2000-04-12,False,daily,510.0,517.9,510.0,512.9,3500.0,228.48556216822712,232.02484832730354,228.48556216822712,229.7847937962425,3500.0
2000-04-11,False,daily,509.6,510.6,509.0,509.8,12300.0,228.30635780574224,228.75436871195444,228.0375512620149,228.39595998698468,12300.0
2000-04-10,False,daily,516.0,516.0,509.0,509.8,4700.0,231.17362760550037,231.17362760550037,228.0375512620149,228.39595998698468,4700.0
2000-04-07,False,daily,518.5,518.5,516.0,517.5,6300.0,232.2936548710309,232.2936548710309,231.17362760550037,231.8456439648187,6300.0
2000-04-06,False,daily,517.0,521.9,517.0,520.1,4800.0,231.62163851171258,233.8168919521524,231.62163851171258,233.01047232097045,4800.0
2000-04-05,False,daily,519.0,520.0,516.0,516.0,2500.0,232.51766032413698,232.96567123034922,231.17362760550037,231.17362760550037,2500.0
2000-04-04,False,daily,532.56,536.25,516.31,517.25,8000.0,238.59268821237455,240.2458484562976,231.31251098642613,231.73364123826562,8000.0
2000-04-03,False,daily,539.0,540.5,532.5,532.5,7900.0,241.4778784483812,242.14989480769952,238.56580755800184,238.56580755800184,7900.0
2000-03-31,False,daily,518.8,541.0,518.8,541.0,24900.0,232.42805814289454,242.3739002608056,232.42805814289454,242.3739002608056,24900.0
2000-03-30,False,daily,504.5,513.9,504.5,513.9,9700.0,226.02150218405995,230.23280470245473,226.02150218405995,230.23280470245473,9700.0
2000-03-29,False,daily,504.8,505.0,502.0,502.0,5900.0,226.15590545592363,226.24550763716607,224.90147491852943,224.90147491852943,5900.0
2000-03-28,False,daily,505.0,506.0,504.8,504.8,3600.0,226.24550763716607,226.69351854337827,226.15590545592363,226.15590545592363,3600.0
2000-03-27,False,daily,508.0,508.8,504.0,504.0,8600.0,227.58954035580268,227.94794908077245,225.79749673095384,225.79749673095384,8600.0
2000-03-24,False,daily,517.0,517.0,506.3,507.0,11600.0,231.62163851171258,231.62163851171258,226.82792181524192,227.14152944959048,11600.0
2000-03-23,False,daily,510.5,516.8,507.0,516.8,8900.0,228.7095676213332,231.5320363304701,227.14152944959048,231.5320363304701,8900.0
2000-03-22,False,daily,501.5,509.5,501.5,509.4,10400.0,224.67746946542331,228.261556715121,224.67746946542331,228.21675562449977,10400.0
2000-03-21,False,daily,514.0,514.0,500.0,500.0,15400.0,230.27760579307594,230.27760579307594,224.005453106105,224.005453106105,15400.0
2000-03-20,False,daily,512.0,519.0,512.0,514.0,4100.0,229.38158398065153,232.51766032413698,229.38158398065153,230.27760579307594,4100.0
2000-03-17,False,daily,508.3,513.8,501.3,511.0,15300.0,227.72394362766636,230.1880036118335,224.58786728418087,228.93357307443932,15300.0
2000-03-16,False,daily,491.5,514.5,491.0,513.0,7400.0,220.19736040330122,230.50161124618205,219.97335495019513,229.82959488686373,7400.0
2000-03-15,False,daily,479.0,492.8,476.0,492.5,12000.0,214.5972240756486,220.7797745813771,213.25319135701196,220.64537130951342,12000.0
2000-03-14,False,daily,482.1,489.0,479.6,481.4,12000.0,215.98605788490644,219.0773331377707,214.86603061937592,215.6724502505579,12000.0
2000-03-13,False,daily,475.0,484.3,472.0,483.0,12900.0,212.80518045079975,216.97168187857332,211.4611477321631,216.38926770049744,12900.0
2000-03-10,False,daily,485.0,485.0,476.0,476.0,3900.0,217.28528951292185,217.28528951292185,213.25319135701196,213.25319135701196,3900.0
2000-03-09,False,daily,480.5,487.0,480.0,486.1,5300.0,215.26924043496692,218.1813113253463,215.0452349818608,217.7781015097553,5300.0
2000-03-08,False,daily,484.0,484.0,478.0,481.0,11300.0,216.83727860670965,216.83727860670965,214.1492131694364,215.493245888073,11300.0
2000-03-07,False,daily,489.0,489.0,482.0,483.5,6300.0,219.0773331377707,219.0773331377707,215.94125679428524,216.61327315360353,6300.0
2000-03-06,False,daily,496.3,496.3,490.0,490.1,8900.0,222.34781275311983,222.34781275311983,219.5253440439829,219.57014513460413,8900.0
2000-03-03,False,daily,495.6,498.0,494.0,497.3,7400.0,222.0342051187713,223.1094312936806,221.31738766883174,222.79582365933206,7400.0
2000-03-02,False,daily,488.0,495.6,488.0,495.6,7600.0,218.6293222315585,222.0342051187713,218.6293222315585,222.0342051187713,7600.0
2000-03-01,False,daily,487.0,489.0,484.8,489.0,8800.0,218.1813113253463,219.0773331377707,217.1956873316794,219.0773331377707,8800.0
2000-02-29,False,daily,485.0,487.8,481.0,487.8,8900.0,217.28528951292185,218.53972005031605,215.493245888073,218.53972005031605,8900.0
2000-02-28,False,daily,478.0,485.0,475.0,485.0,11900.0,214.1492131694364,217.28528951292185,212.80518045079975,217.28528951292185,11900.0
2000-02-25,False,daily,479.0,481.5,478.0,478.8,9200.0,214.5972240756486,215.71725134117912,214.1492131694364,214.50762189440616,9200.0
2000-02-24,False,daily,489.3,489.3,476.3,479.0,11300.0,219.21173640963437,219.21173640963437,213.38759462887563,214.5972240756486,11300.0
2000-02-23,False,daily,492.0,492.0,488.3,491.1,5500.0,220.42136585640733,220.42136585640733,218.76372550342217,220.01815604081634,5500.0
2000-02-22,False,daily,491.3,495.5,489.3,490.6,13200.0,220.10775822205878,221.98940402815006,219.21173640963437,219.79415058771025,13200.0
2000-02-18,False,daily,495.2,496.0,492.3,493.2,8800.0,221.8550007562864,222.21340948125618,220.55576912827098,220.95897894386198,8800.0
2000-02-17,False,daily,495.1,500.6,495.1,495.1,11100.0,221.81019966566518,224.27425964983235,221.81019966566518,221.81019966566518,11100.0
2000-02-16,False,daily,504.3,504.3,495.1,496.0,12700.0,225.9319000028175,225.9319000028175,221.81019966566518,222.21340948125618,12700.0
2000-02-15,False,daily,507.0,507.5,499.6,505.3,14000.0,227.14152944959048,227.3655349026966,223.82624874362014,226.37991090902972,14000.0
2000-02-14,False,daily,514.0,514.0,505.5,505.5,13300.0,230.27760579307594,230.27760579307594,226.46951309027216,226.46951309027216,13300.0
2000-02-11,False,daily,522.5,522.5,510.0,513.9,31900.0,234.08569849587974,234.08569849587974,228.48556216822712,230.23280470245473,31900.0
2000-02-10,False,daily,532.5,533.1,522.9,522.9,10900.0,238.56580755800184,238.83461410172916,234.2649028583646,234.2649028583646,10900.0
2000-02-09,False,daily,534.0,534.0,529.0,530.2,10800.0,239.23782391732016,239.23782391732016,236.9977693862591,237.53538247371378,10800.0
2000-02-08,False,daily,542.0,542.0,535.0,535.5,12200.0,242.82191116701782,242.82191116701782,239.68583482353236,239.90984027663848,12200.0
2000-02-07,False,daily,546.8,546.8,543.1,543.3,5400.0,244.97236351683642,244.97236351683642,243.31472316385126,243.40432534509367,5400.0
2000-02-04,False,daily,549.0,550.5,546.3,546.3,20800.0,245.9579875105033,246.63000386982162,244.7483580637303,244.7483580637303,20800.0
2000-02-03,False,daily,548.5,550.0,545.5,549.8,6700.0,245.73398205739718,246.4059984167155,244.38994933876057,246.31639623547304,6700.0
2000-02-02,False,daily,553.0,553.1,547.6,547.6,10600.0,247.75003113535215,247.79483222597338,245.33077224180622,245.33077224180622,10600.0
2000-02-01,False,daily,550.1,556.0,550.1,555.9,13100.0,246.45079950733674,249.09406385398876,246.45079950733674,249.04926276336752,13100.0
2000-01-31,False,daily,550.3,558.5,550.0,550.0,17300.0,246.54040168857915,250.21409111951928,246.4059984167155,246.4059984167155,17300.0
2000-01-28,False,daily,558.0,559.5,550.0,551.3,23600.0,249.9900856664132,250.6621020257315,246.4059984167155,246.98841259479136,23600.0
2000-01-27,False,daily,565.3,567.0,558.3,559.0,10900.0,253.2605652817623,254.0221838223231,250.12448893827684,250.4380965726254,10900.0
2000-01-26,False,daily,560.7,568.1,560.7,565.5,11300.0,251.1997151131862,254.51499581915652,251.1997151131862,253.35016746300477,11300.0
2000-01-25,False,daily,566.6,568.0,556.0,562.0,10700.0,253.23843148017727,253.8641529840111,248.50082580829255,251.18248939615182,10700.0
2000-01-24,False,daily,573.5,573.5,566.1,566.8,6600.0,256.32234460621544,256.32234460621544,253.01495951452233,253.32782026643923,6600.0
2000-01-21,False,daily,573.0,574.5,569.0,571.6,10900.0,256.0988726405605,256.7692885375253,254.31109691532097,255.47315113672667,10900.0
2000-01-20,False,daily,572.5,576.3,570.0,570.3,6000.0,255.87540067490556,257.5737876138831,254.75804084663085,254.8921240260238,6000.0
2000-01-19,False,daily,572.3,575.5,570.0,571.0,7600.0,255.78601188864354,257.2162324688352,254.75804084663085,255.20498477794072,7600.0
2000-01-18,False,daily,571.6,578.5,569.0,574.0,8700.0,255.47315113672667,258.5570642627648,254.31109691532097,256.5458165718704,8700.0
2000-01-14,False,daily,584.4,587.0,571.1,571.1,16600.0,261.1940334574931,262.3560876788988,255.24967917107173,255.24967917107173,16600.0
2000-01-13,False,daily,577.0,587.0,577.0,583.4,7900.0,257.8866483658,262.3560876788988,257.8866483658,260.74708952618323,7900.0
2000-01-12,False,daily,571.3,578.5,571.3,573.3,14900.0,255.33906795733367,258.5570642627648,255.33906795733367,256.2329558199534,14900.0
2000-01-11,False,daily,576.0,581.8,568.6,571.3,20200.0,257.4397044344901,260.0319792360874,254.13231934279705,255.33906795733367,20200.0
2000-01-10,False,daily,548.4,579.0,548.4,571.0,15300.0,245.10405193033748,258.78053622841975,245.10405193033748,255.20498477794072,15300.0
2000-01-07,False,daily,539.0,544.0,539.0,543.4,6100.0,240.90277897602462,243.13749863257402,240.90277897602462,242.86933227378807,6100.0
2000-01-06,False,daily,535.1,538.5,532.5,537.3,9500.0,239.1596976439161,240.67930701036968,237.9976434225104,240.1429742927978,9500.0
2000-01-05,False,daily,530.0,544.7,527.5,541.3,11600.0,236.88028359423572,243.45035938449095,235.762923765961,241.93075001803732,11600.0
2000-01-04,False,daily,541.9,541.9,528.0,529.8,7400.0,242.19891637682326,242.19891637682326,235.98639573161594,236.7908948079737,7400.0
2000-01-03,False,daily,556.0,556.0,541.0,541.88,11000.0,248.50082580829255,248.50082580829255,241.79666683864437,242.18997749819707,11000.0
2001-12-31,False,daily,535.0,538.5,530.0,530.0,6400.0,244.02474131412876,245.62116485543615,241.7441362551182,241.7441362551182,6400.0
2001-12-28,False,daily,529.0,539.0,529.0,536.2,9800.0,241.2880152433161,245.8492253613372,241.2880152433161,244.57208652829132,9800.0
2001-12-27,False,daily,521.0,530.0,518.0,527.9,19900.0,237.63904714889924,241.7441362551182,236.2706841134929,240.78628213033377,19900.0
2001-12-26,False,daily,518.0,522.0,518.0,520.3,42500.0,236.2706841134929,238.09516816070135,236.2706841134929,237.31976244063773,42500.0
2001-12-24,False,daily,518.2,519.0,515.0,518.0,12300.0,236.36190831585336,236.72680512529502,234.90232107808657,236.2706841134929,12300.0
2001-12-21,False,daily,515.5,519.0,515.5,518.2,18300.0,235.13038158398763,236.72680512529502,235.13038158398763,236.36190831585336,18300.0
2001-12-20,False,daily,516.0,517.5,515.3,516.5,4900.0,235.35844208988868,236.04262360759185,235.03915738162718,235.58650259578974,4900.0
2001-12-19,False,daily,517.0,519.0,513.0,517.4,17900.0,235.8145631016908,236.72680512529502,233.99007905448235,235.9970115064116,17900.0
2001-12-18,False,daily,517.5,519.0,517.5,518.0,8500.0,236.04262360759185,236.72680512529502,236.04262360759185,236.2706841134929,8500.0
2001-12-17,False,daily,513.0,520.0,510.0,516.7,13000.0,233.99007905448235,237.18292613709713,232.62171601907602,235.6777267981502,13000.0
2001-12-14,False,daily,510.0,517.2,510.0,514.4,10100.0,232.62171601907602,235.90578730405124,232.62171601907602,234.6286484710053,10100.0
2001-12-13,False,daily,515.1,517.5,509.0,509.0,15400.0,234.94793317926678,236.04262360759185,232.1655950072739,232.1655950072739,15400.0
2001-12-12,False,daily,517.0,518.0,515.0,516.1,6600.0,235.8145631016908,236.2706841134929,234.90232107808657,235.4040541910689,6600.0
2001-12-11,False,daily,514.4,518.0,514.0,514.9,6000.0,234.6286484710053,236.2706841134929,234.44620006628446,234.85670897690636,6000.0
2001-12-10,False,daily,518.0,522.9,511.6,513.4,7800.0,236.2706841134929,238.50567707132322,233.3515096379594,234.1725274592032,7800.0
2001-12-07,False,daily,523.5,523.5,513.0,517.1,11600.0,238.77934967840451,238.77934967840451,233.99007905448235,235.860175202871,11600.0
2001-12-06,False,daily,518.0,518.0,510.2,511.0,44400.0,236.2706841134929,236.2706841134929,232.71294022143644,233.07783703087813,44400.0
2001-12-05,False,daily,510.5,515.0,508.3,510.2,7400.0,232.84977652497707,234.90232107808657,231.84631029901243,232.71294022143644,7400.0
2001-12-04,False,daily,516.2,517.5,509.0,510.5,5800.0,235.44966629224913,236.04262360759185,232.1655950072739,232.84977652497707,5800.0
2001-12-03,False,daily,518.0,518.0,509.0,516.3,13200.0,236.2706841134929,236.2706841134929,232.1655950072739,235.4952783934293,13200.0
2001-11-30,False,daily,518.0,519.5,509.0,510.0,13000.0,236.2706841134929,236.95486563119607,232.1655950072739,232.62171601907602,13000.0
2001-11-29,False,daily,516.5,518.0,514.0,518.0,7000.0,235.58650259578974,236.2706841134929,234.44620006628446,236.2706841134929,7000.0
2001-11-28,False,daily,517.5,517.5,513.0,517.0,6400.0,236.04262360759185,236.04262360759185,233.99007905448235,235.8145631016908,6400.0
2001-11-27,False,daily,517.0,518.0,516.0,516.6,2400.0,235.8145631016908,236.2706841134929,235.35844208988868,235.63211469696995,2400.0
2001-11-26,False,daily,518.0,518.0,514.1,518.0,5400.0,236.2706841134929,236.2706841134929,234.49181216746467,236.2706841134929,5400.0
2001-11-23,False,daily,519.0,519.0,516.0,518.0,1200.0,236.72680512529502,236.72680512529502,235.35844208988868,236.2706841134929,1200.0
2001-11-21,False,daily,518.5,518.5,512.0,514.5,2200.0,236.49874461939396,236.49874461939396,233.53395804268024,234.67426057218552,2200.0
2001-11-20,False,daily,518.0,520.0,518.0,518.5,8300.0,236.2706841134929,237.18292613709713,236.2706841134929,236.49874461939396,8300.0
2001-11-19,False,daily,519.0,522.0,517.3,519.8,7200.0,236.72680512529502,238.09516816070135,235.9513994052314,237.09170193473668,7200.0
2001-11-16,False,daily,520.0,520.0,516.0,520.0,5800.0,237.18292613709713,237.18292613709713,235.35844208988868,237.18292613709713,5800.0
2001-11-15,False,daily,519.0,519.8,518.0,519.3,2800.0,236.72680512529502,237.09170193473668,236.2706841134929,236.86364142883562,2800.0
2001-11-14,False,daily,517.0,520.0,516.0,517.9,7000.0,235.8145631016908,237.18292613709713,235.35844208988868,236.22507201231267,7000.0
2001-11-13,False,daily,519.0,519.0,511.0,517.0,16400.0,236.72680512529502,236.72680512529502,233.07783703087813,235.8145631016908,16400.0
2001-11-12,False,daily,520.0,520.0,520.0,520.0,800.0,237.18292613709713,237.18292613709713,237.18292613709713,237.18292613709713,800.0
2001-11-09,False,daily,523.0,523.0,521.8,521.9,5000.0,238.55128917250346,238.55128917250346,238.0039439583409,238.0495560595211,5000.0
2001-11-08,False,daily,525.0,525.0,523.3,523.3,5700.0,239.46353119610768,239.46353119610768,238.68812547604406,238.68812547604406,5700.0
2001-11-07,False,daily,530.0,530.0,523.0,525.0,6300.0,241.7441362551182,241.7441362551182,238.55128917250346,239.46353119610768,6300.0
2001-11-06,False,daily,518.9,528.0,518.9,527.5,4500.0,236.68119302411478,240.83189423151399,236.68119302411478,240.60383372561293,4500.0
2001-11-05,False,daily,515.0,521.0,515.0,518.9,3200.0,234.90232107808657,237.63904714889924,234.90232107808657,236.68119302411478,3200.0
2001-11-02,False,daily,508.3,513.7,508.0,512.8,5000.0,231.84631029901243,234.30936376274386,231.7094739954718,233.8988548521219,5000.0
2001-11-01,False,daily,510.0,513.0,503.0,508.3,5700.0,232.62171601907602,233.99007905448235,229.42886893646124,231.84631029901243,5700.0
2001-10-31,False,daily,509.0,516.0,509.0,510.5,5300.0,232.1655950072739,235.35844208988868,232.1655950072739,232.84977652497707,5300.0
2001-10-30,False,daily,514.3,514.3,508.0,508.0,7400.0,234.58303636982507,234.58303636982507,231.7094739954718,231.7094739954718,7400.0
2001-10-29,False,daily,523.0,524.8,513.4,514.3,4800.0,238.55128917250346,239.37230699374723,234.1725274592032,234.58303636982507,4800.0
2001-10-26,False,daily,519.8,530.0,517.8,525.0,6500.0,237.09170193473668,241.7441362551182,236.17945991113245,239.46353119610768,6500.0
2001-10-25,False,daily,520.0,525.0,518.0,521.2,5000.0,237.18292613709713,239.46353119610768,236.2706841134929,237.73027135125966,5000.0
2001-10-24,False,daily,524.0,524.0,519.2,523.0,3000.0,239.00741018430557,239.00741018430557,236.81802932765544,238.55128917250346,3000.0
2001-10-23,False,daily,527.0,533.0,518.0,519.9,10100.0,239.73403774582252,242.46345753040492,235.6399080689489,236.50422433406663,10100.0
2001-10-22,False,daily,526.0,528.0,520.0,527.0,5000.0,239.2791344483921,240.18894104325292,236.54971466380968,239.73403774582252,5000.0
2001-10-19,False,daily,521.8,525.2,513.0,524.6,13600.0,237.3685405991844,238.9152118104478,233.36539158179687,238.64226983198955,13600.0
2001-10-18,False,daily,519.5,522.8,518.0,522.8,8400.0,236.32226301509448,237.8234438966148,235.6399080689489,237.8234438966148,8400.0
2001-10-17,False,daily,522.0,523.0,514.0,516.9,6100.0,237.4595212586705,237.9144245561009,233.82029487922728,235.13951444177542,6100.0
2001-10-16,False,daily,532.8,540.0,521.5,525.0,12100.0,242.37247687091883,245.64778061241776,237.2320696099553,238.8242311509617,12100.0
2001-10-15,False,daily,518.0,532.8,513.5,532.8,7200.0,235.6399080689489,242.37247687091883,233.59284323051207,242.37247687091883,7200.0
2001-10-12,False,daily,517.0,523.6,512.0,519.6,13200.0,235.1850047715185,238.18736653455915,232.91048828436647,236.36775334483755,13200.0
2001-10-11,False,daily,507.0,519.0,507.0,518.0,7000.0,230.63597179721444,236.09481136637928,230.63597179721444,235.6399080689489,7000.0
2001-10-10,False,daily,500.9,509.9,500.9,504.7,4500.0,227.861061682889,231.9551913597626,227.861061682889,229.58969421312452,4500.0
2001-10-09,False,daily,503.4,503.4,492.0,501.9,8600.0,228.998319926465,228.998319926465,223.8124223357584,228.3159649803194,8600.0
2001-10-08,False,daily,509.7,509.7,479.0,491.7,12000.0,231.86421070027654,231.86421070027654,217.89867946916317,223.67595134652927,12000.0
2001-10-05,False,daily,512.0,512.0,505.0,509.7,3100.0,232.91048828436647,232.91048828436647,229.72616520235366,231.86421070027654,3100.0
2001-10-04,False,daily,517.0,517.0,498.0,510.0,4700.0,235.1850047715185,235.1850047715185,226.54184212034082,232.00068168950565,4700.0
2001-10-03,False,daily,506.7,506.7,501.0,505.0,6300.0,230.49950080798533,230.49950080798533,227.90655201263203,229.72616520235366,6300.0
2001-10-02,False,daily,506.0,510.0,500.3,505.0,4800.0,230.18106849978403,232.00068168950565,227.58811970443074,229.72616520235366,4800.0
2001-10-01,False,daily,518.8,518.8,500.0,505.8,6600.0,236.00383070689318,236.00383070689318,227.45164871520163,230.09008784029797,6600.0
2001-09-28,False,daily,503.5,520.0,503.5,519.8,8600.0,229.04381025620805,236.54971466380968,229.04381025620805,236.4587340043236,8600.0
2001-09-27,False,daily,503.8,503.8,497.2,502.5,10800.0,229.18028124543716,229.18028124543716,226.1779194823965,228.58890695877764,10800.0
2001-09-26,False,daily,517.3,517.3,503.7,503.7,7900.0,235.32147576074757,235.32147576074757,229.1347909156941,229.1347909156941,7900.0
2001-09-25,False,daily,515.0,519.75,509.0,516.3,8800.0,234.27519817665768,236.43598883945208,231.54577839207525,234.86657246331717,8800.0
2001-09-24,False,daily,517.2,517.2,503.0,515.0,5300.0,235.27598543100459,235.27598543100459,228.81635860749284,234.27519817665768,5300.0
2001-09-21,False,daily,507.0,507.0,470.0,500.2,17400.0,230.63597179721444,230.63597179721444,213.80454979228952,227.5426293746877,17400.0
2001-09-20,False,daily,513.5,513.5,489.9,494.5,12800.0,233.59284323051207,233.59284323051207,222.85712541115456,224.9496805793344,12800.0
2001-09-19,False,daily,536.0,536.0,507.0,514.5,9600.0,243.82816742269614,243.82816742269614,230.63597179721444,234.04774652794248,9600.0
2001-09-18,False,daily,532.0,539.0,529.0,536.0,6800.0,242.00855423297452,245.19287731498736,240.64384434068333,243.82816742269614,6800.0
2001-09-17,False,daily,555.4,555.4,532.0,532.6,4700.0,252.65329139284594,252.65329139284594,242.00855423297452,242.2814962114328,4700.0
2001-09-10,False,daily,554.8,560.0,553.0,556.4,4400.0,252.3803494143877,254.74584656102581,251.561523479013,253.10819469027635,4400.0
2001-09-07,False,daily,570.0,570.0,552.0,555.6,5800.0,259.29487953532987,259.29487953532987,251.1066201815826,252.74427205233206,5800.0
2001-09-06,False,daily,578.0,578.0,568.0,572.6,2900.0,262.93410591477306,262.93410591477306,258.38507294046906,260.4776281086489,2900.0
2001-09-05,False,daily,579.0,585.0,577.0,579.6,6600.0,263.38900921220346,266.1184289967859,262.47920261734265,263.66195119066174,6600.0
2001-09-04,False,daily,573.5,579.3,573.0,579.3,9400.0,260.8870410763363,263.5254802014326,260.6595894276211,263.5254802014326,9400.0
2001-08-31,False,daily,568.5,577.0,568.5,573.5,5700.0,258.61252458918426,262.47920261734265,258.61252458918426,260.8870410763363,5700.0
2001-08-30,False,daily,579.9,579.9,569.0,569.0,2900.0,263.79842217989085,263.79842217989085,258.83997623789946,258.83997623789946,2900.0
2001-08-29,False,daily,583.5,583.5,579.0,579.9,8900.0,265.4360740506403,265.4360740506403,263.38900921220346,263.79842217989085,8900.0
2001-08-28,False,daily,593.0,594.0,583.5,583.5,4300.0,269.75765537622914,270.21255867365954,265.4360740506403,265.4360740506403,4300.0
2001-08-27,False,daily,591.5,593.0,590.0,590.5,2700.0,269.07530043008353,269.75765537622914,268.3929454839379,268.6203971326531,2700.0
2001-08-24,False,daily,588.0,596.0,588.0,592.0,4800.0,267.4831388890771,271.12236526852035,267.4831388890771,269.30275207879873,4800.0
2001-08-23,False,daily,583.0,591.0,583.0,589.0,1200.0,265.2086224019251,268.8478487813683,265.2086224019251,267.9380421865075,1200.0
2001-08-22,False,daily,585.0,585.0,581.5,581.8,1700.0,266.1184289967859,266.1184289967859,264.5262674557795,264.6627384450086,1700.0
2001-08-21,False,daily,579.5,587.0,579.5,585.9,4600.0,263.61646086091866,267.0282355916467,263.61646086091866,266.5278419644733,4600.0
2001-08-20,False,daily,576.0,583.25,576.0,583.25,2100.0,262.0242993199123,265.3223482262827,262.0242993199123,265.3223482262827,2100.0
2001-08-17,False,daily,580.0,581.0,575.0,575.0,4300.0,263.84391250963387,264.2988158070643,261.5693960224819,261.5693960224819,4300.0
2001-08-16,False,daily,584.0,584.0,576.0,582.4,4500.0,265.6635256993555,265.6635256993555,262.0242993199123,264.93568042346686,4500.0
2001-08-15,False,daily,588.0,588.5,583.5,584.2,1800.0,267.4831388890771,267.7105905377923,265.4360740506403,265.7545063588416,1800.0
2001-08-14,False,daily,593.5,594.0,588.0,588.0,2300.0,269.98510702494434,270.21255867365954,267.4831388890771,267.4831388890771,2300.0
2001-08-13,False,daily,589.0,594.0,589.0,593.5,1800.0,267.9380421865075,270.21255867365954,267.9380421865075,269.98510702494434,1800.0
2001-08-10,False,daily,585.0,591.6,583.0,588.3,2800.0,266.1184289967859,269.12079075982655,265.2086224019251,267.6196098783062,2800.0
2001-08-09,False,daily,591.0,592.1,584.0,585.9,2200.0,268.8478487813683,269.34824240854175,265.6635256993555,266.5278419644733,2200.0
2001-08-08,False,daily,595.0,599.0,589.0,589.1,4100.0,270.66746197108995,272.48707516081157,267.9380421865075,267.9835325162506,4100.0
2001-08-07,False,daily,586.0,594.5,586.0,594.5,3000.0,266.5733322942163,270.44001032237475,266.5733322942163,270.44001032237475,3000.0
2001-08-06,False,daily,587.5,587.5,584.1,584.1,2000.0,267.2556872403619,267.2556872403619,265.70901602909856,265.70901602909856,2000.0
2001-08-03,False,daily,588.0,590.0,584.3,587.3,3800.0,267.4831388890771,268.3929454839379,265.7999966885846,267.1647065808758,3800.0
2001-08-02,False,daily,584.0,588.2,581.0,588.2,3200.0,265.6635256993555,267.5741195485632,264.2988158070643,267.5741195485632,3200.0
2001-08-01,False,daily,585.5,585.5,577.0,583.0,6300.0,266.3458806455011,266.3458806455011,262.47920261734265,265.2086224019251,6300.0
2001-07-31,False,daily,579.0,584.5,578.0,584.5,3400.0,263.38900921220346,265.8909773480707,262.93410591477306,265.8909773480707,3400.0
2001-07-30,False,daily,580.0,580.5,577.1,579.8,2700.0,263.84391250963387,264.07136415834907,262.5246929470857,263.7529318501478,2700.0
2001-07-27,False,daily,581.5,581.5,576.5,578.3,3700.0,264.5262674557795,264.5262674557795,262.25175096862745,263.07057690400217,3700.0
2001-07-26,False,daily,572.4,579.3,569.0,578.9,4100.0,260.3866474491628,263.5254802014326,258.83997623789946,263.34351888246044,4100.0
2001-07-25,False,daily,571.1,573.1,571.1,572.4,11100.0,259.7952731625033,260.7050797573641,259.7952731625033,260.3866474491628,11100.0
2001-07-24,False,daily,582.0,583.5,571.0,572.5,7000.0,264.10775325098075,264.78844333667917,259.11602595585913,259.79671604155754,7000.0
2001-07-23,False,daily,587.0,590.5,580.0,583.9,5700.0,266.37672020330876,267.96499706993836,263.20016647004957,264.9699606928654,5700.0
2001-07-20,False,daily,582.0,587.3,577.0,587.0,7900.0,264.10775325098075,266.51285822044844,261.83878629865274,266.37672020330876,7900.0
2001-07-19,False,daily,580.0,590.0,580.0,585.0,5100.0,263.20016647004957,267.7381003747056,263.20016647004957,265.4691334223776,5100.0
2001-07-18,False,daily,593.5,593.5,574.9,576.4,10200.0,269.3263772413352,269.3263772413352,260.885820178675,261.5665102643734,10200.0
2001-07-17,False,daily,566.3,592.5,566.3,592.5,12200.0,256.9831970206708,268.8725838508696,256.9831970206708,268.8725838508696,12200.0
2001-07-16,False,daily,568.0,568.0,562.5,565.3,3200.0,257.7546457844623,257.7546457844623,255.25878213690152,256.5294036302052,3200.0
2001-07-13,False,daily,563.3,570.0,560.0,569.8,8200.0,255.62181684927398,258.66223256539354,254.1242986607375,258.5714738873004,8200.0
2001-07-12,False,daily,560.0,566.0,560.0,563.3,4500.0,254.1242986607375,256.8470590035311,254.1242986607375,255.62181684927398,4500.0
2001-07-11,False,daily,561.0,563.0,560.0,561.6,7600.0,254.5780920512031,255.4856788321343,254.1242986607375,254.85036808548247,7600.0
2001-07-10,False,daily,565.5,565.5,559.2,560.3,4400.0,256.62016230829835,256.62016230829835,253.76126394836504,254.26043667787715,4400.0
2001-07-09,False,daily,566.5,566.5,561.0,565.5,3400.0,257.07395569876394,257.07395569876394,254.5780920512031,256.62016230829835,3400.0
2001-07-06,False,daily,577.0,578.0,562.5,566.4,4600.0,261.83878629865274,262.2925796891183,255.25878213690152,257.02857635971736,4600.0
2001-07-05,False,daily,575.0,580.5,575.0,575.4,2400.0,260.93119951772155,263.42706316528233,260.93119951772155,261.1127168739078,2400.0
2001-07-03,False,daily,574.0,575.0,571.3,573.9,2800.0,260.47740612725596,260.93119951772155,259.2521639729988,260.4320267882094,2800.0
2001-07-02,False,daily,574.0,575.7,571.0,573.0,3400.0,260.47740612725596,261.2488548910475,259.11602595585913,260.0236127367903,3400.0
2001-06-29,False,daily,574.3,579.0,573.0,574.0,10700.0,260.6135441443956,262.746373079584,260.0236127367903,260.47740612725596,10700.0
2001-06-28,False,daily,566.0,576.3,566.0,575.3,4800.0,256.8470590035311,261.5211309253268,256.8470590035311,261.0673375348612,4800.0
2001-06-27,False,daily,554.0,568.0,553.0,565.3,4800.0,251.40153831794387,257.7546457844623,250.94774492747828,256.5294036302052,4800.0
2001-06-26,False,daily,552.0,560.8,548.0,555.0,6000.0,250.4939515370127,254.48733337310998,248.67877797515027,251.8553317084095,6000.0
2001-06-25,False,daily,559.0,561.0,553.4,554.0,2800.0,253.6705052702719,254.5780920512031,251.1292622836645,251.40153831794387,2800.0
2001-06-22,False,daily,563.0,564.5,554.0,556.7,7500.0,255.4856788321343,256.1663689178327,251.40153831794387,252.62678047220103,7500.0
2001-06-21,False,daily,561.0,565.8,560.0,563.0,8900.0,254.5780920512031,256.75630032543796,254.1242986607375,255.4856788321343,8900.0
2001-06-20,False,daily,548.9,559.0,548.0,558.6,10900.0,249.0871920265693,253.6705052702719,248.67877797515027,253.48898791408567,10900.0
2001-06-19,False,daily,547.0,552.0,546.5,548.9,5200.0,248.22498458468468,250.4939515370127,247.99808788945188,249.0871920265693,5200.0
2001-06-18,False,daily,542.0,548.3,542.0,546.6,11800.0,245.95601763235666,248.81491599228994,245.95601763235666,248.04346722849843,11800.0
2001-06-15,False,daily,560.0,560.0,542.0,542.0,14800.0,254.1242986607375,254.1242986607375,245.95601763235666,245.95601763235666,14800.0
2001-06-14,False,daily,570.7,570.7,563.4,563.4,3400.0,258.97988793871946,258.97988793871946,255.66719618832053,255.66719618832053,3400.0
2001-06-13,False,daily,574.0,574.0,570.7,570.7,2100.0,260.47740612725596,260.47740612725596,258.97988793871946,258.97988793871946,2100.0
2001-06-12,False,daily,576.5,578.0,570.8,570.8,3300.0,261.61188960341997,262.2925796891183,259.025267277766,259.025267277766,3300.0
2001-06-11,False,daily,575.6,576.0,574.0,575.9,2000.0,261.2034755520009,261.38499290818714,260.47740612725596,261.33961356914057,2000.0
2001-06-08,False,daily,586.0,588.0,575.6,575.6,3500.0,265.9229268128432,266.83051359377436,261.2034755520009,261.2034755520009,3500.0
2001-06-07,False,daily,588.0,589.5,588.0,588.1,2400.0,266.83051359377436,267.51120367947277,266.83051359377436,266.87589293282093,2400.0
2001-06-06,False,daily,592.0,593.0,588.5,589.3,5000.0,268.6456871556368,269.09948054610237,267.0574102890072,267.4204450013796,5000.0
2001-06-05,False,daily,586.0,592.0,586.0,589.3,8600.0,265.9229268128432,268.6456871556368,265.9229268128432,267.4204450013796,8600.0
2001-06-04,False,daily,586.5,590.0,584.0,585.2,1800.0,266.149823508076,267.7381003747056,265.015340031912,265.55989210047073,1800.0
2001-06-01,False,daily,585.5,585.5,576.0,584.5,6900.0,265.69603011761035,265.69603011761035,261.38499290818714,265.24223672714476,6900.0
2001-05-31,False,daily,579.0,586.1,579.0,582.3,6200.0,262.746373079584,265.96830615188975,262.746373079584,264.2438912681204,6200.0
2001-05-30,False,daily,589.0,589.0,577.2,577.2,4200.0,267.28430698424,267.28430698424,261.9295449767459,261.9295449767459,4200.0
2001-05-29,False,daily,588.5,590.2,584.8,589.9,7800.0,267.0574102890072,267.82885905279875,265.37837474428443,267.692721035659,7800.0
2001-05-25,False,daily,589.5,590.0,588.0,588.9,1700.0,267.51120367947277,267.7381003747056,266.83051359377436,267.2389276451934,1700.0
2001-05-24,False,daily,589.3,592.5,587.0,589.1,9800.0,267.4204450013796,268.8725838508696,266.37672020330876,267.3296863232866,9800.0
2001-05-23,False,daily,601.0,603.0,588.0,588.3,4500.0,272.7298276698272,273.6374144507584,266.83051359377436,266.966651610914,4500.0
2001-05-22,False,daily,602.0,603.0,598.0,602.2,3800.0,273.1836210602928,273.6374144507584,271.3684474984304,273.27437973838596,3800.0
2001-05-21,False,daily,600.5,605.0,592.5,605.0,10200.0,272.5029309745944,274.54500123168964,268.8725838508696,274.54500123168964,10200.0
2001-05-18,False,daily,597.0,600.0,595.5,598.6,4900.0,270.9146541079648,272.2760342793616,270.2339640222664,271.6407235327098,4900.0
2001-05-17,False,daily,596.0,599.4,588.0,599.0,12000.0,270.4608607174992,272.0037582450822,266.83051359377436,271.82224088889603,12000.0
2001-05-16,False,daily,594.0,597.0,594.0,596.9,3000.0,269.553273936568,270.9146541079648,269.553273936568,270.8692747689182,3000.0
2001-05-15,False,daily,587.0,593.0,587.0,590.5,2500.0,266.37672020330876,269.09948054610237,266.37672020330876,267.96499706993836,2500.0
2001-05-14,False,daily,590.0,590.0,585.1,588.4,1300.0,267.7381003747056,267.7381003747056,265.51451276142416,267.0120309499606,1300.0
2001-05-11,False,daily,590.0,591.2,588.1,589.1,2700.0,267.7381003747056,268.28265244326434,266.87589293282093,267.3296863232866,2700.0
2001-05-10,False,daily,588.0,595.8,586.0,591.0,7500.0,266.83051359377436,270.37010203940605,265.9229268128432,268.1918937651712,7500.0
2001-05-09,False,daily,587.0,587.5,585.0,587.3,2700.0,266.37672020330876,266.6036168985416,265.4691334223776,266.51285822044844,2700.0
2001-05-08,False,daily,589.6,591.0,586.0,587.5,2800.0,267.55658301851935,268.1918937651712,265.9229268128432,266.6036168985416,2800.0
2001-05-07,False,daily,597.0,597.0,581.9,588.6,5400.0,270.9146541079648,270.9146541079648,264.0623739119342,267.10278962805376,5400.0
2001-05-04,False,daily,584.0,599.0,584.0,599.0,4700.0,265.015340031912,271.82224088889603,265.015340031912,271.82224088889603,4700.0
2001-05-03,False,daily,587.0,589.0,581.0,582.3,4100.0,266.37672020330876,267.28430698424,263.65395986051516,264.2438912681204,4100.0
2001-05-02,False,daily,588.5,591.0,584.0,587.6,5700.0,267.0574102890072,268.1918937651712,265.015340031912,266.64899623758816,5700.0
2001-05-01,False,daily,581.0,587.9,574.0,586.5,9600.0,263.65395986051516,266.78513425472784,260.47740612725596,266.149823508076,9600.0
2001-04-30,False,daily,603.4,603.4,579.0,581.0,18300.0,273.81893180694465,273.81893180694465,262.746373079584,263.65395986051516,18300.0
2001-04-27,False,daily,605.0,608.0,597.0,603.4,7300.0,274.54500123168964,275.9063814030864,270.9146541079648,273.81893180694465,7300.0
2001-04-26,False,daily,597.0,605.0,597.0,603.0,5100.0,270.9146541079648,274.54500123168964,270.9146541079648,273.6374144507584,5100.0
2001-04-25,False,daily,595.9,602.0,593.0,598.0,5400.0,270.4154813784526,273.1836210602928,269.09948054610237,271.3684474984304,5400.0
2001-04-24,False,daily,596.1,598.0,593.8,597.3,9900.0,269.87442701670733,270.7346206273964,268.83314001429426,270.41770719187934,9900.0
2001-04-23,False,daily,596.0,598.0,594.4,596.1,2800.0,269.8291536687763,270.7346206273964,269.1047801018803,269.87442701670733,2800.0
2001-04-20,False,daily,598.5,599.0,588.0,597.4,5700.0,270.9609873670514,271.1873541067064,266.2072858342961,270.46298053981036,5700.0
2001-04-19,False,daily,599.0,600.5,596.0,598.6,7700.0,271.1873541067064,271.86645432567144,269.8291536687763,271.00626071498243,7700.0
2001-04-18,False,daily,595.0,602.0,595.0,597.5,10000.0,269.3764201894663,272.5455545446365,269.3764201894663,270.5082538877414,10000.0
2001-04-17,False,daily,590.9,598.0,590.9,595.0,3600.0,267.52021292429515,270.7346206273964,267.52021292429515,269.3764201894663,3600.0
2001-04-16,False,daily,591.4,591.6,589.9,589.9,2100.0,267.7465796639502,267.8371263598122,267.06747944498517,267.06747944498517,2100.0
2001-04-12,False,daily,587.0,591.4,585.0,591.4,2700.0,265.75455235498606,267.7465796639502,264.84908539636604,267.7465796639502,2700.0
2001-04-11,False,daily,597.0,602.8,580.0,586.0,6700.0,270.28188714808635,272.9077413280845,262.5854179998159,265.3018188756761,6700.0
2001-04-10,False,daily,589.0,600.0,589.0,598.3,7000.0,266.66001931360614,271.6400875860164,266.66001931360614,270.8704406711894,7000.0
2001-04-09,False,daily,582.5,589.0,582.5,588.0,2800.0,263.71725169809093,266.66001931360614,263.71725169809093,266.2072858342961,2800.0
2001-04-06,False,daily,584.0,584.0,578.0,582.5,4900.0,264.396351917056,264.396351917056,261.6799510411958,263.71725169809093,4900.0
2001-04-05,False,daily,574.9,585.0,571.5,585.0,8100.0,260.2764772553347,264.84908539636604,258.73718342568066,264.84908539636604,8100.0
2001-04-04,False,daily,571.0,578.0,562.0,574.9,8500.0,258.51081668602563,261.6799510411958,254.43621537223538,260.2764772553347,8500.0
2001-04-03,False,daily,574.3,574.3,564.0,571.8,7800.0,260.0048371677487,260.0048371677487,255.34168233085543,258.87300346947364,7800.0
2001-04-02,False,daily,583.0,595.0,575.0,575.3,12600.0,263.94361843774595,269.3764201894663,260.32175060326574,260.45757064705873,12600.0
2001-03-30,False,daily,555.3,578.0,555.3,578.0,21700.0,251.4029010608582,261.6799510411958,251.4029010608582,261.6799510411958,21700.0
2001-03-29,False,daily,549.1,555.0,547.3,554.7,5600.0,248.59595348913604,251.2670810170652,247.78103322637796,251.13126097327222,5600.0
2001-03-28,False,daily,555.0,556.0,547.1,549.1,6800.0,251.2670810170652,251.71981449637522,247.69048653051598,248.59595348913604,6800.0
2001-03-27,False,daily,544.0,557.8,542.0,557.1,10100.0,246.2870127446549,252.53473475913324,245.38154578603485,252.21782132361628,10100.0
2001-03-26,False,daily,536.0,545.3,535.0,543.9,6700.0,242.6651449101747,246.8755662677579,242.21241143086465,246.2417393967239,6700.0
2001-03-23,False,daily,535.0,539.0,530.0,534.8,10000.0,242.21241143086465,244.02334534810475,239.9487440343145,242.12186473500262,10000.0
2001-03-22,False,daily,544.0,544.0,524.0,535.0,12100.0,246.2870127446549,246.2870127446549,237.23234315845434,242.21241143086465,12100.0
2001-03-21,False,daily,557.2,557.2,543.5,544.3,4600.0,252.2630946715473,252.2630946715473,246.06064600499988,246.4228327884479,4600.0
2001-03-20,False,daily,558.0,563.3,555.0,557.2,5700.0,252.62528145499527,255.0247688953384,251.2670810170652,252.2630946715473,5700.0
2001-03-19,False,daily,591.0,591.0,555.0,560.9,20800.0,267.56548627222617,267.56548627222617,251.2670810170652,253.93820854499435,20800.0
2001-03-16,False,daily,595.9,603.0,595.0,595.2,11300.0,269.7838803208453,272.9982880239465,269.3764201894663,269.4669668853283,11300.0
2001-03-15,False,daily,597.0,599.0,593.0,595.9,4500.0,270.28188714808635,271.1873541067064,268.47095323084625,269.7838803208453,4500.0
2001-03-14,False,daily,599.5,602.0,595.5,595.7,10600.0,271.4137208463614,272.5455545446365,269.6027869291213,269.6933336249833,10600.0
2001-03-13,False,daily,601.5,602.5,595.7,600.5,5500.0,272.3191878049815,272.7719212842915,269.6933336249833,271.86645432567144,5500.0
2001-03-12,False,daily,616.0,619.0,598.5,598.5,7100.0,278.88382325497685,280.24202369290697,270.9609873670514,270.9609873670514,7100.0
2001-03-09,False,daily,627.0,628.0,614.0,620.7,12600.0,283.8638915273872,284.3166250066972,277.9783562963568,281.011670607734,12600.0
2001-03-08,False,daily,623.0,630.0,622.0,628.8,9000.0,282.0529576101471,285.22209196531725,281.60022413083703,284.6788117901452,9000.0
2001-03-07,False,daily,617.5,628.0,616.0,622.0,13000.0,279.5629234739419,284.3166250066972,278.88382325497685,281.60022413083703,13000.0
2001-03-06,False,daily,625.4,627.0,620.5,622.2,14700.0,283.1395179604911,283.8638915273872,280.921123911872,281.69077082669907,14700.0
2001-03-05,False,daily,632.8,651.5,623.0,625.4,23500.0,286.4897457073853,294.95586177048284,282.0529576101471,283.1395179604911,23500.0
2001-03-02,False,daily,625.0,633.5,623.0,632.8,7600.0,282.9584245687671,286.80665914290233,282.0529576101471,286.4897457073853,7600.0
2001-03-01,False,daily,619.8,625.0,615.0,625.0,7900.0,280.604210476355,282.9584245687671,278.43108977566686,282.9584245687671,7900.0
2001-02-28,False,daily,618.5,622.9,617.0,621.5,6100.0,280.01565695325195,282.00768426221606,279.3365567342869,281.373857391182,6100.0
2001-02-27,False,daily,619.5,621.3,617.0,619.9,6400.0,280.468390432562,281.28331069532,279.3365567342869,280.649483824286,6400.0
2001-02-26,False,daily,617.3,621.7,617.0,620.3,5800.0,279.4723767780799,281.46440408704404,279.3365567342869,280.83057721600994,5800.0
2001-02-23,False,daily,615.0,617.3,613.0,617.3,6700.0,278.43108977566686,279.4723767780799,277.5256228170468,279.4723767780799,6700.0
2001-02-22,False,daily,619.0,620.0,615.0,616.9,8800.0,280.24202369290697,280.69475717221695,278.43108977566686,279.2912833863559,8800.0
2001-02-21,False,daily,623.0,633.0,619.8,619.8,6600.0,282.0529576101471,286.5802924032473,280.604210476355,280.604210476355,6600.0
2001-02-20,False,daily,616.5,625.0,615.0,622.0,7100.0,279.11018999463187,282.9584245687671,278.43108977566686,281.60022413083703,7100.0
2001-02-16,False,daily,601.0,614.5,601.0,614.4,5500.0,272.09282106532646,278.20472303601184,272.09282106532646,278.1594496880808,5500.0
2001-02-15,False,daily,600.0,604.8,597.0,598.5,5400.0,271.6400875860164,273.81320828670454,270.28188714808635,270.9609873670514,5400.0
2001-02-14,False,daily,608.0,608.0,600.0,600.0,3100.0,275.26195542049663,275.26195542049663,271.6400875860164,271.6400875860164,3100.0
2001-02-13,False,daily,605.1,608.5,605.0,605.3,3900.0,273.9490283304976,275.48832216015165,273.90375498256657,274.03957502635956,3900.0
2001-02-12,False,daily,604.9,610.0,604.9,604.9,3000.0,273.85848163463555,276.1674223791167,273.85848163463555,273.85848163463555,3000.0
2001-02-09,False,daily,606.5,616.0,604.0,604.0,7300.0,274.58285520153163,278.88382325497685,273.4510215032565,273.4510215032565,7300.0
2001-02-08,False,daily,605.0,607.0,604.0,604.0,7500.0,273.90375498256657,274.80922194118665,273.4510215032565,273.4510215032565,7500.0
2001-02-07,False,daily,599.0,609.0,599.0,606.8,9200.0,271.1873541067064,275.7146888998067,271.1873541067064,274.7186752453246,9200.0
2001-02-06,False,daily,584.0,603.0,584.0,598.1,16200.0,264.396351917056,272.9982880239465,264.396351917056,270.7798939753274,16200.0
2001-02-05,False,daily,582.0,588.0,580.8,582.5,7200.0,263.4908849584359,266.2072858342961,262.9476047832639,263.71725169809093,7200.0
2001-02-02,False,daily,582.4,586.0,580.0,580.6,4500.0,263.6719783501599,265.3018188756761,262.5854179998159,262.8570580874019,4500.0
2001-02-01,False,daily,587.5,589.0,574.0,581.5,12700.0,265.9809190946411,266.66001931360614,259.8690171239557,263.26451821878095,12700.0
2001-01-31,False,daily,589.1,589.1,582.1,586.0,7400.0,266.70529266153716,266.70529266153716,263.53615830636693,265.3018188756761,7400.0
2001-01-30,False,daily,597.0,597.0,583.0,590.1,7900.0,270.28188714808635,270.28188714808635,263.94361843774595,267.1580261408472,7900.0
2001-01-29,False,daily,582.0,598.5,582.0,597.4,21500.0,263.4908849584359,270.9609873670514,263.4908849584359,270.46298053981036,21500.0
2001-01-26,False,daily,588.5,590.0,576.0,580.1,7400.0,266.4336525739511,267.1127527929162,260.7744840825758,262.6306913477469,7400.0
2001-01-25,False,daily,591.5,591.5,581.6,586.6,6600.0,267.7918530118812,267.7918530118812,263.30979156671197,265.57345896326206,6600.0
2001-01-24,False,daily,597.5,598.8,590.0,592.2,7500.0,270.5082538877414,271.0968074108444,267.1127527929162,268.10876644739824,7500.0
2001-01-23,False,daily,606.9,607.1,599.8,600.4,9800.0,274.11592041261116,274.2062535549452,270.9090938597531,271.1800932867552,9800.0
2001-01-22,False,daily,613.0,613.0,601.5,606.9,5200.0,276.87108125379905,276.87108125379905,271.6769255695924,274.11592041261116,5200.0
2001-01-19,False,daily,619.9,619.9,614.6,614.9,4200.0,279.98757466432306,279.98757466432306,277.5937463924713,277.7292461059723,4200.0
2001-01-18,False,daily,621.0,628.0,617.0,619.9,10700.0,280.4844069471602,283.64606692885127,278.67774410047963,279.98757466432306,10700.0
2001-01-17,False,daily,632.6,635.0,622.0,622.0,3700.0,285.72372920253395,286.80772691054227,280.93607265883037,280.93607265883037,3700.0
2001-01-16,False,daily,623.0,631.8,615.0,631.8,8500.0,281.38773837050053,285.36239663319776,277.77441267713937,285.36239663319776,8500.0
2001-01-12,False,daily,615.6,628.9,612.1,627.9,9300.0,278.04541210414146,284.0525660693544,276.46458211329593,283.6009003576842,9300.0
2001-01-11,False,daily,608.8,615.6,603.4,615.6,6100.0,274.97408526478443,278.04541210414146,272.5350904217657,278.04541210414146,6100.0
2001-01-10,False,daily,600.8,606.8,597.1,606.8,4400.0,271.3607595714233,274.0707538414442,269.68959643824377,274.0707538414442,4400.0
2001-01-09,False,daily,602.0,602.0,596.4,599.8,5900.0,271.90275842542746,271.90275842542746,269.3734304400746,270.9090938597531,5900.0
2001-01-08,False,daily,600.0,605.0,595.3,604.0,10400.0,270.9994270020872,273.2577555604379,268.8765981572375,272.8060898487678,10400.0
2001-01-05,False,daily,620.0,620.0,596.4,599.1,16600.0,280.0327412354901,280.0327412354901,269.3734304400746,270.59292786158403,16600.0
2001-01-04,False,daily,611.5,622.0,610.1,621.8,14800.0,276.19358268629384,280.93607265883037,275.56125068995567,280.84573951649634,14800.0
2001-01-03,False,daily,601.0,617.5,601.0,613.5,16400.0,271.4510927137573,278.90357695631474,271.4510927137573,277.09691410963416,16400.0
2001-01-02,False,daily,619.0,622.9,603.0,603.2,13000.0,279.58107552381995,281.3425717993335,272.3544241370976,272.44475727943166,13000.0
2002-12-31,False,daily,727.0,743.0,722.2,738.0,16100.0,334.65135301924187,342.0164446950436,332.44182551650135,339.7148535463556,16100.0
2002-12-30,False,daily,718.3,728.5,712.3,728.5,17500.0,330.6465844205246,335.34183036384826,327.884675042099,335.34183036384826,17500.0
2002-12-27,False,daily,736.0,736.3,718.0,718.3,9700.0,338.79421708688034,338.9323125558016,330.5084889516034,330.6465844205246,9700.0
2002-12-26,False,daily,735.5,739.0,735.5,737.4,10500.0,338.56405797201154,340.1751717760932,338.56405797201154,339.43866260851297,10500.0
2002-12-24,False,daily,735.0,737.0,734.6,735.5,3700.0,338.33389885714274,339.25453531661793,338.1497715652477,338.56405797201154,3700.0
2002-12-23,False,daily,735.0,735.0,729.5,735.0,11800.0,338.33389885714274,338.33389885714274,335.8021485935859,338.33389885714274,11800.0
2002-12-20,False,daily,723.5,735.0,721.5,735.0,25200.0,333.0402392151602,338.33389885714274,332.11960275568504,338.33389885714274,25200.0
2002-12-19,False,daily,712.5,724.5,712.5,718.7,15200.0,327.9767386880465,333.5005574448978,327.9767386880465,330.8307117124197,15200.0
2002-12-18,False,daily,719.1,719.1,708.5,711.0,24600.0,331.01483900431475,331.01483900431475,326.1354657690961,327.2862613434401,24600.0
2002-12-17,False,daily,719.0,722.4,717.0,720.1,10900.0,330.968807181341,332.5338891624489,330.04817072186574,331.47515723405235,10900.0
2002-12-16,False,daily,717.4,721.0,717.4,720.3,8400.0,330.2322980137608,331.8894436408162,330.2322980137608,331.56722087999987,8400.0
2002-12-13,False,daily,725.2,725.2,717.4,717.4,12700.0,333.8227802057142,333.8227802057142,330.2322980137608,330.2322980137608,12700.0
2002-12-12,False,daily,728.2,733.0,724.5,725.2,8500.0,335.20373489492704,337.4132623976675,333.5005574448978,333.8227802057142,8500.0
2002-12-11,False,daily,719.6,729.5,719.6,728.2,14700.0,331.24499811918355,335.8021485935859,331.24499811918355,335.20373489492704,14700.0
2002-12-10,False,daily,716.2,723.5,716.2,720.6,11600.0,329.6799161380757,333.0402392151602,329.6799161380757,331.7053163489212,11600.0
2002-12-09,False,daily,719.0,720.5,712.5,716.2,10500.0,330.968807181341,331.6592845259474,327.9767386880465,329.6799161380757,10500.0
2002-12-06,False,daily,717.0,723.0,715.3,721.0,15700.0,330.04817072186574,332.81008010029143,329.26562973131183,331.8894436408162,15700.0
2002-12-05,False,daily,728.0,729.0,726.0,726.3,11400.0,335.11167124897946,335.57198947871706,334.1910347895043,334.3291302584255,11400.0
2002-12-04,False,daily,727.5,732.0,726.0,730.0,6400.0,334.88151213411066,336.9529441679299,334.1910347895043,336.0323077084547,6400.0
2002-12-03,False,daily,730.5,736.0,727.0,729.5,6300.0,336.2624668233235,338.79421708688034,334.65135301924187,335.8021485935859,6300.0
2002-12-02,False,daily,726.0,735.0,726.0,732.5,8500.0,334.1910347895043,338.33389885714274,334.1910347895043,337.1831032827987,8500.0
2002-11-29,False,daily,726.5,726.5,721.0,724.0,4000.0,334.42119390437307,334.42119390437307,331.8894436408162,333.270398330029,4000.0
2002-11-27,False,daily,712.0,729.0,712.0,725.5,9800.0,327.7465795731777,335.57198947871706,327.7465795731777,333.9608756746355,9800.0
2002-11-26,False,daily,717.0,717.0,710.8,712.0,9500.0,330.04817072186574,330.04817072186574,327.1941976974926,327.7465795731777,9500.0
2002-11-25,False,daily,723.0,723.2,714.0,716.2,15500.0,332.81008010029143,332.90214374623895,328.66721603265296,329.6799161380757,15500.0
2002-11-22,False,daily,720.0,727.0,720.0,722.0,7900.0,331.4291254110786,334.65135301924187,331.4291254110786,332.34976187055383,7900.0
2002-11-21,False,daily,732.5,735.5,718.5,722.5,20900.0,337.1831032827987,338.56405797201154,330.7386480664722,332.57992098542263,20900.0
2002-11-20,False,daily,726.5,735.1,726.5,735.1,8800.0,334.42119390437307,338.3799306801165,334.42119390437307,338.3799306801165,8800.0
2002-11-19,False,daily,728.0,728.0,723.0,726.5,6800.0,335.11167124897946,335.11167124897946,332.81008010029143,334.42119390437307,6800.0
2002-11-18,False,daily,732.5,735.0,725.0,727.0,23300.0,337.1831032827987,338.33389885714274,333.7307165597666,334.65135301924187,23300.0
2002-11-15,False,daily,711.0,734.5,711.0,734.5,22500.0,327.2862613434401,338.10373974227394,327.2862613434401,338.10373974227394,22500.0
2002-11-14,False,daily,713.0,713.8,711.5,712.0,5800.0,328.2068978029153,328.5751523867054,327.5164204583089,327.7465795731777,5800.0
2002-11-13,False,daily,713.0,713.0,701.0,712.0,12800.0,328.2068978029153,328.2068978029153,322.68307904606405,327.7465795731777,12800.0
2002-11-12,False,daily,712.0,716.0,709.0,711.5,7000.0,327.7465795731777,329.58785249212815,326.36562488396487,327.5164204583089,7000.0
2002-11-11,False,daily,719.0,719.0,710.5,712.0,5900.0,330.968807181341,330.968807181341,327.0561022285713,327.7465795731777,5900.0
2002-11-08,False,daily,726.5,726.6,716.5,718.0,13100.0,334.42119390437307,334.46722572734683,329.81801160699695,330.5084889516034,13100.0
2002-11-07,False,daily,725.8,725.8,718.5,724.5,11300.0,334.0989711435567,334.0989711435567,330.7386480664722,333.5005574448978,11300.0
2002-11-06,False,daily,729.5,729.5,723.5,726.1,10000.0,335.8021485935859,335.8021485935859,333.0402392151602,334.23706661247803,10000.0
2002-11-05,False,daily,727.0,734.8,723.5,731.3,15500.0,334.65135301924187,338.24183521119517,333.0402392151602,336.6307214071136,15500.0
2002-11-04,False,daily,727.0,730.6,724.0,726.0,17100.0,334.65135301924187,336.30849864629727,333.270398330029,334.1910347895043,17100.0
2002-11-01,False,daily,727.9,727.9,719.3,724.1,13000.0,335.0656394260057,335.0656394260057,331.10690265026227,333.3164301530028,13000.0
2002-10-31,False,daily,737.5,739.0,727.0,727.9,12900.0,339.48469443148673,340.1751717760932,334.65135301924187,335.0656394260057,12900.0
2002-10-30,False,daily,729.0,742.0,727.8,738.5,11200.0,335.57198947871706,341.556126465306,335.01960760303194,339.9450126612244,11200.0
2002-10-29,False,daily,732.5,735.0,727.0,730.0,15100.0,337.1831032827987,338.33389885714274,334.65135301924187,336.0323077084547,15100.0
2002-10-28,False,daily,737.7,742.0,733.0,735.0,20100.0,339.5767580774343,341.556126465306,337.4132623976675,338.33389885714274,20100.0
2002-10-25,False,daily,713.5,738.0,713.5,737.7,16600.0,328.43705691778416,339.7148535463556,328.43705691778416,339.5767580774343,16600.0
2002-10-24,False,daily,719.0,720.0,711.0,712.3,15300.0,330.968807181341,331.4291254110786,327.2862613434401,327.884675042099,15300.0
2002-10-23,False,daily,707.6,718.0,700.0,718.0,24700.0,325.72117936233224,330.5084889516034,322.2227608163264,330.5084889516034,24700.0
2002-10-22,False,daily,702.0,709.0,699.6,708.0,16900.0,322.5145388435162,325.7304957835513,321.4119250355042,325.2710733635463,16900.0
2002-10-21,False,daily,702.0,705.1,699.0,703.0,20700.0,322.5145388435162,323.9387483455318,321.1362715835012,322.97396126352123,20700.0
2002-10-18,False,daily,706.8,707.0,698.1,705.0,9400.0,324.71976645954027,324.8116509435413,320.7227914054967,323.89280610353126,9400.0
2002-10-17,False,daily,700.0,706.0,698.5,705.8,14000.0,321.5956940035062,324.35222852353627,320.9065603734987,324.26034403953525,14000.0
2002-10-16,False,daily,701.5,704.0,695.0,700.0,15600.0,322.2848276335137,323.43338368352624,319.2985819034812,321.5956940035062,15600.0
2002-10-15,False,daily,700.0,710.0,700.0,701.5,33000.0,321.5956940035062,326.1899182035563,321.5956940035062,322.2848276335137,33000.0
2002-10-14,False,daily,684.5,696.0,683.0,696.0,8300.0,314.47464649342857,319.7580043234862,313.78551286342105,319.7580043234862,8300.0
2002-10-11,False,daily,675.0,685.1,675.0,684.5,18500.0,310.110133503381,314.7502999454316,310.110133503381,314.47464649342857,18500.0
2002-10-10,False,daily,650.0,671.0,645.8,671.0,28000.0,298.62457300325576,308.27244382336096,296.6949988392347,308.27244382336096,28000.0
2002-10-09,False,daily,662.1,664.0,653.0,653.0,22300.0,304.1835842853164,305.0564868833259,300.0028402632708,300.0028402632708,22300.0
2002-10-08,False,daily,655.0,666.1,647.0,662.1,18100.0,300.9216851032808,306.02127396533643,297.2463057432407,304.1835842853164,18100.0
2002-10-07,False,daily,659.0,659.0,650.0,653.0,15900.0,302.75937478330087,302.75937478330087,298.62457300325576,300.0028402632708,15900.0
2002-10-04,False,daily,662.5,665.0,655.0,658.0,22400.0,304.36735325331836,305.5159093033309,300.9216851032808,302.29995236329586,22400.0
2002-10-03,False,daily,656.0,661.5,653.0,658.0,19800.0,301.38110752328583,303.9079308333134,300.0028402632708,302.29995236329586,19800.0
2002-10-02,False,daily,670.5,675.5,649.0,654.5,25000.0,308.04273261335845,310.3398447133835,298.16515058325075,300.6919738932783,25000.0
2002-10-01,False,daily,650.8,675.0,650.0,675.0,17800.0,298.99211093925976,310.110133503381,298.62457300325576,310.110133503381,17800.0
2002-09-30,False,daily,663.0,663.0,649.0,649.0,26500.0,304.59706446332086,304.59706446332086,298.16515058325075,298.16515058325075,26500.0
2002-09-27,False,daily,668.0,674.8,665.0,665.0,16800.0,306.8941765633459,310.01824901938,305.5159093033309,305.5159093033309,16800.0
2002-09-26,False,daily,661.0,672.7,660.9,670.0,28400.0,303.6782196233109,309.0534619373695,303.63227738131036,307.81302140335595,28400.0
2002-09-25,False,daily,656.8,662.5,656.8,661.0,18000.0,301.74864545928983,304.36735325331836,301.74864545928983,303.6782196233109,18000.0
2002-09-24,False,daily,646.0,659.0,646.0,656.8,17500.0,296.7868833232357,302.75937478330087,296.7868833232357,301.74864545928983,17500.0
2002-09-23,False,daily,645.5,651.8,643.0,649.0,10500.0,296.5571721132332,299.4515333592648,295.40861606322073,298.16515058325075,10500.0
2002-09-20,False,daily,639.0,645.0,635.0,642.5,22200.0,293.5709263832007,296.3274609032307,291.73323670318064,295.1789048532182,22200.0
2002-09-19,False,daily,653.0,658.5,635.0,635.0,22800.0,300.0028402632708,302.52966357329836,291.73323670318064,291.73323670318064,22800.0
2002-09-18,False,daily,660.0,660.8,650.0,650.0,16100.0,303.2187972033059,303.5863351393098,298.62457300325576,298.62457300325576,16100.0
2002-09-17,False,daily,652.0,671.0,652.0,662.5,13900.0,299.5434178432658,308.27244382336096,299.5434178432658,304.36735325331836,13900.0
2002-09-16,False,daily,639.0,653.5,637.0,651.0,23800.0,293.5709263832007,300.2325514732733,292.65208154319066,299.0839954232608,23800.0
2002-09-13,False,daily,621.5,635.0,621.5,631.0,9400.0,285.53103403311303,291.73323670318064,285.53103403311303,289.8955470231606,9400.0
2002-09-12,False,daily,630.0,630.0,624.0,625.5,15000.0,289.4361246031556,289.4361246031556,286.67959008312556,287.3687237131331,15000.0
2002-09-11,False,daily,628.0,631.0,628.0,629.9,11200.0,288.51727976314555,289.8955470231606,288.51727976314555,289.3901823611551,11200.0
2002-09-10,False,daily,626.2,629.5,625.1,629.0,17700.0,287.6903194071366,289.20641339315307,287.18495474513105,288.97670218315056,17700.0
2002-09-09,False,daily,631.0,631.0,620.0,626.0,15500.0,289.8955470231606,289.8955470231606,284.8419004031055,287.5984349231356,15500.0
2002-09-06,False,daily,630.0,632.6,629.5,632.6,16800.0,289.4361246031556,290.63062289516864,289.20641339315307,290.63062289516864,16800.0
2002-09-05,False,daily,631.0,635.0,629.0,629.9,17500.0,289.8955470231606,291.73323670318064,288.97670218315056,289.3901823611551,17500.0
2002-09-04,False,daily,632.0,637.0,622.8,634.5,14100.0,290.3549694431656,292.65208154319066,286.12828317911953,291.50352549317813,14100.0
2002-09-03,False,daily,647.0,647.0,629.0,632.0,13000.0,297.2463057432407,297.2463057432407,288.97670218315056,290.3549694431656,13000.0
2002-08-30,False,daily,653.0,654.0,647.0,647.0,4200.0,300.0028402632708,300.4622626832758,297.2463057432407,297.2463057432407,4200.0
2002-08-29,False,daily,647.0,653.0,646.0,653.0,9700.0,297.2463057432407,300.0028402632708,296.7868833232357,300.0028402632708,9700.0
2002-08-28,False,daily,644.0,649.0,639.0,646.0,16700.0,295.86803848322575,298.16515058325075,293.5709263832007,296.7868833232357,16700.0
2002-08-27,False,daily,664.5,670.0,645.0,645.0,33000.0,305.2861980933284,307.81302140335595,296.3274609032307,296.3274609032307,33000.0
2002-08-26,False,daily,664.0,668.0,662.3,664.2,9100.0,305.0564868833259,306.8941765633459,304.27546876931734,305.14837136732694,9100.0
2002-08-23,False,daily,669.8,670.5,662.0,665.8,8200.0,307.72113691935493,308.04273261335845,304.1376420433159,305.8834472393349,8200.0
2002-08-22,False,daily,670.5,674.8,669.0,670.8,17500.0,308.04273261335845,310.01824901938,307.35359898335093,308.18055933935995,17500.0
2002-08-21,False,daily,669.5,672.0,660.0,670.5,40200.0,307.58331019335344,308.73186624336597,303.2187972033059,308.04273261335845,40200.0
2002-08-20,False,daily,669.5,671.5,660.5,669.5,14400.0,307.58331019335344,308.50215503336347,303.4485084133084,307.58331019335344,14400.0
2002-08-19,False,daily,661.5,671.5,661.5,671.5,8200.0,303.9079308333134,308.50215503336347,303.9079308333134,308.50215503336347,8200.0
2002-08-16,False,daily,649.0,663.0,647.0,660.5,15200.0,298.16515058325075,304.59706446332086,297.2463057432407,303.4485084133084,15200.0
2002-08-15,False,daily,652.0,659.2,645.1,649.0,19300.0,299.5434178432658,302.8512592673019,296.37340314523124,298.16515058325075,19300.0
2002-08-14,False,daily,648.6,654.9,643.0,654.8,15500.0,297.9813816152488,300.8757428612803,295.40861606322073,300.8298006192798,15500.0
2002-08-13,False,daily,656.0,658.0,648.6,648.6,18700.0,301.38110752328583,302.29995236329586,297.9813816152488,297.9813816152488,18700.0
2002-08-12,False,daily,655.0,659.0,650.5,657.5,16900.0,300.9216851032808,302.75937478330087,298.85428421325827,302.07024115329335,16900.0
2002-08-09,False,daily,638.0,656.5,635.0,654.0,21700.0,293.1115039631957,301.61081873328834,291.73323670318064,300.4622626832758,21700.0
2002-08-08,False,daily,627.3,637.0,621.8,637.0,18500.0,288.19568406914203,292.65208154319066,285.6688607591145,292.65208154319066,18500.0
2002-08-07,False,daily,614.5,633.6,614.5,632.1,14500.0,282.31507709307795,291.09004531517365,282.31507709307795,290.40091168516614,14500.0
2002-08-06,False,daily,607.5,614.5,607.5,612.0,9400.0,279.0991201530429,282.31507709307795,279.0991201530429,281.1665210430654,9400.0
2002-08-05,False,daily,616.0,616.0,603.0,605.0,10000.0,283.00421072308546,283.00421072308546,277.03171926302036,277.9505641030304,10000.0
2002-08-02,False,daily,618.0,619.0,610.5,613.0,8000.0,283.9230555630955,284.3824779831005,280.4773874130579,281.6259434630704,8000.0
2002-08-01,False,daily,626.0,626.0,615.0,616.0,12100.0,287.5984349231356,287.5984349231356,282.54478830308045,283.00421072308546,12100.0
2002-07-31,False,daily,618.2,627.5,612.3,625.0,17800.0,284.0149400470965,288.28756855314305,281.3043477690669,287.1390125031306,17800.0
2002-07-30,False,daily,612.5,620.0,610.5,619.2,14100.0,281.3962322530679,284.8419004031055,280.4773874130579,284.4743624671015,14100.0
2002-07-29,False,daily,601.0,620.0,601.0,614.0,16100.0,276.11287442301034,284.8419004031055,276.11287442301034,282.08536588307544,16100.0
2002-07-26,False,daily,588.0,604.8,588.0,600.0,20300.0,270.14038296294524,277.8586796190294,270.14038296294524,275.6534520030053,20300.0
2002-07-25,False,daily,570.5,591.0,568.0,588.0,16800.0,262.1004906128576,271.5186502229603,260.95193456284505,270.14038296294524,16800.0
2002-07-24,False,daily,549.6,572.0,539.0,572.0,22800.0,252.4985620347529,262.7896242428651,247.6286843826998,262.7896242428651,22800.0
2002-07-23,False,daily,555.3,562.0,552.0,552.0,26000.0,254.4943814824956,257.5649962059473,252.9819891560194,252.9819891560194,26000.0
2002-07-22,False,daily,559.0,559.0,546.0,547.8,22100.0,256.19009409096896,256.19009409096896,250.23218492606267,251.05712619504968,22100.0
2002-07-19,False,daily,530.0,562.5,528.0,558.0,32000.0,242.89937364617808,257.7941465584437,241.9827722361925,255.73179338597615,32000.0
2002-07-18,False,daily,525.5,535.0,525.5,530.0,14800.0,240.8370204737105,245.190877171142,240.8370204737105,242.89937364617808,14800.0
2002-07-17,False,daily,518.1,529.0,518.1,526.0,13300.0,237.44559525676388,242.44107294118527,237.44559525676388,241.0661708262069,13300.0
2002-07-16,False,daily,524.0,526.0,517.0,518.0,12200.0,240.14956941622134,241.0661708262069,236.94146448127182,237.3997651862646,12200.0
2002-07-15,False,daily,525.0,533.0,516.0,525.0,13000.0,240.60787012121412,244.27427576115642,236.483163776279,240.60787012121412,13000.0
2002-07-12,False,daily,529.0,535.0,526.0,526.0,6100.0,242.44107294118527,245.190877171142,241.0661708262069,241.0661708262069,6100.0
2002-07-11,False,daily,531.0,531.8,520.0,529.0,9500.0,243.35767435117086,243.72431491516505,238.31636659625016,242.44107294118527,9500.0
2002-07-10,False,daily,543.0,543.0,533.0,533.0,7300.0,248.85728281108433,248.85728281108433,244.27427576115642,244.27427576115642,7300.0
2002-07-09,False,daily,550.0,552.5,543.0,543.0,8800.0,252.06538774603385,253.2111395085158,248.85728281108433,248.85728281108433,8800.0
2002-07-08,False,daily,550.0,552.3,547.0,550.0,8600.0,252.06538774603385,253.11947936751724,250.69048563105548,252.06538774603385,8600.0
2002-07-05,False,daily,538.0,552.0,537.0,552.0,5700.0,246.56577928612037,252.9819891560194,246.1074785811276,252.9819891560194,5700.0
2002-07-03,False,daily,540.0,540.0,531.7,536.0,7500.0,247.48238069610596,247.48238069610596,243.67848484466583,245.6491778761348,7500.0
2002-07-02,False,daily,540.5,542.0,536.0,540.5,11700.0,247.71153104860235,248.39898210609152,245.6491778761348,247.71153104860235,11700.0
2002-07-01,False,daily,546.0,546.5,541.8,541.8,12700.0,250.23218492606267,250.4613352785591,248.30732196509294,248.30732196509294,12700.0
2002-06-28,False,daily,552.0,563.5,545.0,545.0,27500.0,252.9819891560194,258.25244726343647,249.7738842210699,249.7738842210699,27500.0
2002-06-27,False,daily,555.0,558.7,545.5,551.3,21500.0,254.35689127099778,256.0526038794711,250.00303457356628,252.66117866252443,21500.0
2002-06-26,False,daily,549.0,552.0,546.5,551.5,9600.0,251.60708704104104,252.9819891560194,250.4613352785591,252.75283880352302,9600.0
2002-06-25,False,daily,560.0,564.0,550.1,551.0,12700.0,256.64839479596174,258.48159761593286,252.11121781653313,252.52368845102663,12700.0
2002-06-24,False,daily,554.5,565.0,554.5,562.5,17000.0,254.1277409185014,258.9398983209257,254.1277409185014,257.7941465584437,17000.0
2002-06-21,False,daily,584.0,585.5,553.0,554.5,39900.0,267.6476117157887,268.33506277327785,253.44028986101222,254.1277409185014,39900.0
2002-06-20,False,daily,590.0,592.0,585.4,586.1,9600.0,270.39741594574537,271.314017355731,268.2892327027786,268.6100431962735,9600.0
2002-06-19,False,daily,592.0,598.0,588.5,588.5,8600.0,271.314017355731,274.0638215856877,269.7099648882562,269.7099648882562,8600.0
2002-06-18,False,daily,580.0,596.0,580.0,593.3,8500.0,265.8144088958175,273.1472201757021,265.8144088958175,271.9098082722216,8500.0
2002-06-17,False,daily,583.0,585.5,580.0,582.0,14700.0,267.18931101079585,268.33506277327785,265.8144088958175,266.73101030580307,14700.0
2002-06-14,False,daily,577.0,584.8,576.0,582.0,10200.0,264.4395067808391,268.01425227978285,263.98120607584633,266.73101030580307,10200.0
2002-06-13,False,daily,583.0,586.0,578.7,578.7,10700.0,267.18931101079585,268.56421312577424,265.2186179793269,265.2186179793269,10700.0
2002-06-12,False,daily,589.0,598.0,582.0,584.5,16400.0,269.9391152407526,274.0638215856877,266.73101030580307,267.8767620682851,16400.0
2002-06-11,False,daily,601.0,601.0,587.5,590.0,14000.0,275.43872370066606,275.43872370066606,269.2516641832634,270.39741594574537,14000.0
2002-06-10,False,daily,608.5,608.5,601.8,602.6,5200.0,278.87597898811197,278.87597898811197,275.8053642646603,276.17200482865456,5200.0
2002-06-07,False,daily,596.0,607.0,596.0,606.5,5800.0,273.1472201757021,278.1885279306228,273.1472201757021,277.9593775781264,5800.0
2002-06-06,False,daily,608.0,608.0,599.0,599.0,14100.0,278.6468286356156,278.6468286356156,274.5221222906805,274.5221222906805,14100.0
2002-06-05,False,daily,611.0,620.0,606.0,609.9,13000.0,280.021730750594,284.14643709552905,277.73022722563,279.51759997510186,13000.0
2002-06-04,False,daily,609.8,611.1,605.0,609.0,8700.0,279.4717699046026,280.06756082109325,277.27192652063724,279.10512934060836,8700.0
2002-06-03,False,daily,617.4,617.4,609.0,612.5,6800.0,282.95485526254777,282.95485526254777,279.10512934060836,280.70918180808314,6800.0
2002-05-31,False,daily,612.0,620.0,612.0,617.4,5300.0,280.48003145558675,284.14643709552905,280.48003145558675,282.95485526254777,5300.0
2002-05-30,False,daily,618.0,618.0,611.0,613.4,6000.0,283.2298356855435,283.2298356855435,280.021730750594,281.12165244257665,6000.0
2002-05-29,False,daily,618.1,620.0,615.0,617.1,5000.0,283.27566575604277,284.14643709552905,281.8549335705651,282.81736505105,5000.0
2002-05-28,False,daily,619.0,619.0,615.0,617.0,6000.0,283.6881363905363,283.6881363905363,281.8549335705651,282.7715349805507,6000.0
2002-05-24,False,daily,620.5,622.0,617.0,619.0,7100.0,284.37558744802544,285.0630385055146,282.7715349805507,283.6881363905363,7100.0
2002-05-23,False,daily,615.0,621.4,615.0,621.4,12900.0,281.8549335705651,284.78805808251894,281.8549335705651,284.78805808251894,12900.0
2002-05-22,False,daily,614.0,620.0,613.0,615.4,7900.0,281.3966328655723,284.14643709552905,280.93833216057953,282.0382538525622,7900.0
2002-05-21,False,daily,621.0,624.5,613.0,615.4,6000.0,284.60473780052183,286.2087902679966,280.93833216057953,282.0382538525622,6000.0
2002-05-20,False,daily,625.0,625.0,620.0,622.0,4800.0,286.437940620493,286.437940620493,284.14643709552905,285.0630385055146,4800.0
2002-05-17,False,daily,625.5,625.8,622.0,625.5,5900.0,286.6670909729894,286.80458118448723,285.0630385055146,286.6670909729894,5900.0
2002-05-16,False,daily,624.8,625.5,623.8,624.5,6800.0,286.3462804794944,286.6670909729894,285.8879797745016,286.2087902679966,6800.0
2002-05-15,False,daily,628.0,628.0,624.0,624.0,5900.0,287.81284273547135,287.81284273547135,285.97963991550023,285.97963991550023,5900.0
2002-05-14,False,daily,614.0,629.1,614.0,628.0,13900.0,281.3966328655723,288.31697351096346,281.3966328655723,287.81284273547135,13900.0
2002-05-13,False,daily,610.0,619.8,610.0,616.0,14400.0,279.5634300456012,284.0547769545305,279.5634300456012,282.3132342755579,14400.0
2002-05-10,False,daily,614.7,615.0,609.2,611.0,6300.0,281.7174433590673,281.8549335705651,279.19678948160697,280.021730750594,6300.0
2002-05-09,False,daily,618.2,621.0,615.0,615.7,8000.0,283.32149582654205,284.60473780052183,281.8549335705651,282.1757440640601,8000.0
2002-05-08,False,daily,609.5,617.7,606.0,617.2,11500.0,279.33427969310475,283.09234547404566,277.73022722563,282.86319512154927,11500.0
2002-05-07,False,daily,610.1,610.1,605.8,608.0,6400.0,279.6092601161005,279.6092601161005,277.63856708463146,278.6468286356156,6400.0
2002-05-06,False,daily,620.5,622.0,610.0,610.1,4800.0,284.37558744802544,285.0630385055146,279.5634300456012,279.6092601161005,4800.0
2002-05-03,False,daily,625.4,625.4,620.5,620.5,8500.0,286.6212609024901,286.6212609024901,284.37558744802544,284.37558744802544,8500.0
2002-05-02,False,daily,628.0,629.0,625.1,625.2,10100.0,287.81284273547135,288.27114344046413,286.4837706909923,286.52960076149157,10100.0
2002-05-01,False,daily,632.5,632.5,627.5,628.0,13100.0,289.8751959079389,289.8751959079389,287.58369238297496,287.81284273547135,13100.0
2002-04-30,False,daily,630.8,632.0,629.9,631.8,7000.0,289.09608470945113,289.6460455554425,288.68361407495763,289.55438541444397,7000.0
2002-04-29,False,daily,630.8,630.8,629.2,629.8,9300.0,289.09608470945113,289.09608470945113,288.36280358146274,288.63778400445835,9300.0
2002-04-26,False,daily,631.0,632.5,629.0,629.8,11300.0,289.18774485044975,289.8751959079389,288.27114344046413,288.63778400445835,11300.0
2002-04-25,False,daily,629.5,630.0,628.0,629.1,6400.0,288.5002937929606,288.72944414545697,287.81284273547135,288.31697351096346,6400.0
2002-04-24,False,daily,631.0,632.5,631.0,631.1,5000.0,289.18774485044975,289.8751959079389,289.18774485044975,289.233574920949,5000.0
2002-04-23,False,daily,632.8,633.0,629.5,630.8,10900.0,289.37076080628697,289.462218063179,287.861716067569,288.456188237367,10900.0
2002-04-22,False,daily,632.5,634.0,632.0,632.8,13700.0,289.233574920949,289.919504347639,289.004931778719,289.37076080628697,13700.0
2002-04-19,False,daily,631.1,633.0,629.0,632.5,9300.0,288.59337412270503,289.462218063179,287.633072925339,289.233574920949,9300.0
2002-04-18,False,daily,626.2,634.0,625.0,631.1,14300.0,286.35267132885105,289.919504347639,285.803927787499,288.59337412270503,14300.0
2002-04-17,False,daily,624.5,627.4,624.5,627.2,7200.0,285.575284645269,286.901414870203,285.575284645269,286.80995761331104,7200.0
2002-04-16,False,daily,625.0,627.0,625.0,625.4,12900.0,285.803927787499,286.718500356419,285.803927787499,285.986842301283,12900.0
2002-04-15,False,daily,622.0,626.0,620.0,624.0,15600.0,284.432068934119,286.261214071959,283.517496365199,285.346641503039,15600.0
2002-04-12,False,daily,620.0,621.6,619.0,620.7,7600.0,283.517496365199,284.249154420335,283.060210080739,283.83759676432106,7600.0
2002-04-11,False,daily,615.8,624.0,615.8,618.0,13000.0,281.596893970467,285.346641503039,281.596893970467,282.602923796279,13000.0
2002-04-10,False,daily,608.0,617.8,608.0,617.8,8800.0,278.03006095167905,282.511466539387,278.03006095167905,282.511466539387,8800.0
2002-04-09,False,daily,605.5,611.0,604.8,609.8,14700.0,276.88684524052906,279.40191980505904,276.566744841407,278.853176263707,14700.0
2002-04-08,False,daily,602.8,608.0,602.5,606.3,10500.0,275.652172272487,278.03006095167905,275.51498638714907,277.252674268097,10500.0
2002-04-05,False,daily,600.0,608.0,600.0,604.8,12100.0,274.3717706759991,278.03006095167905,274.3717706759991,276.566744841407,12100.0
2002-04-04,False,daily,587.0,602.5,586.0,601.5,10800.0,268.42704897801906,275.51498638714907,267.96976269355906,275.05770010268907,10800.0
2002-04-03,False,daily,598.0,598.0,588.9,589.2,12500.0,273.4571981070791,273.4571981070791,269.29589291849305,269.4330788038311,12500.0
2002-04-02,False,daily,605.0,605.0,600.0,600.5,6500.0,276.65820209829906,276.65820209829906,274.3717706759991,274.6004138182291,6500.0
2002-04-01,False,daily,608.0,608.0,603.5,606.1,4200.0,278.03006095167905,278.03006095167905,275.97227267160906,277.16121701120505,4200.0
2002-03-28,False,daily,607.8,608.0,606.5,607.0,11700.0,277.938603694787,278.03006095167905,277.34413152498905,277.57277466721905,11700.0
2002-03-27,False,daily,608.0,608.5,607.0,607.7,7700.0,278.03006095167905,278.25870409390905,277.57277466721905,277.89287506634105,7700.0
2002-03-26,False,daily,604.5,609.5,604.5,608.0,8900.0,276.42955895606906,278.71599037836904,276.42955895606906,278.03006095167905,8900.0
2002-03-25,False,daily,600.0,606.8,600.0,604.5,4100.0,274.3717706759991,277.481317410327,274.3717706759991,276.42955895606906,4100.0
2002-03-22,False,daily,603.5,605.0,598.0,599.0,2800.0,275.97227267160906,276.65820209829906,273.4571981070791,273.9144843915391,2800.0
2002-03-21,False,daily,608.0,608.0,600.0,603.0,6100.0,278.03006095167905,278.03006095167905,274.3717706759991,275.74362952937906,6100.0
2002-03-20,False,daily,616.5,617.0,608.0,609.6,4100.0,281.916994369589,282.145637511819,278.03006095167905,278.76171900681504,4100.0
2002-03-19,False,daily,607.0,617.8,607.0,615.9,5100.0,277.57277466721905,282.511466539387,277.57277466721905,281.642622598913,5100.0
2002-03-18,False,daily,600.0,608.0,600.0,607.9,5500.0,274.3717706759991,278.03006095167905,274.3717706759991,277.98433232323305,5500.0
2002-03-15,False,daily,600.0,602.0,596.0,601.0,6800.0,274.3717706759991,275.28634324491907,272.54262553815903,274.82905696045907,6800.0
2002-03-14,False,daily,599.0,599.0,594.5,597.5,6100.0,273.9144843915391,273.9144843915391,271.85669611146903,273.2285549648491,6100.0
2002-03-13,False,daily,592.0,594.5,592.0,593.5,2400.0,270.71348040031904,271.85669611146903,270.71348040031904,271.39940982700904,2400.0
2002-03-12,False,daily,595.0,595.0,590.4,591.6,3200.0,272.08533925369903,272.08533925369903,269.98182234518305,270.5305658865351,3200.0
2002-03-11,False,daily,595.0,595.5,592.0,593.2,4200.0,272.08533925369903,272.31398239592903,270.71348040031904,271.2622239416711,4200.0
2002-03-08,False,daily,598.5,600.0,594.9,596.9,5100.0,273.6858412493091,274.3717706759991,272.03961062525303,272.954183194173,5100.0
2002-03-07,False,daily,597.5,600.0,594.4,597.5,6300.0,273.2285549648491,274.3717706759991,271.81096748302303,273.2285549648491,6300.0
2002-03-06,False,daily,587.5,596.7,587.5,594.5,5500.0,268.65569212024906,272.8627259372811,268.65569212024906,271.85669611146903,5500.0
2002-03-05,False,daily,582.0,588.0,582.0,585.5,10500.0,266.1406175557191,268.88433526247906,266.1406175557191,267.74111955132906,10500.0
2002-03-04,False,daily,575.9,580.0,574.5,580.0,16500.0,263.3511712205131,265.2260449867991,262.7109704222691,265.2260449867991,16500.0
2002-03-01,False,daily,573.0,575.9,573.0,575.9,12900.0,262.0250409955791,263.3511712205131,262.0250409955791,263.3511712205131,12900.0
2002-02-28,False,daily,581.3,581.3,570.2,571.8,9300.0,265.8205171565971,265.8205171565971,260.7446393990911,261.47629745422705,9300.0
2002-02-27,False,daily,582.5,584.0,580.0,581.3,4300.0,266.3692606979491,267.05519012463907,265.2260449867991,265.8205171565971,4300.0
2002-02-26,False,daily,579.0,581.7,577.0,580.9,2500.0,264.7687587023391,266.0034316703811,263.8541861334191,265.6376026428131,2500.0
2002-02-25,False,daily,569.0,579.0,567.0,577.9,9500.0,260.1958958577391,264.7687587023391,259.2813232888191,264.2657437894331,9500.0
2002-02-22,False,daily,578.0,582.0,569.5,570.6,10700.0,264.3114724178791,266.1406175557191,260.4245389999691,260.9275539128751,10700.0
2002-02-21,False,daily,589.0,589.0,568.0,577.3,21000.0,269.34162154693905,269.34162154693905,259.7386095732791,263.9913720187571,21000.0
2002-02-20,False,daily,590.6,590.6,576.0,590.2,10400.0,270.07327960207505,270.07327960207505,263.3968998489591,269.8903650882911,10400.0
2002-02-19,False,daily,571.0,575.3,567.0,574.4,6400.0,261.1104684266591,263.07679944983704,259.2813232888191,262.6652417938231,6400.0
2002-02-15,False,daily,574.0,574.0,571.0,572.2,9400.0,262.4823272800391,262.4823272800391,261.1104684266591,261.6592119680111,9400.0
2002-02-14,False,daily,569.0,576.3,568.3,574.4,9500.0,260.1958958577391,263.5340857342971,259.87579545861706,262.6652417938231,9500.0
2002-02-13,False,daily,568.0,569.9,567.1,568.6,14500.0,259.7386095732791,260.6074535137531,259.3270519172651,260.0129813439551,14500.0
2002-02-12,False,daily,568.5,569.0,566.7,567.4,3600.0,259.9672527155091,260.1958958577391,259.1441374034811,259.46423780260307,3600.0
2002-02-11,False,daily,568.0,570.0,565.0,569.0,12200.0,259.7386095732791,260.6531821421991,258.36675071989913,260.1958958577391,12200.0
2002-02-08,False,daily,565.0,571.0,565.0,568.0,9100.0,258.36675071989913,261.1104684266591,258.36675071989913,259.7386095732791,9100.0
2002-02-07,False,daily,566.5,577.5,565.0,565.0,11500.0,259.0526801465891,264.0828292756491,258.36675071989913,258.36675071989913,11500.0
2002-02-06,False,daily,557.8,569.0,556.5,566.5,9600.0,255.0742894717871,260.1958958577391,254.47981730198913,259.0526801465891,9600.0
2002-02-05,False,daily,556.6,560.0,555.0,557.8,13700.0,254.52554593043513,256.0803192975991,253.79388787529913,255.0742894717871,13700.0
2002-02-04,False,daily,561.5,561.5,556.6,556.6,10900.0,256.7662487242891,256.7662487242891,254.52554593043513,254.52554593043513,10900.0
2002-02-01,False,daily,562.0,562.0,559.2,560.7,13300.0,256.9948918665191,256.9948918665191,255.71449027003112,256.40041969672114,13300.0
2002-01-31,False,daily,564.0,565.0,559.0,559.2,13800.0,257.90946443543913,258.36675071989913,255.62303301313912,255.71449027003112,13800.0
2002-01-30,False,daily,561.0,563.8,559.5,561.2,11700.0,256.5376055820591,257.8180071785471,255.85167615536912,256.62906283895114,11700.0
2002-01-29,False,daily,560.6,563.6,553.0,560.0,9100.0,256.35469106827514,257.72654992165513,252.8793153063791,256.0803192975991,9100.0
2002-01-28,False,daily,555.3,565.0,555.3,558.6,12000.0,253.9310737606371,258.36675071989913,253.9310737606371,255.44011849935512,12000.0
2002-01-25,False,daily,552.9,559.0,552.0,555.4,10200.0,252.8335866779331,255.62303301313912,252.42202902191912,253.9768023890831,10200.0
2002-01-24,False,daily,548.0,558.0,542.0,552.9,15400.0,250.59288388407913,255.16574672867912,247.84916617731915,252.8335866779331,15400.0
2002-01-23,False,daily,549.5,549.5,545.0,548.0,8000.0,251.27881331076912,251.27881331076912,249.22102503069914,250.59288388407913,8000.0
2002-01-22,False,daily,544.0,550.0,544.0,547.5,5000.0,248.12983042034776,250.86655649116042,248.12983042034776,249.72625396165515,5000.0
2002-01-18,False,daily,542.3,546.4,539.0,541.0,8000.0,247.35442470028414,249.2245208486728,245.8492253613372,246.76146738494143,8000.0
2002-01-17,False,daily,537.6,542.3,537.6,542.3,3400.0,245.21065594481425,247.35442470028414,245.21065594481425,247.35442470028414,3400.0
2002-01-16,False,daily,544.5,544.5,534.0,537.6,5100.0,248.3578909262488,248.3578909262488,243.56862030232665,245.21065594481425,5100.0
2002-01-15,False,daily,541.0,545.0,537.0,543.0,8200.0,246.76146738494143,248.58595143214987,244.93698333773298,247.67370940854565,8200.0
2002-01-14,False,daily,537.0,537.5,533.6,537.5,6200.0,244.93698333773298,245.16504384363404,243.38617189760583,245.16504384363404,6200.0
2002-01-11,False,daily,539.0,548.3,537.0,537.0,8100.0,245.8492253613372,250.0911507710968,244.93698333773298,244.93698333773298,8100.0
2002-01-10,False,daily,534.0,539.0,533.0,538.0,4800.0,243.56862030232665,245.8492253613372,243.11249929052454,245.3931043495351,4800.0
2002-01-09,False,daily,530.4,536.0,528.0,533.1,22600.0,241.92658465983905,244.48086232593087,240.83189423151399,243.15811139170478,22600.0
2002-01-08,False,daily,528.3,530.0,527.0,529.4,5700.0,240.96873053505462,241.7441362551182,240.37577321971187,241.47046364803694,5700.0
2002-01-07,False,daily,529.0,530.0,528.3,528.3,5900.0,241.2880152433161,241.7441362551182,240.96873053505462,240.96873053505462,5900.0
2002-01-04,False,daily,535.0,535.0,525.0,526.8,4100.0,244.02474131412876,244.02474131412876,239.46353119610768,240.28454901735145,4100.0
2002-01-03,False,daily,535.0,535.0,526.0,533.5,5100.0,244.02474131412876,244.02474131412876,239.9196522079098,243.3405597964256,5100.0
2002-01-02,False,daily,528.0,528.2,520.0,528.2,6700.0,240.83189423151399,240.92311843387444,237.18292613709713,240.92311843387444,6700.0
2003-12-31,False,daily,793.5,794.0,791.0,791.4,10500.0,368.28673171139053,368.518796444668,367.126408045003,367.312059831625,10500.0
2003-12-30,False,daily,796.0,797.5,793.01,795.15,4300.0,369.447055377778,370.1432495776105,368.05930827277854,369.05254533120626,4300.0
2003-12-29,False,daily,791.0,798.67,791.0,798.0,8400.0,367.126408045003,370.68628105347983,367.126408045003,370.375314310888,8400.0
2003-12-26,False,daily,791.29,795.25,788.87,788.87,2800.0,367.26100559030397,369.09895827786175,366.1378122812409,366.1378122812409,2800.0
2003-12-24,False,daily,786.0,792.42,786.0,790.29,4900.0,364.805760712228,367.7854718875111,364.805760712228,366.7968761237489,4900.0
2003-12-23,False,daily,772.0,788.0,770.5,787.74,15800.0,358.3079481804581,365.73401964533804,357.61175398062556,365.61334598403374,15800.0
2003-12-22,False,daily,771.0,775.0,770.0,773.0,13700.0,357.84381871390303,359.70033658012306,357.37968924734804,358.7720776470131,13700.0
2003-12-19,False,daily,774.8,774.8,769.51,772.5,10100.0,359.607510686812,359.607510686812,357.1522658087361,358.54001291373555,10100.0
2003-12-18,False,daily,777.0,777.0,772.46,773.88,17500.0,360.62859551323305,360.62859551323305,358.52144773507337,359.18051157758146,17500.0
2003-12-17,False,daily,782.0,782.0,772.25,775.0,14300.0,362.949242846008,362.949242846008,358.4239805470968,359.70033658012306,14300.0
2003-12-16,False,daily,776.42,782.5,776.42,780.9,11400.0,360.35940042263115,363.18130757928554,360.35940042263115,362.43870043279753,11400.0
2003-12-15,False,daily,788.0,788.0,775.0,776.42,15800.0,365.73401964533804,365.73401964533804,359.70033658012306,360.35940042263115,15800.0
2003-12-12,False,daily,795.51,795.51,785.0,789.0,19100.0,369.21963193916605,369.21963193916605,364.341631245673,366.19814911189303,19100.0
2003-12-11,False,daily,790.55,799.99,785.25,796.35,11100.0,366.9175497850532,371.2989319493324,364.45766361231176,369.60950069107224,11100.0
2003-12-10,False,daily,792.0,792.94,782.0,790.55,6600.0,367.590537511558,368.02681921011975,362.949242846008,366.9175497850532,6600.0
2003-12-09,False,daily,799.0,800.0,790.37,791.0,10600.0,370.83944377744297,371.30357324399796,366.83400648107335,367.126408045003,10600.0
2003-12-08,False,daily,794.0,800.0,792.87,796.28,11300.0,368.518796444668,371.30357324399796,367.99433014746086,369.5770116284134,11300.0
2003-12-05,False,daily,810.0,810.5,785.07,792.4,14200.0,375.94486790954795,376.1769326428255,364.3741203083319,367.77618929818,14200.0
2003-12-04,False,daily,801.97,811.0,801.97,809.56,15500.0,372.21790829311135,376.40899737610295,372.21790829311135,375.74065094426373,15500.0
2003-12-03,False,daily,815.0,815.0,788.0,800.97,29800.0,378.265515242323,378.265515242323,365.73401964533804,371.75377882655636,29800.0
2003-12-02,False,daily,819.0,819.5,812.6,814.78,31200.0,380.12203310854295,380.3540978418204,377.15160452259096,378.1634067596808,31200.0
2003-12-01,False,daily,805.0,814.25,804.875,814.25,18600.0,373.624220576773,377.9174181424067,373.5662043934536,377.9174181424067,18600.0
2003-11-28,False,daily,801.0,803.45,801.0,803.45,2700.0,371.767702710553,372.90481990361275,371.767702710553,372.90481990361275,2700.0
2003-11-26,False,daily,803.0,803.0,797.0,799.73,12500.0,372.695961643663,372.695961643663,369.911184844333,371.17825828802813,12500.0
2003-11-25,False,daily,798.0,804.07,796.33,800.49,14100.0,370.375314310888,373.19258017287683,369.6002181017412,371.53099668260995,14100.0
2003-11-24,False,daily,757.0,794.28,757.0,793.15,19500.0,351.34600618213307,368.6487526953034,351.34600618213307,368.1242863980962,19500.0
2003-11-21,False,daily,761.48,764.0,754.5,756.0,8800.0,353.4253061922995,354.5949124480181,350.1856825157456,350.8818767155781,8800.0
2003-11-20,False,daily,758.5,763.99,757.0,760.48,11700.0,352.0422003819656,354.59027115335255,351.34600618213307,352.9611767257445,11700.0
2003-11-19,False,daily,755.53,758.0,753.5,757.99,5600.0,350.66373586629726,351.8101356486881,349.7215530491906,351.8054943540225,5600.0
2003-11-18,False,daily,759.59,763.0,753.0,756.0,12200.0,352.54810150051054,354.1307829814631,349.4894883159131,350.8818767155781,12200.0
2003-11-17,False,daily,758.2,760.0,755.01,758.59,7200.0,351.9029615419991,352.7383945817981,350.42238854368867,352.08397203395555,7200.0
2003-11-14,False,daily,773.33,779.0,760.0,760.2,31800.0,358.9252403709762,361.55685444634304,352.7383945817981,352.8312204751091,31800.0
2003-11-13,False,daily,756.0,774.0,756.0,772.33,14700.0,350.8818767155781,359.23620711356807,350.8818767155781,358.4611109044212,14700.0
2003-11-12,False,daily,755.32,758.5,751.0,753.85,18500.0,350.56626867832074,352.0422003819656,348.5612293828031,349.8839983624849,18500.0
2003-11-11,False,daily,762.0,763.0,748.5,754.32,19400.0,353.6666535149081,354.1307829814631,347.4009057164156,350.10213921176575,19400.0
2003-11-10,False,daily,748.0,767.99,747.4,765.6,24900.0,347.1688409831381,356.4467890195725,346.8903633032051,355.3375195945061,24900.0
2003-11-07,False,daily,738.0,744.03,736.88,744.0,9100.0,342.52754631758813,345.32624700091475,342.0077213150465,345.31232311691815,9100.0
2003-11-06,False,daily,736.0,737.9,731.5,733.5,10400.0,341.59928738447815,342.48113337093264,339.51070478498065,340.43896371809063,10400.0
2003-11-05,False,daily,727.25,737.0,726.5,737.0,7700.0,337.5381545521219,342.06341685103314,337.1900574522057,342.06341685103314,7700.0
2003-11-04,False,daily,732.0,732.0,726.0,729.47,12200.0,339.74276951825817,339.74276951825817,336.95799271892815,338.568521967874,12200.0
2003-11-03,False,daily,739.0,740.5,730.0,732.0,16700.0,342.9916757841431,343.68786998397565,338.8145105851482,339.74276951825817,16700.0
2003-10-31,False,daily,710.0,740.25,709.0,737.41,15200.0,329.5319212540482,343.5718376173369,329.0677917874932,342.2537099323207,15200.0
2003-10-30,False,daily,700.75,708.25,700.75,707.66,3700.0,325.2387236884145,328.719694687577,325.2387236884145,328.4458583023095,3700.0
2003-10-29,False,daily,703.0,704.0,696.98,699.75,11100.0,326.28301498816325,326.74714445471824,323.48895559950216,324.7745942218595,11100.0
2003-10-28,False,daily,702.9,703.98,698.99,702.03,5200.0,326.2366020415077,326.7378618653871,324.4218558272777,325.83280940560485,5200.0
2003-10-27,False,daily,708.0,709.5,702.0,702.9,3800.0,328.6036623209382,329.29985652077073,325.81888552160825,326.2366020415077,3800.0
2003-10-24,False,daily,708.4,708.4,703.73,708.0,7700.0,328.7893141075602,328.7893141075602,326.6218294987484,328.6036623209382,7700.0
2003-10-23,False,daily,694.5,709.99,694.5,709.4,7100.0,322.3379145224458,329.52727995938267,322.3379145224458,329.2534435741152,7100.0
2003-10-22,False,daily,696.75,697.3,692.0,692.88,6300.0,323.3822058221945,323.6374770287997,321.17759085605826,321.58602478662664,6300.0
2003-10-21,False,daily,703.85,705.0,699.0,700.03,10200.0,325.9953099334137,326.52794416858234,323.7489829416157,324.22603795224495,10200.0
2003-10-20,False,daily,710.0,711.7,704.5,705.85,30000.0,328.84374519105455,329.6311175386951,326.2963640663351,326.9216303424026,30000.0
2003-10-17,False,daily,705.26,711.75,698.5,709.6,11400.0,326.6483658217509,329.6542755489198,323.51740283936846,328.65848110925674,11400.0
2003-10-16,False,daily,700.0,704.5,698.6,703.26,7500.0,324.2121431461101,326.2963640663351,323.56371885981787,325.722045412762,7500.0
2003-10-15,False,daily,700.0,702.65,699.0,701.0,4700.0,324.2121431461101,325.4395176880204,323.7489829416157,324.67530335060457,4700.0
2003-10-14,False,daily,697.0,698.5,693.25,697.0,6900.0,322.8226625326268,323.51740283936846,321.08581176577263,322.8226625326268,6900.0
2003-10-13,False,daily,698.0,701.0,694.0,695.42,7900.0,323.28582273712124,324.67530335060457,321.43318191914346,322.0908694095255,7900.0
2003-10-10,False,daily,697.5,698.5,694.5,695.32,8600.0,323.054242634874,323.51740283936846,321.6647620213907,322.04455338907616,8600.0
2003-10-09,False,daily,699.0,702.5,689.0,695.25,18600.0,323.7489829416157,325.37004365734623,319.11738089667125,322.0121321747615,18600.0
2003-10-08,False,daily,693.0,698.09,689.0,697.5,12700.0,320.970021714649,323.3275071555257,319.11738089667125,323.054242634874,12700.0
2003-10-07,False,daily,680.72,694.18,680.72,691.01,8800.0,315.28241440345727,321.51655075595244,315.28241440345727,320.04833290770506,8800.0
2003-10-06,False,daily,681.0,684.4,678.71,680.71,5600.0,315.4120992607157,316.9868439559968,314.35146239242346,315.27778280141234,5600.0
2003-10-03,False,daily,693.5,699.0,674.0,680.0,21800.0,321.20160181689624,323.7489829416157,312.1699778292546,314.94893905622126,21800.0
2003-10-02,False,daily,681.5,691.0,677.0,689.01,10000.0,315.6436793629629,320.04370130566014,313.55945844273793,319.1220124987162,10000.0
2003-10-01,False,daily,667.0,684.5,667.0,682.07,10500.0,308.9278563977935,317.03315997644626,308.9278563977935,315.9076806795248,10500.0
2003-09-30,False,daily,674.0,680.0,665.0,665.0,16600.0,312.1699778292546,314.94893905622126,308.0015359888046,308.0015359888046,16600.0
2003-09-29,False,daily,661.5,681.48,660.5,676.0,11600.0,306.38047527307407,315.634416158873,305.9173150685796,313.0962982382435,11600.0
2003-09-26,False,daily,658.4,668.0,654.0,660.5,17800.0,304.9446786391413,309.39101660228795,302.90677373936575,305.9173150685796,17800.0
2003-09-25,False,daily,665.0,665.5,657.0,657.4,23200.0,308.0015359888046,308.23311609105184,304.2962543528491,304.48151843464683,23200.0
2003-09-24,False,daily,675.53,677.0,664.0,665.0,14900.0,312.8786129421311,313.55945844273793,307.5383757843102,308.0015359888046,14900.0
2003-09-23,False,daily,681.5,685.0,675.0,675.53,20900.0,315.6436793629629,317.2647400786935,312.63313803374905,312.8786129421311,20900.0
2003-09-22,False,daily,682.5,682.51,675.0,680.43,11200.0,316.10683956745737,316.1114711695023,312.63313803374905,315.14809794415385,11200.0
2003-09-19,False,daily,686.0,687.99,679.0,683.75,10000.0,317.7279002831879,318.6495890901318,314.4857788517268,316.6857898230754,10000.0
2003-09-18,False,daily,676.3,683.19,675.0,683.19,7200.0,313.2352462995918,316.42642010855855,312.63313803374905,316.42642010855855,7200.0
2003-09-17,False,daily,667.0,682.5,665.0,676.3,20000.0,308.9278563977935,316.10683956745737,308.0015359888046,313.2352462995918,20000.0
2003-09-16,False,daily,672.46,674.0,669.0,670.0,15900.0,311.4567111143332,312.1699778292546,309.8541768067824,310.31733701127683,15900.0
2003-09-15,False,daily,675.85,682.2,669.59,672.45,14700.0,313.0268242075693,315.967891506109,310.1274413274341,311.4520795122882,14700.0
2003-09-12,False,daily,675.5,679.0,674.0,675.85,16700.0,312.86471813599627,314.4857788517268,312.1699778292546,313.0268242075693,16700.0
2003-09-11,False,daily,671.75,679.0,671.75,676.14,29700.0,311.1278673691421,314.4857788517268,311.1278673691421,313.1611406668727,29700.0
2003-09-10,False,daily,683.09,683.09,667.01,669.0,19700.0,316.3801040881091,316.3801040881091,308.93248799983843,309.8541768067824,19700.0
2003-09-09,False,daily,680.0,686.5,680.0,684.09,13000.0,314.94893905622126,317.95948038543514,314.94893905622126,316.8432642926035,13000.0
2003-09-08,False,daily,680.0,690.0,680.0,681.0,25700.0,314.94893905622126,319.5805411011657,314.94893905622126,315.4120992607157,25700.0
2003-09-05,False,daily,677.5,683.0,677.5,680.5,8700.0,313.79103854498516,316.3384196697046,313.79103854498516,315.1805191584685,8700.0
2003-09-04,False,daily,693.0,693.0,678.91,680.93,15100.0,320.970021714649,320.970021714649,314.4440944333223,315.37967804640107,15100.0
2003-09-03,False,daily,697.0,698.8,694.0,694.39,15500.0,322.8226625326268,323.65635090071675,321.43318191914346,321.6138143988963,15500.0
2003-09-02,False,daily,698.0,700.0,691.5,698.17,17900.0,323.28582273712124,324.2121431461101,320.27528140790736,323.3645599718852,17900.0
2003-08-29,False,daily,688.43,697.99,687.01,696.03,8800.0,318.8533795801094,323.28119113507626,318.1956920897273,322.3733971342672,8800.0
2003-08-28,False,daily,684.0,688.43,679.0,688.43,11000.0,316.80157987419904,318.8533795801094,314.4857788517268,318.8533795801094,11000.0
2003-08-27,False,daily,682.0,686.51,679.75,685.0,9200.0,315.87525946521015,317.96411198748007,314.83314900509765,317.2647400786935,9200.0
2003-08-26,False,daily,680.5,684.5,677.5,680.59,16200.0,315.1805191584685,317.03315997644626,313.79103854498516,315.22220357687297,16200.0
2003-08-25,False,daily,678.0,682.99,674.75,682.99,13000.0,314.0226186472324,316.3337880676596,312.51734798262544,316.3337880676596,13000.0
2003-08-22,False,daily,685.0,686.0,670.5,679.0,26000.0,317.2647400786935,317.7279002831879,310.54891711352406,314.4857788517268,26000.0
2003-08-21,False,daily,673.75,683.0,672.5,681.5,15400.0,312.054187778131,316.3384196697046,311.47523752251294,315.6436793629629,15400.0
2003-08-20,False,daily,676.0,676.0,666.01,674.75,32800.0,313.0962982382435,313.0962982382435,308.469327795344,312.51734798262544,32800.0
2003-08-19,False,daily,678.0,681.0,674.5,679.4,11100.0,314.0226186472324,315.4120992607157,312.4015579315018,314.6710429335246,11100.0
2003-08-18,False,daily,697.5,697.5,670.0,680.5,26300.0,323.054242634874,323.054242634874,310.31733701127683,315.1805191584685,26300.0
2003-08-15,False,daily,698.0,702.0,695.5,699.9,4000.0,323.28582273712124,325.138463555099,322.12792222588513,324.16582712566066,4000.0
2003-08-14,False,daily,693.0,697.79,693.0,696.08,8800.0,320.970021714649,323.1885590941774,320.970021714649,322.3965551444919,8800.0
2003-08-13,False,daily,691.0,694.62,687.0,691.0,19200.0,320.04370130566014,321.72034124593,318.19106048768236,320.04370130566014,19200.0
2003-08-12,False,daily,682.0,688.6,682.0,688.6,14100.0,315.87525946521015,318.93211681487344,315.87525946521015,318.93211681487344,14100.0
2003-08-11,False,daily,677.0,679.0,674.0,675.96,7700.0,313.55945844273793,314.4857788517268,312.1699778292546,313.07777183006374,7700.0
2003-08-08,False,daily,676.16,677.88,674.5,675.27,6700.0,313.17040387096256,313.967039422693,312.4015579315018,312.7581912889625,6700.0
2003-08-07,False,daily,666.0,677.89,666.0,676.16,18500.0,308.46469619329906,313.971671024738,308.46469619329906,313.17040387096256,18500.0
2003-08-06,False,daily,670.2,670.2,653.8,667.0,17700.0,310.4099690521757,310.4099690521757,302.8141416984668,308.9278563977935,17700.0
2003-08-05,False,daily,666.0,672.78,666.0,670.19,8800.0,308.46469619329906,311.6049223797714,308.46469619329906,310.4053374501308,8800.0
2003-08-04,False,daily,664.0,667.74,650.03,667.74,46900.0,307.5383757843102,309.27059494911936,301.06802772752275,309.27059494911936,46900.0
2003-08-01,False,daily,679.5,679.5,665.5,665.5,16400.0,314.71735895397404,314.71735895397404,308.23311609105184,308.23311609105184,16400.0
2003-07-31,False,daily,695.5,695.5,673.2,676.0,12200.0,322.12792222588513,322.12792222588513,311.79944966565904,313.0962982382435,12200.0
2003-07-30,False,daily,697.0,697.0,684.8,694.03,22400.0,322.8226625326268,322.8226625326268,317.17210803779454,321.4470767252783,22400.0
2003-07-29,False,daily,692.5,696.0,684.0,696.0,18600.0,320.7384416124018,322.35950232813235,316.80157987419904,322.35950232813235,18600.0
2003-07-28,False,daily,695.0,695.01,690.0,691.0,13500.0,321.8963421236379,321.90097372568283,319.5805411011657,320.04370130566014,13500.0
2003-07-25,False,daily,703.5,710.5,682.0,695.0,18000.0,325.8332038618407,329.0753252933018,315.87525946521015,321.8963421236379,18000.0
2003-07-24,False,daily,698.0,712.2,696.0,703.24,12000.0,323.28582273712124,329.8626976409423,322.35950232813235,325.7127822086721,12000.0
2003-07-23,False,daily,702.51,703.0,690.02,697.96,8900.0,325.37467525939115,325.60162375959345,319.58980430525554,323.2672963289415,8900.0
2003-07-22,False,daily,692.0,704.0,692.0,702.96,16400.0,319.84239438902426,325.3887942917241,319.84239438902426,324.9081063001568,16400.0
2003-07-21,False,daily,732.0,732.0,683.8,690.0,29300.0,338.3303940646904,338.3303940646904,316.05235445551267,318.91799440524096,29300.0
2003-07-18,False,daily,711.55,732.97,711.55,732.97,8400.0,328.8784042305061,338.77872805682534,328.8784042305061,338.77872805682534,8400.0
2003-07-17,False,daily,715.0,723.0,711.5,711.5,7900.0,330.4729942025323,334.17059413766555,328.8552942309115,328.8552942309115,7900.0
2003-07-16,False,daily,719.0,720.75,716.0,716.0,15500.0,332.3217941700989,333.1306441559093,330.93519419442396,330.93519419442396,15500.0
2003-07-15,False,daily,725.0,729.88,717.5,717.5,8800.0,335.09499412144885,337.3505300818801,331.6284941822614,331.6284941822614,8800.0
2003-07-14,False,daily,729.0,734.0,725.0,725.5,7400.0,336.94379408901546,339.25479404847374,335.09499412144885,335.32609411739463,7400.0
2003-07-11,False,daily,715.0,728.75,715.0,727.5,12600.0,330.4729942025323,336.8282440910425,330.4729942025323,336.250494101178,12600.0
2003-07-10,False,daily,718.5,723.0,714.5,716.0,6200.0,332.0906941741531,334.17059413766555,330.2418942065865,330.93519419442396,6200.0
2003-07-09,False,daily,732.0,733.0,718.5,718.5,15300.0,338.3303940646904,338.79259405658206,332.0906941741531,332.0906941741531,15300.0
2003-07-08,False,daily,734.0,740.0,730.11,731.0,17100.0,339.25479404847374,342.02799399982365,337.4568360800152,337.86819407279876,17100.0
2003-07-07,False,daily,743.0,743.01,734.0,734.0,13300.0,343.4145939754986,343.4192159754175,339.25479404847374,339.25479404847374,13300.0
2003-07-03,False,daily,744.1,749.98,744.1,744.47,6200.0,343.92301396657945,346.6407499189024,343.92301396657945,344.0940279635793,6200.0
2003-07-02,False,daily,738.25,752.0,733.5,745.03,26900.0,341.21914401401324,347.57439390252347,339.0236940525279,344.35285995903865,26900.0
2003-07-01,False,daily,732.9,743.0,724.25,740.0,17200.0,338.74637405739287,343.4145939754986,334.7483441275301,342.02799399982365,17200.0
2003-06-30,False,daily,733.5,733.55,726.8,732.9,32400.0,339.0236940525279,339.04680405212247,335.92695410685377,338.74637405739287,32400.0
2003-06-27,False,daily,726.98,736.98,725.5,733.0,20700.0,336.0101501053943,340.6321500243109,335.32609411739463,338.79259405658206,20700.0
2003-06-26,False,daily,720.0,728.2,719.0,726.97,20300.0,332.78399416199056,336.57403409550216,332.3217941700989,336.0055281054754,20300.0
2003-06-25,False,daily,721.5,728.0,720.36,720.36,12500.0,333.477294149828,336.4815940971238,332.95038615907157,332.95038615907157,12500.0
2003-06-24,False,daily,710.2,726.0,710.2,719.99,15900.0,328.2544342414524,335.5571941133405,328.2544342414524,332.77937216207164,15900.0
2003-06-23,False,daily,708.25,712.45,706.43,711.09,15000.0,327.35314425726364,329.2943842232086,326.5119402720208,328.66579223423594,15000.0
2003-06-20,False,daily,716.0,716.0,708.0,710.42,16500.0,330.93519419442396,330.93519419442396,327.23759425929074,328.3561182396685,16500.0
2003-06-19,False,daily,723.0,726.5,715.32,715.86,14100.0,334.17059413766555,335.7882941092863,330.62089819993764,330.8704861955591,14100.0
2003-06-18,False,daily,717.8,727.95,717.8,725.11,17600.0,331.7671541798289,336.4584840975292,331.7671541798289,335.1458361205569,17600.0
2003-06-17,False,daily,729.0,730.0,720.08,720.08,6300.0,336.94379408901546,337.4059940809071,332.8209701613419,332.8209701613419,6300.0
2003-06-16,False,daily,715.0,730.75,713.0,728.0,10300.0,330.4729942025323,337.75264407482587,329.548594218749,336.4815940971238,10300.0
2003-06-13,False,daily,727.29,731.0,716.41,716.41,6800.0,336.1534321028807,337.86819407279876,331.12469619109953,331.12469619109953,6800.0
2003-06-12,False,daily,735.0,735.0,710.5,726.3,12000.0,339.71699404036536,339.71699404036536,328.39309423901983,335.695854110908,12000.0
2003-06-11,False,daily,719.0,732.79,716.5,732.79,8900.0,332.3217941700989,338.6955320582848,331.1662941903698,338.6955320582848,8900.0
2003-06-10,False,daily,718.0,720.7,716.0,720.38,9900.0,331.85959417820726,333.1075341563147,330.93519419442396,332.95963015890936,9900.0
2003-06-09,False,daily,727.5,727.5,716.51,717.06,7200.0,336.250494101178,336.250494101178,331.17091619028866,331.4251261858291,7200.0
2003-06-06,False,daily,722.0,731.0,722.0,725.41,14800.0,333.70839414577387,337.86819407279876,333.70839414577387,335.2844961181244,14800.0
2003-06-05,False,daily,719.0,720.67,711.8,720.01,11300.0,332.3217941700989,333.09366815655795,328.99395422847897,332.7886161619095,11300.0
2003-06-04,False,daily,716.0,725.0,712.5,720.0,10900.0,330.93519419442396,335.09499412144885,329.31749422280313,332.78399416199056,10900.0
2003-06-03,False,daily,726.0,727.5,714.16,718.0,4500.0,335.5571941133405,336.250494101178,330.0847462093433,331.85959417820726,4500.0
2003-06-02,False,daily,725.0,730.19,724.0,724.62,8700.0,335.09499412144885,337.49381207936653,334.63279412955717,334.91935812453,8700.0
2003-05-30,False,daily,701.0,728.0,701.0,724.5,13700.0,324.00219431604916,336.4815940971238,324.00219431604916,334.863894125503,13700.0
2003-05-29,False,daily,701.99,711.5,697.5,698.5,16100.0,324.4597723080219,328.8552942309115,322.38449434442833,322.84669433632,16100.0
2003-05-28,False,daily,696.0,705.9,696.0,701.98,10900.0,321.69119435659087,326.26697427631825,321.69119435659087,324.455150308103,10900.0
2003-05-27,False,daily,700.0,702.0,692.05,693.0,24500.0,323.5399943241575,324.4643943079408,319.86550438861883,320.30459438091594,24500.0
2003-05-23,False,daily,699.0,703.5,697.55,698.0,16600.0,323.07779433226585,325.1576942957783,322.4076043440229,322.6155943403742,16600.0
2003-05-22,False,daily,696.0,704.98,694.05,700.5,27000.0,321.69119435659087,325.8417502837779,320.78990437240213,323.7710943201033,27000.0
2003-05-21,False,daily,704.0,705.0,691.0,697.85,20000.0,325.3887942917241,325.85099428361576,319.3801943971326,322.5462643415905,20000.0
2003-05-20,False,daily,712.5,716.0,702.9,704.15,21600.0,329.31749422280313,330.93519419442396,324.88037430064327,325.45812429050784,21600.0
2003-05-19,False,daily,723.75,723.76,711.1,711.1,17900.0,334.5172441315843,334.5218661315032,328.67041423415486,328.67041423415486,17900.0
2003-05-16,False,daily,735.31,737.0,725.62,725.62,12700.0,339.86027603785175,340.64139402414867,335.3815581164217,335.3815581164217,12700.0
2003-05-15,False,daily,732.0,736.53,732.0,735.3,15100.0,338.3303940646904,340.4241600279596,338.3303940646904,339.8556540379328,15100.0
2003-05-14,False,daily,740.7,740.7,733.0,734.0,10300.0,342.3515339941478,342.3515339941478,338.79259405658206,339.25479404847374,10300.0
2003-05-13,False,daily,732.03,740.0,731.5,738.7,8400.0,338.34426006444716,342.02799399982365,338.0992940687446,341.4271340103645,8400.0
2003-05-12,False,daily,730.57,734.2,730.0,732.02,4900.0,337.6694480762854,339.34723404685207,337.4059940809071,338.33963806452823,4900.0
2003-05-09,False,daily,727.5,732.5,724.5,730.57,8800.0,336.250494101178,338.5614940606362,334.863894125503,337.6694480762854,8800.0
2003-05-08,False,daily,726.23,728.5,721.5,725.26,9400.0,335.66350011147557,336.7126940930696,333.477294149828,335.21516611934067,9400.0
2003-05-07,False,daily,724.0,728.6,720.5,726.22,14500.0,334.63279412955717,336.7589140922588,333.0150941579364,335.65887811155665,14500.0
2003-05-06,False,daily,726.5,728.025,722.0,725.0,12800.0,335.7882941092863,336.49314909692106,333.70839414577387,335.09499412144885,12800.0
2003-05-05,False,daily,730.5,732.17,721.0,725.25,7900.0,337.6370940768529,338.408968063312,333.24619415388224,335.21054411942174,7900.0
2003-05-02,False,daily,731.5,734.5,726.5,732.16,14400.0,338.0992940687446,339.4858940444195,335.7882941092863,338.40434606339306,14400.0
2003-05-01,False,daily,731.0,735.98,726.0,733.72,13600.0,337.86819407279876,340.1699500324192,335.5571941133405,339.1253780507441,13600.0
2003-04-30,False,daily,724.0,732.0,719.0,729.0,21100.0,334.63279412955717,338.3303940646904,332.3217941700989,336.94379408901546,21100.0
2003-04-29,False,daily,719.5,726.0,719.0,721.9,20100.0,332.5528941660447,335.5571941133405,332.3217941700989,333.6621741465847,20100.0
2003-04-28,False,daily,713.66,724.5,713.66,721.31,17100.0,329.85364621339744,334.863894125503,329.85364621339744,333.3894761513686,17100.0
2003-04-25,False,daily,710.75,714.9,708.0,712.66,17100.0,328.5086442369928,330.42677420334314,327.23759425929074,329.3914462215058,17100.0
2003-04-24,False,daily,707.0,718.5,707.0,712.7,18700.0,326.77539426739907,332.0906941741531,326.77539426739907,329.4099342211815,18700.0
2003-04-23,False,daily,711.5,715.0,708.5,709.65,12300.0,328.8552942309115,330.4729942025323,327.4686942552365,328.00022424591197,12300.0
2003-04-22,False,daily,701.35,714.85,701.35,712.0,15500.0,323.50296340158957,329.7299399552667,323.50296340158957,328.41535601615703,15500.0
2003-04-21,False,daily,709.0,710.0,700.48,702.35,14400.0,327.03158344867325,327.4928409711679,323.10166935701926,323.96422092408415,14400.0
2003-04-17,False,daily,721.0,721.0,707.0,710.5,19000.0,332.56667371860846,332.56667371860846,326.10906840368403,327.72346973241514,19000.0
2003-04-16,False,daily,735.0,738.0,716.5,719.69,8600.0,339.02427903353293,340.4080516010167,330.4910148673828,331.9624263641406,8600.0
2003-04-15,False,daily,723.0,734.0,719.51,732.85,9400.0,333.48918876359767,338.5630215110383,331.8794000100915,338.0325753601695,9400.0
2003-04-14,False,daily,710.55,722.25,709.5,721.55,10300.0,327.74653260853984,333.14324562172675,327.26221220992056,332.82036535598047,10300.0
2003-04-11,False,daily,708.5,712.0,697.5,710.55,11500.0,326.80095468742593,328.41535601615703,321.7271219399853,327.74653260853984,11500.0
2003-04-10,False,daily,699.0,705.99,699.0,705.89,6800.0,322.41900822372725,325.6431983059645,322.41900822372725,325.597072553715,6800.0
2003-04-09,False,daily,712.0,712.99,696.0,697.62,8900.0,328.41535601615703,328.87200096342673,321.0352356562434,321.7824728426847,8900.0
2003-04-08,False,daily,715.01,716.25,707.25,710.24,8200.0,329.8037411588658,330.3757004867591,326.2243827843077,327.60354277656654,8200.0
2003-04-07,False,daily,721.0,723.5,715.0,715.0,12800.0,332.56667371860846,333.719817524845,329.7991285836409,329.7991285836409,12800.0
2003-04-04,False,daily,716.5,718.0,711.5,713.75,11400.0,330.4910148673828,331.18290115112467,328.1847272549098,329.2225566805226,11400.0
2003-04-03,False,daily,709.72,720.0,706.0,713.43,23600.0,327.3636888648694,332.1054161961139,325.64781088118946,329.0749542733243,23600.0
2003-04-02,False,daily,687.0,711.0,687.0,709.71,19200.0,316.883917953792,327.95409849366246,316.883917953792,327.35907628964446,19200.0
2003-04-01,False,daily,681.37,690.1,679.0,682.2,11400.0,314.2870381021474,318.3138162735253,313.1938577738352,314.66988184581794,11400.0
2003-03-31,False,daily,693.0,693.0,681.4,681.4,18000.0,319.6514630887596,319.6514630887596,314.3008758278222,314.3008758278222,18000.0
2003-03-28,False,daily,686.0,705.0,681.5,696.5,17500.0,316.4226604312974,325.1865533586948,314.34700158007166,321.2658644174907,17500.0
2003-03-27,False,daily,691.3,691.3,682.5,688.3,15500.0,318.86732530051876,318.86732530051876,314.8082591025663,317.48355273303497,15500.0
2003-03-26,False,daily,695.9,699.5,690.0,691.7,19600.0,320.98910990399395,322.6496369849745,318.2676905212758,319.0518283095166,19600.0
2003-03-25,False,daily,703.0,708.0,693.4,697.9,11300.0,324.2640383137056,326.57032592617867,319.8359660977574,321.91162494898316,11300.0
2003-03-24,False,daily,726.9,726.9,703.3,705.0,12400.0,335.28809310132664,335.28809310132664,324.40241557045397,325.1865533586948,12400.0
2003-03-21,False,daily,712.5,727.9,708.5,727.9,15200.0,328.64598477740435,335.7493506238212,326.80095468742593,335.7493506238212,15200.0
2003-03-20,False,daily,701.0,707.0,698.5,706.5,7800.0,323.34152326871646,326.10906840368403,322.18837946247993,325.8784396424367,7800.0
2003-03-19,False,daily,697.0,704.5,695.0,702.9,10600.0,321.49649317873804,324.95592459744756,320.5739781337488,324.21791256145616,10600.0
2003-03-18,False,daily,705.0,709.0,694.0,695.9,14500.0,325.1865533586948,327.03158344867325,320.1127206112542,320.98910990399395,14500.0
2003-03-17,False,daily,687.5,704.0,687.0,704.0,15000.0,317.1145467150393,324.72529583620025,316.883917953792,324.72529583620025,15000.0
2003-03-14,False,daily,698.0,698.0,686.0,687.5,9900.0,321.9577507012326,321.9577507012326,316.4226604312974,317.1145467150393,9900.0
2003-03-13,False,daily,686.0,701.5,680.0,699.0,12700.0,316.4226604312974,323.5721520299637,313.65511529632977,322.41900822372725,12700.0
2003-03-12,False,daily,670.0,681.3,670.0,679.6,14600.0,309.04254007138377,314.25475007557276,309.04254007138377,313.47061228733196,14600.0
2003-03-11,False,daily,670.0,681.0,670.0,673.6,12600.0,309.04254007138377,314.1163728188244,309.04254007138377,310.7030671523643,12600.0
2003-03-10,False,daily,679.7,679.7,665.5,671.9,12000.0,313.5167380395814,313.5167380395814,306.96688122015803,309.91892936412347,12000.0
2003-03-07,False,daily,669.5,682.0,658.5,678.7,25400.0,308.81191131013645,314.577630341319,303.7380785626958,313.05548051708683,25400.0
2003-03-06,False,daily,671.6,680.0,669.0,673.0,21400.0,309.7805521073751,313.65511529632977,308.58128254888913,310.42631263886756,21400.0
2003-03-05,False,daily,676.8,677.0,667.5,673.4,23400.0,312.179091224347,312.271342728846,307.88939626514724,310.61081564786537,23400.0
2003-03-04,False,daily,701.0,706.0,675.0,676.6,20000.0,323.34152326871646,325.64781088118946,311.34882768385677,312.0868397198481,20000.0
2003-03-03,False,daily,716.0,720.9,697.0,701.0,12100.0,330.26038610613546,332.520547966359,321.49649317873804,323.34152326871646,12100.0
2003-02-28,False,daily,708.0,715.0,707.0,713.5,16100.0,326.57032592617867,329.7991285836409,326.10906840368403,329.107242299899,16100.0
2003-02-27,False,daily,691.0,708.5,691.0,706.5,187000.0,318.7289480437704,326.80095468742593,318.7289480437704,325.8784396424367,187000.0
2003-02-26,False,daily,687.3,691.0,678.0,688.5,17100.0,317.02229521054034,318.7289480437704,312.73260025134056,317.5758042375339,17100.0
2003-02-25,False,daily,680.0,689.7,678.0,688.3,15900.0,313.65511529632977,318.12931326452747,312.73260025134056,317.48355273303497,15900.0
2003-02-24,False,daily,692.2,692.2,679.0,679.3,18700.0,319.28245707076394,319.28245707076394,313.1938577738352,313.33223503058355,18700.0
2003-02-21,False,daily,691.0,693.8,684.5,692.2,12900.0,318.7289480437704,320.0204691067553,315.7307741475555,319.28245707076394,12900.0
2003-02-20,False,daily,698.5,698.5,691.5,692.9,11200.0,322.18837946247993,322.18837946247993,318.9595768050177,319.60533733651016,11200.0
2003-02-19,False,daily,702.0,708.0,697.0,700.0,12200.0,323.80278079121103,326.57032592617867,321.49649317873804,322.8802657462218,12200.0
2003-02-18,False,daily,693.0,703.0,693.0,702.0,13700.0,319.6514630887596,324.2640383137056,319.6514630887596,323.80278079121103,13700.0
2003-02-14,False,daily,694.5,697.5,690.5,692.0,19100.0,320.3433493725015,321.7271219399853,318.4983192825231,319.19020556626504,19100.0
2003-02-13,False,daily,713.0,713.0,695.5,696.0,16000.0,328.87661353865167,328.87661353865167,320.80460689499614,321.0352356562434,16000.0
2003-02-12,False,daily,725.0,725.0,710.0,712.0,14800.0,334.4117038085869,334.4117038085869,327.4928409711679,328.41535601615703,14800.0
2003-02-11,False,daily,733.0,733.0,725.0,726.5,8700.0,338.1017639885437,338.1017639885437,334.4117038085869,335.1035900923288,8700.0
2003-02-10,False,daily,731.0,732.0,723.0,731.2,16900.0,337.1792489435545,337.6405064660491,333.48918876359767,337.2715004480535,16900.0
2003-02-07,False,daily,743.8,743.8,729.0,729.0,25900.0,343.0833452314854,343.0833452314854,336.2567338985653,336.2567338985653,25900.0
2003-02-06,False,daily,731.8,743.5,728.5,739.0,20200.0,337.5482549615502,342.94496797473704,336.026105137318,340.86930912351136,20200.0
2003-02-05,False,daily,732.0,745.0,728.5,731.8,32900.0,337.6405064660491,343.63685425847893,336.026105137318,337.5482549615502,32900.0
2003-02-04,False,daily,728.0,730.0,724.1,729.0,9800.0,335.7954763760707,336.71799142105993,333.99657203834175,336.2567338985653,9800.0
2003-02-03,False,daily,734.5,736.0,728.0,730.5,17400.0,338.7936502722856,339.4855365560275,335.7954763760707,336.9486201823072,17400.0
2003-01-31,False,daily,719.0,737.0,719.0,734.5,15800.0,331.6441586736193,339.94679407852215,331.6441586736193,338.7936502722856,15800.0
2003-01-30,False,daily,721.5,726.0,716.0,720.3,17700.0,332.7973024798558,334.8729613310815,330.26038610613546,332.24379345286223,17700.0
2003-01-29,False,daily,690.0,705.0,690.0,701.0,13000.0,318.2676905212758,325.1865533586948,318.2676905212758,323.34152326871646,13000.0
2003-01-28,False,daily,672.73,687.35,672.73,683.45,12200.0,310.301773107794,317.0453580866651,310.301773107794,315.2464537489362,12200.0
2003-01-27,False,daily,695.5,696.0,686.0,688.0,20500.0,320.80460689499614,321.0352356562434,316.4226604312974,317.3451754762866,20500.0
2003-01-24,False,daily,707.8,709.8,692.0,698.0,23200.0,326.4780744216797,327.4005894666689,319.19020556626504,321.9577507012326,23200.0
2003-01-23,False,daily,713.0,714.5,707.5,709.3,20400.0,328.87661353865167,329.56849982239356,326.33969716493135,327.1699607054216,20400.0
2003-01-22,False,daily,720.6,720.6,709.0,710.6,14700.0,332.38217070961065,332.38217070961065,327.03158344867325,327.76959548466465,14700.0
2003-01-21,False,daily,726.0,728.0,721.0,723.0,16800.0,334.1910347895043,335.11167124897946,331.8894436408162,332.81008010029143,16800.0
2003-01-17,False,daily,731.5,731.5,728.5,728.5,6400.0,336.7227850530611,336.7227850530611,335.34183036384826,335.34183036384826,6400.0
2003-01-16,False,daily,734.0,735.0,727.0,732.5,21000.0,337.87358062740515,338.33389885714274,334.65135301924187,337.1831032827987,21000.0
2003-01-15,False,daily,743.0,743.0,733.0,734.0,17400.0,342.0164446950436,342.0164446950436,337.4132623976675,337.87358062740515,17400.0
2003-01-14,False,daily,747.0,747.0,742.0,743.0,9200.0,343.85771761399405,343.85771761399405,341.556126465306,342.0164446950436,9200.0
2003-01-13,False,daily,750.1,752.5,745.4,747.0,11200.0,345.28470412618066,346.3894678775509,343.12120844641385,343.85771761399405,11200.0
2003-01-10,False,daily,755.5,762.2,749.5,752.1,21300.0,347.7704225667637,350.85455470600573,345.00851318833804,346.20534058565585,21300.0
2003-01-09,False,daily,750.0,760.0,750.0,757.5,12400.0,345.2386723032069,349.84185460058296,345.2386723032069,348.6910590262389,12400.0
2003-01-08,False,daily,755.5,758.5,750.0,750.5,15800.0,347.7704225667637,349.15137725597657,345.2386723032069,345.4688314180757,15800.0
2003-01-07,False,daily,759.0,759.5,753.0,754.5,12200.0,349.38153637084537,349.61169548571416,346.6196269924197,347.31010433702613,12200.0
2003-01-06,False,daily,751.0,764.0,751.0,759.0,11600.0,345.6989905329445,351.6831275195334,345.6989905329445,349.38153637084537,11600.0
2003-01-03,False,daily,750.0,755.0,742.5,751.0,16000.0,345.2386723032069,347.54026345189493,341.7862855801748,345.6989905329445,16000.0
2003-01-02,False,daily,740.0,752.0,736.0,749.5,16700.0,340.6354900058308,346.1593087626821,338.79421708688034,345.00851318833804,16700.0
2004-12-31,False,daily,991.0,991.0,974.0,983.02,9900.0,463.64381338556103,463.64381338556103,455.6902868189066,459.9103344442726,9900.0
2004-12-30,False,daily,996.74,999.5,994.0,994.38,6600.0,466.3292982380667,467.62057666888825,465.04737689732355,465.2251616088135,6600.0
2004-12-29,False,daily,993.0,998.0,986.0,996.74,5600.0,464.5795223934027,466.91879491300693,461.30454086595677,466.3292982380667,5600.0
2004-12-28,False,daily,986.0,998.0,984.01,991.0,16900.0,461.30454086595677,466.91879491300693,460.3735104031543,463.64381338556103,16900.0
2004-12-27,False,daily,959.0,983.0,959.0,983.0,13400.0,448.67246926009386,459.9009773541942,448.67246926009386,459.9009773541942,13400.0
2004-12-23,False,daily,966.0,966.01,951.0,956.0,5400.0,451.9474507875398,451.952129332579,444.9296332287271,447.2689057483313,5400.0
2004-12-22,False,daily,964.5,973.01,963.0,966.0,12900.0,451.2456690316585,455.22711086002494,450.54388727577725,451.9474507875398,12900.0
2004-12-21,False,daily,938.0,960.01,938.0,960.01,11800.0,438.84752467775604,449.1450023090539,438.84752467775604,449.1450023090539,11800.0
2004-12-20,False,daily,938.0,949.0,919.75,933.06,19400.0,438.84752467775604,443.9939242208854,430.30917998120054,436.536323428387,19400.0
2004-12-17,False,daily,949.5,956.0,937.67,940.0,23400.0,444.22785147284577,447.2689057483313,438.69313269146215,439.78323368559774,23400.0
2004-12-16,False,daily,974.5,974.5,944.9,953.9,17000.0,455.92421407086704,455.92421407086704,442.0757207548099,446.28641129009753,17000.0
2004-12-15,False,daily,971.0,982.5,965.0,977.5,14600.0,454.28672330714403,459.6670501022338,451.47959628361895,457.32777758262955,14600.0
2004-12-14,False,daily,942.0,975.5,942.0,975.5,13200.0,440.71894269343943,456.39206857478786,440.71894269343943,456.39206857478786,13200.0
2004-12-13,False,daily,946.5,966.0,941.0,945.46,9000.0,442.82428796108326,451.9474507875398,440.25108818951855,442.3377192770056,9000.0
2004-12-10,False,daily,943.0,943.0,925.0,942.5,13700.0,441.1867971973603,441.1867971973603,432.765416126785,440.95286994539987,13700.0
2004-12-09,False,daily,940.1,959.8,938.02,947.5,13900.0,439.8300191359898,449.0467528632305,438.85688176783447,443.2921424650041,13900.0
2004-12-08,False,daily,939.5,948.5,935.0,940.0,10100.0,439.5493064336373,443.75999696892495,437.44396116599347,439.78323368559774,10100.0
2004-12-07,False,daily,954.0,957.5,934.0,938.5,9700.0,446.3331967404896,447.9706875042126,436.97610666207265,439.0814519297165,9700.0
2004-12-06,False,daily,951.72,960.75,942.5,953.0,12300.0,445.2664884715501,449.49121464195537,440.95286994539987,445.8653422365688,12300.0
2004-12-03,False,daily,962.0,962.0,949.9,951.72,10600.0,450.0760327718564,450.0760327718564,444.41499327441414,445.2664884715501,10600.0
2004-12-02,False,daily,971.0,981.75,963.0,964.87,12100.0,454.28672330714403,459.3161592242932,450.54388727577725,451.41877519810924,12100.0
2004-12-01,False,daily,942.5,981.5,937.0,973.88,32000.0,440.95286994539987,459.19919559831294,438.37967017383517,455.6341442784361,32000.0
2004-11-30,False,daily,948.0,951.0,926.0,938.0,20700.0,443.5260697169645,444.9296332287271,433.2332706307059,438.84752467775604,20700.0
2004-11-29,False,daily,954.0,978.0,942.75,944.5,15800.0,446.3331967404896,457.56170483459,441.06983357138006,441.88857895324156,15800.0
2004-11-26,False,daily,955.0,956.0,940.5,950.75,9700.0,446.8010512444105,447.2689057483313,440.0171609375582,444.81266960274684,9700.0
2004-11-24,False,daily,965.0,970.75,956.03,956.03,10300.0,451.47959628361895,454.16975968116384,447.28294138344893,447.28294138344893,10300.0
2004-11-23,False,daily,948.5,966.1,929.15,962.0,17800.0,443.75999696892495,451.9942362379319,434.7070123180565,450.0760327718564,17800.0
2004-11-22,False,daily,949.0,956.0,947.0,948.5,6500.0,443.9939242208854,447.2689057483313,443.0582152130437,443.75999696892495,6500.0
2004-11-19,False,daily,967.0,969.0,946.5,948.0,11100.0,452.41530529146064,453.35101429930234,442.82428796108326,443.5260697169645,11100.0
2004-11-18,False,daily,987.5,991.5,957.73,966.0,17700.0,462.006322621838,463.8777406375214,448.0782940401144,451.9474507875398,17700.0
2004-11-17,False,daily,976.0,998.75,976.0,984.98,23400.0,456.6259958267483,467.2696857909476,456.6259958267483,460.8273292719575,23400.0
2004-11-16,False,daily,963.5,976.0,958.0,971.06,16300.0,450.7778145277377,456.6259958267483,448.204614756173,454.31479457737925,16300.0
2004-11-15,False,daily,956.0,973.0,956.0,964.5,31900.0,447.2689057483313,455.2224323149857,447.2689057483313,451.2456690316585,31900.0
2004-11-12,False,daily,948.0,955.92,936.0,955.1,9000.0,443.5260697169645,447.23147738801765,437.91181566991435,446.84783669480254,9000.0
2004-11-11,False,daily,953.0,967.0,936.0,949.6,17800.0,445.8653422365688,452.41530529146064,437.91181566991435,444.2746369232379,17800.0
2004-11-10,False,daily,943.99,961.0,943.0,951.9,19700.0,441.6499731562419,449.60817826793556,441.1867971973603,445.35070228225584,19700.0
2004-11-09,False,daily,922.5,947.5,922.5,943.99,22700.0,431.59577986698287,443.2921424650041,431.59577986698287,441.6499731562419,22700.0
2004-11-08,False,daily,934.0,935.0,915.0,920.47,11900.0,436.97610666207265,437.44396116599347,428.0868710875765,430.6460352240236,11900.0
2004-11-05,False,daily,928.25,949.0,924.0,932.5,25600.0,434.28594326452776,443.9939242208854,432.2975616228642,436.2743249061914,25600.0
2004-11-04,False,daily,915.0,934.0,913.5,930.15,22100.0,428.0868710875765,436.97610666207265,427.38508933169527,435.1748668219774,22100.0
2004-11-03,False,daily,934.5,943.5,910.05,914.0,16600.0,437.2100339140331,441.4207244493207,425.7709912931683,427.61901658365565,16600.0
2004-11-02,False,daily,930.0,937.5,923.25,929.6,18400.0,435.10468864638926,438.6135974257956,431.9466707449235,434.9175468448209,18400.0
2004-11-01,False,daily,919.0,927.49,911.25,922.99,23600.0,429.9582891032599,433.9303738415479,426.3324166978733,431.8250285739041,23600.0
2004-10-29,False,daily,889.0,923.0,885.5,915.0,36100.0,415.92265398563444,431.8297071189433,414.2851632219115,428.0868710875765,36100.0
2004-10-28,False,daily,886.0,888.75,874.33,876.5,6700.0,414.5190904738719,415.80569035965425,409.05922841311565,410.07447268662384,6700.0
2004-10-27,False,daily,865.1,890.38,865.1,885.0,13900.0,404.74093134192617,416.5682932010452,404.74093134192617,414.05123596995105,13900.0
2004-10-26,False,daily,874.0,874.0,862.03,863.0,24000.0,408.9048364268217,408.9048364268217,403.3046180148892,403.7584368836924,24000.0
2004-10-25,False,daily,879.35,879.35,862.9,870.75,27100.0,411.4078580227983,411.4078580227983,403.7116514333003,407.38430928907894,27100.0
2004-10-22,False,daily,879.0,890.0,879.0,879.35,11700.0,411.24410894642597,416.3905084895553,411.24410894642597,411.4078580227983,11700.0
2004-10-21,False,daily,877.0,878.55,865.75,876.0,20500.0,410.3083999385843,411.03357441966153,405.04503676947473,409.8405454346634,20500.0
2004-10-20,False,daily,875.25,886.5,872.0,880.0,11900.0,409.48965455672277,414.7530177258323,407.96912741898,411.7119634503468,11900.0
2004-10-19,False,daily,893.0,893.0,870.0,875.0,10300.0,416.9648804776407,416.9648804776407,406.22558344406207,408.56021323397044,10300.0
2004-10-18,False,daily,885.6,894.0,880.0,891.0,18200.0,413.5096283885763,417.4318064356224,410.8948430238789,416.0310285616773,18200.0
2004-10-15,False,daily,875.0,893.84,875.0,886.0,14400.0,408.56021323397044,417.3570982823453,408.56021323397044,413.69639877176894,14400.0
2004-10-14,False,daily,885.5,888.5,872.0,877.0,21800.0,413.4629357927781,414.86371366672313,407.1594353600254,409.4940651499338,21800.0
2004-10-13,False,daily,904.5,916.0,889.0,889.2,17900.0,422.33452899443,427.70417751121937,415.097176645714,415.1905618373103,17900.0
2004-10-12,False,daily,907.3,908.49,899.06,900.83,12700.0,423.64192167677874,424.1975635667769,419.79445178300966,420.6209107286373,12700.0
2004-10-11,False,daily,916.75,918.9,907.25,907.3,9700.0,428.0543719797056,429.0582627893662,423.61857537887965,423.64192167677874,9700.0
2004-10-08,False,daily,924.0,924.0,908.5,914.9,19100.0,431.4395851750728,431.4395851750728,424.20223282635675,427.1905589574395,19100.0
2004-10-07,False,daily,933.75,939.75,927.01,927.35,9300.0,435.9921132653942,438.7936690132843,432.84503230859764,433.00378713431144,9300.0
2004-10-06,False,daily,932.65,950.0,930.0,937.4,24000.0,435.4784947116143,443.5796600825965,434.24114092296287,437.69639301202733,24000.0
2004-10-05,False,daily,925.5,935.0,915.0,932.65,21900.0,432.1399741120453,436.5757707128713,427.2372515532377,435.4784947116143,21900.0
2004-10-04,False,daily,943.75,947.5,922.5,923.6,12100.0,440.66137284521096,442.4123451876423,430.7391962381003,431.25281479188016,12100.0
2004-10-01,False,daily,921.0,944.0,921.0,942.75,18100.0,430.03880730112775,440.7781043347064,430.03880730112775,440.19444688722933,18100.0
2004-09-30,False,daily,911.01,920.0,907.02,920.0,16800.0,425.37421698089076,429.57188134314606,423.51118240854385,429.57188134314606,16800.0
2004-09-29,False,daily,937.0,937.01,906.0,911.01,14300.0,437.5096226288346,437.51429188841445,423.03491793140256,425.37421698089076,14300.0
2004-09-28,False,daily,935.5,956.75,935.5,939.06,21200.0,436.8092336918621,446.73141029897283,436.8092336918621,438.4714901022769,21200.0
2004-09-27,False,daily,917.0,942.09,904.5,936.5,31300.0,428.17110346920106,439.8862757549614,422.33452899443,437.2761596498438,31300.0
2004-09-24,False,daily,909.5,930.5,909.5,917.0,19900.0,424.66915878433844,434.47460390195374,424.66915878433844,428.17110346920106,19900.0
2004-09-23,False,daily,909.01,909.01,896.0,908.5,10400.0,424.4403650649274,424.4403650649274,418.36565835158575,424.20223282635675,10400.0
2004-09-22,False,daily,894.5,910.75,890.0,909.01,10600.0,417.66526941461325,425.25281623181553,415.5641026036957,424.4403650649274,10600.0
2004-09-21,False,daily,879.5,894.7,878.0,894.7,7800.0,410.661380044888,417.7586546062096,409.9609911079155,417.7586546062096,7800.0
2004-09-20,False,daily,890.0,890.01,873.0,881.13,13100.0,415.5641026036957,415.56877186327546,407.62636131800707,411.42246935639815,13100.0
2004-09-17,False,daily,915.0,915.0,891.0,891.9,15100.0,427.2372515532377,427.2372515532377,416.0310285616773,416.45126192386084,15100.0
2004-09-16,False,daily,919.0,920.5,917.0,919.05,4300.0,429.1049553851644,429.80534432213693,428.17110346920106,429.12830168306346,4300.0
2004-09-15,False,daily,909.05,922.0,907.0,916.01,4400.0,424.45904210324665,430.50573325910943,423.50184388938425,427.70884677079914,4400.0
2004-09-14,False,daily,908.0,915.0,907.0,910.02,6800.0,423.96876984736593,427.2372515532377,423.50184388938425,424.9119602824889,6800.0
2004-09-13,False,daily,904.6,917.75,900.0,908.0,9100.0,422.3812215902282,428.5212979376873,420.23336218351244,423.96876984736593,9100.0
2004-09-10,False,daily,920.01,920.01,904.5,904.6,8400.0,429.5765506027259,429.5765506027259,422.33452899443,422.3812215902282,8400.0
2004-09-09,False,daily,894.0,927.98,894.0,920.01,10500.0,417.4318064356224,433.2979504878399,417.4318064356224,429.5765506027259,10500.0
2004-09-08,False,daily,907.5,923.5,895.0,895.0,12700.0,423.73530686837506,431.20612219608194,417.89873239360406,417.89873239360406,12700.0
2004-09-07,False,daily,895.5,907.48,895.5,906.0,6600.0,418.1321953725949,423.72596834921546,418.1321953725949,423.03491793140256,6600.0
2004-09-03,False,daily,905.03,905.03,890.99,891.0,8100.0,422.5819997521603,422.5819997521603,416.02635930209755,416.0310285616773,8100.0
2004-09-02,False,daily,882.0,909.0,882.0,905.02,11100.0,411.8286949398422,424.43569580534756,411.8286949398422,422.5773304925805,11100.0
2004-09-01,False,daily,870.5,884.0,867.0,884.0,14500.0,406.4590464230529,412.76254685580557,404.824805570117,412.76254685580557,14500.0
2004-08-31,False,daily,872.0,875.0,868.5,868.5,12200.0,407.1594353600254,408.56021323397044,405.5251945070895,405.5251945070895,12200.0
2004-08-30,False,daily,879.5,881.5,869.0,869.75,5300.0,410.661380044888,411.5952319608514,405.7586574860804,406.1088519545666,5300.0
2004-08-27,False,daily,878.0,880.0,877.0,878.0,8800.0,409.9609911079155,410.8948430238789,409.4940651499338,409.9609911079155,8800.0
2004-08-26,False,daily,873.5,884.5,873.5,878.0,20400.0,407.85982429699794,412.99600983479644,407.85982429699794,409.9609911079155,20400.0
2004-08-25,False,daily,872.5,878.5,871.0,873.5,13100.0,407.39289833901626,410.1944540869063,406.69250940204375,407.85982429699794,13100.0
2004-08-24,False,daily,879.0,885.0,868.5,870.5,15800.0,410.4279170658972,413.22947281378725,405.5251945070895,406.4590464230529,15800.0
2004-08-23,False,daily,900.0,900.0,876.0,880.0,14300.0,420.23336218351244,420.23336218351244,409.02713919195213,410.8948430238789,14300.0
2004-08-20,False,daily,903.01,906.0,898.0,899.5,7000.0,421.6388093170373,423.03491793140256,419.2995102675491,419.9998992045216,7000.0
2004-08-19,False,daily,900.0,909.95,895.5,903.01,6100.0,420.23336218351244,424.8792754654302,418.1321953725949,421.6388093170373,6100.0
2004-08-18,False,daily,895.25,919.5,891.0,902.0,19800.0,418.01546388309947,429.33841836415525,416.0310285616773,421.1672140994758,19800.0
2004-08-17,False,daily,871.5,904.0,871.5,900.0,14800.0,406.92597238103457,422.1010660154392,406.92597238103457,420.23336218351244,14800.0
2004-08-16,False,daily,864.01,875.0,864.0,871.5,9500.0,403.4286969557518,408.56021323397044,403.42402769617195,406.92597238103457,9500.0
2004-08-13,False,daily,874.1,875.0,863.01,863.01,5000.0,408.139979871787,408.56021323397044,402.9617709977701,402.9617709977701,5000.0
2004-08-12,False,daily,866.0,887.0,863.5,873.1,13700.0,404.3578796121353,414.1633247297506,403.19056471718113,407.6730539138053,13700.0
2004-08-11,False,daily,880.0,880.0,860.75,866.26,10000.0,410.8948430238789,410.8948430238789,401.9065183327315,404.47928036121056,10000.0
2004-08-10,False,daily,857.0,884.0,857.0,881.9,24600.0,400.1555459903002,412.76254685580557,400.1555459903002,411.78200234404403,24600.0
2004-08-09,False,daily,857.0,861.5,851.0,859.5,10100.0,400.1555459903002,402.25671280121776,397.35399024241013,401.3228608852544,10100.0
2004-08-06,False,daily,864.0,864.5,852.0,857.25,10500.0,403.42402769617195,403.6574906751628,397.8209162003918,400.2722774797956,10500.0
2004-08-05,False,daily,873.01,873.01,860.0,863.0,14700.0,407.6310305775869,407.6310305775869,401.55632386424526,402.95710173819026,14700.0
2004-08-04,False,daily,866.0,877.5,866.0,875.01,11700.0,404.3578796121353,409.72752812892463,404.3578796121353,408.5648824935503,11700.0
2004-08-03,False,daily,863.0,868.5,862.8,866.0,14400.0,402.95710173819026,405.5251945070895,402.86371654659393,404.3578796121353,14400.0
2004-08-02,False,daily,865.0,865.0,851.0,863.43,45000.0,403.89095365415363,403.89095365415363,397.35399024241013,403.1578799001224,45000.0
2004-07-30,False,daily,848.5,880.72,848.5,867.9,25100.0,396.18667534745595,411.2310297136257,396.18667534745595,405.24503893230053,25100.0
2004-07-29,False,daily,843.5,853.49,840.25,846.5,11000.0,393.8520455575475,398.5166358777845,392.33453619410705,395.2528234314926,11000.0
2004-07-28,False,daily,850.75,850.75,830.0,845.5,18800.0,397.2372587529147,397.2372587529147,387.5485451247948,394.7858974735109,18800.0
2004-07-27,False,daily,852.0,856.25,845.53,850.75,10200.0,397.8209162003918,399.8053515218139,394.7999052522503,397.2372587529147,10200.0
2004-07-26,False,daily,857.0,857.8,847.0,850.0,12400.0,400.1555459903002,400.5290867566855,395.4862864104834,396.88706428442845,12400.0
2004-07-23,False,daily,859.5,859.75,851.5,853.0,3700.0,401.3228608852544,401.43959237474985,397.58745322140095,398.2878421583735,3700.0
2004-07-22,False,daily,868.0,868.56,856.52,858.5,6800.0,405.2917315280987,405.5532100645684,399.931421530469,400.8559349272727,6800.0
2004-07-21,False,daily,880.25,883.5,865.5,865.5,8800.0,411.0115745133743,412.52908387681475,404.1244166331445,404.1244166331445,8800.0
2004-07-20,False,daily,873.75,880.0,873.75,880.0,7300.0,407.15331107893917,410.06570958451096,407.15331107893917,410.06570958451096,7300.0
2004-07-19,False,daily,872.0,879.0,870.0,873.75,8800.0,406.33783949737904,409.5997258236195,405.4058719755961,407.15331107893917,8800.0
2004-07-16,False,daily,882.3,888.76,874.4,874.4,9800.0,411.13747223456136,414.14772732992043,407.45620052351865,407.45620052351865,9800.0
2004-07-15,False,daily,890.0,894.5,883.3,883.3,4900.0,414.7255471934259,416.8224741174376,411.60345599545286,411.60345599545286,4900.0
2004-07-14,False,daily,902.0,905.0,887.79,887.79,9100.0,420.31735232412376,421.7153036067982,413.69572308185565,413.69572308185565,9100.0
2004-07-13,False,daily,900.15,902.5,897.5,899.99,5300.0,419.4552823664745,420.5503442045695,418.22042540011205,419.3807249647319,5300.0
2004-07-12,False,daily,908.0,911.0,900.0,901.15,4700.0,423.11325488947267,424.5112061721471,419.38538480234075,419.921266127366,4700.0
2004-07-09,False,daily,907.0,913.0,907.0,910.0,3300.0,422.64727112858117,425.44317369393013,422.64727112858117,424.0452224112557,3300.0
2004-07-08,False,daily,907.5,911.0,901.0,905.0,7500.0,422.8802630090269,424.5112061721471,419.85136856323226,421.7153036067982,7500.0
2004-07-07,False,daily,910.99,917.75,907.0,909.5,6600.0,424.50654633453826,427.6565965581647,422.64727112858117,423.8122305308099,6600.0
2004-07-06,False,daily,924.75,926.0,906.5,910.99,8000.0,430.91848288440514,431.5009625855195,422.4142792481355,424.50654633453826,8000.0
2004-07-02,False,daily,929.75,930.5,923.18,926.01,10900.0,433.2484016888626,433.5978895095312,430.18688837980545,431.5056224231284,10900.0
2004-07-01,False,daily,932.01,940.5,926.0,927.75,23200.0,434.30152498847735,438.2577271184461,431.5009625855195,432.3164341670796,23200.0
2004-06-30,False,daily,932.0,935.75,930.01,930.01,16600.0,434.2968651508684,436.0443042542115,433.36955746669435,433.36955746669435,16600.0
2004-06-29,False,daily,921.0,936.75,921.0,930.0,15600.0,429.17104378106205,436.510288015103,429.17104378106205,433.3648976290855,15600.0
2004-06-28,False,daily,896.5,923.0,896.5,920.0,20300.0,417.75444163922054,430.103011302845,417.75444163922054,428.70506002017055,20300.0
2004-06-25,False,daily,899.0,902.0,895.0,896.1,24600.0,418.91940104144925,420.31735232412376,417.05546599788335,417.56804813486394,24600.0
2004-06-24,False,daily,918.51,918.51,902.0,903.02,19500.0,428.0107442164422,428.0107442164422,420.31735232412376,420.79265576023306,19500.0
2004-06-23,False,daily,920.0,922.5,905.0,918.5,14800.0,428.70506002017055,429.8700194223993,421.7153036067982,428.00608437883335,14800.0
2004-06-22,False,daily,931.0,932.76,915.67,917.85,20100.0,433.8308813899769,434.651012809146,426.6873503355104,427.7031949342539,20100.0
2004-06-21,False,daily,933.0,942.0,929.12,930.0,14200.0,434.76284891175993,438.95670275978335,432.954831919501,433.3648976290855,14200.0
2004-06-18,False,daily,943.0,947.0,936.01,937.0,7200.0,439.4226865206748,441.28662156424076,436.1654600320433,436.6267839553259,7200.0
2004-06-17,False,daily,941.5,954.95,941.5,947.0,6000.0,438.7237108793376,444.99119246332816,438.7237108793376,441.28662156424076,6000.0
2004-06-16,False,daily,954.0,955.0,940.01,942.5,8800.0,444.54850789048123,445.0144916513727,438.0293950756093,439.1896946402291,8800.0
2004-06-15,False,daily,954.01,957.0,950.0,952.0,13100.0,444.5531677280901,445.9464591731557,442.6845728469153,443.6165403686982,13100.0
2004-06-14,False,daily,955.84,955.84,949.65,954.01,7200.0,445.4059180105216,445.4059180105216,442.52147853060325,444.5531677280901,7200.0
2004-06-10,False,daily,956.0,962.0,955.5,955.5,4500.0,445.4804754122642,448.27637797761315,445.24748353181843,445.24748353181843,4500.0
2004-06-09,False,daily,969.0,970.0,953.0,953.9,12100.0,451.53826430385357,452.00424806474507,444.08252412958973,444.501909514392,12100.0
2004-06-08,False,daily,963.5,981.25,955.0,967.0,15100.0,448.97535361895035,457.2465653747743,445.0144916513727,450.60629678207056,15100.0
2004-06-07,False,daily,965.0,966.5,960.5,963.5,6300.0,449.6743292602876,450.3733049016248,447.5774023362759,448.97535361895035,6300.0
2004-06-04,False,daily,948.0,967.6,947.5,965.82,10500.0,441.75260532513227,450.88588703860546,441.5196134446865,450.05643594421866,10500.0
2004-06-03,False,daily,944.0,960.75,944.0,945.0,20000.0,439.8886702815663,447.69389827649877,439.8886702815663,440.3546540424578,20000.0
2004-06-02,False,daily,958.5,960.04,947.0,947.0,10700.0,446.64543481449294,447.3630498062658,441.28662156424076,441.28662156424076,10700.0
2004-06-01,False,daily,950.75,967.99,946.5,954.97,18900.0,443.03406066758384,451.06762070535314,441.05362968379507,445.00051213854596,18900.0
2004-05-28,False,daily,924.0,983.5,924.0,950.75,62200.0,430.5689950637365,458.29502883678015,430.5689950637365,443.03406066758384,62200.0
2004-05-27,False,daily,926.98,932.0,925.02,928.0,21600.0,431.95762667119317,434.2968651508684,431.0442984998458,432.43293010730247,21600.0
2004-05-26,False,daily,917.25,931.5,917.25,927.98,20500.0,427.42360467771897,434.0638732704227,427.42360467771897,432.4236104320847,20500.0
2004-05-25,False,daily,913.0,925.0,913.0,919.5,11800.0,425.44317369393013,431.034978824628,425.44317369393013,428.4720681397248,11800.0
2004-05-24,False,daily,914.0,916.0,909.0,914.75,6300.0,425.90915745482164,426.8411249766046,423.5792386503642,426.25864527549027,6300.0
2004-05-21,False,daily,914.0,928.0,913.0,913.75,10700.0,425.90915745482164,432.43293010730247,425.44317369393013,425.79266151459876,10700.0
2004-05-20,False,daily,908.0,919.99,908.0,914.0,9700.0,423.11325488947267,428.7004001825616,423.11325488947267,425.90915745482164,9700.0
2004-05-19,False,daily,916.03,919.5,905.0,906.0,9300.0,426.8551044894313,428.4720681397248,421.7153036067982,422.1812873676897,9300.0
2004-05-18,False,daily,912.0,918.5,912.0,915.03,4900.0,424.97718993303863,428.00608437883335,424.97718993303863,426.38912072853987,4900.0
2004-05-17,False,daily,913.0,917.0,905.0,912.0,8100.0,425.44317369393013,427.3071087374961,421.7153036067982,424.97718993303863,8100.0
2004-05-14,False,daily,917.0,920.0,910.0,916.0,4300.0,427.3071087374961,428.70506002017055,424.0452224112557,426.8411249766046,4300.0
2004-05-13,False,daily,915.0,920.0,908.0,918.53,7700.0,426.3751412157131,428.70506002017055,423.11325488947267,428.0200638916601,7700.0
2004-05-12,False,daily,920.0,920.0,896.1,916.5,10400.0,428.70506002017055,428.70506002017055,417.56804813486394,427.07411685705034,10400.0
2004-05-11,False,daily,921.0,923.04,909.0,923.0,13400.0,429.17104378106205,430.12165065328065,423.5792386503642,430.103011302845,13400.0
2004-05-10,False,daily,936.12,936.12,916.5,920.0,11100.0,436.2167182457414,436.2167182457414,427.07411685705034,428.70506002017055,11100.0
2004-05-07,False,daily,950.25,961.5,936.07,936.07,15500.0,442.80106878713815,448.0433860971674,436.1934190576968,436.1934190576968,15500.0
2004-05-06,False,daily,933.5,954.99,931.0,952.75,14400.0,434.9958407922057,445.0098318137638,433.8308813899769,443.96602818936685,14400.0
2004-05-05,False,daily,934.0,935.25,932.13,935.0,7900.0,435.22883267265144,435.81131237376576,434.35744303978436,435.6948164335429,7900.0
2004-05-04,False,daily,933.5,939.93,931.25,933.9,14500.0,434.9958407922057,437.9921163747379,433.9473773301998,435.1822342965623,14500.0
2004-05-03,False,daily,920.0,933.87,918.0,930.5,14700.0,428.70506002017055,435.1682547837355,427.7730924983876,433.5978895095312,14700.0
2004-04-30,False,daily,911.5,922.75,908.5,920.0,7500.0,424.7441980525929,429.9865153626222,423.3462467699184,428.70506002017055,7500.0
2004-04-29,False,daily,918.5,921.0,913.01,913.5,4200.0,428.00608437883335,429.17104378106205,425.44783353153906,425.6761655743759,4200.0
2004-04-28,False,daily,933.0,933.0,912.0,917.0,11600.0,434.76284891175993,434.76284891175993,424.97718993303863,427.3071087374961,11600.0
2004-04-27,False,daily,930.5,938.25,930.5,935.0,7400.0,433.5978895095312,437.20926365644027,433.5978895095312,435.6948164335429,7400.0
2004-04-26,False,daily,933.5,936.75,927.01,929.0,6700.0,434.9958407922057,436.510288015103,431.9716061840199,432.898913868194,6700.0
2004-04-23,False,daily,937.0,939.99,929.0,931.5,3000.0,436.6267839553259,438.0200754003914,432.898913868194,434.0638732704227,3000.0
2004-04-22,False,daily,918.99,942.0,918.99,934.0,8900.0,428.2344164216702,438.95670275978335,428.2344164216702,435.22883267265144,8900.0
2004-04-21,False,daily,917.5,927.0,912.0,917.0,6800.0,427.54010061794185,431.96694634641096,424.97718993303863,427.3071087374961,6800.0
2004-04-20,False,daily,934.83,938.03,916.78,916.79,5000.0,434.78585519572624,436.27416294860785,426.39086927712833,426.3955202388561,5000.0
2004-04-19,False,daily,934.0,936.5,933.23,935.5,4800.0,434.3998253723226,435.56256580426134,434.04170131928544,435.0974696314858,4800.0
2004-04-16,False,daily,929.5,932.49,927.0,931.9,9300.0,432.3068925948328,433.6975301514316,431.14415216289404,433.423123409494,9300.0
2004-04-15,False,daily,933.9,933.9,927.51,933.5,12400.0,434.353315755045,434.353315755045,431.38135121100953,434.1672772859348,12400.0
2004-04-14,False,daily,923.21,937.0,923.21,931.92,11100.0,429.3814376680749,435.7951138906491,429.3814376680749,433.4324253329495,11100.0
2004-04-13,False,daily,937.0,938.0,923.0,923.2,10800.0,435.7951138906491,436.2602100634246,429.28376747179203,429.3767867063471,10800.0
2004-04-12,False,daily,945.5,948.0,926.0,933.5,12000.0,439.7484313592409,440.91117179117964,430.6790559901185,434.1672772859348,12000.0
2004-04-08,False,daily,942.0,947.5,941.0,944.0,10900.0,438.1205947545266,440.6786237047919,437.6554985817511,439.0507871000776,10900.0
2004-04-07,False,daily,922.5,943.0,922.5,939.0,22700.0,429.05121938540424,438.58569092730215,429.05121938540424,436.7253062362001,22700.0
2004-04-06,False,daily,929.0,935.0,913.01,920.23,8300.0,432.07434450844505,434.86492154509807,424.6374567057647,427.99545107320387,8300.0
2004-04-05,False,daily,939.9,943.0,930.8,930.8,9600.0,437.143892791698,438.58569092730215,432.91151761944093,432.91151761944093,9600.0
2004-04-02,False,daily,914.0,943.0,908.75,940.01,34100.0,425.0979019168125,438.58569092730215,422.65614700974106,437.19505337070336,34100.0
2004-04-01,False,daily,886.0,912.5,886.0,910.75,17800.0,412.0752090790983,424.4002576576492,412.0752090790983,423.58633935529207,17800.0
2004-03-31,False,daily,881.0,885.5,881.0,884.41,10700.0,409.7497282152208,411.84266099271053,409.7497282152208,411.3357061643852,10700.0
2004-03-30,False,daily,881.04,881.5,875.05,881.0,8800.0,409.7683320621318,409.9822763016085,406.98240598720645,409.7497282152208,8800.0
2004-03-29,False,daily,866.0,886.0,866.0,881.04,20800.0,402.77328562358815,412.0752090790983,402.77328562358815,409.7683320621318,20800.0
2004-03-26,False,daily,874.9,879.0,861.8,863.0,9900.0,406.9126415612902,408.8195358696697,400.819881697931,401.37799710526167,9900.0
2004-03-25,False,daily,869.0,880.25,867.5,874.9,9900.0,404.1685741419147,409.4009060856391,403.4709298827514,406.9126415612902,9900.0
2004-03-24,False,daily,884.52,885.5,868.0,868.0,7800.0,411.38686674339056,411.84266099271053,403.70347796913916,403.70347796913916,7800.0
2004-03-23,False,daily,883.5,887.5,883.0,884.52,9000.0,410.9124686471595,412.77285333826154,410.6799205607718,411.38686674339056,9000.0
2004-03-22,False,daily,895.75,895.76,878.5,880.0,7900.0,416.6098967636595,416.61454772538724,408.586987783282,409.28463204244525,7900.0
2004-03-19,False,daily,893.5,899.09,893.01,896.75,6500.0,415.56343037491456,418.1633179807297,415.33553325025457,417.07499293643497,6500.0
2004-03-18,False,daily,894.5,897.0,892.75,894.02,6500.0,416.0285265476901,417.19126697962884,415.21460824533295,415.80528038475785,6500.0
2004-03-17,False,daily,890.0,898.0,888.5,896.25,6300.0,413.9355937702003,417.65636315240437,413.2379495110371,416.84244485004723,6300.0
2004-03-16,False,daily,899.5,903.0,886.0,888.0,11500.0,418.35400741156764,419.9818440162819,412.0752090790983,413.0054014246493,11500.0
2004-03-15,False,daily,899.9,900.0,896.0,896.5,5900.0,418.54004588067784,418.5865554979554,416.72617080685336,416.9587188932411,5900.0
2004-03-12,False,daily,895.0,910.0,892.0,900.9,6400.0,416.26107463407783,423.2375172257104,414.86578611575135,419.0051420534533,6400.0
2004-03-11,False,daily,885.0,903.8,884.0,896.0,7700.0,411.6101129063228,420.35392095450226,411.14501673354727,416.72617080685336,7700.0
2004-03-10,False,daily,896.0,896.0,883.89,883.89,4900.0,416.72617080685336,416.72617080685336,411.093856154542,411.093856154542,4900.0
2004-03-09,False,daily,899.75,899.75,889.01,897.57,6500.0,418.4702814547615,418.4702814547615,413.47514855915256,417.4563717981109,6500.0
2004-03-08,False,daily,905.0,909.0,896.0,899.5,9100.0,420.9120363618329,422.77242105293493,416.72617080685336,418.35400741156764,9100.0
2004-03-05,False,daily,906.5,910.0,902.52,903.25,5100.0,421.6096806209962,423.2375172257104,419.7585978533496,420.0981180594758,5100.0
2004-03-04,False,daily,899.5,912.49,898.75,908.5,5400.0,418.35400741156764,424.39560669592146,418.005185281986,422.5398729665472,5400.0
2004-03-03,False,daily,897.25,901.6,896.0,898.0,6600.0,417.3075410228227,419.3307093743962,416.72617080685336,417.65636315240437,6600.0
2004-03-02,False,daily,899.98,904.0,894.0,898.33,9200.0,418.5772535744999,420.4469401890574,415.79597846130235,417.8098448894203,9200.0
2004-03-01,False,daily,896.98,901.5,896.98,900.98,11000.0,417.18196505617334,419.28419975711864,417.18196505617334,419.04234974727535,11000.0
2004-02-27,False,daily,894.0,900.0,893.0,895.7,7600.0,415.79597846130235,418.5865554979554,415.3308822885268,416.5866419550207,7600.0
2004-02-26,False,daily,883.8,894.5,883.8,891.0,6500.0,411.05199749899214,416.0285265476901,411.05199749899214,414.4006899429758,6500.0
2004-02-25,False,daily,889.0,889.0,874.25,885.8,19900.0,413.4704975974248,413.4704975974248,406.6103290489861,411.98218984454314,19900.0
2004-02-24,False,daily,892.5,892.75,881.0,890.72,15300.0,415.0983342021391,415.21460824533295,409.7497282152208,414.2704630145987,15300.0
2004-02-23,False,daily,907.68,907.68,880.0,889.5,11700.0,422.15849410487124,422.15849410487124,409.28463204244525,413.70304568381255,11700.0
2004-02-20,False,daily,910.0,912.0,909.68,909.68,21600.0,423.2375172257104,424.16770957126147,423.08868645042224,423.08868645042224,21600.0
2004-02-19,False,daily,909.5,910.75,908.45,908.5,12800.0,423.00496913932267,423.58633935529207,422.5166181579084,422.5398729665472,12800.0
2004-02-18,False,daily,910.0,912.0,909.5,909.5,20800.0,423.2375172257104,424.16770957126147,423.00496913932267,423.00496913932267,20800.0
2004-02-17,False,daily,909.0,920.99,907.0,910.04,32300.0,422.77242105293493,428.3489241645132,421.8422287073839,423.25612107262145,32300.0
2004-02-13,False,daily,902.01,911.0,902.0,909.5,15700.0,419.5213988052341,423.70261339848594,419.5167478435064,423.00496913932267,15700.0
2004-02-12,False,daily,886.0,905.0,885.0,902.0,17300.0,412.0752090790983,420.9120363618329,411.6101129063228,419.5167478435064,17300.0
2004-02-11,False,daily,872.86,892.0,866.92,886.0,24500.0,405.9638453688281,414.86578611575135,403.2011741025416,412.0752090790983,24500.0
2004-02-10,False,daily,873.0,879.5,871.25,871.86,19900.0,406.0289588330167,409.0520839560575,405.21504053065956,405.49874919605264,19900.0
2004-02-09,False,daily,858.0,874.98,856.01,872.25,9800.0,399.0525162413841,406.9498492551122,398.12697485756087,405.6801367034351,9800.0
2004-02-06,False,daily,848.0,857.12,847.0,857.0,8200.0,394.40155451362904,398.6432316093417,393.93645834085356,398.5874200686086,8200.0
2004-02-05,False,daily,855.0,856.0,848.49,848.75,6200.0,397.6572277230576,398.1223238958331,394.6294516382891,394.7503766432107,6200.0
2004-02-04,False,daily,858.0,865.0,848.0,859.1,17600.0,399.0525162413841,402.3081894508127,394.40155451362904,399.5641220314372,17600.0
2004-02-03,False,daily,865.5,865.5,853.0,860.0,14700.0,402.5407375372004,402.5407375372004,396.7270353775066,399.98270858693513,14700.0
2004-02-02,False,daily,846.51,866.0,839.5,866.0,20400.0,393.7085612161936,402.77328562358815,390.4482370450373,402.77328562358815,20400.0
2004-01-30,False,daily,834.5,846.0,832.0,845.51,12300.0,388.12275618115973,393.47136216807803,386.960015749221,393.24346504341804,12300.0
2004-01-29,False,daily,841.0,844.0,833.5,834.5,15300.0,391.14588130420054,392.541169822527,387.6576600083842,388.12275618115973,15300.0
2004-01-28,False,daily,846.0,848.0,838.01,838.6,3000.0,393.47136216807803,394.40155451362904,389.75524374760175,390.02965048953934,3000.0
2004-01-27,False,daily,848.0,849.5,844.5,844.53,2200.0,394.40155451362904,395.0991987727923,392.77371790891476,392.78767079409806,2200.0
2004-01-26,False,daily,836.0,851.0,835.245,850.0,8000.0,388.820400440323,395.7968430319556,388.46925282987746,395.3317468591801,8000.0
2004-01-23,False,daily,839.0,840.0,833.95,834.45,4900.0,390.2156889586495,390.680785131425,387.8669532861332,388.099501372521,4900.0
2004-01-22,False,daily,841.0,846.0,839.0,840.2,5000.0,391.14588130420054,393.47136216807803,390.2156889586495,390.77380436598014,5000.0
2004-01-21,False,daily,849.0,849.0,839.73,841.49,8100.0,394.04591710519287,394.04591710519287,389.74343695022804,390.56030481136486,8100.0
2004-01-20,False,daily,835.5,850.01,833.15,850.0,6000.0,387.7801693067004,394.5146878664134,386.68946506029613,394.51004657174786,6000.0
2004-01-16,False,daily,844.99,845.0,830.2,832.5,13500.0,392.1847579443073,392.1893992389729,385.3202831339589,386.3877809070354,13500.0
2004-01-15,False,daily,844.55,847.0,840.25,843.99,6700.0,391.9805409790231,393.1176581720829,389.98478427283663,391.7206284777523,6700.0
2004-01-14,False,daily,855.5,859.5,840.25,843.55,15100.0,397.06275863780036,398.91927650402033,389.98478427283663,391.5164115124681,15100.0
2004-01-13,False,daily,861.5,861.5,850.01,853.0,15400.0,399.8475354371303,399.8475354371303,394.5146878664134,395.90243497141284,15400.0
2004-01-12,False,daily,836.0,866.98,836.0,864.27,29000.0,388.0122340399779,402.39096491385175,388.0122340399779,401.13317405948766,29000.0
2004-01-09,False,daily,824.0,836.1,824.0,834.01,25300.0,382.4426804413179,388.0586469866334,382.4426804413179,387.08861640153344,25300.0
2004-01-08,False,daily,809.5,827.25,808.0,826.6,15600.0,375.7128031762705,383.95110120762166,375.01660897643796,383.6494170543609,15600.0
2004-01-07,False,daily,804.0,808.12,800.0,807.8,16000.0,373.160091110218,375.0723045124246,371.30357324399796,374.9237830831269,16000.0
2004-01-06,False,daily,796.0,805.07,796.0,805.07,9200.0,369.447055377778,373.6567096394318,369.447055377778,373.6567096394318,9200.0
2004-01-05,False,daily,790.22,798.0,790.22,796.51,10500.0,366.76438706109013,370.375314310888,366.76438706109013,369.68376140572104,10500.0
2004-01-02,False,daily,794.4,794.4,790.21,790.22,23100.0,368.70444823129,368.70444823129,366.7597457664246,366.76438706109013,23100.0
2005-12-30,False,daily,768.0,768.0,765.0,765.0,7000.0,362.441169196453,362.441169196453,361.0253833792794,361.0253833792794,7000.0
2005-12-29,False,daily,765.5,766.74,765.0,765.0,12000.0,361.26134768214166,361.8465391532401,361.0253833792794,361.0253833792794,12000.0
2005-12-28,False,daily,767.0,768.8,765.23,765.63,9100.0,361.9692405907285,362.81871208103263,361.133926958596,361.3226984008858,9100.0
2005-12-27,False,daily,771.0,771.0,765.0,767.0,11400.0,363.85695501362665,363.85695501362665,361.0253833792794,361.9692405907285,11400.0
2005-12-23,False,daily,766.0,775.0,765.0,770.5,6500.0,361.49731198500393,365.7446694365249,361.0253833792794,363.6209907107644,6500.0
2005-12-22,False,daily,768.0,771.0,765.0,766.5,10000.0,362.441169196453,363.85695501362665,361.0253833792794,361.7332762878662,10000.0
2005-12-21,False,daily,765.0,773.0,765.0,767.49,10800.0,361.0253833792794,364.80081222507573,361.0253833792794,362.2004856075335,10800.0
2005-12-20,False,daily,765.0,768.0,765.0,765.75,13100.0,361.0253833792794,362.441169196453,361.0253833792794,361.3793298335728,13100.0
2005-12-19,False,daily,768.75,769.0,765.0,765.0,13400.0,362.7951156507464,362.91309780217756,361.0253833792794,361.0253833792794,13400.0
2005-12-16,False,daily,765.0,772.0,762.0,765.25,27800.0,361.0253833792794,364.3288836193512,359.6095975621057,361.1433655307105,27800.0
2005-12-15,False,daily,764.0,766.0,756.65,762.0,7900.0,360.55345477355485,361.49731198500393,357.0847795214794,359.6095975621057,7900.0
2005-12-14,False,daily,756.0,764.0,754.75,759.7,12500.0,356.77802592775845,360.55345477355485,356.18811517060277,358.5241617689393,12500.0
2005-12-13,False,daily,771.0,775.0,757.0,758.03,9500.0,363.85695501362665,365.7446694365249,357.249954533483,357.73604099737923,9500.0
2005-12-12,False,daily,756.0,773.0,752.0,769.39,15400.0,356.77802592775845,364.80081222507573,354.8903115048602,363.0971499584101,15400.0
2005-12-09,False,daily,745.5,760.0,745.5,758.0,15300.0,351.8227755676507,358.6657403506566,351.8227755676507,357.72188313920753,15300.0
2005-12-08,False,daily,743.0,749.0,743.0,745.85,6400.0,350.64295405333934,353.4745256876866,350.64295405333934,351.9879505796543,6400.0
2005-12-07,False,daily,740.03,748.5,740.0,740.25,14900.0,349.2413260943374,353.2385613848243,349.22716823616565,349.3451503875968,14900.0
2005-12-06,False,daily,735.6,743.0,735.6,740.03,18800.0,347.1506823709777,350.64295405333934,347.1506823709777,349.2413260943374,18800.0
2005-12-05,False,daily,730.5,737.27,725.0,735.6,17100.0,344.74384648178244,347.93880314253767,342.14823915029746,347.1506823709777,17100.0
2005-12-02,False,daily,750.0,750.0,730.75,732.5,10300.0,353.94645429341114,353.94645429341114,344.8618286332136,345.6877036932316,10300.0
2005-12-01,False,daily,737.0,747.0,735.0,745.5,8400.0,347.811382418992,352.5306684762375,346.86752520754294,351.8227755676507,8400.0
2005-11-30,False,daily,748.0,756.0,735.0,737.0,10800.0,353.00259708196205,356.77802592775845,346.86752520754294,347.811382418992,10800.0
2005-11-29,False,daily,736.5,758.0,736.5,745.71,14200.0,347.57541811612975,357.72188313920753,347.57541811612975,351.9218805748529,14200.0
2005-11-28,False,daily,736.0,740.0,729.5,734.0,15400.0,347.3394538132675,349.22716823616565,344.2719178760579,346.3955966018184,15400.0
2005-11-25,False,daily,735.0,737.0,731.0,731.5,3400.0,346.86752520754294,347.811382418992,344.9798107846447,345.215775087507,3400.0
2005-11-23,False,daily,745.0,745.0,733.0,737.7,8200.0,351.5868112647884,351.5868112647884,345.92366799609385,348.1417324429992,8200.0
2005-11-22,False,daily,737.5,743.0,734.01,743.0,13100.0,348.0473467218543,350.64295405333934,346.4003158878756,350.64295405333934,13100.0
2005-11-21,False,daily,731.0,740.9,729.5,740.25,18700.0,344.9798107846447,349.65190398131773,344.2719178760579,349.3451503875968,18700.0
2005-11-18,False,daily,726.0,736.0,724.0,735.0,13300.0,342.620167756022,347.3394538132675,341.6763105445729,346.86752520754294,13300.0
2005-11-17,False,daily,721.75,726.99,716.0,720.5,19800.0,340.61447118169264,343.0873770756893,337.9008816987765,340.02456042453696,19800.0
2005-11-16,False,daily,726.0,730.0,717.0,717.0,27300.0,342.620167756022,344.50788217892017,338.37281030450106,338.37281030450106,27300.0
2005-11-15,False,daily,729.1,732.0,725.5,729.6,18300.0,344.0831464337681,345.45173939036926,342.3842034531597,344.31911073663036,18300.0
2005-11-14,False,daily,741.0,741.0,726.0,729.0,15000.0,349.6990968418902,349.6990968418902,342.620167756022,344.0359535731956,15000.0
2005-11-11,False,daily,737.0,749.64,737.0,744.75,30100.0,347.811382418992,353.7765599953503,347.811382418992,351.4688291133573,30100.0
2005-11-10,False,daily,735.0,737.0,719.25,737.0,28900.0,346.86752520754294,347.811382418992,339.4346496673813,347.811382418992,28900.0
2005-11-09,False,daily,737.0,750.5,733.44,735.3,20000.0,347.811382418992,354.1824185962734,346.13131658261267,347.0091037892603,20000.0
2005-11-08,False,daily,747.0,748.0,732.0,740.0,12500.0,352.5306684762375,353.00259708196205,345.45173939036926,349.22716823616565,12500.0
2005-11-07,False,daily,760.0,760.0,744.0,745.0,20600.0,358.6657403506566,358.6657403506566,351.1148826590639,351.5868112647884,20600.0
2005-11-04,False,daily,767.0,767.0,749.0,759.36,19700.0,361.9692405907285,361.9692405907285,353.4745256876866,358.36370604299293,19700.0
2005-11-03,False,daily,754.5,773.1,753.0,770.0,10400.0,356.07013301917164,364.8480050856482,355.3622401105848,363.3850264079021,10400.0
2005-11-02,False,daily,750.0,755.0,750.0,752.0,18900.0,353.94645429341114,356.3060973220339,353.94645429341114,354.8903115048602,18900.0
2005-11-01,False,daily,745.9,754.75,745.0,750.05,14100.0,352.0115470099405,356.18811517060277,351.5868112647884,353.97005072369734,14100.0
2005-10-31,False,daily,748.5,755.94,743.42,745.0,28100.0,353.2385613848243,356.749710211415,350.8411640677436,351.5868112647884,28100.0
2005-10-28,False,daily,737.5,752.0,737.5,743.99,28100.0,348.0473467218543,354.8903115048602,348.0473467218543,351.1101633730066,28100.0
2005-10-27,False,daily,771.9,771.9,739.0,739.44,33300.0,364.2816907587787,364.2816907587787,348.7552396304411,348.9628882169599,33300.0
2005-10-26,False,daily,767.0,775.0,766.5,772.9,7000.0,361.9692405907285,365.7446694365249,361.7332762878662,364.75361936450327,7000.0
2005-10-25,False,daily,766.0,775.5,764.0,770.5,9100.0,360.6341044636457,365.1067206417196,359.6925010577354,362.7527121269439,9100.0
2005-10-24,False,daily,765.0,767.25,762.0,767.25,15800.0,360.16330276069056,361.2226065923397,358.7508976518251,361.2226065923397,15800.0
2005-10-21,False,daily,768.5,770.0,761.9,761.9,10800.0,361.8111087210336,362.51731127546634,358.7038174815296,358.7038174815296,10800.0
2005-10-20,False,daily,777.0,779.0,763.0,765.0,11100.0,365.8129231961524,366.7545266020627,359.22169935478024,360.16330276069056,11100.0
2005-10-19,False,daily,768.0,780.25,754.0,779.5,11000.0,361.575707869556,367.3430287307566,354.9844840281839,366.98992745354025,11000.0
2005-10-18,False,daily,751.5,769.9,747.0,765.32,14600.0,353.807479770796,362.4702311051708,351.68887210749784,360.3139593056362,14600.0
2005-10-17,False,daily,777.0,782.0,751.89,755.0,12100.0,365.8129231961524,368.1669317109281,353.99109243494854,355.45528573113904,12100.0
2005-10-14,False,daily,747.5,774.0,741.5,774.0,14400.0,351.9242729589754,364.4005180872869,349.0994627412445,364.4005180872869,14400.0
2005-10-13,False,daily,745.0,752.5,741.25,745.0,29600.0,350.74726870158753,354.2782814737512,348.9817623155057,350.74726870158753,29600.0
2005-10-12,False,daily,758.0,758.0,738.0,742.0,37200.0,356.8676908400045,356.8676908400045,347.4516567809015,349.33486359272206,37200.0
2005-10-11,False,daily,770.06,773.0,757.0,758.64,19200.0,362.5455593776436,363.92971638433175,356.39688913704936,357.1690039298958,19200.0
2005-10-10,False,daily,778.0,779.5,767.0,770.06,16000.0,366.28372489910754,366.98992745354025,361.10490616660087,362.5455593776436,16000.0
2005-10-07,False,daily,784.5,787.25,765.0,775.5,19000.0,369.34393596831603,370.63864065144264,360.16330276069056,365.1067206417196,19000.0
2005-10-06,False,daily,785.0,790.01,767.5,787.25,28300.0,369.5793368197936,371.9380533515989,361.3403070180784,370.63864065144264,28300.0
2005-10-05,False,daily,796.5,796.5,782.0,782.5,14600.0,374.9935564037778,374.9935564037778,368.1669317109281,368.4023325624057,14600.0
2005-10-04,False,daily,807.5,808.25,792.0,793.5,9200.0,380.1723751362845,380.5254764135008,372.8749487404796,373.5811512949124,9200.0
2005-10-03,False,daily,799.0,806.5,788.5,806.5,20500.0,376.1705606611657,379.7015734333293,371.2271427801366,379.7015734333293,20500.0
2005-09-30,False,daily,787.0,804.5,781.8,802.5,22100.0,370.5209402257039,378.759970027419,368.0727713703371,377.81836662150874,22100.0
2005-09-29,False,daily,796.0,796.0,787.29,791.0,13400.0,374.75815555230025,374.75815555230025,370.6574727195609,372.40414703752447,13400.0
2005-09-28,False,daily,796.0,800.75,792.04,799.0,26400.0,374.75815555230025,376.99446364133723,372.89378080859785,376.1705606611657,26400.0
2005-09-27,False,daily,809.02,809.02,792.5,798.0,26400.0,380.8879937247763,380.8879937247763,373.11034959195723,375.69975895821057,26400.0
2005-09-26,False,daily,803.0,809.02,797.0,809.02,14700.0,378.0537674729863,380.8879937247763,375.2289572552554,380.8879937247763,14700.0
2005-09-23,False,daily,800.0,807.0,800.0,800.0,20300.0,376.6413623641208,379.9369742848069,376.6413623641208,376.6413623641208,20300.0
2005-09-22,False,daily,801.0,804.51,795.0,800.38,9600.0,377.112164067076,378.7646780444486,374.2873538493451,376.8202670112438,9600.0
2005-09-21,False,daily,810.65,813.0,799.0,803.0,19000.0,381.6554005005932,382.7617845025378,376.1705606611657,378.0537674729863,19000.0
2005-09-20,False,daily,822.0,822.5,812.0,815.5,19200.0,386.99899982913416,387.23440068061177,382.29098279958265,383.93878875992567,19200.0
2005-09-19,False,daily,838.0,838.0,815.99,820.0,31800.0,394.53182707641656,394.53182707641656,384.16948159437374,386.05739642322385,31800.0
2005-09-16,False,daily,817.5,821.0,811.48,820.0,68200.0,384.880392165836,386.528198126179,382.046165914046,386.05739642322385,68200.0
2005-09-15,False,daily,819.75,820.0,814.25,820.0,9000.0,385.9396959974851,386.05739642322385,383.35028663123177,386.05739642322385,9000.0
2005-09-14,False,daily,820.0,823.05,815.0,815.0,14700.0,386.05739642322385,387.49334161723704,383.7033879084481,383.7033879084481,14700.0
2005-09-13,False,daily,845.0,845.0,815.01,815.7,21900.0,397.82743899710266,397.82743899710266,383.70809592547766,384.03294910051676,21900.0
2005-09-12,False,daily,820.5,854.37,817.0,848.15,30600.0,386.29279727470146,402.2388509537924,384.64499131435844,399.31046436141133,30600.0
2005-09-09,False,daily,815.0,820.0,815.0,816.5,18200.0,383.7033879084481,386.05739642322385,383.7033879084481,384.40959046288083,18200.0
2005-09-08,False,daily,817.0,823.0,815.0,815.0,13500.0,384.64499131435844,387.4698015320893,383.7033879084481,383.7033879084481,13500.0
2005-09-07,False,daily,824.25,825.91,815.36,819.0,8800.0,388.0583036607833,388.8398344876888,383.87287652151196,385.5865947202687,8800.0
2005-09-06,False,daily,814.0,828.5,812.96,821.25,12000.0,383.23258620549296,390.05921089834266,382.74295243441964,386.6458985519178,12000.0
2005-09-02,False,daily,828.76,828.76,815.0,816.5,11400.0,390.181619341111,390.181619341111,383.7033879084481,384.40959046288083,11400.0
2005-09-01,False,daily,835.0,837.08,827.5,830.0,16400.0,393.11942196755115,394.09868950969786,389.5884091953875,390.76541345277536,16400.0
2005-08-31,False,daily,816.22,832.0,816.22,832.0,15600.0,384.2777659860534,391.7070168586857,384.2777659860534,391.7070168586857,15600.0
2005-08-30,False,daily,825.5,829.5,815.75,815.75,13700.0,388.6468057894772,390.5300126012978,384.0564891856645,384.0564891856645,13700.0
2005-08-29,False,daily,819.0,828.0,817.78,825.75,22600.0,385.5865947202687,389.82381004686505,385.0122166426634,388.764506215216,22600.0
2005-08-26,False,daily,816.0,832.0,814.69,815.45,16700.0,384.1741896114033,391.7070168586857,383.55743938053206,383.91524867477796,16700.0
2005-08-25,False,daily,815.06,820.0,815.0,819.34,11400.0,383.7316360106254,386.05739642322385,383.7033879084481,385.7466672992735,11400.0
2005-08-24,False,daily,820.75,820.75,814.99,815.06,16700.0,386.4104977004402,386.4104977004402,383.6986798914186,383.7316360106254,16700.0
2005-08-23,False,daily,815.5,822.0,815.0,818.75,19600.0,383.93878875992567,386.99899982913416,383.7033879084481,385.46889429452995,19600.0
2005-08-22,False,daily,816.4,822.0,813.25,816.5,24900.0,384.36251029258534,386.99899982913416,382.8794849282766,384.40959046288083,24900.0
2005-08-19,False,daily,815.0,820.0,815.0,815.49,9100.0,383.7033879084481,386.05739642322385,383.7033879084481,383.9340807428961,9100.0
2005-08-18,False,daily,806.34,818.5,806.34,815.02,21300.0,379.6262451608565,385.35119386879114,379.6262451608565,383.7128039425072,21300.0
2005-08-17,False,daily,803.5,819.57,803.0,806.34,21600.0,378.2891683244639,385.85495169095316,378.0537674729863,379.6262451608565,21600.0
2005-08-16,False,daily,806.5,808.0,801.0,804.5,10800.0,379.7015734333293,380.4077759877621,377.112164067076,378.759970027419,10800.0
2005-08-15,False,daily,799.0,810.0,797.0,804.95,19400.0,376.1705606611657,381.34937939367234,375.2289572552554,378.9718307937489,19400.0
2005-08-12,False,daily,803.0,805.5,797.5,801.5,18900.0,378.0537674729863,379.23077173037416,375.46435810673296,377.3475649185536,18900.0
2005-08-11,False,daily,798.0,804.5,792.13,800.0,21600.0,375.69975895821057,378.759970027419,372.9361529618638,376.6413623641208,21600.0
2005-08-10,False,daily,811.0,825.99,797.75,801.25,34200.0,381.8201810966275,388.87749862392525,375.58205853247176,377.2298644928148,34200.0
2005-08-09,False,daily,810.0,812.0,785.0,786.88,26000.0,381.34937939367234,382.29098279958265,369.5793368197936,370.46444402134927,26000.0
2005-08-08,False,daily,831.0,831.0,792.0,810.6,29900.0,391.2362151557305,391.2362151557305,372.8749487404796,381.63186041544543,29900.0
2005-08-05,False,daily,880.0,880.0,835.17,835.59,49600.0,414.3054986005329,414.3054986005329,393.1994582570535,393.3971949722947,49600.0
2005-08-04,False,daily,894.0,900.0,880.4,899.9,22200.0,420.89672244190507,423.72153265963595,414.493819281715,423.6744524893404,22200.0
2005-08-03,False,daily,878.0,893.58,877.0,891.51,19100.0,413.3638951946226,420.6989857266639,412.89309349166746,419.7244262015467,19100.0
2005-08-02,False,daily,874.5,885.75,874.5,879.0,12200.0,411.7160892342796,417.01260839252507,411.7160892342796,413.83469689757777,12200.0
2005-08-01,False,daily,888.7,893.0,873.1,874.5,12900.0,418.40147341624277,420.4259207389499,411.0569668501424,411.7160892342796,12900.0
2005-07-29,False,daily,889.0,893.0,877.0,888.8,24700.0,418.5427139271293,420.4259207389499,412.89309349166746,418.44855358653825,24700.0
2005-07-28,False,daily,889.5,895.0,889.0,891.5,5100.0,418.7781147786069,421.36752414486017,418.5427139271293,419.71971818451715,5100.0
2005-07-27,False,daily,880.5,894.89,879.0,889.5,10000.0,414.5408994520105,421.31573595753514,413.83469689757777,418.7781147786069,10000.0
2005-07-26,False,daily,886.48,890.0,880.0,880.0,7700.0,416.490069208436,418.14385163287164,413.44560610890676,413.44560610890676,7700.0
2005-07-25,False,daily,877.5,889.0,875.0,882.48,12000.0,412.2710447279156,417.6740270804751,411.09648334692434,414.61077099885006,12000.0
2005-07-22,False,daily,866.5,877.0,865.0,874.5,6300.0,407.10297465155423,412.0361324517173,406.3982378229595,410.8615710707261,6300.0
2005-07-21,False,daily,857.0,870.0,855.0,864.99,11200.0,402.6396414037876,408.74736058494193,401.69999229899463,406.39353957743555,11200.0
2005-07-20,False,daily,850.0,860.0,850.0,858.0,9900.0,399.3508695370122,404.04911506097704,399.3508695370122,403.1094659561841,9900.0
2005-07-19,False,daily,851.0,852.25,847.96,850.0,5100.0,399.8206940894087,400.4079747799043,398.3924274501234,399.3508695370122,5100.0
2005-07-18,False,daily,855.0,858.5,846.0,853.0,4900.0,401.69999229899463,403.3443782323823,397.47157132742626,400.76034319420165,4900.0
2005-07-15,False,daily,854.45,859.49,848.0,855.0,13900.0,401.4415887951766,403.8095045392549,398.41122043221924,401.69999229899463,13900.0
2005-07-14,False,daily,854.83,860.0,844.27,854.45,11500.0,401.6201221250873,404.04911506097704,396.6587748517804,401.4415887951766,11500.0
2005-07-13,False,daily,857.0,873.26,849.0,851.83,14400.0,402.6396414037876,410.27898862575444,398.88104498461576,400.2106484678978,14400.0
2005-07-12,False,daily,866.0,866.0,853.76,855.64,13400.0,406.868062375356,406.868062375356,401.117409854023,402.0006800125284,13400.0
2005-07-11,False,daily,871.0,877.5,863.16,868.0,7400.0,409.2171851373384,412.2710447279156,405.5337606465499,407.80771148014895,7400.0
2005-07-08,False,daily,844.5,872.0,842.5,866.75,12100.0,396.76683449883154,409.6870096897349,395.82718539403857,407.22043078965334,12100.0
2005-07-07,False,daily,857.5,866.5,838.75,840.5,21700.0,402.87455367998587,407.10297465155423,394.06534332255177,394.8875362892456,21700.0
2005-07-06,False,daily,866.5,873.9,861.16,861.59,16000.0,407.10297465155423,410.5796763392882,404.594111541757,404.7961360992875,16000.0
2005-07-05,False,daily,852.0,865.53,852.0,861.6,15000.0,400.2905186418052,406.6472448357296,400.2905186418052,404.80083434481145,15000.0
2005-07-01,False,daily,833.0,849.25,833.0,849.25,9200.0,391.363852146272,398.99850112271486,391.363852146272,398.99850112271486,9200.0
2005-06-30,False,daily,834.75,848.12,834.0,835.03,10900.0,392.1860451129658,398.4675993785068,391.83367669866846,392.3175959876368,10900.0
2005-06-29,False,daily,847.5,851.0,830.0,831.75,11700.0,398.176308156021,399.8206940894087,389.9543784890825,390.7765714557764,11700.0
2005-06-28,False,daily,833.75,847.02,833.75,844.8,12600.0,391.71622056056935,397.95079237087066,391.71622056056935,396.9077818645505,12600.0
2005-06-27,False,daily,827.0,830.0,818.25,829.25,26000.0,388.54490483189306,389.9543784890825,384.4339399984238,389.60201007478514,26000.0
2005-06-24,False,daily,840.0,840.0,827.0,827.0,32700.0,394.6526240130474,394.6526240130474,388.54490483189306,388.54490483189306,32700.0
2005-06-23,False,daily,850.0,860.0,840.0,841.77,19300.0,399.3508695370122,404.04911506097704,394.6526240130474,395.48421347078914,19300.0
2005-06-22,False,daily,853.4,859.0,848.0,848.0,8200.0,400.9482730151603,403.5792905085806,398.41122043221924,398.41122043221924,8200.0
2005-06-21,False,daily,852.5,859.46,849.0,853.5,9000.0,400.52543091800345,403.79540980268297,398.88104498461576,400.9952554703999,9000.0
2005-06-20,False,daily,840.0,864.0,839.995,853.5,19400.0,394.6526240130474,405.928413270563,394.6502748902854,400.9952554703999,19400.0
2005-06-17,False,daily,876.0,876.0,844.0,844.0,33700.0,411.5663078993208,411.5663078993208,396.5319222226333,396.5319222226333,33700.0
2005-06-16,False,daily,847.5,871.5,846.0,871.5,48000.0,398.176308156021,409.45209741353665,397.47157132742626,409.45209741353665,48000.0
2005-06-15,False,daily,858.0,859.73,845.5,849.0,22500.0,403.1094659561841,403.92226243183,397.23665905122806,398.88104498461576,22500.0
2005-06-14,False,daily,853.5,856.0,847.0,855.0,15600.0,400.9952554703999,402.16981685139115,397.9413958798228,401.69999229899463,15600.0
2005-06-13,False,daily,829.6,854.0,827.5,853.5,22300.0,389.7664486681239,401.23016774659817,388.7798171080913,400.9952554703999,22300.0
2005-06-10,False,daily,830.0,838.0,827.99,829.6,12400.0,389.9543784890825,393.7129749082544,389.0100311387656,389.7664486681239,12400.0
2005-06-09,False,daily,830.0,834.0,826.0,831.0,12500.0,389.9543784890825,391.83367669866846,388.0750802794966,390.424203041479,12500.0
2005-06-08,False,daily,839.5,839.5,830.5,831.65,10700.0,394.4177117368491,394.4177117368491,390.18929076528076,390.7295890005367,10700.0
2005-06-07,False,daily,829.4,840.0,826.25,836.0,14500.0,389.6724837576446,394.6526240130474,388.1925364175957,392.77332580346143,14500.0
2005-06-06,False,daily,828.0,834.0,823.05,825.9,9000.0,389.0147293842895,391.83367669866846,386.68909784992695,388.0280978242569,9000.0
2005-06-03,False,daily,827.0,838.0,827.0,828.0,8000.0,388.54490483189306,393.7129749082544,388.54490483189306,389.0147293842895,8000.0
2005-06-02,False,daily,831.0,831.3,825.0,828.5,8700.0,390.424203041479,390.5651504071979,387.6052557271001,389.2496416604878,8700.0
2005-06-01,False,daily,832.0,845.0,831.5,833.0,9900.0,390.8940275938755,397.0017467750298,390.6591153176772,391.363852146272,9900.0
2005-05-31,False,daily,838.0,842.98,830.0,830.0,15000.0,393.7129749082544,396.0527011791889,389.9543784890825,389.9543784890825,15000.0
2005-05-27,False,daily,826.0,838.94,824.5,836.0,4100.0,388.0750802794966,394.1546099875071,387.3703434509018,392.77332580346143,4100.0
2005-05-26,False,daily,829.9,836.98,821.5,824.75,4100.0,389.9073960338429,393.23375386481,385.9608697937124,387.487799589001,4100.0
2005-05-25,False,daily,836.0,838.0,819.99,829.75,10800.0,392.77332580346143,393.7129749082544,385.2514347195937,389.8369223509834,10800.0
2005-05-24,False,daily,831.75,842.0,831.75,838.5,19400.0,390.7765714557764,395.59227311784036,390.7765714557764,393.94788718445267,19400.0
2005-05-23,False,daily,839.5,848.0,833.0,835.75,13400.0,394.4177117368491,398.41122043221924,391.363852146272,392.65586966536233,13400.0
2005-05-20,False,daily,836.5,839.5,830.0,834.7,14200.0,393.0082380796597,394.4177117368491,389.9543784890825,392.16255388534603,14200.0
2005-05-19,False,daily,824.5,835.0,824.5,833.6,12200.0,387.3703434509018,392.3035012510649,387.3703434509018,391.6457468777099,12200.0
2005-05-18,False,daily,826.0,832.0,821.0,826.5,18500.0,388.0750802794966,390.8940275938755,385.72595751751413,388.3099925556948,18500.0
2005-05-17,False,daily,817.7,822.0,809.0,821.6,20200.0,384.17553649460575,386.19578206991065,380.0880628887563,386.0078522489521,20200.0
2005-05-16,False,daily,811.0,818.01,810.0,817.7,13000.0,381.0277119935493,384.32118210584866,380.55788744115284,384.17553649460575,13000.0
2005-05-13,False,daily,814.0,818.0,805.0,814.0,27300.0,382.43718565073874,384.3164838603247,378.2087646791704,382.43718565073874,27300.0
2005-05-12,False,daily,817.0,823.99,811.0,816.25,38600.0,383.84665930792823,387.13073292917966,381.0277119935493,383.4942908936309,38600.0
2005-05-11,False,daily,828.0,829.0,810.01,817.0,60600.0,389.0147293842895,389.48455393668604,380.56258568667675,383.84665930792823,60600.0
2005-05-10,False,daily,842.0,842.0,824.0,826.73,48500.0,395.59227311784036,395.59227311784036,387.1354311747036,388.418052202746,48500.0
2005-05-09,False,daily,846.0,850.0,832.99,839.75,21900.0,397.47157132742626,399.3508695370122,391.359153900748,394.53516787494823,21900.0
2005-05-06,False,daily,857.0,863.0,840.02,850.0,10400.0,402.6396414037876,405.45858871816654,394.66202050409527,399.3508695370122,10400.0
2005-05-05,False,daily,866.0,866.0,853.0,860.25,15700.0,406.868062375356,406.868062375356,400.76034319420165,404.1665711990762,15700.0
2005-05-04,False,daily,865.0,876.0,860.05,867.0,22300.0,406.3982378229595,411.5663078993208,404.0726062885969,407.33788692775244,22300.0
2005-05-03,False,daily,855.06,870.0,850.75,864.93,18700.0,401.7281817721384,408.74736058494193,399.7032379513096,406.36535010429174,18700.0
2005-05-02,False,daily,868.0,871.0,848.0,855.06,11400.0,407.80771148014895,409.2171851373384,398.41122043221924,401.7281817721384,11400.0
2005-04-29,False,daily,856.0,864.25,855.0,864.25,8200.0,402.16981685139115,406.04586940866216,401.69999229899463,406.04586940866216,8200.0
2005-04-28,False,daily,859.13,862.0,850.01,858.2,15100.0,403.6403677003921,404.98876416577,399.3555677825362,403.20343086666344,15100.0
2005-04-27,False,daily,848.0,865.0,848.0,860.13,7700.0,398.41122043221924,406.3982378229595,398.41122043221924,404.11019225278864,7700.0
2005-04-26,False,daily,843.5,861.0,840.0,847.5,15500.0,395.4464687872424,403.65075237203996,393.80561207028285,397.32173360662466,15500.0
2005-04-25,False,daily,848.5,851.0,840.0,846.01,22100.0,397.79054981147027,398.9625903235842,393.80561207028285,396.6231974614048,22100.0
2005-04-22,False,daily,856.0,858.0,832.22,844.0,28900.0,401.3066713478121,402.24430375750325,390.1582219965843,395.68087688966517,28900.0
2005-04-21,False,daily,863.0,863.0,845.01,855.51,32300.0,404.58838478173107,404.58838478173107,396.1543812565592,401.0769514074377,32300.0
2005-04-20,False,daily,880.0,880.0,855.05,858.32,23400.0,412.55826026410585,412.55826026410585,400.86129595320875,402.39432494305385,23400.0
2005-04-19,False,daily,877.0,890.75,872.5,877.0,23500.0,411.15181164956914,417.59803446619577,409.04213872776404,411.15181164956914,23500.0
2005-04-18,False,daily,879.0,880.0,869.0,874.0,16100.0,412.0894440592603,412.55826026410585,407.40128201080455,409.7453630350324,16100.0
2005-04-15,False,daily,883.5,886.0,876.8,880.0,9100.0,414.1991169810654,415.37115749317934,411.05804840860003,412.55826026410585,9100.0
2005-04-14,False,daily,888.5,897.0,882.0,883.5,8300.0,416.5431980052933,420.52813574648064,413.495892673797,414.1991169810654,8300.0
2005-04-13,False,daily,891.0,891.0,881.5,885.49,6300.0,417.7152385174072,417.7152385174072,413.26148457137424,415.1320612287081,6300.0
2005-04-12,False,daily,898.255,902.0,894.0,894.0,14900.0,421.11650008356185,422.8722167707085,419.12168713194393,419.12168713194393,14900.0
2005-04-11,False,daily,900.75,904.0,894.0,899.5,6400.0,422.2861965146515,423.8098491803997,419.12168713194393,421.7001762585946,6400.0
2005-04-08,False,daily,897.5,902.0,880.98,900.0,12800.0,420.7625438489034,422.8722167707085,413.01770014485453,421.93458436101736,12800.0
2005-04-07,False,daily,890.74,906.0,887.5,899.96,9900.0,417.59334630414736,424.7474815900908,416.07438180044767,421.91583171282355,9900.0
2005-04-06,False,daily,891.03,894.99,887.01,891.74,7000.0,417.72930300355256,419.585815174741,415.84466186007336,418.0621625089929,7000.0
2005-04-05,False,daily,890.5,907.0,886.0,891.02,21300.0,417.4808304149844,425.2162977949364,415.37115749317934,417.7246148415041,21300.0
2005-04-04,False,daily,889.0,895.0,887.0,888.11,5800.0,416.77760610771605,419.5905033367895,415.8399736980249,416.36035968540347,5800.0
2005-04-01,False,daily,894.0,896.5,875.0,891.25,27900.0,419.12168713194393,420.29372764405787,410.214179239878,417.8324425686186,27900.0
2005-03-31,False,daily,890.25,899.9,889.0,894.0,11300.0,417.363626363773,421.8877027405328,416.77760610771605,419.12168713194393,11300.0
2005-03-30,False,daily,882.0,885.51,876.01,885.51,10700.0,413.495892673797,415.141437552805,410.687683606772,415.141437552805,10700.0
2005-03-29,False,daily,885.0,898.0,880.0,884.5,13900.0,414.90234128833373,420.9969519513262,412.55826026410585,414.66793318591095,13900.0
2005-03-28,False,daily,906.5,906.5,887.65,887.65,13600.0,424.9818896925136,424.9818896925136,416.1447042311745,416.1447042311745,13600.0
2005-03-24,False,daily,901.11,911.07,894.0,904.0,19200.0,422.45497034839593,427.1243797486579,419.12168713194393,423.8098491803997,19200.0
2005-03-23,False,daily,906.78,917.0,902.11,902.11,16200.0,425.11315822987035,429.90445984339215,422.92378655324154,422.92378655324154,16200.0
2005-03-22,False,daily,902.0,911.5,901.94,906.78,21500.0,422.8722167707085,427.3259707167415,422.8440877984178,425.11315822987035,21500.0
2005-03-21,False,daily,894.0,907.99,893.25,904.49,23500.0,419.12168713194393,425.68042583773354,418.7700749783097,424.039569120774,23500.0
2005-03-18,False,daily,881.01,900.0,874.0,897.5,136400.0,413.0317646309999,421.93458436101736,409.7453630350324,420.7625438489034,136400.0
2005-03-17,False,daily,885.5,885.5,880.08,881.0,16800.0,415.1367493907565,415.1367493907565,412.59576556049353,413.02707646895146,16800.0
2005-03-16,False,daily,889.0,891.5,884.0,884.5,9500.0,416.77760610771605,417.94964661983,414.4335250834882,414.66793318591095,9500.0
2005-03-15,False,daily,900.5,901.0,884.52,890.0,16400.0,422.16899246344013,422.4034005658629,414.67730951000783,417.2464223125616,16400.0
2005-03-14,False,daily,898.25,902.0,896.0,899.5,14700.0,421.1141560025376,422.8722167707085,420.0593195416351,421.7001762585946,14700.0
2005-03-11,False,daily,900.01,912.0,891.0,898.01,22100.0,421.9392725230658,427.56037881916427,417.7152385174072,421.00164011337466,22100.0
2005-03-10,False,daily,878.0,904.5,878.0,900.0,14000.0,411.6206278544147,424.04425728282246,411.6206278544147,421.93458436101736,14000.0
2005-03-09,False,daily,880.0,887.0,879.0,880.14,19600.0,412.55826026410585,415.8399736980249,412.0894440592603,412.6238945327842,19600.0
2005-03-08,False,daily,892.0,895.0,880.05,883.0,33600.0,418.18405472225277,419.5905033367895,412.58170107434813,413.96470887864257,33600.0
2005-03-07,False,daily,899.0,901.0,888.0,894.5,24700.0,421.4657681561718,422.4034005658629,416.30878990287044,419.3560952343667,24700.0
2005-03-04,False,daily,901.75,906.5,897.5,899.0,14600.0,422.75501271949713,424.9818896925136,420.7625438489034,421.4657681561718,14600.0
2005-03-03,False,daily,902.86,912.0,895.0,897.0,12300.0,423.2753987068757,427.56037881916427,419.5905033367895,420.52813574648064,12300.0
2005-03-02,False,daily,896.0,905.5,893.5,902.86,14000.0,420.0593195416351,424.513073487668,418.88727902952115,423.2753987068757,14000.0
2005-03-01,False,daily,906.0,907.0,886.0,895.5,29300.0,424.7474815900908,425.2162977949364,415.37115749317934,419.82491143921226,29300.0
2005-02-28,False,daily,905.0,915.0,889.0,898.0,21100.0,424.27866538524523,428.966827433701,416.77760610771605,420.9969519513262,21100.0
2005-02-25,False,daily,917.0,920.0,905.0,908.98,23800.0,429.90445984339215,431.31090845792886,424.27866538524523,426.1445538805306,23800.0
2005-02-24,False,daily,905.0,936.0,900.0,926.5,18900.0,424.27866538524523,438.81196773545804,421.93458436101736,434.3582137894251,18900.0
2005-02-23,False,daily,905.19,907.0,903.25,905.0,11800.0,424.36774046416593,425.2162977949364,423.45823702676546,424.27866538524523,11800.0
2005-02-22,False,daily,918.0,920.0,900.0,905.18,15900.0,430.3732760482377,431.31090845792886,421.93458436101736,424.3630523021174,15900.0
2005-02-18,False,daily,917.0,923.31,915.53,921.0,8100.0,429.90445984339215,432.8626900959677,429.2153000222691,431.7797246627744,8100.0
2005-02-17,False,daily,931.0,931.0,919.0,920.0,9300.0,436.46788671123016,436.46788671123016,430.8420922530833,431.31090845792886,9300.0
2005-02-16,False,daily,934.0,936.52,923.74,932.0,7100.0,437.8743353257669,439.05575216197775,433.06428106405133,436.9367029160758,7100.0
2005-02-15,False,daily,930.0,932.09,923.0,931.0,7200.0,435.9990705063846,436.97889637451186,432.7173570724656,436.46788671123016,7200.0
2005-02-14,False,daily,927.99,933.5,921.97,927.6,6100.0,435.056749934645,437.6399272233441,432.2344763814747,434.87391161475523,6100.0
2005-02-11,False,daily,928.0,933.0,920.0,927.99,9200.0,435.06143809669345,437.4055191209213,431.31090845792886,435.056749934645,9200.0
2005-02-10,False,daily,919.01,924.0,914.99,923.15,8400.0,430.8467804151317,433.1861732773112,428.9621392716525,432.7876795031924,8400.0
2005-02-09,False,daily,941.0,944.5,914.5,919.01,14800.0,441.1560487596859,442.79690547664546,428.7324193312782,430.8467804151317,14800.0
2005-02-08,False,daily,935.0,941.9,934.0,939.06,7600.0,438.3431515306125,441.5779833440469,437.8743353257669,440.2465453222855,7600.0
2005-02-07,False,daily,924.0,940.0,921.25,932.75,17300.0,433.1861732773112,440.68723255484036,431.8969287139858,437.28831506970994,17300.0
2005-02-04,False,daily,918.7,934.75,918.7,924.0,17000.0,430.70144739162964,438.2259474794011,430.70144739162964,433.1861732773112,17000.0
2005-02-03,False,daily,919.0,919.0,902.0,915.7,12500.0,430.8420922530833,430.8420922530833,422.8722167707085,429.2949987770929,12500.0
2005-02-02,False,daily,921.75,924.95,919.99,922.95,10700.0,432.13133681640863,433.63154867191446,431.3062202958804,432.69391626222335,10700.0
2005-02-01,False,daily,913.0,917.21,908.0,917.21,13600.0,428.0291950240098,430.0029112464097,425.68511399978195,430.0029112464097,13600.0
2005-01-31,False,daily,904.0,924.0,904.0,914.5,15400.0,423.8098491803997,433.1861732773112,423.8098491803997,428.7324193312782,15400.0
2005-01-28,False,daily,897.0,901.98,894.0,900.0,12300.0,420.52813574648064,422.8628404466116,419.12168713194393,421.93458436101736,12300.0
2005-01-27,False,daily,900.0,906.14,897.0,900.0,12600.0,421.93458436101736,424.8131158587692,420.52813574648064,421.93458436101736,12600.0
2005-01-26,False,daily,902.0,906.5,896.0,902.48,12800.0,422.0047625366055,424.1101078042493,419.1976355130804,422.2293326984875,12800.0
2005-01-25,False,daily,902.0,910.0,897.42,897.42,11300.0,422.0047625366055,425.74759856797226,419.86198890864796,419.86198890864796,11300.0
2005-01-24,False,daily,907.0,914.81,899.0,899.0,29800.0,424.34403505620975,427.99797873183155,420.6011990248429,420.6011990248429,29800.0
2005-01-21,False,daily,903.0,926.0,903.0,911.0,17900.0,422.47261704052636,433.2332706307059,422.47261704052636,426.21545307189314,17900.0
2005-01-20,False,daily,907.0,909.99,889.0,902.5,23700.0,424.34403505620975,425.74292002293305,415.92265398563444,422.2386897885659,23700.0
2005-01-19,False,daily,906.0,913.0,906.0,907.98,10400.0,423.8761805522889,427.15116207973483,423.8761805522889,424.80253247005214,10400.0
2005-01-18,False,daily,905.75,917.0,902.75,909.8,28400.0,423.7592169263087,429.0225800954182,422.3556534145461,425.6540276671881,28400.0
2005-01-14,False,daily,903.25,916.0,903.25,910.53,21500.0,422.58958066650655,428.55472559149734,422.58958066650655,425.99556145505034,21500.0
2005-01-13,False,daily,892.0,909.75,885.0,903.0,44100.0,417.326217497397,425.63063494199207,414.05123596995105,422.47261704052636,44100.0
2005-01-12,False,daily,907.9,915.0,880.01,896.0,65000.0,424.7651041097385,428.0868710875765,411.716641995386,419.1976355130804,65000.0
2005-01-11,False,daily,917.75,926.0,904.0,907.9,29600.0,429.37347097335885,433.2332706307059,422.9404715444472,424.7651041097385,29600.0
2005-01-10,False,daily,929.0,946.0,910.1,913.0,30800.0,434.6368341424684,442.5903607091228,425.7943840183644,427.15116207973483,30800.0
2005-01-07,False,daily,922.0,931.0,918.0,924.2,10800.0,431.3618526150225,435.5725431503101,429.49043459933904,432.39113252364837,10800.0
2005-01-06,False,daily,930.53,939.5,918.0,923.0,16500.0,435.3526515334673,439.5493064336373,429.49043459933904,431.8297071189433,16500.0
2005-01-05,False,daily,943.0,948.0,920.05,930.53,23000.0,441.1867971973603,443.5260697169645,430.4495363323768,435.3526515334673,23000.0
2005-01-04,False,daily,967.5,967.5,945.32,949.0,21800.0,452.6492325434211,452.6492325434211,442.2722196464567,443.9939242208854,21800.0
2005-01-03,False,daily,982.03,982.03,958.0,963.5,16200.0,459.447158485391,459.447158485391,448.204614756173,450.7778145277377,16200.0
2006-12-29,False,daily,754.36,754.36,745.01,745.6,16600.0,359.6919440152535,359.6919440152535,355.2337016952172,355.5150239378719,16600.0
2006-12-28,False,daily,757.0,762.0,755.0,756.5,16700.0,360.95074184679316,363.33482864895166,359.9971071259298,360.7123331665773,16700.0
2006-12-27,False,daily,754.85,760.0,750.0,759.25,14000.0,359.92558452186506,362.3811939280883,357.6130203237713,362.0235809077645,14000.0
2006-12-26,False,daily,744.0,754.85,743.98,754.85,3100.0,354.75211616118116,359.92558452186506,354.7425798139725,359.92558452186506,3100.0
2006-12-22,False,daily,754.43,758.0,747.01,748.52,8100.0,359.7253212304837,361.4275592072249,356.18733641608054,356.9073306303324,8100.0
2006-12-21,False,daily,763.99,763.99,754.0,755.0,4400.0,364.2836951962107,364.2836951962107,359.5202897654981,359.9971071259298,4400.0
2006-12-20,False,daily,759.2,766.0,759.0,764.0,22300.0,361.99974003974296,365.24209809067844,361.9043765676566,364.2884633698151,22300.0
2006-12-19,False,daily,754.5,760.75,754.5,760.01,16500.0,359.75869844571395,362.73880694841205,359.75869844571395,362.3859621016926,16500.0
2006-12-18,False,daily,759.0,764.99,754.0,759.12,20500.0,361.9043765676566,364.7605125566424,359.5202897654981,361.96159465090835,20500.0
2006-12-15,False,daily,755.0,763.0,735.99,761.0,32700.0,359.9971071259298,363.81164600938337,350.9328091041233,362.85801128851995,32700.0
2006-12-14,False,daily,754.25,759.88,750.02,754.76,22700.0,359.63949410560605,362.32397584483647,357.6225566709799,359.8826709594262,22700.0
2006-12-13,False,daily,743.5,755.0,743.5,754.25,35500.0,354.5137074809653,359.9971071259298,354.5137074809653,359.63949410560605,35500.0
2006-12-12,False,daily,736.97,744.99,735.68,744.75,17500.0,351.40009011734634,355.2241653480085,350.7849957223894,355.1097291815049,17500.0
2006-12-11,False,daily,733.0,734.75,728.0,733.47,17800.0,349.5071251964325,350.341555577188,347.12303839427403,349.7312293558354,17800.0
2006-12-08,False,daily,729.25,736.99,729.25,735.38,18700.0,347.71906009481364,351.40962646455495,347.71906009481364,350.6419505142599,18700.0
2006-12-07,False,daily,729.1,731.3,728.03,729.84,19600.0,347.6475374907489,348.6965356836986,347.13734291508695,348.00038233746835,19600.0
2006-12-06,False,daily,728.45,729.75,725.0,727.02,5800.0,347.3376062064683,347.9574687750295,345.69258631297896,346.65575738105093,5800.0
2006-12-05,False,daily,730.0,730.0,725.0,728.45,8800.0,348.0766731151374,348.0766731151374,345.69258631297896,347.3376062064683,8800.0
2006-12-04,False,daily,736.45,738.0,722.92,730.0,16300.0,351.1521450899219,351.89121199859096,344.700806203281,348.0766731151374,16300.0
2006-12-01,False,daily,734.9,736.45,730.0,736.45,15100.0,350.41307818125273,351.1521450899219,348.0766731151374,351.1521450899219,15100.0
2006-11-30,False,daily,730.0,735.49,725.0,734.9,17900.0,348.0766731151374,350.69440042390744,345.69258631297896,350.41307818125273,17900.0
2006-11-29,False,daily,727.05,730.4,726.83,730.0,19900.0,346.6700619018639,348.2674000593101,346.565162082569,348.0766731151374,19900.0
2006-11-28,False,daily,724.47,731.99,722.0,725.51,12700.0,345.43987311195013,349.0255396623965,344.26213423168383,345.9357631667991,12700.0
2006-11-27,False,daily,732.41,733.0,719.0,724.47,13200.0,349.22580295377776,349.5071251964325,342.83168215038876,345.43987311195013,13200.0
2006-11-24,False,daily,727.5,735.0,727.5,735.0,6700.0,346.8846297140582,350.4607599172959,346.8846297140582,350.4607599172959,6700.0
2006-11-22,False,daily,731.0,731.75,726.0,728.95,26500.0,348.5534904755691,348.91110349589286,346.1694036734106,347.57601488668416,26500.0
2006-11-21,False,daily,730.0,733.99,730.0,731.0,12700.0,348.0766731151374,349.9791743832599,348.0766731151374,348.5534904755691,12700.0
2006-11-20,False,daily,734.5,735.0,726.0,734.6,11400.0,350.22235123708003,350.4607599172959,346.1694036734106,350.27003297312325,11400.0
2006-11-17,False,daily,734.5,734.8981,723.0,733.79,18900.0,350.22235123708003,350.4121722282679,344.73895159211554,349.8838109111735,18900.0
2006-11-16,False,daily,731.0,734.98,728.0,732.0,31100.0,348.5534904755691,350.4512235700873,347.12303839427403,349.0303078360008,31100.0
2006-11-15,False,daily,726.5,736.87,726.5,729.9,23200.0,346.40781235362647,351.3524083813032,346.40781235362647,348.02899137909424,23200.0
2006-11-14,False,daily,730.5,734.0,712.73,728.98,22200.0,348.31508179535325,349.9839425568642,339.84203730048205,347.5903194074971,22200.0
2006-11-13,False,daily,740.0,740.0,731.0,734.49,12600.0,352.8448467194544,352.8448467194544,348.5534904755691,350.21758306347573,12600.0
2006-11-10,False,daily,735.0,738.0,734.01,735.55,13000.0,350.4607599172959,351.89121199859096,349.9887107304685,350.7230094655333,13000.0
2006-11-09,False,daily,735.0,735.75,733.01,734.01,30700.0,350.4607599172959,350.81837293761964,349.51189337003683,349.9887107304685,30700.0
2006-11-08,False,daily,735.0,736.98,733.51,735.7,37300.0,350.4607599172959,351.40485829095064,349.7503020502527,350.7945320695981,37300.0
2006-11-07,False,daily,735.97,739.87,735.0,735.0,7400.0,350.9232727569146,352.78286046259825,350.4607599172959,350.4607599172959,7400.0
2006-11-06,False,daily,739.0,740.65,734.87,735.0,16200.0,352.36802935902267,353.154778003735,350.39877366043976,350.4607599172959,16200.0
2006-11-03,False,daily,740.0,746.0,736.38,736.38,6000.0,352.8448467194544,355.7057508820445,351.1187678746916,351.1187678746916,6000.0
2006-11-02,False,daily,738.0,746.49,733.88,737.8,11500.0,351.89121199859096,355.9393913886561,349.9267244736124,351.79584852650464,11500.0
2006-11-01,False,daily,755.0,755.0,736.0,738.0,17000.0,359.9971071259298,359.9971071259298,350.9375772777276,351.89121199859096,17000.0
2006-10-31,False,daily,750.74,754.95,748.0,753.1,8900.0,357.96586517049076,359.9732662579082,356.65938560290795,359.0911541411096,8900.0
2006-10-30,False,daily,751.2,754.25,750.51,751.0,7200.0,358.1852011562894,359.63949410560605,357.85619717759147,358.089837684203,7200.0
2006-10-27,False,daily,740.51,754.0,740.0,751.75,8500.0,353.08802357327454,359.5202897654981,352.8448467194544,358.4474507045268,8500.0
2006-10-26,False,daily,741.0,746.0,739.0,742.76,4700.0,353.3216640798861,355.7057508820445,352.36802935902267,354.16086263424586,4700.0
2006-10-25,False,daily,733.0,741.87,733.0,738.77,4800.0,348.5919516468185,352.81024715992527,348.5919516468185,351.3359837900683,4800.0
2006-10-24,False,daily,735.05,739.53,732.0001,736.5,20900.0,349.56686774624,351.69741610009777,348.11643037471526,350.2564425482699,20900.0
2006-10-23,False,daily,741.0,746.01,735.0,736.5,14500.0,352.3965022787074,354.7791021119278,349.5430893047907,350.2564425482699,14500.0
2006-10-20,False,daily,750.0,751.5,738.7,739.3,8900.0,356.67662173958234,357.3899749830615,351.3026939720393,351.588035269431,8900.0
2006-10-19,False,daily,749.0,752.75,749.0,750.0,3600.0,356.2010529105962,357.98443601929415,356.2010529105962,356.67662173958234,3600.0
2006-10-18,False,daily,754.5,754.83,746.52,749.0,5700.0,358.81668147001983,358.9736191835853,355.0216422147107,356.2010529105962,5700.0
2006-10-17,False,daily,756.0,758.0,750.0,753.75,5200.0,359.530034713499,360.48117237147125,356.67662173958234,358.4600048482803,5200.0
2006-10-16,False,daily,753.0,758.5,752.5,758.5,11500.0,358.10332822654067,360.7189567859643,357.86554381204763,360.7189567859643,11500.0
2006-10-13,False,daily,752.9,752.9,744.15,752.23,11300.0,358.05577134364205,358.05577134364205,353.8945440900136,357.7371402282214,11300.0
2006-10-12,False,daily,754.0,754.5,748.0,752.9,4100.0,358.5788970555268,358.81668147001983,355.72548408161015,358.05577134364205,4100.0
2006-10-11,False,daily,750.0,754.99,748.01,752.74,5100.0,356.67662173958234,359.04971019622303,355.7302397699,357.9796803310043,5100.0
2006-10-10,False,daily,751.5,753.1,744.12,753.1,4500.0,357.3899749830615,358.1508851094393,353.88027702514404,358.1508851094393,4500.0
2006-10-09,False,daily,754.0,754.5,746.5,748.0,7500.0,358.5788970555268,358.81668147001983,355.012130838131,355.72548408161015,7500.0
2006-10-06,False,daily,754.0,755.0,749.01,751.5,6800.0,358.5788970555268,359.0544658845129,356.2058085988861,357.3899749830615,6800.0
2006-10-05,False,daily,744.52,753.56,742.0,752.86,6500.0,354.07050455673846,358.3696467707729,352.8720711076935,358.03674859048266,6500.0
2006-10-04,False,daily,739.5,745.9,733.75,744.52,8400.0,351.6831490352282,354.7267895407393,348.9486282685581,354.07050455673846,8400.0
2006-10-03,False,daily,734.0,743.75,730.0,742.49,14000.0,349.0675204758046,353.7043165584192,347.16524515986015,353.10509983389665,14000.0
2006-10-02,False,daily,736.5,736.5,726.0,732.75,15000.0,350.2564425482699,350.2564425482699,345.2629698439157,348.47305943957195,15000.0
2006-09-29,False,daily,722.0,737.0,718.5,737.0,12400.0,343.3606945279713,350.4942269627629,341.6962036265199,350.4942269627629,12400.0
2006-09-28,False,daily,717.0,724.5,716.0,719.7,6900.0,340.9828503830407,344.54961660043654,340.5072815540546,342.26688622130325,6900.0
2006-09-27,False,daily,724.5,734.99,718.51,718.51,9600.0,344.54961660043654,349.53833361650084,341.7009593148098,341.7009593148098,9600.0
2006-09-26,False,daily,720.0,726.5,718.0,724.98,5700.0,342.40955686999905,345.5007542584088,341.45841921202685,344.7778896383499,5700.0
2006-09-25,False,daily,713.0,718.92,696.0001,718.5,20700.0,339.0805750670963,341.89594253469403,330.9959525312153,341.6962036265199,20700.0
2006-09-22,False,daily,728.0,728.0,690.0,710.65,30500.0,346.21410750188795,346.21410750188795,328.14249200041576,337.96298831897894,30500.0
2006-09-21,False,daily,741.5,744.0,728.0,728.0,11000.0,352.6342866932004,353.8232087656657,346.21410750188795,346.21410750188795,11000.0
2006-09-20,False,daily,741.0,741.0,730.05,738.0,15600.0,352.3965022787074,352.3965022787074,347.18902360130943,350.96979579174905,15600.0
2006-09-19,False,daily,744.5,748.95,735.0,741.0,5600.0,354.06099318015873,356.17727446914694,349.5430893047907,352.3965022787074,5600.0
2006-09-18,False,daily,746.75,747.0,740.25,742.5,9200.0,355.1310230453775,355.249915252624,352.03982565696776,353.10985552218654,9200.0
2006-09-15,False,daily,757.0,763.5,746.0,746.0,21500.0,360.0056035424851,363.09680093089486,354.7743464236379,354.7743464236379,21500.0
2006-09-14,False,daily,754.0,763.0,753.0,753.5,9000.0,358.5788970555268,362.85901651640177,358.10332822654067,358.34111264103376,9000.0
2006-09-13,False,daily,753.0,766.49,752.0,758.42,5900.0,358.10332822654067,364.5187517295633,357.6277593975546,360.6809112796454,5900.0
2006-09-12,False,daily,753.0,760.0,751.5,755.41,6800.0,358.10332822654067,361.43231002944344,357.3899749830615,359.2494491043972,6800.0
2006-09-11,False,daily,754.01,756.5,746.22,751.0,4600.0,358.58365274381663,359.7678191279921,354.87897156601485,357.15219056856847,4600.0
2006-09-08,False,daily,757.5,757.5,749.0,754.01,8100.0,360.24338795697815,360.24338795697815,356.2010529105962,358.58365274381663,8100.0
2006-09-07,False,daily,756.0,757.95,750.02,754.0,5200.0,359.530034713499,360.45739393002196,356.68613311616207,358.5788970555268,5200.0
2006-09-06,False,daily,758.0,760.5,752.0,759.0,6500.0,360.48117237147125,361.6700944439365,357.6277593975546,360.9567412004573,6500.0
2006-09-05,False,daily,773.5,773.5,758.22,760.4,6300.0,367.85248922075596,367.85248922075596,360.5857975138482,361.62253756103786,6300.0
2006-09-01,False,daily,771.5,779.0,767.5,770.0,8600.0,366.9013515627837,370.4681177801795,364.99907624683925,366.18799831930454,8600.0
2006-08-31,False,daily,765.5,772.0,764.0,767.77,6500.0,364.04793858886705,367.1391359772768,363.3345853453879,365.1274798306655,6500.0
2006-08-30,False,daily,759.0,766.81,758.0,765.5,6100.0,360.9567412004573,364.6709337548388,360.48117237147125,364.04793858886705,6100.0
2006-08-29,False,daily,754.9,761.65,745.0,760.5,9400.0,359.0069090016143,362.2169985972705,354.2987775946518,361.6700944439365,9400.0
2006-08-28,False,daily,751.0,753.96,742.0,753.96,4900.0,357.15219056856847,358.55987430236735,352.8720711076935,358.55987430236735,4900.0
2006-08-25,False,daily,742.0,751.52,739.5,749.19,4200.0,352.8720711076935,357.39948635964123,351.6831490352282,356.2914109881036,4200.0
2006-08-24,False,daily,747.0,747.0,738.51,744.0,6400.0,355.249915252624,355.249915252624,351.212335894532,353.8232087656657,6400.0
2006-08-23,False,daily,749.5,749.5,742.5,744.0,7100.0,356.4388373250893,356.4388373250893,353.10985552218654,353.8232087656657,7100.0
2006-08-22,False,daily,750.5,754.15,748.99,750.0,5400.0,356.9144061540754,358.6502323798747,356.1962972223064,356.67662173958234,5400.0
2006-08-21,False,daily,750.3,755.99,750.0,753.01,5100.0,356.81929238827814,359.52527902520916,356.67662173958234,358.10808391483056,5100.0
2006-08-18,False,daily,753.5,753.5,748.02,750.08,3100.0,358.34111264103376,358.34111264103376,355.73499545818987,356.71466724590124,3100.0
2006-08-17,False,daily,754.0,760.98,753.01,754.75,12400.0,358.5788970555268,361.89836748184985,358.10808391483056,358.93557367726635,12400.0
2006-08-16,False,daily,742.0,752.96,740.0,751.5,9500.0,352.8720711076935,358.0843054733813,351.92093344972125,357.3899749830615,9500.0
2006-08-15,False,daily,732.0,745.0,732.0,744.75,7000.0,348.1163828178324,354.2987775946518,348.1163828178324,354.17988538740525,7000.0
2006-08-14,False,daily,739.0,739.05,731.5,734.0,8400.0,351.4453646207351,351.4691430621844,347.8785984033393,349.0675204758046,8400.0
2006-08-11,False,daily,734.5,738.0,734.5,737.75,4700.0,349.30530489029763,350.96979579174905,349.30530489029763,350.85090358450253,4700.0
2006-08-10,False,daily,727.5,737.45,727.5,736.75,9600.0,345.97632308739486,350.7082329358067,345.97632308739486,350.3753347555164,9600.0
2006-08-09,False,daily,738.5,738.5,727.0,728.0,8700.0,351.2075802062421,351.2075802062421,345.7385386729018,346.21410750188795,8700.0
2006-08-08,False,daily,735.0,738.0,728.0,735.0,14500.0,349.5430893047907,350.96979579174905,346.21410750188795,349.5430893047907,14500.0
2006-08-07,False,daily,752.0,754.0,725.06,732.43,25500.0,357.6277593975546,358.5788970555268,344.81593514466874,348.3208774142964,25500.0
2006-08-04,False,daily,762.5,765.0,752.15,754.41,19200.0,362.62123210190873,363.810154174374,357.6990947219025,358.7738802754111,19200.0
2006-08-03,False,daily,757.0,767.0,756.5,765.51,8900.0,360.0056035424851,364.7612918323462,359.7678191279921,364.0526942771569,8900.0
2006-08-02,False,daily,765.4,766.0,757.5,758.5,11100.0,364.00038170596844,364.2857230033601,360.24338795697815,360.7189567859643,11100.0
2006-08-01,False,daily,762.0,765.0,756.5,765.0,13300.0,362.3834476874157,363.810154174374,359.7678191279921,363.810154174374,13300.0
2006-07-31,False,daily,757.5,771.0,751.67,771.0,17600.0,360.24338795697815,366.66356714829067,357.47082168398913,366.66356714829067,17600.0
2006-07-28,False,daily,750.0,764.0,750.0,760.35,6000.0,356.67662173958234,363.3345853453879,356.67662173958234,361.5987591195886,6000.0
2006-07-27,False,daily,757.75,763.0,749.05,749.1,10300.0,360.3622801642247,362.85901651640177,356.22483135204556,356.2486097934949,10300.0
2006-07-26,False,daily,762.0,768.75,758.0,759.04,5800.0,361.4425679550537,364.6443229861516,359.545231640329,360.0385390821574,5800.0
2006-07-25,False,daily,770.5,772.0,764.4,764.4,8200.0,365.47440762384366,366.18590874186543,362.5809697438885,362.5809697438885,8200.0
2006-07-24,False,daily,762.52,769.0,761.13,769.0,6300.0,361.6892216759679,364.7629065058219,361.0298973066011,364.7629065058219,6300.0
2006-07-21,False,daily,762.0,766.65,753.5,762.0,10200.0,361.4425679550537,363.6482214209211,357.41072828626375,361.4425679550537,10200.0
2006-07-20,False,daily,768.49,770.0,761.5,764.94,10200.0,364.5209961256945,365.23724058450307,361.2054009157131,362.83711014637635,10200.0
2006-07-19,False,daily,756.0,772.5,756.0,768.49,16100.0,358.59656348296664,366.423075781206,358.59656348296664,364.5209961256945,16100.0
2006-07-18,False,daily,746.25,758.0,744.5,756.8,7100.0,353.9718062158252,359.545231640329,353.1417215781332,358.9760307459116,7100.0
2006-07-17,False,daily,750.5,750.5,742.01,743.33,5600.0,355.9877260502202,355.9877260502202,351.96062972221705,352.5867507060762,5600.0
2006-07-14,False,daily,758.25,760.0,748.05,748.69,7900.0,359.6638151599993,360.49389979769137,354.8256075574513,355.1291813678073,7900.0
2006-07-13,False,daily,762.0,765.5,755.05,757.5,7200.0,361.4425679550537,363.1027372304378,358.1459461082195,359.3080646009884,7200.0
2006-07-12,False,daily,768.75,771.0,761.08,763.9,8300.0,364.6443229861516,365.71157466318425,361.00618060266703,362.3438027045479,8300.0
2006-07-11,False,daily,763.0,767.97,757.0,767.97,5200.0,361.91690203373486,364.2743424047803,359.0708975616478,364.2743424047803,5200.0
2006-07-10,False,daily,768.0,770.0,761.0,764.82,8100.0,364.2885724271407,365.23724058450307,360.96823387637255,362.78019005693466,8100.0
2006-07-07,False,daily,770.0,773.99,768.06,768.86,4900.0,365.23724058450307,367.12983355844096,364.3170324718616,364.69649973480654,4900.0
2006-07-06,False,daily,762.0,774.5,762.0,771.67,4800.0,361.4425679550537,367.3717439385684,361.4425679550537,366.02937849590063,4800.0
2006-07-05,False,daily,780.5,780.5,763.4,765.0,16600.0,370.2177484106554,370.2177484106554,362.1066356652073,362.8655701910972,16600.0
2006-07-03,False,daily,776.0,780.5,774.0,780.0,3900.0,368.0832450565901,370.2177484106554,367.1345768992278,369.9805813713148,3900.0
2006-06-30,False,daily,786.9,793.23,778.98,780.01,31100.0,373.2534865142149,376.25602123226673,369.49676061106004,369.9853247121016,31100.0
2006-06-29,False,daily,775.5,788.0,775.5,786.0,14300.0,367.8460780172495,373.77525400076416,367.8460780172495,372.82658584340186,14300.0
2006-06-28,False,daily,772.5,783.5,772.5,773.0,19900.0,366.423075781206,371.6407506466989,366.423075781206,366.6602428205466,19900.0
2006-06-27,False,daily,758.25,778.0,758.25,777.15,18200.0,359.6638151599993,369.03191321395246,359.6638151599993,368.62872924707347,18200.0
2006-06-26,False,daily,756.0,761.99,752.5,753.41,8400.0,358.59656348296664,361.4378246142669,356.93639420758257,357.3680382191824,8400.0
2006-06-23,False,daily,764.2,764.2,750.06,753.15,6600.0,362.4861029281523,362.4861029281523,355.7790190556005,357.2447113587253,6600.0
2006-06-22,False,daily,769.0,771.05,759.0,765.01,7600.0,364.7629065058219,365.7352913671183,360.0195657190102,362.87031353188405,7600.0
2006-06-21,False,daily,770.0,771.0,766.31,771.0,9600.0,365.23724058450307,365.71157466318425,363.48694783416954,365.71157466318425,9600.0
2006-06-20,False,daily,771.0,773.58,766.5,769.76,7800.0,365.71157466318425,366.9353565861817,363.577071309119,365.1234004056196,7800.0
2006-06-19,False,daily,777.46,780.0,766.03,772.25,8400.0,368.77577281146466,369.9805813713148,363.35413429213884,366.3044922615357,8400.0
2006-06-16,False,daily,781.0,790.0,776.0,777.98,10400.0,370.454915449996,374.7239221581265,368.0832450565901,369.02242653237886,10400.0
2006-06-15,False,daily,779.0,779.99,765.29,778.75,6400.0,369.50624729263365,369.975838030528,363.00312707391475,369.3876637729633,6400.0
2006-06-14,False,daily,770.5,780.0,765.0,778.5,7600.0,365.47440762384366,369.9805813713148,362.8655701910972,369.26908025329305,7600.0
2006-06-13,False,daily,781.81,781.81,773.0,773.5,11300.0,370.8391260537277,370.8391260537277,366.6602428205466,366.8974098598872,11300.0
2006-06-12,False,daily,779.0,784.25,776.75,781.81,25900.0,369.50624729263365,371.9965012057098,368.438995615601,370.8391260537277,25900.0
2006-06-09,False,daily,784.0,788.88,783.0,783.0,11500.0,371.8779176860395,374.1926679900036,371.4035836073583,371.4035836073583,11500.0
2006-06-08,False,daily,789.0,792.99,783.25,786.57,13000.0,374.24958807944535,376.14218105338324,371.52216712702864,373.09695626825015,13000.0
2006-06-07,False,daily,794.75,794.75,787.0,791.43,11400.0,376.9770090318621,376.9770090318621,373.30091992208304,375.4022198906406,11400.0
2006-06-06,False,daily,796.5,800.6,792.0,794.75,8800.0,377.80709366955415,379.75186339214696,375.6725903154889,376.9770090318621,8800.0
2006-06-05,False,daily,804.5,806.0,793.33,794.25,6700.0,381.60176629900354,382.3132674170253,376.3034546401349,376.7398419925215,6700.0
2006-06-02,False,daily,810.0,811.0,805.75,806.75,8400.0,384.21060373175,384.68493781043117,382.194683897355,382.6690179760362,8400.0
2006-06-01,False,daily,811.0,812.55,806.26,809.75,18300.0,384.68493781043117,385.420155632387,382.4365942774824,384.0920202120797,18300.0
2006-05-31,False,daily,799.03,813.0,798.74,810.9,49200.0,379.00715888861754,385.6336059677935,378.8696020058,384.637504402563,49200.0
2006-05-30,False,daily,794.75,802.45,792.5,799.03,33900.0,376.9770090318621,380.62938143770714,375.9097573548295,379.00715888861754,33900.0
2006-05-26,False,daily,783.17,792.5,783.17,792.41,5600.0,371.4842204007341,375.9097573548295,371.4842204007341,375.86706728774817,5600.0
2006-05-25,False,daily,790.0,791.0,783.0,784.54,10000.0,374.7239221581265,375.1982562368077,371.4035836073583,372.1340580885273,10000.0
2006-05-24,False,daily,783.0,789.79,778.74,787.55,10000.0,371.4035836073583,374.62431200160347,369.38292043217655,373.5618036653576,10000.0
2006-05-23,False,daily,799.0,799.5,782.01,786.35,8800.0,378.9929288662571,379.2300959055977,370.93399286946396,372.99260277094027,8800.0
2006-05-22,False,daily,782.0,798.5,782.0,796.0,8700.0,370.92924952867713,378.7557618269165,370.92924952867713,377.56992663021356,8700.0
2006-05-19,False,daily,789.0,796.75,784.5,786.0,11800.0,374.24958807944535,377.9256771892245,372.1150847253801,372.82658584340186,11800.0
2006-05-18,False,daily,797.0,798.0,785.0,785.04,9300.0,378.04426070889474,378.5185947875759,372.3522517647207,372.3712251278679,9300.0
2006-05-17,False,daily,801.0,801.0,793.5,799.0,10300.0,379.94159702361947,379.94159702361947,376.38409143351066,378.9929288662571,10300.0
2006-05-16,False,daily,803.5,805.5,799.19,801.0,12800.0,381.12743222032236,382.0761003776847,379.08305234120655,379.94159702361947,12800.0
2006-05-15,False,daily,795.0,802.0,795.0,801.7,14000.0,377.0955925515324,380.4159311023006,377.0955925515324,380.2736308786963,14000.0
2006-05-12,False,daily,803.0,807.0,798.0,799.8,10300.0,380.89026518098177,382.7876014957065,378.5185947875759,379.372396129202,10300.0
2006-05-11,False,daily,807.75,810.0,799.49,807.75,16700.0,383.14335205471735,384.21060373175,379.22535256481086,383.14335205471735,16700.0
2006-05-10,False,daily,806.0,810.0,801.51,808.66,8700.0,382.3132674170253,384.21060373175,380.18350740374683,383.5749960663172,8700.0
2006-05-09,False,daily,813.02,814.0,800.0,806.75,36200.0,385.64309264936713,386.1079400464747,379.4672629449383,382.6690179760362,36200.0
2006-05-08,False,daily,799.0,815.0,797.0,813.02,36800.0,378.9929288662571,386.58227412515583,378.04426070889474,385.64309264936713,36800.0
2006-05-05,False,daily,754.0,799.0,754.0,795.0,27900.0,357.64789532560434,378.9929288662571,357.64789532560434,377.0955925515324,27900.0
2006-05-04,False,daily,757.0,758.0,751.05,754.0,7000.0,359.0708975616478,359.545231640329,356.24860979349484,357.64789532560434,7000.0
2006-05-03,False,daily,756.0,761.99,751.59,754.54,9600.0,358.59656348296664,361.4378246142669,356.5047501959827,357.90403572809214,9600.0
2006-05-02,False,daily,760.5,762.25,752.99,760.4,7300.0,360.73106683703196,361.561151474724,357.1688179061363,360.6836334291638,7300.0
2006-05-01,False,daily,764.0,769.95,763.0,765.21,6500.0,362.39123611241604,365.213523880569,361.91690203373486,362.9651803476203,6500.0
2006-04-28,False,daily,762.0,767.5,758.16,766.0,6800.0,361.4425679550537,364.0514053878002,359.62112509291796,363.3399042697784,6800.0
2006-04-27,False,daily,751.5,763.79,749.5,763.79,12800.0,356.4620601289014,362.291625955893,355.513391971539,362.291625955893,12800.0
2006-04-26,False,daily,750.0,759.95,747.0,754.55,17900.0,354.8446201934335,359.55222548799975,353.4252417126598,356.99734422260696,17900.0
2006-04-25,False,daily,741.0,746.52,741.0,745.5,10600.0,350.58648475111227,353.1981411557359,350.58648475111227,352.7155524722729,10600.0
2006-04-24,False,daily,745.0,745.0,739.33,743.5,10400.0,352.47898939214394,352.47898939214394,349.7963640634816,351.7693001517571,10400.0
2006-04-21,False,daily,756.0,756.0,740.0,743.0,8400.0,357.683377154981,357.683377154981,350.1133585908544,351.5327370716281,8400.0
2006-04-20,False,daily,757.0,759.89,749.0,751.75,6400.0,358.15650331523887,359.52383791838423,354.37149403317557,355.67259097388484,6400.0
2006-04-19,False,daily,749.77,755.5,746.0,753.5,11100.0,354.73580117657417,357.446814074852,352.95211555240184,356.50056175433616,11100.0
2006-04-18,False,daily,739.0,749.77,737.0,749.77,12500.0,349.6402324305965,354.73580117657417,348.69398011008064,354.73580117657417,12500.0
2006-04-17,False,daily,743.75,744.5,737.51,739.0,6300.0,351.88758169182154,352.24242631201497,348.9352744518122,349.6402324305965,6300.0
2006-04-13,False,daily,740.0,745.0,738.0,743.75,8000.0,350.1133585908544,352.47898939214394,349.16710627033854,351.88758169182154,8000.0
2006-04-12,False,daily,748.0,750.0,738.0,740.0,8400.0,353.8983678729177,354.8446201934335,349.16710627033854,350.1133585908544,8400.0
2006-04-11,False,daily,752.0,752.0,744.0,746.01,5900.0,355.7908725139493,355.7908725139493,352.005863231886,352.9568468140044,5900.0
2006-04-10,False,daily,747.0,764.0,747.0,756.03,9100.0,353.4252417126598,361.4683864370443,353.4252417126598,357.6975709397887,9100.0
2006-04-07,False,daily,765.95,768.0,748.0,748.99,9300.0,362.3909824495472,363.3608910780759,353.8983678729177,354.366762771573,9300.0
2006-04-06,False,daily,754.5,764.0,751.0,763.95,10500.0,356.9736879145941,361.4683864370443,355.3177463536914,361.44473012903137,10500.0
2006-04-05,False,daily,751.0,758.0,748.51,758.0,20700.0,355.3177463536914,358.62962947549676,354.1396622146492,358.62962947549676,20700.0
2006-04-04,False,daily,767.5,767.5,753.0,753.37,10100.0,363.1243279979469,363.1243279979469,356.26399867420724,356.4390553535027,10100.0
2006-04-03,False,daily,775.0,775.0,767.0,769.5,8100.0,366.67277419988125,366.67277419988125,362.887764917818,364.07058031846276,8100.0
2006-03-31,False,daily,758.0,776.75,752.0,776.75,22700.0,358.62962947549676,367.5007449803326,355.7908725139493,367.5007449803326,22700.0
2006-03-30,False,daily,747.39,754.99,742.0,754.88,6100.0,353.60976091516034,357.20551973312047,351.0596109113702,357.1534758554921,6100.0
2006-03-29,False,daily,749.0,753.25,744.01,744.3,10900.0,354.37149403317557,356.3822802142717,352.0105944934886,352.14780107996336,10900.0
2006-03-28,False,daily,748.0,752.75,745.0,752.0,6500.0,353.8983678729177,356.1457171341427,352.47898939214394,355.7908725139493,6500.0
2006-03-27,False,daily,747.5,753.75,744.0,747.9,10900.0,353.6618047927887,356.6188432944007,352.005863231886,353.85105525689187,10900.0
2006-03-24,False,daily,739.25,748.25,738.0,747.5,17700.0,349.75851397066094,354.01664941298213,349.16710627033854,353.6618047927887,17700.0
2006-03-23,False,daily,740.0,742.0,736.0,739.0,14400.0,350.1133585908544,351.0596109113702,348.22085394982275,349.6402324305965,14400.0
2006-03-22,False,daily,747.0,751.0,736.5,740.0,16800.0,353.4252417126598,355.3177463536914,348.45741702995167,350.1133585908544,16800.0
2006-03-21,False,daily,740.0,749.5,740.0,742.25,14500.0,350.1133585908544,354.60805711330454,350.1133585908544,351.1778924514347,14500.0
2006-03-20,False,daily,746.0,748.0,740.5,743.0,10200.0,352.95211555240184,353.8983678729177,350.34992167098335,351.5327370716281,10200.0
2006-03-17,False,daily,757.0,759.0,716.99,743.95,50600.0,358.15650331523887,359.1027556357547,339.22672564331987,351.98220692387315,50600.0
2006-03-16,False,daily,757.0,759.0,746.25,754.99,10000.0,358.15650331523887,359.1027556357547,353.07039709246635,357.20551973312047,10000.0
2006-03-15,False,daily,752.77,759.98,750.0,754.0,7800.0,356.1551796573479,359.5664192728075,354.8446201934335,356.73712483446513,7800.0
2006-03-14,False,daily,757.75,760.0,750.0,750.02,7300.0,358.5113479354323,359.5758817960126,354.8446201934335,354.85408271663863,7300.0
2006-03-13,False,daily,761.74,765.0,756.0,757.0,7200.0,360.39912131486136,361.94151259730216,357.683377154981,358.15650331523887,7200.0
2006-03-10,False,daily,747.0,754.0,745.0,753.84,19400.0,353.4252417126598,356.73712483446513,352.47898939214394,356.66142464882387,19400.0
2006-03-09,False,daily,745.0,750.0,745.0,745.0,10400.0,352.47898939214394,354.8446201934335,352.47898939214394,352.47898939214394,10400.0
2006-03-08,False,daily,751.0,753.0,748.51,749.5,17000.0,355.3177463536914,356.26399867420724,354.1396622146492,354.60805711330454,17000.0
2006-03-07,False,daily,755.0,755.0,751.55,753.35,13400.0,357.210250994723,357.210250994723,355.5779657418332,356.4295928302975,13400.0
2006-03-06,False,daily,759.0,760.0,755.5,758.25,11500.0,359.1027556357547,359.5758817960126,357.446814074852,358.7479110155613,11500.0
2006-03-03,False,daily,760.0,761.0,753.5,760.0,8200.0,359.5758817960126,360.04900795627054,356.50056175433616,359.5758817960126,8200.0
2006-03-02,False,daily,752.0,760.0,741.0,760.0,13800.0,355.7908725139493,359.5758817960126,350.58648475111227,359.5758817960126,13800.0
2006-03-01,False,daily,759.0,765.0,753.0,756.5,12800.0,359.1027556357547,361.94151259730216,356.26399867420724,357.9199402351099,12800.0
2006-02-28,False,daily,760.0,760.5,751.0,752.25,13900.0,359.5758817960126,359.81244487614157,355.3177463536914,355.9091540540138,13900.0
2006-02-27,False,daily,760.0,764.0,757.5,759.1,11600.0,359.5758817960126,361.4683864370443,358.39306639536784,359.1500682517805,11600.0
2006-02-24,False,daily,768.0,768.0,754.0,760.0,10100.0,363.3608910780759,363.3608910780759,356.73712483446513,359.5758817960126,10100.0
2006-02-23,False,daily,752.0,767.75,752.0,766.5,11600.0,355.7908725139493,363.24260953801144,355.7908725139493,362.65120183768903,11600.0
2006-02-22,False,daily,743.5,756.0,743.5,754.16,5500.0,351.7693001517571,357.683377154981,351.7693001517571,356.8128250201064,5500.0
2006-02-21,False,daily,749.98,752.0,742.5,746.01,7900.0,354.83515767022834,355.7908725139493,351.29617399149913,352.9568468140044,7900.0
2006-02-17,False,daily,761.0,764.0,745.0,749.98,8100.0,360.04900795627054,361.4683864370443,352.47898939214394,354.83515767022834,8100.0
2006-02-16,False,daily,744.66,758.0,740.5,758.0,11300.0,352.31812649765624,358.62962947549676,350.34992167098335,358.62962947549676,11300.0
2006-02-15,False,daily,740.0,745.0,740.0,740.0,2800.0,350.1133585908544,352.47898939214394,350.1133585908544,350.1133585908544,2800.0
2006-02-14,False,daily,732.0,748.48,730.02,743.03,14500.0,346.3283493087911,354.1254684298415,345.3915595114804,351.54693085643584,14500.0
2006-02-13,False,daily,746.5,746.5,741.03,742.0,7200.0,353.1886786325308,353.1886786325308,350.60067853592,351.0596109113702,7200.0
2006-02-10,False,daily,747.69,749.81,739.0,749.81,17500.0,353.75169876323775,354.75472622298446,349.6402324305965,354.75472622298446,17500.0
2006-02-09,False,daily,731.0,748.0,731.0,747.69,14200.0,345.8552231485332,353.8983678729177,345.8552231485332,353.75169876323775,14200.0
2006-02-08,False,daily,741.0,741.0,730.0,730.44,23900.0,350.58648475111227,350.58648475111227,345.38209698827524,345.59027249878875,23900.0
2006-02-07,False,daily,748.0,748.0,726.0,741.0,18600.0,353.8983678729177,353.8983678729177,343.4895923472436,350.58648475111227,18600.0
2006-02-06,False,daily,756.9,757.0,740.0,740.5,19400.0,358.10919069921306,358.15650331523887,350.1133585908544,350.34992167098335,19400.0
2006-02-03,False,daily,756.88,759.32,750.01,758.0,5600.0,358.09972817600794,359.25415600703724,354.84935145503607,358.62962947549676,5600.0
2006-02-02,False,daily,755.75,757.0,745.0,754.5,20600.0,357.56509561491646,358.15650331523887,352.47898939214394,356.9736879145941,20600.0
2006-02-01,False,daily,762.98,765.0,755.0,758.75,12500.0,360.9857977535812,361.94151259730216,357.210250994723,358.9844740956902,12500.0
2006-01-31,False,daily,766.0,768.0,762.0,762.98,17800.0,362.41463875756006,363.3608910780759,360.52213411652843,360.9857977535812,17800.0
2006-01-30,False,daily,766.0,767.0,756.98,765.0,25700.0,362.41463875756006,362.887764917818,358.1470407920337,361.94151259730216,25700.0
2006-01-27,False,daily,771.0,773.25,765.0,768.45,11400.0,364.7802695588496,365.8448034194299,361.94151259730216,363.57379785019197,11400.0
2006-01-26,False,daily,766.05,776.0,766.05,768.3,25100.0,361.52090841529014,366.2165980422494,361.52090841529014,362.58274777817036,25100.0
2006-01-25,False,daily,773.5,776.0,762.0,763.5,16800.0,365.03677652793806,366.2165980422494,359.6095975621057,360.3174904706926,16800.0
2006-01-24,False,daily,777.0,777.9999,767.48,770.02,17100.0,366.68852664797396,367.16040806083794,362.19576632147624,363.3944649800166,17100.0
2006-01-23,False,daily,778.0,779.0,772.01,774.0,10200.0,367.1604552536985,367.63238385942304,364.33360290540844,365.27274083080033,10200.0
2006-01-20,False,daily,785.0,787.0,776.0,778.0,17800.0,370.46395549377036,371.40781270521944,366.2165980422494,367.1604552536985,17800.0
2006-01-19,False,daily,789.0,790.25,783.0,787.43,12400.0,372.3516699166685,372.9415806738242,369.5200982823212,371.61074200568095,12400.0
2006-01-18,False,daily,779.5,790.0,779.02,786.15,12500.0,367.8683481622853,372.82359852239307,367.64182243153755,371.00667339035357,12500.0
2006-01-17,False,daily,767.0,782.47,767.0,781.5,10900.0,361.9692405907285,369.26997612128724,361.9692405907285,368.8122053737344,10900.0
2006-01-13,False,daily,768.51,775.5,768.01,770.61,9700.0,362.68185278537254,365.98063373938714,362.44588848251027,363.6729028573941,9700.0
2006-01-12,False,daily,783.25,784.9,766.5,768.51,12800.0,369.63808043375235,370.4167626331979,361.7332762878662,362.68185278537254,12800.0
2006-01-11,False,daily,775.5,787.26,774.01,783.25,12400.0,365.98063373938714,371.53051414270783,365.2774601168575,369.63808043375235,12400.0
2006-01-10,False,daily,794.0,794.0,771.0,771.9,16900.0,374.7113129452913,374.7113129452913,363.85695501362665,364.2816907587787,16900.0
2006-01-09,False,daily,790.0,797.0,784.75,790.25,9100.0,372.82359852239307,376.1270987624649,370.3459733423392,372.9415806738242,9100.0
2006-01-06,False,daily,782.5,790.5,778.0,788.5,13500.0,369.28413397945894,373.05956282525534,367.1604552536985,372.11570561380626,13500.0
2006-01-05,False,daily,796.0,805.0,776.5,782.5,15300.0,375.6551701567404,379.9025276082613,366.4525623451117,369.28413397945894,15300.0
2006-01-04,False,daily,788.5,798.6,782.5,793.0,15900.0,372.11570561380626,376.8821845316242,369.28413397945894,374.2393843395667,15900.0
2006-01-03,False,daily,765.0,790.0,765.0,785.1,21000.0,361.0253833792794,372.82359852239307,361.0253833792794,370.5111483543428,21000.0
2007-12-31,False,daily,798.99,799.98,787.61,791.43,28400.0,385.0373523417157,385.51443838636993,379.55327235366985,381.3941498189014,28400.0
2007-12-28,False,daily,798.55,821.48,793.06,801.5,550400.0,384.8253140996471,395.8753979419925,382.17965512474626,386.2469341316977,550400.0
2007-12-27,False,daily,799.3,803.0,797.25,799.96,22800.0,385.18674292135483,386.9697917751132,384.1988374753537,385.50480028445776,22800.0
2007-12-26,False,daily,795.41,799.99,794.5,799.99,5600.0,383.3121320994306,385.519257437326,382.8735984624252,385.519257437326,5600.0
2007-12-24,False,daily,799.0,800.0,797.26,797.46,2400.0,385.0421713926718,385.5240764882821,384.20365652630977,384.30003754543185,2400.0
2007-12-21,False,daily,803.0,803.0,796.01,800.0,24600.0,386.9697917751132,386.9697917751132,383.6012751567968,385.5240764882821,24600.0
2007-12-20,False,daily,798.78,800.0,789.0,797.83,49000.0,384.93615227163747,385.5240764882821,380.22312043656825,384.4783424308077,49000.0
2007-12-19,False,daily,766.74,774.51,764.0,770.22,14400.0,369.49591300828183,373.24031560117425,368.17549304630944,371.17294274100584,14400.0
2007-12-18,False,daily,769.0,771.29,762.1,769.0,8300.0,370.5850185243612,371.6885811933089,367.25987336464976,370.5850185243612,8300.0
2007-12-17,False,daily,772.7,774.0,757.0,758.05,8700.0,372.3680673781195,372.99454400241297,364.80215737703696,365.30815772742784,8700.0
2007-12-14,False,daily,775.05,780.0,773.21,776.3,7600.0,373.5005443528038,375.88597457607506,372.6138389768808,374.10292572231674,7600.0
2007-12-13,False,daily,775.76,778.959,766.2501,778.1,18800.0,373.8426969706872,375.3843113715447,369.2598277019423,374.97035489441544,18800.0
2007-12-12,False,daily,787.0,792.73,770.0,771.18,14500.0,379.25931024534754,382.0206264431949,371.06692361997153,371.63557163279177,14500.0
2007-12-11,False,daily,797.37,799.5,785.52,785.52,9700.0,384.2566660868269,385.28312394047697,378.54609070384424,378.54609070384424,9700.0
2007-12-10,False,daily,799.26,800.0,788.0,795.05,15700.0,385.1674667175305,385.5240764882821,379.7412153409579,383.1386462650109,15700.0
2007-12-07,False,daily,795.02,800.0,795.01,800.0,17200.0,383.1241891121426,385.5240764882821,383.1193700611865,385.5240764882821,17200.0
2007-12-06,False,daily,799.89,801.9,788.0,799.75,20000.0,385.471066927765,386.4396961699418,379.7412153409579,385.40360021437954,20000.0
2007-12-05,False,daily,800.0,802.23,791.52,792.5,13700.0,385.5240764882821,386.5987248514932,381.43752127750633,381.9097882712045,13700.0
2007-12-04,False,daily,796.59,800.15,792.68,800.0,16800.0,383.8807801122508,385.5963622526237,381.99653118841434,385.5240764882821,16800.0
2007-12-03,False,daily,800.0,804.0,797.0,801.9,17100.0,385.5240764882821,387.45169687072354,384.07836120145106,386.4396961699418,17100.0
2007-11-30,False,daily,807.99,811.0,802.0,806.5,15000.0,389.3744982022088,390.825032539996,386.4878866795028,388.65645960974945,15000.0
2007-11-29,False,daily,801.0,803.4,798.01,802.24,11200.0,386.0059815838925,387.1625538133573,384.56508534801753,386.6035439024493,11200.0
2007-11-28,False,daily,809.99,810.0,797.53,800.0,17300.0,390.33830839342954,390.34312744438563,384.33377090212457,385.5240764882821,17300.0
2007-11-27,False,daily,786.05,802.94,786.0,799.98,15900.0,378.8015004045177,386.9408774693766,378.7774051497372,385.51443838636993,15900.0
2007-11-26,False,daily,786.18,791.99,782.37,786.61,19800.0,378.86414806694705,381.6640166724432,377.0280896526716,379.0713672580595,19800.0
2007-11-23,False,daily,783.0,791.77,780.09,789.58,4100.0,377.33168986290616,381.5579975514089,375.92934603468,380.50262539202225,4100.0
2007-11-21,False,daily,793.42,795.0,771.03,779.72,16100.0,382.353140959166,383.11455101023034,371.5632858684502,375.75104114930417,16100.0
2007-11-20,False,daily,791.39,801.0,772.21,793.43,11000.0,381.374873615077,386.0059815838925,372.13193388127047,382.3579600101221,11000.0
2007-11-19,False,daily,804.95,807.0,790.07,793.1,12900.0,387.9095067115534,388.8974121575546,380.73875888887136,382.1989313285707,12900.0
2007-11-16,False,daily,802.51,811.16,792.06,809.22,16000.0,386.7336582782641,390.90213735529363,381.69775002913593,389.9672414698096,16000.0
2007-11-15,False,daily,798.42,807.81,793.5,797.95,18100.0,384.7626664372178,389.287755284999,382.3916933668148,384.53617104228096,18100.0
2007-11-14,False,daily,823.92,830.0,794.09,798.81,37900.0,397.0512463752817,399.98122935659273,382.67601737322497,384.9506094245058,37900.0
2007-11-13,False,daily,825.0,838.5,819.0,834.5,12200.0,397.571703878541,404.07742266928074,394.6802733048788,402.1498022868393,12200.0
2007-11-12,False,daily,821.23,841.11,812.0,817.8,13600.0,395.75492166808993,405.3351949688237,391.30693763560635,394.10198719014636,13600.0
2007-11-09,False,daily,860.99,860.99,805.0,823.5,24500.0,414.91546826955755,414.91546826955755,387.93360196633387,396.8488462351254,24500.0
2007-11-08,False,daily,858.8,862.5,832.55,850.8,21400.0,413.86009611017084,415.64314496392916,401.2100873503991,410.00485534528804,21400.0
2007-11-07,False,daily,861.0,880.0,854.16,857.92,36300.0,414.92028732051364,424.07648413711036,411.62405646653883,413.4360196260337,36300.0
2007-11-06,False,daily,845.89,858.0,840.5,857.26,38000.0,407.6387013258412,413.4745720336826,405.0412328605014,413.1179622629309,38000.0
2007-11-05,False,daily,812.0,838.5,788.01,836.25,22200.0,391.30693763560635,404.07742266928074,379.746034391914,402.9931362041574,22200.0
2007-11-02,False,daily,817.26,823.99,752.31,800.15,14600.0,393.8417584385168,397.0849797319745,362.5420224786244,385.5963622526237,14600.0
2007-11-01,False,daily,845.0,846.96,812.02,817.99,48800.0,407.209805790748,408.15433977814433,391.3165757375186,394.19354915831235,48800.0
2007-10-31,False,daily,824.0,849.0,823.15,849.0,16300.0,397.0897987829306,409.1374261731894,396.6801794516618,409.1374261731894,16300.0
2007-10-30,False,daily,819.0,825.0,817.0,817.0,8800.0,394.6802733048788,397.571703878541,393.7164631136581,393.7164631136581,8800.0
2007-10-29,False,daily,806.0,820.0,804.0,818.6,20200.0,388.41550706194425,395.1621784004892,387.45169687072354,394.4875112666347,20200.0
2007-10-26,False,daily,806.0,815.0,799.935,801.51,19700.0,388.41550706194425,392.75265292243745,385.49275265706746,386.2517531826538,19700.0
2007-10-25,False,daily,798.0,806.0,780.57,801.07,15600.0,384.56026629706145,388.41550706194425,376.16066048057303,386.0397149405852,15600.0
2007-10-24,False,daily,790.0,796.0,726.93,796.0,11400.0,379.7332587945292,382.6173088613231,349.41708584241405,382.6173088613231,11400.0
2007-10-23,False,daily,783.5,798.54,783.5,791.0,9100.0,376.60887122216917,383.8382233895992,376.60887122216917,380.21393380566155,9100.0
2007-10-22,False,daily,785.0,785.0,774.4001,781.7,14000.0,377.32988373886764,377.32988373886764,372.2347766883662,375.74365620213104,14000.0
2007-10-19,False,daily,799.77,799.77,770.0,790.07,16600.0,384.42945365329194,384.42945365329194,370.1197585718829,379.76690604530853,16600.0
2007-10-18,False,daily,800.0,805.36,797.01,799.77,15700.0,384.5400089058524,387.1164269655216,383.1027906225668,384.42945365329194,15700.0
2007-10-17,False,daily,803.15,805.7,796.1,800.8,21100.0,386.05413519091917,387.2798564693066,382.66537636243635,384.9245489147582,21100.0
2007-10-16,False,daily,802.64,806.93,799.52,800.25,7100.0,385.8089909352417,387.8710867329993,384.3092849005089,384.66017765863546,7100.0
2007-10-15,False,daily,802.03,808.85,799.85,804.45,11900.0,385.51577917845094,388.79398275437336,384.46790765418257,386.6790127053912,11900.0
2007-10-12,False,daily,803.46,806.01,792.9,802.03,16400.0,386.2031444443702,387.4288657227576,381.1272163268129,385.51577917845094,16400.0
2007-10-11,False,daily,802.8,809.7,794.0,804.21,13200.0,385.88589893702283,389.2025565138359,381.6559588390585,386.5636507027194,13200.0
2007-10-10,False,daily,789.43,808.55,789.43,800.74,9400.0,379.45927403818376,388.64978025103363,379.45927403818376,384.8957084140903,9400.0
2007-10-09,False,daily,808.54,808.89,798.15,801.0,13400.0,388.64497350092233,388.8132097548187,383.6507601352576,385.0206839169847,13400.0
2007-10-08,False,daily,809.5,809.5,796.25,804.95,9600.0,389.10642151160937,389.10642151160937,382.7374776141062,386.91935021095736,9600.0
2007-10-05,False,daily,810.0,816.0,806.04,811.9,13800.0,389.34675901717554,392.2308090839694,387.4432859730916,390.2600415383269,13800.0
2007-10-04,False,daily,809.69,809.69,798.0,804.82,13200.0,389.1977497637246,389.1977497637246,383.57865888358776,386.8568624595102,13200.0
2007-10-03,False,daily,806.02,809.45,796.2,805.13,23700.0,387.4336724728689,389.08238776105276,382.7134438635496,387.00587171296115,23700.0
2007-10-02,False,daily,814.845,819.98,806.0,808.83,12600.0,391.6756294461116,394.143895628276,387.42405897264626,388.78436925415076,12600.0
2007-10-01,False,daily,802.25,821.03,795.25,815.36,30400.0,385.6215276809001,394.648604389965,382.2568026029739,391.92317707684475,30400.0
2007-09-28,False,daily,806.19,808.84,790.21,802.8,27200.0,387.51538722476147,388.78917600426206,379.834200546867,385.88589893702283,27200.0
2007-09-27,False,daily,800.79,805.38,789.95,804.01,27000.0,384.9197421646469,387.1260404657442,379.70922504397265,386.467515700493,27000.0
2007-09-26,False,daily,796.38,802.5,795.0201,800.0,13800.0,382.7999653655534,385.74169643368316,382.14629541791453,384.5400089058524,13800.0
2007-09-25,False,daily,796.78,800.96,784.51,794.0,7900.0,382.9922353700063,385.00145691653944,377.0943529834128,381.6559588390585,7900.0
2007-09-24,False,daily,800.5,804.5,796.9,798.8,19400.0,384.7803464114185,386.7030464559478,383.0499163713422,383.9631988924936,19400.0
2007-09-21,False,daily,800.0,804.89,795.6901,798.4,37600.0,384.5400089058524,386.8905097102894,382.46834767537325,383.77092888804066,37600.0
2007-09-20,False,daily,787.27,800.0,787.02,793.37,18700.0,378.421016014138,384.5400089058524,378.30084726135493,381.35313358204513,18700.0
2007-09-19,False,daily,780.0,797.99,775.0,786.5,20800.0,374.92650868320607,383.5738521334764,372.5231336275445,378.0508962555661,20800.0
2007-09-18,False,daily,765.0,777.54,760.5,775.25,14400.0,367.71638351622136,373.74404815582056,365.5533459661259,372.64330238032755,14400.0
2007-09-17,False,daily,770.6,775.0,758.5,762.75,15300.0,370.4081635785623,372.5231336275445,364.59199594386126,366.63486474117366,15300.0
2007-09-14,False,daily,768.0,774.98,766.0,771.51,8500.0,369.1584085496183,372.51352012732184,368.19705852735365,370.8455778386927,8500.0
2007-09-13,False,daily,784.0,788.0,754.0,772.06,36900.0,376.84920872773534,378.7719087722646,362.42895839376587,371.1099490948155,36900.0
2007-09-12,False,daily,780.88,783.82,771.8,779.03,8700.0,375.34950269300253,376.76268722573155,370.98497359192106,374.46025392240773,8700.0
2007-09-11,False,daily,787.07,794.0,766.41,781.5,19100.0,378.32488101191154,381.6559588390585,368.3941352819179,375.64752119990453,19100.0
2007-09-10,False,daily,796.92,806.11,775.02,782.1,21200.0,383.05952987156485,387.47693322387084,372.53274712776715,375.93592620658393,21200.0
2007-09-07,False,daily,782.0,800.0,779.25,795.0,28700.0,375.8878587054707,384.5400089058524,374.56600242485683,382.1366338501908,28700.0
2007-09-06,False,daily,783.38,789.93,775.1,789.91,16000.0,376.5511902208333,379.69961154374994,372.5712011286577,379.6899980435273,16000.0
2007-09-05,False,daily,767.25,786.99,761.25,779.87,15100.0,368.79790229126905,378.286427011021,365.91385222447514,374.8640209317589,15100.0
2007-09-04,False,daily,765.87,774.84,760.0,772.11,16100.0,368.13457077590647,372.44622562576336,365.3130084605598,371.1339828453721,16100.0
2007-08-31,False,daily,776.2,781.0,759.05,765.65,15400.0,373.0999436409033,375.4071836943384,364.85636719998405,368.0288222734573,15400.0
2007-08-30,False,daily,785.46,791.0,766.39,771.25,28500.0,377.55099424398855,380.21393380566155,368.38452178169524,370.72060233579833,28500.0
2007-08-29,False,daily,758.0,790.45,755.0,790.45,18300.0,364.35165843829515,379.94956254953877,362.90963340489816,379.94956254953877,18300.0
2007-08-28,False,daily,774.0,779.98,752.6,753.25,24200.0,372.0424586164122,374.9168951829834,361.7560133781806,362.06845213541663,24200.0
2007-08-27,False,daily,788.0,792.0,775.44,778.77,16200.0,378.7719087722646,380.69460881679385,372.73463063244276,374.3352784195133,16200.0
2007-08-24,False,daily,766.01,792.67,766.01,792.67,13500.0,368.20186527746495,381.0166610742525,368.20186527746495,381.0166610742525,13500.0
2007-08-23,False,daily,783.0,789.98,766.89,768.0,25700.0,376.368533716603,379.7236452943066,368.6248592872614,369.1584085496183,25700.0
2007-08-22,False,daily,806.0,813.01,778.53,779.59,17300.0,387.42405897264626,390.7935908006838,374.21991641684156,374.7294319286418,17300.0
2007-08-21,False,daily,787.75,801.97,783.0,801.31,13800.0,378.6517400194815,385.48693867778303,376.368533716603,385.16969317043566,13800.0
2007-08-20,False,daily,798.23,798.23,774.41,790.9,9100.0,383.68921413614817,383.68921413614817,372.2395353709764,380.1658663045483,9100.0
2007-08-17,False,daily,808.0,810.0,789.36,795.0,17500.0,388.3854089949109,389.34675901717554,379.42562678740455,382.1366338501908,17500.0
2007-08-16,False,daily,788.0,801.34,787.02,793.0,16400.0,378.7719087722646,385.1841134207697,378.30084726135493,381.1752838279262,16400.0
2007-08-15,False,daily,791.31,802.0,789.97,790.0,9600.0,380.3629430591125,385.501358928117,379.71883854419525,379.7332587945292,9600.0
2007-08-14,False,daily,792.47,801.01,788.73,791.31,14100.0,380.92052607202606,385.025490667096,379.1228015303912,380.3629430591125,14100.0
2007-08-13,False,daily,797.6,804.94,788.18,792.47,18800.0,383.3863888791348,386.91454346084606,378.8584302742684,380.92052607202606,18800.0
2007-08-10,False,daily,810.0,819.09,780.6,792.75,33400.0,389.34675901717554,393.7160948683683,375.21491368988546,381.0551150751431,33400.0
2007-08-09,False,daily,835.0,885.23,795.29,814.9,85300.0,401.36363429548345,425.5079401046596,382.27602960341915,391.7020665717239,85300.0
2007-08-08,False,daily,799.0,841.74,797.1,839.0,70300.0,384.05933389472006,404.60338387051524,383.1460513735687,403.2863343400127,70300.0
2007-08-07,False,daily,790.0,809.0,790.0,795.5,33600.0,379.7332587945292,388.8660840060432,379.7332587945292,382.37697135575695,33600.0
2007-08-06,False,daily,822.0,825.0,793.0,794.5,50600.0,395.1148591507633,396.55688418416025,381.1752838279262,381.89629634462466,50600.0
2007-08-03,False,daily,787.0,850.0,784.0,825.5,62800.0,378.2912337611323,408.57375946246816,376.84920872773534,396.7972216897264,62800.0
2007-08-02,False,daily,792.5,793.0,790.01,791.9,21000.0,380.93494632236,381.1752838279262,379.73806554464056,380.6465413156806,21000.0
2007-08-01,False,daily,790.75,794.46,786.19,793.15,36400.0,380.09376505287844,381.87706934417935,377.90188700211513,381.24738507959603,36400.0
2007-07-31,False,daily,790.0,794.63,785.57,790.75,15500.0,379.7332587945292,381.95878409607184,377.6038684952131,380.09376505287844,15500.0
2007-07-30,False,daily,787.86,791.97,781.71,787.03,22100.0,378.7046142707061,380.6801885664599,375.74846295224233,378.30565401146623,22100.0
2007-07-27,False,daily,782.0,793.83,782.0,790.0,59600.0,375.8878587054707,381.574244087166,375.8878587054707,379.7332587945292,59600.0
2007-07-26,False,daily,782.51,789.98,779.42,786.45,30000.0,376.1330029611482,379.7236452943066,374.6477171767493,378.02686250500955,30000.0
2007-07-25,False,daily,792.0,792.0,786.02,787.3,37500.0,379.70485111473374,379.70485111473374,376.8378877186907,377.45155212453267,37500.0
2007-07-24,False,daily,784.6,791.0,784.6,790.14,35200.0,376.15710376845976,379.2254257976697,376.15710376845976,378.8131200249946,35200.0
2007-07-23,False,daily,790.0,792.97,787.02,789.5,26600.0,378.74600048060563,380.1698936722859,377.31731303575475,378.5062878220736,26600.0
2007-07-20,False,daily,790.1,794.0,787.99,789.0,15000.0,378.79394301231207,380.66370174886185,377.7823555933069,378.2665751635416,15000.0
2007-07-19,False,daily,794.08,794.08,789.35,790.31,15800.0,380.702055774227,380.702055774227,378.434374024514,378.8946223288955,15800.0
2007-07-18,False,daily,791.4,792.95,787.1301,792.8,17000.0,379.41719592449533,380.16030516594464,377.37009776316347,380.088391368385,17000.0
2007-07-17,False,daily,793.13,794.94,789.25,792.0,10500.0,380.24660172301617,381.1143615469021,378.3864314928076,379.70485111473374,10500.0
2007-07-16,False,daily,795.5,798.46,789.0,793.45,9900.0,381.38283972445794,382.8019386629676,378.2665751635416,380.40001782447666,9900.0
2007-07-13,False,daily,787.12,800.0,787.12,800.0,10400.0,377.36525556746113,383.54025365124625,377.36525556746113,383.54025365124625,10400.0
2007-07-12,False,daily,781.0,786.85,780.0,786.85,15500.0,374.4311726270291,377.23581073185386,373.95174730996507,377.23581073185386,15500.0
2007-07-11,False,daily,768.0,779.75,768.0,779.75,17800.0,368.1986435051964,373.83189098069903,368.1986435051964,373.83189098069903,17800.0
2007-07-10,False,daily,771.0,775.57,768.79,769.0,9200.0,369.63691945638857,371.8278931553713,368.57738950567693,368.67806882226046,9200.0
2007-07-09,False,daily,782.98,782.98,775.3,775.8,8300.0,375.38043475481595,375.38043475481595,371.698448319764,371.938160978296,8300.0
2007-07-06,False,daily,775.33,781.5,772.37,780.0,10300.0,371.71283107927593,374.67088528556116,370.2937321407663,373.95174730996507,10300.0
2007-07-05,False,daily,778.99,778.99,770.0,777.34,13700.0,373.4675277397304,373.4675277397304,369.1574941393245,372.6764759665747,13700.0
2007-07-03,False,daily,778.9699,782.3,776.0,778.01,9700.0,373.4578912908574,375.0544255392124,372.03404604170885,372.9976909290076,9700.0
2007-07-02,False,daily,779.5,779.5,775.0,777.68,11400.0,373.71203465143304,373.71203465143304,371.5546207246448,372.8394805743764,11400.0
2007-06-29,False,daily,779.0,779.0,773.36,776.09,10400.0,373.472321992901,373.472321992901,370.76836320465975,372.0771943202446,10400.0
2007-06-28,False,daily,775.25,777.99,771.03,775.39,18500.0,371.6744770539108,372.9881024226663,369.65130221590044,371.74159659829974,18500.0
2007-06-27,False,daily,767.0,775.78,763.58,774.75,17900.0,367.7192181881323,371.92857247195474,366.07958360377324,371.43476439537875,17900.0
2007-06-26,False,daily,774.0,774.6699,771.5,771.7,13200.0,371.07519540758074,371.3963624274819,369.8766321149206,369.9725171783334,13200.0
2007-06-25,False,daily,770.79,774.82,765.33,772.0,16500.0,369.5362401398051,371.46832416757326,366.91857790863537,370.1163447734526,16500.0
2007-06-22,False,daily,770.0,773.15,766.16,771.5,40800.0,369.1574941393245,370.6676838880763,367.3165009217985,369.8766321149206,40800.0
2007-06-21,False,daily,769.5,777.4,769.5,772.0,18200.0,368.9177814807925,372.7052414855985,368.9177814807925,370.1163447734526,18200.0
2007-06-20,False,daily,769.0,774.99,768.0,772.69,16800.0,368.67806882226046,371.54982647147415,368.1986435051964,370.44714824222683,16800.0
2007-06-19,False,daily,775.0,775.48,772.41,773.65,17100.0,371.5546207246448,371.78474487683553,370.31290915344886,370.9073965466083,17100.0
2007-06-18,False,daily,773.5,774.86,770.11,772.0,23000.0,370.8354827490487,371.48750118025583,369.21023092420154,370.1163447734526,23000.0
2007-06-15,False,daily,774.0,774.91,769.99,772.3,15300.0,371.07519540758074,371.511472446109,369.15269988615387,370.2601723685718,15300.0
2007-06-14,False,daily,769.04,772.0,764.15,772.0,14100.0,368.697245834943,370.1163447734526,366.3528560344997,370.1163447734526,14100.0
2007-06-13,False,daily,765.25,768.97,761.7,766.56,16000.0,366.8802238832702,368.6636860627485,365.1782640076928,367.5082710486241,16000.0
2007-06-12,False,daily,762.5,767.0,759.95,765.25,21000.0,365.56180426134404,367.7192181881323,364.33926970283073,366.8802238832702,21000.0
2007-06-11,False,daily,761.55,765.0,760.0,762.5,15200.0,365.1063502101332,366.7603675540042,364.3632409686839,365.56180426134404,15200.0
2007-06-08,False,daily,767.0,767.0,763.01,765.0,15100.0,367.7192181881323,367.7192181881323,365.8063111730467,366.7603675540042,15100.0
2007-06-07,False,daily,770.0,775.0,765.57,768.7,15200.0,369.1574941393245,371.5546207246448,367.0336399847307,368.53424122714125,15200.0
2007-06-06,False,daily,765.22,769.01,764.69,768.76,7500.0,366.8658411237583,368.68286307543104,366.6117457057144,368.56300674616506,7500.0
2007-06-05,False,daily,773.82,774.76,764.38,768.0,10400.0,370.9888988505092,371.4395586485494,366.4631238574245,368.1986435051964,10400.0
2007-06-04,False,daily,767.0,778.11,767.0,774.52,11100.0,367.7192181881323,373.045633460714,367.7192181881323,371.324496572454,11100.0
2007-06-01,False,daily,769.97,771.97,765.01,771.74,12500.0,369.1431113798126,370.1019620139407,366.7651618071748,369.99169419101594,12500.0
2007-05-31,False,daily,765.99,769.0,763.01,769.0,17100.0,367.23499861789765,368.67806882226046,365.8063111730467,368.67806882226046,17100.0
2007-05-30,False,daily,761.4,766.0,761.4,764.05,14200.0,365.0344364125736,367.23979287106823,365.0344364125736,366.30491350279334,14200.0
2007-05-29,False,daily,767.0,767.0,762.29,763.8,10500.0,367.7192181881323,367.7192181881323,365.46112494476057,366.1850571735273,10500.0
2007-05-25,False,daily,764.58,766.0,764.0,764.28,7200.0,366.5590089208373,367.23979287106823,366.2809422369401,366.41518132571804,7200.0
2007-05-24,False,daily,763.5,765.0,762.34,764.94,12100.0,366.0412295784081,366.7603675540042,365.48509621061385,366.73160203498037,12100.0
2007-05-23,False,daily,763.0,766.74,760.3,764.85,14700.0,365.80151691987606,367.59456760569566,364.5070685638031,366.6884537564446,14700.0
2007-05-22,False,daily,765.0,767.64,760.3,766.0,12500.0,366.7603675540042,368.02605039105333,364.5070685638031,367.23979287106823,12500.0
2007-05-21,False,daily,765.68,769.9,764.63,767.97,13500.0,367.08637676960774,369.1095516076181,366.5829801866905,368.18426074568447,13500.0
2007-05-18,False,daily,765.5,767.6,763.16,767.49,18800.0,367.0000802125362,368.00687337837076,365.8782249706063,367.95413659349373,18800.0
2007-05-17,False,daily,763.0,765.49,760.0,765.0,21000.0,365.80151691987606,366.9952859593656,364.3632409686839,366.7603675540042,21000.0
2007-05-16,False,daily,764.99,765.5,764.0,765.5,16000.0,366.7555733008336,367.0000802125362,366.2809422369401,367.0000802125362,16000.0
2007-05-15,False,daily,762.65,765.6,762.65,764.59,20900.0,365.63371805890364,367.04802274424264,365.63371805890364,366.56380317400794,20900.0
2007-05-14,False,daily,763.5,765.0,761.06,764.14,16500.0,366.0412295784081,366.7603675540042,364.87143180477176,366.3480617813291,16500.0
2007-05-11,False,daily,761.94,764.85,757.0,760.73,17600.0,365.2933260837882,366.6884537564446,362.92496501749173,364.7132214501407,17600.0
2007-05-10,False,daily,761.45,763.93,758.01,761.12,23000.0,365.0584076784268,366.2473824647456,363.40918458772643,364.9001973237957,23000.0
2007-05-09,False,daily,763.0,765.96,763.0,763.27,20400.0,365.80151691987606,367.2206158583857,365.80151691987606,365.9309617554834,20400.0
2007-05-08,False,daily,766.0,767.0,762.42,766.04,38300.0,367.23979287106823,367.7192181881323,365.5234502359789,367.2589698837508,38300.0
2007-05-07,False,daily,766.0,766.74,762.76,765.13,22400.0,367.23979287106823,367.59456760569566,365.6864548437807,366.82269284522255,22400.0
2007-05-04,False,daily,764.5,766.55,762.0,766.55,28800.0,366.52065489547215,367.5034767954535,365.322091602812,367.5034767954535,28800.0
2007-05-03,False,daily,769.0,770.93,767.5,768.9,34800.0,368.67806882226046,369.60335968419406,367.9589308466643,368.630126290554,34800.0
2007-05-02,False,daily,763.0,771.91,762.0,768.14,20800.0,365.80151691987606,370.07319649491683,365.322091602812,368.26576304958536,20800.0
2007-05-01,False,daily,744.7,766.65,744.01,765.3,43200.0,357.02803361760385,367.55141932715986,356.69723014882965,366.9041951491234,43200.0
2007-04-30,False,daily,744.2,747.95,743.03,744.0,9300.0,356.7883209590718,358.58616589806206,356.2273933381068,356.692435895659,9300.0
2007-04-27,False,daily,741.3,745.5,741.3,744.19,9400.0,355.397987539586,357.4115738712551,355.397987539586,356.7835267059012,9400.0
2007-04-26,False,daily,743.0,745.99,740.5,742.45,8600.0,356.21301057859495,357.64649227661647,355.0144472859348,355.9493266542097,8600.0
2007-04-25,False,daily,743.0,745.98,743.0,744.71,6300.0,355.23216884362364,356.6569223606546,355.23216884362364,356.0497287476918,6300.0
2007-04-24,False,daily,751.21,751.21,743.0,743.0,8100.0,359.1574125935647,359.1574125935647,355.23216884362364,355.23216884362364,8100.0
2007-04-23,False,daily,751.49,756.0,746.95,748.71,7800.0,359.2912820515407,361.4475365353694,357.1206844115003,357.9621495759213,7800.0
2007-04-20,False,daily,756.7,756.89,750.2,754.4,11600.0,361.7822101803096,361.87305016965047,358.67452633443673,360.68256820407765,11600.0
2007-04-19,False,daily,753.39,755.59,750.02,754.59,5100.0,360.1996819449497,361.2515134004759,358.58846739716637,360.77340819341856,5100.0
2007-04-18,False,daily,751.0,756.96,740.1,755.0,14600.0,359.0570105000826,361.90651753414454,353.84566374315733,360.96943132831206,14600.0
2007-04-17,False,daily,755.25,756.4,752.0,755.0,5600.0,361.08895763007644,361.63877861819236,359.53511570714,360.96943132831206,5600.0
2007-04-16,False,daily,750.0,756.99,750.0,755.5,16200.0,358.57890529302523,361.9208606903562,358.57890529302523,361.20848393184076,16200.0
2007-04-13,False,daily,744.2,748.33,742.02,748.33,19000.0,355.8058950920925,357.78046959723946,354.7636257407074,357.78046959723946,19000.0
2007-04-12,False,daily,747.1,747.1,734.02,744.2,16800.0,357.19240019255886,357.19240019255886,350.9387840842485,355.8058950920925,16800.0
2007-04-11,False,daily,751.46,752.5,745.59,749.0,3400.0,359.276938895329,359.77416831066864,356.47046132990226,358.1008000859679,3400.0
2007-04-10,False,daily,747.9,756.99,731.25,750.0,13800.0,357.57488435820477,361.9208606903562,349.6144326606996,358.57890529302523,13800.0
2007-04-09,False,daily,752.14,753.6799,743.42,747.5,10000.0,359.60205043612797,360.3382846444756,355.43297303058773,357.3836422753818,10000.0
2007-04-05,False,daily,747.54,755.93,747.54,751.76,4100.0,357.4027664836641,361.4140691708754,357.4027664836641,359.4203704574462,4100.0
2007-04-04,False,daily,754.7,757.0,745.25,747.0,19200.0,360.82599976619485,361.9256417424268,356.30790555950273,357.1445896718531,19200.0
2007-04-03,False,daily,761.0,762.68,749.03,755.35,22900.0,363.8380625706563,364.6412793185126,358.11514324217956,361.13676815078213,22900.0
2007-04-02,False,daily,763.3,763.3,753.03,760.0,9000.0,364.9377045468882,364.9377045468882,360.027564070409,363.3599573635989,9000.0
2007-03-30,False,daily,765.0,766.0,762.02,763.5,18200.0,365.75048339888576,366.2285886059431,364.3257298818548,365.0333255882997,18200.0
2007-03-29,False,daily,760.0,764.76,759.11,764.76,9200.0,363.3599573635989,365.635738149192,362.9344437293179,365.635738149192,9200.0
2007-03-28,False,daily,760.0,763.0,757.1,759.74,24000.0,363.3599573635989,364.794272984771,361.9734522631326,363.235650009764,24000.0
2007-03-27,False,daily,757.29,763.0,754.0,763.0,18300.0,362.0642922524734,364.794272984771,360.4913261212547,364.794272984771,18300.0
2007-03-26,False,daily,765.0,770.0,758.92,761.97,30100.0,365.75048339888576,368.1410094341726,362.8436037399769,364.3018246215019,30100.0
2007-03-23,False,daily,769.99,769.99,765.55,767.0,14200.0,368.136228382102,368.136228382102,366.0134412627673,366.70669381300047,14200.0
2007-03-22,False,daily,763.0,768.99,763.0,768.8,12600.0,364.794272984771,367.65812317504464,364.794272984771,367.56728318570373,12600.0
2007-03-21,False,daily,762.0,763.49,761.5,763.0,8900.0,364.31616777771364,365.0285445362291,364.07711517418494,364.794272984771,8900.0
2007-03-20,False,daily,760.0,762.0,759.01,762.0,5500.0,363.3599573635989,364.31616777771364,362.8866332086121,364.31616777771364,5500.0
2007-03-19,False,daily,761.0,764.0,760.99,761.9,8100.0,363.8380625706563,365.27237819182835,363.8332815185857,364.2683572570079,8100.0
2007-03-16,False,daily,761.5,761.75,759.0,759.88,26600.0,364.07711517418494,364.1966414759493,362.8818521565415,363.302584738752,26600.0
2007-03-15,False,daily,751.66,760.12,751.66,759.0,41600.0,359.37255993674046,363.4173299884458,359.37255993674046,362.8818521565415,41600.0
2007-03-14,False,daily,748.5,753.9,748.5,753.9,13600.0,357.86174748243917,360.44351560054895,357.86174748243917,360.44351560054895,13600.0
2007-03-13,False,daily,742.0,751.28,742.0,746.61,19600.0,354.7540636365663,359.19087995805864,354.7540636365663,356.95812864110076,19600.0
2007-03-12,False,daily,741.5,747.24,727.0,746.1,19600.0,354.51501103303764,357.2593349215469,347.5824855307058,356.7142949855015,19600.0
2007-03-09,False,daily,749.95,751.99,745.19,746.12,15400.0,358.5550000326724,359.5303346550694,356.2792192470793,356.72385708964265,15400.0
2007-03-08,False,daily,754.0,754.0,746.21,748.5,17000.0,360.4913261212547,360.4913261212547,356.7668865582778,357.86174748243917,17000.0
2007-03-07,False,daily,753.47,755.99,750.0,751.56,35900.0,360.2379303615143,361.44275548329887,358.57890529302523,359.3247494160347,35900.0
2007-03-06,False,daily,757.22,757.22,752.0,755.5,24900.0,362.03082488797946,362.03082488797946,359.53511570714,361.20848393184076,24900.0
2007-03-05,False,daily,762.0,763.99,755.61,755.61,29600.0,364.31616777771364,365.2675971397578,361.26107550461705,361.26107550461705,29600.0
2007-03-02,False,daily,765.1,769.0,761.92,765.6,17600.0,365.79829391959146,367.6629042271152,364.27791936114903,366.03734652312016,17600.0
2007-03-01,False,daily,760.0,769.22,754.05,767.5,31600.0,363.3599573635989,367.7680873726678,360.5152313816075,366.9457464165292,31600.0
2007-02-28,False,daily,771.25,771.25,764.01,766.0,13000.0,368.73864094299427,368.73864094299427,365.27715924389895,366.2285886059431,13000.0
2007-02-27,False,daily,774.45,779.84,769.24,769.24,14200.0,370.2685776055779,372.84556467161707,367.77764947680896,367.77764947680896,14200.0
2007-02-26,False,daily,787.0,787.0,765.38,776.5,15600.0,376.26879795414783,376.26879795414783,365.9321633775675,371.2486932800455,15600.0
2007-02-23,False,daily,789.89,789.9,783.0,788.65,6400.0,377.6505220025436,377.65530305461414,374.35637712591836,377.05767154579246,6400.0
2007-02-22,False,daily,791.83,793.0,788.5,789.77,5700.0,378.5780461042349,379.137429196492,376.9859557647339,377.5931493776967,5700.0
2007-02-21,False,daily,793.7,796.0,788.5,791.0,9900.0,379.4721028414322,380.5717448176641,376.9859557647339,378.1812187823773,9900.0
2007-02-20,False,daily,789.7,795.98,789.7,793.86,11800.0,377.55968201320275,380.562182713523,377.55968201320275,379.54859967456133,11800.0
2007-02-16,False,daily,788.13,791.92,785.02,791.92,12800.0,376.8090568381226,378.62107557287004,375.3221496441742,378.62107557287004,12800.0
2007-02-15,False,daily,789.27,789.99,784.52,788.13,13200.0,377.354096774168,377.69833252324935,375.08309704064555,376.8090568381226,13200.0
2007-02-14,False,daily,772.77,789.27,771.25,789.27,44600.0,369.46536085772146,377.354096774168,368.73864094299427,377.354096774168,44600.0
2007-02-13,False,daily,771.0,776.0,768.11,775.1,23300.0,368.61911464122994,371.00964067651677,367.2373905928342,370.57934599016517,23300.0
2007-02-12,False,daily,772.0,773.59,768.46,773.59,21100.0,369.0972198482873,369.8574071275085,367.40472741530425,369.8574071275085,21100.0
2007-02-09,False,daily,767.4,772.0,767.0,771.3,35200.0,366.8979358958234,369.0972198482873,366.70669381300047,368.76254620334714,35200.0
2007-02-08,False,daily,759.6,766.94,759.6,766.5,21500.0,363.168715280776,366.67800750057705,363.168715280776,366.46764120947176,21500.0
2007-02-07,False,daily,756.97,760.0,754.01,758.95,8700.0,361.9112985862151,363.3599573635989,360.49610717332524,362.8579468961887,8700.0
2007-02-06,False,daily,753.5,757.25,750.5,757.25,16300.0,360.252273517726,362.04516804419114,358.81795789655393,362.04516804419114,16300.0
2007-02-05,False,daily,750.0,752.98,748.6,751.25,8100.0,358.57890529302523,360.0036588100562,357.9095580031449,359.17653680184696,8100.0
2007-02-02,False,daily,756.81,756.81,749.0,750.4,28800.0,361.83480175308586,361.83480175308586,358.1008000859679,358.7701473758482,28800.0
2007-02-01,False,daily,764.4,765.0,753.0,756.8,17100.0,365.4636202746513,365.75048339888576,360.01322091419735,361.8300207010153,17100.0
2007-01-31,False,daily,764.5,765.9951,761.82,762.7,12300.0,365.51143079535706,366.2262458904285,364.23010884044334,364.6508414226538,12300.0
2007-01-30,False,daily,761.0,763.0,759.0,762.8,16700.0,363.8380625706563,364.794272984771,362.8818521565415,364.6986519433595,16700.0
2007-01-29,False,daily,758.0,759.99,750.01,759.0,16600.0,362.4037469494842,363.35517631152834,358.5836863450958,362.8818521565415,16600.0
2007-01-26,False,daily,761.0,762.0,756.75,758.7,35200.0,362.85801128851995,363.33482864895166,360.83153750668527,361.7613313595271,35200.0
2007-01-25,False,daily,759.0,760.0,756.02,759.99,14600.0,361.9043765676566,362.3811939280883,360.4834608335701,362.37642575448393,14600.0
2007-01-24,False,daily,760.0,762.4,759.0,761.0,54700.0,362.3811939280883,363.52555559312435,361.9043765676566,362.85801128851995,54700.0
2007-01-23,False,daily,751.0,760.93,750.48,759.9,45000.0,358.089837684203,362.8246340732897,357.84189265677855,362.3335121920451,45000.0
2007-01-22,False,daily,754.0,756.93,750.55,753.5,14500.0,359.5202897654981,360.9173646315629,357.87526987200874,359.28188108528224,14500.0
2007-01-19,False,daily,761.5,761.5,754.43,755.63,8900.0,363.0964199687358,363.0964199687358,359.7253212304837,360.2975020630018,8900.0
2007-01-18,False,daily,765.0,766.4,762.87,762.87,16900.0,364.76528073024673,365.43282503485113,363.74965975252724,363.74965975252724,16900.0
2007-01-17,False,daily,766.0,766.0,761.81,763.35,11000.0,365.24209809067844,365.24209809067844,363.2442333504696,363.9785320855345,11000.0
2007-01-16,False,daily,765.9,770.8,764.0,769.0,9500.0,365.1944163546353,367.53082142075056,364.2884633698151,366.6725501719735,9500.0
2007-01-12,False,daily,764.0,766.47,762.07,766.47,11200.0,364.2884633698151,365.4662022500813,363.3682058641819,365.4662022500813,11200.0
2007-01-11,False,daily,762.0,765.75,762.0,765.75,17200.0,363.33482864895166,365.12289375057054,363.33482864895166,365.12289375057054,17200.0
2007-01-10,False,daily,760.57,762.91,759.62,762.0,11800.0,362.65297982353434,363.7687324469445,362.2000033311242,363.33482864895166,11800.0
2007-01-09,False,daily,760.95,762.9,759.02,761.08,17900.0,362.8341704204984,363.76396427334015,361.9139129148652,362.8961566773545,17900.0
2007-01-08,False,daily,758.0,761.27,749.3,760.99,18800.0,361.4275592072249,362.9867519758365,357.27924817146913,362.85324311491564,18800.0
2007-01-05,False,daily,757.0,759.9,753.0,759.0,24200.0,360.95074184679316,362.3335121920451,359.0434724050664,361.9043765676566,24200.0
2007-01-04,False,daily,750.0,764.0,750.0,758.88,20400.0,357.6130203237713,364.2884633698151,357.6130203237713,361.84715848440476,20400.0
2007-01-03,False,daily,748.0,750.5,744.0,749.5,24500.0,356.65938560290795,357.85142900398716,354.75211616118116,357.37461164355545,24500.0
2008-12-31,False,daily,388.5,391.98,380.1,390.25,26900.0,190.16771095535165,191.8711437330212,186.05597666442515,191.02432226596133,26900.0
2008-12-30,False,daily,365.0,385.35,361.5,383.7,27100.0,178.6646447843072,188.6258105962542,176.9514221630878,187.81814850339362,27100.0
2008-12-29,False,daily,386.9,386.9,355.0,366.72,26900.0,189.38452347136564,189.38452347136564,173.76972300939468,179.50657132959216,26900.0
2008-12-26,False,daily,381.0,382.56,374.55,382.23,11500.0,186.49651962416726,187.2601274210536,183.3392950793487,187.0985950024815,11500.0
2008-12-24,False,daily,365.0,378.21,365.0,376.35,7800.0,178.6646447843072,185.13083644896665,178.6646447843072,184.22038099883292,7800.0
2008-12-23,False,daily,378.0,380.69,366.48,376.53,21300.0,185.0280430916935,186.34477704914497,179.38909320699426,184.30848959078133,21300.0
2008-12-22,False,daily,398.73,399.98,372.6,384.18,20900.0,195.17521593108717,195.78708115295123,182.38478533324073,188.05310474858945,20900.0
2008-12-19,False,daily,390.0,395.93,373.8,394.0,58100.0,190.90194922158852,193.80463783411165,182.97217594623024,192.85991793155353,58100.0
2008-12-18,False,daily,390.0,390.63,370.07,377.26,25300.0,190.90194922158852,191.21032929340802,181.14637012418785,184.66581888034997,25300.0
2008-12-17,False,daily,381.5,393.0,380.82,390.4,21500.0,186.74126571291288,192.37042575406227,186.40841103221882,191.09774609258503,21500.0
2008-12-16,False,daily,374.0,396.77,365.56,392.0,38700.0,183.0700743817285,194.2158112632043,178.9387604037023,191.88093357657104,38700.0
2008-12-15,False,daily,380.0,380.0,357.12,369.48,27100.0,186.007027446676,186.007027446676,174.80744642567615,180.85756973946803,27100.0
2008-12-12,False,daily,379.0,387.53,373.88,386.4,20300.0,185.51753526918475,189.6929035431851,183.01133532042954,189.13977738262,20300.0
2008-12-11,False,daily,398.5,402.64,379.21,379.99,31100.0,195.06263273026417,197.08913034507796,185.6203286264579,186.0021325249011,31100.0
2008-12-10,False,daily,402.0,419.85,394.24,398.5,34400.0,196.77585535148356,205.5132907197024,192.97739605415143,195.06263273026417,34400.0
2008-12-09,False,daily,404.0,423.31,394.847,399.8,36500.0,197.75483970646607,207.20693365382215,193.27451780588862,195.6989725610028,36500.0
2008-12-08,False,daily,407.0,410.07,396.99,409.0,30600.0,199.22331623893982,200.72605722383796,194.3234995422524,200.20230059392233,30600.0
2008-12-05,False,daily,395.78,402.32,382.65,402.32,28300.0,193.73121400748795,196.93249284828076,187.3041817170278,196.93249284828076,28300.0
2008-12-04,False,daily,393.0,420.7,385.99,400.75,64300.0,192.37042575406227,205.92935907056997,188.93908558984862,196.1639901296195,64300.0
2008-12-03,False,daily,375.0,400.05,371.44,400.05,58000.0,183.55956655921975,195.82134560537563,181.81697440735087,195.82134560537563,58000.0
2008-12-02,False,daily,359.0,379.7,354.0,379.7,40800.0,175.72769171935968,185.8601797934286,173.28023083190342,185.8601797934286,40800.0
2008-12-01,False,daily,395.0,395.0,352.37,354.25,36900.0,193.34941010904478,193.34941010904478,172.4823585825927,173.40260387627623,36900.0
2008-11-28,False,daily,391.73,395.9,381.81,395.9,16300.0,191.7487706886484,193.7899530687869,186.89300828793517,193.7899530687869,16300.0
2008-11-26,False,daily,375.0,384.56,367.07,381.5,21700.0,183.55956655921975,188.2391117760361,179.6778935917141,186.74126571291288,21700.0
2008-11-25,False,daily,355.0,379.89,344.68,376.06,62700.0,173.76972300939468,185.95318330715196,168.71816373768496,184.07842826736047,62700.0
2008-11-24,False,daily,339.8,351.23,329.11,348.0,60800.0,166.32944191152765,171.92433750025268,161.09677053414615,170.3432777669559,60800.0
2008-11-21,False,daily,347.5,350.0,320.0,339.5,59300.0,170.0985316782103,171.32226212193842,156.63749679720084,166.18259425828026,59300.0
2008-11-20,False,daily,369.92,369.92,338.61,342.0,58000.0,181.0729462975642,181.0729462975642,165.74694622031305,167.4063247020084,58000.0
2008-11-19,False,daily,391.5,392.5,363.95,370.5,36200.0,191.6361874878254,192.12567966531665,178.1506779979414,181.3568517605091,36200.0
2008-11-18,False,daily,392.0,397.75,386.55,393.75,39800.0,191.88093357657104,194.69551359714572,189.21320120924372,192.73754488718072,39800.0
2008-11-17,False,daily,389.0,393.9,372.27,389.0,47400.0,190.41245704409727,192.81096871380439,182.2232529146686,190.41245704409727,47400.0
2008-11-14,False,daily,413.74,415.0,385.0,393.0,36300.0,202.52249351523088,203.13925365886985,188.45448833413226,192.37042575406227,36300.0
2008-11-13,False,daily,395.0,414.2,375.56,414.2,55300.0,193.34941010904478,202.74765991687684,183.83368217861482,202.74765991687684,55300.0
2008-11-12,False,daily,400.0,405.41,384.68,385.4,44500.0,195.79687099650104,198.44502367672874,188.29785083733506,188.65028520512874,44500.0
2008-11-11,False,daily,424.04,424.04,400.4,404.7,55800.0,207.56426294339076,207.56426294339076,195.99266786749754,198.09748423070994,55800.0
2008-11-10,False,daily,445.0,445.0,422.43,428.6,27300.0,217.82401898360743,217.82401898360743,206.77618053762984,209.7963472727509,27300.0
2008-11-07,False,daily,442.0,442.0,423.72,439.0,26100.0,216.35554245113366,216.35554245113366,207.40762544659358,214.8870659186599,26100.0
2008-11-06,False,daily,447.0,452.0,431.69,441.0,66300.0,218.80300333858992,221.25046422604618,211.30887810119884,215.8660502736424,66300.0
2008-11-05,False,daily,450.0,461.26,443.37,445.5,41000.0,220.2714798710637,225.78316178961518,217.02614673429667,218.06876507235305,41000.0
2008-11-04,False,daily,420.0,451.93,420.0,450.25,46400.0,205.5867145463261,221.2161997736218,205.5867145463261,220.3938529154365,46400.0
2008-11-03,False,daily,422.0,429.71,411.1625,417.0,36300.0,206.5656989013086,210.33968358976617,201.26082742774716,204.11823801385233,36300.0
2008-10-31,False,daily,397.0,438.33,396.74,426.8,105000.0,194.3283944640273,214.55910615974076,194.20112649787956,208.91526135326663,105000.0
2008-10-30,False,daily,378.0,395.0,378.0,395.0,36500.0,185.0280430916935,193.34941010904478,185.0280430916935,193.34941010904478,36500.0
2008-10-29,False,daily,369.0,379.68,356.97,372.0,47400.0,180.62261349427223,185.8503899498788,174.73402259905245,182.09109002674597,47400.0
2008-10-28,False,daily,330.0,371.0,330.0,371.0,30600.0,161.53241857211336,181.60159784925472,161.53241857211336,181.60159784925472,30600.0
2008-10-27,False,daily,346.0,350.06,322.41,322.41,45300.0,169.36429341197342,171.35163165258788,157.81717294495476,157.81717294495476,45300.0
2008-10-24,False,daily,330.0,353.9,330.0,350.5,59900.0,161.53241857211336,173.23128161415428,161.53241857211336,171.56700821068404,59900.0
2008-10-23,False,daily,345.0,361.99,327.0,356.5,73600.0,168.87480123448216,177.19127333005855,160.0639420396396,174.50396127563155,73600.0
2008-10-22,False,daily,349.0,350.62,337.51,343.5,42400.0,169.80867833596938,170.59690200045154,164.2181290119571,167.13261033927074,42400.0
2008-10-21,False,daily,350.0,369.7461,349.0,354.58,40200.0,170.29523615355097,179.90285547529848,169.80867833596938,172.52367095807458,40200.0
2008-10-20,False,daily,349.5,361.63,348.01,351.88,46300.0,170.0519572447602,175.95390357202467,169.32698609656362,171.2099648506043,46300.0
2008-10-17,False,daily,346.0,363.82,336.0,349.0,137200.0,168.34900488322467,177.01946519252832,163.48342670740894,169.80867833596938,137200.0
2008-10-16,False,daily,376.0,378.83,345.05,353.91,75000.0,182.9457394106719,184.32269803442773,167.88677495652217,172.19767722029493,75000.0
2008-10-15,False,daily,410.17,413.0,371.33,371.4,25000.0,199.57142003743428,200.94837866119013,180.67351440256593,180.70757344979663,25000.0
2008-10-14,False,daily,435.0,444.4,413.29,415.0,36900.0,211.65265064798476,216.22629413325154,201.0894804282888,201.92149429635327,36900.0
2008-10-13,False,daily,408.0,444.0,406.01,439.0,15000.0,198.51558957328226,216.03167100621894,197.54733951629493,213.59888191831106,15000.0
2008-10-10,False,daily,405.0,408.0,370.23,400.0,106000.0,197.05591612053755,198.51558957328226,180.13830080322623,194.62312703262967,106000.0
2008-10-09,False,daily,465.0,465.0,405.0,406.7,84300.0,226.249385175432,226.249385175432,197.05591612053755,197.88306441042621,84300.0
2008-10-08,False,daily,483.05,499.97,464.7,464.7,47500.0,235.03175378277942,243.26431205625966,226.10341783015753,226.10341783015753,47500.0
2008-10-07,False,daily,513.0,513.0,484.99,486.27,32700.0,249.60416041934755,249.60416041934755,235.97567594888767,236.59846995539206,32700.0
2008-10-06,False,daily,507.0,509.82,480.78,508.95,34700.0,246.6848135138581,248.05690655943815,233.9272675368692,247.63360125814216,34700.0
2008-10-03,False,daily,520.0,523.67,493.45,509.94,37800.0,253.01006514241857,254.79573233294292,240.09195508562777,248.11529349754792,37800.0
2008-10-02,False,daily,540.78,544.46,512.0,522.0,36400.0,263.12073659176366,264.9112693604639,249.11760260176598,253.98318077758174,36400.0
2008-10-01,False,daily,540.01,556.76,531.78,540.78,22700.0,262.74608707222586,270.8959305167172,258.74171623352953,263.12073659176366,22700.0
2008-09-30,False,daily,565.0,565.0,535.21,556.76,28400.0,274.9051669335894,274.9051669335894,260.4106095478343,270.8959305167172,28400.0
2008-09-29,False,daily,568.0,569.88,528.61,540.0,25700.0,276.36484038633415,277.2795690833875,257.1993279517959,262.7412214940501,25700.0
2008-09-26,False,daily,569.0,570.0,553.11,563.58,34100.0,276.8513982039157,277.3379560214973,269.1199944825445,274.2142548326236,34100.0
2008-09-25,False,daily,573.0,597.23,569.98,570.0,29700.0,278.797629474242,290.58692539424356,277.32822486514567,277.3379560214973,29700.0
2008-09-24,False,daily,575.0,583.0,566.0,569.5,15300.0,279.77074510940514,283.66320765005776,275.391724751171,277.0946771127065,15300.0
2008-09-23,False,daily,580.9,589.99,576.19,582.8,16800.0,282.6414362331364,287.06424679495296,280.34974891232724,283.5658960865414,16800.0
2008-09-22,False,daily,593.59,598.5,572.31,578.51,24800.0,288.8158549382466,291.20485382257215,278.4619045801107,281.4785630491165,24800.0
2008-09-19,False,daily,590.0,604.64,586.56,599.0,57300.0,287.06911237312875,294.192318822523,285.3953534806481,291.44813273136293,57300.0
2008-09-18,False,daily,584.0,604.74,582.13,599.4,41100.0,284.1497654676393,294.2409746042812,283.2399023487618,291.64275585839556,41100.0
2008-09-17,False,daily,585.0,600.0,580.05,582.0,27900.0,284.6363232852209,291.9346905489445,282.22786208819207,283.1766498324762,27900.0
2008-09-16,False,daily,586.0,601.86,578.97,592.0,27800.0,285.12288110280247,292.83968808964624,281.702379645204,288.04222800829194,27800.0
2008-09-15,False,daily,595.93,603.24,590.78,590.78,27300.0,289.95440023138747,293.5111378779088,287.4486274708424,287.4486274708424,27300.0
2008-09-12,False,daily,611.85,627.29,607.25,608.87,41300.0,297.70040068728616,305.21285339074564,295.46223472641094,296.2504583908931,41300.0
2008-09-11,False,daily,594.0,612.89,587.0,610.53,48600.0,289.0153436434551,298.206420817571,285.60943892038404,297.05814436807844,48600.0
2008-09-10,False,daily,605.02,613.01,597.57,598.16,39900.0,294.37721079320403,298.2648077556808,290.75235505222133,291.0394241645944,39900.0
2008-09-09,False,daily,619.5,626.0,605.02,605.02,29200.0,301.42256799178523,304.58519380606543,294.37721079320403,294.37721079320403,29200.0
2008-09-08,False,daily,583.85,617.82,583.85,617.3,22800.0,284.0767817950021,300.6051508582482,284.0767817950021,300.3521407931057,22800.0
2008-09-05,False,daily,580.99,586.07,569.08,578.8,16500.0,282.6852264367188,285.1569401500332,276.89032282932226,281.6196648162151,16500.0
2008-09-04,False,daily,601.05,601.63,583.61,584.94,23300.0,292.44557625740515,292.7277797916025,283.96000791878254,284.60712981616604,23300.0
2008-09-03,False,daily,603.0,607.59,600.96,606.32,44700.0,293.3943640016892,295.62766438438865,292.40178605382283,295.00973595606007,44700.0
2008-09-02,False,daily,601.0,609.33,599.71,605.58,15700.0,292.4212483665261,296.4742749869806,291.79358878184587,294.64968317104973,15700.0
2008-08-29,False,daily,599.0,603.33,595.38,596.5,19200.0,291.44813273136293,293.5549280814912,289.68679343171766,290.231738187409,19200.0
2008-08-28,False,daily,599.85,603.27,597.35,603.25,16500.0,291.86170687630727,293.5257346124362,290.64531233235334,293.5160034560846,16500.0
2008-08-27,False,daily,600.62,604.014,596.0,599.85,16700.0,292.23635639584506,293.88773362871694,289.9884592786182,291.86170687630727,16700.0
2008-08-26,False,daily,603.8,605.98,592.32,600.62,14900.0,293.78361025575447,294.84430629808236,288.19792650991803,292.23635639584506,14900.0
2008-08-25,False,daily,607.01,612.39,601.6,601.6,10500.0,295.34546085019133,297.9631419087802,292.713183057075,292.713183057075,10500.0
2008-08-22,False,daily,607.5,618.99,603.15,610.01,16600.0,295.58387418080633,301.1744235048186,293.46734767432645,296.80513430293604,16600.0
2008-08-21,False,daily,605.0,610.76,602.77,605.5,15200.0,294.36747963685235,297.1700526661222,293.28245570364544,294.6107585456432,15200.0
2008-08-20,False,daily,614.99,615.76,602.76,608.03,17500.0,299.2281922344923,299.6028417540301,293.27759012546966,295.8417498241245,17500.0
2008-08-19,False,daily,622.72,625.6,610.67,613.47,23600.0,302.9892841643979,304.3905706790328,297.1262624625399,298.48862435176835,23600.0
2008-08-18,False,daily,633.5,633.5,616.18,622.72,25000.0,308.23437743792726,308.23437743792726,299.80719603741437,302.9892841643979,25000.0
2008-08-15,False,daily,630.0,634.86,627.35,631.8,26900.0,306.5314250763917,308.89609606983817,305.24204685980055,307.40722914803854,26900.0
2008-08-14,False,daily,624.14,637.73,615.53,633.25,38100.0,303.6801962653637,310.2925170062973,299.49093345598635,308.1127379835319,38100.0
2008-08-13,False,daily,643.38,643.38,620.21,627.95,43300.0,313.0415686756332,313.0415686756332,301.76802404226817,305.53398155034955,43300.0
2008-08-12,False,daily,651.5,654.34,640.0,641.5,17500.0,316.9924181543956,318.3742423563273,311.39700325220747,312.1268399785798,17500.0
2008-08-11,False,daily,657.33,666.77,645.0,656.0,22300.0,319.8290502308962,324.4221560288662,313.8297923401154,319.18192833351264,22300.0
2008-08-08,False,daily,636.75,655.9,636.75,655.05,32400.0,309.81569034506737,319.1332725517545,309.81569034506737,318.71969840681015,32400.0
2008-08-07,False,daily,640.0,646.97,632.98,636.75,28900.0,311.39700325220747,314.78831124075106,307.98136737278486,309.81569034506737,28900.0
2008-08-06,False,daily,627.0,647.67,600.05,641.05,71600.0,305.071751623647,315.12890171305816,291.9590184398236,311.9078889606681,71600.0
2008-08-05,False,daily,611.86,634.99,607.77,627.0,44700.0,297.705266265462,308.9593485861238,295.71524479155335,305.071751623647,44700.0
2008-08-04,False,daily,594.26,610.0,591.12,607.0,19200.0,289.14184867602626,296.80026872476026,287.61405712882015,295.34059527201555,19200.0
2008-08-01,False,daily,613.0,615.0,590.15,598.75,26400.0,298.25994217750497,299.2330578126681,287.142096045766,291.32649327696754,26400.0
2008-07-31,False,daily,614.78,624.32,604.97,618.25,22300.0,299.1260150928002,303.76777667252844,294.35288290232495,300.8143707198082,22300.0
2008-07-30,False,daily,609.89,614.81,602.0,614.81,25300.0,296.74674736482626,299.1406118273276,292.90780618410764,299.1406118273276,25300.0
2008-07-29,False,daily,594.0,608.7568,575.02,602.24,23000.0,289.0153436434551,296.19538004594284,279.78047626575676,293.02458006032725,23000.0
2008-07-28,False,daily,609.0,609.0,588.02,590.0,17000.0,296.3137109071787,296.3137109071787,286.1057278943172,287.06911237312875,17000.0
2008-07-25,False,daily,604.3,614.73,597.8,602.01,17700.0,294.02688916454525,299.1016872019211,290.86426335026505,292.9126717622835,17700.0
2008-07-24,False,daily,607.0,614.99,602.45,605.2,22800.0,295.34059527201555,299.2281922344923,293.1267572020194,294.4647912003687,22800.0
2008-07-23,False,daily,598.1,614.99,598.1,613.4,21300.0,289.98006358267975,298.1689337948708,289.98006358267975,297.3980454800464,21300.0
2008-07-22,False,daily,600.07,606.8,591.14,600.5,30500.0,290.935189356393,294.198131720398,286.6056090725051,291.1436685861882,30500.0
2008-07-21,False,daily,595.98,600.1,593.78,598.99,22200.0,288.9522124962472,290.9497344189368,287.88557457636443,290.41156710481414,22200.0
2008-07-18,False,daily,607.0,607.0,587.06,597.0,33500.0,294.2950988040237,294.2950988040237,284.6274805665406,289.4467446227383,33500.0
2008-07-17,False,daily,578.5,607.0,578.5,607.0,38700.0,280.4772893873603,294.2950988040237,280.4772893873603,294.2950988040237,38700.0
2008-07-16,False,daily,573.26,578.5,552.05,578.5,40200.0,277.93675179636676,280.4772893873603,267.6533925778604,280.4772893873603,40200.0
2008-07-15,False,daily,580.0,581.75,566.22,575.56,57600.0,281.20454251455317,282.0530044962781,274.5235104527419,279.0518732580624,57600.0
2008-07-14,False,daily,582.47,585.36,570.42,573.5,30600.0,282.4020859973307,283.80326035572216,276.5598192088817,278.05311229671764,30600.0
2008-07-11,False,daily,596.26,600.0,576.35,581.3,51200.0,289.0879664133232,290.90125087712397,279.434893238384,281.83482855812025,51200.0
2008-07-10,False,daily,588.0,603.95,580.0,597.0,49900.0,285.0832258595815,292.8163507787317,281.20454251455317,289.4467446227383,49900.0
2008-07-09,False,daily,586.2,603.92,571.15,589.7,56100.0,284.2105221069501,292.8018057161878,276.91374906411556,285.9074460704,56100.0
2008-07-08,False,daily,576.0,587.44,573.12,586.2,33500.0,279.265200842039,284.8117180254295,277.8688748378288,284.2105221069501,33500.0
2008-07-07,False,daily,585.9,587.52,568.0,574.5,25000.0,284.06507148151155,284.8505048588798,275.3865174970107,278.5379477148462,25000.0
2008-07-03,False,daily,578.84,588.0,574.0,588.0,21300.0,280.64213342952405,285.0832258595815,278.2955300057819,285.0832258595815,21300.0
2008-07-02,False,daily,589.0,595.39,573.23,574.25,49800.0,285.56806127771,288.66615959955135,277.922206733823,278.41673886031407,49800.0
2008-07-01,False,daily,585.0,591.32,572.81,580.45,37900.0,283.62871960519584,286.69287944776823,277.7185758582089,281.422718452711,37900.0
2008-06-30,False,daily,580.0,593.48,576.12,586.9,42600.0,281.20454251455317,287.74012395092586,279.32338109221445,284.54990689964006,42600.0
2008-06-27,False,daily,591.3,594.41,580.54,584.46,47200.0,286.68318273940565,288.1910208897854,281.46635364034256,283.36690847940645,47200.0
2008-06-26,False,daily,585.0,595.0,583.19,594.5,57900.0,283.62871960519584,288.47707378648124,282.7511674983832,288.23465607741696,57900.0
2008-06-25,False,daily,579.31,599.99,579.31,591.6,52300.0,280.87000607604443,290.89640252294265,280.87000607604443,286.8286333648442,52300.0
2008-06-24,False,daily,567.5,581.37,565.93,577.0,46000.0,275.1440997879464,281.86876703738926,274.3829081814846,279.7500362601675,46000.0
2008-06-23,False,daily,559.6,574.38,555.35,572.15,47400.0,271.31389998473094,278.4797674646708,269.25334945768464,277.3985844822441,47400.0
2008-06-20,False,daily,558.03,577.95,551.11,559.0,67000.0,270.55270837826913,280.21062990738966,267.19764728481965,271.0229987338538,67000.0
2008-06-19,False,daily,572.89,575.8201,570.06,573.18,47000.0,277.75736269165924,279.1779789503177,276.38527845835546,277.8979649629165,47000.0
2008-06-18,False,daily,579.0,580.95,572.03,576.59,28600.0,280.7197070964246,281.6651361617753,277.3404042320687,279.55125373873483,28600.0
2008-06-17,False,daily,586.92,590.1,576.16,579.76,35700.0,284.55960360800265,286.1013802376514,279.34277450893956,281.0881820142023,35700.0
2008-06-16,False,daily,590.5,592.01,582.83,589.29,24400.0,286.2953144049028,287.0274158862769,282.57662674785695,285.70866354896725,24400.0
2008-06-13,False,daily,588.0,593.5,587.71,589.95,28000.0,285.0832258595815,287.74982065928845,284.94262358832424,286.02865492493214,28000.0
2008-06-12,False,daily,585.0,597.0,584.99,588.0,25400.0,283.62871960519584,289.4467446227383,283.6238712510146,285.0832258595815,25400.0
2008-06-11,False,daily,602.38,602.38,579.44,581.26,44100.0,292.0551591722699,292.0551591722699,280.9330346804012,281.8154351413951,44100.0
2008-06-10,False,daily,602.0,608.0,595.64,600.0,50400.0,291.87092171338105,294.7799342221523,288.7873684540835,290.90125087712397,50400.0
2008-06-09,False,daily,599.0,609.13,598.0,606.0,23700.0,290.4164154589954,295.3277982446375,289.9315800408669,293.8102633858952,23700.0
2008-06-06,False,daily,610.0,610.0,596.3,596.5,21800.0,295.7496050584094,295.7496050584094,289.1073598300483,289.20432691367404,21800.0
2008-06-05,False,daily,613.0,619.69,611.43,615.0,26100.0,297.20411131279496,300.44766026007494,296.44291970633316,298.17378214905204,26100.0
2008-06-04,False,daily,612.6,618.99,608.43,610.0,33800.0,297.0101771455436,300.10827546738494,294.9884134519475,295.7496050584094,33800.0
2008-06-03,False,daily,605.0,623.32,605.0,610.69,40800.0,293.32542796776664,302.2076128278815,293.32542796776664,296.08414149691805,40800.0
2008-06-02,False,daily,623.39,626.57,599.25,604.05,53200.0,302.2415513071505,303.78332793679925,290.53762431352754,292.8648343205445,53200.0
2008-05-30,False,daily,645.0,645.0,626.65,628.42,63700.0,312.71884469290825,312.71884469290825,303.8221147702495,304.68027346033705,63700.0
2008-05-29,False,daily,628.5,640.0,618.51,638.28,13200.0,304.7190602937873,310.2946676022656,299.87555446668324,309.4607506830844,13200.0
2008-05-28,False,daily,625.0,631.58,618.1,626.01,14300.0,303.02213633033745,306.21235338162325,299.67677194525055,303.5118201026473,14300.0
2008-05-27,False,daily,621.0,626.11,621.0,623.98,15000.0,301.0827946578233,303.56030364446013,301.0827946578233,302.52760420384635,15000.0
2008-05-23,False,daily,623.5,626.96,620.02,623.0,11300.0,302.29488320314465,303.9724137498694,300.6076559480573,302.05246549408037,11300.0
2008-05-22,False,daily,620.98,628.71,620.0,625.19,17200.0,301.0730979494607,304.82087573159436,300.5979592396948,303.1142550597819,17200.0
2008-05-21,False,daily,631.6,638.88,625.0,625.5,23500.0,306.2220500899858,309.75165193396157,303.02213633033745,303.26455403940173,23500.0
2008-05-20,False,daily,652.37,652.37,625.56,636.5,32900.0,316.2920817245156,316.2920817245156,303.2936441644894,308.59774363881564,32900.0
2008-05-19,False,daily,666.01,678.65,652.0,654.99,23600.0,322.9052368277889,329.0335565129336,316.112692619808,317.5623505200124,23600.0
2008-05-16,False,daily,672.0,676.23,661.8,668.5,44000.0,325.8094009823788,327.8602548010626,320.8640797174677,324.1124770189289,44000.0
2008-05-15,False,daily,656.963,662.96,656.963,661.83,26200.0,318.51893079997996,321.42648880249686,318.51893079997996,320.8786247800116,26200.0
2008-05-14,False,daily,653.0,657.44,651.02,656.75,24700.0,316.59752803793657,318.7501972944273,315.6375539100421,318.4156608559186,24700.0
2008-05-13,False,daily,652.75,653.76,642.0,648.75,17600.0,316.4763191834044,316.96600295571426,311.2643384385226,314.53697751089027,17600.0
2008-05-12,False,daily,648.0,656.39,647.43,652.75,9600.0,314.17335094729384,318.2411201053923,313.8969947589606,316.4763191834044,9600.0
2008-05-09,False,daily,652.5,662.0,649.1,650.48,14000.0,316.3551103288723,320.9610468010934,314.70666990723527,315.3757427842527,14000.0
2008-05-08,False,daily,662.8,666.44,654.44,656.5,16500.0,321.34891513559626,323.11371605758416,317.2956910400417,318.29445200138645,16500.0
2008-05-07,False,daily,661.82,671.08,655.74,658.0,22400.0,320.87377642583033,325.36335239770057,317.92597708360876,319.02170512857924,22400.0
2008-05-06,False,daily,655.0,663.82,650.1,659.2,28700.0,317.56719887419365,321.8434472620874,315.19150532536383,319.6035076303335,28700.0
2008-05-05,False,daily,653.52,657.0,652.01,655.67,20500.0,316.8496424553634,318.53686971045073,316.1175409739893,317.89203860433975,20500.0
2008-05-02,False,daily,664.0,674.99,650.0,652.83,49800.0,321.9307176373505,327.2590588825832,315.1430217835509,316.51510601685476,49800.0
2008-05-01,False,daily,650.5,689.01,650.0,683.5,22400.0,315.3854394926152,334.0564514447453,315.1430217835509,331.38500829085706,22400.0
2008-04-30,False,daily,666.5,667.0,650.0,655.6,35800.0,323.14280618267185,323.38522389173613,315.1430217835509,317.8581001250708,35800.0
2008-04-29,False,daily,679.68,679.68,663.86,663.86,20400.0,329.532936993606,329.532936993606,321.8628406788125,321.8628406788125,20400.0
2008-04-28,False,daily,691.0,691.0,676.0,676.97,16200.0,335.0212739268211,335.0212739268211,327.74874265489296,328.2190330104777,16200.0
2008-04-25,False,daily,688.12,691.91,683.75,688.0,14100.0,333.6249479226109,335.462474157318,331.50621714538914,333.56676767243545,14100.0
2008-04-24,False,daily,675.0,690.99,674.96,690.31,21200.0,327.26390723676445,335.0164255726398,327.24451382003934,334.68673748831236,21200.0
2008-04-23,False,daily,679.84,689.48,666.26,674.0,25600.0,328.58711205564845,333.2464138916929,322.0234897596439,325.7644644703269,25600.0
2008-04-22,False,daily,681.5,685.0,678.83,679.9,27800.0,329.38943996517474,331.0810951961038,328.0989486890089,328.6161118596072,27800.0
2008-04-21,False,daily,685.0,686.0,676.48,681.5,29900.0,331.0810951961038,331.5644252620835,326.9631230339566,329.38943996517474,29900.0
2008-04-18,False,daily,713.0,713.36,681.16,689.1,24500.0,344.6143370435357,344.7883358672884,329.2251077427416,333.0627484666206,24500.0
2008-04-17,False,daily,690.0,701.0,686.0,699.38,9800.0,333.49774552600235,338.81437625177915,331.5644252620835,338.03138154489204,9800.0
2008-04-16,False,daily,684.0,694.98,678.07,693.29,16700.0,330.59776513012406,335.9047292545813,327.73161783886434,335.08790144307557,16700.0
2008-04-15,False,daily,677.62,678.0,667.49,677.67,15200.0,327.51411930917345,327.6977847342458,322.617985740799,327.53828581247245,15200.0
2008-04-14,False,daily,679.0,683.0,676.05,677.62,12500.0,328.1811148002255,330.11443506414435,326.7552911055853,327.51411930917345,12500.0
2008-04-11,False,daily,683.9,683.9,675.01,678.5,14400.0,330.54943212352606,330.54943212352606,326.2526278369664,327.9394497672356,14400.0
2008-04-10,False,daily,678.0,682.0,676.0,679.0,10100.0,327.6977847342458,329.63110499816463,326.73112460228634,328.1811148002255,10100.0
2008-04-09,False,daily,685.0,685.0,676.1,680.0,15900.0,331.0810951961038,331.0810951961038,326.7794576088843,328.6644448662052,15900.0
2008-04-08,False,daily,681.13,687.0,678.0,682.25,14200.0,329.21060784076224,332.0477553280632,327.6977847342458,329.7519375146595,14200.0
2008-04-07,False,daily,685.0,685.0,673.33,679.69,12400.0,331.0810951961038,331.0810951961038,325.4406333261205,328.5146125457515,12400.0
2008-04-04,False,daily,670.0,684.99,668.334,680.02,19300.0,323.83114420640806,331.07626189544396,323.02591631648585,328.67411146752477,19300.0
2008-04-03,False,daily,689.0,689.0,665.0,668.0,14700.0,333.01441546002263,333.01441546002263,321.4144938765095,322.8644840744486,14700.0
2008-04-02,False,daily,671.0,700.92,671.0,685.0,36100.0,324.31447427238777,338.7757098465008,324.31447427238777,331.0810951961038,36100.0
2008-04-01,False,daily,670.0,672.9,656.99,672.9,38400.0,323.83114420640806,325.2328013977492,317.54302004801195,325.2328013977492,38400.0
2008-03-31,False,daily,645.95,663.24,644.36,661.5,23500.0,312.20705611959596,320.5638329603852,311.43856131468823,319.7228386455805,23500.0
2008-03-28,False,daily,650.0,654.64,636.0,641.0,35600.0,314.16454288681376,316.40719439295964,307.3979219630978,309.81457229299633,35600.0
2008-03-27,False,daily,657.0,659.04,650.0,650.0,14700.0,317.54785334867177,318.5338466832704,314.16454288681376,314.16454288681376,14700.0
2008-03-26,False,daily,669.02,671.0,656.01,660.4,16500.0,323.3574807417479,324.31447427238777,317.06935658335186,319.1911755730028,16500.0
2008-03-25,False,daily,655.37,671.0,650.0,669.02,21700.0,316.76002534112484,324.31447427238777,314.16454288681376,323.3574807417479,21700.0
2008-03-24,False,daily,660.0,660.75,650.27,658.0,20200.0,318.9978435466109,319.3603410960957,314.29504200462827,318.0311834146515,20200.0
2008-03-20,False,daily,657.5,673.0,653.01,663.55,34400.0,317.78951838166165,325.2811344043472,315.6193663854127,320.7136652808389,34400.0
2008-03-19,False,daily,671.0,674.29,650.47,657.69,23200.0,324.31447427238777,325.904630189461,314.39170801782427,317.8813510941978,23200.0
2008-03-18,False,daily,653.0,671.09,625.0,669.9,27300.0,315.6145330847529,324.35797397832596,302.08129123732095,323.78281119981006,27300.0
2008-03-17,False,daily,654.74,660.93,642.0,647.0,38100.0,316.45552739955764,319.447340507972,310.29790235897605,312.7145526888746,38100.0
2008-03-14,False,daily,667.9,670.93,641.83,660.95,27700.0,322.8161510678506,324.28064116776915,310.21573624775954,319.4570071092917,27700.0
2008-03-13,False,daily,680.0,680.0,642.25,665.15,51600.0,328.6644448662052,328.6644448662052,310.418734875471,321.4869933864064,51600.0
2008-03-12,False,daily,704.71,704.71,685.27,686.71,30800.0,340.60753079656394,340.60753079656394,331.2115943139183,331.9075896089291,30800.0
2008-03-11,False,daily,672.0,703.12,672.0,701.9,26800.0,324.7978043383675,339.83903599165615,324.7978043383675,339.2493733111609,26800.0
2008-03-10,False,daily,692.76,692.77,671.94,677.9,25000.0,334.8317365081063,334.8365698087661,324.76880453440873,327.6494517276478,25000.0
2008-03-07,False,daily,711.0,711.53,692.79,692.79,19900.0,343.6476769115763,343.90384184654556,334.8462364100857,334.8462364100857,19900.0
2008-03-06,False,daily,725.25,740.04,708.47,708.47,13400.0,350.53513035178725,357.68358202762715,342.42485184464766,342.42485184464766,13400.0
2008-03-05,False,daily,729.75,732.82,717.8,727.08,20100.0,352.71011564869593,354.1939389512537,346.93432136023836,351.4196243725301,20100.0
2008-03-04,False,daily,701.5,727.04,696.38,727.0,31400.0,339.05604128476904,351.40029116989086,336.5813913469529,351.38095796725173,31400.0
2008-03-03,False,daily,711.44,721.88,693.84,706.25,32900.0,343.86034214060743,348.9063080294356,335.35373297936445,341.35185909817267,32900.0
2008-02-29,False,daily,731.3,733.0,715.03,724.0,26300.0,353.4592772509645,354.28093836313,345.59549707747453,349.9309677693126,26300.0
2008-02-28,False,daily,708.0,738.5,708.0,735.8,27500.0,342.19768671363715,356.9392537260184,342.19768671363715,355.63426254787316,27500.0
2008-02-27,False,daily,725.69,728.33,718.99,723.37,21200.0,350.7477955808183,352.02378695500477,347.5094841387542,349.6264698277454,21200.0
2008-02-26,False,daily,726.5,730.0,724.26,726.0,21600.0,351.13929293426185,352.8309481651909,350.0566335864673,350.897627901272,21600.0
2008-02-25,False,daily,725.03,731.5,722.01,725.8,32900.0,350.4287977372717,353.5559432641604,348.96914093801297,350.800961888076,32900.0
2008-02-22,False,daily,727.0,734.0,725.0,727.01,20400.0,351.38095796725173,354.76426842910973,350.4142978352923,351.3857912679115,20400.0
2008-02-21,False,daily,749.01,755.0,725.12,726.0,16200.0,362.0190527194652,364.9141998146837,350.47229744320987,350.897627901272,16200.0
2008-02-20,False,daily,734.01,743.99,733.69,740.96,21600.0,354.7691017297695,359.59273578824707,354.61443610865604,358.12824568832855,21600.0
2008-02-19,False,daily,745.0,749.8,733.13,736.0,15300.0,360.08089915488654,362.40088347158917,354.34377127170734,355.73092856106916,15300.0
2008-02-15,False,daily,741.876,742.97,725.53,738.9,16600.0,358.5709760287659,359.09973912094773,350.6704627702615,357.1325857524103,16600.0
2008-02-14,False,daily,743.97,746.91,738.32,739.17,10900.0,359.58306918692745,361.0040595809078,356.8522543141421,357.2630848702248,10900.0
2008-02-13,False,daily,749.2,754.97,735.08,740.14,15600.0,362.1108854320014,364.8996999127043,355.2862649003678,357.73191503422515,15600.0
2008-02-12,False,daily,744.24,747.94,737.39,746.0,10100.0,359.713568304742,361.5018895488669,356.40275735278095,360.56422922086625,10100.0
2008-02-11,False,daily,731.95,739.21,724.2,739.21,11000.0,353.7734417938513,357.28241807286406,350.02763378250853,357.28241807286406,11000.0
2008-02-08,False,daily,746.0,756.0,729.2,732.0,30700.0,360.56422922086625,365.3975298806634,352.4442841124071,353.7976082971503,30700.0
2008-02-07,False,daily,763.45,769.82,749.95,758.14,25100.0,368.9983388722123,372.0771513925031,362.47338298148617,366.43185622186,25100.0
2008-02-06,False,daily,736.99,783.6616,735.01,757.12,35300.0,356.20942532638907,378.76721283376787,355.2524317957492,365.9388595545607,35300.0
2008-02-05,False,daily,751.5,751.5,732.16,734.09,18500.0,363.2225445837547,363.2225445837547,353.874941107707,354.8077681350479,18500.0
2008-02-04,False,daily,773.75,773.75,751.91,753.82,17700.0,373.9766385518033,373.9766385518033,363.42070991080635,364.34387033682765,17700.0
2008-02-01,False,daily,742.015,760.0,742.015,758.58,26200.0,358.6381589079371,367.33085014458226,358.6381589079371,366.6445214508911,26200.0
2008-01-31,False,daily,731.1,752.2,730.31,744.0,25100.0,353.36261123776853,363.56087562994054,352.9807804856446,359.5975690889068,25100.0
2008-01-30,False,daily,745.21,747.19,733.75,733.75,16300.0,360.18239846874235,361.13939199938216,354.6434359126148,354.6434359126148,16300.0
2008-01-29,False,daily,741.2,749.13,738.0,746.6,39900.0,358.2442449041637,362.0770523273828,356.6975886930286,360.85422726045414,39900.0
2008-01-28,False,daily,729.2,739.0,726.0,738.3,22800.0,352.4442841124071,357.1809187590083,350.897627901272,356.8425877128225,22800.0
2008-01-25,False,daily,734.92,736.69,725.74,727.9,22200.0,355.208932089811,356.0644263065952,350.77196208411726,351.81595502663345,22200.0
2008-01-24,False,daily,727.1,737.54,726.0,727.1,47700.0,351.4292909738497,356.4752568626779,350.897627901272,351.4292909738497,47700.0
2008-01-23,False,daily,741.54,749.25,724.09,732.5,49500.0,357.3519045989009,361.0673928860567,348.9426606805003,352.99548253458335,49500.0
2008-01-22,False,daily,765.983,779.65,749.25,749.25,33600.0,369.13111085090475,375.71730779261145,361.0673928860567,361.0673928860567,33600.0
2008-01-18,False,daily,787.6,798.99,771.06,773.7,30000.0,379.54845330271377,385.0373523417157,371.5777430213185,372.84997247372985,30000.0
2008-01-17,False,daily,813.05,814.27,796.75,796.75,24700.0,391.8129379859972,392.40086220264186,383.9578849275485,383.9578849275485,24700.0
2008-01-16,False,daily,801.29,823.25,793.0,808.0,35200.0,386.14573406161946,396.7283699612228,382.1507408190097,389.37931725316497,35200.0
2008-01-15,False,daily,801.01,803.74,795.0,798.5,12100.0,386.0108006348486,387.3264015458648,383.11455101023034,384.8012188448666,12100.0
2008-01-14,False,daily,795.82,803.54,792.06,799.5,15300.0,383.5097131886309,387.23002052674275,381.69775002913593,385.28312394047697,15300.0
2008-01-11,False,daily,800.78,803.95,792.0,794.02,17200.0,385.8999624628582,387.42760161594305,381.6688357233993,382.6422840165322,17200.0
2008-01-10,False,daily,790.0,808.75,789.78,800.78,29700.0,380.7050255321786,389.74074607487273,380.59900641114433,385.8999624628582,29700.0
2008-01-09,False,daily,796.66,798.61,783.24,791.71,31300.0,383.91451346894354,384.85422840538376,377.44734708585264,381.5290832456723,31300.0
2008-01-08,False,daily,800.0,804.25,790.22,793.5,30800.0,385.5240764882821,387.5721731446261,380.8110446532129,382.3916933668148,30800.0
2008-01-07,False,daily,788.18,800.0,786.41,799.99,24100.0,379.8279582581677,385.5240764882821,378.97498623893745,385.519257437326,24100.0
2008-01-04,False,daily,790.72,799.99,788.41,792.0,23200.0,381.0519972010181,385.519257437326,379.9387964301581,381.6688357233993,23200.0
2008-01-03,False,daily,796.2101,800.88,782.0,800.59,26800.0,383.69770436642847,385.9481529724192,376.8497847672958,385.80840049469225,26800.0
2008-01-02,False,daily,791.79,796.35,788.7,791.3,24100.0,381.56763565332113,383.76512288930434,380.0785489078852,381.331502156472,24100.0
2009-12-31,False,daily,446.08,447.685,439.44,439.6,30000.0,222.78602742823384,223.58761363255215,219.4698078664434,219.5497167715468,30000.0
2009-12-30,False,daily,443.32,444.75,439.67,443.46,18700.0,221.40759881520046,222.12178465456196,219.58467691752952,221.4775191071659,18700.0
2009-12-29,False,daily,445.0,446.12,443.36,445.1,12900.0,222.246642318786,222.80600465450968,221.42757604147633,222.2965853844756,12900.0
2009-12-28,False,daily,445.0,445.73,439.25,445.0,23600.0,222.246642318786,222.6112266983202,219.37491604163313,222.246642318786,23600.0
2009-12-24,False,daily,441.32,445.92,441.32,445.71,8000.0,220.40873750140815,222.70611852313044,220.40873750140815,222.60123808518225,8000.0
2009-12-23,False,daily,441.78,444.345,441.32,442.27,21900.0,220.6384756035804,221.91951523851904,220.40873750140815,220.8831966254595,21900.0
2009-12-22,False,daily,439.0,444.62,439.0,441.82,37500.0,219.2500583774091,222.05685866916545,219.2500583774091,220.65845282985623,37500.0
2009-12-21,False,daily,440.22,444.84,438.53,440.5,34700.0,219.85936377882243,222.1667334136826,219.0153259686679,219.99920436275332,34700.0
2009-12-18,False,daily,435.75,450.0,426.81,438.47,92600.0,217.62690874249662,224.74379560326673,213.16199866984505,218.98536012925416,92600.0
2009-12-17,False,daily,438.9,440.87,434.2,434.6,79400.0,219.2001153117195,220.1839937058049,216.8527912243076,217.05256348706607,79400.0
2009-12-16,False,daily,428.0,442.13,427.0,440.5,64300.0,213.75632115155148,220.81327633349403,213.25689049465532,219.99920436275332,64300.0
2009-12-15,False,daily,428.71,430.69,422.79,424.25,45300.0,214.11091691794772,215.0997896186021,211.15428742912255,211.8834561881909,45300.0
2009-12-14,False,daily,420.53,433.1,420.0,429.82,46200.0,210.02557414453722,216.30341750172184,209.7608758963823,214.66528494710246,46200.0
2009-12-11,False,daily,411.79,420.09,411.79,419.76,40800.0,205.6605502032649,209.80582465550293,205.6605502032649,209.6410125387272,40800.0
2009-12-10,False,daily,412.0,415.31,409.75,414.12,49000.0,205.7654306412131,207.41854611553936,204.64171166319676,206.82422363383293,49000.0
2009-12-09,False,daily,408.06,410.98,400.71,408.5,40800.0,203.79767385304228,205.25601137117903,200.12685852485558,204.01742334207657,40800.0
2009-12-08,False,daily,409.68,413.04,403.64,409.66,58400.0,204.60675151721404,206.2848385243851,201.59019034956128,204.59676290407612,58400.0
2009-12-07,False,daily,411.75,417.99,408.8,409.53,68200.0,205.64057297698906,208.75702027602102,204.16725253914544,204.5318369186796,68200.0
2009-12-04,False,daily,418.9,425.0,411.1,411.75,71800.0,209.2115021737965,212.25802918086302,205.31594305000658,205.64057297698906,71800.0
2009-12-03,False,daily,411.88,415.83,411.0,411.33,76200.0,205.70549896238555,207.67825005712533,205.26599998431695,205.43081210109267,76200.0
2009-12-02,False,daily,410.5,415.96,408.87,410.95,54200.0,205.01628465586887,207.74317604252184,204.20221268512816,205.24102845147215,54200.0
2009-12-01,False,daily,415.4,420.68,407.01,409.65,74600.0,207.46349487466,210.10048874307168,203.2732716633013,204.59176859750713,74600.0
2009-11-30,False,daily,409.67,413.93,407.75,413.61,44100.0,204.60175721064508,206.72933180902265,203.64285034940445,206.5695139988159,44100.0
2009-11-27,False,daily,414.0,414.0,405.85,410.42,13000.0,206.7642919550054,206.7642919550054,202.69393210130178,204.9763302033172,13000.0
2009-11-25,False,daily,414.0,420.81,412.06,417.76,32500.0,206.7642919550054,210.16541472846816,205.79539648062686,208.6421512249349,32500.0
2009-11-24,False,daily,418.66,418.66,409.0,410.01,50700.0,209.09163881614145,209.09163881614145,204.26713867052464,204.77156363398976,50700.0
2009-11-23,False,daily,421.2,423.9,415.04,415.91,34300.0,210.36019268465765,211.70865545827726,207.2836998381774,207.71820450967704,34300.0
2009-11-20,False,daily,422.04,423.05,411.59,414.3,40800.0,210.77971443645043,211.28413939991555,205.56066407188567,206.91412115207424,40800.0
2009-11-19,False,daily,430.0,430.0,418.67,422.4,27800.0,214.75518246534378,214.75518246534378,209.09663312271041,210.95950947293304,27800.0
2009-11-18,False,daily,434.42,438.07,429.02,430.79,38700.0,216.96266596882475,218.7855878664957,214.26574042158552,215.14973268429173,38700.0
2009-11-17,False,daily,434.51,437.169,430.01,435.96,31300.0,217.0076147279454,218.33560084463224,214.7601767719127,217.7317891804448,31300.0
2009-11-16,False,daily,425.01,435.0,425.01,433.84,40500.0,212.26302348743198,217.2523357498245,212.26302348743198,216.67299618782496,40500.0
2009-11-13,False,daily,420.47,426.83,420.02,424.51,34300.0,209.99560830512348,213.17198728298297,209.7708645095202,212.0133081589839,34300.0
2009-11-12,False,daily,427.0,427.0,418.2,418.9,30500.0,213.25689049465532,213.25689049465532,208.86190071396922,209.2115021737965,30500.0
2009-11-11,False,daily,427.0,430.0,423.5,424.52,31900.0,213.25689049465532,214.75518246534378,211.5088831955188,212.01830246555286,31900.0
2009-11-10,False,daily,429.0,433.0,420.01,423.44,38900.0,214.25575180844763,216.2534744360322,209.76587020295125,211.47891735610503,38900.0
2009-11-09,False,daily,432.13,438.69,429.4,430.47,46500.0,215.81896976453257,219.0952348737713,214.45552407120607,214.98991487408497,46500.0
2009-11-06,False,daily,427.0,431.29,425.0,429.33,21700.0,213.25689049465532,215.3994480127398,212.25802918086302,214.42056392522335,21700.0
2009-11-05,False,daily,424.0,440.06,424.0,431.69,27300.0,211.75859852396687,219.77945487371903,211.75859852396687,215.59922027549825,27300.0
2009-11-04,False,daily,429.55,434.5,427.39,428.9,27400.0,214.5304386697405,217.00262042137643,213.4516684508448,214.205808742758,27400.0
2009-11-03,False,daily,428.5,434.56,420.59,429.45,33500.0,214.00603647999955,217.0325862607902,210.055539983951,214.48049560405087,33500.0
2009-11-02,False,daily,432.0,442.07,429.5,433.5,25700.0,215.75404377913605,220.78331049408027,214.5054671368957,216.50318976448028,25700.0
2009-10-30,False,daily,459.45,465.0,425.43,432.0,49700.0,229.46341531093532,232.23525545670896,212.47278436332837,215.75404377913605,49700.0
2009-10-29,False,daily,442.0,452.9085,438.23,452.03,26400.0,220.74835034809755,226.19638966884918,218.86549677159908,225.7576398367659,26400.0
2009-10-28,False,daily,453.78,455.42,436.13,437.0,43400.0,226.63164348633416,227.45070976364386,217.81669239211715,218.25119706361681,43400.0
2009-10-27,False,daily,459.58,462.0,449.88,452.93,26300.0,229.52834129633183,230.7369634860205,224.68386392443918,226.20712742797244,26300.0
2009-10-26,False,daily,470.71,475.45,459.01,459.86,27000.0,235.08700450758596,237.4543058212737,229.24366582190103,229.66818188026275,27000.0
2009-10-23,False,daily,477.45,478.98,464.27,467.1,15900.0,238.453167135066,239.2172960401171,231.87067107717476,233.2840598361909,15900.0
2009-10-22,False,daily,456.0,476.75,456.0,476.1,36300.0,227.74037954464362,238.1035656752387,227.74037954464362,237.7789357482562,36300.0
2009-10-21,False,daily,474.58,477.65,460.73,461.22,36700.0,235.95426519060624,237.48062448542515,229.06824687358932,229.3118677382347,36700.0
2009-10-20,False,daily,483.1,483.1,472.57,476.0,29500.0,240.1902851228073,240.1902851228073,234.9549224601222,236.66026851263976,29500.0
2009-10-19,False,daily,477.89,483.5,477.89,483.1,15000.0,237.59994899055758,240.38915929802798,237.59994899055758,240.1902851228073,15000.0
2009-10-16,False,daily,476.88,476.99,464.1,474.81,34700.0,237.0977916981253,237.152482096311,230.74376179982377,236.06861784135816,34700.0
2009-10-15,False,daily,473.25,484.72,473.25,481.79,50700.0,235.2930085579974,240.99572553245116,235.2930085579974,239.53897219895947,50700.0
2009-10-14,False,daily,479.0,482.35,469.45,475.79,33600.0,238.15182482679504,239.81739604426846,233.4037038934007,236.5558595706489,33600.0
2009-10-13,False,daily,477.41,481.0,460.2215,470.07,33400.0,237.36129998029276,239.14619570289858,228.81542807833998,233.7119588649928,33400.0
2009-10-12,False,daily,478.61,484.84,472.66,474.85,28400.0,237.95792250595485,241.05538778501733,234.99966914954686,236.08850525888025,28400.0
2009-10-09,False,daily,464.0,481.17,464.0,479.95,29400.0,230.69404325601857,239.2307172273674,230.69404325601857,238.6241509929442,29400.0
2009-10-08,False,daily,460.45,470.79,460.45,466.88,22200.0,228.9290349509348,234.06993238039007,228.9290349509348,232.12593731760765,22200.0
2009-10-07,False,daily,460.92,463.98,457.16,460.8,18400.0,229.16271210681916,230.68409954725755,227.29329485974452,229.10304985425293,18400.0
2009-10-06,False,daily,456.19,466.03,456.19,460.92,24300.0,226.8110249848343,231.70332969526365,226.8110249848343,229.16271210681916,24300.0
2009-10-05,False,daily,445.6,459.0,442.79,459.0,33200.0,221.54583119586613,228.20811606575975,220.14874011494067,228.20811606575975,33200.0
2009-10-02,False,daily,450.06,456.96,443.73,444.96,31800.0,223.76327824957698,227.19385777213415,220.61609442670934,221.227632515513,31800.0
2009-10-01,False,daily,468.08,469.3,450.64,456.0,43100.0,232.72255984326978,233.32912607769293,224.051645803647,226.71655975160448,43100.0
2009-09-30,False,daily,469.5,471.0,458.13,468.08,42400.0,233.42856316530327,234.17434132238094,227.77556473465472,232.72255984326978,42400.0
2009-09-29,False,daily,461.25,472.96,460.01,471.32,38500.0,229.32678330137622,235.14882478096237,228.71027335819204,234.33344066255748,38500.0
2009-09-28,False,daily,452.41,454.73,449.17,453.08,70100.0,224.93166402899865,226.08513424527874,223.32078320971092,225.26477827249332,70100.0
2009-09-25,False,daily,447.74,455.46,447.2,449.09,28600.0,222.6098080332969,226.4480796150565,222.34132789674894,223.28100837466675,28600.0
2009-09-24,False,daily,452.28,458.07,437.3,450.78,45700.0,224.8670299220519,227.7457336083716,217.4191920600365,224.12125176497423,45700.0
2009-09-23,False,daily,459.85,462.14,453.98,454.4,15900.0,228.63072368810379,229.76927834124228,225.7122451667399,225.92106305072164,15900.0
2009-09-22,False,daily,465.78,465.99,447.91,461.6,59600.0,231.5790333357507,231.6834422777416,222.6943295577657,229.50079820469435,59600.0
2009-09-21,False,daily,463.5,470.375,461.5,462.03,36400.0,230.4454505369927,233.86360042359857,229.45107966088918,229.71458794305659,36400.0
2009-09-18,False,daily,480.0,480.0299,462.5,462.5,76500.0,238.64901026484682,238.66387610944454,229.94826509894094,229.94826509894094,76500.0
2009-09-17,False,daily,477.29,485.0,475.19,476.19,22000.0,237.30163772772653,241.13493745510564,236.2575483078178,236.75473374586957,22000.0
2009-09-16,False,daily,473.01,483.0,472.99,481.8,41300.0,235.17368405286499,240.1405665790021,235.16374034410396,239.54394405334,41300.0
2009-09-15,False,daily,464.0,474.57,463.45,473.19,36800.0,230.69404325601857,235.94929333622574,230.4205912650901,235.2631774317143,36800.0
2009-09-14,False,daily,454.5,462.05,450.22,460.77,41300.0,225.9707815945268,229.72453165181764,223.8428279196653,229.08813429111137,41300.0
2009-09-11,False,daily,432.26,461.56,432.26,458.81,51000.0,214.9133774522556,229.4809107871723,214.9133774522556,228.1136508325299,51000.0
2009-09-10,False,daily,433.75,443.28,433.75,440.83,27800.0,215.65418375495273,220.39236097958602,215.65418375495273,219.1742566563592,27800.0
2009-09-09,False,daily,436.9,439.025,434.02,435.45,33100.0,217.22031788481576,218.27683694067576,215.78842382322668,216.4993989996407,33100.0
2009-09-08,False,daily,437.28,437.34,428.28,435.0,47500.0,217.40924835127544,217.43907947755852,212.93457940880955,216.2756655525174,47500.0
2009-09-04,False,daily,437.46,438.36,433.52,437.27,29900.0,217.49874173012475,217.94620862437137,215.5398311042008,217.4042764968949,29900.0
2009-09-03,False,daily,437.0,439.81,434.26,437.46,40300.0,217.27003642862095,218.66712750954642,215.9077483283591,217.49874173012475,40300.0
2009-09-02,False,daily,434.5,438.88,431.98,435.1,60200.0,216.02707283349153,218.20474505215827,214.7741655296011,216.3253840963226,60200.0
2009-09-01,False,daily,435.85,440.432,431.09,432.45,50800.0,216.69827317486144,218.97637685201462,214.33167048973502,215.00784268548543,50800.0
2009-08-31,False,daily,450.0,450.0,431.79,434.36,56100.0,223.73344712329387,223.73344712329387,214.67970029637127,215.9574668721643,56100.0
2009-08-28,False,daily,446.0,455.4,446.0,454.07,41100.0,221.74470537108684,226.4182484887734,221.74470537108684,225.75699185616455,41100.0
2009-08-27,False,daily,447.63,454.49,441.01,450.97,47100.0,222.5551176351112,225.9658097401463,219.26375003520852,224.2157169982041,47100.0
2009-08-26,False,daily,452.5,452.5,445.8,449.71,67600.0,224.9764107184233,224.9764107184233,221.64526828347647,223.58926334625886,67600.0
2009-08-25,False,daily,458.0,459.58,447.91,450.98,59100.0,227.710930627708,228.49648361982977,222.6943295577657,224.22068885258463,59100.0
2009-08-24,False,daily,461.5,461.5,445.01,452.34,91900.0,229.45107966088918,229.45107966088918,221.25249178741558,224.896861048335,91900.0
2009-08-21,False,daily,472.5,472.5,441.1,456.89,110600.0,234.92011947945858,234.92011947945858,219.3084967246332,227.15905479147054,110600.0
2009-08-20,False,daily,467.5,467.87,455.13,463.94,33900.0,232.43419228919976,232.6181509012789,226.28400842049942,230.66421212973546,33900.0
2009-08-19,False,daily,453.0,466.2,452.13,465.14,23400.0,225.22500343744917,231.78785121973246,224.79245210634414,231.2608346553976,23400.0
2009-08-18,False,daily,454.0,458.0,448.01,456.08,32300.0,225.72218887550093,227.710930627708,222.74404810157085,226.7563345866486,32300.0
2009-08-17,False,daily,463.0,463.0,452.1,458.25,28300.0,230.19685781796682,230.19685781796682,224.7775365432026,227.83522698722095,28300.0
2009-08-14,False,daily,472.46,474.9,461.55,471.3,37500.0,234.9002320619365,236.1133645307828,229.47593893279176,234.32349695379648,37500.0
2009-08-13,False,daily,489.51,489.51,470.94,475.6,33500.0,243.37724378071908,243.37724378071908,234.14451019609783,236.46139433741905,33500.0
2009-08-12,False,daily,480.35,495.6,477.63,492.36,36700.0,238.82302516816495,246.40510309845433,237.47068077666412,244.79422227916663,36700.0
2009-08-11,False,daily,475.0,483.1,471.06,480.85,35100.0,236.16308307458797,240.1902851228073,234.20417244866402,239.07161788719083,35100.0
2009-08-10,False,daily,469.0,479.52,465.0,479.0,26500.0,233.1799704462774,238.41036125458194,231.19122869407033,238.15182482679504,26500.0
2009-08-07,False,daily,469.9,478.0,449.4,475.28,55800.0,233.62743734052398,237.65463938874328,223.43513586046282,236.30229499724246,55800.0
2009-08-06,False,daily,460.9,463.86,451.15,463.0,42800.0,229.1527683980581,230.62443729469135,224.3052103770534,230.19685781796682,42800.0
2009-08-05,False,daily,472.0,472.0,456.0,461.0,56300.0,234.6715267604327,234.6715267604327,226.71655975160448,229.2024869418633,56300.0
2009-08-04,False,daily,474.15,475.67,462.14,467.75,52600.0,235.74047545224397,236.49619731808266,229.76927834124228,232.5584886487127,52600.0
2009-08-03,False,daily,452.0,477.93,449.37,476.19,63700.0,224.72781799939742,237.61983640807966,223.42022029732126,236.75473374586957,63700.0
2009-07-31,False,daily,419.1,462.45,416.79,451.5,86100.0,208.3704170874944,229.92340582703835,207.2219187255948,224.47922528037154,86100.0
2009-07-30,False,daily,408.75,420.0,404.0,419.1,43900.0,203.22454780365862,208.81788398174095,200.86291697291273,208.3704170874944,43900.0
2009-07-29,False,daily,415.5,418.0,407.02,407.93,34700.0,206.580549510508,207.82351310563743,202.36441699582906,202.81685574445618,34700.0
2009-07-28,False,daily,411.04,420.0,411.04,415.3,40600.0,204.36310245679715,208.81788398174095,204.36310245679715,206.48111242289767,40600.0
2009-07-27,False,daily,405.31,411.89,401.28,410.41,46900.0,201.51422989676055,204.78571007914115,199.5105725814119,204.04987563082454,46900.0
2009-07-24,False,daily,401.25,410.62,400.16,407.88,38500.0,199.49565701827038,204.1542845728154,198.95372489079398,202.79199647255356,38500.0
2009-07-23,False,daily,393.33,408.45,390.0,402.58,44500.0,195.5579483489004,203.07539217224308,193.90232084018803,200.1569136508792,44500.0
2009-07-22,False,daily,382.7,397.5,382.7,395.48,37600.0,189.26210277022085,196.58135837774444,189.26210277022085,195.58237889617703,37600.0
2009-07-21,False,daily,386.97,390.22,379.68,385.1,25600.0,191.37380692185098,192.98107588971934,187.7685789908478,190.4490090849544,25600.0
2009-07-20,False,daily,375.0,386.082,375.0,384.8,35400.0,185.45411167711737,190.93465158539956,185.45411167711737,190.30064579561272,35400.0
2009-07-17,False,daily,376.65,378.0,371.55,375.0,29400.0,186.2701097684967,186.9377445705343,183.7479338496879,185.45411167711737,29400.0
2009-07-16,False,daily,374.9,376.1,368.5,374.68,52600.0,185.40465724733681,185.9981104047036,182.23957374138067,185.29585750181957,52600.0
2009-07-15,False,daily,352.87,377.7829,352.87,375.0,94000.0,174.50984636667843,186.83037900348072,174.50984636667843,185.45411167711737,94000.0
2009-07-14,False,daily,352.5,353.65,349.39,350.51,53100.0,174.32686497649033,174.89559091896683,172.78883221031478,173.3427218238571,53100.0
2009-07-13,False,daily,349.06,352.76,347.58,351.79,61400.0,172.62563259203893,174.4554464939198,171.89370703128654,173.97573852504834,61400.0
2009-07-10,False,daily,349.73,351.31,346.13,347.8,26300.0,172.95697727156872,173.73835726210163,171.17661779946837,172.0025067768038,26300.0
2009-07-09,False,daily,349.0,357.82,344.94,349.73,41500.0,172.59595993417057,176.95784064081639,170.58811008507965,172.95697727156872,41500.0
2009-07-08,False,daily,352.5,355.5,352.01,354.0,43100.0,174.32686497649033,175.81049786990727,174.08453827056556,175.0686814231988,43100.0
2009-07-07,False,daily,355.0,356.47,348.66,350.84,52400.0,175.56322572100444,176.29020583877877,172.42781487291666,173.50592144213294,52400.0
2009-07-06,False,daily,340.0,355.54,340.0,355.0,54700.0,168.14506125391975,175.83027964181952,168.14506125391975,175.56322572100444,54700.0
2009-07-02,False,daily,347.0,349.53,342.69,345.0,50200.0,171.60687133855927,172.85806841200755,169.47538541501694,170.61778274294798,50200.0
2009-07-01,False,daily,352.26,353.99,350.06,351.86,45600.0,174.20817434501697,175.06373598022077,173.12017688984457,174.01035662589473,45600.0
2009-06-30,False,daily,347.31,354.28,345.55,352.18,32900.0,171.76018007087904,175.20715382658437,170.8897821067411,174.16861080119253,32900.0
2009-06-29,False,daily,349.39,350.6,344.0,348.76,31400.0,172.78883221031478,173.38723081065962,170.12323844514233,172.4772693026972,31400.0
2009-06-26,False,daily,345.95,350.76,343.98,349.39,28400.0,171.08759982586335,173.4663578983085,170.11334755918625,172.78883221031478,28400.0
2009-06-25,False,daily,341.65,348.0,340.5,346.72,51600.0,168.96105934529908,172.10141563636492,168.39233340282257,171.46839893517372,51600.0
2009-06-24,False,daily,338.0,346.56,338.0,344.61,42400.0,167.15597265830846,171.3892718475248,167.15597265830846,170.4249104668038,42400.0
2009-06-23,False,daily,339.9,341.13,335.0,337.18,42000.0,168.0956068241392,168.70389631044014,165.67233976489152,166.75044633410783,42000.0
2009-06-22,False,daily,338.0,342.49,335.55,340.0,48100.0,167.15597265830846,169.3764765554558,165.94433912868465,168.14506125391975,48100.0
2009-06-19,False,daily,338.5,344.96,336.0,342.33,44200.0,167.40324480721128,170.59800097103576,166.16688406269716,169.2973494678069,44200.0
2009-06-18,False,daily,335.0,339.5,334.49,336.16,24900.0,165.67233976489152,167.89778910501693,165.42012217301064,166.24601115034608,24900.0
2009-06-17,False,daily,332.84,341.3017,332.84,336.71,40800.0,164.6041240816313,168.78880956637337,164.6041240816313,166.51801051413918,40800.0
2009-06-16,False,daily,335.63,339.84,330.1,332.84,31300.0,165.9839026725091,168.06593416627084,163.24907270564387,164.6041240816313,31300.0
2009-06-15,False,daily,342.0,343.46,331.0,334.52,34600.0,169.13414984953104,169.8561845243273,163.69416257366893,165.4349585019448,34600.0
2009-06-12,False,daily,346.2,350.0,344.99,349.22,27400.0,171.21123590031476,173.0905042319762,170.61283729996993,172.70475967968784,27400.0
2009-06-11,False,daily,345.69,355.65,343.505,344.9,53300.0,170.95901830843388,175.88467951457812,169.87843901772854,170.56832831316743,53300.0
2009-06-10,False,daily,354.0,356.21,342.57,345.3,36800.0,175.0686814231988,176.16162432134928,169.41604009928025,170.7661460322897,36800.0
2009-06-09,False,daily,353.62,354.99,349.18,351.86,31500.0,174.88075459003267,175.55828027802642,172.6849779077756,174.01035662589473,31500.0
2009-06-08,False,daily,353.15,356.95,348.58,353.62,40500.0,174.648318770064,176.52758710172546,172.38825132909218,174.88075459003267,40500.0
2009-06-05,False,daily,356.4,362.93,354.02,357.9,29400.0,176.25558773793236,179.48496200260323,175.0785723091549,176.99740418464083,29400.0
2009-06-04,False,daily,345.64,358.27,345.64,354.15,40900.0,170.9342910935436,177.1803855748289,170.9342910935436,175.14286306786965,40900.0
2009-06-03,False,daily,352.54,354.33,341.1,345.64,66900.0,174.34664674840258,175.23188104147465,168.68905998150598,170.9342910935436,66900.0
2009-06-02,False,daily,363.0,364.73,348.63,351.2,101400.0,179.5195801034496,180.3751417386534,172.4129785439825,173.683957389343,101400.0
2009-06-01,False,daily,362.06,373.97,362.06,365.43,48600.0,179.05470846351233,184.94473105037758,179.05470846351233,180.72132274711734,48600.0
2009-05-29,False,daily,366.5,367.49,355.02,360.0,52400.0,181.25048514576937,181.740084000597,175.57311660696055,178.03594721003267,52400.0
2009-05-28,False,daily,362.01,370.09,358.56,365.1,30700.0,179.02998124862202,183.02589917489163,177.32380342119257,180.5581231288415,30700.0
2009-05-27,False,daily,362.55,365.0,360.0,361.34,46800.0,179.2970351694371,180.5086686990609,178.03594721003267,178.69863656909223,46800.0
2009-05-26,False,daily,356.0,370.0,352.01,362.77,40100.0,176.0577700188101,182.98139018808914,174.08453827056556,179.4058349149543,40100.0
2009-05-22,False,daily,356.84,364.35,353.75,361.82,25100.0,176.47318722896682,180.18721490548725,174.94504534874739,178.93601783203897,25100.0
2009-05-21,False,daily,361.0,364.36,351.6,356.77,32900.0,178.53049150783832,180.1921603484653,173.88177510846526,176.43856912812043,32900.0
2009-05-20,False,daily,368.11,378.68,366.25,370.87,38000.0,182.04670146523648,187.27403469304215,181.12684907131796,183.41164372718006,38000.0
2009-05-19,False,daily,375.9,375.94,365.83,368.43,33800.0,185.89920154514246,185.91898331705468,180.91914046623958,182.20495564053428,33800.0
2009-05-18,False,daily,358.61,376.41,351.32,376.19,35700.0,177.34853063608284,186.15141913702337,173.74330270507969,186.0426193915061,35700.0
2009-05-15,False,daily,367.0,367.915,357.46,358.71,45900.0,181.4977572946722,181.95026532716437,176.77980469360634,177.3979850658634,45900.0
2009-05-14,False,daily,373.0,374.54,361.42,363.4,46200.0,184.46502308150608,185.2266213001268,178.7382001129167,179.71739782257188,46200.0
2009-05-13,False,daily,363.0,367.11,354.43,365.51,77300.0,179.5195801034496,181.55215716743083,175.28133547125523,180.76088629094178,77300.0
2009-05-12,False,daily,368.8,372.23,357.23,364.11,55500.0,182.38793703072238,184.08422397219576,176.66605950511106,180.0685242740139,55500.0
2009-05-11,False,daily,365.05,376.01,361.04,369.73,33700.0,180.5333959139512,185.95360141790107,178.55027327975057,182.84786322768164,33700.0
2009-05-08,False,daily,358.0,375.0,350.0,368.74,55000.0,177.04685861442138,185.45411167711737,173.0905042319762,182.35826437285405,55000.0
2009-05-07,False,daily,344.72,356.26,338.8,353.6,61300.0,170.47931033956243,176.18635153623956,167.551608096553,174.87086370407656,61300.0
2009-05-06,False,daily,350.0,356.87,329.8,344.72,91800.0,173.0905042319762,176.48802355790102,163.10070941630218,170.47931033956243,91800.0
2009-05-05,False,daily,350.0,350.02,325.17,339.75,128000.0,173.0905042319762,173.10039511793232,160.81096931746202,168.02142517946834,128000.0
2009-05-04,False,daily,367.58,367.58,344.53,352.36,68800.0,181.78459298739946,181.78459298739946,170.38534692297932,174.25762877479755,68800.0
2009-05-01,False,daily,415.08,415.08,352.13,365.88,124600.0,205.2754471331677,205.2754471331677,174.14388358630225,180.9438676811299,124600.0
2009-04-30,False,daily,412.34,418.59,409.82,418.59,31200.0,203.92039575718022,207.0112976184655,202.67414412671,207.0112976184655,31200.0
2009-04-29,False,daily,420.0,421.15,410.34,412.0,47000.0,207.70860507837148,208.27733102084795,202.93130716156892,203.7522506959263,47000.0
2009-04-28,False,daily,412.5,417.83,403.25,416.43,33500.0,203.99952284482913,206.63544395213322,199.4249880901269,205.9430819352053,33500.0
2009-04-27,False,daily,420.0,424.5,417.0,418.74,30600.0,207.70860507837148,209.93405441849688,206.22497218495454,207.08547926313636,30600.0
2009-04-24,False,daily,417.5,430.98,416.7,422.0,29700.0,206.47224433385736,213.13870146827747,206.07660889561282,208.69769367398277,29700.0
2009-04-23,False,daily,415.29,418.41,412.0,416.7,39000.0,205.37930143570688,206.9222796448605,203.7522506959263,206.07660889561282,39000.0
2009-04-22,False,daily,406.9,425.46,393.01,418.5,28600.0,200.19714016861613,209.32876691113154,193.36318028426598,205.90440688268825,28600.0
2009-04-21,False,daily,402.1,407.61,398.57,407.32,36100.0,197.8355125627932,200.54646425197745,196.0987322610109,200.40378258412565,36100.0
2009-04-20,False,daily,420.4,421.73,405.78,407.21,32100.0,206.83921780999316,207.49358545910664,199.64609372725744,200.34966195149218,32100.0
2009-04-17,False,daily,410.0,428.14,407.92,427.79,53000.0,201.7223579973768,210.64734232438266,200.69898603485353,210.4751403114581,53000.0
2009-04-16,False,daily,396.9,416.17,396.9,416.14,31300.0,195.277082656485,204.75803348236172,195.277082656485,204.7432733098253,31300.0
2009-04-15,False,daily,385.0,398.46,384.58,396.9,20700.0,189.42221421704895,196.04461162837745,189.21557180153943,195.277082656485,20700.0
2009-04-14,False,daily,382.7,389.75,375.49,387.5,22200.0,188.29060098925876,191.75924153531122,184.74323952301222,190.65222859508174,22200.0
2009-04-13,False,daily,388.0,389.0,378.6992,384.58,25300.0,190.89823147068827,191.3902372219014,186.32218437980535,189.21557180153943,25300.0
2009-04-09,False,daily,388.0,392.99,383.91,388.85,24900.0,190.89823147068827,193.35334016924173,188.88592794822665,191.31643635921944,24900.0
2009-04-08,False,daily,374.87,379.8,370.14,377.79,37800.0,184.4381959572601,186.86378431074075,182.11100875402207,185.8748527508024,37800.0
2009-04-07,False,daily,387.0,387.0,374.87,374.87,16100.0,190.40622571947517,190.40622571947517,184.4381959572601,184.4381959572601,16100.0
2009-04-06,False,daily,380.0,392.83,378.88,391.8,27500.0,186.96218546098336,193.27461924904762,186.41113901962467,192.76785332529812,27500.0
2009-04-03,False,daily,378.0,386.18,372.0,386.0,37200.0,185.97817395855714,190.0027810034804,183.02613945127845,189.91421996826205,37200.0
2009-04-02,False,daily,364.0,384.53,360.49,381.96,64500.0,179.09009344157354,189.19097151397875,177.36315325481553,187.92651673336107,64500.0
2009-04-01,False,daily,361.0,361.25,346.91,361.04,43900.0,177.6140761879342,177.73707762573747,170.68171515334143,177.63375641798274,43900.0
2009-03-31,False,daily,357.75,361.59,351.25,357.1,31900.0,176.01505749649158,177.90435958114992,172.81702011360633,175.69525375820308,31900.0
2009-03-30,False,daily,366.0,368.97,345.314,353.26,37900.0,180.07410494399977,181.53536202510273,169.8964739744053,173.80595167354468,37900.0
2009-03-27,False,daily,380.0,380.64,366.81,368.94,31800.0,186.96218546098336,187.27706914175977,180.47262960248239,181.52060185256633,31800.0
2009-03-26,False,daily,372.0,384.415,372.0,384.28,31800.0,183.02613945127845,189.1343908525893,183.02613945127845,189.06797007617547,31800.0
2009-03-25,False,daily,374.34,388.59,372.16,377.35,34500.0,184.17743290911713,191.188514863904,183.10486037147257,185.65837022026864,34500.0
2009-03-24,False,daily,368.57,377.32,365.24,373.64,35100.0,181.33855972461748,185.6436100477322,179.7001805730778,183.83302888326796,35100.0
2009-03-23,False,daily,343.0,369.2,343.0,369.0,34900.0,168.75797266609814,181.64852334788173,168.75797266609814,181.55012219763913,34900.0
2009-03-20,False,daily,352.75,352.99,336.12,339.25,55300.0,173.555028740426,173.67311012071715,165.37297309775192,166.91295109904897,55300.0
2009-03-19,False,daily,357.9,360.93,347.16,348.75,20100.0,176.08885835917354,177.5796357853493,170.8047165911447,171.58700573557354,20100.0
2009-03-18,False,daily,349.95,357.99,348.84,357.08,44600.0,172.17741263702928,176.13313887678274,171.6312862531827,175.68541364317878,44600.0
2009-03-17,False,daily,347.6,354.63,345.0,353.81,42100.0,171.02119912167848,174.47999955270666,169.74198416852437,174.07655483671192,42100.0
2009-03-16,False,daily,350.75,365.0,348.0,349.0,60100.0,172.57101723799977,179.58209919278664,171.21800142216372,171.71000717337682,60100.0
2009-03-13,False,daily,351.0,354.99,340.18,344.34,43000.0,172.69401867580305,174.65712162314338,167.37051644767718,169.41726037272372,43000.0
2009-03-12,False,daily,343.0,362.82,337.68,354.95,64000.0,168.75797266609814,178.50952665514205,166.14050206964438,174.63744139309486,64000.0
2009-03-11,False,daily,335.0,353.52,335.0,344.91,59800.0,164.82192665639323,173.9338731688601,164.82192665639323,169.6977036509152,59800.0
2009-03-10,False,daily,321.68,336.01,307.62,336.01,61100.0,158.26841005023456,165.31885246511848,151.35080918817818,165.31885246511848,61100.0
2009-03-09,False,daily,322.44,325.36,300.16,307.5,79000.0,158.6423344211565,160.07899121469882,147.68044628412835,151.29176849803258,79000.0
2009-03-06,False,daily,326.65,330.75,317.95,322.5,43100.0,160.71367863376372,162.7309022137375,156.43322859820964,158.6718547662293,43100.0
2009-03-05,False,daily,335.11,344.46,324.48,326.0,51700.0,164.87604728902667,169.47630106286928,159.64602615363128,160.3938748954752,51700.0
2009-03-04,False,daily,340.0,347.21,333.03,343.05,60700.0,167.2819554124588,170.82931687870536,163.85267532650337,168.7825729536588,60700.0
2009-03-03,False,daily,348.4,352.98,334.87,338.27,57400.0,171.41480372264894,173.66819006320503,164.75796590873554,166.43078546286011,57400.0
2009-03-02,False,daily,358.3,358.3,341.8,348.05,31900.0,176.2856606596588,176.2856606596588,168.1675657646424,171.24260170972437,31900.0
2009-02-27,False,daily,368.23,368.23,357.33,360.49,45800.0,181.17127776920503,181.17127776920503,175.80841508098206,177.36315325481553,45800.0
2009-02-26,False,daily,388.46,389.0,367.06,370.63,38900.0,191.12455411624632,191.3902372219014,180.59563104028567,182.35209157211648,38900.0
2009-02-25,False,daily,386.5,387.0,370.71,382.25,36900.0,190.1602228438686,190.40622571947517,182.39145203221352,188.06919840121287,36900.0
2009-02-24,False,daily,374.02,388.65,372.38,384.99,29700.0,184.01999106872893,191.2180352089768,183.21310163673942,189.41729415953682,29700.0
2009-02-23,False,daily,391.86,394.75,369.36,374.02,28800.0,192.79737367037092,194.2192702913768,181.72724426807585,184.01999106872893,28800.0
2009-02-20,False,daily,390.0,396.26,384.0,390.3,28700.0,191.8822429731145,194.9621989757086,188.93020846583582,192.02984469847846,28700.0
2009-02-19,False,daily,395.9,403.88,390.05,391.5,21600.0,194.78507690527186,198.71128279995253,191.90684326067517,192.6202515999342,21600.0
2009-02-18,False,daily,405.0,405.0,395.03,396.49,25200.0,199.26232924131122,199.26232924131122,194.35703190171645,195.07536029848762,25200.0
2009-02-17,False,daily,413.0,413.0,397.8,400.3,20900.0,203.19837525101613,203.19837525101613,195.7198878325768,196.9499022106096,20900.0
2009-02-13,False,daily,420.0,423.83,413.38,414.75,44300.0,206.64241550950794,208.52679753665416,203.38533743647713,204.05938531563908,44300.0
2009-02-12,False,daily,408.0,417.87,405.0,417.87,19900.0,200.73834649495058,205.594443259424,199.26232924131122,205.594443259424,19900.0
2009-02-11,False,daily,405.0,413.99,405.0,412.52,17600.0,199.26232924131122,203.68546094471714,199.26232924131122,202.96221249043384,17600.0
2009-02-10,False,daily,414.0,438.95,401.56,404.43,46400.0,203.69038100222926,215.96592449499644,197.5698294571381,198.98188596311974,46400.0
2009-02-09,False,daily,420.0,425.47,413.98,418.5,71700.0,206.64241550950794,209.3336869686437,203.68054088720498,205.90440688268825,71700.0
2009-02-06,False,daily,415.37,427.38,402.2,421.98,71100.0,204.3644288813912,210.27341795346072,197.8847131379145,207.61658689690992,71100.0
2009-02-05,False,daily,411.99,418.5,408.11,413.32,25900.0,202.7014494422909,205.90440688268825,200.79246712758402,203.35581709140433,25900.0
2009-02-04,False,daily,423.67,424.01,413.7801,414.34,40900.0,208.44807661646007,208.61535857187252,203.5821889375375,203.8576629576417,40900.0
2009-02-03,False,daily,396.0,427.11,391.61,423.67,56200.0,194.83427748039318,210.1405764006332,192.67437223256763,208.44807661646007,56200.0
2009-02-02,False,daily,386.0,401.68,380.01,393.6,41400.0,189.91421996826205,197.6288701472837,186.9671055184955,193.65346367748174,41400.0
2009-01-30,False,daily,405.0,407.99,388.5,390.56,43600.0,199.26232924131122,200.73342643743842,191.14423434629484,192.15776619379386,43600.0
2009-01-29,False,daily,410.0,413.99,406.53,410.3,22000.0,201.7223579973768,203.68546094471714,200.01509804066728,201.86995972274073,22000.0
2009-01-28,False,daily,422.0,422.98,417.75,420.99,20700.0,207.62642701193417,208.10859264812302,205.53540256927843,207.12950120320892,20700.0
2009-01-27,False,daily,417.06,417.06,406.1,412.0,36500.0,205.19591860094138,205.19591860094138,199.80353556764567,202.70636949980303,36500.0
2009-01-26,False,daily,405.25,420.92,405.25,414.43,52500.0,199.3853306791145,207.095060800624,199.3853306791145,203.9019434752509,52500.0
2009-01-23,False,daily,416.76,420.49,406.02,407.71,41700.0,205.04831687557743,206.88349832760235,199.7641751075486,200.59566482709874,41700.0
2009-01-22,False,daily,417.0,425.4161,413.29,418.69,30400.0,205.1663982558686,209.30716785865326,203.34105691886793,205.99788797541876,30400.0
2009-01-21,False,daily,433.0,433.95,412.78,422.32,54400.0,211.9501128537124,212.41513042232907,202.05258102483924,206.7223363981058,54400.0
2009-01-20,False,daily,408.24,430.0,407.0,422.85,66000.0,199.83028653902898,210.48163632123862,199.22331623893982,206.98176725217618,66000.0
2009-01-16,False,daily,409.0,411.79,404.45,408.24,46200.0,200.20230059392233,201.56798376912292,197.97511118633713,199.83028653902898,46200.0
2009-01-15,False,daily,398.9,412.0,383.0,404.59,41300.0,195.25842960126067,201.67077712639608,187.47550397914975,198.0436400911859,41300.0
2009-01-14,False,daily,407.0,408.64,395.0,398.9,20600.0,199.22331623893982,200.02608341002548,193.34941010904478,195.25842960126067,20600.0
2009-01-13,False,daily,415.45,415.56,407.24,411.97,37000.0,203.3595251387409,203.41336927826495,199.34079436153772,201.65609236107136,37000.0
2009-01-12,False,daily,414.0,424.89,412.09,413.4,55200.0,202.6497614813786,207.98033129425832,201.71483142237028,202.35606617488384,55200.0
2009-01-09,False,daily,422.0,424.78,409.99,418.65,38200.0,206.5656989013086,207.92648715473428,200.68689784963865,204.9259001067129,38200.0
2009-01-08,False,daily,415.0,420.76,411.45,420.52,21500.0,203.13925365886985,205.95872860121946,201.40155642877588,205.84125047862153,21500.0
2009-01-07,False,daily,414.0,419.98,410.75,418.5,36000.0,202.6497614813786,205.5769247027763,201.058911904532,204.85247628008923,36000.0
2009-01-06,False,daily,412.0,422.71,410.4,421.98,27800.0,201.67077712639608,206.9132383473274,200.88758964241006,206.55590905775878,27800.0
2009-01-05,False,daily,418.0,421.46,410.0,414.0,19400.0,204.6077301913436,206.30137312546333,200.6917927714136,202.6497614813786,19400.0
2009-01-02,False,daily,394.97,414.76,390.0,413.2,31000.0,193.33472534372007,203.02177553627195,190.90194922158852,202.25816773938558,31000.0
2010-12-31,False,daily,438.0,443.4,434.5,439.5,48600.0,223.32429966156414,226.07761294506287,221.53974475559275,224.08910890698047,48600.0
2010-12-30,False,daily,441.98,441.98,435.56,438.13,22000.0,225.35359352606878,225.35359352606878,222.08020995568694,223.39058312950021,22000.0
2010-12-29,False,daily,443.66,446.0,434.36,440.38,53800.0,226.21017988093504,227.4032823037845,221.4683625593539,224.5377969976247,53800.0
2010-12-28,False,daily,429.53,441.53,429.53,440.92,44700.0,219.00567678911332,225.12415075244385,219.00567678911332,224.8131283259746,44700.0
2010-12-27,False,daily,422.4,434.66,422.4,431.3,24000.0,215.37028350923444,221.62132440843718,215.37028350923444,219.90815169870461,24000.0
2010-12-23,False,daily,423.8,435.89,423.12,431.93,44100.0,216.08410547162302,222.24846798967852,215.7373919470343,220.22937158177945,44100.0
2010-12-22,False,daily,423.99,426.71,421.6365,426.5,33800.0,216.18098130937577,217.56783540773066,214.98099560331755,217.4607621133724,33800.0
2010-12-21,False,daily,435.0,435.0,421.38,421.81,46400.0,221.7946811707315,221.7946811707315,214.85021322235136,215.06945853937071,46400.0
2010-12-20,False,daily,424.85,434.66,424.34,432.06,61100.0,216.61947194341445,221.62132440843718,216.35943679997288,220.29565504971555,61100.0
2010-12-17,False,daily,419.5,427.34,419.5,423.0,51700.0,213.8916523014296,217.88905529080552,213.8916523014296,215.67620720740098,51700.0
2010-12-16,False,daily,417.0,423.8,416.2,421.86,44500.0,212.6169702257357,216.08410547162302,212.20907196151367,215.0949521808846,44500.0
2010-12-15,False,daily,424.85,429.45,418.4,418.68,55200.0,216.61947194341445,218.96488696269114,213.33079218812426,213.473556580602,55200.0
2010-12-14,False,daily,419.0,427.9262,416.19,426.6,78200.0,213.6367158862908,218.18794274391422,212.20397323321092,217.51174939640015,78200.0
2010-12-13,False,daily,415.04,422.65,414.09,416.11,77200.0,211.61761947839176,215.49775171680383,211.13324028962805,212.16318340678873,77200.0
2010-12-10,False,daily,401.67,416.47,401.39,414.55,50900.0,204.800619737581,212.34673762568863,204.65785534510326,211.36778179155576,50900.0
2010-12-09,False,daily,398.71,403.0,397.55,401.39,84900.0,203.29139615995945,205.47875060185012,202.6999436768375,204.65785534510326,84900.0
2010-12-08,False,daily,393.32,397.53,393.32,396.0,26200.0,200.54318160476348,202.68974622023194,200.54318160476348,201.90964078990731,26200.0
2010-12-07,False,daily,393.37,398.7,392.65,394.2,49500.0,200.56867524627737,203.28629743165666,200.20156680847754,200.99186969540773,49500.0
2010-12-06,False,daily,388.11,391.765,385.39,389.67,37700.0,197.8867441590175,199.7503293536819,196.49989006066255,198.68214577425047,37700.0
2010-12-03,False,daily,385.03,392.26,381.17,388.11,77700.0,196.31633584176265,200.0027164046693,194.34822671689133,197.8867441590175,77700.0
2010-12-02,False,daily,378.29,390.5,378.29,387.61,73100.0,192.87979296569202,199.1053402233808,192.87979296569202,197.6318077438787,73100.0
2010-12-01,False,daily,383.07,385.205,378.0,378.54,65600.0,195.31698509441867,196.4055635870612,192.73192984491152,193.0072611732614,65600.0
2010-11-30,False,daily,382.03,382.03,375.57,377.02,69800.0,194.78671735093002,194.78671735093002,191.49293886733707,192.23225447123951,69800.0
2010-11-29,False,daily,380.3,385.2,377.925,382.03,47900.0,193.9046373545499,196.40301422290983,192.6936893826407,194.78671735093002,47900.0
2010-11-26,False,daily,380.89,386.16,380.11,380.63,14000.0,194.20546232441362,196.8924921399763,193.80776151679714,194.07289538854147,14000.0
2010-11-24,False,daily,382.05,387.42,380.03,384.19,44000.0,194.7969148075356,197.534931906126,193.76697169037493,195.8880426643295,44000.0
2010-11-23,False,daily,392.0,392.0,377.28,380.14,52200.0,199.87014946879714,199.87014946879714,192.36482140711166,193.82305770170547,52200.0
2010-11-22,False,daily,385.25,386.63,384.0,385.2,46500.0,196.42850786442372,197.13213237020673,195.79116682657678,196.40301422290983,46500.0
2010-11-19,False,daily,385.47,386.77,383.41,386.33,46200.0,196.5406798870848,197.20351456644556,195.49034185671306,196.97917052112345,46200.0
2010-11-18,False,daily,389.46,391.5,382.72,385.44,51800.0,198.57507247989216,199.61521305365835,195.13852960382155,196.52538370217644,51800.0
2010-11-17,False,daily,392.0,392.0,382.02,384.85,57500.0,199.87014946879714,199.87014946879714,194.78161862262724,196.22455873231272,57500.0
2010-11-16,False,daily,384.55,400.975,384.46,388.38,107700.0,196.07159688322943,204.4462581205381,196.02570832850444,198.02440982319243,107700.0
2010-11-15,False,daily,387.94,389.985,384.28,384.58,73000.0,197.80006577787032,198.8427557157879,195.93393121905447,196.08689306813775,73000.0
2010-11-12,False,daily,389.0,397.57,387.0,388.0,54300.0,198.3405309779645,202.71014113344305,197.32078531740942,197.83065814768696,54300.0
2010-11-11,False,daily,383.01,396.58,380.47,391.79,72200.0,195.28639272460202,202.20536703146828,193.99131573569707,199.76307617443885,72200.0
2010-11-10,False,daily,389.55,391.28,382.29,383.46,75000.0,198.62096103461715,199.50304103099728,194.9192842868022,195.5158354982269,75000.0
2010-11-09,False,daily,399.59,400.0,389.41,390.57,47200.0,203.74008425060367,203.9491321110175,198.5495788383783,199.14103132150024,47200.0
2010-11-08,False,daily,396.29,399.65,392.0301,399.26,40600.0,202.0575039106878,203.77067662042032,199.8854966409885,203.5718262166121,40600.0
2010-11-05,False,daily,384.59,398.97,384.41,398.38,91700.0,196.0919917964405,203.42396309583162,196.0002146869906,203.12313812596787,91700.0
2010-11-04,False,daily,387.1,387.65,368.26,383.9,153200.0,197.37177260043717,197.65220265708982,187.76576847800825,195.740179543549,153200.0
2010-11-03,False,daily,402.84,403.07,383.05,387.3,100900.0,205.3971709490057,205.51444169996955,195.30678763781313,197.47374716649267,100900.0
2010-11-02,False,daily,396.0,403.99,393.76,403.23,61400.0,201.90964078990731,205.98352470382488,200.76752565008562,205.59602135281395,61400.0
2010-11-01,False,daily,407.16,418.77,386.0,390.6,135100.0,207.5998215758047,213.51944513532698,196.81091248713187,199.1563275064086,135100.0
2010-10-29,False,daily,381.93,402.15,378.0,402.15,163800.0,194.73573006790227,205.0453586961142,192.73192984491152,205.0453586961142,163800.0
2010-10-28,False,daily,379.58,387.21,379.4,381.72,99600.0,193.53752891675003,197.42785861176768,193.44575180730007,194.628656773544,99600.0
2010-10-27,False,daily,373.6,381.32,373.6,380.32,53400.0,190.48848939169034,194.42470764143297,190.48848939169034,193.91483481115543,53400.0
2010-10-26,False,daily,372.66,383.8,366.7001,377.17,85300.0,190.00920893122944,195.68919226052128,186.9704178500583,192.30873539578116,85300.0
2010-10-25,False,daily,373.8,378.8,370.57,370.57,54300.0,190.59046395774584,193.13982810913356,188.94357471594938,188.94357471594938,54300.0
2010-10-22,False,daily,370.25,378.8,370.07,372.63,66900.0,188.78041541026056,193.13982810913356,188.6886383008106,189.99391274632112,66900.0
2010-10-21,False,daily,372.47,377.4,366.91,370.06,83400.0,189.91233309347672,192.42600614674498,187.07744015713357,188.68353957250784,83400.0
2010-10-20,False,daily,379.99,381.8799,371.43,372.43,87900.0,192.5756982142764,193.53348345087517,188.23756306147183,188.74435455128545,87900.0
2010-10-19,False,daily,378.0,384.87,376.31,379.11,65100.0,191.5671831495473,195.04884068456687,190.7107055317623,192.12972170324042,65100.0
2010-10-18,False,daily,382.34,391.59,377.325,382.57,127600.0,193.7666582153384,198.45447949611435,191.2250988939231,193.88322025799553,127600.0
2010-10-15,False,daily,392.18,392.18,378.715,381.72,151700.0,198.7534864751044,198.7534864751044,191.92953906476404,193.45244749165397,151700.0
2010-10-14,False,daily,395.13,405.97,389.11,390.25,235700.0,200.24852137005456,205.7421411196342,197.1976366013766,197.77537889976412,235700.0
2010-10-13,False,daily,423.35,431.9199,422.34,428.61,86900.0,214.55017721259486,218.89332960114857,214.0383178078831,217.21590044901447,86900.0
2010-10-12,False,daily,421.93,428.18,419.28,420.64,55000.0,213.8305332970595,216.99798010839461,212.48753584905342,213.17677227519994,55000.0
2010-10-11,False,daily,409.09,423.42,409.09,420.11,64800.0,207.32333056785265,214.58565261688182,207.32333056785265,212.90817278559874,64800.0
2010-10-08,False,daily,403.58,412.88,403.16,411.4,47600.0,204.53090945897964,209.24407031424627,204.31805703325793,208.4940189093221,47600.0
2010-10-07,False,daily,403.85,408.36,402.23,402.44,45800.0,204.6677431612293,206.95337278028873,203.84674094773126,203.9531671605921,45800.0
2010-10-06,False,daily,406.61,407.8299,399.3,403.24,87300.0,206.0664876731149,206.68472261153852,202.36184188257735,204.358600352443,87300.0
2010-10-05,False,daily,405.85,409.16,402.85,407.81,66800.0,205.68132614085656,207.35880597213963,204.16095167141572,206.67463746089123,66800.0
2010-10-04,False,daily,403.45,409.74,399.39,403.61,94900.0,204.46502656530387,207.65274503623152,202.40745311666058,204.54611320367405,94900.0
2010-10-01,False,daily,402.05,405.5785,396.0,403.94,105600.0,203.7555184795648,205.54373225137215,200.68942996619242,204.71335439531254,105600.0
2010-09-30,False,daily,388.0,401.95,383.611,399.41,114300.0,196.63509804768347,203.70483933058344,194.4107901988915,202.41758894645687,114300.0
2010-09-29,False,daily,388.0,394.34,386.66,390.05,107400.0,196.63509804768347,199.8481560931018,195.95599745133325,197.6740206018014,107400.0
2010-09-28,False,daily,372.45,391.2,370.6,390.63,95500.0,188.75449038108172,198.25683081508706,187.81692612492654,197.9679596658933,95500.0
2010-09-27,False,daily,378.54,379.42,369.3701,371.76,86400.0,191.84085055404668,192.28682706508266,187.19362327160476,188.40480425311034,86400.0
2010-09-24,False,daily,380.0,385.55,375.23,380.0,142800.0,192.58076612917455,195.39345889764013,190.1633707227636,192.58076612917455,142800.0
2010-09-23,False,daily,357.8,381.0,355.46,375.75,274400.0,181.32999505531225,193.08755761898817,180.14410296914838,190.42690229746665,274400.0
2010-09-22,False,daily,364.5,366.73,358.0,360.22,97500.0,184.7254980370635,185.85564305934784,181.43135335327497,182.5564304606612,97500.0
2010-09-21,False,daily,375.48,376.95,363.57,365.58,67600.0,190.290068595217,191.035052085243,184.2541819515368,185.2728328460622,67600.0
2010-09-20,False,daily,367.51,377.49,367.51,375.12,75800.0,186.25094042140245,191.30871948974237,186.25094042140245,190.10762365888408,75800.0
2010-09-17,False,daily,359.0,367.89,354.51,367.25,149100.0,181.93814484308857,186.44352118753162,179.66265105382544,186.11917463405092,149100.0
2010-09-16,False,daily,362.5,362.71,355.32,357.16,118700.0,183.71191505743624,183.81834127029708,180.07315216057447,181.00564850183153,118700.0
2010-09-15,False,daily,368.0,369.33,359.0,363.01,179200.0,186.49926825141114,187.17330093286324,181.93814484308857,183.97037871724118,179200.0
2010-09-14,False,daily,375.68,375.68,368.07,371.98,89200.0,190.39142689317973,190.39142689317973,186.5347436556981,188.51629838086933,89200.0
2010-09-13,False,daily,382.0,382.0,367.99,375.88,141500.0,193.59434910880177,193.59434910880177,186.494200336513,190.49278519114245,141500.0
2010-09-10,False,daily,376.32,380.21,374.69,379.03,55200.0,190.71577344666042,192.6871923420354,189.88970331826422,192.08917838405532,55200.0
2010-09-09,False,daily,377.41,382.71,375.0,375.13,76900.0,191.2681761705573,193.95417106656944,190.04680868010647,190.11269157378223,76900.0
2010-09-08,False,daily,374.48,380.5,370.79,373.68,102000.0,189.78327710540339,192.83416187408136,187.91321650799114,189.37784391355248,102000.0
2010-09-07,False,daily,384.0,385.76,373.51,374.47,82300.0,194.607932088429,195.49988511050097,189.29168936028415,189.77820919050527,82300.0
2010-09-03,False,daily,390.5,393.93,383.71,388.91,74600.0,197.90207677221753,199.64037158227822,194.46096255638304,197.0962783034139,74600.0
2010-09-02,False,daily,376.99,387.9,376.75,386.14,97800.0,191.05532374483556,196.5844188987021,190.93369378728028,195.69246587663014,97800.0
2010-09-01,False,daily,366.14,377.92,363.32,376.24,190800.0,185.5566360803578,191.52663983036223,184.12748407908342,190.67523012747534,190800.0
2010-08-31,False,daily,374.0,377.72,360.23,360.23,323100.0,189.54001719029284,191.4252815323995,182.56149837555932,182.56149837555932,323100.0
2010-08-30,False,daily,384.37,388.29,370.49,370.49,172000.0,194.79544493966006,196.78206757972944,187.76117906104705,187.76117906104705,172000.0
2010-08-27,False,daily,378.07,388.555,370.52,384.82,157900.0,191.60265855383426,196.91636732453003,187.77638280574143,195.02350111007618,157900.0
2010-08-26,False,daily,373.06,380.0,369.92,374.74,160400.0,189.06363318986803,192.58076612917455,187.47230791185328,189.9150428927549,160400.0
2010-08-25,False,daily,366.54,380.07,366.54,374.71,164100.0,185.75935267628327,192.6162415334615,185.75935267628327,189.8998391480605,164100.0
2010-08-24,False,daily,358.25,378.01,355.11,369.6,189800.0,181.55805122572838,191.57225106444542,179.96672594771363,187.31013463511295,189800.0
2010-08-23,False,daily,350.24,375.74,350.0,368.78,274000.0,177.4986513923213,190.42183438256853,177.37702143476602,186.89456561346574,274000.0
2010-08-20,False,daily,344.99,349.43,339.29,347.68,182800.0,174.83799607079982,177.08815028557225,171.9492845788622,176.20126517839844,182800.0
2010-08-19,False,daily,337.94,348.4,333.46,345.61,219800.0,171.2651160676138,176.56615505106421,168.99469019324877,175.15220679448424,219800.0
2010-08-18,False,daily,335.05,349.9899,327.37,338.11,256900.0,169.80048866205246,177.3719028407189,165.90833002028387,171.35127062088213,256900.0
2010-08-17,False,daily,324.59,336.58,319.74,327.63,303600.0,164.499449678602,170.57587964146728,162.04151095300597,166.0400958076354,303600.0
2010-08-16,False,daily,304.0,321.14,295.56,315.65,877400.0,154.06461290333962,162.75101903874503,149.7872927293127,159.96873375966825,877400.0
2010-08-13,False,daily,347.95,351.71,337.85,343.48,168200.0,176.3380988806481,178.2436348823473,171.21950483353058,174.07274092118124,168200.0
2010-08-12,False,daily,363.0,364.03,348.83,348.83,200400.0,183.96531080234305,184.48730603685107,176.7840753916841,176.7840753916841,200400.0
2010-08-11,False,daily,376.46,377.062,360.62,363.25,192700.0,190.78672425523433,191.09181273210214,182.75914705658664,184.09200867479646,192700.0
2010-08-10,False,daily,383.8,385.13,378.0775,380.98,91100.0,194.5065737904663,195.1806064719184,191.60645949000786,193.0774217891919,91100.0
2010-08-09,False,daily,377.92,386.37,376.06,384.85,94000.0,191.52663983036223,195.80902791928727,190.5840076593089,195.0387048547706,94000.0
2010-08-06,False,daily,399.94,400.99,363.5,377.56,314900.0,202.68618843605807,203.21831950036238,184.21870654724987,191.34419489402933,314900.0
2010-08-05,False,daily,421.85,421.85,397.27,408.61,150800.0,213.78998997787443,213.78998997787443,201.3330551582557,207.08007065274214,150800.0
2010-08-04,False,daily,429.96,431.4,415.0,416.58,102400.0,217.90006896026284,218.62984870559444,210.31846827265113,211.11919882655664,102400.0
2010-08-03,False,daily,430.17,433.68,424.26,428.18,64200.0,218.00649517312374,219.7853333023695,215.01135746832523,216.99798010839461,64200.0
2010-08-02,False,daily,444.0,444.0,425.38,433.89,47200.0,225.01542147724604,225.01542147724604,215.5789639369165,219.89175951523038,47200.0
2010-07-30,False,daily,420.0,424.22,415.5,420.49,49400.0,212.85242572171924,214.99108580873272,210.57186401755794,213.1007535517279,49400.0
2010-07-29,False,daily,427.0,430.65,415.8001,422.25,66600.0,216.39996615041454,218.24975508823425,210.72395214365102,213.99270657379986,66600.0
2010-07-28,False,daily,430.77,430.77,422.83,423.92,36700.0,218.31057006701187,218.31057006701187,214.28664563789175,214.83904836178863,36700.0
2010-07-27,False,daily,432.99,432.99,424.87,430.77,47400.0,219.43564717439813,219.43564717439813,215.32050027711153,218.31057006701187,47400.0
2010-07-26,False,daily,427.25,433.34,421.91,431.72,46400.0,216.52666402286795,219.61302419583288,213.82039746726326,218.79202198233483,46400.0
2010-07-23,False,daily,419.71,432.24,416.1,425.41,89800.0,212.70545618967327,219.0555535570379,210.87593891144613,215.5941676816109,89800.0
2010-07-22,False,daily,415.33,415.963,406.8,412.49,94600.0,210.48570946428964,210.80650847734168,206.1627780561795,209.04642163321896,94600.0
2010-07-21,False,daily,430.7,432.03,411.86,415.37,80200.0,217.0909335907494,217.76130958721026,207.59478037772476,209.36396815785832,80200.0
2010-07-20,False,daily,434.89,434.89,418.11,428.82,108200.0,219.20287000065244,219.20287000065244,210.74504351898824,216.14333443785733,108200.0
2010-07-19,False,daily,426.55,448.88,426.55,436.12,98600.0,214.99915886495046,226.25441901605663,214.99915886495046,219.8228417868531,98600.0
2010-07-16,False,daily,436.05,437.19,423.94,425.9,59300.0,219.78755883967094,220.36216683663739,213.6836089771588,214.67153149825901,59300.0
2010-07-15,False,daily,435.91,445.04,432.89,441.43,78000.0,219.71699294530666,224.31889734206436,218.19478579544813,222.49930535167056,78000.0
2010-07-14,False,daily,431.35,439.66,427.92,437.38,56000.0,217.4185609574408,221.60715083006474,215.6896965455154,220.4579348361318,56000.0
2010-07-13,False,daily,427.0,434.83,426.99,433.29,52300.0,215.22597781112142,219.1726274744963,215.2209373900954,218.396402636489,52300.0
2010-07-12,False,daily,430.09,430.9,422.52,426.88,57000.0,216.78346790816207,217.1917420112698,212.96786919146373,215.16549275880914,57000.0
2010-07-09,False,daily,425.2,430.61,421.91,429.35,63200.0,214.31870202643753,217.0455698015152,212.66040350887644,216.4104767522365,63200.0
2010-07-08,False,daily,410.06,424.16,410.06,424.0,91500.0,206.68750459304087,213.7944982397313,206.68750459304087,213.71385150331494,91500.0
2010-07-07,False,daily,409.16,409.89,395.74,409.46,100000.0,206.23386670069894,206.6018174355985,199.46962168377797,206.38507933147955,100000.0
2010-07-06,False,daily,415.75,415.75,403.18,406.65,43000.0,209.55550415684712,209.55550415684712,203.21969492713802,204.9687210231675,43000.0
2010-07-02,False,daily,411.25,416.56,406.59,408.25,57900.0,207.2873146951374,209.9637782599549,204.93847849701135,205.77518838733096,57900.0
2010-07-01,False,daily,411.83,416.25,404.758,413.17,87100.0,207.57965911464666,209.8075252081482,204.0150733650442,208.2550755321336,87100.0
2010-06-30,False,daily,413.63,416.71,409.0,410.48,55400.0,208.48693489933055,210.0393845753452,206.15321996428256,206.89920227613376,55400.0
2010-06-29,False,daily,422.5,423.5,410.42,412.92,55700.0,212.95778834941171,213.46183045201386,206.86895974997765,208.12906500648305,55700.0
2010-06-28,False,daily,433.33,433.33,426.14,426.96,49900.0,218.41656432059307,218.41656432059307,214.79250160288356,215.2058161270173,49900.0
2010-06-25,False,daily,438.48,438.48,428.11,432.55,89900.0,221.0123811489942,221.0123811489942,215.7854645450098,218.0234114805634,89900.0
2010-06-24,False,daily,436.65,443.04,431.22,435.4,54200.0,220.08998410123223,223.31081313686002,217.35303548410252,219.45993147297952,54200.0
2010-06-23,False,daily,446.09,446.09,435.76,438.45,69300.0,224.8481415497966,224.8481415497966,219.6413866299163,220.99725988591612,69300.0
2010-06-22,False,daily,457.0,457.475,443.84,444.43,35100.0,230.34724088918614,230.5866608879222,223.71404681894174,224.01143165947704,35100.0
2010-06-21,False,daily,459.64,464.64,454.68,456.09,42800.0,231.67791204005584,234.19812255306664,229.17786321114914,229.88856257581818,42800.0
2010-06-18,False,daily,461.25,461.58,454.07,457.9,32000.0,232.4894198252453,232.655753719104,228.87039752856182,230.80087878152807,32000.0
2010-06-17,False,daily,458.58,458.58,452.34,457.27,38600.0,231.14362741129756,231.14362741129756,227.99840469106007,230.48333225688873,38600.0
2010-06-16,False,daily,450.21,462.85,450.0,458.19,57600.0,226.92479501251748,233.29588718940877,226.81894617097103,230.9470509912827,57600.0
2010-06-15,False,daily,445.51,459.61,443.99,457.82,57100.0,224.55579713028735,231.66279077697777,223.78965313433207,230.7605554133199,57100.0
2010-06-14,False,daily,451.44,451.61,441.96,444.3,64100.0,227.54476679871814,227.63045395616052,222.7664476660497,223.94590618613876,64100.0
2010-06-11,False,daily,443.2,451.22,441.66,451.22,52900.0,223.39145987327637,227.4338775361457,222.61523503526905,227.4338775361457,52900.0
2010-06-10,False,daily,440.06,456.56,440.06,449.64,75300.0,221.80876767110558,230.1254623640412,221.80876767110558,226.63749101403425,75300.0
2010-06-09,False,daily,442.0,451.51,437.62,439.46,126000.0,222.78660935015378,227.58004974590028,220.57890494075633,221.5063424095443,126000.0
2010-06-08,False,daily,442.7,445.0,436.49,438.54,68000.0,223.1394388219753,224.29873565796026,220.0093373648159,221.0426236751503,68000.0
2010-06-07,False,daily,450.07,453.59,442.27,442.7,50600.0,226.8542291181532,228.6284573193128,222.92270071785634,223.1394388219753,50600.0
2010-06-04,False,daily,457.07,461.49,449.05,449.63,53000.0,230.3825238363683,232.61038992986985,226.340106173499,226.63245059300823,53000.0
2010-06-03,False,daily,468.0,471.01,458.36,464.43,64500.0,235.89170401780987,237.40887074664238,231.0327381487251,234.0922737115202,64500.0
2010-06-02,False,daily,456.02,465.45,452.57,464.42,49400.0,229.85327962863602,234.60639665617438,228.1143343746586,234.08723329049417,49400.0
2010-06-01,False,daily,464.0,467.9199,450.66,451.71,69300.0,233.87553560740125,235.85133024539144,227.15161395868847,227.68085816642073,69300.0
2010-05-28,False,daily,468.22,477.7399,462.93,465.73,53900.0,236.00259328038237,240.80102369294463,233.33621055761694,234.747528444903,53900.0
2010-05-27,False,daily,480.57,485.4,461.0,470.0,156100.0,242.227513247519,244.66203660308742,232.3634092995948,236.8997882230142,156100.0
2010-05-26,False,daily,469.64,485.93,469.64,478.03,86100.0,236.7183330660774,244.92917891746657,236.7183330660774,240.9472463069095,86100.0
2010-05-25,False,daily,459.71,470.0,457.13,469.37,52800.0,231.71319498723798,236.8997882230142,230.41276636252442,236.58224169837484,52800.0
2010-05-24,False,daily,479.04,484.12,472.61,473.81,39900.0,241.45632883053773,244.01686271175666,238.21533811080585,238.8201886339284,39900.0
2010-05-21,False,daily,494.99,494.99,469.0,483.67,61600.0,249.49580036704214,249.49580036704214,236.39574612041204,243.7900437655857,61600.0
2010-05-20,False,daily,487.74,490.79,475.94,477.65,54900.0,245.8414951231765,247.37882353611306,239.893798312471,240.7557103079207,54900.0
2010-05-19,False,daily,501.72,503.12,491.57,495.59,47100.0,252.88800371755465,253.59366266119767,247.77197637614273,249.7982256286034,47100.0
2010-05-18,False,daily,518.0,520.12,499.98,501.72,74400.0,261.0938091479178,262.16237840543437,252.0109704590269,252.88800371755465,74400.0
2010-05-17,False,daily,502.5,514.16,491.95,513.24,76900.0,253.28115655758432,259.1582874739255,247.96351237513156,258.6945687395315,76900.0
2010-05-14,False,daily,510.27,510.27,497.67,501.86,50000.0,257.1975636948031,257.1975636948031,250.8466332020159,252.95856961191896,50000.0
2010-05-13,False,daily,514.68,517.55,511.37,511.37,38700.0,259.4203893672786,260.8669902017468,257.7520100076655,257.7520100076655,38700.0
2010-05-12,False,daily,502.31,521.4,499.0,514.68,72500.0,253.18538855808993,262.8075522967651,251.51700919847679,259.4203893672786,72500.0
2010-05-11,False,daily,492.1,506.5,490.08,498.13,44400.0,248.0391186905219,255.29732496799295,247.02095364326553,251.0784925692129,44400.0
2010-05-10,False,daily,503.0,506.95,492.05,499.49,66300.0,253.5331776088854,255.52414391416391,248.0139165853918,251.76398982875185,66300.0
2010-05-07,False,daily,487.98,489.95,468.02,476.52,94100.0,245.962465227801,246.95542816992725,235.90178485986192,240.18614273198025,94100.0
2010-05-06,False,daily,496.99,500.69,468.61,488.5,113800.0,250.50388457224645,252.3688403518744,236.19916970039722,246.2245671211541,113800.0
2010-05-05,False,daily,499.5,503.0,493.98,500.82,74800.0,251.76903024977787,253.5331776088854,248.98671784341394,252.4343658252127,74800.0
2010-05-04,False,daily,510.0,512.85,497.73,502.7,51800.0,257.0614723271005,258.4979923195167,250.87687572817205,253.38196497810475,51800.0
2010-05-03,False,daily,507.6,516.15,506.825,515.08,46800.0,255.85177128085536,260.16133125810376,255.46113865133864,259.6220062083195,46800.0
2010-04-30,False,daily,521.58,524.81,507.16,507.16,58600.0,262.8982798752335,264.5263358666384,255.6299927557104,255.6299927557104,58600.0
2010-04-29,False,daily,521.51,530.68,512.2525,524.68,99700.0,262.86299692805136,267.48506300891313,258.1968271632119,264.46081039330016,99700.0
2010-04-28,False,daily,521.19,527.7,514.79,525.03,48200.0,262.7017034552187,265.9830175431587,259.47583399856484,264.63722512921095,48200.0
2010-04-27,False,daily,529.0,532.96,509.91,517.51,70200.0,266.6382722765415,268.6342790028461,257.01610853786633,260.84682851764273,70200.0
2010-04-26,False,daily,529.5,537.13,529.5,532.27,34600.0,266.8902933278426,270.73613457069706,266.8902933278426,268.28648995205054,34600.0
2010-04-23,False,daily,539.58,541.6,533.64,538.77,32200.0,271.97103772207237,272.9892027693287,268.97702763261555,271.5627636189646,32200.0
2010-04-22,False,daily,537.05,539.97,530.0,539.58,30800.0,270.69581120248887,272.1676141420872,267.14231437914367,271.97103772207237,30800.0
2010-04-21,False,daily,542.0,547.58,538.07,540.06,59400.0,272.05636905553996,274.857244589359,270.08370940537714,271.08258795596845,59400.0
2010-04-20,False,daily,531.66,539.97,531.64,538.54,73400.0,266.866216184628,271.0374125441327,266.85617720422005,270.319625444964,73400.0
2010-04-19,False,daily,535.1,535.69,527.51,531.99,81300.0,268.592920814796,268.88907073683066,264.7831277499776,267.03185936135924,81300.0
2010-04-16,False,daily,541.0,541.66,528.0,535.7,98800.0,271.5544200351423,271.8857063886047,265.0290827699725,268.8940902270346,98800.0
2010-04-15,False,daily,526.08,546.95,523.99,541.38,126200.0,264.065340650809,274.54101670650846,263.01626719817784,271.7451606628934,126200.0
2010-04-14,False,daily,514.89,530.64,514.89,529.97,97200.0,258.44853111255895,266.3542281838224,258.44853111255895,266.01792234015596,97200.0
2010-04-13,False,daily,492.1,513.6,491.0,513.01,75600.0,247.009112937696,257.80101687624597,246.45696901525852,257.50486695421137,75600.0
2010-04-12,False,daily,492.0,494.48,489.0,492.1,46700.0,246.95891803565618,248.20375160624243,245.45307097446317,247.009112937696,46700.0
2010-04-09,False,daily,490.33,493.0,488.0,492.0,52600.0,246.12066317159207,247.46086705605387,244.95112195406548,246.95891803565618,52600.0
2010-04-08,False,daily,483.0,489.95,483.0,488.65,44400.0,242.44137685207713,245.92992254384095,242.44137685207713,245.27738881732398,44400.0
2010-04-07,False,daily,485.0,485.91,482.58,484.89,38900.0,243.44527489287248,243.90204850143436,242.2305582635101,243.39006050062872,38900.0
2010-04-06,False,daily,486.94,486.94,479.0,484.84,63600.0,244.41905599244396,244.41905599244396,240.43358077048643,243.36496304960883,63600.0
2010-04-05,False,daily,466.0,495.0,460.15,483.0,149400.0,233.90824350531665,248.46476509684922,230.97184173599024,242.44137685207713,149400.0
2010-04-01,False,daily,445.22,447.11,444.09,444.74,24100.0,223.47774286145295,224.42642651000457,222.91054046840355,223.23680733166208,24100.0
2010-03-31,False,daily,441.29,446.05,441.29,444.18,28700.0,221.5050832112901,223.89436054838302,221.5050832112901,222.95571588023938,28700.0
2010-03-30,False,daily,443.07,443.07,439.01,441.25,32000.0,222.39855246759794,222.39855246759794,220.36063944478337,221.4850052504742,32000.0
2010-03-29,False,daily,443.5,444.83,438.28,443.07,17100.0,222.61439054636895,223.28198274349785,219.99421665989308,222.39855246759794,17100.0
2010-03-26,False,daily,447.82,447.93,439.5,440.22,29100.0,224.7828103144869,224.83802470673066,220.60659446477825,220.9679977594646,29100.0
2010-03-25,False,daily,444.78,448.27,442.66,445.6,23700.0,223.25688529247796,225.00868737366585,222.1927533692349,223.66848348920408,23700.0
2010-03-24,False,daily,447.5,448.37,439.7,444.18,37200.0,224.62218662795965,225.05888227570563,220.70698426885778,222.95571588023938,37200.0
2010-03-23,False,daily,450.99,452.12,448.75,449.35,22300.0,226.37398870914754,226.9411911021969,225.24962290345675,225.55079231569536,22300.0
2010-03-22,False,daily,446.0,450.0,446.0,449.79,27200.0,223.86926309736313,225.87705917895383,223.86926309736313,225.77164988467032,27200.0
2010-03-19,False,daily,452.15,452.15,446.76,448.0,61700.0,226.95624957280882,226.95624957280882,224.25074435286535,224.87316113815848,61700.0
2010-03-18,False,daily,447.51,453.0,447.14,449.58,31600.0,224.62720611816363,227.38290624014687,224.44148498061648,225.6662405903868,31600.0
2010-03-17,False,daily,445.41,451.61,443.25,448.82,29500.0,223.57311317532853,226.6851971017941,222.48890329126954,225.28475933488457,29500.0
2010-03-16,False,daily,447.33,447.33,443.36,446.85,22800.0,224.53685529449203,224.53685529449203,222.5441176835133,224.29591976470118,22800.0
2010-03-15,False,daily,445.0,449.51,442.58,445.83,34100.0,223.36731407696547,225.63110415895898,222.15259744760309,223.78393176389554,34100.0
2010-03-12,False,daily,453.99,454.05,444.91,446.15,24200.0,227.87983577034058,227.90995271156442,223.32213866512967,223.94455545042277,24200.0
2010-03-11,False,daily,451.99,452.11,441.96,451.55,54100.0,226.87593772954523,226.93617161199293,221.84138905495652,226.65508016057024,54100.0
2010-03-10,False,daily,451.9,454.36,450.25,453.49,41000.0,226.8307623177094,228.0655569078877,226.00254643405324,227.62886126014172,41000.0
2010-03-09,False,daily,450.0,450.25,445.21,450.17,28600.0,225.87705917895383,226.00254643405324,223.47272337124897,225.96239051242145,28600.0
2010-03-08,False,daily,448.43,451.65,445.71,450.53,94400.0,225.0889992169295,226.70527506260999,223.7236978814478,226.1430921597646,94400.0
2010-03-05,False,daily,439.44,449.59,438.045,448.43,58400.0,220.5764775235544,225.67126008059077,219.87625864009965,225.0889992169295,58400.0
2010-03-04,False,daily,436.52,439.99,436.29,437.18,40300.0,219.11078638399317,220.8525494847731,218.9953381093017,219.44207273745565,40300.0
2010-03-03,False,daily,434.0,437.89,432.82,436.52,43800.0,217.84587485259104,219.79845654193798,217.25357500852178,219.11078638399317,43800.0
2010-03-02,False,daily,434.0,434.72,430.73,433.02,58600.0,217.84587485259104,218.20727814727738,216.20450155589066,217.3539648126013,58600.0
2010-03-01,False,daily,424.0,431.62,422.49,431.0,66000.0,212.8263846486143,216.65123618404456,212.0684416278138,216.340027791398,66000.0
2010-02-26,False,daily,418.0,422.715,414.37,420.31,46500.0,209.81469052622822,212.18138015740325,207.99261558218467,210.97419276334685,46500.0
2010-02-25,False,daily,416.5,423.12,412.48,419.26,62400.0,209.06176699563173,212.38466951066434,207.04393193363308,210.4471462919293,62400.0
2010-02-24,False,daily,416.1,429.99,412.99,420.3,77200.0,208.86098738747265,215.83305928079636,207.29992593403588,210.9691732731429,77200.0
2010-02-23,False,daily,416.0,417.37,412.27,412.51,25000.0,208.81079248543287,209.4984626433777,206.93852263934954,207.05899040424498,25000.0
2010-02-22,False,daily,418.0,418.74,414.66,415.33,24500.0,209.81469052622822,210.18613280132251,208.1381807981,208.47448664176642,24500.0
2010-02-19,False,daily,415.5,417.54,415.27,415.32,20500.0,208.55981797523404,209.5837939768453,208.44436970054258,208.46946715156247,20500.0
2010-02-18,False,daily,418.2,418.2,414.5,416.8,21700.0,209.91508033030777,209.91508033030777,208.05786895483638,209.21235170175103,21700.0
2010-02-17,False,daily,416.43,417.53,413.8,415.01,28700.0,209.02663056420388,209.57877448664132,207.706504640558,208.3138629552392,28700.0
2010-02-16,False,daily,411.05,417.51,410.52,414.77,53700.0,206.3261448344644,209.56873550623337,206.0601118536536,208.19339519034372,53700.0
2010-02-12,False,daily,407.0,411.08,403.3,408.56,32700.0,204.29325130185381,206.3412033050763,202.43603992638242,205.07629177367417,32700.0
2010-02-11,False,daily,412.65,414.1499,407.89,408.14,32700.0,207.12926326710067,207.88213660279516,204.73998593000772,204.86547318510713,32700.0
2010-02-10,False,daily,413.19,414.29,409.64,412.37,25500.0,207.4003157381154,207.95245966055288,205.61839671570365,206.98871754138932,25500.0
2010-02-09,False,daily,419.0,419.5,414.75,415.36,27600.0,210.3166395466259,210.56761405682474,208.1833562099358,208.48954511237838,27600.0
2010-02-08,False,daily,419.77,420.28,416.01,416.46,14600.0,210.7031402923321,210.95913429273492,208.81581197563685,209.0416890348158,14600.0
2010-02-05,False,daily,425.76,425.76,414.535,421.5,31300.0,213.70981492451418,213.70981492451418,208.0754371705503,211.5715120976201,31300.0
2010-02-04,False,daily,438.86,438.86,425.02,425.76,27200.0,220.28534709172374,220.28534709172374,213.3383726494199,213.70981492451418,27200.0
2010-02-03,False,daily,438.95,440.85,437.13,438.66,12000.0,220.3305225035595,221.2842256423151,219.41697528643576,220.1849572876442,12000.0
2010-02-02,False,daily,442.04,442.04,435.0,438.95,18800.0,221.88154497658834,221.88154497658834,218.3478238729887,220.3305225035595,18800.0
2010-02-01,False,daily,432.02,441.08,432.02,440.2,21600.0,216.85201579220362,221.39967391700657,216.85201579220362,220.9579587790566,21600.0
2010-01-29,False,daily,441.06,442.48,434.6,434.62,29900.0,221.3896349365986,222.10240254556334,218.14704426482965,218.1570832452376,29900.0
2010-01-28,False,daily,445.88,445.88,440.42,441.06,16200.0,223.80902921491543,223.80902921491543,221.06838756354412,221.3896349365986,16200.0
2010-01-27,False,daily,442.51,446.67,438.22,446.6,40800.0,222.11746101617524,224.20556894102958,219.96409971866925,224.17043250960177,40800.0
2010-01-26,False,daily,444.46,447.225,441.19,441.19,18300.0,223.0962616059507,224.4841506473503,221.45488830925032,221.45488830925032,18300.0
2010-01-25,False,daily,449.0,449.56,444.5,446.21,24800.0,225.37511015855617,225.65620160997887,223.1163395667666,223.97467239164664,24800.0
2010-01-22,False,daily,449.0,451.44,444.71,446.82,56700.0,224.24436494637058,225.4629757491972,222.1018074282861,223.155606114337,56700.0
2010-01-21,False,daily,441.55,449.9,441.55,446.82,60000.0,220.52360655249427,224.6938525375771,220.52360655249427,223.155606114337,60000.0
2010-01-20,False,daily,449.6,449.6,437.88,442.81,28700.0,224.5440233405083,224.5440233405083,218.6906960416854,221.15288918018342,28700.0
2010-01-19,False,daily,442.0,449.99,442.0,448.6,22200.0,220.74835034809755,224.73880129669777,220.74835034809755,224.04459268361214,22200.0
2010-01-15,False,daily,456.4,456.97,442.33,446.86,36200.0,227.94015180740206,228.2248272818329,220.91316246487327,223.17558334061283,36200.0
2010-01-14,False,daily,452.83,459.0,452.71,455.22,19100.0,226.15718436228283,229.23867151533207,226.09725268345528,227.35082363226465,19100.0
2010-01-13,False,daily,452.35,454.36,449.4,452.34,17500.0,225.91745764697268,226.92131326733394,224.44413720912902,225.91246334040372,17500.0
2010-01-12,False,daily,454.85,455.14,447.85,449.31,16400.0,227.16603428921306,227.31086917971294,223.67001969094002,224.39918845000838,16400.0
2010-01-11,False,daily,454.04,456.89,453.51,455.05,16800.0,226.76149545712718,228.18487282928118,226.4967972089722,227.2659204205923,16800.0
2010-01-08,False,daily,450.14,454.04,450.14,454.04,33200.0,224.81371589523218,226.76149545712718,224.81371589523218,226.76149545712718,33200.0
2010-01-07,False,daily,442.31,454.4,440.66,454.04,46100.0,220.90317385173535,226.94129049360978,220.0791132678567,226.76149545712718,46100.0
2010-01-06,False,daily,448.85,455.9,442.14,443.95,36300.0,224.16945034783618,227.69043647895398,220.818270640063,221.72224012904502,36300.0
2010-01-05,False,daily,442.02,443.34,439.25,443.34,27900.0,220.75833896123547,221.41758742833838,219.37491604163313,221.41758742833838,27900.0
2010-01-04,False,daily,441.4,443.6,437.06,442.06,24700.0,220.44869195395984,221.5474393991314,218.28116290303058,220.7783161875113,24700.0
2011-12-30,False,daily,378.0,393.96,375.59,376.81,30000.0,197.2773745858356,205.60686373501528,196.01960084839678,196.65631618436166,30000.0
2011-12-29,False,daily,372.6,381.63,372.31,379.5,13900.0,194.4591263774665,199.17186365923922,194.30777601072074,198.06022131038253,13900.0
2011-12-28,False,daily,382.0,382.0,371.63,372.27,20800.0,199.36496585129416,199.36496585129416,193.9528854955928,194.28690009806616,20800.0
2011-12-27,False,daily,379.4,381.4,375.92,380.3,8900.0,198.00803152874607,199.05182716147536,196.19182712779713,198.47773956347427,8900.0
2011-12-23,False,daily,376.0,382.43,376.0,380.96,15400.0,196.2335789531063,199.58938191233096,196.2335789531063,198.8221921222749,15400.0
2011-12-22,False,daily,366.0,377.66,363.51,374.29,28200.0,191.01460078945985,197.0999293282716,189.7150752267119,195.34113368712275,28200.0
2011-12-21,False,daily,362.95,366.22,353.89,365.41,24600.0,189.42281244954768,191.12941830906007,184.69441823328398,190.70668107780472,24600.0
2011-12-20,False,daily,351.01,363.87,351.01,361.26,12900.0,183.1913525221538,189.90295844060316,183.1913525221538,188.54080513989143,12900.0
2011-12-19,False,daily,356.2,356.2,348.06,350.53,18600.0,185.90000218908634,185.90000218908634,181.65175396387812,182.94084157029877,18600.0
2011-12-16,False,daily,354.05,363.4,350.0,353.79,35700.0,184.77792188390234,189.65766646691176,182.66423572762554,184.64222845164755,35700.0
2011-12-15,False,daily,355.0,358.911,352.45,353.85,14600.0,185.27372480944877,187.31486716925087,183.9428853777189,184.67354232062942,14600.0
2011-12-14,False,daily,353.77,355.66,350.0,352.05,25500.0,184.63179049532025,185.61817736824943,182.66423572762554,183.73412625117305,25500.0
2011-12-13,False,daily,357.0,359.47,348.92,352.82,43600.0,186.31752044217805,187.60660804859873,182.10058608595173,184.13598756977382,43600.0
2011-12-12,False,daily,344.84,356.16,341.39,355.15,32800.0,179.97124299518396,185.87912627643175,178.17069552872593,185.35200948190345,32800.0
2011-12-09,False,daily,335.0,350.36,333.67,345.0,72000.0,174.83576848215586,182.8521189415168,174.1416443863909,180.0547466458023,72000.0
2011-12-08,False,daily,366.18,366.18,333.27,335.29,48600.0,191.10854239640548,191.10854239640548,173.93288525984502,174.98711884890162,48600.0
2011-12-07,False,daily,345.75,348.08,341.98,346.2,36200.0,180.4461700080758,181.6621919202054,178.4786152403811,180.68102402543988,36200.0
2011-12-06,False,daily,353.4,357.3,346.37,347.34,44200.0,184.4386883032653,186.47408978708745,180.76974665422188,181.27598753609556,44200.0
2011-12-05,False,daily,369.63,376.7,347.68,350.34,50100.0,192.9090898628635,196.59890742456153,181.45343279365957,182.8416809851895,50100.0
2011-12-02,False,daily,361.11,369.74,357.17,366.71,33800.0,188.46252046743675,192.9664986226636,186.40624307096004,191.38514823907875,33800.0
2011-12-01,False,daily,360.4,366.32,355.144,358.79,42300.0,188.09197301781782,191.18160809069653,185.34887809500526,187.25171753347078,42300.0
2011-11-30,False,daily,358.9,358.91,349.95,358.91,56000.0,187.30912629327085,187.31434527143452,182.6381408368073,187.31434527143452,56000.0
2011-11-29,False,daily,345.68,349.97,343.3,348.0,55900.0,180.4096371609303,182.64857879313462,179.16752035798243,181.62044009489625,55900.0
2011-11-28,False,daily,347.21,350.85,343.0,344.04,36000.0,181.20814081996818,183.10784887153548,179.01095101307303,179.55372474209227,36000.0
2011-11-25,False,daily,333.73,349.37,330.0,343.76,32500.0,174.17295825537278,182.33544010331582,172.22627940033266,179.40759335351015,32500.0
2011-11-23,False,daily,340.75,344.0,335.0,336.19,39700.0,177.83668092625257,179.53284882943768,174.83576848215586,175.4568268836298,39700.0
2011-11-22,False,daily,344.22,349.04,342.66,343.19,27800.0,179.6476663490379,182.1632138239155,178.83350575550907,179.1101115981823,27800.0
2011-11-21,False,daily,343.4,349.82,341.28,345.15,34600.0,179.21971013961888,182.5702941206799,178.11328676892583,180.133031318257,34600.0
2011-11-18,False,daily,351.8,352.03,347.27,348.32,29900.0,183.6036517970819,183.72368829484574,181.23945468895005,181.78744739613293,29900.0
2011-11-17,False,daily,354.0,356.7,348.57,349.56,36200.0,184.7518269930841,186.16095109726865,181.91792185022408,182.4346006884251,36200.0
2011-11-16,False,daily,341.19,358.72,341.19,354.75,44600.0,178.06631596545301,187.21518468632524,178.06631596545301,185.1432503553576,44600.0
2011-11-15,False,daily,343.0,347.37,342.01,345.41,32900.0,179.01095101307303,181.29164447058653,178.494272174872,180.26872475051184,32900.0
2011-11-14,False,daily,340.0,344.8,338.045,340.67,21800.0,177.44525756397908,179.9503670825294,176.42494733298622,177.79492910094342,21800.0
2011-11-11,False,daily,338.0,344.25,336.26,342.82,12200.0,176.4014619312498,179.66332328352883,175.49335973077532,178.9170094061274,12200.0
2011-11-10,False,daily,336.84,340.64,333.39,335.14,33600.0,175.7960604642668,177.77927216645244,173.9955129978088,174.9088341764469,33600.0
2011-11-09,False,daily,337.5,338.53,331.445,334.18,33200.0,176.14051302306748,176.67806777392306,172.98042174497957,174.40781227273686,33200.0
2011-11-08,False,daily,340.81,345.63,335.33,344.1,36200.0,177.86799479523447,180.38354227011203,175.0079947615562,179.58503861107414,36200.0
2011-11-07,False,daily,329.52,342.38,325.68,339.6,25300.0,171.9757684484776,178.68737436692695,169.97168083363738,177.23649843743326,25300.0
2011-11-04,False,daily,335.3,335.3,323.29,329.61,22700.0,174.99233782706526,174.99233782706526,168.7243450525259,172.02273925195044,22700.0
2011-11-03,False,daily,331.9,336.91,324.89,335.7,32000.0,173.21788525142546,175.83259331141235,169.5593815587093,175.2010969536111,32000.0
2011-11-02,False,daily,338.51,338.96,322.5,329.79,47700.0,176.66762981759575,176.90248383495984,168.3120457775978,172.11668085889607,47700.0
2011-11-01,False,daily,339.33,342.8,332.06,334.55,29200.0,177.09558602701478,178.9065714498001,173.3013889020438,174.60091446479177,29200.0
2011-10-31,False,daily,356.45,356.45,338.88,340.16,37800.0,186.03047664317748,186.03047664317748,176.8607320096507,177.52876121459744,37800.0
2011-10-28,False,daily,358.9,361.3599,354.71,361.1,27800.0,187.30912629327085,188.59294273174626,185.122374442703,188.4573014892731,27800.0
2011-10-27,False,daily,361.45,365.55,354.88,356.14,32600.0,188.6399657250007,190.77974677209576,185.211097071485,185.86868832010444,32600.0
2011-10-26,False,daily,353.0,357.46,348.12,350.21,47200.0,184.22992917671948,186.55759343770578,181.68306783286002,182.7738342690621,47200.0
2011-10-25,False,daily,348.95,352.0,343.42,345.22,23800.0,182.11624302044265,183.70803136035482,179.2301480959462,180.16956416540256,23800.0
2011-10-24,False,daily,346.43,351.95,342.97,349.84,31700.0,180.80106052320374,183.6819364695366,178.9952940785821,182.58073207700718,31700.0
2011-10-21,False,daily,342.87,348.04,338.65,346.14,36100.0,178.94310429694562,181.64131600755084,176.7406955118868,180.649710156458,36100.0
2011-10-20,False,daily,336.54,342.0,327.13,337.18,47300.0,175.63949111935744,178.48905319670837,170.72843266736612,175.9735057218308,47300.0
2011-10-19,False,daily,348.98,349.63,335.83,339.12,41200.0,180.87130452921542,181.20819016146936,174.05584904592357,175.76100863071673,41200.0
2011-10-18,False,daily,339.94,346.7,329.6,346.54,34700.0,176.18600281294482,179.68961338838608,170.82692983216631,179.60668769429282,34700.0
2011-10-17,False,daily,348.88,348.88,335.0,340.03,30100.0,180.8194759704071,180.8194759704071,173.62567200781464,176.23264851587228,30100.0
2011-10-14,False,daily,352.0,354.5,345.0,348.46,28000.0,182.43652700522614,183.7322409754337,178.80852788864493,180.60179602341222,28000.0
2011-10-13,False,daily,344.35,348.72,341.99,347.84,27700.0,178.471642256391,180.73655027631384,177.24848826851505,180.28045895880072,27700.0
2011-10-12,False,daily,344.0,351.82,342.3,345.56,33900.0,178.2902423005619,182.34323559937118,177.40915680082077,179.09876781797144,33900.0
2011-10-11,False,daily,344.27,346.29,337.74,339.36,39100.0,178.43017940934433,179.47711629727206,175.04577451916217,175.88539717185668,39100.0
2011-10-10,False,daily,335.25,344.0,333.06,344.0,37300.0,173.75524340483543,178.2902423005619,172.62019796693357,178.2902423005619,37300.0
2011-10-07,False,daily,330.0,334.85,324.33,330.33,32000.0,171.0342440673995,173.5479291696022,168.09556478296872,171.2052783114669,32000.0
2011-10-06,False,daily,319.75,329.375,318.02,328.99,30000.0,165.72181678954846,170.7103155748476,164.8251827221648,170.51077562343565,30000.0
2011-10-05,False,daily,322.5,327.939,318.43,321.69,42900.0,167.14710215677678,169.9660574703604,165.03767981327888,166.72729083042955,42900.0
2011-10-04,False,daily,308.95,320.3,308.5,320.0,39100.0,160.12433243825174,166.00687386299413,159.8911039236144,165.85138818656924,39100.0
2011-10-03,False,daily,324.09,325.82,311.82,313.75,46600.0,167.9711762418288,168.86781030921244,161.61181207605006,162.6121032610503,46600.0
2011-09-30,False,daily,322.74,331.88,318.64,326.97,58800.0,167.27149069791673,172.0086209729956,165.1465197867763,169.46383873550795,58800.0
2011-09-29,False,daily,321.0,326.47,318.0,323.84,49400.0,166.36967377465226,169.20469594146644,164.81481701040317,167.84160484480805,49400.0
2011-09-28,False,daily,322.5,325.79,313.31,315.14,30400.0,167.14710215677678,168.85226174156998,162.38405760229375,163.3325202284857,30400.0
2011-09-27,False,daily,328.28,334.13,317.06,320.78,44100.0,170.1427928558967,173.17476354618242,164.32762855760512,166.25565094527397,44100.0
2011-09-26,False,daily,327.81,327.81,315.5,323.81,35100.0,169.89919862949768,169.89919862949768,163.5191030401956,167.82605627716558,35100.0
2011-09-23,False,daily,311.54,329.86,311.54,325.92,60700.0,161.4666921113868,170.9616840850679,161.4666921113868,168.91963886802077,60700.0
2011-09-22,False,daily,311.21,316.91,309.42,313.0,47100.0,161.2956578673194,164.24988571939267,160.36792666465078,162.22338906998803,47100.0
2011-09-21,False,daily,333.03,334.18,316.65,318.5,28000.0,172.60464939929108,173.20067782558658,164.11513146649108,165.07395980444468,28000.0
2011-09-20,False,daily,341.04,344.92,334.4,334.4,34500.0,176.75611695983616,178.7670650415983,173.31470065496484,173.31470065496484,34500.0
2011-09-19,False,daily,339.93,343.85,331.71,337.93,57400.0,176.180819957064,178.21249946234948,171.92051242302148,175.14424878089793,57400.0
2011-09-16,False,daily,347.99,351.65,342.49,343.25,69000.0,180.3582017970132,182.25512704939706,177.50763106255656,177.90152810949965,69000.0
2011-09-15,False,daily,346.98,349.08,342.25,343.29,42800.0,179.83473335304936,180.9231330880237,177.3832425214166,177.92225953302298,42800.0
2011-09-14,False,daily,341.59,349.185,337.49,343.05,76400.0,177.0411740332818,180.97755307477243,174.9162031221414,177.79787099188303,76400.0
2011-09-13,False,daily,331.12,345.78,329.32,341.49,75700.0,171.6147239260525,179.2127906473497,170.68180986750306,176.9893454744735,75700.0
2011-09-12,False,daily,325.52,331.75,322.15,329.32,86500.0,168.71232463278753,171.9412438465448,166.96570220094773,170.68180986750306,86500.0
2011-09-09,False,daily,315.03,332.32,315.03,330.0,76900.0,163.27550881379656,172.23666663175214,163.27550881379656,171.0342440673995,76900.0
2011-09-08,False,daily,320.01,329.58,316.81,326.73,80800.0,165.85657104245004,170.81656412040462,164.19805716058437,169.33945019436803,80800.0
2011-09-07,False,daily,322.02,328.315,318.08,326.05,89000.0,166.89832507449694,170.1609328514796,164.8562798574498,168.98701599447156,89000.0
2011-09-06,False,daily,309.63,318.65,309.63,316.14,72300.0,160.4767666381482,165.1517026426571,160.4767666381482,163.85080581656874,72300.0
2011-09-02,False,daily,329.99,329.99,320.0,320.88,59400.0,171.0290612115187,171.0290612115187,165.85138818656924,166.3074795040823,59400.0
2011-09-01,False,daily,352.0,352.0,334.08,335.35,48300.0,182.43652700522614,182.43652700522614,173.14884926677826,173.80707196364372,48300.0
2011-08-31,False,daily,356.15,361.54,350.031,355.76,54500.0,184.5874121957707,187.38097151553825,181.41602268229067,184.38528081641834,54500.0
2011-08-30,False,daily,353.4,355.945,350.7,354.12,39600.0,183.16212682854237,184.4811636502137,181.7627557407182,183.53529245196216,39600.0
2011-08-29,False,daily,340.0,354.12,340.0,353.5,37000.0,176.2170999482298,183.53529245196216,176.2170999482298,183.2139553873507,37000.0
2011-08-26,False,daily,337.18,342.29,330.02,336.65,34500.0,174.75553458983566,177.40397394493993,171.04460977916116,174.48084322815166,34500.0
2011-08-25,False,daily,347.28,347.28,335.6,337.51,18800.0,179.99021902947425,179.99021902947425,173.93664336066448,174.92656883390305,18800.0
2011-08-24,False,daily,337.29,346.37,333.4,345.1,29200.0,174.8125460045248,179.5185791443187,172.7964150668818,178.86035644745326,29200.0
2011-08-23,False,daily,335.61,341.08,334.27,338.65,34900.0,173.9418262165453,176.77684838335946,173.24732352851404,175.5174144043177,34900.0
2011-08-22,False,daily,340.0,342.39,331.74,335.36,20900.0,176.2170999482298,177.45580250374823,171.93606099066398,173.81225481952455,20900.0
2011-08-19,False,daily,332.27,345.99,332.27,338.51,44900.0,172.21075235234798,179.32163062084715,172.21075235234798,175.4448544219861,44900.0
2011-08-18,False,daily,353.97,353.97,332.02,333.73,45600.0,183.45754961374973,183.45754961374973,172.08118095532723,172.9674493109492,45600.0
2011-08-17,False,daily,367.38,371.25,357.85,359.11,21700.0,190.40775934994312,192.41352457582445,185.46849769551187,186.12153753649648,21700.0
2011-08-16,False,daily,360.99,369.74,357.47,368.29,31700.0,187.09591444209258,191.6309133378191,185.27154917204032,190.8793992350987,31700.0
2011-08-15,False,daily,366.85,366.85,350.97,361.11,62800.0,190.13306798825914,190.13306798825914,181.90269284950065,187.15810871266254,62800.0
2011-08-12,False,daily,364.0,364.0,353.4,357.04,23200.0,188.6559540622225,188.6559540622225,183.16212682854237,185.0486863691646,23200.0
2011-08-11,False,daily,353.96,366.16,349.01,365.19,28200.0,183.45236675786887,189.77545093248185,180.8868530968579,189.2727139120413,28200.0
2011-08-10,False,daily,346.06,361.83,346.01,350.0,52400.0,179.35791061201294,187.5312743360823,179.3319963326088,181.39995582906008,52400.0
2011-08-09,False,daily,355.96,360.0,340.0,357.5,103600.0,184.48893793403494,186.58281170989036,176.2170999482298,185.2870977396828,103600.0
2011-08-08,False,daily,373.56,376.14,350.91,350.91,64800.0,193.61076428429624,194.94794110155044,181.87159571421566,181.87159571421566,64800.0
2011-08-05,False,daily,393.87,393.87,368.94,382.85,153700.0,204.13714457826256,204.13714457826256,191.21628486735264,198.4256373975876,153700.0
2011-08-04,False,daily,386.82,388.46,366.04,368.22,66600.0,200.4832311822772,201.33321954673337,189.71325666191188,190.84311924393288,66600.0
2011-08-03,False,daily,399.75,399.75,386.34,392.6,44900.0,207.18466383619077,207.18466383619077,200.23445409999735,203.47892188139713,44900.0
2011-08-02,False,daily,394.66,400.81,385.21,399.75,78300.0,204.54659019284816,207.73404655955878,199.6487913854635,207.18466383619077,78300.0
2011-08-01,False,daily,419.72,419.72,393.77,399.16,55400.0,217.53482703020887,217.53482703020887,204.08531601945424,206.8788753392218,55400.0
2011-07-29,False,daily,405.88,406.0,388.0,402.3,82000.0,210.36175449113975,210.4239487617097,201.0948081762152,208.5062920858025,82000.0
2011-07-28,False,daily,418.57,418.57,403.38,409.86,39400.0,216.93879860391337,216.93879860391337,209.06604052093218,212.4245311317102,39400.0
2011-07-27,False,daily,426.9,430.86,419.4,419.82,56700.0,221.25611755264498,223.3085284814538,217.36897564202226,217.58665558901717,56700.0
2011-07-26,False,daily,428.13,430.32,423.0,426.8,32000.0,221.89360882598712,223.02865426388897,219.2348037591212,221.2042889938367,32000.0
2011-07-25,False,daily,424.81,428.11,418.7,426.51,26900.0,220.17290067355148,221.88324311422548,217.00617573036416,221.05398617329263,26900.0
2011-07-22,False,daily,421.15,426.46,420.33,423.54,32100.0,218.27597542116757,221.02807189388847,217.8509812389395,219.51467797668604,32100.0
2011-07-21,False,daily,417.45,428.3,416.37,427.45,37200.0,216.3583187452604,221.98171737596124,215.7985703101307,221.54117462609068,37200.0
2011-07-20,False,daily,420.0,422.11,417.96,419.2,32300.0,216.48974719161956,217.57735044536793,215.4382255624031,216.07738576839742,32300.0
2011-07-19,False,daily,418.25,419.52,413.49,418.21,37400.0,215.58770657832113,216.24233033768627,213.13415611014946,215.56708850716,37400.0
2011-07-18,False,daily,411.62,413.55,406.85,412.73,38700.0,212.17026128336772,213.1650832168911,209.71155629740576,212.74241275808842,38700.0
2011-07-15,False,daily,415.0,416.33,410.81,413.01,31500.0,213.91248829648123,214.598039162588,211.7527453423553,212.88673925621617,31500.0
2011-07-14,False,daily,417.46,418.66,414.73,417.68,56400.0,215.18049967288925,215.7990418077225,213.77331631614376,215.29389906427537,56400.0
2011-07-13,False,daily,408.0,417.16,406.58,415.84,64700.0,210.30432584328756,215.02586413918098,209.57238431706827,214.34546779086443,64700.0
2011-07-12,False,daily,406.53,411.83,398.89,407.63,43500.0,209.5466117281169,212.27850615696352,205.60856013634552,210.11360868504732,43500.0
2011-07-11,False,daily,411.55,411.55,404.14,405.86,30900.0,212.1341796588358,212.1341796588358,208.31468197624076,209.20125903616835,30900.0
2011-07-08,False,daily,420.0,421.98,412.68,415.38,35700.0,216.48974719161956,217.51034171409432,212.71664016913704,214.10835997251172,35700.0
2011-07-07,False,daily,420.69,424.25,418.62,422.7,40600.0,216.84540891914864,218.68041725248713,215.77842373656136,217.88146699499424,40600.0
2011-07-06,False,daily,423.0,423.0,417.22,417.34,27900.0,218.03610252870254,218.03610252870254,215.05679124592265,215.11864545940594,27900.0
2011-07-05,False,daily,421.31,422.69,418.03,419.56,55800.0,217.1649890221458,217.87631247720395,215.47430718693502,216.26294840884736,55800.0
2011-07-01,False,daily,423.95,423.95,418.05,422.21,51500.0,218.52578171877883,218.52578171877883,215.4846162225156,217.62889562327067,51500.0
2011-06-30,False,daily,419.68,420.5,413.86,418.95,57100.0,216.3248026223307,216.7474730811334,213.3248732683897,215.9485228236405,57100.0
2011-06-29,False,daily,416.9,419.75,411.13,417.45,40600.0,214.89184667663378,216.36088424686264,211.91768991164415,215.175345155099,40600.0
2011-06-28,False,daily,415.28,419.25,415.0,417.13,35000.0,214.05681479460895,216.1031583573488,213.91248829648123,215.01040058581015,35000.0
2011-06-27,False,daily,406.53,415.295,401.5,414.0,34200.0,209.5466117281169,214.0645465712944,206.95388927960772,213.39703651745356,34200.0
2011-06-24,False,daily,410.0,413.1,404.79,405.73,47700.0,211.3352294013429,212.93312991632868,208.64972563260878,209.13425030489478,47700.0
2011-06-23,False,daily,410.0,414.12,403.85,411.97,44600.0,211.3352294013429,213.45889073093687,208.16520096032275,212.3506694060274,44600.0
2011-06-22,False,daily,414.0,416.75,410.44,411.45,44000.0,213.39703651745356,214.81452890977963,211.56202818411506,212.082634480933,44000.0
2011-06-21,False,daily,417.6,417.6,411.91,415.62,42000.0,215.25266292195317,215.25266292195317,212.31974229928574,214.23206839947838,42000.0
2011-06-20,False,daily,417.58,420.75,415.83,415.95,19000.0,215.2423538863726,216.8763360258903,214.34031327307417,214.4021674865575,19000.0
2011-06-17,False,daily,420.69,421.0,413.87,418.98,57300.0,216.84540891914864,217.0051989706472,213.33002778617995,215.96398637701134,57300.0
2011-06-16,False,daily,415.23,419.25,412.04,418.36,28300.0,214.0310422056576,216.1031583573488,212.38675103055934,215.6444062740142,28300.0
2011-06-15,False,daily,420.5,423.89,414.65,415.54,32900.0,216.7474730811334,218.49485461203716,213.73208017382152,214.19083225715616,32900.0
2011-06-14,False,daily,420.0,422.5,417.99,421.71,23500.0,216.48974719161956,217.7783766391887,215.45368911577395,217.37116973375686,23500.0
2011-06-13,False,daily,418.22,418.84,415.0,415.67,25100.0,215.57224302495032,215.89182312794745,213.91248829648123,214.25784098842976,25100.0
2011-06-10,False,daily,420.61,422.97,416.0,416.14,33800.0,216.80417277682642,218.02063897533174,214.4279400755089,214.50010332457276,33800.0
2011-06-09,False,daily,421.18,424.72,416.74,424.72,31100.0,217.0979802908722,218.92267958863013,214.80937439198937,218.92267958863013,31100.0
2011-06-08,False,daily,420.61,424.2899,417.7,420.3,31700.0,216.80417277682642,218.70098377847032,215.3042080998559,216.64438272532786,31700.0
2011-06-07,False,daily,417.55,426.99,417.55,423.98,40400.0,215.22689033300176,220.09275512702294,215.22689033300176,218.54124527214967,40400.0
2011-06-06,False,daily,412.54,418.89,412.54,418.7,27200.0,212.64447692007317,215.91759571689883,212.64447692007317,215.81965987888358,27200.0
2011-06-03,False,daily,420.0,424.6,409.11,414.88,63000.0,216.48974719161956,218.86082537514682,210.87647731800828,213.85063408299789,63000.0
2011-06-02,False,daily,445.99,454.97,422.23,426.42,171000.0,229.88633892854858,234.51509590421702,217.63920465885124,219.79894761297717,171000.0
2011-06-01,False,daily,411.75,415.39,405.67,405.96,68700.0,212.2372700146413,214.113514490302,209.1033231981531,209.25280421407112,68700.0
2011-05-31,False,daily,411.1,411.87,407.84,410.59,42300.0,211.90222635827334,212.29912422812464,210.22185355864312,211.63934595096921,42300.0
2011-05-27,False,daily,411.35,414.41,410.0,414.0,15300.0,212.03108930303026,213.6083717468549,211.3352294013429,213.39703651745356,15300.0
2011-05-26,False,daily,408.95,409.66,403.74,408.49,34200.0,210.79400503336385,211.1599757964735,208.10850126462972,210.55689721501113,34200.0
2011-05-25,False,daily,410.55,411.4,408.46,408.46,23100.0,211.61872787980812,212.0568618919816,210.54143366164027,210.54143366164027,23100.0
2011-05-24,False,daily,412.0,414.2901,410.31,411.77,21300.0,212.36613295939821,213.54656907854948,211.49501945284146,212.24757905022184,21300.0
2011-05-23,False,daily,415.8,416.22,411.35,413.37,19600.0,214.32484971970337,214.54133946689498,212.03108930303026,213.07230189666612,19600.0
2011-05-20,False,daily,422.85,422.85,416.09,416.67,18900.0,217.95878476184842,217.95878476184842,214.47433073562135,214.77329276745743,18900.0
2011-05-19,False,daily,417.32,422.0,416.58,420.9,23400.0,215.1083364238254,217.52065074967487,214.72690210734493,216.95365379274443,23400.0
2011-05-18,False,daily,420.0,422.65,412.821,415.79,29600.0,216.48974719161956,217.85569440604286,212.78931886997995,214.31969520191308,29600.0
2011-05-17,False,daily,415.97,418.37,414.13,417.51,15800.0,214.41247652213806,215.64956079180445,213.46404524872716,215.20627226184067,15800.0
2011-05-16,False,daily,413.73,419.0,411.02,415.8,35400.0,213.2578645371161,215.97429541259189,211.8609902159511,214.32484971970337,35400.0
2011-05-13,False,daily,421.25,423.21,415.05,416.52,35600.0,217.13406191540412,218.14434740229834,213.9382608854326,214.69597500060326,35600.0
2011-05-12,False,daily,426.0,426.54,419.25,426.18,33000.0,219.58245786578553,219.8608018264605,216.1031583573488,219.67523918601051,33000.0
2011-05-11,False,daily,423.04,427.82,416.47,422.78,55100.0,218.05672059986367,220.52058010361588,214.6702024116519,217.92270313731643,55100.0
2011-05-10,False,daily,419.7,423.0,416.795,420.95,22700.0,216.33511165791126,218.03610252870254,214.8377242398359,216.97942638169582,22700.0
2011-05-09,False,daily,417.0,417.0,407.9,415.73,43000.0,214.94339185453654,214.94339185453654,210.2527806653848,214.28876809517143,43000.0
2011-05-06,False,daily,425.84,428.41,408.18,412.25,62200.0,219.4999855811411,220.82469665324223,210.39710716351254,212.49499590415513,62200.0
2011-05-05,False,daily,442.11,443.46,430.45,432.56,23800.0,227.88638602592124,228.58224592760857,221.87621828245864,222.96382153620704,23800.0
2011-05-04,False,daily,448.0,448.0,437.26,442.25,19000.0,230.92239700439418,230.92239700439418,225.38644489763706,227.9585492749851,19000.0
2011-05-03,False,daily,440.0,449.32,433.03,448.35,26000.0,226.79878277217287,231.6027933527107,223.20608387235,231.10280512705387,26000.0
2011-05-02,False,daily,440.0,441.63,437.21,439.94,14000.0,226.79878277217287,227.63896917198795,225.36067230868565,226.7678556654312,14000.0
2011-04-29,False,daily,441.0,444.46,435.9,435.9,10000.0,227.3142345512005,229.09769770663624,224.68543047815942,224.68543047815942,10000.0
2011-04-28,False,daily,438.0,440.81,435.87,439.1,16300.0,225.76787921411753,227.21629871318527,224.6699669247886,226.33487617104797,16300.0
2011-04-27,False,daily,432.0,441.97,427.0,439.43,50700.0,222.67516853995153,227.81422277685738,220.0979096448132,226.5049752581271,50700.0
2011-04-26,False,daily,423.5,429.55,423.5,429.54,16000.0,218.29382841821638,221.41231168133376,218.29382841821638,221.4071571635435,16000.0
2011-04-25,False,daily,426.7,427.15,420.98,420.98,17600.0,219.9432741111049,220.17522741166735,216.99488993506668,216.99488993506668,17600.0
2011-04-21,False,daily,420.5,424.72,418.25,424.51,28100.0,216.7474730811334,218.92267958863013,215.58770657832113,218.8144347150343,28100.0
2011-04-20,False,daily,420.0,421.75,411.0,417.82,39400.0,216.48974719161956,217.39178780491795,211.85068118037057,215.36606231333923,39400.0
2011-04-19,False,daily,432.5,438.4,414.66,416.69,78500.0,221.68603648646788,224.71019282235264,212.54180783694514,213.58232264403767,78500.0
2011-04-18,False,daily,431.06,438.98,431.0,432.5,22500.0,220.9479373129638,225.00748276723624,220.91718318073447,221.68603648646788,22500.0
2011-04-15,False,daily,438.2,438.2,435.724,436.08,9800.0,224.60767904825485,224.60767904825485,223.33855852492422,223.5210330428183,9800.0
2011-04-14,False,daily,438.1,440.86,433.34,434.86,18200.0,224.55642216120597,225.97111224375544,222.11659433767858,222.89569902082178,18200.0
2011-04-13,False,daily,440.2,443.05,437.7,440.0,25800.0,225.63281678923272,227.09363807012622,224.35139461301037,225.53030301513496,25800.0
2011-04-12,False,daily,441.07,443.84,440.54,441.31,13300.0,226.0787517065581,227.4985674778125,225.807090205199,226.20176823547547,13300.0
2011-04-11,False,daily,440.14,443.49,439.0,440.68,15100.0,225.6020626570034,227.31916837314137,225.017734144646,225.87884984706744,15100.0
2011-04-08,False,daily,449.82,450.0,441.16,442.86,24300.0,230.56372932333636,230.6559917200244,226.12488290490214,226.99624998473334,24300.0
2011-04-07,False,daily,443.3,449.9,443.3,448.46,18200.0,227.22178028774846,230.60473483297548,227.22178028774846,229.8666356594714,18200.0
2011-04-06,False,daily,440.51,447.5,440.18,447.12,35800.0,225.7917131390843,229.374569543802,225.62256541182296,229.17979337301622,35800.0
2011-04-05,False,daily,445.51,445.51,437.86,439.96,34500.0,228.35455749152902,228.35455749152902,224.4334056322886,225.5098002603154,34500.0
2011-04-04,False,daily,442.71,446.5,436.621,446.29,24900.0,226.91936465415998,228.86200067331308,223.7983328017528,228.7543612105104,24900.0
2011-04-01,False,daily,439.64,441.52,437.82,441.25,23000.0,225.34577822175893,226.30940769827814,224.41290287746904,226.17101410324614,23000.0
2011-03-31,False,daily,440.0,443.19,437.54,437.56,15600.0,225.53030301513496,227.16539771199467,224.26938359373216,224.27963497114192,15600.0
2011-03-30,False,daily,440.0,443.46,440.0,443.08,12900.0,225.53030301513496,227.30379130702667,225.53030301513496,227.10901513624088,12900.0
2011-03-29,False,daily,433.99,438.89,424.0,437.0,49200.0,222.4497641034964,224.9613515688922,217.32920108731184,223.99259640366813,49200.0
2011-03-28,False,daily,440.72,444.98,436.12,436.12,22500.0,225.899352601887,228.0828959901699,223.54153579763786,223.54153579763786,22500.0
2011-03-25,False,daily,438.28,441.6,438.28,439.5,19100.0,224.64868455789394,226.35041320791726,224.64868455789394,225.27401857989048,19100.0
2011-03-24,False,daily,440.58,442.53,438.65,439.34,19700.0,225.82759296001853,226.82710225747195,224.83833503997485,225.19200756061224,19700.0
2011-03-23,False,daily,435.55,439.95,434.7,437.42,15700.0,223.24937154145917,225.5046745716105,222.81368800154354,224.2078753292735,15700.0
2011-03-22,False,daily,441.54,443.85,435.45,439.35,25500.0,226.31965907568792,227.5036931665174,223.19811465441026,225.19713324931715,25500.0
2011-03-21,False,daily,436.79,443.87,436.79,439.26,25400.0,223.88495694086546,227.51394454392715,223.88495694086546,225.15100205097312,25400.0
2011-03-18,False,daily,425.0,439.0,424.58,434.85,49900.0,217.8417699578008,225.017734144646,217.62649103219545,222.8905733321169,49900.0
2011-03-17,False,daily,419.97,426.6,419.53,422.08,30500.0,215.26354853924144,218.66188015058313,215.03801823622626,216.34506885597307,30500.0
2011-03-16,False,daily,418.99,422.95,414.61,417.51,43100.0,214.76123104616227,216.79100377329846,212.51617939342069,214.0026291178386,43100.0
2011-03-15,False,daily,425.45,430.0,418.54,418.7,37700.0,218.0724259495208,220.4046143102455,214.53057505444224,214.61258607372045,37700.0
2011-03-14,False,daily,421.0,430.99,421.0,427.43,33700.0,215.79149447584504,220.91205749202956,215.79149447584504,219.08731231308894,33700.0
2011-03-11,False,daily,422.0,427.889,418.51,424.11,44000.0,216.30406334633398,219.32258142464337,214.51519798832754,217.38558366306566,44000.0
2011-03-10,False,daily,420.02,424.68,417.35,418.15,76400.0,215.28917698276587,217.67774791924435,213.9206180985604,214.33067319495154,76400.0
2011-03-09,False,daily,427.85,430.42,424.09,425.5,67000.0,219.3025912386943,220.61989323585087,217.37533228565584,218.09805439304526,67000.0
2011-03-08,False,daily,427.05,434.05,425.31,425.9,63600.0,218.89253614230313,222.48051823572575,218.00066630765238,218.30308194124083,63600.0
2011-03-07,False,daily,440.5,442.74,430.02,432.02,43700.0,225.78658745037941,226.93474172027464,220.4148656876553,221.44000342863316,43700.0
2011-03-04,False,daily,432.31,440.44,432.31,436.54,38300.0,221.58864840107498,225.75583331815008,221.58864840107498,223.75681472324322,38300.0
2011-03-03,False,daily,434.36,442.47,430.57,431.56,43100.0,222.63941458557733,226.79634812524264,220.6967785664242,221.20422174820828,43100.0
2011-03-02,False,daily,431.0,436.87,423.0,430.4,49400.0,220.91718318073447,223.92596245050456,216.8166322168229,220.60964185844108,49400.0
2011-03-01,False,daily,437.75,442.92,427.0,433.27,71700.0,224.37702305653482,227.02700411696267,218.86690769877868,222.08071451674437,71700.0
2011-02-28,False,daily,428.2,441.19,428.2,433.09,89600.0,219.48199034336542,226.14025997101677,219.48199034336542,221.98845212005634,89600.0
2011-02-25,False,daily,419.07,432.45,415.58,429.31,40800.0,214.80223655580136,221.66040804294343,213.01337119779495,220.05094178960815,40800.0
2011-02-24,False,daily,410.02,416.23,402.08,415.49,100200.0,210.16348827787644,213.34654096361277,206.0936914461942,212.96723999945095,100200.0
2011-02-23,False,daily,446.0,446.0,413.0,414.55,104400.0,228.6057162380686,228.6057162380686,211.69094351193348,212.48542526119135,104400.0
2011-02-22,False,daily,450.85,454.35,438.191,440.38,35700.0,231.09167525994,232.8856663066513,224.60306592842045,225.72507918592075,35700.0
2011-02-18,False,daily,447.54,455.685,445.255,451.17,44300.0,229.39507229862159,233.569945748754,228.22385242955434,231.25569729849644,44300.0
2011-02-17,False,daily,439.47,447.5,437.5,446.84,46900.0,225.2586415137758,229.374569543802,224.24888083891258,229.03627408927932,46900.0
2011-02-16,False,daily,430.76,439.49,428.8,438.94,33200.0,220.7941666518171,225.2688928911856,219.78953166565879,224.98698001241667,33200.0
2011-02-15,False,daily,429.0,433.0,426.1,432.09,32700.0,219.89204543975657,221.94232092171234,218.40559571533865,221.4758832495674,32700.0
2011-02-14,False,daily,430.45,434.99,430.39,432.08,19800.0,220.63527030196553,222.96233297398535,220.6045161697362,221.47075756086252,19800.0
2011-02-11,False,daily,433.03,433.03,427.0,429.4,23400.0,221.957697987827,221.957697987827,218.86690769877868,220.09707298795215,23400.0
2011-02-10,False,daily,427.81,434.41,427.81,431.98,30400.0,219.28208848387473,222.66504302910178,219.28208848387473,221.41950067381364,30400.0
2011-02-09,False,daily,429.74,430.0,427.5,429.25,22100.0,220.2713464039184,220.4046143102455,219.12319213402316,220.0201876573788,22100.0
2011-02-08,False,daily,430.25,430.25,427.65,430.14,18300.0,220.53275652786775,220.53275652786775,219.2000774645965,220.47637395211396,18300.0
2011-02-07,False,daily,435.26,435.47,430.49,431.14,33500.0,223.10072656901735,223.20836603182005,220.6557730567851,220.9889428226029,33500.0
2011-02-04,False,daily,443.7,445.0,430.0,434.84,36800.0,227.42680783594403,228.09314736757966,220.4046143102455,222.885447643412,36800.0
2011-02-03,False,daily,437.35,442.74,434.5,442.65,19200.0,224.17199550833925,226.93474172027464,222.71117422744575,226.88861052193064,19200.0
2011-02-02,False,daily,436.0,439.49,434.2,434.71,15000.0,223.48002753317917,225.2688928911856,222.55740356629906,222.81881369024842,15000.0
2011-02-01,False,daily,430.0,437.6,429.01,436.99,30600.0,220.4046143102455,224.3001377259615,219.89717112846145,223.98747071496322,30600.0
2011-01-31,False,daily,437.2,439.9,428.35,428.35,34800.0,224.0951101777659,225.47904612808605,219.5588756739388,219.5588756739388,34800.0
2011-01-28,False,daily,447.1,447.1,435.33,438.52,33700.0,229.16954199560647,229.16954199560647,223.13660638995157,224.7717010868113,33700.0
2011-01-27,False,daily,441.52,446.33,440.13,444.43,26100.0,226.30940769827814,228.77486396532996,225.5969369682985,227.80098311140097,26100.0
2011-01-26,False,daily,444.0,447.49,442.0,444.11,20400.0,226.3835366432294,228.16299282089804,225.36379098267432,226.43962265455994,20400.0
2011-01-25,False,daily,439.0,445.9,437.03,443.41,53800.0,223.83417249184168,227.35229502075674,222.82972301619492,226.08271167336568,53800.0
2011-01-24,False,daily,432.24,440.94,430.0,439.18,33600.0,220.38743215916548,224.82332578258013,219.2453170193438,223.92594960129165,33600.0
2011-01-21,False,daily,435.18,437.35,430.1,434.11,19100.0,221.88645828018147,222.99288232188374,219.29630430237157,221.3408943517845,19100.0
2011-01-20,False,daily,424.82,439.87,421.11,433.25,96700.0,216.6041757585061,224.27776185418315,214.71254755817642,220.9024037177458,96700.0
2011-01-19,False,daily,426.99,428.52,420.5,423.39,28100.0,217.7105998002084,218.49070523053302,214.40152513170713,215.87505761120923,28100.0
2011-01-18,False,daily,424.14,433.1,418.77,426.27,21100.0,216.25746223391738,220.8259227932042,213.51944513532698,217.34349136240854,21100.0
2011-01-14,False,daily,417.91,424.3,417.91,423.77,10300.0,213.08095450128832,216.3390418867618,213.08095450128832,216.0688092867147,10300.0
2011-01-13,False,daily,417.35,421.3,415.2,421.3,26600.0,212.7954257163329,214.80942339592917,211.69919913123616,214.80942339592917,26600.0
2011-01-12,False,daily,432.8,432.8,418.19,419.18,76500.0,220.67296094412092,220.67296094412092,213.223718893766,213.72849299574077,76500.0
2011-01-11,False,daily,418.44,431.56,418.095,430.14,114000.0,213.3511871013354,220.04071863457676,213.17528097488966,219.31669921558264,114000.0
2011-01-10,False,daily,428.89,428.94,409.0,415.0,102400.0,218.6793581777357,218.7048518192496,208.5379875835154,211.59722456518065,102400.0
2011-01-07,False,daily,442.7,443.0,438.96,442.56,32100.0,225.7207019638686,225.87366381295186,223.81377757863058,225.64931976762975,32100.0
2011-01-06,False,daily,441.83,444.24,434.0,440.7,48300.0,225.27711260152714,226.50590612249601,221.28480834045396,224.70095630331352,48300.0
2011-01-05,False,daily,438.2,445.71,437.75,440.0,35100.0,223.42627422761964,227.255419183004,223.19683145399475,224.34404532211923,35100.0
2011-01-04,False,daily,438.05,442.57,430.56,440.85,46400.0,223.34979330307803,225.6544184959325,219.53084580429922,224.77743722785516,46400.0
2011-01-03,False,daily,442.75,443.69,437.38,440.27,28100.0,225.74619560538247,226.22547606584337,223.00817850679206,224.48171098629416,28100.0
2012-12-31,False,daily,361.5,365.21,358.27,365.21,17200.0,198.81009546034642,200.85044249812756,197.03372863230513,200.85044249812756,17200.0
2012-12-28,False,daily,361.26,362.02,357.73,361.89,19800.0,198.67810535547648,199.09607402089793,196.7367508963478,199.02457938076006,19800.0
2012-12-27,False,daily,362.29,365.06,355.67,361.6,31800.0,199.24456288887666,200.76794868258386,195.60383582954748,198.86509133737556,31800.0
2012-12-26,False,daily,361.6,361.6,355.56,360.0,24600.0,198.86509133737556,198.86509133737556,195.5433403648154,197.9851573049093,24600.0
2012-12-24,False,daily,362.97,363.76,358.99,360.76,11000.0,199.6185348526748,200.053002281205,197.42969894691498,198.40312597033076,11000.0
2012-12-21,False,daily,368.16,368.16,357.55,361.51,46500.0,202.47282087048725,202.47282087048725,196.63775831769533,198.81559504804932,46500.0
2012-12-20,False,daily,367.64,369.65,364.6,368.48,31200.0,202.18684230993568,203.29225943822144,200.5149676482498,202.6488076769805,31200.0
2012-12-19,False,daily,371.71,371.71,365.57,367.35,33800.0,204.42517450502174,204.42517450502174,201.04842765543248,202.0273542665512,33800.0
2012-12-18,False,daily,369.07,372.48,368.55,372.47,23400.0,202.97328335145244,204.84864275814616,202.6873047909009,204.84314317044326,23400.0
2012-12-17,False,daily,364.54,370.51,364.44,368.61,39700.0,200.48197012203232,203.76522398067206,200.42697424500318,202.72030231711838,39700.0
2012-12-14,False,daily,368.3,369.0,362.11,365.03,24300.0,202.54981509832805,202.93478623753202,199.1455703102242,200.7514499194751,24300.0
2012-12-13,False,daily,366.73,372.23,366.73,369.95,57200.0,201.68637982897053,204.7111530655733,201.68637982897053,203.45724706930886,57200.0
2012-12-12,False,daily,376.49,379.18,373.61,374.32,48200.0,201.7106489772853,203.1518602863477,200.16764207390253,200.54803613688924,48200.0
2012-12-11,False,daily,375.96,380.03,373.78,376.65,65900.0,201.42669284576,203.60726162935995,200.25872234250497,201.7963715830288,65900.0
2012-12-10,False,daily,373.0,382.57,371.01,372.94,70500.0,199.84082463950548,204.96810799553782,198.77464973057084,199.80867866235167,70500.0
2012-12-07,False,daily,365.52,373.75,364.98,372.13,34700.0,195.83329282099743,200.24264935392807,195.5439790266132,199.37470797077526,34700.0
2012-12-06,False,daily,363.55,368.28,362.03,367.3,30700.0,194.77783323778075,197.31200777007257,193.9634684832176,196.78695680989375,30700.0
2012-12-05,False,daily,364.15,366.225,361.98,364.3,27000.0,195.0992930093188,196.2110080525547,193.93668016892278,195.17965795220334,27000.0
2012-12-04,False,daily,364.05,368.05,362.6,364.77,32100.0,195.04571638072915,197.18878152431634,194.2688552661788,195.43146810657484,32100.0
2012-12-03,False,daily,367.1,370.99,360.01,363.44,35500.0,196.6798035527144,198.76393440485293,192.88122058570607,194.7188989463321,35500.0
2012-11-30,False,daily,355.13,373.83,351.15,367.06,262700.0,190.2666811105297,200.2855106567998,188.13433129266045,196.6583729012785,262700.0
2012-11-29,False,daily,352.64,362.99,349.0,356.43,66400.0,188.93262305864667,194.47780411767855,186.98243377798235,190.96317728219555,66400.0
2012-11-28,False,daily,341.96,354.98,341.34,353.05,53100.0,183.21063912526887,190.1863161676452,182.87846402801284,189.15228723586438,53100.0
2012-11-27,False,daily,335.34,356.19,335.34,346.87,83400.0,179.66386631263208,190.8345933735803,179.66386631263208,185.84125158902216,83400.0
2012-11-26,False,daily,350.11,357.08,343.0,344.11,57700.0,187.5771343553278,191.31142536802847,183.76783606260156,184.362536639947,57700.0
2012-11-23,False,daily,350.0,352.601,348.68,352.5,11800.0,187.51820006387914,188.9117281734967,186.81098856649535,188.85761577862112,11800.0
2012-11-21,False,daily,344.46,353.33,342.18,349.04,37100.0,184.55005484001086,189.30230179591547,183.32850770816617,187.00386442941823,37100.0
2012-11-20,False,daily,346.98,349.47,341.31,343.97,49500.0,185.90018588047081,187.23424393235385,182.86239103943598,184.28752935992145,49500.0
2012-11-19,False,daily,345.79,350.91,342.13,350.91,36100.0,185.26262400025362,188.00574738404524,183.30171939387134,188.00574738404524,36100.0
2012-11-16,False,daily,342.38,344.7899,333.37,342.75,41500.0,183.43566096534553,184.72680413772824,178.6084067294154,183.63389449112736,41500.0
2012-11-15,False,daily,335.0,348.92,334.36,340.0,56400.0,179.48170577542717,186.9395724751106,179.13881535245324,182.16053720491115,56400.0
2012-11-14,False,daily,338.0,340.95,334.8701,335.0,16800.0,181.08900463311755,182.6695151765131,179.41210973488916,179.48170577542717,16800.0
2012-11-13,False,daily,340.32,341.6199,336.77,338.0,19600.0,182.33198241639812,183.02842501143536,180.43001210146448,181.08900463311755,19600.0
2012-11-12,False,daily,339.0,342.74,334.95,337.92,34800.0,181.62477091901437,183.62853682826838,179.45491746113234,181.04614333024583,34800.0
2012-11-09,False,daily,336.0,340.65,336.0,339.23,30400.0,180.01747206132399,182.50878529074407,180.01747206132399,181.74799716477062,30400.0
2012-11-08,False,daily,338.0,342.4,336.22,339.44,38900.0,181.08900463311755,183.44637629106347,180.1353406442213,181.86050808480894,38900.0
2012-11-07,False,daily,344.98,344.98,336.74,338.16,44300.0,184.82865330867722,184.82865330867722,180.41393911288762,181.17472723886107,44300.0
2012-11-06,False,daily,350.54,352.39,344.86,345.4,36000.0,187.8075138582634,188.79868148717247,184.7643613543696,185.05367514875385,36000.0
2012-11-05,False,daily,356.05,356.39,347.1011,348.61,31900.0,190.75958609355476,190.94174663075967,185.9650671776929,186.7734849264826,31900.0
2012-11-02,False,daily,344.4,360.47,344.4,356.5,50700.0,184.51790886285707,193.12767307721862,184.51790886285707,191.00068092220832,50700.0
2012-11-01,False,daily,335.47,340.8,332.43,339.45,15000.0,179.73351592979867,182.5891502336286,178.1047864206724,181.86586574766793,15000.0
2012-10-31,False,daily,333.53,338.3,331.76,333.51,15600.0,178.69412933515886,181.2497345188866,177.74582300912155,178.68341400944095,15600.0
2012-10-26,False,daily,334.73,336.58,327.0,332.0,42300.0,179.33704887823504,180.3282165071441,175.19557548825279,177.8744069177368,42300.0
2012-10-25,False,daily,336.38,337.8399,331.41,331.98,28900.0,180.22106324996474,181.0032284507455,177.5583048090577,177.86369159201885,28900.0
2012-10-24,False,daily,337.49,339.24,334.21,335.0,37900.0,180.8157638273102,181.7533548276296,179.0584504095687,179.48170577542717,37900.0
2012-10-23,False,daily,338.06,340.0,336.1,337.42,36100.0,181.12115061027137,182.16053720491115,180.07104868991365,180.77826018729743,36100.0
2012-10-22,False,daily,346.96,348.505,339.108,342.32,32400.0,185.88947055475285,186.7172294664634,181.68263367789123,183.40351498819172,32400.0
2012-10-19,False,daily,350.87,353.0,341.67,345.75,22700.0,187.98431673260936,189.12549892156952,183.05526690235882,185.24119334881775,22700.0
2012-10-18,False,daily,350.0,352.89,348.01,351.15,22500.0,187.51820006387914,189.06656463012087,186.4520251549445,188.13433129266045,22500.0
2012-10-17,False,daily,360.75,360.75,350.51,352.98,28900.0,191.93851813865174,191.93851813865174,186.49028411026703,187.80445774797312,28900.0
2012-10-16,False,daily,355.8,364.0,355.8,361.69,13800.0,189.30485032219624,193.6676939777387,189.30485032219624,192.43864899672613,13800.0
2012-10-15,False,daily,357.24,359.48,356.02,359.48,16500.0,190.07100823243786,191.26280942614702,189.4219022251498,191.26280942614702,16500.0
2012-10-12,False,daily,360.0,361.03,357.0,359.49,12100.0,191.5394775604009,192.08749328786539,189.94331524739758,191.26812996719036,12100.0
2012-10-11,False,daily,358.31,362.0,357.13,358.6,15600.0,190.6403061240757,192.6035857690698,190.01248228096105,190.7946018143327,15600.0
2012-10-10,False,daily,361.35,361.35,356.8,358.05,12400.0,192.25775060125244,192.25775060125244,189.8369044265307,190.50197205694874,12400.0
2012-10-09,False,daily,359.58,361.14,350.73,359.65,30800.0,191.31601483658045,192.1460192393422,186.60733601322062,191.35325862388385,30800.0
2012-10-08,False,daily,365.21,365.21,359.36,361.0,19000.0,194.3114794439834,194.3114794439834,191.1989629336269,192.07153166473537,19000.0
2012-10-05,False,daily,367.72,371.668,363.26,366.06,16400.0,195.64693524586286,197.74748484977525,193.27397394053122,194.76372543266766,16400.0
2012-10-04,False,daily,363.82,367.2,360.88,365.79,20400.0,193.5719242389585,195.37026711160894,192.00768517221522,194.6200708244974,20400.0
2012-10-03,False,daily,366.92,366.92,360.91,361.44,14900.0,195.2212919623953,195.2212919623953,192.0236467953453,192.30563547064253,14900.0
2012-10-02,False,daily,362.94,368.75,362.78,366.0,13400.0,193.1037166271442,196.19495097332734,193.01858797045065,194.7318021864076,13400.0
2012-10-01,False,daily,362.36,368.28,362.12,364.39,25100.0,192.79512524663022,195.94488554429012,192.66743226158994,193.87519507842913,25100.0
2012-09-28,False,daily,359.0,365.01,359.0,363.03,33400.0,191.00742345606648,194.2050686231165,191.00742345606648,193.15160149653428,33400.0
2012-09-27,False,daily,358.27,361.445,355.845,358.55,23100.0,190.6190239599023,192.3082957411642,189.32879275689132,190.76799910911598,23100.0
2012-09-26,False,daily,362.26,364.12,357.25,360.78,26600.0,192.74191983619676,193.73154047025884,190.07632877348118,191.95447976178178,26600.0
2012-09-25,False,daily,369.895,371.98,358.49,360.34,33100.0,196.80415292279025,197.9134857303276,190.7360758628559,191.72037595587463,33100.0
2012-09-24,False,daily,368.86,373.61,365.14,369.72,17700.0,196.25347692480412,198.78073392039275,194.27423565667996,196.71104345453176,17700.0
2012-09-21,False,daily,364.42,369.25,362.39,369.25,44500.0,193.8911567015592,196.46097802549454,192.81108686976023,196.46097802549454,44500.0
2012-09-20,False,daily,363.29,363.83,359.23,361.76,13700.0,193.28993556366126,193.57724478000185,191.1297959000634,192.47589278402955,13700.0
2012-09-19,False,daily,360.26,365.34,360.26,363.17,12000.0,191.67781162752786,194.38064647754686,191.67781162752786,193.22608907114113,12000.0
2012-09-18,False,daily,362.86,365.43,360.36,362.33,14400.0,193.06115229879745,194.42853134693698,191.73101703796132,192.77916362350018,14400.0
2012-09-17,False,daily,360.56,364.43,360.2,362.98,19700.0,191.83742785882822,193.89647724260251,191.6458883812678,193.12499879131758,19700.0
2012-09-14,False,daily,353.05,359.97,353.05,359.76,17200.0,187.8417015352765,191.5235159372709,187.8417015352765,191.41178457536066,17200.0
2012-09-13,False,daily,348.16,355.96,347.535,354.1,19800.0,185.2399569650811,189.38997897888973,184.90742314987205,188.40035834482768,19800.0
2012-09-12,False,daily,352.01,352.68,348.26,350.68,12400.0,187.2883652667687,187.64484151667278,185.2931623755145,186.5807333080039,12400.0
2012-09-11,False,daily,350.19,352.92,349.33,349.61,15100.0,186.32002679688,187.77253450171304,185.86246026715236,186.01143541636603,15100.0
2012-09-10,False,daily,348.99,352.0,348.19,350.19,19100.0,185.68156187167867,187.28304472572535,185.2559185882111,186.32002679688,19100.0
2012-09-07,False,daily,352.26,356.01,346.78,348.44,28900.0,187.4213787928523,189.41658168410646,184.50572230109952,185.3889321142947,28900.0
2012-09-06,False,daily,350.32,354.82,349.96,353.29,9600.0,186.38919383044347,188.78343729994847,186.19765435288306,187.9693945203168,9600.0
2012-09-05,False,daily,359.44,359.44,347.92,348.6,36400.0,191.24152726197363,191.24152726197363,185.1122639800408,185.47406077098825,36400.0
2012-09-04,False,daily,351.97,356.35,346.76,354.86,24400.0,187.26708310259534,189.5974800795802,184.49508121901283,188.80471946412186,24400.0
2012-08-31,False,daily,354.85,357.0,352.04,352.5,12300.0,188.79939892307854,189.94331524739758,187.30432688989873,187.54907177789258,12300.0
2012-08-30,False,daily,351.26,357.12,349.95,355.0,24900.0,186.88932468851786,190.0071617399177,186.19233381183972,188.87920703872868,24900.0
2012-08-29,False,daily,352.04,352.75,346.495,349.99,15200.0,187.30432688989873,187.68208530397618,184.35408688136422,186.2136159760131,15200.0
2012-08-28,False,daily,349.86,358.15,347.8,352.98,21200.0,186.14444894244963,190.55517746738218,185.04841748752068,187.80445774797312,21200.0
2012-08-27,False,daily,350.5,351.75,348.11,349.24,21000.0,186.48496356922368,187.15003119964175,185.21335425986436,185.81457539776227,21000.0
2012-08-24,False,daily,349.355,352.47,349.13,351.77,11400.0,185.87576161976074,187.53311015476254,185.7560494462855,187.1606722817284,11400.0
2012-08-23,False,daily,352.5,352.5,349.13,350.16,11400.0,187.54907177789258,187.54907177789258,185.7560494462855,186.30406517374996,11400.0
2012-08-22,False,daily,355.3,355.53,352.02,354.72,17500.0,189.038823270029,189.16119571402592,187.293685807812,188.73023188951507,17500.0
2012-08-21,False,daily,356.63,359.4799,354.57,355.05,17300.0,189.74645522879382,191.26275622073658,188.65042377386487,188.9058097439454,17300.0
2012-08-20,False,daily,348.66,356.98,348.66,355.86,19900.0,185.5059840172483,189.93267416531089,185.5059840172483,189.33677356845632,19900.0
2012-08-17,False,daily,349.53,352.81,348.145,349.02,13600.0,185.96887108801926,187.71400855023626,185.23197615351603,185.69752349480868,13600.0
2012-08-16,False,daily,347.0,351.81,346.39,348.07,28600.0,184.62277420405312,187.1819544459018,184.2982212004091,185.19207209569097,28600.0
2012-08-15,False,daily,346.05,351.26,344.78,346.69,21800.0,184.11732280493538,186.88932468851786,183.44161409243063,184.45783743170944,21800.0
2012-08-14,False,daily,347.0,349.43,344.91,346.12,26300.0,184.62277420405312,185.91566567758582,183.51078112599413,184.1545665922388,26300.0
2012-08-13,False,daily,348.0,351.63,345.202,347.1,14900.0,185.15482830838755,187.0861847071216,183.66614092445977,184.67597961448658,14900.0
2012-08-10,False,daily,343.5,349.66,342.9,348.88,18900.0,182.76058483888255,186.03803812158276,182.44135237628186,185.62303592020186,18900.0
2012-08-09,False,daily,353.1,356.07,346.41,348.26,21800.0,187.86830424049325,189.44850493036654,184.3088622824958,185.2931623755145,21800.0
2012-08-08,False,daily,347.0,354.97,344.8,352.75,33300.0,184.62277420405312,188.86324541559867,183.45225517451732,187.68208530397618,33300.0
2012-08-07,False,daily,344.97,353.0,342.91,344.31,24800.0,183.5427043722542,187.81509883005978,182.44667291732523,183.19154866339343,24800.0
2012-08-06,False,daily,332.22,347.56,332.22,344.58,39900.0,176.75901454198998,184.9207245024804,176.75901454198998,183.33520327156373,39900.0
2012-08-03,False,daily,338.53,338.53,328.3,330.29,34900.0,180.11627594034033,180.11627594034033,174.67336245299896,175.7321501206245,34900.0
2012-08-02,False,daily,333.88,334.63,330.0,330.75,32500.0,177.64222435518516,178.041264933436,175.57785443036752,175.97689500861836,32500.0
2012-08-01,False,daily,340.0,347.37,336.5,336.5,38800.0,180.898395473712,184.81963422265684,179.03620610854142,179.03620610854142,38800.0
2012-07-31,False,daily,341.01,343.462,336.29,338.5,47300.0,181.43577011908977,182.74036678291782,178.9244747466312,180.10031431721032,47300.0
2012-07-30,False,daily,341.0,344.717,340.01,340.49,15300.0,181.43044957804642,183.40809468385757,180.90371601475533,181.15910198483587,15300.0
2012-07-27,False,daily,341.85,346.27,338.83,344.46,15800.0,181.88269556673072,184.23437470788895,180.27589217164066,183.2713567790436,15800.0
2012-07-26,False,daily,344.55,346.418,337.5,338.55,62200.0,183.31924164843372,184.31311871533046,179.56826021287586,180.12691702242705,62200.0
2012-07-25,False,daily,345.12,349.25,342.01,344.25,16700.0,183.62251248790434,185.81989593880562,181.9678242234242,183.15962541713338,16700.0
2012-07-24,False,daily,351.0,351.0,340.24,343.84,44500.0,186.75099062139088,186.75099062139088,181.02608845875224,182.94148323435624,44500.0
2012-07-23,False,daily,359.7,360.5,351.48,355.51,41400.0,191.37986132910058,191.80550461256814,187.00637659147145,189.15055463193926,41400.0
2012-07-20,False,daily,367.11,370.51,361.35,361.54,21900.0,195.32238224221885,197.13136619695595,192.25775060125244,192.358840881076,21900.0
2012-07-19,False,daily,361.19,369.5,361.19,366.78,21400.0,192.1726219445589,196.59399155157817,192.1726219445589,195.14680438778845,21400.0
2012-07-18,False,daily,361.25,365.6,357.19,363.88,15700.0,190.92918529125092,193.22826337019058,188.7833790842406,192.31920261254086,15700.0
2012-07-17,False,daily,355.6,361.72,355.41,360.64,11400.0,187.94302640711095,191.17759142851568,187.84260690481244,190.60678583650306,11400.0
2012-07-16,False,daily,356.74,360.01,353.21,356.51,20100.0,188.54554342090202,190.27381590782906,186.6798547729349,188.42398297075118,20100.0
2012-07-13,False,daily,354.06,356.1,350.39,355.65,16900.0,187.12909991479668,188.20728825526493,185.18941794934645,187.96945259192634,16900.0
2012-07-12,False,daily,361.0,367.59,352.205,353.0,20200.0,190.79705436717393,194.28002552584337,186.14868845814541,186.56886479671024,20200.0
2012-07-11,False,daily,363.0,364.0,356.93,364.0,17800.0,191.85410175978984,192.38262545609783,188.64596292320053,192.38262545609783,17800.0
2012-07-10,False,daily,363.33,366.47,359.41,364.03,27900.0,192.02851457957146,193.6880789859785,189.9567016900443,192.39848116698704,27900.0
2012-07-09,False,daily,367.81,368.824,359.58,360.69,37500.0,194.39630073903115,194.93222376708744,190.04655071841663,190.63321202131846,37500.0
2012-07-06,False,daily,373.33,375.44,366.2,368.5,20100.0,197.3137515426511,198.42893654186088,193.54537758797534,194.76098208948363,20100.0
2012-07-05,False,daily,378.0,378.54,374.15,375.0,12200.0,199.78195720440928,200.0673600004156,197.7471409736236,198.19638611548538,12200.0
2012-07-03,False,daily,380.71,380.71,376.35,380.19,9400.0,201.21425642140383,201.21425642140383,198.90989310550114,200.9394240993237,9400.0
2012-07-02,False,daily,375.0,381.11,373.0,381.11,35400.0,198.19638611548538,201.42566589992703,197.13933872286947,201.42566589992703,35400.0
2012-06-29,False,daily,372.94,375.955,367.11,373.82,19000.0,197.107627301091,198.70112624545948,194.02633415161557,197.57272815384198,19000.0
2012-06-28,False,daily,362.64,370.96,361.52,369.78,18400.0,191.66383322911898,196.06115038240122,191.07188668925406,195.43749242075782,18400.0
2012-06-27,False,daily,364.46,367.54,363.54,365.38,28700.0,192.62574635639947,194.253599341028,192.13950455579615,193.1119881570028,28700.0
2012-06-26,False,daily,365.5,366.68,362.5,363.55,13600.0,193.17541100055976,193.79906896220317,191.58983991163586,192.14478979275924,13600.0
2012-06-25,False,daily,367.52,367.52,360.595,362.9,14100.0,194.24302886710183,194.24302886710183,190.58300227016923,191.80124939015906,14100.0
2012-06-22,False,daily,370.12,372.99,363.63,369.23,106200.0,195.61719047750253,197.13405348590638,192.18707168846387,195.14680438778845,106200.0
2012-06-21,False,daily,376.5,376.5,365.19,366.31,30300.0,198.98917165994732,198.98917165994732,193.0115686547043,193.6035151945692,30300.0
2012-06-20,False,daily,378.3,379.24,370.09,375.39,28500.0,199.94051431330166,200.43732658783114,195.6013347666133,198.4025103570455,28500.0
2012-06-19,False,daily,376.75,379.88,373.24,376.92,20000.0,199.1213025840243,200.77558175346823,197.26618440998337,199.2111516123967,20000.0
2012-06-18,False,daily,373.78,377.75,372.443,374.8,16600.0,197.55158720598965,199.6498262803323,196.84495102402593,198.0906813762238,16600.0
2012-06-15,False,daily,372.53,374.49,369.02,374.35,34600.0,196.8909325856047,197.92683903036834,195.03581441156376,197.85284571288523,34600.0
2012-06-14,False,daily,366.0,372.97,364.98,370.01,18700.0,193.43967284871374,197.12348301198023,192.90057867847963,195.55905287090866,18700.0
2012-06-13,False,daily,367.63,368.13,363.66,364.91,22900.0,194.3011664736957,194.56542832184968,192.20292739935311,192.86358201973806,22900.0
2012-06-12,False,daily,365.07,367.52,362.0,367.52,26700.0,192.94814581114733,194.24302886710183,191.32557806348188,194.24302886710183,26700.0
2012-06-11,False,daily,366.0,366.0,362.1,363.51,35100.0,193.43967284871374,193.43967284871374,191.3784304331127,192.1236488449069,35100.0
2012-06-08,False,daily,361.0,366.24,358.9,364.12,16000.0,190.79705436717393,193.56651853582764,189.6871546049272,192.44604829965476,16000.0
2012-06-07,False,daily,363.77,364.35,359.99,360.7,14600.0,192.261065005947,192.5676087498056,190.2632454339029,190.63849725828155,14600.0
2012-06-06,False,daily,352.55,361.8775,349.3901,359.41,20400.0,186.33102913337166,191.26083391068417,184.66094710540816,189.9567016900443,20400.0
2012-06-05,False,daily,348.57,353.0,346.4,351.24,42700.0,184.22750482206598,186.56886479671024,183.08060840107768,185.63866309120823,42700.0
2012-06-04,False,daily,348.66,352.3,345.0,351.63,52300.0,184.2750719547337,186.19889820929467,182.34067522624656,185.84478733276833,52300.0
2012-06-01,False,daily,344.0,352.32,343.14,349.5,61600.0,181.8121515299386,186.20946868322082,181.35762115111373,184.7190318596324,61600.0
2012-05-31,False,daily,349.48,351.97,346.0901,348.82,50400.0,184.70846138570624,186.02448538951305,182.91681890759187,184.35963574614297,50400.0
2012-05-30,False,daily,347.0,350.26,343.61,349.0,41500.0,183.39772261886247,185.12070986882642,181.6060272883785,184.4547700114784,41500.0
2012-05-29,False,daily,347.0,352.28,347.0,350.76,47100.0,183.39772261886247,186.1883277353685,183.39772261886247,185.3849717169804,47100.0
2012-05-25,False,daily,339.59,347.47,339.59,344.56,45500.0,179.48136202922046,183.64612875612724,179.48136202922046,182.10812479987106,45500.0
2012-05-24,False,daily,335.0,341.73,335.0,339.35,48200.0,177.05543826316693,180.61240273931952,177.05543826316693,179.3545163421066,48200.0
2012-05-23,False,daily,331.0,336.06,331.0,335.14,40000.0,174.9413434779351,177.61567338125337,174.9413434779351,177.12943158065005,40000.0
2012-05-22,False,daily,330.0,335.78,330.0,332.5,54000.0,174.41281978162715,177.46768674628714,174.41281978162715,175.73412902239704,54000.0
2012-05-21,False,daily,332.81,336.56,327.73,327.75,63000.0,175.8979713682525,177.87993522940738,173.21307099100807,173.22364146493422,63000.0
2012-05-18,False,daily,334.45,338.01,330.0,333.0,50700.0,176.76475023019756,178.6462945890539,174.41281978162715,175.99839087055102,50700.0
2012-05-17,False,daily,340.88,342.26,333.08,334.01,75600.0,180.16315759745777,180.89252029836274,176.04067276625565,176.53219980382207,75600.0
2012-05-16,False,daily,337.76,349.712,337.76,342.0,132100.0,178.5141636649769,184.83107888324966,178.5141636649769,180.75510413732266,132100.0
2012-05-15,False,daily,329.5,340.11,329.5,334.75,95000.0,174.14855793347317,179.75619435130062,174.14855793347317,176.92330733908994,95000.0
2012-05-14,False,daily,332.26,336.13,329.22,330.02,58000.0,175.6072833352831,177.65267003999494,174.00057129850694,174.4233902555533,58000.0
2012-05-11,False,daily,335.25,339.15,332.626,336.2,91000.0,177.18756918724392,179.24881160284497,175.80072300813183,177.6896666987365,91000.0
2012-05-10,False,daily,338.94,358.35,334.6,337.0,57300.0,179.1378216266203,189.39646657195786,176.84402878464377,178.11248565578288,57300.0
2012-05-09,False,daily,341.92,373.839,337.22,338.93,68000.0,180.71282224161806,197.58277010407184,178.22876086897062,179.13253638965725,68000.0
2012-05-08,False,daily,348.31,349.46,341.14,345.0,60900.0,184.0900886610259,184.69789091178006,180.30057375849782,182.34067522624656,60900.0
2012-05-07,False,daily,354.54,357.4,342.73,348.5,87000.0,187.3827912890245,188.89436906046527,181.1409264356275,184.1905081633244,87000.0
2012-05-04,False,daily,377.04,377.91,350.0,357.62,77300.0,199.27457445595363,199.73439007174156,184.98329370778637,189.010644273653,77300.0
2012-05-03,False,daily,375.11,377.88,373.0,376.15,28000.0,198.25452372207928,199.71853436085232,197.13933872286947,198.80418836623954,28000.0
2012-05-02,False,daily,377.82,378.56,374.03,376.87,21000.0,199.68682293907383,200.07793047434174,197.68371813006664,199.18472542758127,21000.0
2012-05-01,False,daily,375.41,381.47,374.33,377.14,23200.0,198.41308083097167,201.61593443059792,197.84227523895905,199.3274268255844,23200.0
2012-04-30,False,daily,382.99,382.99,373.11,378.17,35000.0,202.419290448986,202.419290448986,197.19747632946334,199.87180623278164,35000.0
2012-04-27,False,daily,384.66,385.7,380.98,383.92,18600.0,203.3019250218203,203.85158966598055,201.356957819407,202.91081748655242,18600.0
2012-04-26,False,daily,379.45,387.16,379.45,380.03,19600.0,200.5483165640558,204.62323426259022,200.5483165640558,200.8548603079144,19600.0
2012-04-25,False,daily,379.3,385.65,377.08,378.22,16300.0,200.46903800960962,203.82516348116516,199.29571540380593,199.89823241759703,16300.0
2012-04-24,False,daily,373.7,379.95,372.11,373.65,40700.0,197.50930531028504,200.8125784122098,196.66895263315539,197.48287912546962,40700.0
2012-04-23,False,daily,378.01,379.59,370.0,373.58,33200.0,199.78724244137234,200.6223098815389,195.55376763394557,197.44588246672808,33200.0
2012-04-20,False,daily,384.25,387.0,380.01,382.39,20800.0,203.08523030633404,204.53867047118092,200.84428983398826,202.1021762312012,20800.0
2012-04-19,False,daily,371.41,380.74,371.41,380.13,28200.0,196.2989860457398,201.2301121322931,196.2989860457398,200.90771267754522,28200.0
2012-04-18,False,daily,378.23,379.55,372.76,372.96,34800.0,198.62335764030516,199.3165412378125,195.75084682336183,195.85587464116597,34800.0
2012-04-17,False,daily,372.34,382.43,371.29,379.39,34800.0,195.5302884059731,200.82894181419215,194.97889236250137,199.23251898356915,34800.0
2012-04-16,False,daily,388.0,390.7,371.71,372.19,53100.0,203.7539665400375,205.17184208039345,195.19945077989007,195.45151754262002,53100.0
2012-04-13,False,daily,381.87,389.66,381.59,387.47,23600.0,200.53486392434053,204.62569742781193,200.38782497941472,203.47564282285657,23600.0
2012-04-12,False,daily,379.13,383.95,378.91,383.73,15500.0,199.09598282042379,201.62715322950362,198.98045222083923,201.5116226299191,15500.0
2012-04-11,False,daily,378.0,383.42,375.91,379.2,27100.0,198.50257564983036,201.34882951232265,197.4050349537771,199.13274255665522,27100.0
2012-04-10,False,daily,371.5,377.11,371.5,373.69,28400.0,195.08917157119572,198.03520186060194,195.08917157119572,196.23922617615108,28400.0
2012-04-09,False,daily,370.26,374.83,369.84,374.3,17400.0,194.43799910081003,196.83788473763468,194.21744068342133,196.55956102045374,17400.0
2012-04-05,False,daily,373.2,376.51,371.9,376.17,17600.0,195.98190802253094,197.7201184071895,195.299227206804,197.54157111692248,17600.0
2012-04-04,False,daily,371.52,374.99,367.0,372.77,24500.0,195.09967435297614,196.92190699187802,192.7260456706025,195.756098214252,24500.0
2012-04-03,False,daily,372.5,375.04,365.83,372.91,47000.0,195.61431066021643,196.94816394632906,192.11163293644825,195.82961768671495,47000.0
2012-04-02,False,daily,375.17,375.78,367.46,374.15,36100.0,197.01643202790174,197.33676687220438,192.967609651552,196.4807901571006,36100.0
2012-03-30,False,daily,370.0,378.06,365.18,373.57,34000.0,194.30146293766464,198.5340839951716,191.7702925285848,196.1762094854686,34000.0
2012-03-29,False,daily,382.86,383.31,365.31,369.73,38000.0,201.05475162247106,201.29106421253036,191.8385606101575,194.15967538362906,38000.0
2012-03-28,False,daily,389.64,389.64,381.9,382.95,17500.0,204.61519464603148,204.61519464603148,200.55061809701115,201.1020141404829,17500.0
2012-03-27,False,daily,394.9,395.91,386.31,389.06,22700.0,207.37742625428044,207.90781673419139,202.86648147959252,204.31061397439947,22700.0
2012-03-26,False,daily,394.85,396.07,387.49,393.51,12300.0,207.35116929982942,207.9918389884347,203.48614560463696,206.64748292054165,12300.0
2012-03-23,False,daily,383.9,389.39,380.01,385.24,9800.0,201.60089627505258,204.4839098737763,199.558105218762,202.30458265434035,9800.0
2012-03-22,False,daily,388.34,389.01,383.78,385.8,16100.0,203.93251383030454,204.28435701994843,201.5378795843701,202.59866054419194,16100.0
2012-03-21,False,daily,394.0,394.25,387.94,387.94,11700.0,206.9048010741618,207.036085846417,203.7224581946963,203.7224581946963,11700.0
2012-03-20,False,daily,394.77,396.99,391.4,393.05,10300.0,207.30915817270775,208.47496695033377,205.53943944270793,206.40591893959214,10300.0
2012-03-19,False,daily,397.32,399.0,389.34,396.0,12300.0,208.6482628497106,209.5304965192654,204.45765291932526,207.95507925220323,12300.0
2012-03-16,False,daily,396.48,400.15,395.0,400.0,36900.0,208.2071460149332,210.1344064716392,207.42994016318252,210.0556356082861,36900.0
2012-03-15,False,daily,397.32,399.99,392.03,399.9,16900.0,208.6482628497106,210.0503842173959,205.87027706879098,210.00312169938402,16900.0
2012-03-14,False,daily,398.55,399.83,391.68,395.27,26900.0,209.29418392920607,209.96636196315256,205.68647838763377,207.57172771721812,26900.0
2012-03-13,False,daily,391.71,399.65,391.54,399.65,11000.0,205.70223256030437,209.87183692712884,205.61295891517088,209.87183692712884,11000.0
2012-03-12,False,daily,388.0,390.78,385.0,390.25,12800.0,203.7539665400375,205.2138532075151,202.17854927297537,204.93552949033412,12800.0
2012-03-09,False,daily,389.75,393.69,386.58,386.58,25200.0,204.67295994582378,206.7420079565654,203.0082690336281,203.0082690336281,25200.0
2012-03-08,False,daily,394.34,395.72,389.25,390.96,8400.0,207.08334836442884,207.80804030727745,204.4103904013134,205.30837824353884,8400.0
2012-03-07,False,daily,389.0,392.6,387.5,390.37,12700.0,204.27910562905825,206.1696063495328,203.49139699552717,204.99854618101662,12700.0
2012-03-06,False,daily,388.75,392.25,384.72,389.44,14900.0,204.14782085680307,205.98580766837557,202.0315103280496,204.51016682822734,14900.0
2012-03-05,False,daily,390.56,394.38,389.39,390.48,20900.0,205.09832260793056,207.10435392798968,204.4839098737763,205.05631148080892,20900.0
2012-03-02,False,daily,398.34,400.93,389.93,393.42,14300.0,209.18390472051172,210.54401496107536,204.7674849818475,206.6002204025298,14300.0
2012-03-01,False,daily,394.5,399.29,392.8,398.5,23000.0,207.16737061867218,209.68278685508142,206.27463416733696,209.26792697475503,23000.0
2012-02-29,False,daily,390.43,398.69,386.44,393.9,33000.0,205.03005452635787,209.36770340166896,202.9347495611652,206.85228716525972,33000.0
2012-02-28,False,daily,390.32,399.5,386.0,391.13,23200.0,204.97228922656558,209.79306606377574,202.7036883619961,205.39765188867236,23200.0
2012-02-27,False,daily,396.5,401.52,393.88,397.99,26000.0,208.2176487967136,210.85384702359758,206.84178438347934,209.00010603935448,26000.0
2012-02-24,False,daily,389.11,404.19,385.86,397.56,42000.0,204.33687092885052,212.2559683912829,202.6301688895332,208.77429623107557,42000.0
2012-02-23,False,daily,382.64,389.41,381.4,388.81,14100.0,200.93922102288647,204.49441265555674,200.28804855250078,204.17932920214432,14100.0
2012-02-22,False,daily,387.74,389.41,382.0,385.0,16800.0,203.61743037689214,204.49441265555674,200.60313200591324,202.17854927297537,16800.0
2012-02-21,False,daily,395.52,397.86,388.3,388.66,14000.0,207.70301248947328,208.9318379577818,203.91150826674374,204.10055833879122,14000.0
2012-02-17,False,daily,390.88,396.96,385.65,395.39,24600.0,205.26636711641717,208.4592127776631,202.51988968083884,207.6347444079006,24600.0
2012-02-16,False,daily,385.79,389.83,382.06,389.5,12800.0,202.59340915330176,204.71497107294542,200.6346403512545,204.5416751735686,12800.0
2012-02-15,False,daily,384.9,384.9,378.04,384.44,25900.0,202.1260353640733,202.1260353640733,198.5235812133912,201.88447138312378,25900.0
2012-02-14,False,daily,387.45,387.45,375.98,383.75,23200.0,203.46514004107613,203.46514004107613,197.44179469000852,201.52212541169948,23200.0
2012-02-13,False,daily,390.64,393.98,386.98,388.27,24300.0,205.1403337350522,206.89429829238142,203.2183246692364,203.8957540940731,24300.0
2012-02-10,False,daily,384.77,389.02,384.77,389.02,14700.0,202.0577672825006,204.28960841083864,202.0577672825006,204.28960841083864,14700.0
2012-02-09,False,daily,389.19,389.447,383.98,388.34,16200.0,204.37888205597218,204.5138428018505,201.64290740217425,203.93251383030454,16200.0
2012-02-08,False,daily,383.47,388.46,382.3,387.81,22000.0,201.3750864667737,203.99553052098705,200.76067373261947,203.65419011312358,22000.0
2012-02-07,False,daily,381.55,385.97,381.55,383.3,28800.0,200.3668194158539,202.6879341893255,200.3668194158539,201.28581282164018,28800.0
2012-02-06,False,daily,381.06,386.31,380.0,384.0,16900.0,200.10950126223375,202.86648147959252,199.55285382787181,201.65341018395466,16900.0
2012-02-03,False,daily,387.25,389.85,380.0,384.85,34100.0,203.36011222327198,204.72547385472586,199.55285382787181,202.09977840962227,34100.0
2012-02-02,False,daily,389.83,390.08,382.06,382.4,17700.0,204.71497107294542,204.8462558452006,200.6346403512545,200.8131876415215,17700.0
2012-02-01,False,daily,383.65,391.27,380.44,387.75,33600.0,201.4696115027974,205.47117136113525,199.7839150270409,203.62268176778235,33600.0
2012-01-31,False,daily,392.49,393.32,377.01,378.71,34500.0,206.11184104974055,206.54770649362771,197.98268795169986,198.87542440303505,34500.0
2012-01-30,False,daily,396.82,396.82,387.91,389.46,20600.0,208.38569330520022,208.38569330520022,203.70670402202566,204.52066961000776,20600.0
2012-01-27,False,daily,397.5,401.81,395.07,396.9,16700.0,208.74278788573432,211.0061373594136,207.46669989941398,208.4277044323219,16700.0
2012-01-26,False,daily,396.0,399.99,392.17,394.49,15600.0,207.95507925220323,210.0503842173959,205.9437965412539,207.16211922778197,15600.0
2012-01-25,False,daily,391.33,400.31,391.33,397.18,7000.0,204.23427247797628,208.9209148689308,204.23427247797628,207.28737470370945,7000.0
2012-01-24,False,daily,398.45,399.07,389.7,392.33,24700.0,207.95018493049255,208.27376157663863,203.3835790373019,204.75617029434093,24700.0
2012-01-23,False,daily,394.79,403.81,392.01,397.08,21700.0,206.04003892259797,210.74755722620705,204.58916299310425,207.235184922073,21700.0
2012-01-20,False,daily,399.0,405.0,388.51,394.38,27800.0,208.2372287294931,211.36861562768098,202.762520635828,205.82606081788845,27800.0
2012-01-19,False,daily,387.06,398.95,387.0,394.55,16400.0,202.00576880209925,208.21113383867487,201.97445493311739,205.91478344667044,16400.0
2012-01-18,False,daily,386.88,389.96,382.6,387.5,19800.0,201.91182719515362,203.5192724695567,199.67810454111296,202.2354038412997,19800.0
2012-01-17,False,daily,391.9,395.79,385.84,388.25,18100.0,204.53175423330413,206.5619367389626,201.36905346613437,202.62682720357319,18100.0
2012-01-13,False,daily,387.78,391.84,385.98,387.0,26800.0,202.3815352298818,204.50044036432223,201.44211916042545,201.97445493311739,26800.0
2012-01-12,False,daily,391.0,392.97,386.0,388.0,10700.0,204.06204619857596,205.09018489681432,201.45255711675273,202.496352749482,10700.0
2012-01-11,False,daily,388.93,392.5004,385.4,389.27,18000.0,202.98171771870113,204.84510168224946,201.13941842693393,203.15916297626512,18000.0
2012-01-10,False,daily,380.49,391.55,380.49,388.13,16800.0,198.57690014858355,204.34908999757653,198.57690014858355,202.56419946560942,16800.0
2012-01-09,False,daily,373.0,378.65,371.88,375.79,17500.0,194.66788550401236,197.6166081664726,194.08335994968394,196.12398041166972,17500.0
2012-01-06,False,daily,370.0,376.67,363.4,376.67,43700.0,193.10219205491842,196.5832504900706,189.65766646691176,196.5832504900706,43700.0
2012-01-05,False,daily,375.09,375.99,369.74,370.99,28600.0,195.75865194021446,196.22835997494263,192.9664986226636,193.61887089311944,28600.0
2012-01-04,False,daily,376.6,377.14,367.48,374.64,21900.0,196.54671764292507,196.82854246376198,191.78700955767954,195.52379792285038,21900.0
2012-01-03,False,daily,381.94,386.81,376.49,380.07,31500.0,199.33365198231226,201.87529434800808,196.48930888312498,198.35770306571038,31500.0
2013-12-31,False,daily,661.44,664.5,661.0,663.32,17800.0,363.76472902155336,365.4476028586451,363.52274716262514,364.79865150970124,17800.0
2013-12-30,False,daily,659.0,662.12,655.71,662.12,17100.0,362.4228296220423,364.13870098535153,360.61346526778357,364.13870098535153,17100.0
2013-12-27,False,daily,657.3,658.48,655.01,658.27,8800.0,361.4878997125469,362.13685106149074,360.22849412857954,362.02135971972956,8800.0
2013-12-26,False,daily,653.66,657.5,651.91,656.52,12100.0,359.4860497886861,361.5978914666052,358.52362194067615,361.05893187171955,12100.0
2013-12-24,False,daily,651.74,654.0,651.05,652.97,11200.0,358.4301289497266,359.6730357705852,358.0506573982255,359.1065782371851,11200.0
2013-12-23,False,daily,640.41,652.15,640.41,652.0,25000.0,352.1990960823249,358.6556120455461,352.1990960823249,358.57311823000236,25000.0
2013-12-20,False,daily,635.98,646.43,635.0,643.55,67700.0,349.7627787299339,355.5098478794792,349.22381913504836,353.9259666210399,67700.0
2013-12-19,False,daily,636.06,639.46,630.79,633.7,46900.0,349.8067754315572,351.6766352505481,346.9084927121215,348.50887273366953,46900.0
2013-12-18,False,daily,625.82,639.95,621.55,639.62,28800.0,344.17519762377316,351.9461150479909,341.8268736746288,351.76462865379466,28800.0
2013-12-17,False,daily,626.88,628.18,619.5,627.37,32300.0,344.75815392028204,345.47310032166087,340.6994581955314,345.0276337177248,32300.0
2013-12-16,False,daily,613.0,629.65,613.0,625.25,23700.0,337.1247261886372,346.2815397139893,337.1247261886372,343.86172112470706,23700.0
2013-12-13,False,daily,608.91,623.72,608.2085,616.43,25000.0,334.8753948181453,343.0202842061612,334.4895987407859,339.0110847707367,25000.0
2013-12-12,False,daily,609.44,613.0,606.02,610.6,31600.0,335.1668729663998,337.1247261886372,333.28601397200316,335.80482513993786,31600.0
2013-12-11,False,daily,620.94,622.82,608.89,609.01,32600.0,341.49139882475106,342.52532131289894,334.8643956427395,334.9303906951745,32600.0
2013-12-10,False,daily,606.99,625.91,605.01,620.39,62200.0,333.81947397918583,344.2246939130994,332.73055561400884,341.18892150109076,62200.0
2013-12-09,False,daily,621.43,623.7,604.09,607.48,37200.0,341.76087862219384,343.0092850307554,332.2245935453407,334.0889537766286,37200.0
2013-12-06,False,daily,626.05,627.49,614.03,625.95,26000.0,344.30168814094014,345.0936287701598,337.69118372203735,344.2466922639111,26000.0
2013-12-05,False,daily,622.45,627.7,619.12,622.53,21700.0,342.3218365678911,345.20912011192104,340.4904738628207,342.3658332695144,21700.0
2013-12-04,False,daily,642.0,642.0,613.55,622.45,34500.0,353.0735305270882,353.0735305270882,337.42720351229747,342.3218365678911,34500.0
2013-12-03,False,daily,656.21,656.21,623.65,637.19,29900.0,360.88844465292925,360.88844465292925,342.9817870922408,350.4282288419866,29900.0
2013-12-02,False,daily,642.0,686.5,588.09,649.62,0.0,353.0735305270882,377.5466958050562,323.4252532206781,357.2642163567088,0.0
2013-11-29,False,daily,658.0,673.5,658.0,673.5,0.0,361.87287085175086,370.3972317912678,361.87287085175086,370.3972317912678,0.0
2013-11-27,False,daily,658.0,660.34,656.48,660.34,7400.0,361.87287085175086,363.1597743742328,361.03693352090795,363.1597743742328,7400.0
2013-11-26,False,daily,651.56,657.385,650.0,657.04,12000.0,358.33113637107414,361.5346462080216,357.47320068941957,361.3449104322711,12000.0
2013-11-25,False,daily,656.61,661.61,651.09,653.51,7800.0,361.1084281610458,363.8582220125029,358.0726557490372,359.40355597314243,7800.0
2013-11-22,False,daily,658.8,661.44,655.21,658.2,19600.0,362.312837867984,363.76472902155336,360.3384858826378,361.9828626058092,19600.0
2013-11-21,False,daily,650.0,662.91,649.96,658.8,14200.0,357.47320068941957,364.5731684138817,357.4512023386079,362.312837867984,14200.0
2013-11-20,False,daily,644.89,647.91,642.7,647.85,7200.0,354.66291137323043,356.3237868595105,353.45850166629225,356.29078933329305,7200.0
2013-11-19,False,daily,644.75,649.938,639.15,644.14,25000.0,354.58591714538966,357.4391032456615,351.5061480317577,354.25044229551185,25000.0
2013-11-18,False,daily,652.57,653.85,644.1,644.75,24000.0,358.8865947290685,359.59054195504154,354.22844394470025,354.58591714538966,24000.0
2013-11-15,False,daily,648.0,654.77,642.51,654.59,28200.0,356.3732831488367,360.0965040237096,353.35400949993686,359.99751144505717,28200.0
2013-11-14,False,daily,660.0,661.8,647.0,648.0,42100.0,362.9727883923337,363.9627141788582,355.8233243785453,356.3732831488367,42100.0
2013-11-13,False,daily,654.0,665.39,651.08,660.94,51200.0,359.6730357705852,365.93706616420445,358.0671561613343,363.4897496364077,51200.0
2013-11-12,False,daily,656.28,659.49,651.23,656.69,29700.0,360.9269417668496,362.69230941948507,358.14964997687804,361.15242486266914,29700.0
2013-11-11,False,daily,660.0,661.2,652.965,655.81,27200.0,362.9727883923337,363.6327389166834,359.1038284433336,360.6684611448126,27200.0
2013-11-08,False,daily,656.16,668.17,656.16,662.78,30200.0,360.86094671441464,367.46595154561453,360.86094671441464,364.50167377374385,30200.0
2013-11-07,False,daily,643.7,659.0,642.0,653.81,64700.0,354.0084604365837,362.4228296220423,353.0735305270882,359.56854360422983,64700.0
2013-11-06,False,daily,639.55,651.36,635.86,643.72,40600.0,351.72613153987425,358.2211446170159,349.69678367749896,354.0194596119895,40600.0
2013-11-05,False,daily,632.09,643.34,626.23,640.3,91500.0,347.62343911350035,353.81047527927876,344.40068071959263,352.13860061759283,91500.0
2013-11-04,False,daily,647.75,648.01,629.97,631.6,44800.0,356.2357934562639,356.3787827365396,346.45752652048253,347.35395931605757,44800.0
2013-11-01,False,daily,648.06,649.9,632.37,639.06,45800.0,356.4062806750542,357.4182048123904,347.7774275691819,351.45665174243146,45800.0
2013-10-31,False,daily,647.93,651.4,642.29,643.32,39900.0,356.3347860349163,358.2431429678275,353.2330185704727,353.79947610387296,39900.0
2013-10-30,False,daily,677.9,678.98,647.86,649.1,35300.0,372.81705038055003,373.41100585246477,356.29628892099595,356.9782377961573,35300.0
2013-10-29,False,daily,655.54,671.0,652.39,671.0,21100.0,360.519972276834,369.0223348655393,358.78760215041603,369.0223348655393,21100.0
2013-10-28,False,daily,662.34,662.34,651.54,651.56,24400.0,364.2596919148156,364.2596919148156,358.32013719566834,358.33113637107414,24400.0
2013-10-25,False,daily,656.3,662.34,655.0,662.02,34300.0,360.93794094225547,364.2596919148156,360.22299454087664,364.08370510832236,34300.0
2013-10-24,False,daily,643.0,649.8,641.58,649.23,41600.0,353.62348929737965,357.36320893536123,352.84254784356585,357.0497324362952,41600.0
2013-10-23,False,daily,653.86,655.64,642.0,643.0,25600.0,359.59604154274444,360.57496815386315,353.0735305270882,353.62348929737965,25600.0
2013-10-22,False,daily,659.85,664.26,651.02,652.9,41100.0,362.89029457679,365.31561275377516,358.0341586351168,359.0680811232647,41100.0
2013-10-21,False,daily,649.5,651.75,649.5,651.62,20800.0,357.19822130427383,358.4356285374295,357.19822130427383,358.36413389729165,20800.0
2013-10-18,False,daily,649.0,649.328,645.71,647.2,22200.0,356.92324191912815,357.10362839578374,355.1138775648694,355.93331613260364,22200.0
2013-10-17,False,daily,646.83,647.9,641.69,647.0,35800.0,355.7298313875958,356.3182872718076,352.9030433082979,355.8233243785453,35800.0
2013-10-16,False,daily,639.15,649.15,639.15,647.1,54500.0,351.5061480317577,357.0057357346719,351.5061480317577,355.87832025557447,54500.0
2013-10-15,False,daily,630.83,640.81,630.83,639.12,47600.0,346.9304910629332,352.4190795904414,346.9304910629332,351.489649268649,47600.0
2013-10-14,False,daily,615.0,630.11,615.0,628.41,16000.0,338.22464372922,346.53452074832336,338.22464372922,345.5995908388279,16000.0
2013-10-11,False,daily,609.7,618.79,609.62,618.61,28300.0,335.30986224667555,340.3089874686245,335.26586554505224,340.20999488997205,28300.0
2013-10-10,False,daily,611.36,613.68,608.12,610.0,49100.0,336.2227938053593,337.49869815243534,334.4409273896151,335.47484987776295,49100.0
2013-10-09,False,daily,603.34,606.36,594.77,604.31,22700.0,331.8121244676222,333.4729999539022,327.0989778062247,332.3455844748048,22700.0
2013-10-08,False,daily,613.11,613.59,600.48,600.9,17100.0,337.1852216533693,337.4492018631092,330.2392423845887,330.47022506811106,17100.0
2013-10-07,False,daily,611.69,613.0,610.0,610.35,34400.0,336.4042801995555,337.1247261886372,335.47484987776295,335.66733544736496,34400.0
2013-10-04,False,daily,619.37,622.06,614.02,615.52,46000.0,340.62796355539353,342.1073526474774,337.68568413433445,338.51062228977156,46000.0
2013-10-03,False,daily,631.7,635.58,616.58,616.58,50300.0,347.4089551930867,349.54279522181736,339.0935785862805,339.0935785862805,50300.0
2013-10-02,False,daily,625.46,637.84,622.45,633.21,63600.0,343.97721246646825,350.78570204267595,342.3218365678911,348.23939293622675,63600.0
2013-10-01,False,daily,609.47,631.85,609.31,628.54,52300.0,335.18337172950856,347.4914490086304,335.0953783262619,345.6710854789658,52300.0
2013-09-30,False,daily,608.24,611.73,599.6,611.35,21600.0,334.5069224420501,336.42627855036716,329.7552786667323,336.2172942176564,21600.0
2013-09-27,False,daily,600.48,613.8425,599.58,610.99,35200.0,330.2392423845887,337.58806645260773,329.74427949132644,336.0193090603515,35200.0
2013-09-26,False,daily,593.47,603.88,593.47,603.38,36300.0,326.3840314048459,332.10910220357954,326.3840314048459,331.8341228184338,36300.0
2013-09-25,False,daily,590.33,595.14,587.935,593.5,29400.0,324.6571608661309,327.30246255123257,323.3400096112829,326.4005301679546,29400.0
2013-09-24,False,daily,590.63,596.0,586.07,590.56,60000.0,324.8221484972183,327.77542709368316,322.31433650468944,324.78365138329787,60000.0
2013-09-23,False,daily,578.77,593.28,578.77,590.12,39300.0,318.29963748156206,326.2795392384905,318.29963748156206,324.54166952436964,39300.0
2013-09-20,False,daily,574.31,580.35,571.0,580.35,95900.0,315.84682136606233,319.16857233862254,314.0264578363978,319.16857233862254,95900.0
2013-09-19,False,daily,577.0,579.9,573.94,574.05,26000.0,317.3262104581463,318.92109089199135,315.6433366210546,315.7038320857866,26000.0
2013-09-18,False,daily,576.95,576.95,568.04,573.26,48400.0,317.29871251963175,317.29871251963175,312.3985798763352,315.2693646572564,48400.0
2013-09-17,False,daily,581.62,582.77,575.99,576.02,22000.0,319.8670199768926,320.49947256272776,316.770752100152,316.7872508632607,22000.0
2013-09-16,False,daily,581.93,588.34,579.02,579.12,31600.0,320.03750719568296,323.56274291325093,318.43712717413496,318.49212305116407,31600.0
2013-09-13,False,daily,578.81,581.042,578.0,579.4,31800.0,318.3216358323737,319.5491438076642,317.8761692284377,318.64611150684567,31800.0
2013-09-12,False,daily,583.27,586.34,576.93,579.66,12200.0,320.77445194787344,322.46282537266814,317.28771334422584,318.7891007871214,12200.0
2013-09-11,False,daily,578.79,589.89,578.61,583.69,22900.0,318.3106366569679,324.4151790072026,318.2116440783155,321.0054346313959,22900.0
2013-09-10,False,daily,574.66,578.61,571.32,578.2,40900.0,316.03930693566434,318.2116440783155,314.20244464289107,317.986160982496,40900.0
2013-09-09,False,daily,578.43,580.0,571.83,573.98,22200.0,318.112651499663,318.9760867690205,314.4829236157397,315.66533497186623,22200.0
2013-09-06,False,daily,578.46,579.23,571.575,575.03,16700.0,318.12915026277176,318.55261851589614,314.3426841293154,316.2427916806722,16700.0
2013-09-05,False,daily,570.23,578.06,562.45,577.6,26500.0,313.6029895832734,317.90916675465513,309.3243103504062,317.65618572032116,26500.0
2013-09-04,False,daily,574.21,579.52,570.3,573.35,24800.0,315.7918254890333,318.71210655928064,313.6414866971938,315.3188609465826,24800.0
2013-09-03,False,daily,567.26,576.88,565.478,573.87,34900.0,311.9696120355079,317.26021540571134,310.9895855068486,315.60483950713416,34900.0
2013-08-30,False,daily,569.48,569.48,561.41,564.0,17800.0,313.19052050555484,313.19052050555484,308.75235322930314,310.1767464443579,17800.0
2013-08-29,False,daily,566.76,570.75,566.76,569.48,18700.0,311.6946326503622,313.88896814382497,311.6946326503622,313.19052050555484,18700.0
2013-08-28,False,daily,570.0,571.0,567.07,568.75,18900.0,313.4764990661064,314.0264578363978,311.8651198691526,312.7890506032421,18900.0
2013-08-27,False,daily,576.56,579.45,570.02,571.9,47800.0,317.084228599218,318.6736094453603,313.4874982415122,314.52142072966006,47800.0
2013-08-26,False,daily,577.37,580.5,575.46,578.31,17700.0,317.5296952031541,319.25106615416627,316.47927395189754,318.04665644722803,17700.0
2013-08-23,False,daily,574.92,580.92,573.15,579.31,14600.0,316.18229621594014,319.48204883768864,315.20886919252433,318.5966152175194,14600.0
2013-08-22,False,daily,566.04,576.81,565.5,575.78,19200.0,311.29866233575234,317.22171829179086,311.001684599795,316.65526075839074,19200.0
2013-08-21,False,daily,574.55,575.89,565.32,565.73,21400.0,315.97881147093227,316.7157562231228,310.90269202114257,311.12817511696204,21400.0
2013-08-20,False,daily,569.52,575.995,566.63,573.46,30800.0,313.2125188563665,316.7735018940034,311.6231380102243,315.3793564113147,30800.0
2013-08-19,False,daily,567.89,568.35,563.0,566.01,23000.0,312.3160860607915,312.56906709512555,309.62678767406646,311.28216357264364,23000.0
2013-08-16,False,daily,567.0,573.27,560.02,569.77,28600.0,311.82662275523217,315.2748642449593,307.98791053859804,313.35000854893934,28600.0
2013-08-15,False,daily,580.26,580.93,572.2,574.94,22800.0,319.11907604929627,319.48754842539154,314.6864083607475,316.193295391346,22800.0
2013-08-14,False,daily,583.49,585.26,581.0,583.73,45600.0,320.8954428773376,321.8688699007534,319.52604553931195,321.02743298220753,45600.0
2013-08-13,False,daily,586.5,588.38,581.23,584.99,30800.0,322.5508187759147,323.5847412640626,319.652536056479,321.7203810327747,30800.0
2013-08-12,False,daily,584.85,587.3,583.79,585.0,88900.0,321.6433868049339,322.99078579214785,321.060430508425,321.7258806204776,88900.0
2013-08-09,False,daily,588.0,589.79,582.68,584.97,49700.0,323.3757569313519,324.3601831301735,320.4499762734015,321.7093818573689,49700.0
2013-08-08,False,daily,588.03,590.94,587.16,590.0,25800.0,323.3922556944606,324.99263571600864,322.913791564307,324.47567447193467,25800.0
2013-08-07,False,daily,583.0,592.89,582.91,587.58,46500.0,320.6259630798948,326.0650553180769,320.57646679056853,323.1447742478295,46500.0
2013-08-06,False,daily,595.4,605.18,590.28,593.0,168400.0,327.4454518315083,332.8240486049583,324.62966292761627,326.12555078280894,168400.0
2013-08-05,False,daily,560.14,577.0,559.52,568.7,77300.0,308.053905591033,317.3262104581463,307.71293115345236,312.76155266472756,77300.0
2013-08-02,False,daily,550.93,563.2036,550.93,559.95,49200.0,302.98878531664906,309.73875927969783,302.98878531664906,307.9494134246777,49200.0
2013-08-01,False,daily,539.14,554.24,538.42,549.05,38000.0,296.5047714149133,304.8091488463137,296.1088011003035,301.95486282850123,38000.0
2013-07-31,False,daily,538.0,540.0,536.56,537.36,35000.0,295.8778184167811,296.97773595736396,295.08587778756146,295.5258448037946,35000.0
2013-07-30,False,daily,536.88,538.23,533.99,535.7,61600.0,295.2618645940547,296.00430893394815,293.67248374791257,294.61291324511086,61600.0
2013-07-29,False,daily,535.99,537.87,534.62,536.53,20400.0,294.77240128849536,295.80632377664324,294.0189577731961,295.0693790244527,20400.0
2013-07-26,False,daily,532.3,538.755,532.3,537.51,21300.0,292.74305342612,296.2930372883511,292.74305342612,295.6083386193383,21300.0
2013-07-25,False,daily,533.01,537.77,533.01,536.2,24200.0,293.13352415302694,295.75132789961407,293.13352415302694,294.8878926302566,24200.0
2013-07-24,False,daily,524.0,534.8,522.0,533.44,45900.0,288.1783956327013,294.11795035184855,287.0784780921185,293.37000642425227,45900.0
2013-07-23,False,daily,519.9,522.81,517.06,521.32,10000.0,285.9235646745065,287.5239446960545,284.36168176687886,286.70450612832036,10000.0
2013-07-22,False,daily,516.14,519.01,516.14,516.7,5600.0,283.8557196982108,285.43410136894715,283.8557196982108,284.163696609574,5600.0
2013-07-19,False,daily,517.8,520.38,514.77,518.16,14800.0,284.7686512568945,286.1875448842464,283.10227618291157,284.96663641419946,14800.0
2013-07-18,False,daily,519.27,520.0,513.85,515.5,23300.0,285.5770906492229,285.9785605515356,282.59631411424346,283.5037460852243,23300.0
2013-07-17,False,daily,519.49,522.45,514.71,516.06,31600.0,285.69808157868704,287.32595953874966,283.0692786566941,283.81172299658743,31600.0
2013-07-16,False,daily,520.45,520.98,514.98,516.85,21700.0,286.2260419981668,286.51752014642125,283.21776752467275,284.24619042511773,21700.0
2013-07-15,False,daily,515.76,520.068,512.4,518.44,14600.0,283.64673536550004,286.0159577479155,281.7988738973209,285.12062486988106,14600.0
2013-07-12,False,daily,510.66,517.0,508.99,515.33,11900.0,280.84194563701385,284.3286842406614,279.92351449062716,283.41025309427476,11900.0
2013-07-11,False,daily,504.01,511.25,504.0,508.05,19100.0,277.18471981457594,281.16642131148575,277.17922022687304,279.40655324655324,19100.0
2013-07-10,False,daily,497.6,501.55,494.6,500.38,25300.0,273.659484097008,275.83182123965906,272.00960778613376,275.1883694784181,25300.0
2013-07-09,False,daily,495.95,499.3,488.33,497.6,30900.0,272.75205212602714,274.59441400650337,268.56136629640656,273.659484097008,30900.0
2013-07-08,False,daily,498.0,500.0,494.25,494.35,24800.0,273.87946760512455,274.97938514570734,271.81712221653174,271.87211809356086,24800.0
2013-07-05,False,daily,497.7,498.0,490.75,498.0,14400.0,273.7144799740371,273.87946760512455,269.8922665205118,273.87946760512455,14400.0
2013-07-03,False,daily,493.39,496.1,492.29,494.59,11800.0,271.3441576740811,272.83454594157087,270.73920302676055,272.0041081984308,11800.0
2013-07-02,False,daily,489.52,495.7,488.0,495.68,19100.0,269.2158172330533,272.61456243345424,268.3798799022104,272.60356325804844,19100.0
2013-07-01,False,daily,484.0,494.415,483.41,491.18,30900.0,266.1800448210447,271.9078654136298,265.8555691465728,270.1287487917371,30900.0
2013-06-28,False,daily,486.9,488.34,481.14,483.77,26900.0,267.7749252548898,268.56686588410946,264.60716273801125,266.05355430387766,26900.0
2013-06-27,False,daily,485.64,488.92,484.76,486.14,16100.0,267.08197720432264,268.8858419708785,266.5980134864662,267.3569565894683,16100.0
2013-06-26,False,daily,486.92,487.76,483.125,484.14,12600.0,267.78592443029567,268.24788979734046,265.6988308970397,266.25703904888553,12600.0
2013-06-25,False,daily,483.88,483.89,479.78,483.3,19900.0,266.11404976860973,266.11954935631263,263.8592188104149,265.79507368184073,19900.0
2013-06-24,False,daily,476.62,482.36,474.05,477.93,26200.0,262.12134909629407,265.2781124377668,260.7079550566452,262.84179508537585,26200.0
2013-06-21,False,daily,481.64,483.62,478.0,478.82,30000.0,264.882142123157,265.971060488334,262.8802921992962,263.3312583909352,30000.0
2013-06-20,False,daily,484.81,492.0,476.72,478.07,60000.0,266.62551142498074,270.57971498337605,262.17634497332324,262.9187893132166,60000.0
2013-06-19,False,daily,490.05,492.84,485.64,487.0,49500.0,269.5072953813078,271.0416803504208,267.08197720432264,267.829921131919,49500.0
2013-06-18,False,daily,489.0,493.62,486.0,491.66,33300.0,268.9298386725018,271.47064819124813,267.27996236162755,270.392729001477,33300.0
2013-06-17,False,daily,489.04,492.4,485.35,487.52,48400.0,268.9518370233135,270.79969849149256,266.92248916093814,268.11589969247046,48400.0
2013-06-14,False,daily,485.14,494.07,483.0,484.38,32000.0,266.8069978191769,271.71812963787926,265.6300860507533,266.3890291537555,32000.0
2013-06-13,False,daily,469.27,487.25,469.27,484.45,23600.0,258.0791521346522,267.9674108244918,258.0791521346522,266.42752626767583,23600.0
2013-06-12,False,daily,469.25,474.0,469.2,471.14,20500.0,258.06815295924633,260.68045711813056,258.0406550207318,259.1075750350971,20500.0
2013-06-11,False,daily,460.77,468.89,460.77,466.98,16500.0,253.40450258717516,257.8701678019414,253.40450258717516,256.81974655068484,16500.0
2013-06-10,False,daily,461.24,466.69,459.89,463.41,9900.0,253.66298320921211,256.66025850730034,252.9205388693187,254.8563937407445,9900.0
2013-06-07,False,daily,462.04,464.17,458.12,462.49,19300.0,254.10295022544526,255.27436240616598,251.94711184590292,254.35043167207638,19300.0
2013-06-06,False,daily,459.89,466.5975,456.6605,457.13,31900.0,252.9205388693187,256.6093873210484,251.1444470206626,251.4026526633144,31900.0
2013-06-05,False,daily,467.86,469.23,459.4,459.42,19300.0,257.3037102685413,258.05715378384053,252.6510590718759,252.66205824728175,19300.0
2013-06-04,False,daily,467.8,470.49,464.351,468.31,28500.0,257.2707127423238,258.7501018344077,255.3739049435887,257.5511917151724,28500.0
2013-06-03,False,daily,469.16,469.49,459.79,467.03,18700.0,258.0186566699201,258.2001430641163,252.8655429922896,256.8472444891994,18700.0
2013-05-31,False,daily,477.55,481.5,467.0,467.23,22600.0,262.6328107526651,264.80514789531617,256.8307457260907,256.9572362432577,22600.0
2013-05-30,False,daily,478.17,482.89,476.59,476.59,24300.0,262.9737851902458,265.56959058602126,262.1048503331853,262.1048503331853,24300.0
2013-05-29,False,daily,479.22,484.65,478.53,479.35,14800.0,263.5512418990518,266.5375180217341,263.17177034755065,263.62273653918965,14800.0
2013-05-28,False,daily,479.98,486.55,479.0,482.45,18600.0,263.96921056447326,267.58243968528785,263.43025096958763,265.32760872709304,18600.0
2013-05-24,False,daily,466.97,474.91,466.97,473.76,14200.0,256.81424696298194,261.1809195990958,256.81424696298194,260.5484670132606,14200.0
2013-05-23,False,daily,464.0,476.19,464.0,471.8,12700.0,255.18086941521642,261.8848668250688,255.18086941521642,259.4705478234895,12700.0
2013-05-22,False,daily,468.17,477.005,466.18,468.5,20800.0,257.47419748733165,262.33308322285626,256.3797795344517,257.6556838815278,20800.0
2013-05-21,False,daily,467.49,474.23,466.86,469.38,25500.0,257.1002255235335,260.8069476352976,256.75375149824987,258.13964759938426,25500.0
2013-05-20,False,daily,464.81,468.97,463.06,468.75,9100.0,255.62633601915246,257.9141645035648,254.6639081711425,257.79317357410065,9100.0
2013-05-17,False,daily,453.69,468.99,453.69,466.81,15600.0,249.51079449351195,257.9251636789706,249.51079449351195,256.7262535597353,15600.0
2013-05-16,False,daily,455.73,459.0,453.24,453.89,10800.0,250.63271038490643,252.43107556375935,249.2633130468808,249.6207862475702,10800.0
2013-05-15,False,daily,451.41,458.18,448.26,456.43,12200.0,248.25688849724753,251.9801093721204,246.52451837082955,251.01768152411043,12200.0
2013-05-14,False,daily,451.0,455.0,447.4,451.65,26600.0,248.03140540142803,250.2312404825937,246.05155382837893,248.38887860211744,26600.0
2013-05-13,False,daily,450.08,455.36,446.0956,452.34,7700.0,247.52544333275992,250.42922563989862,245.33418760841082,248.7683501536185,7700.0
2013-05-10,False,daily,447.0,453.51,443.17,452.89,11300.0,245.8315703202624,249.41180191485947,243.72522823004627,249.0708274772788,11300.0
2013-05-09,False,daily,449.47,449.47,442.56,446.8,15600.0,247.1899684828822,247.1899684828822,243.3897533801685,245.7215785662041,15600.0
2013-05-08,False,daily,448.0,449.5,445.63,449.5,19700.0,246.38152909055378,247.20646724599092,245.07812680496315,247.20646724599092,19700.0
2013-05-07,False,daily,450.61,450.7,445.64,450.44,19700.0,247.8169214810144,247.8664177703406,245.08362639266605,247.72342849006483,19700.0
2013-05-06,False,daily,448.5,452.06,445.5,450.0,25900.0,246.6565084756995,248.61436169793694,245.00663216482525,247.4814466311366,25900.0
2013-05-03,False,daily,452.21,452.21,445.0,448.55,17200.0,248.69685551348064,248.69685551348064,244.73165277967954,246.68400641421408,17200.0
2013-05-02,False,daily,442.8,452.51,440.0,452.51,18400.0,243.52174348503843,248.86184314456807,241.98185892822247,248.86184314456807,18400.0
2013-05-01,False,daily,443.74,443.74,440.0,442.8,30200.0,244.03870472911237,244.03870472911237,241.98185892822247,243.52174348503843,30200.0
2013-04-30,False,daily,442.01,443.34,439.0,443.34,16700.0,243.08727605650822,243.8187212209958,241.43190015793107,243.8187212209958,16700.0
2013-04-29,False,daily,445.5,446.6,440.02,444.25,11800.0,245.00663216482525,245.61158681214582,241.9928581036283,244.31918370196098,11800.0
2013-04-26,False,daily,448.0,449.49,443.39,446.37,11900.0,246.38152909055378,247.200967658288,243.84621915951035,245.48509629497877,11900.0
2013-04-25,False,daily,442.53,450.0,440.68,446.24,10400.0,243.37325461705973,247.4814466311366,242.35583089202063,245.4136016548409,10400.0
2013-04-24,False,daily,436.05,440.61,434.39,440.31,24500.0,239.80952178557138,242.31733377810025,238.89659022688764,242.15234614701282,24500.0
2013-04-23,False,daily,438.03,440.58,435.0,437.36,19600.0,240.89844015074837,242.3008350149915,239.2320650767654,240.52996777465316,19600.0
2013-04-22,False,daily,436.0,436.5,433.3401,434.75,9300.0,239.78202384705682,240.05700323220253,238.3191885139587,239.09457538419255,9300.0
2013-04-19,False,daily,430.78,437.82,430.78,435.36,16000.0,236.9112390661356,240.7829488089872,236.9112390661356,239.4300502340703,16000.0
2013-04-18,False,daily,432.25,436.9,427.33,427.96,20900.0,237.71967845846402,240.27698674031907,235.01388130863023,235.36035533391382,20900.0
2013-04-17,False,daily,442.82,443.37,430.06,430.12,10200.0,243.53274266044426,243.83521998410455,236.5152687515258,236.5482662777433,10200.0
2013-04-16,False,daily,440.62,445.49,435.2001,445.46,11000.0,242.32283336580315,245.00113257712235,239.34211182670072,244.9846338140136,11000.0
2013-04-15,False,daily,441.46,445.14,435.39,435.69,13100.0,242.78479873284792,244.80864700752034,239.44654899717904,239.61153662826646,13100.0
2013-04-12,False,daily,446.17,447.09,442.444,444.5,15600.0,245.37510454092052,245.8810666095886,243.3259581628147,244.45667339453385,15600.0
2013-04-11,False,daily,448.34,452.0,445.47,449.84,16700.0,246.56851507245287,248.58136417171946,244.99013340171652,247.39345322788998,16700.0
2013-04-10,False,daily,439.81,449.94,438.9,449.44,14600.0,241.8773667618671,247.44844910491912,241.3769042809019,247.17346971977344,14600.0
2013-04-09,False,daily,437.26,444.33,437.26,440.31,15700.0,240.474971897624,244.3631804035843,240.474971897624,242.15234614701282,15700.0
2013-04-08,False,daily,435.0,439.14,430.62,438.87,14800.0,239.2320650767654,241.50889438577184,236.823245662889,241.36040551779317,14800.0
2013-04-05,False,daily,430.0,435.56,430.0,433.3,23500.0,236.48227122530832,239.5400419881286,236.48227122530832,238.29713516727,23500.0
2013-04-04,False,daily,436.85,439.377,433.78,438.75,11200.0,240.24948880180452,241.63923461433092,238.56111537700986,241.2944104653582,11200.0
2013-04-03,False,daily,443.94,443.94,435.05,436.56,34500.0,244.14869648317065,244.14869648317065,239.25956301527998,240.09000075842002,34500.0
2013-04-02,False,daily,447.13,449.98,437.48,440.87,23400.0,245.90306496040026,247.4704474557308,240.59596282708813,242.46032305837602,23400.0
2013-04-01,False,daily,446.02,449.0,444.17,446.1,10100.0,245.2926107253768,246.9314878608452,244.2751870003377,245.3366074270001,10100.0
2013-03-28,False,daily,450.0,450.3145,446.92,447.0,6100.0,247.4814466311366,247.6544086643933,245.78757361863907,245.8315703202624,6100.0
2013-03-27,False,daily,444.38,452.49,444.38,449.16,10600.0,244.39067834209888,248.85084396916224,244.39067834209888,247.01948126409184,10600.0
2013-03-26,False,daily,454.62,456.0,447.0,449.0,24700.0,250.02225614988296,250.7811992528851,245.8315703202624,246.9314878608452,24700.0
2013-03-25,False,daily,449.0,456.14,445.45,455.58,40200.0,246.9314878608452,250.8581934807259,244.97913422631066,250.5502165693627,40200.0
2013-03-22,False,daily,442.0,443.58,438.76,442.37,14700.0,243.08177646880532,243.95071132586574,241.29991005306113,243.28526121381313,14700.0
2013-03-21,False,daily,442.34,447.37,440.56,441.06,19800.0,243.26876245070437,246.0350550652702,242.28983583958566,242.56481522473138,19800.0
2013-03-20,False,daily,443.0,444.97,439.02,443.1,21500.0,243.6317352390967,244.7151540165708,241.44289933333687,243.68673111612588,21500.0
2013-03-19,False,daily,443.05,447.08,440.43,441.34,27900.0,243.6592331776113,245.87556702188567,242.2183411994478,242.71880368041295,27900.0
2013-03-18,False,daily,440.31,446.7,440.31,443.44,18400.0,242.15234614701282,245.66658268917496,242.15234614701282,243.87371709802494,18400.0
2013-03-15,False,daily,439.55,448.98,437.56,444.7,77600.0,241.73437748159134,246.92048868543938,240.63995952871142,244.5666651485921,77600.0
2013-03-14,False,daily,440.0,445.7,437.36,439.7,44000.0,241.98185892822247,245.11662391888353,240.52996777465316,241.81687129713504,44000.0
2013-03-13,False,daily,418.47,442.54,417.83,438.26,43300.0,230.14124660384832,243.37875420476269,229.7892729908618,241.0249306679154,43300.0
2013-03-12,False,daily,413.22,418.11,409.56,417.0,26300.0,227.2539630598184,229.9432614465434,225.24111396055181,229.33280721151993,26300.0
2013-03-11,False,daily,411.71,413.65,408.59,413.01,26900.0,226.42352531667834,227.49044533104367,224.70765395336912,227.1384717180572,26900.0
2013-03-08,False,daily,417.01,417.79,412.31,414.69,39500.0,229.33830679922283,229.76727464005018,226.7535005788532,228.06240245214676,39500.0
2013-03-07,False,daily,408.0,415.3,406.31,414.39,28000.0,224.3831782788972,228.39787730202454,223.45374795710472,227.89741482105933,28000.0
2013-03-06,False,daily,410.53,415.76,404.785,407.38,33800.0,225.77457396773445,228.65085833635857,222.6150608324103,224.04220384131654,33800.0
2013-03-05,False,daily,402.02,410.255,402.02,409.59,40700.0,221.09442483255452,225.62333530590433,221.09442483255452,225.25761272366054,40700.0
2013-03-04,False,daily,395.15,407.26,394.23,400.13,43700.0,217.3162080806525,223.97620878888156,216.81024601198442,220.05500275670377,43700.0
2013-03-01,False,daily,395.0,397.98,393.81,395.83,23800.0,217.2337142651088,218.87259140057725,216.57926332846202,217.69018004445067,23800.0
2013-02-28,False,daily,402.45,404.69,397.0,398.54,23100.0,221.33090710377985,222.56281474923261,218.33363180569165,219.18056831194042,23100.0
2013-02-27,False,daily,390.0,406.15,390.0,402.98,22900.0,214.48392041365173,223.36575455385807,214.48392041365173,221.62238525203432,22900.0
2013-02-26,False,daily,395.33,398.01,388.12,390.97,27400.0,217.41520065930496,218.88909016368598,213.44999792550388,215.01738042083443,27400.0
2013-02-25,False,daily,407.46,408.51,394.88,394.88,26400.0,224.08620054293982,224.66365725174583,217.16771921267383,217.16771921267383,26400.0
2013-02-22,False,daily,412.07,415.03,404.14,407.13,28500.0,226.62151047398325,228.24938843404584,222.26033742557235,223.90471414874366,28500.0
2013-02-21,False,daily,414.53,416.94,410.406,412.4,17400.0,227.97440904890013,229.29980968530245,225.70637908021834,226.8029968681794,17400.0
2013-02-20,False,daily,424.84,425.015,414.0,416.84,25700.0,233.64448397060463,233.7407267554056,227.6829309006457,229.2448138082733,25700.0
2013-02-19,False,daily,416.86,425.735,415.0,418.85,42000.0,229.25581298367914,234.13669707001546,228.2328896709371,230.35023093655906,42000.0
2013-02-15,False,daily,411.95,417.93,409.42,414.41,28500.0,226.55551542154828,229.84426886789095,225.16411973271101,227.90841399646519,28500.0
2013-02-14,False,daily,397.06,409.52,395.0,409.06,44200.0,218.36662933190914,225.21911560974013,217.2337142651088,224.9661345754061,44200.0
2013-02-13,False,daily,403.76,406.5699,399.74,400.87,20600.0,222.0513530928616,223.59668224150346,219.84051883629013,220.46197224671943,20600.0
2013-02-12,False,daily,398.58,405.325,397.04,401.61,10100.0,219.20256666275208,222.91203856836765,218.3556301565033,220.86894173673508,10100.0
2013-02-11,False,daily,400.45,402.0,398.0,399.05,12600.0,220.23098956319703,221.08342565714872,218.88359057598305,219.46104728478906,12600.0
2013-02-08,False,daily,387.16,404.48,387.16,398.68,46500.0,212.92203750602414,222.44732340747143,212.92203750602414,219.25756253978122,46500.0
2013-02-07,False,daily,390.64,393.82,387.39,387.39,32500.0,214.83589402663824,216.58476291616495,213.04852802319112,213.04852802319112,32500.0
2013-02-06,False,daily,381.51,389.98,380.25,389.19,13600.0,209.81477045387763,214.47292123824593,209.12182240331043,214.0384538097157,13600.0
2013-02-05,False,daily,386.0,388.0,381.19,383.85,13500.0,212.2840853324861,213.3840028730689,209.63878364738437,211.10167397635954,13500.0
2013-02-04,False,daily,387.2,388.52,382.0,383.01,18400.0,212.94403585683577,213.66998143362042,210.0842502513204,210.63970860931474,18400.0
2013-02-01,False,daily,388.45,390.52,385.63,388.44,11200.0,213.63148431970004,214.76989897420327,212.08060058747824,213.62598473199714,11200.0
2013-01-31,False,daily,382.62,386.03,380.19,385.68,13100.0,210.4252246889011,212.30058409559481,209.08882487709295,212.10809852599283,13100.0
2013-01-30,False,daily,385.42,385.42,379.202,384.23,13400.0,211.96510924571706,211.96510924571706,208.54546561204504,211.31065830907028,13400.0
2013-01-29,False,daily,386.16,386.16,380.82,384.73,18200.0,212.3720787357327,212.3720787357327,209.43529890237656,211.585637694216,18200.0
2013-01-28,False,daily,385.95,387.48,382.19,386.26,14000.0,212.2565873939715,213.0980243125174,210.1887424176758,212.42707461276183,14000.0
2013-01-25,False,daily,388.89,390.72,385.78,387.1,16400.0,213.87346617862826,214.87989072826156,212.16309440302194,212.88903997980665,16400.0
2013-01-24,False,daily,382.5,388.9,382.5,387.94,28300.0,210.35922963646613,213.87896576633116,210.35922963646613,213.35100534685142,28300.0
2013-01-23,False,daily,382.5,383.535,381.72,383.27,6600.0,210.35922963646613,210.92843696371776,209.93026179563884,210.7826978895905,6600.0
2013-01-22,False,daily,378.37,384.09,377.5,382.01,14100.0,208.08789991516258,211.23366408122945,207.60943578500905,210.08974983902334,14100.0
2013-01-18,False,daily,384.0,384.0,378.0,380.17,19100.0,211.18416779190323,211.18416779190323,207.88441517015477,209.07782570168715,19100.0
2013-01-17,False,daily,381.0,383.18,375.27,381.21,22000.0,209.53429148102902,210.7332016002643,206.3830277272592,209.6497828227902,22000.0
2013-01-16,False,daily,375.86,380.05,375.86,379.78,12100.0,206.70750340173115,209.01183064925218,206.70750340173115,208.86334178127348,12100.0
2013-01-15,False,daily,375.54,378.39,372.37,376.78,13900.0,206.5315165952379,208.0988990905684,204.78814729341408,207.21346547039923,13900.0
2013-01-14,False,daily,375.51,376.09,372.76,375.32,18800.0,206.51501783212913,206.83399391889816,205.00263121382775,206.41052566577378,18800.0
2013-01-11,False,daily,373.95,376.02,371.24,375.85,18000.0,205.65708215047454,206.79549680497774,204.16669388298482,206.70200381402825,18000.0
2013-01-10,False,daily,370.65,373.8679,369.84,372.42,16500.0,203.84221820851286,205.61193053543363,203.3967516045768,204.81564523192867,16500.0
2013-01-09,False,daily,368.0,370.65,365.78,370.65,27500.0,202.38482746724063,203.84221820851286,201.16391899719366,203.84221820851286,27500.0
2013-01-08,False,daily,370.38,372.34,367.0,371.4,21400.0,203.6937293405342,204.77164853030533,201.8348686969492,204.25468728623142,21400.0
2013-01-07,False,daily,374.59,376.89,369.17,372.22,15100.0,206.00905576346102,207.27396093513127,203.02827922848158,204.70565347787038,15100.0
2013-01-04,False,daily,371.67,376.66,360.0,375.79,40000.0,204.40317615421012,207.14747041796429,197.9851573049093,206.66900628781076,40000.0
2013-01-03,False,daily,369.45,374.15,368.31,373.4,14500.0,203.18226768416315,205.7670739045328,202.55531468603095,205.35460482681424,14500.0
2013-01-02,False,daily,368.82,373.6,368.02,370.0,30700.0,202.83579365887957,205.46459658087255,202.39582664264643,203.48474500782345,30700.0
2014-12-31,False,daily,880.0,880.0,863.71,863.71,10973.0,491.3510203638951,491.3510203638951,482.2554429528407,482.2554429528407,10973.0
2014-12-30,False,daily,878.1,883.91,877.6,878.98,15311.0,490.2901488426549,493.53418228392104,490.01097212653906,490.7814998630188,15311.0
2014-12-29,False,daily,883.41,890.17,879.12,881.36,34757.0,493.2550055678052,497.02947476969143,490.8596693435312,492.11038103173024,34757.0
2014-12-26,False,daily,877.57,883.9,877.57,883.19,13292.0,489.9942215235721,493.5285987495987,489.9942215235721,493.1321678127143,13292.0
2014-12-24,False,daily,877.62,888.76,877.19,877.19,8344.0,490.0221391951837,496.2421964302448,489.78204721932406,489.78204721932406,8344.0
2014-12-23,False,daily,888.37,891.0,877.29,877.95,27794.0,496.0244385916744,497.4929081184438,489.8378825625472,490.20639582782013,27794.0
2014-12-22,False,daily,885.0,890.25,878.22,890.25,20822.0,494.1427875250536,497.07414304427,490.3571512545227,497.07414304427,20822.0
2014-12-19,False,daily,898.77,899.29,880.53,880.53,87061.0,501.8313142868841,502.12165807164456,491.6469476829779,491.6469476829779,87061.0
2014-12-18,False,daily,890.5,907.99,890.5,900.54,26667.0,497.21373140232794,506.97933293206034,497.21373140232794,502.8195998619342,26667.0
2014-12-17,False,daily,891.0,892.98,884.66,891.57,27419.0,497.4929081184438,498.5984479142626,493.9529473580948,497.8111695748159,27419.0
2014-12-16,False,daily,892.21,895.3,884.0,887.8,23647.0,498.16851577144416,499.89382787704005,493.5844340928219,495.7061771353023,23647.0
2014-12-15,False,daily,909.2,909.2,892.06,894.13,19946.0,507.65494058506073,507.65494058506073,498.08476275660934,499.240554361329,19946.0
2014-12-12,False,daily,931.47,937.69,906.34,907.1,15129.0,520.0894715208607,523.5624298693418,506.05804976887805,506.4823983773742,15129.0
2014-12-11,False,daily,940.2,948.03,932.01,933.32,23191.0,524.9638969842434,529.3358043586176,520.3909823742657,521.1224253704893,23191.0
2014-12-10,False,daily,927.72,941.0,927.72,938.31,19241.0,517.9956461499918,525.4105797300288,517.9956461499918,523.9086089973255,19241.0
2014-12-09,False,daily,938.12,947.11,926.091,945.36,45244.0,523.8025218452015,528.8221192009644,517.0860884088863,527.845000694559,45244.0
2014-12-08,False,daily,941.52,950.08,936.82,940.14,38334.0,525.7009235147892,530.4804288946926,523.0766623833002,524.9303957783095,38334.0
2014-12-05,False,daily,930.0,942.37,930.0,941.1,23875.0,519.26869197548,526.1755239321861,519.26869197548,525.4664150732519,23875.0
2014-12-04,False,daily,909.86,932.76,909.86,928.0,40860.0,508.0234538503336,520.8097474484396,508.0234538503336,518.1519851110166,40860.0
2014-12-03,False,daily,896.685,913.9,894.93,907.61,27260.0,500.66714738068094,510.27920171654966,499.68723710711436,506.7671586278123,27260.0
2014-12-02,False,daily,882.936,899.32,882.936,894.89,11935.0,492.99034604092736,502.1384086746115,492.99034604092736,499.6649029698251,11935.0
2014-12-01,False,daily,881.9,891.88,881.5,885.62,18675.0,492.41189188513533,497.98425913880766,492.18855051224267,494.48896665303727,18675.0
2014-11-28,False,daily,882.13,896.18,882.13,887.49,7271.0,492.5403131745486,500.38517889740393,492.5403131745486,495.53308757131055,7271.0
2014-11-26,False,daily,874.75,886.39,872.55,886.38,13309.0,488.41966484467866,494.9188987958556,487.19128729376894,494.91331526153334,13309.0
2014-11-25,False,daily,868.29,872.4933,867.82,871.99,8932.0,484.81270167246186,487.1596286541614,484.55027555931304,486.8786093717192,8932.0
2014-11-24,False,daily,859.47,872.74,854.01,872.74,18703.0,479.8880244001783,487.29737444589296,476.83941466019326,487.29737444589296,18703.0
2014-11-21,False,daily,864.12,866.39,859.0,861.4,18180.0,482.4843678600557,483.75183015122167,479.62559828702945,480.9656465243855,18180.0
2014-11-20,False,daily,868.0,870.09,859.0,864.47,12016.0,484.6507791771147,485.817737850479,479.62559828702945,482.67979156133686,12016.0
2014-11-19,False,daily,866.3,879.78,861.0,868.0,24371.0,483.7015783423208,491.2281826088041,480.7423051514928,484.6507791771147,24371.0
2014-11-18,False,daily,862.88,872.91,859.26,865.0,37751.0,481.79200960408843,487.39229452937235,479.7707701794097,482.9757188804196,37751.0
2014-11-17,False,daily,871.96,879.66,863.31,865.01,36300.0,486.86185876875226,491.1611801969363,482.032101579948,482.98130241474195,36300.0
2014-11-14,False,daily,825.0,898.46,825.0,878.87,67205.0,460.64158159115163,501.65822472289227,460.64158159115163,490.72008098547326,67205.0
2014-11-13,False,daily,790.5,793.29,790.5,793.29,14489.0,441.37838817915804,442.93619425508444,441.37838817915804,442.93619425508444,14489.0
2014-11-12,False,daily,782.13,785.38,778.92,784.04,12027.0,436.7049699513787,438.51961860613176,434.91265543391495,437.77142500694123,12027.0
2014-11-11,False,daily,784.24,784.24,777.5,782.0,9457.0,437.8830956933876,437.8830956933876,434.119793560146,436.6323840051886,9457.0
2014-11-10,False,daily,772.61,780.96,772.09,779.95,13516.0,431.38944527653297,436.0516964356677,431.0991014917725,435.48775946911366,13516.0
2014-11-07,False,daily,776.16,778.0,775.4326,777.66,17289.0,433.37159996095545,434.3989702762618,432.9654536743501,434.20913010930303,17289.0
2014-11-06,False,daily,780.0,781.81,776.057,779.0,16556.0,435.5156771407252,436.52629685306454,433.31408955743564,434.9573237084935,16556.0
2014-11-05,False,daily,787.0,787.0,779.08,780.25,36027.0,439.4241511663471,439.4241511663471,435.00199198307206,435.65526549878314,36027.0
2014-11-04,False,daily,787.39,790.22,779.97,784.53,18969.0,439.64190900491747,441.2220492181332,435.4989265377583,438.0450181887348,18969.0
2014-11-03,False,daily,782.57,789.8,782.57,787.75,26262.0,436.95064546156067,440.98754077659584,436.95064546156067,439.8429162405209,26262.0
2014-10-31,False,daily,750.0,786.9,750.0,783.6,26537.0,418.7650741737742,439.3683158231239,418.7650741737742,437.5257494967593,26537.0
2014-10-30,False,daily,768.5,773.47,767.54,770.8,14448.0,429.09461267006066,431.8696292282522,428.5585933751182,430.37882556419356,14448.0
2014-10-29,False,daily,760.86,772.2304,759.035,765.92,14583.0,424.8287924478105,431.1774943136578,423.8097974339876,427.65406081490283,14583.0
2014-10-28,False,daily,755.0,764.0,752.0,764.0,16282.0,421.5568413349327,426.582022225018,419.88178103823765,426.582022225018,16282.0
2014-10-27,False,daily,736.87,754.825,730.58,753.0,23694.0,411.433893608572,421.4591294842922,407.92185051983466,420.44013447046933,23694.0
2014-10-24,False,daily,735.25,740.0,735.25,738.15,10076.0,410.5293610483567,413.1815398514572,410.5293610483567,412.14858600182856,10076.0
2014-10-23,False,daily,737.5,741.0,734.37,737.94,12372.0,411.785656270878,413.73989328368896,410.03801002799275,412.03133178106,12372.0
2014-10-22,False,daily,733.99,738.05,732.49,737.52,31847.0,409.8258357237447,412.0927506586054,408.9883055753972,411.79682333952263,31847.0
2014-10-21,False,daily,717.96,737.24,702.0201,733.6,22786.0,400.87543020507064,411.6404843784978,391.9753323306405,409.6080778851744,22786.0
2014-10-20,False,daily,706.47,718.69,706.47,717.91,11510.0,394.4599492687284,401.28302821059975,394.4599492687284,400.847512533459,11510.0
2014-10-17,False,daily,700.5,709.04,699.5,704.73,25975.0,391.12657927830514,395.8949175895638,390.56822584607346,393.4884142966452,25975.0
2014-10-16,False,daily,682.0,692.93,675.9601,689.0,21651.0,380.7970407820187,386.89984379631113,377.4246418866825,384.7055148076406,21651.0
2014-10-15,False,daily,675.3,692.92,671.1603,690.0,41453.0,377.0560727860663,386.89426026198885,374.7446570826568,385.2638682398723,41453.0
2014-10-14,False,daily,681.65,690.62,681.65,688.13,16543.0,379.20022494507106,384.19021396840753,379.20022494507106,382.8050330689529,16543.0
2014-10-13,False,daily,688.5,689.8,680.222,683.9,36887.0,383.0108631624462,383.73404997742244,378.4058320436971,380.45189443253,36887.0
2014-10-10,False,daily,700.0,700.0,688.24,691.69,33560.0,389.40828498723647,389.40828498723647,382.8662257994509,384.785452346888,33560.0
2014-10-09,False,daily,703.0,704.05,695.71,699.0,38304.0,391.07717763718176,391.6612900646626,387.0217684978147,388.8519874372547,38304.0
2014-10-08,False,daily,698.24,712.65,698.24,707.75,20401.0,388.4292012992686,396.4454489945058,388.4292012992686,393.71959099959514,20401.0
2014-10-07,False,daily,698.92,702.35,696.0,700.69,29474.0,388.80748363325614,390.71558422969366,387.1830947873094,389.79213029672394,29474.0
2014-10-06,False,daily,701.0,704.26,700.49,700.49,11938.0,389.96458253721823,391.77811255015877,389.68087078672755,389.68087078672755,11938.0
2014-10-03,False,daily,700.0,707.04,700.0,702.12,26345.0,389.40828498723647,393.3246197391081,389.40828498723647,390.5876357931978,26345.0
2014-10-02,False,daily,696.07,708.67,696.07,700.23,23480.0,387.2220356158082,394.23138474557834,387.2220356158082,389.5362334237323,23480.0
2014-10-01,False,daily,694.355,698.91,692.84,695.19,58381.0,386.2679853175894,388.80192065775634,385.42519452936705,386.7324937718242,58381.0
2014-09-30,False,daily,698.0,702.28,697.225,699.59,25362.0,388.29568988727294,390.6766434011949,387.8645592860371,389.18020299174395,25362.0
2014-09-29,False,daily,696.53,703.5,696.53,699.59,23608.0,387.47793248879975,391.35532641217264,387.47793248879975,389.18020299174395,23608.0
2014-09-26,False,daily,699.12,702.2866,697.79,700.0,32790.0,388.9187431432525,390.6803149650248,388.17886740177676,389.40828498723647,32790.0
2014-09-25,False,daily,701.75,703.76,697.92,700.32,52624.0,390.38180569970456,391.4999637751679,388.2511860832744,389.5863002032307,52624.0
2014-09-24,False,daily,705.5,706.94,703.75,705.01,32685.0,392.4679215121362,393.26898998410996,391.4944007996681,392.19533571264515,32685.0
2014-09-23,False,daily,711.04,717.91,706.94,706.94,59892.0,395.54980993903513,399.3715741074099,393.26898998410996,393.26898998410996,59892.0
2014-09-22,False,daily,731.5,735.0699,712.3,712.75,84132.0,406.9316578116621,408.917584435342,396.2507448520122,396.501078749504,84132.0
2014-09-19,False,daily,738.5,743.42,729.84,729.84,731300.0,410.8257406615345,413.56272460744475,406.0082038786924,406.0082038786924,731300.0
2014-09-18,False,daily,733.34,741.24,730.82,733.01,20200.0,407.9552453036286,412.34999594848455,406.55337547767454,407.7716671121346,20200.0
2014-09-17,False,daily,739.0,739.0,731.84,733.34,21700.0,411.1038894365254,411.1038894365254,407.12079897865596,407.9552453036286,21700.0
2014-09-16,False,daily,727.68,735.11,724.81,731.14,20300.0,404.80660117073177,408.9398919670963,403.2100272022841,406.7313906936687,20300.0
2014-09-15,False,daily,708.0,732.0,708.0,726.24,73400.0,393.8586653870906,407.209806586653,393.8586653870906,404.00553269875803,73400.0
2014-09-12,False,daily,700.0,708.83,700.0,708.83,8800.0,389.40828498723647,394.32039235357547,389.40828498723647,394.32039235357547,8800.0
2014-09-11,False,daily,699.25,720.0,699.25,711.54,22000.0,388.99106182475015,400.5342359868718,388.99106182475015,395.827958714026,22000.0
2014-09-10,False,daily,703.97,708.8,702.77,708.8,10700.0,391.6167862606641,394.303703427076,390.949229200686,394.303703427076,10700.0
2014-09-09,False,daily,707.05,707.05,701.03,705.35,15800.0,393.33018271460793,393.33018271460793,389.9812714637177,392.38447687963895,15800.0
2014-09-08,False,daily,723.0,724.8,705.98,709.0,33800.0,402.2031286368171,403.20446422678424,392.73494433612746,394.41496293707235,33800.0
2014-09-05,False,daily,723.854,723.88,711.73,722.0,22700.0,402.67820674450155,402.69267048080104,395.9336552485226,401.64683108683533,22700.0
2014-09-04,False,daily,728.97,732.29,723.05,724.87,26700.0,405.5242250102083,407.37113287614767,402.23094351431615,403.243405055283,26700.0
2014-09-03,False,daily,735.86,738.565,726.57,728.53,15700.0,409.3571151295826,410.86190000228333,404.18911089025204,405.27945408821626,15700.0
2014-09-02,False,daily,717.97,735.4,716.29,735.4,18100.0,399.4049519604088,409.101218256591,398.47037207643945,409.101218256591,18100.0
2014-09-01,False,daily,,,,,,,,,,
2014-08-29,False,daily,702.52,718.93,700.71,718.8,43800.0,390.81015481319054,399.9389976083913,389.80325624772354,399.86667892689366,43800.0
2014-08-28,False,daily,707.48,707.48,699.26,702.51,22400.0,393.5693906611001,393.5693906611001,388.99662480024995,390.8045918376907,22400.0
2014-08-27,False,daily,718.67,718.67,700.18,709.61,21200.0,399.79436024539604,399.79436024539604,389.50841854623314,394.75430444256125,21200.0
2014-08-26,False,daily,723.0,725.6,716.04,719.7,13400.0,402.2031286368171,403.64950226676973,398.331297688944,400.3673467218773,13400.0
2014-08-25,False,daily,725.48,726.98,721.84,725.0,7500.0,403.5827465607719,404.41719288574456,401.55782347883826,403.3157237367806,7500.0
2014-08-22,False,daily,724.39,727.65,720.51,724.83,14900.0,402.9763822312917,404.7899122442323,400.8179477373625,403.22115315328375,14900.0
2014-08-21,False,daily,716.0,725.0,716.0,725.0,11100.0,398.30904578694475,403.3157237367806,398.30904578694475,403.3157237367806,11100.0
2014-08-20,False,daily,712.05,722.0,712.05,719.95,11300.0,396.11167046451675,401.64683108683533,396.11167046451675,400.50642110937275,11300.0
2014-08-19,False,daily,721.6,724.22,717.02,717.09,12000.0,401.4243120668426,402.88181164779485,398.8764692879261,398.9154101164249,12000.0
2014-08-18,False,daily,717.0,721.34,716.01,719.79,7500.0,398.8653433369265,401.2796747038474,398.31460876244455,400.4174135013756,7500.0
2014-08-15,False,daily,706.38,714.69,703.0,712.3,15000.0,392.9574633561201,397.58029599646864,391.07717763718176,396.2507448520122,15000.0
2014-08-14,False,daily,712.7,715.56,701.1,701.93,33000.0,396.4732638720049,398.0642748649527,390.02021229221646,390.48193925870123,33000.0
2014-08-13,False,daily,714.86,715.0,709.18,712.06,12000.0,397.6748665799655,397.752748236963,394.5150964960691,396.11723344001655,12000.0
2014-08-12,False,daily,709.12,713.8899,707.12,712.48,21500.0,394.48171864307017,397.13520232672823,393.36912354310664,396.3508784110089,21500.0
2014-08-11,False,daily,703.0,714.9,703.0,709.73,11100.0,391.07717763718176,397.69711848196476,391.07717763718176,394.82106014855907,11100.0
2014-08-08,False,daily,700.5,703.0,692.52,702.73,19000.0,389.68643376222735,391.07717763718176,385.24717931337284,390.9269772986867,19000.0
2014-08-07,False,daily,710.95,712.97,697.62,699.05,10900.0,395.4997431595368,396.6234642105,388.0842968182799,388.87980231475376,10900.0
2014-08-06,False,daily,708.06,713.97,707.0,709.62,14700.0,393.8920432400895,397.17976176048177,393.3023678371088,394.75986741806105,14700.0
2014-08-05,False,daily,715.0,721.0,709.97,709.97,27000.0,397.752748236963,401.09053353685357,394.9545715605547,394.9545715605547,27000.0
2014-08-04,False,daily,694.12,715.5216,691.53,712.71,31200.0,386.1372553933437,398.04291303903346,384.6964447388909,396.47882684750476,31200.0
2014-08-01,False,daily,683.1,698.14,683.1,694.87,24500.0,380.00685639254465,388.37357154427036,380.00685639254465,386.55447855583003,24500.0
2014-07-31,False,daily,694.12,715.5216,691.53,712.71,15300.0,386.1372553933437,398.04291303903346,384.6964447388909,396.47882684750476,15300.0
2014-07-30,False,daily,692.8,694.12,687.47,690.49,12200.0,385.40294262736774,386.1372553933437,382.43787668596497,384.11789528690986,12200.0
2014-07-29,False,daily,691.39,695.49,688.37,689.56,19800.0,384.61856308189346,386.89938303681873,382.9385444809485,383.6005385654268,19800.0
2014-07-28,False,daily,690.0,694.02,686.64,692.97,15600.0,383.84530948741883,386.0816256383455,381.9761497194801,385.49751321086467,15600.0
2014-07-25,False,daily,686.0,691.07,686.0,689.56,21900.0,381.6201192874917,384.4405478658993,381.6201192874917,383.6005385654268,21900.0
2014-07-24,False,daily,692.6,692.71,688.35,689.58,9200.0,385.2916831173714,385.3528758478694,382.9274185299489,383.6116645164265,9200.0
2014-07-23,False,daily,692.37,693.8,689.21,690.17,11500.0,385.1637346808756,385.9592401773495,383.40583442293325,383.9398800709157,11500.0
2014-07-22,False,daily,690.55,695.0,686.64,694.82,32100.0,384.15127313990877,386.62679723732765,381.9761497194801,386.526663678331,32100.0
2014-07-21,False,daily,697.34,697.998,688.15,689.0,25400.0,387.928533504285,388.294577292173,382.8161590199525,383.28901193743707,25400.0
2014-07-18,False,daily,696.04,704.12,696.04,698.0,42900.0,387.20534668930867,391.70023089316135,387.20534668930867,388.29568988727294,42900.0
2014-07-17,False,daily,693.05,700.54,693.05,693.07,10200.0,385.5420170148632,389.7086856642266,385.5420170148632,385.5531429658629,10200.0
2014-07-16,False,daily,698.02,701.19,692.72,695.62,24800.0,388.30681583827254,390.0702790717148,385.3584388233692,386.97170171831635,24800.0
2014-07-15,False,daily,727.21,728.46,698.52,699.25,45500.0,403.0675783929084,403.76041055004475,387.1656947223145,387.5703087020822,45500.0
2014-07-14,False,daily,726.1,732.8,725.01,729.98,32700.0,402.45234343737127,406.16592379962213,401.8481937963483,404.60289445312253,32700.0
2014-07-11,False,daily,724.61,726.17,720.06,725.53,12000.0,401.62648750606473,402.4911420381709,399.1045784540883,402.13641197371703,12000.0
2014-07-10,False,daily,734.95,734.95,722.95,724.5,16100.0,407.35759510989675,407.35759510989675,400.70640640138765,401.56551827623673,16100.0
2014-07-09,False,daily,721.82,737.67,718.99,736.4,27500.0,400.0800861313364,408.86519788382543,398.51151412757963,408.1612804121749,27500.0
2014-07-08,False,daily,729.66,729.66,720.0,721.69,22400.0,404.4255294208956,404.4255294208956,399.07132251054577,400.0080315869942,22400.0
2014-07-07,False,daily,733.0,735.82,728.28,730.0,13100.0,406.276776944764,407.83980629126364,403.66064271941707,404.6139797676367,13100.0
2014-07-03,False,daily,729.8,736.43,728.67,736.43,18200.0,404.50312662249485,408.17790838394615,403.8768063524436,408.17790838394615,18200.0
2014-07-02,False,daily,723.85,728.89,723.7106,728.6,17500.0,401.2052455545258,403.99874481209963,401.127980912362,403.838007751644,17500.0
2014-07-01,False,daily,720.0,722.807,717.05,722.25,13300.0,399.07132251054577,400.62714640261123,397.43623861970394,400.31842039339125,13300.0
2014-06-30,False,daily,724.03,725.2,715.23,718.11,13900.0,401.3050133851534,401.9535042842331,396.42747499891345,398.0237602889556,13900.0
2014-06-27,False,daily,717.54,724.4,717.35,719.67,32500.0,397.7078288253014,401.5100917036658,397.6025183374167,398.88841482106176,32500.0
2014-06-26,False,daily,715.02,719.52,712.78,717.85,10800.0,396.3110791965145,398.80527496220543,395.0695239709261,397.87965120027127,10800.0
2014-06-25,False,daily,710.84,717.36,710.84,716.59,16000.0,393.99424846305055,397.6080609946738,393.99424846305055,397.1812763858778,16000.0
2014-06-24,False,daily,711.91,712.97,709.45,710.59,30200.0,394.58731278955923,395.1748344588109,393.2238191043149,393.85568203162325,30200.0
2014-06-23,False,daily,709.9,714.31,709.9,712.62,10700.0,393.473238680884,395.91755053126104,393.473238680884,394.9808414548127,10700.0
2014-06-20,False,daily,707.0,711.6,703.28,711.6,40400.0,391.8658680763276,394.41549041458944,389.80399957668976,394.41549041458944,40400.0
2014-06-19,False,daily,694.99,703.68,693.24,702.85,14400.0,385.20913671056144,390.0257058669734,384.2391716905705,389.5656653146349,14400.0
2014-06-18,False,daily,691.94,696.05,691.94,694.65,11600.0,383.51862624714875,385.79665837981304,383.51862624714875,385.0206863638203,11600.0
2014-06-17,False,daily,693.41,698.51,690.15,693.59,12800.0,384.33339686394106,387.16015206505745,382.5264905981294,384.4331646945687,12800.0
2014-06-16,False,daily,700.84,704.31,694.02,694.48,12200.0,388.45159120595963,390.3748932741701,384.67149895662357,384.9264611904498,12200.0
2014-06-13,False,daily,707.12,707.12,697.36,699.0,14000.0,391.9323799634127,391.9323799634127,386.522746480492,387.43174227065487,14000.0
2014-06-12,False,daily,708.0,715.165,704.08,708.23,21600.0,392.4201338020367,396.39144772674234,390.2474121572571,392.5476149189498,21600.0
2014-06-11,False,daily,704.42,711.44,704.42,707.31,14300.0,390.4358625039981,394.326807898476,390.4358625039981,392.0376904512974,14300.0
2014-06-10,False,daily,704.7,707.39,701.45,706.96,19700.0,390.59105690719673,392.08203170935417,388.7896932986422,391.8436974472993,19700.0
2014-06-09,False,daily,699.89,706.18,698.35,704.9,15800.0,387.925038766536,391.4113701812461,387.071469548944,390.7019100523385,15800.0
2014-06-06,False,daily,694.11,701.0,690.7,698.5,14700.0,384.7213828719374,388.54027372207304,382.83133674726946,387.1546094078003,14700.0
2014-06-05,False,daily,691.64,697.56,690.13,696.55,5500.0,383.352346529436,386.63359962563374,382.5154052836152,386.0737912426676,5500.0
2014-06-04,False,daily,684.95,692.4,681.01,692.01,15900.0,379.6443088244422,383.77358848097487,377.46050186514833,383.5574248479483,15900.0
2014-06-03,False,daily,680.75,689.39,679.44,687.4,14100.0,377.31639277646394,382.1052486465905,376.5903046757851,381.0022598524294,14100.0
2014-06-02,False,daily,679.47,681.36,675.58,681.28,11600.0,376.60693264755633,377.6544948691465,374.450838974548,377.61015361108974,11600.0
2014-05-30,False,daily,678.99,680.29,675.03,676.94,14500.0,376.34088509921594,377.06143054263777,374.1459928254079,375.20464036151236,14500.0
2014-05-29,False,daily,684.36,684.36,679.3,679.62,9000.0,379.3172920462738,379.3172920462738,376.51270747418573,376.69007250641266,9000.0
2014-05-28,False,daily,680.0,684.43,678.46,681.19,9000.0,376.90069348218213,379.3560906470734,376.04712426459014,377.560269695776,9000.0
2014-05-27,False,daily,679.99,682.78,677.64,678.71,18600.0,376.89515082492505,378.4415521996534,375.59262636950865,376.18569069601745,18600.0
2014-05-23,False,daily,679.17,679.86,671.13,677.29,14300.0,376.44065292984357,376.8230962805829,371.9843564951425,375.3986333655105,14300.0
2014-05-22,False,daily,668.35,672.12,663.99,668.67,20000.0,370.4434977776712,372.5330795635945,368.0268992135796,370.6208628098981,20000.0
2014-05-21,False,daily,675.56,679.34,665.95,670.76,24800.0,374.4397536600338,376.53487810321417,369.1132600359694,371.77927817663016,24800.0
2014-05-20,False,daily,677.16,682.18,675.08,675.08,36600.0,375.3265788211683,378.10899276422793,374.17370611169343,374.17370611169343,36600.0
2014-05-19,False,daily,664.86,680.33,664.65,680.05,32500.0,368.5091103949465,377.08360117166615,368.3927145925476,376.9284067684676,32500.0
2014-05-16,False,daily,663.54,665.0,660.31,663.54,10900.0,367.77747963701046,368.58670759654575,365.9872013429701,367.77747963701046,10900.0
2014-05-15,False,daily,665.15,665.15,657.02,662.3,13800.0,368.66984745540213,368.66984745540213,364.1636671053872,367.0901901371312,13800.0
2014-05-14,False,daily,678.0,678.0,665.76,667.0,22700.0,375.79216203076396,375.79216203076396,369.0079495480847,369.695239047964,22700.0
2014-05-13,False,daily,675.54,679.03,672.0,673.38,11900.0,374.42866834551955,376.3630557282443,372.4665676765094,373.231454377988,11900.0
2014-05-12,False,daily,671.0,681.23,671.0,677.51,16900.0,371.9123019508003,377.58244032480434,371.9123019508003,375.5205718251665,16900.0
2014-05-09,False,daily,663.0,666.92,662.29,666.91,16000.0,367.4781761451276,369.6508977899072,367.0846474798741,369.64535513265014,16000.0
2014-05-08,False,daily,666.1,674.92,662.2266,664.39,18800.0,369.1963998948258,374.0850235955799,367.04950703286414,368.2486055038632,18800.0
2014-05-07,False,daily,672.21,676.6,669.83,676.6,21300.0,372.5829634789083,375.01619001477127,371.2638110517207,375.01619001477127,21300.0
2014-05-06,False,daily,671.23,674.0,666.01,668.13,27500.0,372.0397830677134,373.5750991279276,369.14651597951195,370.3215593180152,27500.0
2014-05-05,False,daily,681.11,681.11,670.5,670.68,21600.0,377.51592843771925,377.51592843771925,371.63516908794577,371.7349369185734,21600.0
2014-05-02,False,daily,679.72,689.68,679.33,684.55,21700.0,376.7454990789836,382.2659857070461,376.5293354459571,379.4226025341585,21700.0
2014-05-01,False,daily,671.23,678.94,670.96,676.11,25600.0,372.0397830677134,376.31317181293053,371.890131321772,374.7445998091738,25600.0
2014-04-30,False,daily,672.14,673.755,666.78,671.23,25400.0,372.5441648781087,373.4393040251289,369.5733005883079,372.0397830677134,25400.0
2014-04-29,False,daily,677.78,677.78,669.4,670.13,25000.0,375.67022357110795,375.67022357110795,371.02547678966573,371.43009076943343,25000.0
2014-04-28,False,daily,695.21,695.21,674.77,675.75,23500.0,385.33107517021745,385.33107517021745,374.0018837367236,374.5450641479185,23500.0
2014-04-25,False,daily,691.78,692.92,689.0,691.03,31200.0,383.4299437310352,384.0618066583436,381.88908501356394,383.0142444367534,31200.0
2014-04-24,False,daily,696.06,698.37,688.5,691.79,43200.0,385.8022010370701,387.08255486345814,381.61195215070944,383.4354863882923,43200.0
2014-04-23,False,daily,676.0,692.24,675.85,690.68,24000.0,374.6836305793458,383.6849059648614,374.6004907204894,382.8202514327552,24000.0
2014-04-22,False,daily,674.77,685.62,674.77,680.25,21800.0,374.0018837367236,380.01566686066724,374.0018837367236,377.03925991360944,21800.0
2014-04-21,False,daily,673.96,676.25,670.02,671.76,19400.0,373.55292849889923,374.82219701077304,371.3691215396054,372.3335439023392,19400.0
2014-04-17,False,daily,663.97,675.97,663.97,675.0,32300.0,368.01581389906545,374.66700260757455,368.01581389906545,374.1293648536367,32300.0
2014-04-16,False,daily,665.38,667.99,662.47,662.97,41200.0,368.7973285723152,370.24396211641596,367.1844153105018,367.46154817335633,41200.0
2014-04-15,False,daily,671.83,678.67,645.93,662.35,58700.0,372.3723425031389,376.163520066989,358.0168602072734,367.1179034234167,58700.0
2014-04-14,False,daily,688.82,688.97,669.13,674.67,37200.0,380.32509285022996,380.40791385416065,369.45345573426204,372.5123114794353,37200.0
2014-04-11,False,daily,676.0,692.28,676.0,681.37,33500.0,373.2466577142874,382.2354973408977,373.2466577142874,376.21164965500594,33500.0
2014-04-10,False,daily,712.8,721.5,692.09,692.69,59700.0,393.5654106786154,398.3690289065952,382.1305907359189,382.46187475164163,59700.0
2014-04-09,False,daily,695.81,715.66,693.14,714.95,43500.0,384.18455163339985,395.1445311535605,382.71033776343364,394.7525117349553,43500.0
2014-04-08,False,daily,699.96,700.36,691.54,691.74,50400.0,386.4759327421488,386.69678875263065,381.82691372150634,381.93734172674726,50400.0
2014-04-07,False,daily,705.2,710.94,700.28,701.1,22100.0,389.36914647946077,392.538430229875,386.6526175505343,387.10537237202203,22100.0
2014-04-04,False,daily,731.26,731.31,707.31,708.0,18300.0,403.75791556235174,403.78552256366197,390.5341619347524,390.9151385528335,18300.0
2014-04-03,False,daily,726.0,732.9,726.0,729.9,23200.0,400.85365902451576,404.66342520532726,400.85365902451576,403.0070051267135,23200.0
2014-04-02,False,daily,732.53,737.09,724.23,725.36,33600.0,404.45913339563157,406.97689191512444,399.8763711781337,400.50028940774484,33600.0
2014-04-01,False,daily,703.59,731.07,703.59,728.22,49900.0,388.4802010372714,403.65300895737295,388.4802010372714,402.0794098826899,49900.0
2014-03-31,False,daily,706.0,707.3,701.47,703.75,41100.0,389.8108585004244,390.5286405344903,387.3096641817177,388.56854344146416,41100.0
2014-03-28,False,daily,700.34,711.75,699.24,705.59,38000.0,386.6857459521066,392.98566365110065,386.0783919232815,389.58448108968054,38000.0
2014-03-27,False,daily,699.89,701.94,696.72,700.0,30800.0,386.4372829403145,387.56916999403387,384.68699905724606,386.498018343197,30800.0
2014-03-26,False,daily,699.21,701.09,695.82,700.5,29500.0,386.0618277224954,387.09985097176,384.1900730336619,386.7740883562993,29500.0
2014-03-25,False,daily,700.28,702.26,690.73,698.0,30600.0,386.6526175505343,387.74585480241933,381.37968030028065,385.3937382907879,30600.0
2014-03-24,False,daily,709.37,710.31,685.52,700.0,53200.0,391.6715703887338,392.19058201336605,378.50303076375485,386.498018343197,53200.0
2014-03-21,False,daily,721.31,727.65,704.6,707.36,50700.0,398.2641223016163,401.7646900677533,389.037862463738,390.5617689360626,50700.0
2014-03-20,False,daily,716.87,717.0,705.56,706.83,24200.0,395.81262058526806,395.8843987886746,389.5679168888944,390.2691347221742,24200.0
2014-03-19,False,daily,720.17,721.285,715.0,716.87,18700.0,397.6346826717431,398.2503188009612,394.78011873626554,395.81262058526806,18700.0
2014-03-18,False,daily,719.27,721.11,713.77,717.21,20800.0,397.137756648159,398.1536942963754,394.10098650403387,396.0003481941776,20800.0
2014-03-17,False,daily,719.2,723.03,714.36,714.53,30400.0,397.09910684632473,399.2138031466882,394.4267491194946,394.52061292394933,30400.0
2014-03-14,False,daily,713.19,718.96,708.14,717.95,18000.0,393.78074528883525,396.9665932400356,390.99243815650215,396.408931813569,18000.0
2014-03-13,False,daily,734.9,745.11,714.29,715.26,66700.0,405.7677052577364,411.405054925285,394.38809931766025,394.9236751430787,66700.0
2014-03-12,False,daily,707.88,733.96,707.88,730.79,81000.0,390.848881749689,405.2486936331041,390.848881749689,403.4984097500356,81000.0
2014-03-11,False,daily,716.57,721.46,705.41,709.16,35400.0,395.6469785774067,398.34694330554703,389.4850958849637,391.5556209832308,35400.0
2014-03-10,False,daily,701.29,716.84,700.37,714.73,38600.0,387.2102789770009,395.7960563844819,386.7023101528927,394.6310409291903,38600.0
2014-03-07,False,daily,706.31,706.41,701.25,702.86,19000.0,389.9820219085478,390.03723591116824,387.1881933759527,388.0771388181421,19000.0
2014-03-06,False,daily,703.03,705.84,700.25,700.97,25100.0,388.1710026225968,389.7225160962317,386.6360533497481,387.0335941686154,25100.0
2014-03-05,False,daily,698.24,700.01,695.0,698.99,21200.0,385.526251897077,386.50353974345904,383.73731821217416,385.9403569167304,21200.0
2014-03-04,False,daily,704.95,708.13,696.9,699.71,39000.0,389.2311114729096,390.98691675624013,384.78638426196284,386.3378977355977,39000.0
2014-03-03,False,daily,717.33,719.97,698.8,701.49,37800.0,396.0666049973222,397.5242546665022,385.8354503117515,387.3207069822418,37800.0
2014-02-28,False,daily,724.76,728.701,715.99,718.7,32800.0,400.1690053920221,402.3449892352943,395.32673736220806,396.82303683322243,32800.0
2014-02-27,False,daily,715.89,724.61,712.01,720.6,29700.0,395.27152335958755,400.0861843880914,393.12922005791387,397.8721028830111,29700.0
2014-02-26,False,daily,723.63,726.0,715.44,717.27,47700.0,399.54508716241094,400.85365902451576,395.02306034779554,396.03347659574985,47700.0
2014-02-25,False,daily,700.29,728.98,700.29,724.5,70500.0,386.6581389507963,402.49903630260536,386.6581389507963,400.0254489852089,70500.0
2014-02-24,False,daily,684.15,707.25,684.15,701.74,25800.0,377.7465989278546,390.50103353318013,377.7465989278546,387.45874198879295,25800.0
2014-02-21,False,daily,661.0,685.2,661.0,684.5,38000.0,364.9645573212189,378.32634595536945,364.9645573212189,377.93984793702623,38000.0
2014-02-20,False,daily,657.47,676.3,657.47,675.59,35600.0,363.01550302871675,373.41229972214876,363.01550302871675,373.02028030354353,35600.0
2014-02-19,False,daily,660.86,665.87,655.76,659.52,26400.0,364.88725771755026,367.65347924883514,362.0713435839069,364.1473900824361,26400.0
2014-02-18,False,daily,659.65,663.64,658.0,661.19,39400.0,364.2191682858427,366.42220699039893,363.3081372426052,365.0694639261978,39400.0
2014-02-14,False,daily,658.34,661.25,655.6,658.79,22100.0,363.49586485151474,365.10259232777,361.9830011797142,363.74432786330675,22100.0
2014-02-13,False,daily,651.76,662.0,650.1,658.34,70800.0,359.8627834790887,365.5166973474235,358.9462310355891,363.49586485151474,70800.0
2014-02-12,False,daily,651.6,655.375,649.51,654.9,21800.0,359.77444107489595,361.8587696738182,358.6204684201284,361.596503161371,21800.0
2014-02-11,False,daily,648.25,650.75,647.04,649.16,25000.0,357.92477198711066,359.3051220526221,357.25668255540313,358.4272194109568,25000.0
2014-02-10,False,daily,648.5,648.5,640.58,646.27,40500.0,358.0628069936618,358.0628069936618,353.68985798612164,356.8315347352256,40500.0
2014-02-07,False,daily,645.32,650.0,645.32,648.19,18400.0,356.3070017103313,358.89101703296865,356.3070017103313,357.8916435855384,18400.0
2014-02-06,False,daily,639.36,645.49,639.36,645.32,34100.0,353.01624715415204,356.40086551478606,353.01624715415204,356.3070017103313,34100.0
2014-02-05,False,daily,626.12,642.29,624.6,640.33,44600.0,345.7059132072036,354.6340174309314,344.8666603673727,353.5518229795705,44600.0
2014-02-04,False,daily,615.38,630.5,611.47,629.14,28400.0,339.7759293257665,348.12428652197957,337.6170618233067,347.37337608634135,28400.0
2014-02-03,False,daily,626.0,627.98,613.0,614.0,33300.0,345.63965640405905,346.7328936559441,338.4618360633997,339.0139760896042,33300.0
2014-01-31,False,daily,634.63,637.0,625.58,626.06,35400.0,350.40462483020445,351.7131966923093,345.40775759305313,345.6727848056313,35400.0
2014-01-30,False,daily,631.91,643.95,631.91,642.93,17200.0,348.902803958928,355.55056987443106,348.902803958928,354.9873870477023,17200.0
2014-01-29,False,daily,640.06,640.06,628.38,633.05,24200.0,352.0066105127229,352.0066105127229,345.58309207571915,348.15139953298007,24200.0
2014-01-28,False,daily,638.46,644.78,634.52,643.26,22200.0,351.12667648025666,354.60241590849836,348.9598389253085,353.76647857765545,22200.0
2014-01-27,False,daily,631.4,639.41,629.0,638.12,22300.0,347.2439675619992,351.6491373120335,345.92406651329986,350.93969049835755,22300.0
2014-01-24,False,daily,635.04,635.51,628.7,628.7,26000.0,349.24581748585996,349.50429810789694,345.75907888221246,345.75907888221246,26000.0
2014-01-23,False,daily,644.53,644.53,640.3003,641.81,16300.0,354.4649262159255,354.4649262159255,352.1387656052239,352.96903836073284,16300.0
2014-01-22,False,daily,641.11,649.0,639.35,646.0,16400.0,352.58406722152887,356.92324191912815,351.616139785816,355.2733656082539,16400.0
2014-01-21,False,daily,646.36,650.53,641.0,642.78,27700.0,355.47135076555884,357.764678837674,352.52357175679685,353.5024983679155,27700.0
2014-01-17,False,daily,646.25,654.89,620.03,645.34,21400.0,355.41085530082677,360.16249907614457,340.99093634378585,354.9103928198616,21400.0
2014-01-16,False,daily,650.39,653.4,648.85,652.68,12100.0,357.6876846098332,359.34306050841036,356.8407481035845,358.94709019380053,12100.0
2014-01-15,False,daily,652.73,655.65,648.4903,650.76,23600.0,358.97458813231515,360.58046774156605,356.64292793391064,357.89116935484105,23600.0
2014-01-14,False,daily,648.96,654.32,647.1,652.77,19700.0,356.9012435683165,359.84902257707853,355.87832025557447,358.99658648312675,19700.0
2014-01-13,False,daily,652.56,655.19,646.1,646.79,28700.0,358.88109514136556,360.327486707232,355.32836148528304,355.7078330367841,28700.0
2014-01-10,False,daily,664.7,667.38,656.98,659.19,24000.0,365.5575946127034,367.03148411708435,361.31191290605364,362.52732178839767,24000.0
2014-01-09,False,daily,664.0,669.75,655.96,666.56,30500.0,365.17262347349936,368.334886402675,360.7509549603564,366.58051792544535,30500.0
2014-01-08,False,daily,665.08,666.0,653.12,659.45,65900.0,365.7665789454141,366.2725410140822,359.18907205272876,362.67031106867347,65900.0
2014-01-07,False,daily,660.22,667.91,652.44,662.67,35900.0,363.09377932179785,367.3229622653388,358.81510008893065,364.4411783090118,35900.0
2014-01-06,False,daily,670.03,671.35,658.95,665.5,55200.0,368.4888748583566,369.2148204351413,362.39533168352773,365.99756162893647,55200.0
2014-01-03,False,daily,659.63,670.47,656.31,668.75,35700.0,362.7693036473259,368.73085671728484,360.94344052995837,367.7849276323836,35700.0
2014-01-02,False,daily,663.03,663.74,654.44,655.71,34800.0,364.6391634663167,365.0296341932236,359.9150176295135,360.61346526778357,34800.0
2015-12-31,False,daily,491.0,491.0,480.52,484.97,30876.0,468.3552972896502,468.3552972896502,458.3586302517774,462.6033982211032,30876.0
2015-12-30,False,daily,506.88,507.01,492.3,493.54,19983.0,483.50291871726654,483.6269231747974,469.59534186495887,470.7781536137148,19983.0
2015-12-29,False,daily,510.085,522.76,505.1,505.62,26713.0,486.5601055356236,498.65054014488294,481.8050115295363,482.3010293596597,26713.0
2015-12-28,False,daily,498.97,514.98,491.82,511.2,30184.0,475.9577244167348,491.229350301882,469.13747925253716,487.62368222906144,30184.0
2015-12-24,False,daily,498.55,505.87,495.645,500.38,13840.0,475.5570946308658,482.539499470296,472.7860719452722,477.30269584072335,13840.0
2015-12-23,False,daily,492.1,510.0,492.1,497.5,17680.0,469.40456577644983,486.4790256980073,469.40456577644983,474.5555201661934,17680.0
2015-12-22,False,daily,490.0,501.14,483.49,496.23,24911.0,467.40141684710505,478.0276449770576,461.1916551661364,473.34409200416115,24911.0
2015-12-21,False,daily,474.6,494.84,470.55,490.25,44449.0,452.71165803191036,472.0181981890234,448.84844223960266,467.63988695774134,44449.0
2015-12-18,False,daily,491.95,491.95,468.51,471.59,67556.0,469.26148371006803,469.26148371006803,446.9025261368106,449.84047789984953,67556.0
2015-12-17,False,daily,499.88,502.36,490.02,495.99,24798.0,476.8257556194508,479.19137911696265,467.420494455956,473.11516069795033,24798.0
2015-12-16,False,daily,500.47,503.45,489.0,500.54,25578.0,477.38854508055243,480.2311087993368,466.44753640455997,477.4553167115306,25578.0
2015-12-15,False,daily,475.88,502.46,475.88,496.92,40228.0,453.93262499836806,479.28676716121714,453.93262499836806,474.00226950951725,40228.0
2015-12-14,False,daily,481.5,492.3927,472.72,474.2,24363.0,459.29343308547163,469.68376658198275,450.91836279992555,452.3301058548923,24363.0
2015-12-11,False,daily,491.78,497.99,480.02,481.84,16387.0,469.0993240348353,475.02292158304056,457.88169003050484,459.61775243593695,16387.0
2015-12-10,False,daily,495.97,499.795,495.0,495.2,11354.0,473.0960830890994,476.7446757818345,472.17081905983065,472.36159514833963,11354.0
2015-12-09,False,daily,497.7,506.532,492.33,492.51,36859.0,474.74629625470243,483.17096832326087,469.6239582782352,469.7956567578933,36859.0
2015-12-08,False,daily,499.51,503.345,495.64,497.99,22869.0,476.4728198557091,480.1309513528696,472.7813025430595,475.02292158304056,22869.0
2015-12-07,False,daily,509.96,509.96,491.58,506.22,51543.0,486.4408704803055,486.4408704803055,468.90854794632634,482.8733576251868,51543.0
2015-12-04,False,daily,530.95,531.7,510.25,512.73,31666.0,506.4628209693275,507.1782313012363,486.7174958086436,489.0831193061555,31666.0
2015-12-03,False,daily,535.03,536.37,527.0,530.72,22045.0,510.35465317491145,511.63285296792196,502.6949932212742,506.24342846754206,22045.0
2015-12-02,False,daily,542.4,542.4,527.78,531.49,16565.0,517.384752036469,517.384752036469,503.4390199664594,506.9779164083018,16565.0
2015-12-01,False,daily,541.59,542.67,527.04,540.88,26451.0,516.6121088780075,517.6422997559561,502.733148438976,515.9348537638003,26451.0
2015-11-30,False,daily,536.33,541.25,526.025,541.25,30178.0,511.5946977502202,516.287789527542,501.7649597897927,516.287789527542,30178.0
2015-11-27,False,daily,540.01,541.7,535.17,538.98,11659.0,515.1049777787862,516.7170357266874,510.4881964368678,514.1224809229647,11659.0
2015-11-25,False,daily,543.01,543.3,538.0,540.82,8461.0,517.9666191064215,518.2432444347595,513.1876780892704,515.8776209372477,8461.0
2015-11-24,False,daily,533.8,545.31,533.8,540.52,15399.0,509.18138023058094,520.1605441242751,509.18138023058094,515.5914568044841,15399.0
2015-11-23,False,daily,540.14,541.63,531.14,538.03,22708.0,515.228982236317,516.6502640957092,506.644058253411,513.2162945025468,22708.0
2015-11-20,False,daily,544.01,544.01,530.6101,541.62,14282.0,518.9204995489666,518.9204995489666,506.1385970069063,516.6407252912837,14282.0
2015-11-19,False,daily,546.93,546.93,528.51,541.4,20654.0,521.7058304411983,521.7058304411983,504.13535268951733,516.4308715939238,20654.0
2015-11-18,False,daily,554.13,554.52,543.46,546.12,18451.0,528.5737696275231,528.9457830001157,518.3958653055669,520.9331872827368,18451.0
2015-11-17,False,daily,545.79,563.64,537.0,552.91,26670.0,520.6184067366969,537.6451726361271,512.2337976467254,527.4100354876181,26670.0
2015-11-16,False,daily,553.16,555.0,542.01,548.65,53997.0,527.6485055982544,529.4036456125374,517.0127386638763,523.3465048023759,53997.0
2015-11-13,False,daily,564.97,570.31,553.67,555.0,12769.0,538.9138336247122,544.007555187903,528.1349846239524,529.4036456125374,12769.0
2015-11-12,False,daily,575.95,575.95,557.242,561.51,17214.0,549.3874408838575,549.3874408838575,531.5422455647234,535.613407293506,17214.0
2015-11-11,False,daily,575.15,579.4,567.224,578.98,16094.0,548.6243365298213,552.6783284106381,541.0638801422089,552.2776986247692,16094.0
2015-11-10,False,daily,567.64,572.47,557.51,570.42,21647.0,541.4606944063075,546.0679369438005,531.7978855233256,544.112482036583,21647.0
2015-11-09,False,daily,567.24,574.08,562.355,568.71,30214.0,541.0791422292896,547.6036844562982,536.4194362674567,542.4813464798309,30214.0
2015-11-06,False,daily,550.0,571.97,549.995,569.01,27891.0,524.6342433998118,545.590996722528,524.6294739975991,542.7675106125944,27891.0
2015-11-05,False,daily,554.17,566.375,518.1,547.01,53362.0,528.6119248452248,540.254035646488,494.2054572826228,521.7821408766019,53362.0
2015-11-04,False,daily,568.83,568.83,547.1,556.41,20990.0,542.5958121329363,542.5958121329363,521.867990116431,530.748617036526,20990.0
2015-11-03,False,daily,571.03,578.44,566.295,567.94,18406.0,544.6943491065355,551.7626031857949,540.1777252110844,541.7468585390712,18406.0
2015-11-02,False,daily,554.03,578.4,554.03,577.35,31806.0,528.4783815832686,551.7244479680929,528.4783815832686,550.7228735034207,31806.0
2015-10-30,False,daily,564.71,564.71,552.0,552.47,27283.0,538.6658247096505,538.6658247096505,526.5420042849021,526.9903280928983,27283.0
2015-10-29,False,daily,572.34,575.0,562.01,564.71,17722.0,545.9439324862697,548.4812544634397,536.0903475147786,538.6658247096505,17722.0
2015-10-28,False,daily,569.43,579.32,564.99,573.59,22175.0,543.1681403984633,552.6020179752346,538.932911233563,547.1362830394511,22175.0
2015-10-27,False,daily,570.94,576.99,562.0,565.95,23211.0,544.6084998667066,550.3794765441044,536.0808087103532,539.8486364584064,23211.0
2015-10-26,False,daily,575.6,581.98,566.31,570.54,19433.0,549.0535827289667,555.1393399524045,540.1920334177225,544.2269476896884,19433.0
2015-10-23,False,daily,568.94,577.15,568.94,574.29,14369.0,542.7007389816163,550.5320974149116,542.7007389816163,547.8039993492325,14369.0
2015-10-22,False,daily,579.79,595.5999,560.0,568.25,16037.0,553.0503417832307,568.1310961918248,534.173047825263,542.0425614762601,16037.0
2015-10-21,False,daily,592.68,592.68,572.01,577.65,18818.0,565.3458606876371,565.3458606876371,545.6291519402297,551.0090376361842,18818.0
2015-10-20,False,daily,584.36,600.0995,584.36,590.99,23750.0,557.4095754056619,572.4231766311007,557.4095754056619,563.733802739736,23750.0
2015-10-19,False,daily,589.85,590.86,579.03,584.36,24577.0,562.6463790352345,563.6097982822051,552.3253926468964,557.4095754056619,24577.0
2015-10-16,False,daily,585.93,593.42,584.27,588.0,17319.0,558.9071677004576,566.0517322151205,557.3237261658328,560.881700216526,17319.0
2015-10-15,False,daily,570.81,586.0,570.81,585.26,37745.0,544.4844954091756,558.9739393314359,544.4844954091756,558.2680678039525,37745.0
2015-10-14,False,daily,580.71,581.7,569.65,572.06,27590.0,552.8416119343689,553.7841016380335,542.3123835277732,544.6067271498252,27590.0
2015-10-13,False,daily,583.85,589.86,579.26,580.53,29903.0,555.8309227116483,561.5525016197531,551.461197721931,552.6702501700662,29903.0
2015-10-12,False,daily,586.12,593.03,582.15,584.98,19700.0,557.9919849614649,564.5703726910829,554.2125060487899,556.9066937875482,19700.0
2015-10-09,False,daily,585.67,588.775,580.1,586.07,14336.0,557.5635805507083,560.5195709849288,552.2608859553433,557.9443844713809,14336.0
2015-10-08,False,daily,583.94,603.44,582.0,585.18,22465.0,555.9166035937997,574.4807947265857,554.0697045785378,557.0970957478844,22465.0
2015-10-07,False,daily,584.98,594.62,580.05,582.33,30252.0,556.9066937875482,566.0840682757563,552.2132854652591,554.3838678130927,30252.0
2015-10-06,False,daily,588.65,607.875,580.25,581.58,45189.0,560.4005697597187,578.7029581970423,552.4036874255954,553.6698604618317,45189.0
2015-10-05,False,daily,580.81,597.92,575.81,587.65,59461.0,552.936812914537,569.2257006213047,548.1767639061303,559.4485599580373,59461.0
2015-10-02,False,daily,574.21,582.3,566.66,575.32,44571.0,546.6535482234402,554.3553075190422,539.4658742207461,547.7102791033066,44571.0
2015-10-01,False,daily,577.81,581.61,565.0,578.82,44452.0,550.0807835094929,553.6984207558821,537.885537949955,551.0423134091911,44452.0
2015-09-30,False,daily,580.95,580.95,572.28,577.0,20393.0,553.0700942867725,553.0700942867725,544.8161693061952,549.3096555701311,20393.0
2015-09-29,False,daily,575.0,580.495,572.98,574.89,23287.0,547.4056359667684,552.6369298270074,545.4825761673721,547.3009148885835,23287.0
2015-09-28,False,daily,576.02,579.06,565.42,573.81,29402.0,548.3766859644834,551.2707957615946,538.2853820666612,546.2727443027676,29402.0
2015-09-25,False,daily,581.93,584.96,574.49,577.39,21881.0,554.0030638924201,556.8876535915145,546.920110967911,549.6809393927869,21881.0
2015-09-24,False,daily,572.25,579.0,567.49,574.08,22352.0,544.7876090121448,551.2136751734938,540.2560423561416,546.5297869492216,22352.0
2015-09-23,False,daily,578.0,586.485,569.0,575.17,18257.0,550.2616653718125,558.3394685390786,541.6935771566805,547.5674776330542,18257.0
2015-09-22,False,daily,580.29,585.0,575.0,578.0,57595.0,552.4417678176627,556.9257339835818,547.4056359667684,550.2616653718125,57595.0
2015-09-21,False,daily,599.46,599.46,583.26,584.49,57983.0,570.6917957158939,570.6917957158939,555.2692369286563,556.4402089847243,57983.0
2015-09-18,False,daily,594.17,600.0,590.29,594.72,25308.0,565.6556638649996,571.2058810088018,561.961865834476,566.1792692559244,25308.0
2015-09-17,False,daily,601.99,609.9599,590.01,600.25,74054.0,573.1003805141477,580.6878034325678,561.6953030900053,571.4438834592222,74054.0
2015-09-16,False,daily,633.34,633.34,585.435,601.25,85950.0,602.9458877968576,602.9458877968576,557.3398582473131,572.3958932609036,85950.0
2015-09-15,False,daily,625.34,634.72,620.01,632.84,19995.0,595.329809383407,604.2596613231779,590.2555971404454,602.469882896017,19995.0
2015-09-14,False,daily,639.0,639.98,617.66,624.15,36697.0,608.3342632743739,609.2672328800217,588.0183741064942,594.1969177194061,36697.0
2015-09-11,False,daily,616.96,639.96,611.0,639.88,21510.0,587.3519672453174,609.2481926839881,581.6779888272965,609.1720318998536,21510.0
2015-09-10,False,daily,636.91,636.91,612.31,619.35,51663.0,606.34456278886,606.34456278886,582.9251216674991,589.6272706713357,51663.0
2015-09-09,False,daily,656.48,656.48,638.81,640.83,29855.0,624.9753946077637,624.9753946077637,608.1533814120545,610.0764412114509,29855.0
2015-09-08,False,daily,653.57,656.3899,645.97,653.48,28272.0,622.2050460848711,624.8896185246323,614.9697715920929,622.1193652027198,28272.0
2015-09-04,False,daily,640.0,643.99,635.98,640.27,13162.0,609.2862730760553,613.0847921847638,605.4591936732963,609.5433157225093,13162.0
2015-09-03,False,daily,647.89,659.47,646.31,650.6,19383.0,616.797630411321,627.8219039147909,615.2934549246645,619.3775769738775,19383.0
2015-09-02,False,daily,647.65,658.955,638.84,647.83,22369.0,616.5691480589176,627.331618866925,608.181941706105,616.7405098232202,22369.0
2015-09-01,False,daily,651.56,658.96,634.005,643.74,24195.0,620.2915063834915,627.3363789159334,603.5789743149757,612.8467897343435,24195.0
2015-08-31,False,daily,649.2,666.0,648.38,661.56,21592.0,618.0447632515236,634.0385279197701,617.2641152141449,629.8116044003049,21592.0
2015-08-28,False,daily,655.66,657.75,642.37,654.9,30849.0,624.1947465703851,626.184447055899,611.5425363060401,623.4712191211072,30849.0
2015-08-27,False,daily,649.24,683.17,638.31,654.11,33951.0,618.0828436435909,650.3845362146386,607.6773765112138,622.719131377779,33951.0
2015-08-26,False,daily,630.0,649.98,624.5,647.11,49263.0,599.766175059242,618.7873308968351,594.5301211499946,616.0550627660097,49263.0
2015-08-25,False,daily,627.0,639.0,611.1,621.27,56702.0,596.9101456541979,608.3342632743739,581.7731898074647,591.4551294905639,56702.0
2015-08-24,False,daily,618.0,645.0,607.06,625.9,60689.0,588.3420574390659,614.046322084462,577.927070208672,595.8629348723484,60689.0
2015-08-21,False,daily,666.87,666.87,642.48,644.44,54054.0,634.8667764472328,634.8667764472328,611.647257384225,613.5131965955205,54054.0
2015-08-20,False,daily,689.84,689.84,659.23,673.61,53214.0,656.7344415918532,656.7344415918532,627.5934215623874,641.2833225105651,53214.0
2015-08-19,False,daily,692.04,696.39,690.275,693.92,27031.0,658.828863155552,662.9701057928659,657.1485658555845,660.6186415827129,27031.0
2015-08-18,False,daily,698.46,699.97,692.21,697.68,38720.0,664.9407660823463,666.3783008828851,658.9907048218379,664.1981984370348,38720.0
2015-08-17,False,daily,698.8,715.0,695.0,698.93,32209.0,665.2644494149179,680.6870082021555,661.6468121685289,665.3882106891364,32209.0
2015-08-14,False,daily,701.0,701.0,685.86,696.73,14966.0,667.3588709786168,667.3588709786168,652.9454425811614,663.2937891254376,14966.0
2015-08-13,False,daily,701.16,713.89,696.4,700.45,16924.0,667.5111925468858,679.6302773222892,662.9796258908826,666.8352655876921,16924.0
2015-08-12,False,daily,691.15,709.51,672.85,700.73,35981.0,657.9815744320556,675.460474390925,640.5597950612872,667.1018283321629,35981.0
2015-08-11,False,daily,696.0,703.52,692.5,695.3,25756.0,662.5988219702101,669.7579356788538,659.2667876643254,661.9324151090332,25756.0
2015-08-10,False,daily,687.27,703.98,672.17,698.99,51531.0,654.287776401532,670.1958601876272,639.9124283961438,665.4453312772373,51531.0
2015-08-07,False,daily,672.12,687.06,665.01,683.88,29469.0,639.8648279060599,654.087854343179,633.0960382161055,651.0604631738323,29469.0
2015-08-06,False,daily,687.81,692.77,650.725,675.72,32877.0,654.8018616944399,659.5238303107794,619.4965781990877,643.2920631921127,32877.0
2015-08-05,False,daily,674.05,697.25,674.05,686.01,42491.0,641.7022068233048,663.7888342223118,641.7022068233048,653.0882440514135,42491.0
2015-08-04,False,daily,691.45,693.81,670.0,674.0,50705.0,658.2671773725601,660.513920504528,637.8465671264954,641.6546063332207,50705.0
2015-08-03,False,daily,688.56,695.0,683.0,688.77,40910.0,655.5158690457009,661.6468121685289,650.2226945483528,655.7157911040541,40910.0
2015-07-31,False,daily,695.89,696.98,677.99,689.56,54231.0,662.4941008920252,663.5317915758578,645.4531254419293,656.4678788473823,54231.0
2015-07-30,False,daily,688.815,693.164,683.96,688.46,50721.0,655.7586315451298,659.8989221726418,651.1366239579669,655.4206680655329,50721.0
2015-07-29,False,daily,686.0,695.0,667.91,687.94,39378.0,653.0787239533968,661.6468121685289,635.8568666409814,654.9256229686587,39378.0
2015-07-28,False,daily,664.66,689.035,660.8,686.67,62181.0,632.762834785517,655.9680737014996,629.0880769510271,653.7165705205232,62181.0
2015-07-27,False,daily,662.11,668.93,661.0,661.52,37040.0,630.3352097912297,636.8279166386964,629.2784789113633,629.7735240082377,37040.0
2015-07-24,False,daily,672.13,674.98,660.11,663.98,29139.0,639.8743480040766,642.5875759388684,628.431190187867,632.1154681203737,29139.0
2015-07-23,False,daily,697.95,711.21,671.83,674.03,52471.0,664.4552410834888,677.0788910537833,639.5887450635723,641.6831666272711,52471.0
2015-07-22,False,daily,690.19,705.35,684.09,698.82,47507.0,657.0676450224416,671.5001136159307,651.2603852321855,665.2834896109516,47507.0
2015-07-21,False,daily,702.24,707.08,685.3,690.01,33536.0,668.5393631327017,673.1470905728394,652.4123170922198,656.896283258139,33536.0
2015-07-20,False,daily,701.0,709.04,692.07,706.91,56285.0,667.3588709786168,675.0130297841347,658.8574234496025,672.9852489065535,56285.0
2015-07-17,False,daily,704.99,708.5,691.81,702.1,55496.0,671.1573900873253,674.4989444912269,658.6099009011652,668.4060817604663,55496.0
2015-07-16,False,daily,711.0,713.84,700.05,703.2,35774.0,676.8789689954302,679.5826768322053,666.4544616670195,669.4532925423158,35774.0
2015-07-15,False,daily,708.0,719.6,705.2146,707.87,43625.0,671.4924291562791,682.4942825153367,668.8506565402171,671.3691325238069,43625.0
2015-07-14,False,daily,705.85,711.695,700.01,707.41,40589.0,669.4532925423158,674.9968988253928,663.9144284374108,670.9328521319821,40589.0
2015-07-13,False,daily,707.68,719.95,699.705,706.89,46609.0,671.1889297532705,682.8262349873773,663.6251555689184,670.4396656020933,46609.0
2015-07-10,False,daily,712.1,717.99,699.79,703.68,51492.0,675.3810152573253,680.9673011439503,663.7057725978425,667.3951872156645,51492.0
2015-07-09,False,daily,702.02,711.8,701.45,704.32,54530.0,665.8207840625579,675.0964845670048,665.2801757509492,668.0021860216815,54530.0
2015-07-08,False,daily,718.0,719.0,693.375,695.24,103722.0,680.9767855002943,681.9252211346958,657.6215580031568,659.3903904613156,103722.0
2015-07-07,False,daily,714.5,723.7,710.0375,718.7,114680.0,677.6572607798889,686.382868616383,673.4248667613722,681.6406904443754,114680.0
2015-07-06,False,daily,687.99,717.52,675.04,717.52,108915.0,652.5142321119046,680.5215363957816,640.2319906464048,680.5215363957816,108915.0
2015-07-02,False,daily,692.63,697.395,680.1,693.99,105320.0,656.9149734555276,661.4342692534509,645.0310749564766,658.2048459183137,105320.0
2015-07-01,False,daily,653.1,709.55,647.5,693.63,161650.0,619.4233128276354,672.9625043896013,614.1120732749869,657.8634090899292,161650.0
2015-06-30,False,daily,1073.5,1083.0,1069.13,1075.05,42855.0,602.5398487834743,607.8720598346555,600.087031699931,603.4098411128775,42855.0
2015-06-29,False,daily,1078.95,1079.29,1065.25,1070.05,31326.0,605.5988540707309,605.7896910978258,597.9092444495537,600.6034142438348,31326.0
2015-06-26,False,daily,1085.0,1095.93,1074.49,1080.01,30413.0,608.9946305822725,615.129479718,603.0955213035447,606.1938165669679,30413.0
2015-06-25,False,daily,1076.0,1119.54,1076.0,1082.25,40134.0,603.9430622179957,628.3814273936198,603.9430622179957,607.451095804299,40134.0
2015-06-24,False,daily,1071.0,1077.54,1064.24,1073.73,26744.0,601.136635348953,604.8074416936608,597.3423462220071,602.6689444194502,26744.0
2015-06-23,False,daily,1069.77,1078.17,1065.41,1073.13,31660.0,600.4462543391684,605.1610514791603,597.9990501093632,602.3321731951652,31660.0
2015-06-22,False,daily,1069.8,1081.39,1065.82,1069.87,30740.0,600.4630929003827,606.9683903828238,598.2291771126246,600.5023828765492,30740.0
2015-06-19,False,daily,1073.0,1094.13,1050.0,1063.0,27491.0,602.25920609657,614.1191660451447,589.3496424989735,596.6463523584846,27491.0
2015-06-18,False,daily,1055.39,1079.75,1055.39,1069.99,16500.0,592.3749706638016,606.0478823697777,592.3749706638016,600.5697371214063,16500.0
2015-06-17,False,daily,1054.26,1066.02,1051.52,1063.11,16087.0,591.7407181913978,598.3414341873863,590.2027962671624,596.7080937496034,16087.0
2015-06-16,False,daily,1054.0,1064.69,1046.5,1052.91,15776.0,591.5947839942077,597.594924640221,587.3851436906435,590.9829829367563,15776.0
2015-06-15,False,daily,1063.4,1070.54,1050.49,1051.9,36062.0,596.870866508008,600.878444077001,589.6246723321397,590.4160847092097,36062.0
2015-06-12,False,daily,1077.05,1083.0,1059.98,1068.7,34338.0,604.5324118604946,607.8720598346555,594.9512705295828,599.8456789891933,34338.0
2015-06-11,False,daily,1071.87,1089.99,1065.05,1085.0,28159.0,601.6249536241663,611.7954445975772,597.796987374792,608.9946305822725,28159.0
2015-06-10,False,daily,1066.0,1075.0,1064.75,1070.49,44357.0,598.3302084799102,603.3817768441871,597.6286017626495,600.8503798083105,44357.0
2015-06-09,False,daily,1070.0,1070.58,1055.88,1069.0,27608.0,600.5753499751444,600.9008954919533,592.6500004969678,600.0140646013358,27608.0
2015-06-08,False,daily,1065.82,1075.0,1059.2,1071.11,26054.0,598.2291771126246,603.3817768441871,594.5134679380121,601.1983767400718,26054.0
2015-06-05,False,daily,1072.0,1072.0,1063.51,1069.03,17708.0,601.6979207227615,601.6979207227615,596.9326078991269,600.0309031625501,17708.0
2015-06-04,False,daily,1059.6,1074.98,1055.95,1072.0,40633.0,594.7379820875354,603.3705511367109,592.6892904731343,601.6979207227615,40633.0
2015-06-03,False,daily,1069.75,1083.07,1056.14,1061.81,14339.0,600.4350286316923,607.911349810822,592.795934694158,595.9784227636524,14339.0
2015-06-02,False,daily,1078.0,1078.0,1061.33,1066.32,16915.0,605.0656329656127,605.0656329656127,595.7090057842242,598.5098197995289,16915.0
2015-06-01,False,daily,1078.56,1087.25,1069.39,1080.0,55538.0,605.3799527749455,610.2575226733418,600.2329658971212,606.1882037132299,55538.0
2015-05-29,False,daily,1072.78,1072.78,1063.98,1071.0,22765.0,602.1357233143322,602.1357233143322,597.1964120248169,601.136635348953,22765.0
2015-05-28,False,daily,1080.63,1098.36,1071.84,1072.78,22496.0,606.5418134987293,616.4934031763547,601.608115062952,602.1357233143322,22496.0
2015-05-27,False,daily,1075.0,1089.32,1052.01,1084.5,25347.0,603.3817768441871,611.4193833971254,590.4778261003287,608.7139878953683,25347.0
2015-05-26,False,daily,1084.0,1098.0,1069.49,1073.22,28247.0,608.4333452084641,616.2913404417836,600.289094434502,602.3826888788079,28247.0
2015-05-22,False,daily,1085.95,1097.43,1082.72,1086.0,23717.0,609.5278516873907,615.9714077787129,607.7148999299891,609.5559159560811,23717.0
2015-05-21,False,daily,1085.47,1090.66,1075.76,1086.51,47138.0,609.2584347079626,612.171505798029,603.8083537282816,609.8421714967235,47138.0
2015-05-20,False,daily,1048.0,1099.0,1044.99,1092.34,74666.0,588.2270717513563,616.8526258155922,586.5376027761927,613.1144652260273,74666.0
2015-05-19,False,daily,1021.4,1037.87,1018.1,1037.87,19604.0,573.2968808080491,582.5412509146757,571.4446390744808,582.5412509146757,19604.0
2015-05-18,False,daily,986.39,1020.0,981.01,1015.89,16714.0,553.6462798710119,572.5110812847171,550.6265645599218,570.2041983983639,16714.0
2015-05-15,False,daily,1000.0,1000.0,980.09,991.82,26274.0,561.2853738085462,561.2853738085462,550.110182016018,556.6940594507922,26274.0
2015-05-14,False,daily,994.89,1030.01,983.0461,999.99,49832.0,558.4172055483845,578.1295478765406,551.7693977095335,561.2797609548081,49832.0
2015-05-13,False,daily,981.6,992.75,979.08,987.37,35683.0,550.9577229304689,557.2160548484342,549.5432837884714,554.1963395373442,35683.0
2015-05-12,False,daily,958.63,981.76,951.446,981.49,25272.0,538.0649978940866,551.0475285902783,534.0327237686461,550.8959815393499,25272.0
2015-05-11,False,daily,964.0,964.0,951.2978,962.0,37254.0,541.0791003514385,541.0791003514385,533.9495412762476,539.9565296038214,37254.0
2015-05-08,False,daily,971.0,974.98,960.22,964.99,24659.0,545.0080979680984,547.2420137558563,538.9574416384422,541.634772871509,24659.0
2015-05-07,False,daily,962.63,975.48,960.17,966.68,44078.0,540.3101393893207,547.5226564427606,538.9293773697517,542.5833451532453,44078.0
2015-05-06,False,daily,987.75,987.75,957.35,962.61,44315.0,554.4096279793914,554.4096279793914,537.3465526156117,540.2989136818446,44315.0
2015-05-05,False,daily,1000.0,1000.0,980.0,983.0,32401.0,561.2853738085462,561.2853738085462,550.0596663323752,551.7435224538009,32401.0
2015-05-04,False,daily,1010.0,1025.0,995.03,1000.68,14550.0,566.8982275466316,575.3175081537598,558.4957855007177,561.6670478627359,14550.0
2015-05-01,False,daily,1025.02,1025.02,1007.0,1014.76,25243.0,575.328733861236,575.328733861236,565.214371425206,569.5699459259603,25243.0
2015-04-30,False,daily,1037.03,1037.03,1015.03,1022.93,24579.0,582.0697712006767,582.0697712006767,569.7214929768886,574.155647429976,24579.0
2015-04-29,False,daily,1042.0,1042.94,1027.9,1032.0,25138.0,584.8593595085051,585.3869677598851,576.9452357378046,579.2465057704196,25138.0
2015-04-28,False,daily,1059.8,1059.8,1045.5,1048.65,28356.0,594.8502391622972,594.8502391622972,586.823858316835,588.591907244332,28356.0
2015-04-27,False,daily,1073.0,1079.03,1056.31,1057.0,16889.0,602.25920609657,605.6437569006356,592.8913532077054,593.2786401156333,16889.0
2015-04-24,False,daily,1069.26,1072.3,1060.0,1068.39,16386.0,600.1599987985261,601.866306334904,594.9624962370589,599.6716805233127,16386.0
2015-04-23,False,daily,1048.24,1079.91,1048.24,1066.44,17407.0,588.3617802410704,606.1376880295871,588.3617802410704,598.577174044386,17407.0
2015-04-22,False,daily,1043.69,1076.62,1043.69,1068.93,25025.0,585.8079317902416,604.2910591497568,585.8079317902416,599.9747746251693,25025.0
2015-04-21,False,daily,1025.47,1044.6,1025.47,1044.01,40572.0,575.5813122794499,586.3187014804073,575.5813122794499,585.9875431098602,40572.0
2015-04-20,False,daily,1015.98,1027.84,1015.0,1026.82,46505.0,570.2547140820068,576.9115586153761,569.7046544156743,576.3390475340914,46505.0
2015-04-17,False,daily,1009.94,1013.75,997.8,1010.03,25587.0,566.8645504242031,569.0030476984136,560.0505459861673,566.9150661078459,25587.0
2015-04-16,False,daily,1032.44,1032.98,1012.34,1015.66,42293.0,579.4934713348954,579.796565436752,568.2116353213436,570.0751027623879,42293.0
2015-04-15,False,daily,1028.8,1035.0,1028.27,1032.28,60675.0,577.4503925742323,580.9303618918452,577.1529113261138,579.403665675086,60675.0
2015-04-14,False,daily,1046.25,1049.28,1023.1,1032.59,34966.0,587.2448223471914,588.9455170298313,574.2510659435236,579.5776641409666,34966.0
2015-04-13,False,daily,1056.9,1056.9,1045.0,1048.16,26258.0,593.2225115782525,593.2225115782525,586.5432156299307,588.3168774111658,26258.0
2015-04-10,False,daily,1061.5,1062.22,1056.06,1058.08,9939.0,594.3018865179741,594.7049928376094,591.2561943251735,592.387131499706,9939.0
2015-04-09,False,daily,1065.9,1065.9,1052.11,1059.54,22337.0,596.7653140268569,596.7653140268569,589.0447082660628,593.2045415367445,22337.0
2015-04-08,False,daily,1066.15,1068.14,1056.0,1059.02,29329.0,596.9052814989526,598.0194225768337,591.2226021318706,592.9134091947856,29329.0
2015-04-07,False,daily,1053.09,1072.48,1053.09,1064.68,12870.0,589.5933807566776,600.4492578924135,589.5933807566776,596.0822727630303,12870.0
2015-04-06,False,daily,1043.99,1061.83,1043.99,1055.34,28963.0,584.4985647723973,594.4866435811402,584.4985647723973,590.8530880055381,28963.0
2015-04-02,False,daily,1041.36,1049.92,1041.36,1049.59,12250.0,583.0261069659514,587.8185932105054,583.0261069659514,587.633836147339,12250.0
2015-04-01,False,daily,1045.02,1048.97,1034.15,1045.22,22500.0,585.0752307574312,587.2867168165419,578.989445070714,585.1872047351078,22500.0
2015-03-31,False,daily,1039.65,1049.99,1038.98,1049.63,28800.0,582.0687294568176,587.8577841026921,581.6936166316012,587.6562309428745,28800.0
2015-03-30,False,daily,1045.22,1048.0,1034.49,1040.0,23788.0,585.1872047351078,586.7436430248109,579.179800832764,582.2646839177513,23788.0
2015-03-27,False,daily,1052.06,1056.44,1040.47,1043.0,30291.0,589.0167147716437,591.4689448827589,582.5278227652911,583.9442935828987,30291.0
2015-03-26,False,daily,1072.19,1075.0,1052.89,1054.71,24616.0,600.2868956247826,601.8601300111372,589.4814067790012,590.5003699758572,24616.0
2015-03-25,False,daily,1088.0,1094.63,1072.29,1074.39,43483.0,609.1384385601091,612.8503759200848,600.3428826136208,601.518609379224,43483.0
2015-03-24,False,daily,1082.4,1089.45,1074.28,1086.35,16833.0,606.0031671851674,609.9502498982637,601.4570236915018,608.214653244278,16833.0
2015-03-23,False,daily,1081.82,1095.1,1076.97,1077.51,14538.0,605.6784426499055,613.1135147676245,602.9630736912507,603.2654034309771,14538.0
2015-03-20,False,daily,1080.0,1085.05,1074.51,1085.05,60572.0,604.6594794530495,607.4868223893808,601.5857937658297,607.4868223893808,60572.0
2015-03-19,False,daily,1080.97,1080.97,1069.75,1078.69,23225.0,605.2025532447805,605.2025532447805,598.9208130971293,603.9260498992685,23225.0
2015-03-18,False,daily,1084.0,1085.45,1072.0,1082.59,26285.0,606.8989590065793,607.7107703447339,600.1805203459899,606.10954246396,26285.0
2015-03-17,False,daily,1084.35,1090.74,1072.25,1081.76,32126.0,607.0949134675132,610.672482054277,600.3204878180854,605.6448504566026,32126.0
2015-03-16,False,daily,1082.42,1098.94,1076.06,1092.04,34503.0,606.0143645829351,615.2634151390132,602.4535920928225,611.4003129091742,34503.0
2015-03-13,False,daily,1064.06,1084.94,1056.43,1079.63,43037.0,595.7351534322331,607.4252367016588,591.463346183875,604.452327594348,43037.0
2015-03-12,False,daily,1022.01,1065.12,1022.01,1065.12,30284.0,572.192624625751,596.3286155139185,572.192624625751,596.3286155139185,30284.0
2015-03-11,False,daily,1017.2,1042.13,1015.0,1029.76,26809.0,569.4996504626314,583.457206780006,568.2679367081901,576.531616260715,26809.0
2015-03-10,False,daily,1028.07,1031.0,1018.89,1023.0,11567.0,575.5854361493487,577.2258549223093,570.4458305739978,572.7468958152497,11567.0
2015-03-09,False,daily,1042.59,1048.0,1035.48,1041.6,18467.0,583.7147469286618,586.7436430248109,579.7340720222627,583.1604757391632,18467.0
2015-03-06,False,daily,1037.33,1063.56,1037.33,1047.24,26469.0,580.7698313157701,595.455218488042,580.7698313157701,586.3181419096403,26469.0
2015-03-05,False,daily,1055.95,1066.39,1035.07,1049.29,25889.0,591.1946086374516,597.0396502721643,579.5045253680258,587.4658751808244,25889.0
2015-03-04,False,daily,1003.5,1061.9,1000.0,1053.44,42270.0,561.8294329917918,594.5258344733271,559.8698883824533,589.7893352176116,42270.0
2015-03-03,False,daily,992.7,1004.16,989.7,1004.16,59868.0,555.7828381972613,562.1989471181242,554.103228532114,562.1989471181242,59868.0
2015-03-02,False,daily,991.07,998.29,984.95,996.65,80563.0,554.870250279198,558.9125108733192,551.4438465622973,557.994324256372,80563.0
2015-02-27,False,daily,983.94,990.0,978.54,986.38,16630.0,550.8783779750311,554.2711894986287,547.8550805777658,552.2444605026842,16630.0
2015-02-26,False,daily,990.0,990.0,979.6625,983.99,16601.0,554.2711894986287,554.2711894986287,548.4835345274751,550.9063714694502,16601.0
2015-02-25,False,daily,990.0,1000.0,977.9,986.88,73382.0,554.2711894986287,559.8698883824533,547.496763849201,552.5243954468755,73382.0
2015-02-24,False,daily,987.67,996.08,986.208,992.73,31393.0,552.9666926586975,557.675198419994,552.1481628818824,555.7996342939128,31393.0
2015-02-23,False,daily,980.68,990.05,969.64,990.0,31825.0,549.0532021389042,554.2991829930478,542.8722385711619,554.2711894986287,31825.0
2015-02-20,False,daily,1023.99,1023.99,983.0,987.46,33657.0,573.3011670047483,573.3011670047483,550.3521002799515,552.8491199821373,33657.0
2015-02-19,False,daily,1001.11,1005.78,987.89,991.85,20578.0,560.4913439585578,563.1059363373038,553.0898640341417,555.3069487921363,20578.0
2015-02-18,False,daily,983.71,1000.18,983.71,1000.09,16383.0,550.749607900703,559.970664962362,550.749607900703,559.9202766724077,16383.0
2015-02-17,False,daily,976.67,990.0,976.67,985.36,35238.0,546.8081238864905,554.2711894986287,546.8081238864905,551.6733932165341,35238.0
2015-02-13,False,daily,964.24,981.8499,962.0,976.65,36686.0,539.8489411738967,549.7081939213228,538.59483262392,546.7969264887229,36686.0
2015-02-12,False,daily,966.15,976.2,958.5,961.14,30432.0,540.9182926607072,546.5449850389508,536.6352880145814,538.113344519911,30432.0
2015-02-11,False,daily,959.0,962.0,956.7,959.99,7848.0,536.9152229587727,538.59483262392,535.6275222154931,537.4694941482712,7848.0
2015-02-10,False,daily,953.54,960.93,951.86,955.8,11899.0,533.8583333682044,537.9957718433508,532.9177519557219,535.1236393159487,11899.0
2015-02-09,False,daily,962.52,963.01,950.58,956.15,18085.0,538.8859649658789,539.1603012111863,532.2011184985925,535.3195937768826,18085.0
2015-02-06,False,daily,954.64,970.92,950.0,958.77,20430.0,534.4741902454251,543.5888720282915,531.8763939633305,536.7864528844447,20430.0
2015-02-05,False,daily,953.03,965.01,953.03,963.9,21294.0,533.5727997251294,540.2800409879512,533.5727997251294,539.6585854118466,21294.0
2015-02-04,False,daily,967.0,967.0,953.5001,960.28,16613.0,541.3941820658323,541.3941820658323,533.8359945596579,537.6318564159021,16613.0
2015-02-03,False,daily,975.0,976.1499,957.93,966.99,29630.0,545.8731411728919,546.5169355575429,536.3161621782034,541.3885833669484,29630.0
2015-02-02,False,daily,936.7,955.53,936.7,946.39,25044.0,524.4301244478439,534.9724744460855,524.4301244478439,529.8552636662699,25044.0
2015-01-30,False,daily,974.0,974.0,926.09,935.32,50848.0,545.3132712845095,545.3132712845095,518.4899049321061,523.6575040018762,50848.0
2015-01-29,False,daily,939.35,977.29,938.24,975.72,35635.0,525.9137796520574,547.1552432172876,525.2923240759529,546.2762474925273,35635.0
2015-01-28,False,daily,934.93,942.82,931.12,939.87,23872.0,522.0213743963823,526.4267829766904,519.8940478195796,524.7796403516069,23872.0
2015-01-27,False,daily,924.2,938.45,917.29,932.58,14832.0,516.0302420685363,523.9867784778379,512.1720198518151,520.7092438306379,14832.0
2015-01-26,False,daily,899.87,925.45,899.14,925.0,24062.0,502.44550306233896,516.7281838588258,502.0379050568098,516.4769248143216,24062.0
2015-01-23,False,daily,893.0,900.7,892.12,895.25,22014.0,498.6096149829072,502.9089364110913,498.11826396254327,499.8659102054285,22014.0
2015-01-22,False,daily,884.7,897.33,878.781,897.33,36167.0,493.97528149538414,501.02728534447044,490.67038753000463,501.02728534447044,36167.0
2015-01-21,False,daily,887.91,888.99,878.65,884.68,18279.0,495.76759601284783,496.37061771965807,490.5972432303823,493.9641144267394,18279.0
2015-01-20,False,daily,894.52,899.0,882.5,883.17,18843.0,499.45831219989935,501.95973557629736,492.74690394447435,493.12100074406953,18843.0
2015-01-16,False,daily,881.1,896.62,881.1,891.49,8921.0,491.96520913935,500.63085440758596,491.96520913935,497.76650130023734,8921.0
2015-01-15,False,daily,875.42,889.26,871.06,877.98,26292.0,488.7937616442739,496.52137314636065,486.3593406797437,490.2231464307871,26292.0
2015-01-14,False,daily,875.0,878.2,872.755,872.97,24540.0,488.5592532027366,490.3459841858781,487.3057497473764,487.4257957353063,24540.0
2015-01-13,False,daily,878.41,890.99,874.01,877.27,35417.0,490.46323840664667,497.4873245841215,488.0064833048272,489.82671549390255,35417.0
2015-01-12,False,daily,865.0,886.08,865.0,877.62,22636.0,482.9757188804196,494.74580923186386,482.9757188804196,490.0221391951837,22636.0
2015-01-09,False,daily,868.8,878.04,866.35,870.47,28537.0,485.09746192290004,490.25664763672097,483.7294960139324,486.029912154727,28537.0
2015-01-08,False,daily,844.54,871.66,841.16,871.66,45450.0,471.55180765695906,486.6943527390827,469.6645730560159,486.6943527390827,45450.0
2015-01-07,False,daily,845.8,851.9,839.93,843.01,15471.0,472.255332981571,475.66128891818437,468.9777983343709,470.69752690564457,15471.0
2015-01-06,False,daily,871.91,874.32,836.53,843.06,50787.0,486.8339410971406,488.1795728688191,467.07939666478313,470.7254445772561,50787.0
2015-01-05,False,daily,856.99,874.63,855.69,872.02,20704.0,478.5033078882437,488.35266243281086,477.7774484263425,486.89535997468613,20704.0
2015-01-02,False,daily,867.36,867.36,850.91,860.94,19921.0,484.29343298048644,484.29343298048644,475.10851902027497,480.70880394555894,19921.0
2016-12-30,False,daily,523.5,523.5,510.05,511.95,14442.0,504.4147620198517,504.4147620198517,491.455108630803,493.28584033631915,14442.0
2016-12-29,False,daily,524.5,528.7,522.55,524.2,30351.0,505.378305022755,509.42518563494866,503.4993961670936,505.08924212188407,30351.0
2016-12-28,False,daily,526.75,526.75,518.35,522.9,26565.0,507.54627677928727,507.54627677928727,499.4525155549,503.83663621810973,26565.0
2016-12-27,False,daily,525.15,529.0524,523.6,524.45,10463.0,506.00460797464206,509.7647381891718,504.5111163201421,505.33012787260986,10463.0
2016-12-23,False,daily,529.9,530.9,523.75,524.25,13423.0,510.5814372384325,511.54498024133574,504.65564777057756,505.13741927202915,13423.0
2016-12-22,False,daily,532.9,532.9,528.45,531.8,8990.0,513.4720662471423,513.4720662471423,509.18429988422287,512.4121689439487,8990.0
2016-12-21,False,daily,539.7,539.7,527.65,534.25,15207.0,520.0241586668844,520.0241586668844,508.4134654819002,514.7728493010617,15207.0
2016-12-20,False,daily,546.4,547.8,538.3,541.75,14702.0,526.4798967863361,527.8288569904007,518.6751984628198,521.9994218228361,14702.0
2016-12-19,False,daily,532.9,541.95,532.9,541.95,18773.0,513.4720662471423,522.1921304234168,513.4720662471423,522.1921304234168,18773.0
2016-12-16,False,daily,527.45,537.1,527.45,532.1,50333.0,508.22075688131963,517.518946859336,508.22075688131963,512.7012318448197,50333.0
2016-12-15,False,daily,525.1,529.3,525.0,528.0,11748.0,505.956430824497,510.0033114366905,505.8600765242066,508.75070553291636,11748.0
2016-12-14,False,daily,524.6,527.55,522.0,524.9,21212.0,505.47465932304533,508.31711118160985,502.9694475154969,505.76372222391626,21212.0
2016-12-13,False,daily,518.2,526.45,518.2,523.85,18756.0,499.30798410446454,507.25721387841634,499.30798410446454,504.7520020708679,18756.0
2016-12-12,False,daily,519.45,524.2,513.7,516.9,15232.0,500.5124128580936,505.08924212188407,494.9720405913999,498.05537820069026,15232.0
2016-12-09,False,daily,508.05,522.4,507.0,517.35,22180.0,489.52802262499654,503.35486471665814,488.5163024719481,498.48897255199677,22180.0
2016-12-08,False,daily,495.55,511.9,492.95,506.55,32767.0,477.4837350887059,493.237663186174,474.97852328115744,488.08270812064166,32767.0
2016-12-07,False,daily,494.95,499.85,490.0,493.55,31038.0,476.9056092869639,481.6269700011899,472.1360714225928,475.55664908289936,31038.0
2016-12-06,False,daily,499.0,504.95,492.875,495.35,31982.0,480.8079584487221,486.54103931599644,474.9062575559397,477.2910264881252,31982.0
2016-12-05,False,daily,494.7,504.05,492.8,498.6,61328.0,476.6647235362381,485.67385061338354,474.83399183072197,480.4225412475608,61328.0
2016-12-02,False,daily,493.95,496.75,487.65,491.8,17056.0,475.9420662840607,478.6399866921898,469.87174536577015,473.8704488278187,17056.0
2016-12-01,False,daily,492.15,493.55,489.25,493.55,15532.0,474.2076888788348,475.55664908289936,471.4134141704154,475.55664908289936,15532.0
2016-11-30,False,daily,487.8,491.85,484.5,489.75,29193.0,470.0162768162057,473.91862597796387,466.836584906625,471.895185671867,29193.0
2016-11-29,False,daily,482.15,489.75,481.95,487.7,11226.0,464.57225884980227,471.895185671867,464.37955024922167,469.91992251591535,11226.0
2016-11-28,False,daily,483.8,483.8,477.9,481.95,20693.0,466.1621048045927,466.1621048045927,460.47720108746347,464.37955024922167,20693.0
2016-11-25,False,daily,484.65,485.85,480.0,485.8,2739.0,466.98111635706044,468.13736796054434,462.50064139356033,468.0891908103992,2739.0
2016-11-23,False,daily,486.75,490.95,479.9,482.9,27336.0,469.00455666315725,473.0514372753509,462.40428709327,465.2949161019797,27336.0
2016-11-22,False,daily,484.55,492.2,479.9742,486.65,38084.0,466.8847620567701,474.25586602898,462.4757819840854,468.9082023628669,38084.0
2016-11-21,False,daily,478.4,488.75,478.4,482.6,28556.0,460.9589725889151,470.9316426689638,460.9589725889151,465.0058532011088,28556.0
2016-11-18,False,daily,477.2,480.7,472.55,479.2,25965.0,459.8027209854312,463.1751214955926,455.3222460219311,461.7298069912377,25965.0
2016-11-17,False,daily,477.0,480.8,472.8,477.45,28110.0,459.61001238485056,463.27147579588296,455.56313177265696,460.043606736157,28110.0
2016-11-16,False,daily,477.5,479.5,469.0,475.0,29667.0,460.0917838863022,462.0188698921087,451.90166836162456,457.6829263790441,29667.0
2016-11-15,False,daily,476.25,481.05,475.05,477.25,9059.0,458.8873551326731,463.51236154660876,457.7311035291892,459.85089813557636,9059.0
2016-11-14,False,daily,477.7,483.2,472.4,474.6,25658.0,460.2844924868828,465.5839790028507,455.1777145714956,457.2975091778828,25658.0
2016-11-11,False,daily,467.25,477.9,467.2,476.6,21523.0,450.2154681065439,460.47720108746347,450.1672909563987,459.2245951836893,21523.0
2016-11-10,False,daily,466.35,477.65,465.7,468.6,36874.0,449.348279403931,460.2363153367377,448.7219764520438,451.5162511604633,36874.0
2016-11-09,False,daily,446.95,468.75,445.0,466.75,32727.0,430.6555451476079,451.66078261089876,428.77663629194655,449.73369660509223,32727.0
2016-11-08,False,daily,445.15,455.45,440.55,451.95,56770.0,428.921167742382,438.84566067228553,424.4888699290271,435.4732601621241,56770.0
2016-11-07,False,daily,446.4,448.2,443.0,445.85,46330.0,430.1255964960111,431.85997390123697,426.8495502861401,429.5956478444143,46330.0
2016-11-04,False,daily,447.55,449.3,441.975,443.05,31143.0,431.23367094934986,432.91987120443054,425.86191870816424,426.8977274362852,31143.0
2016-11-03,False,daily,454.65,454.65,443.15,446.3,24661.0,438.0748262699629,438.0748262699629,426.99408173657554,430.02924219572077,24661.0
2016-11-02,False,daily,471.0,471.9,455.95,455.95,43412.0,453.8287543674311,454.695943070044,439.3274321737371,439.3274321737371,43412.0
2016-11-01,False,daily,477.1,482.45,471.4,471.4,29969.0,459.7063666851409,464.86132175067326,454.21417156859235,454.21417156859235,29969.0
2016-10-31,False,daily,475.0,479.625,470.4,475.0,29374.0,457.6829263790441,462.1393127674716,453.2506285656891,457.6829263790441,29374.0
2016-10-28,False,daily,475.0,475.175,471.0,473.2,15444.0,457.6829263790441,457.85154640455215,453.8287543674311,455.9485489738182,15444.0
2016-10-27,False,daily,476.7,479.45,470.3,474.95,18850.0,459.3209494839796,461.97069274196355,453.1542742653988,457.6347492288989,18850.0
2016-10-26,False,daily,467.8,476.075,467.8,473.9,25821.0,450.74541675814066,458.71873510716506,450.74541675814066,456.62302907585047,25821.0
2016-10-25,False,daily,469.2,470.7,467.6,469.5,24279.0,452.0943769622052,453.5396914665601,450.55270815756006,452.3834398630762,24279.0
2016-10-24,False,daily,469.85,472.55,466.3,469.15,31095.0,452.72067991409233,455.3222460219311,449.3001022537858,452.04619981206,31095.0
2016-10-21,False,daily,462.47,469.37,459.5,468.94,20313.0,445.60973255266634,452.2581792726988,442.74800983404367,451.8438557814504,20313.0
2016-10-20,False,daily,461.67,464.7,460.525,464.03,22158.0,444.83889815034377,447.75843344914057,443.7356414120195,447.1128596371954,22158.0
2016-10-19,False,daily,461.01,466.42,458.0,462.67,19920.0,444.2029597684276,449.4157274141342,441.3026953296888,445.802441153247,19920.0
2016-10-18,False,daily,465.19,466.5,456.72,461.51,35290.0,448.23056952056317,449.49281085436644,440.06936028597266,444.6847312698792,35290.0
2016-10-17,False,daily,460.69,464.835,460.69,462.78,19683.0,443.8946260074986,447.8885117545325,443.8946260074986,445.9084308835663,19683.0
2016-10-14,False,daily,467.89,467.89,460.27,464.2,26538.0,449.6564489021571,449.6564489021571,442.33339831198754,446.1102472384136,26538.0
2016-10-13,False,daily,471.57,471.57,464.58,464.58,28695.0,453.1930402632889,453.1930402632889,446.47543873766085,446.47543873766085,28695.0
2016-10-12,False,daily,475.01,477.0,472.11,474.24,35702.0,456.4989843617381,458.4114345814806,453.7119966043245,455.75899106063173,35702.0
2016-10-11,False,daily,480.36,480.77,474.0,475.45,43506.0,461.6404962590357,462.03451866611823,455.5283437979492,456.921837676656,43506.0
2016-10-10,False,daily,474.46,483.685,473.0,482.16,76615.0,455.9704177180907,464.83592187744955,454.56731353677213,463.3703507291545,76615.0
2016-10-07,False,daily,476.22,479.2,472.72,473.61,32148.0,457.66183097776246,460.52570115607017,454.2982250636426,455.15354199609015,32148.0
2016-10-06,False,daily,477.73,486.9,472.54,478.3,39290.0,459.11298667213987,467.9256341671339,454.12523961663067,459.66077392101084,39290.0
2016-10-05,False,daily,478.27,482.645,476.46,476.74,44403.0,459.6319430131755,463.8364504058253,457.8924782404449,458.16156671357453,44403.0
2016-10-04,False,daily,479.86,481.0,475.24,477.46,36530.0,461.1599811284471,462.255555626189,456.7200213218089,458.853508501622,36530.0
2016-10-03,False,daily,480.24,482.265,478.1,479.53,24365.0,461.5251726276944,463.47125890657804,459.4685678687754,460.84284114225864,24365.0
2016-09-30,False,daily,481.23,484.9,474.34,481.37,58671.0,462.47659258625976,466.0035736447797,455.85509408674943,462.6111368228245,58671.0
2016-09-29,False,daily,482.86,483.85,476.48,478.27,25757.0,464.0430719119784,464.99449187054375,457.91169884566847,459.6319430131755,25757.0
2016-09-28,False,daily,488.41,489.0,476.0611,484.49,37619.0,469.3767898615114,469.94379771560585,457.5091232692614,465.60955123769713,37619.0
2016-09-27,False,daily,486.13,493.34,484.055,487.04,19702.0,467.18564086602754,474.11466904911447,465.19150307408506,468.0601784036987,19702.0
2016-09-26,False,daily,491.98,491.98,484.14,488.09,28491.0,472.8076678939137,472.8076678939137,465.2731906462851,469.06926017793467,28491.0
2016-09-23,False,daily,505.53,505.53,490.75,493.82,44986.0,485.82962793286345,485.82962793286345,471.6256006726658,474.57596357447954,44986.0
2016-09-22,False,daily,513.0,513.47,506.29,508.18,42162.0,493.00852398385643,493.4602082066097,486.5600109313581,488.3763581249828,42162.0
2016-09-21,False,daily,515.0,515.0,510.0,512.8,26927.0,494.93058450621066,494.93058450621066,490.1254332003251,492.816317931621,26927.0
2016-09-20,False,daily,513.83,517.985,508.02,515.44,27670.0,493.80617910063347,497.79925983582433,488.22259328319444,495.35343782112864,27670.0
2016-09-19,False,daily,507.7,513.35,507.7,513.09,23604.0,487.9150635996178,493.34488457526845,487.9150635996178,493.09501670736245,23604.0
2016-09-16,False,daily,497.39,508.05,495.0,506.55,89121.0,478.0068416068818,488.2514241910298,475.7099792826685,486.80987879926414,89121.0
2016-09-15,False,daily,505.39,505.39,494.1,500.5,29379.0,485.69508369629864,485.69508369629864,474.84505204760916,480.9956457191426,29379.0
2016-09-14,False,daily,508.0,511.3,502.58,503.69,21872.0,488.2033726779709,491.37477253985537,482.994588662391,484.0613322522976,21872.0
2016-09-13,False,daily,508.16,510.91,501.545,505.96,24493.0,488.3571375197593,490.9999707379963,481.9999223420727,486.2428709451696,24493.0
2016-09-12,False,daily,499.02,513.84,497.2,509.71,36280.0,479.5733209326005,493.8157894032453,477.8242458572581,489.84673442458376,36280.0
2016-09-09,False,daily,502.59,506.68,493.8001,500.79,23170.0,483.00419896500273,486.93481273321714,474.55683907228206,481.27434449488396,23170.0
2016-09-08,False,daily,507.52,511.6,501.24,504.16,23321.0,487.74207815260587,491.66308161820854,481.7068081124137,484.51301647505085,23321.0
2016-09-07,False,daily,506.4,514.09,505.18,510.45,40938.0,486.66572426008753,494.05604696853953,485.4932673414515,490.55789681785484,40938.0
2016-09-06,False,daily,497.44,511.52,495.0,508.19,33795.0,478.05489311994063,491.58619919731433,475.7099792826685,488.38596842759455,33795.0
2016-09-02,False,daily,490.65,496.77,490.0,495.76,15833.0,471.52949764654807,477.41100284495195,470.904827976783,476.4403622811631,15833.0
2016-09-01,False,daily,488.89,495.0,486.31,490.32,21294.0,469.83808438687635,475.7099792826685,467.35862631303945,471.21235766035966,21294.0
2016-08-31,False,daily,491.48,500.69,484.451,490.35,37796.0,472.3271527633251,481.17824146876626,465.5720710575112,471.24118856819496,37796.0
2016-08-30,False,daily,497.0,498.99,485.13,491.67,36223.0,477.6320398050227,479.5444900247652,466.22461060485045,472.50974851294876,36223.0
2016-08-29,False,daily,510.36,510.36,497.0,497.8,28463.0,490.4714040943489,490.4714040943489,477.6320398050227,478.40086401396445,28463.0
2016-08-26,False,daily,519.04,521.99,506.0,507.82,50985.0,498.81314676136617,501.6481860318387,486.2813121556167,488.03038723095904,50985.0
2016-08-25,False,daily,513.0,524.0599,513.0,516.78,15713.0,493.00852398385643,503.63742256944914,493.00852398385643,496.6412183711059,15713.0
2016-08-24,False,daily,518.09,518.09,512.58,515.8,22688.0,497.900168013248,497.900168013248,492.6048912741621,495.6994087151523,22688.0
2016-08-23,False,daily,525.31,526.46,518.0,518.03,10252.0,504.8388064989466,505.94399129930036,497.813675289742,497.8425061975773,10252.0
2016-08-22,False,daily,521.21,526.6999,517.95,525.11,30512.0,500.89858242812056,506.1745424589567,497.7656237766832,504.64660044671126,30512.0
2016-08-19,False,daily,509.35,524.54,509.255,524.0,35032.0,489.50076353056005,504.09881319784023,489.4094656557482,503.57985685680467,35032.0
2016-08-18,False,daily,501.33,512.67,501.33,512.67,33725.0,481.7933008359196,492.69138399766797,481.7933008359196,492.69138399766797,33725.0
2016-08-17,False,daily,499.83,504.59,497.5,501.71,20429.0,480.3517554441539,484.92625948735696,478.1125549356113,482.1584923351669,20429.0
2016-08-16,False,daily,505.13,505.13,500.0,501.9,12731.0,485.44521582839263,485.44521582839263,480.51513058855403,482.34108808479056,12731.0
2016-08-15,False,daily,495.27,504.74,495.27,503.93,28814.0,475.9694574531863,485.07041402653357,475.9694574531863,484.2919795149801,28814.0
2016-08-12,False,daily,496.06,496.95,494.51,495.19,13408.0,476.7286713595162,477.58398829196386,475.2390744546917,475.89257503229214,13408.0
2016-08-11,False,daily,494.01,499.6,490.695,496.7,46633.0,474.75855932410315,480.1307184840832,471.5727440083011,477.3437307266696,46633.0
2016-08-10,False,daily,488.83,496.38,486.22,493.66,23320.0,469.78042257120575,477.0362010430929,467.27213358953355,474.4221987326912,23320.0
2016-08-09,False,daily,494.5,494.5,485.01,488.0,22344.0,475.22946415207997,475.22946415207997,466.1092869735092,468.98276745442877,22344.0
2016-08-08,False,daily,492.9,498.0,489.95,493.33,20861.0,473.69181573419655,478.59307006619986,470.8567764637241,474.1050587465027,20861.0
2016-08-05,False,daily,505.96,505.96,492.03,493.02,23198.0,486.2428709451696,486.2428709451696,472.85571940697247,473.8071393655378,23198.0
2016-08-04,False,daily,507.0,512.98,502.4,503.29,27503.0,487.2423424167938,492.98930337863294,482.82160321537907,483.67692014782676,27503.0
2016-08-03,False,daily,499.9,508.35,493.83,506.41,22959.0,480.4190275624363,488.5397332693829,474.5855738770913,486.67533456269933,22959.0
2016-08-02,False,daily,505.29,505.29,494.16,498.21,14363.0,485.598980670181,485.598980670181,474.90271386327976,478.794886421047,14363.0
2016-08-01,False,daily,506.11,507.18,501.0,504.18,17856.0,486.38702548434617,487.4153278638057,481.4761608497312,484.53223708027434,17856.0
2016-07-29,False,daily,509.03,509.03,503.23,503.24,9806.0,489.19323384698333,489.19323384698333,483.6192583321561,483.6288686347679,9806.0
2016-07-28,False,daily,506.38,509.96,505.35,507.22,8054.0,486.646503654864,490.086991989878,485.6566424858516,487.4537690742528,8054.0
2016-07-27,False,daily,506.35,510.28,503.49,506.64,14040.0,486.61767274702873,490.3945216734547,483.86912620006217,486.89637152277004,14040.0
2016-07-26,False,daily,507.48,511.03,505.63,506.71,15511.0,487.7036369421588,491.1152943693375,485.92573095898115,486.96364364105244,15511.0
2016-07-25,False,daily,506.0,508.66,504.4,506.33,13377.0,486.2813121556167,488.8376526503478,484.7436637377333,486.5984521418051,13377.0
2016-07-22,False,daily,506.16,507.59,504.04,506.04,6685.0,486.4350769974051,487.8093502708883,484.3976928437096,486.3197533660638,6685.0
2016-07-21,False,daily,507.0,510.26,502.67,504.24,9313.0,487.2423424167938,490.3753010682312,483.08108138589694,484.589898895945,9313.0
2016-07-20,False,daily,502.5,508.66,502.5,507.23,7592.0,482.91770624149683,488.8376526503478,482.91770624149683,487.46337937686457,7592.0
2016-07-19,False,daily,500.06,505.705,500.06,501.33,11590.0,480.5727924042247,485.99780822856945,480.5727924042247,481.7933008359196,11590.0
2016-07-18,False,daily,501.85,505.48,499.29,502.93,17779.0,482.2930365717317,485.7815764198046,479.8327991031183,483.330949253803,17779.0
2016-07-15,False,daily,510.97,510.97,500.14,501.01,17328.0,489.8790318963299,489.8790318963299,479.4960545876087,480.33014417750593,17328.0
2016-07-14,False,daily,517.22,517.22,507.89,508.5,12206.0,495.87105481225854,495.87105481225854,486.9261630033602,487.5109844399548,12206.0
2016-07-13,False,daily,512.62,516.43,510.7,513.88,16376.0,491.46092594613503,495.1136631156851,489.6201765063617,492.66891776598624,16376.0
2016-07-12,False,daily,511.98,518.73,509.61,512.65,22062.0,490.8473427995439,497.3187275487469,488.5751677098238,491.4896876561314,22062.0
2016-07-11,False,daily,497.89,509.64,497.89,507.89,28315.0,477.33892633787434,488.6039294198202,477.33892633787434,486.9261630033602,28315.0
2016-07-08,False,daily,483.0,494.02,483.0,492.44,19108.0,463.06353094296594,473.62866574833134,463.06353094296594,472.1138823551846,19108.0
2016-07-07,False,daily,481.7,482.8,476.005,481.68,30845.0,461.8171901764528,462.87178620965625,456.3572588954586,461.79801570312185,30845.0
2016-07-06,False,daily,482.57,483.03,477.63,479.96,22272.0,462.65127976635006,463.0922926529624,457.91518485360007,460.14901099665826,22272.0
2016-07-05,False,daily,489.74,493.406,481.31,482.35,36283.0,469.5253284555034,473.0400094170705,461.44328794649886,462.4403605597094,36283.0
2016-07-01,False,daily,487.33,496.71,487.33,492.69,15407.0,467.2148044191213,476.20763241134705,467.2148044191213,472.3535632718217,15407.0
2016-06-30,False,daily,480.78,489.55,477.235,489.54,38096.0,460.9351644032281,469.3431709588592,457.5364890053134,469.33358372219374,38096.0
2016-06-29,False,daily,480.48,482.0,474.22,478.07,38130.0,460.64754730326354,462.1048072764174,454.6459371506694,458.33702326688143,38130.0
2016-06-28,False,daily,479.71,484.48,472.16,478.9,19985.0,459.9093300800211,464.48244196945785,452.6709663975793,459.13276391011675,19985.0
2016-06-27,False,daily,481.58,483.88,470.01,476.01,59164.0,461.702143336467,463.9072077695287,450.60971051449985,456.36205251379135,59164.0
2016-06-24,False,daily,486.2,497.65,478.01,484.12,79187.0,466.13144667592144,477.10883265790267,458.27949984688854,464.1373014495004,79187.0
2016-06-23,False,daily,499.0,503.67,493.77,502.35,26760.0,478.4031096077433,482.8803491305252,473.3889848316942,481.6148338906811,26760.0
2016-06-22,False,daily,496.85,499.0001,494.11,495.54,15013.0,476.34185372466385,478.40320548010993,473.71495087832074,475.08592572148524,15013.0
2016-06-21,False,daily,500.29,501.66,493.0,498.23,15510.0,479.63986313759096,480.9533145607626,472.6507676084518,477.6648923845009,15510.0
2016-06-20,False,daily,496.0,501.29,495.0,500.74,32333.0,475.52693860809757,480.5985868041396,474.56821494154894,480.07128878753787,32333.0
2016-06-17,False,daily,501.46,501.46,489.58,491.99,43765.0,480.7615698274528,480.7615698274528,469.3719326688556,471.6824567052377,43765.0
2016-06-16,False,daily,497.99,503.4,495.53,501.79,9237.0,477.4347987045292,482.62149374055707,475.0763384848197,481.07794863741384,9237.0
2016-06-15,False,daily,499.48,502.4,495.48,499.24,16501.0,478.8632969676866,481.66277007400845,475.0284023014923,478.633203287715,16501.0
2016-06-14,False,daily,494.3,504.585,494.3,497.36,10702.0,473.89710837496494,483.75758128541713,473.89710837496494,476.83080279460364,10702.0
2016-06-13,False,daily,496.77,509.58,494.42,497.86,15185.0,476.26515583133994,488.5464059998273,474.0121552149508,477.31016462787795,15185.0
2016-06-10,False,daily,498.54,504.0,496.38,500.99,13433.0,477.962096721131,483.1967279404862,475.891253601386,480.31096970417497,13433.0
2016-06-09,False,daily,500.37,511.87,500.37,503.01,16506.0,479.7165610309149,490.74188319622357,479.7165610309149,482.2475915106031,16506.0
2016-06-08,False,daily,504.68,512.9,501.85,503.82,12510.0,483.84866003373924,491.7293685727686,481.1354720574068,483.02415768050747,12510.0
2016-06-07,False,daily,505.3,506.785,503.01,505.77,13725.0,484.4430687069994,485.86677335182407,482.2475915106031,484.8936688302772,13725.0
2016-06-06,False,daily,507.73,508.99,503.49,507.32,12469.0,486.77276721671245,487.98075903656365,482.70777887054646,486.37969051342753,12469.0
2016-06-03,False,daily,505.46,509.0604,497.01,505.19,17467.0,484.59646449364715,488.0482531826887,476.4952495113116,484.33760910367903,17467.0
2016-06-02,False,daily,503.43,508.95,500.1,508.56,19894.0,482.6502554505535,487.94241008990167,479.45770564094676,487.5685078599478,19894.0
2016-06-01,False,daily,495.1,507.45,494.975,505.4,12374.0,474.6640873082038,486.5043245900788,474.54424684988527,484.5389410736542,12374.0
2016-05-31,False,daily,509.85,520.44,497.95,497.95,21815.0,488.8052613897955,498.958145018545,477.3964497578673,477.3964497578673,21815.0
2016-05-27,False,daily,502.26,509.99,498.5,507.59,27071.0,481.52854876069165,488.9394827031122,477.923747774469,486.6385459033956,27071.0
2016-05-26,False,daily,497.07,504.655,495.455,499.8,21236.0,476.5527729313045,483.8246919420755,475.00443420982856,479.1700885409822,21236.0
2016-05-25,False,daily,499.17,503.39,488.7407,493.65,11082.0,478.56609263105656,482.6119065038916,468.5672758955214,473.27393799170835,11082.0
2016-05-24,False,daily,496.33,500.56,493.25,499.17,11080.0,475.8433174180586,479.8987185275591,472.8904485250889,478.56609263105656,11080.0
2016-05-23,False,daily,486.02,494.89,486.02,492.01,17736.0,465.95887641594265,474.4627553382286,465.95887641594265,471.7016311785687,17736.0
2016-05-20,False,daily,491.35,499.69,491.35,496.45,17185.0,471.06887355864666,479.06462893766184,471.06887355864666,475.9583642580444,17185.0
2016-05-19,False,daily,481.03,491.17,476.1,489.86,17327.0,461.1748453198652,470.89630329866793,456.44833764378075,469.64037529548926,17327.0
2016-05-18,False,daily,485.58,489.04,480.81,483.91,22021.0,465.5370380026613,468.8542218889194,460.96392611322455,463.93596947952517,22021.0
2016-05-17,False,daily,482.67,493.07,480.01,484.88,36898.0,462.74715213300493,472.7178782651102,460.19694717998567,464.8659314360773,36898.0
2016-05-16,False,daily,481.32,487.45,478.24,481.46,28706.0,461.45287518316434,467.32985125910716,458.50000629019473,461.58709649648114,28706.0
2016-05-13,False,daily,484.81,487.77,470.02,481.32,23988.0,464.7988207794189,467.6366428324027,450.61929775116533,461.45287518316434,23988.0
2016-05-12,False,daily,481.65,488.79,470.41,486.0,28471.0,461.76925399312535,468.61454097228227,450.9931999811193,465.9397019426117,28471.0
2016-05-11,False,daily,483.19,484.48,475.7,479.7,15098.0,463.2456884396102,464.48244196945785,456.0648481771613,459.8997428433556,15098.0
2016-05-10,False,daily,481.28,486.9,481.28,485.76,18633.0,461.41452623650235,466.80255324250544,461.41452623650235,465.70960826264,18633.0
2016-05-09,False,daily,481.02,484.96,480.4081,481.23,5478.0,461.1652580831997,464.94262932940114,460.5786150716387,461.366590053175,5478.0
2016-05-06,False,daily,479.6,496.25,479.465,481.3,23776.0,459.8038704767008,475.76661952473466,459.67444278171666,461.4337007098334,23776.0
2016-05-05,False,daily,478.16,495.21,478.16,481.67,21983.0,458.4233083968708,474.7695469115242,458.4233083968708,461.78842846645637,21983.0
2016-05-04,False,daily,477.6,481.0,466.0,476.26,17288.0,457.8864231436036,461.1460836098688,446.76522861164005,456.6017334304285,17288.0
2016-05-03,False,daily,482.25,497.5,478.815,481.27,14388.0,462.34448819305453,476.96502410792044,459.0512723984601,461.4049389998369,14388.0
2016-05-02,False,daily,479.95,487.91,479.95,486.16,22061.0,460.1394237599928,467.77086414571954,460.1394237599928,466.0930977292595,22061.0
2016-04-29,False,daily,477.39,489.4,473.42,476.54,18816.0,457.6850911736284,469.1993624088769,453.8789582174305,456.8701760570621,18816.0
2016-04-28,False,daily,489.8,489.8,472.0602,475.56,33387.0,469.5828518754963,469.5828518754963,452.5752857756578,455.9306268638445,33387.0
2016-04-27,False,daily,485.75,490.43,483.54,487.4,24238.0,465.70002102597454,470.18684778542195,463.58124172290223,467.2819150757797,24238.0
2016-04-26,False,daily,486.97,502.0,485.01,487.02,20940.0,466.86966389916387,481.27928060738907,464.9905655127286,466.9176000824912,20940.0
2016-04-25,False,daily,488.9,489.12,483.1334,486.53,20525.0,468.72000057560257,468.9309197822433,463.1914246800835,466.44782548588245,20525.0
2016-04-22,False,daily,483.13,494.0,468.01,489.97,41379.0,463.18816501961726,473.6094912750004,448.69226318140267,469.7458348988096,41379.0
2016-04-21,False,daily,486.9,490.03,473.18,482.86,24405.0,466.80255324250544,469.80335831880245,453.64886453745885,462.9293096296492,24405.0
2016-04-20,False,daily,473.45,487.9,473.0,485.24,27430.0,453.90771992742697,467.761276909054,453.4762942774801,465.2110719560348,27430.0
2016-04-19,False,daily,470.0,477.74,464.46,475.82,33521.0,450.60012327783437,458.0206444569204,445.2887941651552,456.17989501714715,33521.0
2016-04-18,False,daily,475.0,480.0,466.3,470.19,24970.0,455.3937416105773,460.1873599433202,447.0528457116046,450.7822807744786,24970.0
2016-04-15,False,daily,465.55,481.15,451.51,476.37,44661.0,446.3338029616932,461.28989215985104,432.87332268335103,456.70719303374887,44661.0
2016-04-14,False,daily,470.0,470.0,454.92,464.17,48004.0,450.60012327783437,450.60012327783437,436.14257038628176,445.0107643018561,48004.0
2016-04-13,False,daily,466.03,474.425,462.0,469.99,55908.0,446.79399032163644,454.84247550231186,442.9303339454457,450.5905360411689,55908.0
2016-04-12,False,daily,468.0,469.225,460.535,465.6,22708.0,447.53049844496405,448.7019190872612,440.39200449006734,445.2354702478104,22708.0
2016-04-11,False,daily,469.9,479.9999,465.93,467.84,26419.0,449.3473957677107,459.0055438045575,445.551036624919,447.37749656515376,26419.0
2016-04-08,False,daily,464.92,474.5129,462.28,466.81,20766.0,444.5852122586168,453.7585355888149,442.0606812417478,446.39254696387536,20766.0
2016-04-07,False,daily,470.0,474.9599,457.85,460.33,55780.0,449.44302194259205,454.18598459053476,437.8244416945017,440.19597083156043,55780.0
2016-04-06,False,daily,480.15,489.93,470.71,472.77,21529.0,459.14907869305443,468.50131859645563,450.12196778425005,452.0918669868069,21529.0
2016-04-05,False,daily,479.57,487.95,473.955,480.99,65158.0,458.5944468787423,466.6079203338038,453.22503715915155,459.95233856205823,65158.0
2016-04-04,False,daily,490.01,492.09,478.9701,483.33,31829.0,468.5778195363607,470.56684397389387,458.02078545562875,462.18999105428304,31829.0
2016-04-01,False,daily,476.55,492.99,466.88,488.73,49057.0,455.706536397324,471.4274795478265,446.4594852862923,467.3538044978788,49057.0
2016-03-31,False,daily,480.0,484.67,477.5,480.0,24934.0,459.00563943073234,463.4713817976939,456.6149850586973,459.00563943073234,24934.0
2016-03-30,False,daily,486.91,494.5,478.755,480.0,18883.0,465.61340811503726,472.87143478853574,457.8150935534589,459.00563943073234,18883.0
2016-03-29,False,daily,481.67,491.47,481.65,484.51,25857.0,460.6025965512518,469.9739616896292,460.58347131627545,463.3183799178836,25857.0
2016-03-28,False,daily,472.22,485.57,472.22,480.0,42736.0,451.56592302495926,464.3320173716265,451.56592302495926,459.00563943073234,42736.0
2016-03-24,False,daily,462.1,469.33,462.1,469.33,16781.0,441.8885541269613,448.8023265708867,441.8885541269613,448.8023265708867,16781.0
2016-03-23,False,daily,461.25,471.0,460.0,463.74,30863.0,441.07573164046937,450.3992836914061,439.8804044544518,443.4568233950163,30863.0
2016-03-22,False,daily,470.775,477.7,461.0,463.73,35026.0,450.18412479792295,456.80623740846005,440.83666620326585,443.44726077752813,35026.0
2016-03-21,False,daily,482.96,490.71,470.0,470.76,46177.0,461.83617420722186,469.2472027605305,449.44302194259205,450.1697808716907,46177.0
2016-03-18,False,daily,471.88,486.825,471.88,484.73,66927.0,451.24079403036245,465.53212586638807,451.24079403036245,463.5287575026227,66927.0
2016-03-17,False,daily,476.82,476.82,469.25,472.39,19650.0,455.96472706950374,455.96472706950374,448.72582563098155,451.7284875222576,19650.0
2016-03-16,False,daily,472.59,479.655,468.35,475.77,32737.0,451.9197398720204,458.6757291273915,447.86519005704895,454.960652233249,32737.0
2016-03-15,False,daily,480.0,482.51,474.77,474.77,21390.0,459.00563943073234,461.40585642025553,454.00439048443496,454.00439048443496,21390.0
2016-03-14,False,daily,492.36,492.87,480.0,485.05,34091.0,470.82503464607373,471.31272813796886,459.00563943073234,463.8347612622432,34091.0
2016-03-11,False,daily,508.5,508.5,490.35,491.59,25614.0,486.2590992719321,486.2590992719321,468.90294853095753,470.0887130994869,25614.0
2016-03-10,False,daily,501.87,501.87,495.01,499.27,11169.0,479.91908387729507,479.91908387729507,473.35912828043087,477.4328033303786,11169.0
2016-03-09,False,daily,495.87,508.94,494.0,499.99,20017.0,474.18151338441095,486.6798544414102,472.3933039141287,478.1213117895247,20017.0
2016-03-08,False,daily,490.58,495.21,480.02,493.41,39149.0,469.1228887331847,473.5503806301937,459.0247646657086,471.8291094823284,39149.0
2016-03-07,False,daily,489.81,500.7,489.53,493.67,20787.0,468.3865671865979,478.80025763118266,468.11881389692996,472.0777375370201,20787.0
2016-03-04,False,daily,483.95,492.32,478.755,492.16,23134.0,462.78287333854774,470.7867841761211,457.8150935534589,470.6337822963109,23134.0
2016-03-03,False,daily,480.0,499.48,474.56,483.32,22591.0,459.00563943073234,477.6336182976296,453.803575517184,462.1804284367949,22591.0
2016-03-02,False,daily,483.25,487.1,474.46,482.01,46258.0,462.1134901143779,465.7950978473119,453.70794934230264,460.92772554584855,46258.0
2016-03-01,False,daily,493.35,493.35,481.2,483.51,36855.0,471.7717337773996,471.7717337773996,460.1531535293092,462.36211816906956,36855.0
2016-02-29,False,daily,485.25,499.04,481.04,488.11,37469.0,464.02601361200595,477.2128631281514,460.00015164949895,466.7609222136141,37469.0
2016-02-26,False,daily,503.99,503.99,467.24,484.79,37706.0,481.94635878478084,481.94635878478084,446.8037395158654,463.58613320755154,37706.0
2016-02-25,False,daily,501.5,511.79,492.36,508.0,14969.0,479.5652670302339,489.4052004255302,470.82503464607373,485.78096839752504,14969.0
2016-02-24,False,daily,493.0812,501.99,479.78,498.88,27613.0,471.5146906193184,480.0338352871528,458.79526184599325,477.0598612483411,27613.0
2016-02-23,False,daily,520.66,521.26,496.83,500.0,24997.0,497.8872421375106,498.46099918679903,475.09952466327235,478.13087440701287,24997.0
2016-02-22,False,daily,507.81,515.0,502.21,509.5,17711.0,485.5992786652504,492.47480063922325,480.2442128718918,487.2153610207461,17711.0
2016-02-19,False,daily,500.89,507.99,500.055,505.99,24430.0,478.9819473634573,485.7714057800369,478.1834688031976,483.8588822824089,24430.0
2016-02-18,False,daily,512.64,514.0,493.42,503.15,32684.0,490.21802291202215,491.5185388904092,471.83867209981656,481.143098915777,32684.0
2016-02-17,False,daily,511.6,531.685,506.78,510.54,41602.0,489.22351069325555,508.4300279181852,484.6143290639719,488.2098732395127,41602.0
2016-02-16,False,daily,475.55,514.065,471.99,508.25,34160.0,454.75027464850996,491.5806959040822,451.345982822732,486.02003383472857,34160.0
2016-02-12,False,daily,466.4,475.4499,461.2,470.72,21157.0,446.00047964686155,454.65455284745366,441.02791855302866,450.1315304017382,21157.0
2016-02-11,False,daily,472.75,475.5799,456.33,464.07,37066.0,452.0727417518307,454.77886687479946,436.3709238363043,443.7723897721249,37066.0
2016-02-10,False,daily,472.96,484.02,472.96,479.36,32481.0,452.27355671908157,462.8498116609647,452.27355671908157,458.39363191149135,32481.0
2016-02-09,False,daily,469.01,482.18,467.01,468.37,48299.0,448.49632281126617,461.0902900431469,446.5837993136381,447.88431529202524,48299.0
2016-02-08,False,daily,469.2,476.33,461.3,471.51,20981.0,448.67801254354083,455.49615881258484,441.1235447279101,450.88697718330127,20981.0
2016-02-05,False,daily,490.03,490.73,471.54,473.05,34900.0,468.596944771337,469.26632799550686,450.9156650357657,452.35962027647486,34900.0
2016-02-04,False,daily,487.03,496.91,487.03,489.84,32399.0,465.7281595248949,475.17602560317755,465.7281595248949,468.41525503906234,32399.0
2016-02-03,False,daily,482.87,491.81,477.47,489.25,34323.0,461.75011064982857,470.299090684226,456.58629720623287,467.85106060726207,34323.0
2016-02-02,False,daily,491.6,492.04,472.08,477.63,44767.0,470.0982757169751,470.5190308864532,451.43204638012526,456.7392990860431,44767.0
2016-02-01,False,daily,480.01,497.725,480.01,495.78,38726.0,459.0152020482205,475.95537892846096,459.0152020482205,474.09544982701766,38726.0
2016-01-29,False,daily,476.21,486.63,473.74,484.69,44736.0,455.3814074027272,465.3456548253693,453.01944088315656,463.4905070326701,44736.0
2016-01-28,False,daily,470.07,479.72,468.65,473.47,41931.0,448.39057962718095,457.59552589774137,447.0360693987669,451.6337731318344,41931.0
2016-01-27,False,daily,472.99,485.58,464.5,467.56,56771.0,451.1759105194127,463.18526529105566,443.0774655622047,445.99633971639275,56771.0
2016-01-26,False,daily,461.24,476.4,457.94,473.17,37898.0,439.9678153195076,454.42864282849155,436.8200098591088,451.34760899907087,37898.0
2016-01-25,False,daily,457.15,461.2,451.66,456.18,30275.0,436.06644430949814,439.92966010180584,430.8296406799255,435.1411802802294,30275.0
2016-01-22,False,daily,459.1,461.85,447.02,458.0,13581.0,437.9265111724611,440.5496823894602,426.40363542651613,436.8772426856615,13581.0
2016-01-21,False,daily,453.0,457.05,450.13,451.3,46763.0,432.1078404729359,435.97105626524365,429.37020360283145,430.48624372060925,46763.0
2016-01-20,False,daily,428.99,459.755,427.56,451.5,54150.0,409.20517104742777,438.55130286232816,407.8411220145883,430.67701980911824,54150.0
2016-01-19,False,daily,430.0,449.36,430.0,434.53,31108.0,410.1685902943983,428.63571566207173,410.1685902943983,414.48966869912766,31108.0
2016-01-15,False,daily,434.54,435.53,425.14,428.09,30485.0,414.4992075035532,415.44354914167275,405.53273134362905,408.3466786491371,30485.0
2016-01-14,False,daily,434.1,455.6515,434.1,442.68,12507.0,414.0795001088333,434.6370544663443,414.0795001088333,422.26379430587036,12507.0
2016-01-13,False,daily,446.07,447.01,430.0,432.63,36811.0,425.4974490060983,426.3940966220907,410.1685902943983,412.677295858292,36811.0
2016-01-12,False,daily,454.99,454.99,440.5,444.75,35519.0,434.0060625536007,434.0060625536007,420.184334941122,424.23832682193876,35519.0
2016-01-11,False,daily,455.5,455.5,448.75,453.91,34322.0,434.4925415792987,434.4925415792987,428.0538485921192,432.975871675652,34322.0
2016-01-08,False,daily,460.08,462.465,451.0,454.0,70986.0,438.8613140061553,441.1363188616254,430.20007958784566,433.06172091548103,70986.0
2016-01-07,False,daily,449.7,461.47,449.7,457.43,52164.0,428.96003501253705,440.18720782129304,428.96003501253705,436.33353083341075,52164.0
2016-01-06,False,daily,457.15,460.99,450.13,458.73,96765.0,436.06644430949814,439.7293452088714,429.37020360283145,437.5735754087194,96765.0
2016-01-05,False,daily,470.78,478.96,455.84,462.61,55894.0,449.06783474138797,456.870576761407,434.816860929764,441.27463152579446,55894.0
2016-01-04,False,daily,477.74,485.4,467.37,469.41,53130.0,455.706842621502,463.01356681139754,445.8151024323092,447.76101853510124,53130.0
2017-12-29,False,daily,561.2,563.7,558.35,558.35,8937.0,545.6270981707588,548.0577249445059,542.8561836486871,542.8561836486871,8937.0
2017-12-28,False,daily,562.9,567.0,559.55,560.35,14488.0,547.2799243769068,551.2661522858522,544.0228845000856,544.8006850676848,14488.0
2017-12-27,False,daily,561.9,568.65,560.0,564.2,25514.0,546.3076736674079,552.8703659565252,544.4603973193601,548.5438502992554,25514.0
2017-12-26,False,daily,558.2,564.875,558.2,562.3,9838.0,542.7103460422622,549.2001195281671,542.7103460422622,546.6965739512075,9838.0
2017-12-22,False,daily,563.85,563.85,557.65,558.2,8777.0,548.2035625509308,548.2035625509308,542.1756081520379,542.7103460422622,8777.0
2017-12-21,False,daily,566.3,574.55,560.8,562.3,15950.0,550.585576789203,558.6066451425685,545.2381978869591,546.6965739512075,15950.0
2017-12-20,False,daily,572.35,576.05,570.0,572.35,12776.0,556.467693581671,560.0650212068167,554.1829044143487,556.467693581671,12776.0
2017-12-19,False,daily,580.15,580.15,573.9,574.25,12412.0,564.0512491157621,564.0512491157621,557.9746821813942,558.3149699297188,12412.0
2017-12-18,False,daily,568.95,577.25,567.15,575.2,27083.0,553.1620411693749,561.2317220582154,551.4119898922769,559.2386081037428,27083.0
2017-12-15,False,daily,567.45,568.25,558.85,565.85,40652.0,551.7036651051267,552.4814656727257,543.3423090034365,550.1480639699284,40652.0
2017-12-14,False,daily,566.0,568.5,556.6,561.35,15484.0,550.2939015763533,552.7245283501004,541.154744907064,545.7729357771836,15484.0
2017-12-13,False,daily,569.6,569.6,558.85,561.3,14759.0,553.7940041305492,553.7940041305492,543.3423090034365,545.7243232417086,14759.0
2017-12-12,False,daily,566.0,571.25,565.9,569.35,12018.0,550.2939015763533,555.3982178012222,550.1966765054034,553.5509414531745,12018.0
2017-12-11,False,daily,564.55,566.3,562.05,565.6,11873.0,548.8841380475799,550.585576789203,546.4535112738328,549.9050012925537,11873.0
2017-12-08,False,daily,569.25,569.25,559.325,563.5,12208.0,553.4537163822246,553.4537163822246,543.8041280904484,547.8632748026062,12208.0
2017-12-07,False,daily,569.2,571.25,567.2,567.55,8116.0,553.4051038467496,555.3982178012222,551.460602427752,551.8008901760765,8116.0
2017-12-06,False,daily,580.55,580.55,569.775,570.45,9301.0,564.4401493995616,564.4401493995616,553.9641480047114,554.6204172336232,9301.0
2017-12-05,False,daily,579.15,583.0,578.95,580.45,11813.0,563.0789984062633,566.8221636378339,562.8845482643635,564.3429243286118,11813.0
2017-12-04,False,daily,576.65,585.0,572.2,585.0,12763.0,560.648371632516,568.7666650568316,556.3218559752462,568.7666650568316,12763.0
2017-12-01,False,daily,582.0,582.0,569.45,571.5,9636.0,565.849912928335,565.849912928335,553.6481665241243,555.641280478597,9636.0
2017-11-30,False,daily,585.75,585.75,579.65,583.1,23914.0,569.4958530889558,569.4958530889558,563.5651237610126,566.9193887087838,23914.0
2017-11-29,False,daily,578.0,587.0,573.35,584.1,22296.0,561.9609100903396,570.7111664758293,557.4399442911699,567.8916394182826,22296.0
2017-11-28,False,daily,568.25,579.2,567.3,578.5,21447.0,552.4814656727257,563.1276109417382,551.5578274987017,562.447035445089,21447.0
2017-11-27,False,daily,565.9,568.8,564.35,567.35,8131.0,550.1966765054034,553.0162035629501,548.6896879056802,551.6064400341768,8131.0
2017-11-24,False,daily,569.75,569.75,564.9,566.05,13410.0,553.939841736974,553.939841736974,549.2244257959045,550.3425141118282,13410.0
2017-11-22,False,daily,567.9,570.45,564.35,567.75,8581.0,552.1411779244011,554.6204172336232,548.6896879056802,551.9953403179762,8581.0
2017-11-21,False,daily,576.5,576.5,565.325,568.65,14259.0,560.5025340260913,560.5025340260913,549.6376323474416,552.8703659565252,14259.0
2017-11-20,False,daily,566.85,576.85,564.5,575.45,16678.0,551.1203146794273,560.8428217744159,548.835525512105,559.4816707811175,16678.0
2017-11-17,False,daily,568.3,571.65,565.95,568.05,20206.0,552.5300782082006,555.7871180850218,550.2452890408783,552.2870155308259,20206.0
2017-11-16,False,daily,558.15,572.075,558.15,570.3,18896.0,542.6617335067872,556.2003246365589,542.6617335067872,554.4745796271983,18896.0
2017-11-15,False,daily,547.6,557.6,547.6,555.9,35719.0,532.4044885215743,542.1269956165629,532.4044885215743,540.4741694104148,35719.0
2017-11-14,False,daily,553.45,554.9,549.9,550.85,9127.0,538.0921551721426,539.5019187009159,534.6406651534217,535.5643033274456,9127.0
2017-11-13,False,daily,558.15,558.15,554.505,556.45,30208.0,542.6617335067872,542.6617335067872,539.1178796706639,541.0089073006393,30208.0
2017-11-10,False,daily,555.45,565.5,554.375,558.65,15513.0,540.0366565911404,549.8077762216038,538.991487078429,543.1478588615366,15513.0
2017-11-09,False,daily,563.55,563.55,552.55,554.55,8807.0,547.911887338081,547.911887338081,537.2171295335936,539.1616309525913,8807.0
2017-11-08,False,daily,552.65,565.6,549.3,565.6,12237.0,537.3143546045435,549.9050012925537,534.0573147277223,549.9050012925537,12237.0
2017-11-07,False,daily,542.55,553.6,537.7,553.6,20671.0,527.494622438605,538.2379927785674,522.7792064975357,538.2379927785674,20671.0
2017-11-06,False,daily,546.65,550.9,536.9,542.8,29851.0,531.4808503475504,535.6129158629205,522.0014059299365,527.7376851159797,29851.0
2017-11-03,False,daily,553.0,554.6,546.0,548.0,19580.0,537.6546423528681,539.2102434880663,530.8488873863762,532.7933888053739,19580.0
2017-11-02,False,daily,551.825,561.15,547.5,554.7,13957.0,536.5122477692071,545.5784856352838,532.3072634506244,539.3074685590162,13957.0
2017-11-01,False,daily,559.8,565.0,546.3,554.85,13692.0,544.2659471774604,549.3216508668544,531.1405625992257,539.4533061654411,13692.0
2017-10-31,False,daily,562.95,565.15,544.35,556.45,18209.0,547.3285369123818,549.4674884732792,529.244673715703,541.0089073006393,18209.0
2017-10-30,False,daily,575.0,579.8,561.6,562.8,35408.0,559.044157961843,563.7109613674374,546.0159984545584,547.1826993059569,35408.0
2017-10-27,False,daily,566.7,577.0,566.7,575.2,17360.0,550.9744770730025,560.9886593808407,550.9744770730025,559.2386081037428,17360.0
2017-10-26,False,daily,559.4,569.35,559.4,566.0,12263.0,543.8770468936608,553.5509414531745,543.8770468936608,550.2939015763533,12263.0
2017-10-25,False,daily,556.75,557.75,548.7,557.7,10623.0,541.3005825134888,542.2728332229877,533.4739643020231,542.2242206875128,10623.0
2017-10-24,False,daily,560.25,560.375,553.85,558.25,13780.0,544.7034599967349,544.8249913354222,538.4810554559422,542.7589585777372,13780.0
2017-10-23,False,daily,557.55,559.5,552.1,557.9,21888.0,542.0783830810878,543.9742719646107,536.7796167143192,542.4186708294125,21888.0
2017-10-20,False,daily,557.95,557.95,555.25,556.2,7142.0,542.4672833648875,542.4672833648875,539.8422064492406,540.7658446232646,7142.0
2017-10-19,False,daily,558.65,558.65,553.25,556.0,6037.0,543.1478588615366,543.1478588615366,537.8977050302428,540.5713944813647,6037.0
2017-10-18,False,daily,554.15,562.1,552.1,562.1,9200.0,538.7727306687918,546.5021238093078,536.7796167143192,546.5021238093078,9200.0
2017-10-17,False,daily,553.65,554.65,547.0,552.8,12228.0,538.2866053140424,539.2588560235413,531.821138095875,537.4601922109683,12228.0
2017-10-16,False,daily,561.15,561.15,550.1,553.35,19802.0,545.5784856352838,545.5784856352838,534.8351152953214,537.9949301011927,19802.0
2017-10-13,False,daily,574.75,574.75,553.45,559.9,35141.0,557.5215211778525,557.5215211778525,536.8600015587342,543.1166589081854,35141.0
2017-10-12,False,daily,580.2,580.2,569.65,572.4,15633.0,562.80815413204,562.80815413204,552.5743967620073,555.2419638489826,15633.0
2017-10-11,False,daily,576.15,579.6,575.25,579.4,7858.0,558.8795553312217,562.2261394948817,558.0065333754843,562.032134615829,7858.0
2017-10-10,False,daily,576.0,578.6,574.15,578.6,6892.0,558.7340516719322,561.256115099618,556.9395065406942,561.256115099618,6892.0
2017-10-09,False,daily,578.25,579.1,575.9,577.35,7366.0,560.9166065612757,561.7411272972499,558.6370492324057,560.0435846055383,7366.0
2017-10-06,False,daily,578.5,579.75,574.65,579.35,14166.0,561.1591126600916,562.3716431541714,557.4245187383261,561.9836333960659,14166.0
2017-10-05,False,daily,581.1,582.65,576.2,578.6,10745.0,563.6811760877774,565.1847139004362,558.9280565509849,561.256115099618,10745.0
2017-10-04,False,daily,588.2,590.0,580.9,582.1,12409.0,570.5683492941503,572.314393205625,563.4871712087246,564.6512004830412,12409.0
2017-10-03,False,daily,593.3,593.3,583.175,589.4,14007.0,575.5154737099954,575.5154737099954,565.6939767079497,571.7323785684667,14007.0
2017-10-02,False,daily,586.0,594.1,586.0,592.75,15817.0,568.4342956245699,576.2914932262065,568.4342956245699,574.9819602926003,15817.0
2017-09-29,False,daily,582.1,587.3,579.0,585.1,13101.0,564.6512004830412,569.6953273384128,561.6441248577235,567.5612736688325,13101.0
2017-09-28,False,daily,572.65,582.6,571.525,582.55,12363.0,555.4844699477985,565.1362126806731,554.3931925031268,565.0877114609099,12363.0
2017-09-27,False,daily,568.25,574.25,567.45,572.5,12707.0,551.216362608638,557.0365089802206,550.440343092427,555.338966288509,12707.0
2017-09-26,False,daily,566.5,567.8,563.65,566.7,14476.0,549.5188199169263,550.7798516307693,546.7542503904245,549.7128247959791,14476.0
2017-09-25,False,daily,565.25,568.1,563.4,564.55,13969.0,548.3062894228466,551.0708589493485,546.5117442916087,547.6272723461619,13969.0
2017-09-22,False,daily,565.9,569.35,564.85,567.55,19227.0,548.9368052797681,552.2833894434282,547.9182796647411,550.5373455319533,19227.0
2017-09-21,False,daily,567.7,567.7,558.6,565.1,54854.0,550.6828491912429,550.6828491912429,541.8556271943426,548.1607857635571,54854.0
2017-09-20,False,daily,563.6,567.975,561.5,566.85,14536.0,546.7057491706614,550.9496058999405,544.6686979406076,549.8583284552687,14536.0
2017-09-19,False,daily,563.45,567.8,562.85,563.1,15506.0,546.5602455113719,550.7798516307693,545.9782308742136,546.2207369730296,15506.0
2017-09-18,False,daily,563.2,566.05,562.1,564.45,15136.0,546.317739412556,549.0823089390576,545.2507125777657,547.5302699066357,15136.0
2017-09-15,False,daily,564.45,567.45,561.65,562.8,31703.0,547.5302699066357,550.440343092427,544.814201599897,545.9297296544504,31703.0
2017-09-14,False,daily,566.7,569.85,564.9,566.95,15300.0,549.7128247959791,552.76840164106,547.9667808845043,549.9553308947951,15300.0
2017-09-13,False,daily,570.4,571.0,566.0,567.55,27999.0,553.301915058455,553.8839296956133,549.0338077192945,550.5373455319533,27999.0
2017-09-12,False,daily,572.35,572.35,567.5,569.35,15814.0,555.1934626292194,555.1934626292194,550.4888443121902,552.2833894434282,15814.0
2017-09-11,False,daily,567.3,573.0,562.975,570.45,47887.0,550.2948394331373,555.8239784861408,546.0994839236216,553.3504162782183,47887.0
2017-09-08,False,daily,566.65,569.0,561.65,563.7,12249.0,549.6643235762159,551.9438809050857,544.814201599897,546.8027516101879,12249.0
2017-09-07,False,daily,568.25,570.0,559.25,569.25,26937.0,551.216362608638,552.9139053003496,542.486143051264,552.1863870039017,26937.0
2017-09-06,False,daily,570.7,570.7,565.0,567.7,13296.0,553.5929223770343,553.5929223770343,548.0637833240307,550.6828491912429,13296.0
2017-09-05,False,daily,574.6,574.6,564.55,568.3,14037.0,557.3760175185629,557.3760175185629,547.6272723461619,551.2648638284011,14037.0
2017-09-01,False,daily,588.3,588.3,582.85,583.0,10714.0,570.6653517336765,570.6653517336765,565.3787187794891,565.5242224387786,10714.0
2017-08-31,False,daily,587.15,590.525,583.0,587.2,11933.0,569.5498236791232,572.8236560131385,565.5242224387786,569.5983248988865,11933.0
2017-08-30,False,daily,586.45,587.55,578.65,585.8,9843.0,568.8708066024386,569.9378334372287,561.3046163193811,568.2402907455171,9843.0
2017-08-29,False,daily,584.65,590.5,583.3,586.65,14396.0,567.1247626909637,572.7994054032569,565.8152297573577,569.0648114814913,14396.0
2017-08-28,False,daily,583.05,592.5,583.05,586.65,14063.0,565.5727236585417,574.7394541937844,565.5727236585417,569.0648114814913,14063.0
2017-08-25,False,daily,581.45,583.0,580.8,582.95,6741.0,564.0206846261198,565.5242224387786,563.3901687691982,565.4757212190154,6741.0
2017-08-24,False,daily,585.7,587.05,576.15,581.5,24056.0,568.1432883059908,569.4528212395968,558.8795553312217,564.0691858458829,24056.0
2017-08-23,False,daily,587.4,590.125,581.95,585.75,12809.0,569.7923297779391,572.4356462550329,564.5056968237517,568.191789525754,12809.0
2017-08-22,False,daily,578.35,592.0,578.35,590.65,25694.0,561.013609000802,574.2544419961525,561.013609000802,572.9449090625465,25694.0
2017-08-21,False,daily,574.55,582.25,573.75,576.1,32447.0,557.3275162987997,564.7967041423308,556.5514967825887,558.8310541114586,32447.0
2017-08-18,False,daily,571.6,585.0,565.9,574.7,35710.0,554.4659443327716,567.4642712293062,548.9368052797681,557.4730199580894,35710.0
2017-08-17,False,daily,589.9,589.9,571.85,572.6,13376.0,572.2173907660986,572.2173907660986,554.7084504315876,555.4359687280354,13376.0
2017-08-16,False,daily,595.5,598.75,590.65,590.65,11755.0,577.6495273795757,580.8021066641829,572.9449090625465,572.9449090625465,11755.0
2017-08-15,False,daily,588.35,597.85,588.35,594.85,44695.0,570.7138529534398,579.9290847084457,570.7138529534398,577.0190115226543,44695.0
2017-08-14,False,daily,581.2,590.5,581.2,588.7,23852.0,563.7781785273038,572.7994054032569,563.7781785273038,571.0533614917821,23852.0
2017-08-11,False,daily,575.85,581.2,572.35,578.2,18298.0,558.5885480126426,563.7781785273038,555.1934626292194,560.8681053415125,18298.0
2017-08-10,False,daily,586.05,586.05,574.25,574.3,31246.0,568.482796844333,568.482796844333,557.0365089802206,557.0850101999837,31246.0
2017-08-09,False,daily,593.6,593.6,585.0,586.85,28190.0,575.8064810285746,575.8064810285746,567.4642712293062,569.2588163605441,28190.0
2017-08-08,False,daily,591.75,596.8,589.05,593.8,14229.0,574.0119358973366,578.9105590934186,571.3928700301243,576.0004859076273,14229.0
2017-08-07,False,daily,590.05,596.05,587.0,591.7,29605.0,572.3628944253882,578.1830407969708,569.4043200198337,573.9634346775734,29605.0
2017-08-04,False,daily,575.25,594.5,575.25,589.0,35617.0,558.0065333754843,576.679502984312,558.0065333754843,571.3443688103612,35617.0
2017-08-03,False,daily,578.5,581.0,571.6,579.2,24716.0,561.1591126600916,563.5841736482511,554.4659443327716,561.8381297367763,24716.0
2017-08-02,False,daily,598.5,598.5,575.8,578.9,24189.0,580.5596005653671,580.5596005653671,558.5400467928794,561.5471224181971,24189.0
2017-08-01,False,daily,593.0,600.7,591.0,600.1,20745.0,575.2244663914163,582.6936542349474,573.2844176008888,582.1116395977891,20745.0
2017-07-31,False,daily,593.0,597.7,591.35,592.4,15189.0,575.2244663914163,579.783581049156,573.6239261392311,574.642451754258,15189.0
2017-07-28,False,daily,591.25,593.0,588.15,591.3,11765.0,573.5269236997046,575.2244663914163,570.519848074387,573.5754249194679,11765.0
2017-07-27,False,daily,599.9,599.9,590.3,590.8,18674.0,581.9176347187363,581.9176347187363,572.605400524204,573.090412721836,18674.0
2017-07-26,False,daily,601.55,602.5,598.1,599.6,18005.0,583.5181749709215,584.4396981464221,580.1715908072615,581.6266274001572,18005.0
2017-07-25,False,daily,601.2,602.45,597.775,601.8,34284.0,583.1786664325792,584.391196926659,579.8563328788008,583.7606810697374,34284.0
2017-07-24,False,daily,598.475,600.5,592.9,600.5,25376.0,580.5353499554855,582.4996493558946,575.1274639518899,582.4996493558946,25376.0
2017-07-21,False,daily,601.0,601.5,598.0,601.5,24982.0,582.9846615535265,583.4696737511583,580.0745883677351,583.4696737511583,24982.0
2017-07-20,False,daily,599.15,601.6,599.15,600.2,14956.0,581.1901164222885,583.5666761906848,581.1901164222885,582.2086420373155,14956.0
2017-07-19,False,daily,602.2,602.2,599.35,600.4,11875.0,584.148690827843,584.148690827843,581.3841213013412,582.4026469163682,11875.0
2017-07-18,False,daily,599.0,601.25,598.85,601.25,18887.0,581.0446127629989,583.2271676523424,580.8991091037094,583.2271676523424,18887.0
2017-07-17,False,daily,599.0,599.85,598.7,599.5,4156.0,581.0446127629989,581.8691334989732,580.7536054444198,581.5296249606308,4156.0
2017-07-14,False,daily,600.0,601.8,599.5,599.9,9816.0,580.7842851280498,582.526637983434,580.3002982237764,580.6874877471951,9816.0
2017-07-13,False,daily,597.15,600.5,595.6,600.5,8883.0,578.0255597736915,581.2682720323231,576.525200370444,581.2682720323231,8883.0
2017-07-12,False,daily,598.6,602.15,592.9,596.55,10759.0,579.4291217960844,582.8654288164253,573.9116710873678,577.4447754885634,10759.0
2017-07-11,False,daily,598.6,598.6,593.95,596.7,16203.0,579.4291217960844,579.4291217960844,574.928043586342,577.5899715598456,16203.0
2017-07-10,False,daily,599.55,602.25,598.0,599.4,23293.0,580.3486969142037,582.96222619728,578.8483375109563,580.2035008429217,23293.0
2017-07-07,False,daily,596.0,599.7,595.05,598.85,8880.0,576.9123898938628,580.4938929854858,575.9928147757433,579.671115248221,8880.0
2017-07-06,False,daily,599.2,601.825,596.1,596.75,32868.0,580.0099060812124,582.5508373286476,577.0091872747175,577.6383702502728,32868.0
2017-07-05,False,daily,599.75,601.0,599.0,600.0,21918.0,580.5422916759131,581.7522589365965,579.816311319503,580.7842851280498,21918.0
2017-07-03,False,daily,600.1,601.0,597.7724,600.5,6823.0,580.8810825089045,581.7522589365965,578.628026672131,581.2682720323231,6823.0
2017-06-30,False,daily,590.65,600.8,590.15,599.65,33624.0,571.7337300181376,581.5586641748871,571.2497431138643,580.4454942950584,33624.0
2017-06-29,False,daily,600.15,600.15,589.15,590.6,12763.0,580.9294811993318,580.9294811993318,570.2817693053175,571.6853313277104,12763.0
2017-06-28,False,daily,598.9,602.0,593.5,600.55,19678.0,579.7195139386483,582.7202327451433,574.4924553724959,581.3166707227505,19678.0
2017-06-27,False,daily,596.1,601.325,593.75,596.2,14380.0,577.0091872747175,582.0668504243743,574.7344488246326,577.1059846555722,14380.0
2017-06-26,False,daily,600.55,600.55,596.25,597.8,7934.0,581.3166707227505,581.3166707227505,577.1543833459995,578.6547427492469,7934.0
2017-06-23,False,daily,595.0,598.75,595.0,598.5,16406.0,575.944416085316,579.5743178673663,575.944416085316,579.3323244152297,16406.0
2017-06-22,False,daily,597.05,598.9,594.15,594.15,21315.0,577.9287623928368,579.7195139386483,575.1216383480513,575.1216383480513,21315.0
2017-06-21,False,daily,597.7,599.775,594.6,597.1,15174.0,578.5579453683923,580.5664910211267,575.5572265618973,577.9771610832643,15174.0
2017-06-20,False,daily,596.0,599.0,593.5,596.95,11432.0,576.9123898938628,579.816311319503,574.4924553724959,577.8319650119822,11432.0
2017-06-19,False,daily,600.0,602.85,598.1,598.8,21942.0,580.7842851280498,583.543010482408,578.945134891811,579.6227165577936,21942.0
2017-06-16,False,daily,594.0,602.4,593.6,599.2,23536.0,574.9764422767693,583.107422268562,574.5892527533506,580.0099060812124,23536.0
2017-06-15,False,daily,596.3,598.0,593.6,595.65,6176.0,577.2027820364268,578.8483375109563,574.5892527533506,576.5735990608714,6176.0
2017-06-14,False,daily,599.55,600.6,595.25,596.9,7962.0,580.3486969142037,581.3650694131778,576.1864095374527,577.7835663215549,7962.0
2017-06-13,False,daily,603.5,604.1,600.0,602.0,34756.0,584.1721934579634,584.7529777430915,580.7842851280498,582.7202327451433,34756.0
2017-06-12,False,daily,598.9,600.95,597.6,600.85,8389.0,579.7195139386483,581.7038602461693,578.4611479875376,581.6070628653146,8389.0
2017-06-09,False,daily,600.0,601.55,596.25,597.5,15949.0,580.7842851280498,582.2846445312972,577.1543833459995,578.3643506066829,15949.0
2017-06-08,False,daily,599.1,601.35,598.5,599.7,14839.0,579.9131087003577,582.0910497695879,579.3323244152297,580.4938929854858,14839.0
2017-06-07,False,daily,598.75,602.3,598.75,601.15,17955.0,579.5743178673663,583.0106248877073,579.5743178673663,581.8974550078785,17955.0
2017-06-06,False,daily,596.0,601.125,595.7,599.05,9100.0,576.9123898938628,581.8732556626649,576.6219977512987,579.8647100099304,9100.0
2017-06-05,False,daily,607.25,607.25,597.2,600.0,10554.0,587.8020952400137,587.8020952400137,578.073958464119,580.7842851280498,10554.0
2017-06-02,False,daily,605.05,612.5,605.05,609.0,24661.0,585.6725528612109,592.8839577348841,585.6725528612109,589.4960494049706,24661.0
2017-06-01,False,daily,598.55,606.55,598.55,604.8,33239.0,579.3807231056569,587.124513574031,579.3807231056569,585.4305594090741,33239.0
2017-05-31,False,daily,594.3,599.55,594.25,598.8,15077.0,575.2668344193332,580.3486969142037,575.218435728906,579.6227165577936,15077.0
2017-05-30,False,daily,597.95,597.95,591.4,593.1,11588.0,578.799938820529,578.799938820529,572.4597103745477,574.1052658490772,11588.0
2017-05-26,False,daily,594.35,596.2,593.3,594.05,7782.0,575.3152331097607,577.1059846555722,574.2988606107865,575.0248409671966,7782.0
2017-05-25,False,daily,597.8,600.95,593.8,594.2,11615.0,578.6547427492469,581.7038602461693,574.7828475150599,575.1700370384787,11615.0
2017-05-24,False,daily,597.4,600.3,596.95,597.65,14672.0,578.2675532258282,581.0746772706137,577.8319650119822,578.5095466779649,14672.0
2017-05-23,False,daily,598.55,603.3,597.0,598.15,9733.0,579.3807231056569,583.978598696254,577.8803637024096,578.9935335822382,9733.0
2017-05-22,False,daily,601.1,603.925,596.6,599.05,21297.0,581.8490563174512,584.5835823265958,577.4931741789909,579.8647100099304,21297.0
2017-05-19,False,daily,591.25,605.4,589.9,600.4,49871.0,572.3145143032657,586.0113436942022,571.0077496617276,581.1714746514684,49871.0
2017-05-18,False,daily,595.5,597.5,591.5,591.5,20554.0,576.4284029895894,578.3643506066829,572.5565077554024,572.5565077554024,20554.0
2017-05-17,False,daily,591.8,597.8,591.0,595.35,23673.0,572.8468998979664,578.6547427492469,572.0725208511291,576.2832069183074,23673.0
2017-05-16,False,daily,601.1,601.1,593.925,599.35,22277.0,581.8490563174512,581.8490563174512,574.9038442411282,580.1551021524945,22277.0
2017-05-15,False,daily,597.65,602.65,597.65,601.0,22187.0,578.5095466779649,583.3494157206986,578.5095466779649,581.7522589365965,22187.0
2017-05-12,False,daily,599.15,599.675,596.2,597.45,15750.0,579.9615073907851,580.469693640272,577.1059846555722,578.3159519162556,15750.0
2017-05-11,False,daily,607.5,607.5,597.55,598.8,17292.0,588.0440886921504,588.0440886921504,578.4127492971102,579.6227165577936,17292.0
2017-05-10,False,daily,592.5,610.4,590.0,607.4,19070.0,573.5244815639492,590.851212736936,571.1045470425823,587.9472913112957,19070.0
2017-05-09,False,daily,593.4,593.8,589.75,592.5,12320.0,574.3956579916412,574.7828475150599,570.8625535904456,573.5244815639492,12320.0
2017-05-08,False,daily,592.1,600.917,590.1,592.85,14435.0,573.1372920405305,581.6719171104871,571.201344423437,573.8632723969405,14435.0
2017-05-05,False,daily,591.05,592.225,587.875,592.05,15307.0,572.1209195415563,573.2582887665989,569.0476026994204,573.088893350103,15307.0
2017-05-04,False,daily,594.7,594.7,588.15,591.85,33815.0,575.654023942752,575.654023942752,569.3137954967708,572.8952985883938,33815.0
2017-05-03,False,daily,599.95,601.15,588.775,593.9,44835.0,580.7358864376225,581.8974550078785,569.9187791271125,574.8796448959146,44835.0
2017-05-02,False,daily,609.7,612.9,601.45,603.85,24064.0,590.1736310709533,593.2711472583028,582.1878471504426,584.5109842909548,24064.0
2017-05-01,False,daily,603.65,609.2,598.05,607.65,18590.0,584.3173895292454,589.68964416668,578.8967362013835,588.1892847634324,18590.0
2017-04-28,False,daily,609.05,609.6,598.25,601.7,19449.0,589.5444480953978,590.0768336900986,579.0903309630929,582.4298406025792,19449.0
2017-04-27,False,daily,610.1,611.3,602.225,609.9,13667.0,590.560820594372,591.722389164628,582.9380268520663,590.3672258326626,13667.0
2017-04-26,False,daily,606.15,615.85,599.6034,610.1,13588.0,586.7373240506123,596.1266699935157,580.4003867155801,590.560820594372,13588.0
2017-04-25,False,daily,606.15,610.6,605.0,606.35,16152.0,586.7373240506123,591.0448074986454,585.6241541707835,586.9309188123217,16152.0
2017-04-24,False,daily,610.1,610.1,604.9,607.2,18787.0,590.560820594372,590.560820594372,585.5273567899288,587.7536965495864,18787.0
2017-04-21,False,daily,603.85,608.75,602.6,604.3,11435.0,584.5109842909548,589.2540559528338,583.3010170302714,584.9465725048008,11435.0
2017-04-20,False,daily,603.85,612.5,603.85,604.95,24747.0,584.5109842909548,592.8839577348841,584.5109842909548,585.5757554803563,24747.0
2017-04-19,False,daily,601.45,604.0,600.3,602.15,16122.0,582.1878471504426,584.6561803622368,581.0746772706137,582.8654288164253,16122.0
2017-04-18,False,daily,597.25,600.45,593.8,599.9,25635.0,578.1223571545462,581.2198733418959,574.7828475150599,580.6874877471951,25635.0
2017-04-17,False,daily,586.95,598.3,584.65,598.3,33561.0,568.1522269265148,579.1387296535203,565.9258871668571,579.1387296535203,33561.0
2017-04-13,False,daily,589.85,594.05,585.75,586.95,16437.0,570.9593509713003,575.0248409671966,566.9906583562586,568.1522269265148,16437.0
2017-04-12,False,daily,595.95,597.5,592.65,593.65,20357.0,576.8639912034355,578.3643506066829,573.6696776352311,574.6376514437779,20357.0
2017-04-11,False,daily,596.4,598.7,592.275,597.1,24748.0,577.2995794172815,579.525919176939,573.3066874570261,577.9771610832643,24748.0
2017-04-10,False,daily,600.6,602.8,595.15,597.2,12574.0,580.1311612323622,582.2561838009788,574.8669007782888,576.8470354445,12574.0
2017-04-07,False,daily,606.4,606.8,597.35,598.9,16972.0,585.7334934587152,586.1198611984637,576.9919233469057,578.489098338431,16972.0
2017-04-06,False,daily,597.85,609.75,595.3,607.15,20066.0,577.4748830215913,588.9693232791088,575.0117886806945,586.4579329707436,20066.0
2017-04-05,False,daily,591.9,602.075,588.5,597.85,38781.0,571.7276628928323,581.5558922726847,568.4435371049702,577.4748830215913,38781.0
2017-04-04,False,daily,591.9,595.55,587.9,591.7,22214.0,571.7276628928323,575.2532685180373,567.8639854953474,571.5344790229582,22214.0
2017-04-03,False,daily,599.0,603.5,591.4,593.75,25391.0,578.5856902733681,582.9323273455386,571.2447032181467,573.5146136891691,25391.0
2017-03-31,False,daily,588.0,601.95,585.45,599.55,21081.0,567.9605774302846,581.4351523540133,565.497483089388,579.1169459155223,21081.0
2017-03-30,False,daily,582.75,585.55,582.35,585.0,15271.0,562.8895008460856,565.594075024325,562.5031331063371,565.0628193821709,15271.0
2017-03-29,False,daily,580.35,586.65,579.0,580.85,15863.0,560.5712944075947,566.6565863086333,559.2673032859435,561.0542540822803,15863.0
2017-03-28,False,daily,579.9,583.75,575.2,579.5,17521.0,560.1366307003775,563.8554201954569,555.5968097583328,559.7502629606291,17521.0
2017-03-27,False,daily,576.1,580.15,573.0,579.9,20828.0,556.4661371727669,560.3781105377203,553.4717871897161,560.1366307003775,20828.0
2017-03-24,False,daily,578.3,582.9,577.15,579.0,8441.0,558.5911597413835,563.0343887484912,557.4803524896066,559.2673032859435,8441.0
2017-03-23,False,daily,580.05,581.15,574.7,575.85,18395.0,560.2815186027832,561.3440298870916,555.1138500836472,556.2246573354241,18395.0
2017-03-22,False,daily,578.65,583.1465,576.25,579.85,15757.0,558.9292315136635,563.2724878681113,556.6110250751726,560.0883347329091,15757.0
2017-03-21,False,daily,590.8,590.8,579.15,581.3,23962.0,570.665151608524,570.665151608524,559.4121911883491,561.4889177894972,23962.0
2017-03-20,False,daily,587.65,591.05,585.1,587.75,15498.0,567.6225056580046,570.9066314458668,565.159411317108,567.7190975929418,15498.0
2017-03-17,False,daily,587.6,590.9,586.4,588.9,33950.0,567.5742096905361,570.7617435434611,566.4151064712905,568.8299048447186,33950.0
2017-03-16,False,daily,587.2,587.5,581.1,587.1,12735.0,567.1878419507876,567.477617755599,561.2957339196231,567.0912500158505,12735.0
2017-03-15,False,daily,577.0,585.325,576.65,584.25,30852.0,557.335464587201,565.3767431707165,556.997392814921,564.3383798701425,30852.0
2017-03-14,False,daily,571.25,574.4,569.8,573.6,11932.0,551.7814283283165,554.8240742788358,550.380845271728,554.0513387993389,11932.0
2017-03-13,False,daily,571.25,572.0,567.75,571.15,15569.0,551.7814283283165,552.5058678403449,548.4007106055171,551.6848363933793,15569.0
2017-03-10,False,daily,573.65,576.35,568.0,568.25,22322.0,554.0996347668074,556.7076170101097,548.6421904428599,548.8836702802028,22322.0
2017-03-09,False,daily,567.4,573.025,565.35,569.9,10064.0,548.0626388332372,553.4959351734503,546.0825041670262,550.4774372066653,10064.0
2017-03-08,False,daily,572.85,573.9,567.8,569.6,19352.0,553.3268992873104,554.3411146041502,548.4490065729856,550.1876614018539,19352.0
2017-03-07,False,daily,570.55,576.45,569.85,571.7,23935.0,551.1052847837565,556.8042089450469,550.4291412391967,552.2160920355335,23935.0
2017-03-06,False,daily,565.2,573.1,562.4,571.1,19087.0,545.9376162646205,553.5683791246532,543.233042086381,551.6365404259108,19087.0
2017-03-03,False,daily,565.85,570.05,561.95,569.1,22311.0,546.5654638417118,550.6223251090709,542.798378379164,549.7047017271683,22311.0
2017-03-02,False,daily,550.75,570.7,550.75,564.7,39488.0,531.9800816662062,551.2501726861623,531.9800816662062,545.4546565899349,39488.0
2017-03-01,False,daily,543.8,551.0,543.8,551.0,15947.0,525.2669421880761,532.221561503549,525.2669421880761,532.221561503549,15947.0
2017-02-28,False,daily,539.75,542.55,535.0,538.25,18876.0,521.3549688231226,524.059543001362,516.7668519136092,519.9060897990657,18876.0
2017-02-27,False,daily,534.0,543.8578,532.3,539.9,37344.0,515.800932564238,525.3227723264697,514.1588696703069,521.4998567255283,37344.0
2017-02-24,False,daily,528.85,536.1,528.85,534.1,20653.0,510.8264479149762,517.8293631979176,510.8264479149762,515.8975244991751,20653.0
2017-02-23,False,daily,527.85,529.25,525.5,528.7,11718.0,509.86052856560497,511.2128156547247,507.59061809458257,510.6815600125705,11718.0
2017-02-22,False,daily,528.9,528.9,525.25,527.3,11574.0,510.8747438824447,510.8747438824447,507.34913825723976,509.32927292345073,11574.0
2017-02-21,False,daily,525.5,530.05,525.5,528.65,18966.0,507.59061809458257,511.9855511342216,507.59061809458257,510.6332640451019,18966.0
2017-02-17,False,daily,527.8,528.5,525.3,527.9,14110.0,509.81223259813635,510.48837614269627,507.39743422470826,509.90882453307347,14110.0
2017-02-16,False,daily,528.0,532.05,525.7,527.7,13642.0,510.00541646801065,513.9173898329641,507.7838019644568,509.7156406631993,13642.0
2017-02-15,False,daily,528.85,533.1,527.2,530.1,14417.0,510.8264479149762,514.9316051498039,509.23268098851366,512.0338471016902,14417.0
2017-02-14,False,daily,532.5,532.5,524.95,528.05,11916.0,514.3520535401811,514.3520535401811,507.0593624524284,510.05371243547916,11916.0
2017-02-13,False,daily,531.2,532.7,529.2,531.0,10147.0,513.0963583859987,514.5452374100555,511.16451968725613,512.9031745161243,10147.0
2017-02-10,False,daily,529.5,531.65,528.0,528.4,10620.0,511.4542954920675,513.5310220932156,510.00541646801065,510.3917842077591,10620.0
2017-02-09,False,daily,527.65,529.3,527.35,528.6,8088.0,509.66734469573066,511.2611116221932,509.37756889091935,510.5849680776334,8088.0
2017-02-08,False,daily,526.0,528.85,525.95,527.5,7968.0,508.0735777692682,510.8264479149762,508.0252818017996,509.52245679332503,7968.0
2017-02-07,False,daily,528.25,528.9,526.0,528.45,13344.0,510.24689630535346,510.8747438824447,508.0735777692682,510.4400801752277,13344.0
2017-02-06,False,daily,526.85,528.4,525.25,528.05,7245.0,508.89460921623373,510.3917842077591,507.34913825723976,510.05371243547916,7245.0
2017-02-03,False,daily,528.15,530.45,527.4,528.0,12142.0,510.1503043704163,512.3719188739702,509.42586485838785,510.00541646801065,12142.0
2017-02-02,False,daily,524.25,529.0,522.5,527.3,18612.0,506.3832189078685,510.9713358173819,504.69286004646887,509.32927292345073,18612.0
2017-02-01,False,daily,523.05,531.45,520.4,525.4,23985.0,505.224115688623,513.3378382233415,502.6644294127892,507.4940261596454,23985.0
2017-01-31,False,daily,513.2,522.125,513.2,519.55,11172.0,495.70981009731645,504.33064029045465,495.70981009731645,501.84339796582367,11172.0
2017-01-30,False,daily,512.1,518.55,502.25,514.95,22284.0,494.64729881300804,500.87747861645244,485.1329932217014,497.4001689587161,22284.0
2017-01-27,False,daily,517.9,520.025,513.85,516.65,11814.0,499.0189212035935,501.0664500847629,495.1165720418354,497.81449244996446,11814.0
2017-01-26,False,daily,524.85,524.85,517.1,518.65,13345.0,505.7155450737711,505.7155450737711,498.248086801271,499.74157845577093,13345.0
2017-01-25,False,daily,528.2,532.6,522.9,523.4,16228.0,508.9434141334971,513.1830033462713,503.83663621810973,504.3184077195614,16228.0
2017-01-24,False,daily,520.9,527.95,518.95,524.85,22471.0,501.90955021230326,508.7025283827712,500.030641356642,505.7155450737711,22471.0
2017-01-23,False,daily,524.85,524.85,518.0,520.95,28340.0,505.7155450737711,505.7155450737711,499.1152755038839,501.9577273624485,28340.0
2017-01-20,False,daily,524.75,526.05,515.9755,523.8,18665.0,505.6191907734808,506.87179667725496,497.16458269450624,504.70382492072264,18665.0
2017-01-19,False,daily,525.95,526.05,519.05,521.6,18044.0,506.77544237696475,506.87179667725496,500.1269956569322,502.58403031433556,18044.0
2017-01-18,False,daily,523.25,525.6,519.45,524.7,37723.0,504.1738762691259,506.43820232594857,500.5124128580936,505.57101362333566,37723.0
2017-01-17,False,daily,522.8,530.8,516.05,522.85,42078.0,503.7402819178194,511.4486259410454,497.2363666482225,503.78845906796465,42078.0
2017-01-13,False,daily,528.0,534.425,522.55,525.85,25922.0,508.75070553291636,514.9414693265697,503.4993961670936,506.6790880766744,25922.0
2017-01-12,False,daily,536.45,539.65,527.8125,528.35,14808.0,516.8926439074488,519.9759815167392,508.570041219872,509.08794558393254,14808.0
2017-01-11,False,daily,535.2,541.8,535.2,537.35,25124.0,515.6882151538198,522.0475989729812,515.6882151538198,517.7598326100617,25124.0
2017-01-10,False,daily,529.8,535.775,529.8,535.2,18723.0,510.48508293814217,516.2422523804892,510.48508293814217,515.6882151538198,18723.0
2017-01-09,False,daily,525.85,530.0,521.35,528.05,72133.0,506.6790880766744,510.6777915387229,502.34314456360977,508.7988826830615,72133.0
2017-01-06,False,daily,517.95,529.7,513.65,528.5,42117.0,499.06709835373874,510.38872863785195,494.9238634412547,509.232477034368,42117.0
2017-01-05,False,daily,539.45,541.5,510.7,516.1,65464.0,519.7832729161586,521.7585360721102,492.0814115826901,497.2845437983677,65464.0
2017-01-04,False,daily,525.6,542.3,525.6,540.15,31843.0,506.43820232594857,522.5293704744328,506.43820232594857,520.4577530181908,31843.0
2017-01-03,False,daily,515.6,523.6,514.35,523.6,27991.0,496.8027722969161,504.5111163201421,495.598343543287,504.5111163201421,27991.0
2018-12-31,False,daily,646.97,646.97,632.14,640.58,17724.0,634.771790132612,634.771790132612,620.2214003963543,628.5022695382299,17724.0
2018-12-28,False,daily,649.37,650.8925,639.75,644.88,26497.0,637.1265396516287,638.620333877755,627.6879186629033,632.7211957598015,26497.0
2018-12-27,False,daily,630.25,646.33,629.745,646.33,38053.0,618.3670351501286,634.1438569275408,617.8715566055022,634.1438569275408,38053.0
2018-12-26,False,daily,621.5,639.71,621.0301,637.77,15848.0,609.7820108620467,627.6486728375863,609.3209705291358,625.7452503097144,15848.0
2018-12-24,False,daily,629.88,629.88,614.81,620.48,13182.0,618.0040112659468,618.0040112659468,603.2181465777874,608.7812423164646,13182.0
2018-12-21,False,daily,636.77,648.6799,629.51,629.89,60620.0,624.7641046767908,636.4494510503481,617.6409873817651,618.013822722276,60620.0
2018-12-20,False,daily,640.42,643.99,630.3,632.36,19153.0,628.345286236962,631.8479761464995,618.4160924317747,620.4372524355975,19153.0
2018-12-19,False,daily,654.19,657.92,638.14,642.72,19977.0,641.8556616023208,645.5153348131258,626.1082741938961,630.6019211926865,19977.0
2018-12-18,False,daily,643.23,657.57,642.31,654.24,27393.0,631.1023054654776,645.1719338416027,630.1996514831877,641.9047188839669,27393.0
2018-12-17,False,daily,654.45,654.45,635.675,641.03,31466.0,642.1107594668808,642.1107594668808,623.6897502087393,628.9437850730454,31466.0
2018-12-14,False,daily,653.9,666.95,651.49,655.1,24377.0,641.5711293687729,654.3750798784265,639.2065683934269,642.7485041282812,24377.0
2018-12-13,False,daily,668.76,668.76,650.98,657.51,24416.0,656.1509534740183,656.1509534740183,638.7061841206358,645.1130651036272,24416.0
2018-12-12,False,daily,671.32,674.815,662.58,662.61,26422.0,658.6626862943028,662.091790281371,650.0874734625502,650.1169078315378,26422.0
2018-12-11,False,daily,657.1,671.36,655.18,666.56,17397.0,644.7107953941286,658.7019321196198,642.826995778915,653.9924330815861,17397.0
2018-12-10,False,daily,647.1,654.55,641.2505,651.18,21950.0,634.899339064892,642.2088740301732,629.1601276851052,638.9024132472205,21950.0
2018-12-07,False,daily,651.6,654.66,643.3275,647.83,15350.0,639.3144944130485,642.3168000497948,631.1979671646876,635.6155753769264,15350.0
2018-12-06,False,daily,650.0,653.2,644.0,651.51,14760.0,637.7446614003707,640.8843274257263,631.8577876028287,639.2261913060853,14760.0
2018-12-04,False,daily,658.9,659.345,650.0,654.5,19154.0,646.476857533391,646.9134673400421,637.7446614003707,642.1598167485271,19154.0
2018-12-03,False,daily,663.0,668.5,655.86,660.28,25028.0,650.4995546283781,655.8958556094581,643.4941748093032,647.8308385068257,25028.0
2018-11-30,False,daily,661.9,662.29,650.92,658.96,23560.0,649.420294432162,649.8029412290022,638.6473153826603,646.5357262713666,23560.0
2018-11-29,False,daily,674.8,674.8,659.08,661.45,16446.0,662.077073096877,662.077073096877,646.6534637473173,648.9787788973464,16446.0
2018-11-28,False,daily,660.0,678.36,660.0,674.0,36205.0,647.5561177296071,665.5699515500853,647.5561177296071,661.2921565905382,36205.0
2018-11-27,False,daily,635.99,661.89,631.0,657.32,26002.0,623.9988110831104,649.4104829758328,619.1028943748213,644.9266474333717,26002.0
2018-11-26,False,daily,631.8,642.0,631.8,636.62,23184.0,619.8878108811601,629.8954963369814,619.8878108811601,624.6169328318522,23184.0
2018-11-23,False,daily,632.75,632.75,626.17,627.92,5627.0,620.8198992324377,620.8198992324377,614.3639609678,616.0809658254165,5627.0
2018-11-21,False,daily,640.0,643.0,631.4,631.4,16116.0,627.9332050711341,630.8766419699051,619.4953526279908,619.4953526279908,16116.0
2018-11-20,False,daily,635.0,645.2,635.0,639.11,23778.0,623.0274769065159,633.0351623623371,623.0274769065159,627.0599854578321,23778.0
2018-11-19,False,daily,643.78,643.78,633.53,639.16,12762.0,631.6419355635855,631.6419355635855,621.5851928261181,627.1090427394782,12762.0
2018-11-16,False,daily,638.27,651.5,637.0,645.44,33849.0,626.2358231261762,639.2163798497561,624.9897681723631,633.2706373142388,33849.0
2018-11-15,False,daily,636.445,646.68,635.0,641.69,21648.0,624.4452323460906,634.487257899064,623.0274769065159,629.5913411907752,21648.0
2018-11-14,False,daily,649.8,649.8,630.28,637.45,20566.0,637.5484322737858,637.5484322737858,618.3964695191163,625.4312837071789,20566.0
2018-11-13,False,daily,652.67,653.7,641.25,643.5,18369.0,640.3643202402767,641.3749002421881,629.1596371122887,631.367214786367,18369.0
2018-11-12,False,daily,640.63,651.94,637.75,648.31,16525.0,628.5513268198761,639.6480839282425,625.725627397056,636.0865252807296,16525.0
2018-11-09,False,daily,647.17,653.72,644.02,646.31,13592.0,634.9680192591967,641.3945231548466,631.8774105154872,634.1242340148823,13592.0
2018-11-08,False,daily,651.21,660.0,642.085,648.23,14487.0,638.9318476162083,647.5561177296071,629.97889371578,636.0080336300957,14487.0
2018-11-07,False,daily,641.0,652.33,640.81,652.33,18251.0,628.9143507040578,640.0307307250828,628.7279330338023,640.0307307250828,18251.0
2018-11-06,False,daily,617.51,640.3,617.0707,636.61,43162.0,605.8672397866814,628.2275487610112,605.4362225101379,624.607121375523,43162.0
2018-11-05,False,daily,611.94,618.86,606.725,617.91,47099.0,600.4022586112967,607.1917863911283,595.2855841355998,606.2596980398507,47099.0
2018-11-02,False,daily,605.73,620.29,605.73,612.16,29995.0,594.3093442308408,608.594824646209,594.3093442308408,600.6181106505397,29995.0
2018-11-01,False,daily,581.39,605.21,581.39,603.5,26146.0,570.4282595254791,593.7991485017205,570.4282595254791,592.121389469421,26146.0
2018-10-31,False,daily,565.75,582.4,565.75,581.05,35290.0,555.0831418265533,571.419216614732,555.0831418265533,570.0946700102851,35290.0
2018-10-30,False,daily,556.26,563.25,556.26,563.25,12110.0,545.7720697701079,552.6302777442443,545.7720697701079,552.6302777442443,12110.0
2018-10-29,False,daily,564.33,568.53,555.08,556.91,31908.0,553.6899150278018,557.810726686081,544.6143179232581,546.4098144315083,31908.0
2018-10-26,False,daily,559.85,567.5,557.22,560.17,27030.0,549.2943825923038,556.8001466841697,546.7139695777147,549.6083491948393,27030.0
2018-10-25,False,daily,556.6,574.76,556.6,565.75,42385.0,546.105659285302,563.9232639791954,546.105659285302,555.0831418265533,42385.0
2018-10-24,False,daily,562.98,567.59,553.255,553.5,19816.0,552.3653684233549,556.8884497911329,542.8237271431724,543.0641078232387,19816.0
2018-10-23,False,daily,563.33,567.92,562.55,563.7,19545.0,552.7087693948781,557.2122278499976,551.9434758011977,553.0717932790599,19545.0
2018-10-22,False,daily,570.04,572.0,566.27,568.54,11496.0,559.2922565917958,561.2153020323261,555.5933375556737,557.8205381424103,11496.0
2018-10-19,False,daily,568.57,570.92,568.205,568.42,14451.0,557.849972511398,560.1556647487686,557.491854355381,557.7028006664594,14451.0
2018-10-18,False,daily,569.17,571.0,566.11,567.0,18886.0,558.4386598911522,560.2341563994025,555.4363542544058,556.3095738677079,18886.0
2018-10-17,False,daily,573.44,574.418,567.65,569.5,8522.0,562.6281517437362,563.5877121727356,556.9473185291082,558.762437950017,8522.0
2018-10-16,False,daily,570.59,577.0,567.65,573.04,18559.0,559.8318866899039,566.1210301969444,556.9473185291082,562.2356934905667,18559.0
2018-10-15,False,daily,573.66,581.5,568.42,569.6,21474.0,561.5406931556287,569.2150630512814,556.4113949090445,557.5664658882372,21474.0
2018-10-12,False,daily,580.54,582.3,572.07,574.14,32816.0,568.2753442885484,569.9981620202255,559.9842839548522,562.0105525369952,32816.0
2018-10-11,False,daily,579.1,582.1,573.075,574.46,23513.0,566.865766144449,569.8023872779895,560.9680520345884,562.323792124573,23513.0
2018-10-10,False,daily,576.83,583.77,571.25,578.32,32279.0,564.64372282007,571.4371063756604,559.1816075116844,566.1022446497285,32279.0
2018-10-09,False,daily,583.76,586.44,575.61,577.87,15008.0,571.4273176385486,574.0506991845116,563.4494968924301,565.6617514796974,15008.0
2018-10-08,False,daily,581.85,584.9,578.3,583.76,25599.0,569.5576688501945,572.5432336692941,566.0826671755048,571.4273176385486,25599.0
2018-10-05,False,daily,577.02,587.55,577.0,583.44,47405.0,564.8297088251942,575.1372490039215,564.8101313509706,571.1140780509711,47405.0
2018-10-04,False,daily,580.8,580.8,574.99,576.28,12827.0,568.5298514534552,568.5298514534552,562.8425951914984,564.1053422789208,12827.0
2018-10-03,False,daily,575.49,582.62,575.49,581.77,44609.0,563.3320320470884,570.3114016078032,563.3320320470884,569.4793589533001,44609.0
2018-10-02,False,daily,576.65,580.025,573.8,574.36,36320.0,564.4675255520575,567.7712243272906,561.6777354751939,562.2259047534549,36320.0
2018-10-01,False,daily,581.45,584.99,572.36,577.0,17746.0,569.1661193657225,572.6313323033003,560.2681573310945,564.8101313509706,17746.0
2018-09-28,False,daily,570.5,581.5,570.5,579.3,7096.0,558.4474522282993,569.2150630512814,558.4474522282993,567.061540886685,7096.0
2018-09-27,False,daily,573.25,575.4,571.6,571.6,10816.0,561.1393549340448,563.2439334130822,559.5242133105976,559.5242133105976,10816.0
2018-09-26,False,daily,580.2,585.7,571.65,573.4,12800.0,567.9425272267472,573.3263326382382,559.5731569961565,561.2861859907218,12800.0
2018-09-25,False,daily,579.1,584.0,575.0,580.45,10226.0,566.865766144449,571.662247329232,562.8523839286102,568.1872456545423,10226.0
2018-09-24,False,daily,582.15,584.7,576.7,578.0,18498.0,569.8513309635485,572.347458927058,564.5164692376165,565.7890050621507,18498.0
2018-09-21,False,daily,589.1,591.0,581.625,582.35,24676.0,576.6545032562509,578.5143633074932,569.3374222651789,570.0471057057846,24676.0
2018-09-20,False,daily,580.05,589.0,578.3,587.8,12040.0,567.7956961700701,576.5566158851328,566.0826671755048,575.3819674317166,12040.0
2018-09-19,False,daily,573.2,581.85,573.2,578.85,13552.0,561.0904112484859,569.5576688501945,561.0904112484859,566.621047716654,13552.0
2018-09-18,False,daily,568.0,577.8,567.8022,572.4,10238.0,556.0002679503489,565.5932303199147,555.8066467302774,560.3073122795416,10238.0
2018-09-17,False,daily,571.65,571.65,565.0,568.1,24737.0,559.5731569961565,559.5731569961565,553.0636468168083,556.0981553214668,24737.0
2018-09-14,False,daily,560.65,574.05,560.65,571.6,18988.0,548.8055461731744,561.922453902989,548.8055461731744,559.5242133105976,18988.0
2018-09-13,False,daily,562.5,566.55,559.55,560.0,9157.0,550.6164625388578,554.5809010691376,547.7287850908762,548.1692782609073,9157.0
2018-09-12,False,daily,553.7,562.5,551.3,561.4,14052.0,542.0023738804722,550.6164625388578,539.6530769736396,549.5397014565596,14052.0
2018-09-11,False,daily,551.4,554.6,549.75,553.3,11368.0,539.7509643447577,542.8833602205343,538.1358227213103,541.610824396,11368.0
2018-09-10,False,daily,561.4,563.75,552.4,553.25,15735.0,549.5397014565596,551.840054677833,540.7298380559379,541.561880710441,15735.0
2018-09-07,False,daily,555.0,561.5,552.7,560.5,12365.0,543.2749097050064,549.6375888276776,541.023500169292,548.6587151164974,12365.0
2018-09-06,False,daily,564.75,564.75,556.25,556.25,10549.0,552.8189283890132,552.8189283890132,544.4985018439816,544.4985018439816,10549.0
2018-09-05,False,daily,559.15,570.8,557.0,564.2,16619.0,547.3372356064041,558.7411143416533,545.2326571273667,552.2805478478641,16619.0
2018-09-04,False,daily,561.1,566.175,557.3,559.45,15756.0,549.2460393432056,554.2138234274449,545.5263192407208,547.6308977197582,15756.0
2018-08-31,False,daily,563.05,565.7,558.0,562.65,15064.0,551.1548430800068,553.7488584146345,546.2115308385469,550.7632935955348,15064.0
2018-08-30,False,daily,564.6,570.0,562.45,565.05,13122.0,552.6720973323362,557.9580153727093,550.5675188532988,553.1125905023672,13122.0
2018-08-29,False,daily,564.1,567.35,559.9,565.55,9852.0,552.1826604767462,555.3640000380817,548.0713908897893,553.6020273579574,9852.0
2018-08-28,False,daily,567.25,568.375,562.25,563.95,14970.0,555.2661126669637,556.3673455920414,550.3717441110628,552.0358294200691,14970.0
2018-08-27,False,daily,568.1,571.425,563.8,565.95,15486.0,556.0981553214668,559.3529104111409,551.888998363392,553.9935768424295,15486.0
2018-08-24,False,daily,563.95,571.0,561.05,566.5,10627.0,552.0358294200691,558.9368890838895,549.1970956576465,554.5319573835785,10627.0
2018-08-23,False,daily,567.05,567.05,560.05,561.1,11868.0,555.0703379247276,555.0703379247276,548.2182219464663,549.2460393432056,11868.0
2018-08-22,False,daily,573.7,579.2,568.7,569.7,11889.0,561.579848104076,566.963653515567,556.6854795481751,557.6643532593553,11889.0
2018-08-21,False,daily,568.1,576.5,568.1,575.8,10755.0,556.0981553214668,564.3206944953805,556.0981553214668,563.6354828975543,10755.0
2018-08-20,False,daily,568.65,571.75,566.4,568.2,13312.0,556.6365358626159,559.6710443672746,554.4340700124606,556.1960426925849,13312.0
2018-08-17,False,daily,565.45,570.35,564.35,569.1,14314.0,553.5041399868394,558.3006211716223,552.4273789045411,557.077029032647,14314.0
2018-08-16,False,daily,568.15,568.15,559.9,564.5,20236.0,556.1470990070259,556.1470990070259,548.0713908897893,552.5742099612181,20236.0
2018-08-15,False,daily,554.55,570.15,551.4,567.25,24453.0,542.8344165349752,558.1048464293863,539.7509643447577,555.2661126669637,24453.0
2018-08-14,False,daily,556.15,559.25,556.15,556.55,10910.0,544.4006144728636,547.4351229775222,544.4006144728636,544.7921639573356,10910.0
2018-08-13,False,daily,557.45,559.85,555.15,556.35,22597.0,545.6731502973979,548.0224472042303,543.4217407616834,544.5963892150996,22597.0
2018-08-10,False,daily,560.85,562.0,555.15,557.9,12968.0,549.0013209154105,550.1270256832677,543.4217407616834,546.1136434674289,12968.0
2018-08-09,False,daily,565.95,566.275,562.6,563.9,16580.0,553.9935768424295,554.311710798563,550.7143499099758,551.98688573451,16580.0
2018-08-08,False,daily,568.3,568.7,562.5,565.7,15348.0,556.2939300637029,556.6854795481751,550.6164625388578,553.7488584146345,15348.0
2018-08-07,False,daily,567.65,574.525,566.25,566.85,19674.0,555.6576621514357,562.3874189157996,554.2872389557836,554.8745631824917,19674.0
2018-08-06,False,daily,559.55,565.8,556.6,564.2,18806.0,547.7287850908762,553.8467457857523,544.8411076428947,552.2805478478641,18806.0
2018-08-03,False,daily,552.6,564.25,552.6,559.35,21526.0,540.9256127981739,552.3294915334232,540.9256127981739,547.5330103486402,21526.0
2018-08-02,False,daily,551.35,554.35,537.4,552.2,29937.0,539.7020206591986,542.6386417927392,526.046732388235,540.5340633137018,29937.0
2018-08-01,False,daily,558.8,560.75,549.4,553.9,16891.0,546.994629807491,548.9034335442924,537.7932169223973,542.1981486227081,16891.0
2018-07-31,False,daily,562.65,564.85,559.0,559.0,21932.0,550.7632935955348,552.9168157601313,547.1904045497271,547.1904045497271,21932.0
2018-07-30,False,daily,564.4,568.675,561.4,561.5,10552.0,552.4763225901002,556.6610077053954,549.5397014565596,549.6375888276776,10552.0
2018-07-27,False,daily,563.95,567.15,561.8,564.75,10882.0,552.0358294200691,555.1682252958457,549.9312509410316,552.8189283890132,10882.0
2018-07-26,False,daily,560.55,564.35,560.55,563.15,7134.0,548.7076588020564,552.4273789045411,548.7076588020564,551.2527304511249,7134.0
2018-07-25,False,daily,558.75,563.65,556.975,562.9,18289.0,546.9456861219321,551.742167306715,545.2081852845872,551.0080120233298,18289.0
2018-07-24,False,daily,563.85,566.05,555.355,559.3,20626.0,551.9379420489511,554.0914642135474,543.6224098724754,547.4840666630811,20626.0
2018-07-23,False,daily,565.5,566.8,559.655,562.45,25366.0,553.5530836723983,554.8256194969325,547.8315668305501,550.5675188532988,25366.0
2018-07-20,False,daily,563.35,565.7,561.5,565.4,13721.0,551.4485051933609,553.7488584146345,549.6375888276776,553.4551963012804,13721.0
2018-07-19,False,daily,565.5,567.7,561.35,564.6,17057.0,553.5530836723983,555.7066058369949,549.4907577710006,552.6720973323362,17057.0
2018-07-18,False,daily,564.85,570.15,564.85,566.6,13680.0,552.9168157601313,558.1048464293863,552.9168157601313,554.6298447546966,13680.0
2018-07-17,False,daily,562.8,566.2,556.45,565.35,20070.0,549.619982441398,552.9403590233113,543.4186908840013,552.110264877833,20070.0
2018-07-16,False,daily,574.75,574.75,559.8,562.85,23017.0,561.2901295454753,561.2901295454753,546.6902383985334,549.6688115087792,23017.0
2018-07-13,False,daily,579.0,579.0,571.3,573.9,10038.0,565.4406002728668,565.4406002728668,557.920923896181,560.460035399997,10038.0
2018-07-12,False,daily,575.5,578.975,573.25,577.85,13204.0,562.0225655561915,565.4161857391763,559.8252575240431,564.3175317231021,13204.0
2018-07-11,False,daily,574.05,579.75,574.05,576.85,11532.0,560.6065226021402,566.173036283583,560.6065226021402,563.3409503754806,11532.0
2018-07-10,False,daily,583.1,583.1,576.6,578.0,13941.0,569.4445837981151,569.4445837981151,563.0968050385752,564.4640189252453,13941.0
2018-07-09,False,daily,586.4,588.4,580.2,581.8,9993.0,572.6673022452661,574.6204649405092,566.6124978900127,568.1750280462071,9993.0
2018-07-06,False,daily,582.45,585.85,581.3,584.15,12418.0,568.8098059221612,572.1301825040744,567.6867373723964,570.4699942131177,12418.0
2018-07-05,False,daily,597.9,597.9,579.25,580.65,23221.0,583.8979877429138,583.8979877429138,565.6847456097722,567.0519594964424,23221.0
2018-07-03,False,daily,591.65,598.075,591.65,597.2,10835.0,577.7943543202792,584.0688894787476,577.7943543202792,583.2143807995787,10835.0
2018-07-02,False,daily,584.15,591.1,584.15,591.1,8971.0,570.4699942131177,577.2572345790874,570.4699942131177,577.2572345790874,8971.0
2018-06-29,False,daily,584.125,588.25,584.125,586.1,13633.0,570.4455796794272,574.473977738366,570.4455796794272,572.3743278409797,13633.0
2018-06-28,False,daily,592.6,592.6,583.25,587.65,12268.0,578.7221066005197,578.7221066005197,569.5910710002584,573.8880289297931,12268.0
2018-06-27,False,daily,608.45,610.975,591.0,592.95,31152.0,594.200920960321,596.6667888630653,577.1595764443252,579.0639100721872,31152.0
2018-06-26,False,daily,602.75,607.6,600.15,606.4,11534.0,588.6344072788783,593.3708268148426,586.0952957750623,592.1989291976968,11534.0
2018-06-25,False,daily,604.0,604.6,597.55,602.15,16832.0,589.8551339634051,590.4410827719781,583.5561842712463,588.0484584703053,16832.0
2018-06-22,False,daily,602.35,603.95,600.6,603.9,28729.0,588.2437747398296,589.8063048960241,586.534757381492,589.757475828643,28729.0
2018-06-21,False,daily,603.0,603.65,598.4,601.45,20940.0,588.8785526157836,589.5133304917376,584.3862784167245,587.3648515269703,20940.0
2018-06-20,False,daily,609.75,610.45,604.25,604.3,15646.0,595.4704767122289,596.154083655564,590.0992793003105,590.1481083676915,15646.0
2018-06-19,False,daily,601.3,609.75,599.1,607.75,18177.0,587.218364324827,595.4704767122289,585.0698853600596,593.5173140169859,18177.0
2018-06-18,False,daily,599.25,608.25,597.7,604.15,24455.0,585.2163725622029,594.0056046907966,583.7026714733895,590.0016211655484,24455.0
2018-06-15,False,daily,597.8,603.025,597.8,599.95,59242.0,583.8003296081516,588.9029671494741,583.8003296081516,585.899979505538,59242.0
2018-06-14,False,daily,597.75,599.45,593.6,598.1,15252.0,583.7515005407706,585.4116888317272,579.6986879481412,584.0933040124381,15252.0
2018-06-13,False,daily,600.1,600.65,591.575,595.3,25870.0,586.0464667076812,586.583586448873,577.7211107192077,581.3588762390978,25870.0
2018-06-12,False,daily,600.0,604.125,596.725,599.35,21458.0,585.948808572919,589.9772066318578,582.7505046594586,585.314030696965,21458.0
2018-06-11,False,daily,599.6,602.6,596.2,600.55,27647.0,585.5581760338704,588.487920076735,582.2377994519572,586.4859283141108,27647.0
2018-06-08,False,daily,585.85,600.9,583.1,600.05,23701.0,572.1301825040744,586.8277317857784,569.4445837981151,585.9976376403,23701.0
2018-06-07,False,daily,587.65,587.65,584.15,587.6,16444.0,573.8880289297931,573.8880289297931,570.4699942131177,573.8391998624121,16444.0
2018-06-06,False,daily,583.8,588.8,580.45,585.75,28163.0,570.1281907414501,575.0110974795579,566.8566432269181,572.0325243693122,28163.0
2018-06-05,False,daily,580.1,586.1,576.55,583.15,39340.0,566.5148397552506,572.3743278409797,563.0479759711941,569.4934128654962,39340.0
2018-06-04,False,daily,583.1,585.9,578.6581,579.5,30081.0,569.4445837981151,572.1790115714554,565.106707110115,565.9288909466776,30081.0
2018-06-01,False,daily,583.95,584.35,576.0,582.15,26614.0,570.2746779435935,570.6653104826421,562.5108562300022,568.5168315178746,26614.0
2018-05-31,False,daily,588.3,588.3,580.675,580.85,15945.0,574.5228068057471,574.5228068057471,567.0763740301329,567.2472757659667,15945.0
2018-05-30,False,daily,594.0,595.4,587.05,588.95,24735.0,580.0893204871899,581.45653437386,573.3020801212201,575.1575846817011,24735.0
2018-05-29,False,daily,595.5,597.0,586.5,591.15,19382.0,581.5541925086221,583.0190645300544,572.7649603800284,577.3060636464685,19382.0
2018-05-25,False,daily,597.55,600.35,597.05,598.2,7319.0,583.5561842712463,586.2906120445866,583.0678935974355,584.1909621472003,7319.0
2018-05-24,False,daily,586.5,602.15,584.25,598.3,25566.0,572.7649603800284,588.0484584703053,570.5676523478799,584.2886202819624,25566.0
2018-05-23,False,daily,593.0,593.0,585.475,588.7,14480.0,579.1127391395682,579.1127391395682,571.7639644987163,574.9134393447957,14480.0
2018-05-22,False,daily,592.1,595.15,589.9,595.1,12110.0,578.233815926709,581.2123890369546,576.0853369619415,581.1635599695735,12110.0
2018-05-21,False,daily,597.8,601.3,588.6,592.2,17160.0,583.8003296081516,587.218364324827,574.8157812100336,578.3314740614711,17160.0
2018-05-18,False,daily,607.7,608.6,593.9,594.0,18148.0,593.4684849496049,594.3474081624643,579.9916623524276,580.0893204871899,18148.0
2018-05-17,False,daily,603.5,608.825,602.75,605.7,13114.0,589.3668432895944,594.5671389656791,588.6344072788783,591.5153222543618,13114.0
2018-05-16,False,daily,605.2,609.7,601.0,602.6,23027.0,591.027031580551,595.4216476448479,586.9253899205405,588.487920076735,23027.0
2018-05-15,False,daily,597.1,608.675,597.1,606.75,18880.0,583.1167226648166,594.4206517635357,583.1167226648166,592.5407326693644,18880.0
2018-05-14,False,daily,602.65,603.35,598.65,600.35,12950.0,588.536749144116,589.2203560874511,584.6304237536299,586.2906120445866,12950.0
2018-05-11,False,daily,595.4,604.2,595.4,601.6,23839.0,581.45653437386,590.0504502329295,581.45653437386,587.5113387291135,23839.0
2018-05-10,False,daily,593.65,598.35,592.4,595.4,17831.0,579.7475170155222,584.3374493493435,578.5267903309954,581.45653437386,17831.0
2018-05-09,False,daily,599.65,599.65,590.55,590.55,31090.0,585.6070051012515,585.6070051012515,576.7201148378955,576.7201148378955,31090.0
2018-05-08,False,daily,598.05,601.75,596.8,599.05,14898.0,584.044474945057,587.6578259312568,582.8237482605301,585.0210562926785,14898.0
2018-05-07,False,daily,600.7,602.2,595.0,600.25,35658.0,586.6324155162541,588.0972875376864,581.0659018348114,586.1929539098244,35658.0
2018-05-04,False,daily,589.25,600.05,587.0,599.25,17093.0,575.4505590859876,585.9976376403,573.2532510538391,585.2163725622029,17093.0
2018-05-03,False,daily,603.4,603.4,586.05,589.85,20271.0,589.2691851548323,589.2691851548323,572.3254987735986,576.0365078945605,20271.0
2018-05-02,False,daily,607.25,613.55,599.5,603.15,30081.0,593.0290233431751,599.1814858331908,585.4605178991083,589.0250398179269,30081.0
2018-05-01,False,daily,600.25,608.4,596.05,607.65,15904.0,586.1929539098244,594.1520918929399,582.0913122498139,593.4196558822238,15904.0
2018-04-30,False,daily,609.1,610.55,602.65,603.05,17217.0,594.835698836275,596.2517417903262,588.536749144116,588.9273816831646,17217.0
2018-04-27,False,daily,611.7,613.35,607.4,608.6,14267.0,597.374810340091,598.9861695636665,593.1755105453184,594.3474081624643,14267.0
2018-04-26,False,daily,610.1,612.0,608.25,610.05,8963.0,595.8122801838965,597.6677847443774,594.0056046907966,595.7634511165154,8963.0
2018-04-25,False,daily,609.75,611.2,608.25,608.4,10358.0,595.4704767122289,596.8865196662803,594.0056046907966,594.1520918929399,10358.0
2018-04-24,False,daily,618.2,618.2,609.15,610.55,16614.0,603.7225890996309,603.7225890996309,594.884527903656,596.2517417903262,16614.0
2018-04-23,False,daily,611.75,618.3,609.2,617.05,6431.0,597.423639407472,603.820247234393,594.9333569710371,602.599520549866,6431.0
2018-04-20,False,daily,612.95,613.3,609.1,610.0,17253.0,598.5955370246179,598.9373404962854,594.835698836275,595.7146220491344,17253.0
2018-04-19,False,daily,612.45,615.0,609.15,611.85,7447.0,598.1072463508071,600.597528787242,594.884527903656,597.5212975422342,7447.0
2018-04-18,False,daily,625.45,625.45,612.8,613.25,22290.0,610.802803869887,610.802803869887,598.4490498224745,598.8885114289043,22290.0
2018-04-17,False,daily,616.85,625.45,615.85,624.6,19513.0,601.1005536706688,609.4809780227281,600.1260857227549,608.6526802670012,19513.0
2018-04-16,False,daily,611.5,615.875,608.4,613.05,15767.0,595.8871501493296,600.1504474214528,592.8662995107966,597.397575468596,15767.0
2018-04-13,False,daily,611.5,611.85,607.1,609.4,10934.0,595.8871501493296,596.2282139310994,591.5994911785085,593.8407674587104,10934.0
2018-04-12,False,daily,607.95,612.45,607.75,611.3,31793.0,592.4277889342354,596.8128946998478,592.2328953446525,595.6922565597467,31793.0
2018-04-11,False,daily,605.65,610.0,601.65,607.0,22971.0,590.1865126540334,594.4254482274588,586.288640862378,591.5020443837171,22971.0
2018-04-10,False,daily,609.55,609.85,604.8,608.9,14048.0,593.9869376508975,594.2792780352717,589.3582148983066,593.3535334847535,14048.0
2018-04-09,False,daily,600.95,609.8376,599.9,600.8,26337.0,585.6065132988383,594.2671946327175,584.5833219535286,585.4603431066512,26337.0
2018-04-06,False,daily,603.1,603.3,593.45,599.1,19125.0,587.701619386853,587.8965129764358,578.2980036894843,583.8037475951976,19125.0
2018-04-05,False,daily,605.45,612.375,603.25,604.45,31480.0,589.9916190644507,596.7398096037542,587.8477895790402,589.0171511165369,31480.0
2018-04-04,False,daily,595.25,604.5,591.0,603.1,55667.0,580.0520459957293,589.0658745139325,575.9105572170953,587.701619386853,55667.0
2018-04-03,False,daily,590.7,604.0,590.2,601.15,35680.0,575.6182168327211,588.5786405399756,575.1309828587642,585.8014068884211,35680.0
2018-04-02,False,daily,600.65,600.65,581.0,587.65,32140.0,585.314172914464,585.314172914464,566.1658777379566,572.6460895915839,32140.0
2018-03-29,False,daily,600.85,606.35,599.0,602.25,29893.0,585.5090665040469,590.8686402175732,583.7063008004062,586.8733216311263,29893.0
2018-03-28,False,daily,591.05,602.05,591.05,599.8,29407.0,575.9592806144909,586.6784280415435,575.9592806144909,584.4858751587373,29407.0
2018-03-27,False,daily,601.05,602.05,587.5,590.75,25989.0,585.7039600936296,586.6784280415435,572.4999193993967,575.6669402301168,25989.0
2018-03-26,False,daily,586.95,601.45,584.65,600.3,44138.0,571.9639620280442,586.0937472727952,569.7226857478422,584.9731091326942,44138.0
2018-03-23,False,daily,595.8,595.8,578.2,582.9,21072.0,580.5880033670818,580.5880033670818,563.4373674837979,568.017366838993,21072.0
2018-03-22,False,daily,595.85,604.0,593.175,594.65,46090.0,580.6367267644775,588.5786405399756,578.0300250038079,579.4673652269809,46090.0
2018-03-21,False,daily,594.9,600.0,594.0,598.45,10789.0,579.7109822139594,584.6807687483201,578.8339610608369,583.1703434290537,10789.0
2018-03-20,False,daily,590.61,603.1,590.61,595.4,25915.0,575.5305147174089,587.701619386853,575.5305147174089,580.1982161879163,25915.0
2018-03-19,False,daily,595.15,601.0,589.35,594.5,45661.0,579.9545992009378,585.6552366962339,574.3026851030374,579.3211950347938,45661.0
2018-03-16,False,daily,598.05,600.4,590.9,597.35,39748.0,582.780556249888,585.0705559274857,575.8131104223039,582.0984286863484,39748.0
2018-03-15,False,daily,601.15,602.0,595.7,597.15,22361.0,585.8014068884211,586.6297046441479,580.4905565722905,581.9035350967655,22361.0
2018-03-14,False,daily,592.45,603.3,587.1,600.0,18168.0,577.3235357415705,587.8965129764358,572.1101322202312,584.6807687483201,18168.0
2018-03-13,False,daily,605.0,605.0,586.9,589.1,24601.0,589.5531084878894,589.5531084878894,571.9152386306484,574.0590681160589,24601.0
2018-03-12,False,daily,600.5,606.0,598.8,605.35,24508.0,585.168002722277,590.5275764358033,583.5114072108234,589.8941722696593,24508.0
2018-03-09,False,daily,600.1,603.375,597.275,599.8,23382.0,584.7782155431115,587.9695980725294,582.0253435902548,584.4858751587373,23382.0
2018-03-08,False,daily,599.65,606.45,591.705,598.3,19243.0,584.3397049665502,590.9660870123646,576.5975571203746,583.0241732368664,19243.0
2018-03-07,False,daily,583.6,603.25,580.25,598.15,42622.0,568.6994944025327,587.8477895790402,565.4350267770212,582.8780030446794,42622.0
2018-03-06,False,daily,584.35,586.3,576.0,586.3,28565.0,569.4303453634681,571.3305578619,561.2935379983873,571.3305578619,28565.0
2018-03-05,False,daily,573.1,583.85,573.1,581.85,20529.0,558.4675809494371,568.9431113895112,558.4675809494371,566.9941754936834,20529.0
2018-03-02,False,daily,566.0,576.35,559.75,575.9,12598.0,551.5488585192486,561.6346017801571,545.4584338447869,561.1960912035959,12598.0
2018-03-01,False,daily,580.95,581.3,566.0,568.85,25159.0,566.117154340561,566.4582181223308,551.5488585192486,554.3260921708031,25159.0
2018-02-28,False,daily,588.0,588.65,577.6,580.1,23070.0,572.9871533733536,573.6205575394977,562.8526867150495,565.2888565848342,23070.0
2018-02-27,False,daily,588.3,593.75,582.325,584.85,61561.0,573.2794937577278,578.5903440738584,567.4570477689425,569.9175793374251,61561.0
2018-02-26,False,daily,596.0,598.15,589.0,591.1,43219.0,580.7828969566647,582.8780030446794,573.9616213212676,576.0080040118867,43219.0
2018-02-23,False,daily,589.75,601.45,587.0,601.45,9841.0,574.692472282203,586.0937472727952,572.0126854254398,586.0937472727952,9841.0
2018-02-22,False,daily,586.95,590.55,579.744,589.1,30170.0,571.9639620280442,575.472046640534,564.9419459953768,574.0590681160589,30170.0
2018-02-21,False,daily,595.95,598.95,584.85,585.65,17142.0,580.7341735592689,583.6575774030106,569.9175793374251,570.6971536957561,17142.0
2018-02-20,False,daily,599.5,608.0,593.0,595.4,24051.0,584.1935347743631,592.476512331631,577.859493112923,580.1982161879163,24051.0
2018-02-16,False,daily,601.85,603.9754,599.8,599.85,13781.0,586.4835344519607,588.554668628457,584.4858751587373,584.534598556133,13781.0
2018-02-15,False,daily,608.0,615.225,600.65,603.9,31597.0,592.476512331631,599.5170432553087,585.314172914464,588.4811937451841,31597.0
2018-02-14,False,daily,582.75,607.4,575.1,603.95,14642.0,567.8711966468059,591.8918315628827,560.4165168452648,588.52991714258,14642.0
2018-02-13,False,daily,578.9,587.8,575.3,584.9,15244.0,564.1194950473375,572.7922597837709,560.6114104348476,569.9663027348207,15244.0
2018-02-12,False,daily,579.45,584.4,576.35,579.25,49300.0,564.6554524186902,569.4790687608637,561.6346017801571,564.4605588291073,49300.0
2018-02-09,False,daily,580.85,580.85,572.25,577.0,22610.0,566.0197075457695,566.0197075457695,557.6392831937103,562.2680059463012,22610.0
2018-02-08,False,daily,583.65,585.6,577.4,577.7,19021.0,568.7482177999284,570.6484302983604,562.6577931254667,562.950133509841,19021.0
2018-02-07,False,daily,576.6,585.75,573.5,583.2,12220.0,561.8782187671356,570.7946004905475,558.8573681286026,568.3097072233671,12220.0
2018-02-06,False,daily,571.9,585.05,571.1,579.0,28486.0,556.0301807623965,568.8152775923064,555.2523801947975,562.9331607998384,28486.0
2018-02-05,False,daily,588.9,594.9,579.25,580.25,24743.0,572.558442823877,578.3919470808703,563.1762234772132,564.148474186712,24743.0
2018-02-02,False,daily,597.55,599.175,588.7,591.15,29249.0,580.9684114610421,582.5483188639778,572.3639926819774,574.7460069202496,29249.0
2018-02-01,False,daily,593.15,601.6,591.3,601.15,28215.0,576.6905083392472,584.9060268345127,574.8918445266743,584.468514015238,28215.0
2018-01-31,False,daily,590.1,595.9,590.1,594.45,14993.0,573.7251436752757,579.3641977903691,573.7251436752757,577.9544342615958,14993.0
2018-01-30,False,daily,588.85,592.05,586.075,590.1,12898.0,572.5098302884022,575.6210325587984,569.8118345695428,573.7251436752757,12898.0
2018-01-29,False,daily,590.75,596.85,587.5,591.75,19990.0,574.35710663645,580.287835964393,571.1972918305787,575.3293573459489,19990.0
2018-01-26,False,daily,602.25,602.25,589.05,592.65,26069.0,585.5379897956868,585.5379897956868,572.7042804303019,576.2043829844978,26069.0
2018-01-25,False,daily,592.45,601.05,590.0,600.75,25922.0,576.0099328425981,584.3712889442882,573.6279186043258,584.0796137314386,25922.0
2018-01-24,False,daily,591.15,595.95,589.0,591.25,20083.0,574.7460069202496,579.4128103258441,572.655667894827,574.8432319911994,20083.0
2018-01-23,False,daily,584.0,592.9,582.55,591.15,23065.0,567.7944143473327,576.4474456618725,566.3846508185593,574.7460069202496,23065.0
2018-01-22,False,daily,581.8,586.825,578.6,584.3,10436.0,565.6554627864352,570.541022601667,562.5442605160389,568.0860895601824,10436.0
2018-01-19,False,daily,582.9,583.95,578.25,581.8,8948.0,566.7249385668839,567.7458018118579,562.2039727677143,565.6554627864352,8948.0
2018-01-18,False,daily,584.75,584.75,578.6,580.85,7505.0,568.5236023794569,568.5236023794569,562.5442605160389,564.7318246124113,7505.0
2018-01-17,False,daily,583.5,586.2,580.9,583.45,10592.0,567.3082889925832,569.9333659082303,564.7804371478862,567.2596764571084,10592.0
2018-01-16,False,daily,579.1,582.6,578.65,581.7,10177.0,563.0303858707883,566.4332633540344,562.5928730515138,565.5582377154853,10177.0
2018-01-12,False,daily,567.35,578.45,567.35,577.05,16370.0,551.6064400341768,562.398422909614,551.6064400341768,561.0372719163156,16370.0
2018-01-11,False,daily,561.05,570.35,561.05,568.15,14846.0,545.4812605643339,554.5231921626734,545.4812605643339,552.3842406017758,14846.0
2018-01-10,False,daily,560.5,562.45,556.355,560.15,5135.0,544.9465226741096,546.8424115576324,540.9165434832369,544.606234925785,5135.0
2018-01-09,False,daily,565.45,569.725,559.9278,561.9,11155.0,549.759163686129,553.9155354692366,544.3902008181344,546.3076736674079,11155.0
2018-01-08,False,daily,566.55,567.25,563.45,563.55,6282.0,550.8286394665776,551.5092149632269,547.8146622671312,547.911887338081,6282.0
2018-01-05,False,daily,567.4,567.4,563.2,566.15,16152.0,551.6550525696516,551.6550525696516,547.5715995897565,550.4397391827781,16152.0
2018-01-04,False,daily,569.7,572.625,565.0,566.3,18576.0,553.8912292014991,556.7350625267832,549.3216508668544,550.585576789203,18576.0
2018-01-03,False,daily,565.15,569.1,564.0,566.4,13413.0,549.4674884732792,553.3078787757997,548.3494001573556,550.6828018601528,13413.0
2018-01-02,False,daily,561.7,564.55,559.825,562.95,18391.0,546.1132235255083,548.8841380475799,544.2902534451979,547.3285369123818,18391.0
2019-12-31,False,daily,639.0,640.85,633.4459,638.99,13166.0,632.0720318490766,633.9019743513,626.578148794158,632.0621402679834,13166.0
2019-12-30,False,daily,638.4,640.46,637.45,639.23,10328.0,631.4785369834906,633.5162026886692,630.5388367796461,632.2995382142178,10328.0
2019-12-27,False,daily,644.92,644.92,636.25,639.37,14787.0,637.9278478561915,637.9278478561915,629.3518470484742,632.4380203495213,14787.0
2019-12-26,False,daily,644.18,650.3,642.855,644.21,19065.0,637.1958708553021,643.2495184842793,635.8852363604665,637.2255455985816,19065.0
2019-12-24,False,daily,647.84,648.91,643.76,643.76,3799.0,640.8161895353768,641.8745887123384,636.7804244493921,636.7804244493921,3799.0
2019-12-23,False,daily,649.96,650.0,644.94,646.74,22555.0,642.9132047271139,642.9527710514864,637.9476310183778,639.7281156151358,22555.0
2019-12-20,False,daily,649.21,655.54,648.49,650.0,38487.0,642.1713361451315,648.4327069770635,641.4591423064282,642.9527710514864,38487.0
2019-12-19,False,daily,651.22,654.75,646.7,647.7,24698.0,644.1595439448445,647.6512720707087,639.6885492907634,640.6777074000734,24698.0
2019-12-18,False,daily,643.96,652.96,643.0,651.86,21883.0,636.9782560712541,645.8806790550439,636.0286642863165,644.7926051348029,21883.0
2019-12-17,False,daily,641.03,645.99,637.25,642.58,27979.0,634.0800228109757,638.9862470331533,630.341005157784,635.6132178804063,27979.0
2019-12-16,False,daily,640.84,643.31,638.245,639.86,16250.0,633.8920827702069,636.3353033002026,631.3252174765476,632.9227078230831,16250.0
2019-12-13,False,daily,649.48,650.54,633.455,637.92,25008.0,642.4384088346451,643.4869164305137,626.5871501329527,631.0037410910218,25008.0
2019-12-12,False,daily,640.2,652.44,640.2,650.84,25601.0,633.2590215802486,645.3663168382027,633.2590215802486,643.7836638633067,25601.0
2019-12-11,False,daily,630.14,640.14,630.14,640.14,25082.0,623.3080910005901,633.1996720936899,623.3080910005901,633.1996720936899,25082.0
2019-12-10,False,daily,629.22,633.195,627.5,628.73,20351.0,622.398065540025,626.3299690245321,620.6967135920117,621.9133780664631,20351.0
2019-12-09,False,daily,630.0,639.285,629.22,629.22,19161.0,623.1696088652867,632.3539419102299,622.398065540025,622.398065540025,19161.0
2019-12-06,False,daily,633.0,633.0,627.51,629.93,22206.0,626.1370831932167,626.1370831932167,620.7066051731049,623.1003677976349,22206.0
2019-12-05,False,daily,629.82,631.98,627.7,628.72,17365.0,622.991560405611,625.1281419217205,620.8945452138738,621.90348648537,17365.0
2019-12-04,False,daily,622.1,631.98,622.1,627.86,18136.0,615.3552598017379,625.1281419217205,615.3552598017379,621.0528105113634,18136.0
2019-12-03,False,daily,620.0,622.83,613.535,619.77,25078.0,613.278027772187,616.0773452215342,606.8831205954979,613.0505214070456,25078.0
2019-12-02,False,daily,632.8,633.25,623.99,624.5,20699.0,625.9392515713546,626.3843727205442,617.2247686283338,617.7292392640818,20699.0
2019-11-29,False,daily,633.19,634.62,626.71,631.61,6621.0,626.3250232339856,627.7395193302989,619.915278685657,624.7621534212758,6621.0
2019-11-27,False,daily,629.49,632.61,626.765,632.61,18579.0,622.6651382295387,625.7513115305858,619.9696823816689,625.7513115305858,18579.0
2019-11-26,False,daily,631.0,635.58,626.3,627.52,16598.0,624.1587669745967,628.6891111152364,619.5097238608398,620.7164967541979,16598.0
2019-11-25,False,daily,629.92,632.51,627.0,631.0,23428.0,623.0904762165419,625.6523957196548,620.2021345373568,624.1587669745967,23428.0
2019-11-22,False,daily,629.0,633.77,625.405,629.18,26079.0,622.1804507559767,626.8987349373854,618.6244273530074,622.3584992156525,26079.0
2019-11-21,False,daily,630.3,632.0,622.29,629.0,23108.0,623.4663562980796,625.1479250839067,615.5431998425067,622.1804507559767,23108.0
2019-11-20,False,daily,637.09,638.37,629.33,629.33,20282.0,630.1827398602945,631.4488622402113,622.5068729320491,622.5068729320491,20282.0
2019-11-19,False,daily,632.85,645.24,632.85,639.31,23649.0,625.9887094768202,638.2443784511709,625.9887094768202,632.3786708629626,23649.0
2019-11-18,False,daily,630.49,632.56,629.555,632.55,11523.0,623.6542963388487,625.7018536251202,622.7294335066438,625.6919620440272,11523.0
2019-11-15,False,daily,633.26,637.2881,629.925,630.35,21611.0,626.3942643016372,630.3786920817488,623.0954220070885,623.5158142035452,21611.0
2019-11-14,False,daily,624.79,632.06,620.34,632.06,22005.0,618.0160951157817,625.2072745704652,613.6143415293524,625.2072745704652,22005.0
2019-11-13,False,daily,627.41,627.89,622.3,625.96,13689.0,620.6076893621738,621.0824852546426,615.5530914235999,619.1734101036744,13689.0
2019-11-12,False,daily,631.84,635.92,626.15,626.15,23238.0,624.9896597864172,629.0254248724018,619.3613501444432,619.3613501444432,23238.0
2019-11-11,False,daily,635.34,635.69,629.87,631.9,16848.0,628.451713169002,628.7979185072605,623.0410183110764,625.0490092729757,16848.0
2019-11-08,False,daily,629.32,635.48,629.32,635.48,13186.0,622.496981350956,628.5901953043054,622.496981350956,628.5901953043054,13186.0
2019-11-07,False,daily,632.16,634.8,628.11,631.56,16909.0,625.3061903813963,627.9175677899746,621.3001000386909,624.7126955158102,16909.0
2019-11-06,False,daily,637.92,640.4,628.65,629.39,24524.0,631.0037410910218,633.4568532021104,621.8342454177182,622.5662224186076,24524.0
2019-11-05,False,daily,634.15,646.735,634.15,637.12,26689.0,627.2746150189231,639.7231698245893,627.2746150189231,630.2124146035737,26689.0
2019-11-04,False,daily,635.03,639.68,630.9428,632.8,25608.0,628.1450741551159,632.7446593634073,624.1021871307443,625.9392515713546,25608.0
2019-11-01,False,daily,631.29,636.725,629.8,632.74,23512.0,624.4456228262966,629.8216971503964,622.9717772434246,625.8799020847961,23512.0
2019-10-31,False,daily,628.89,630.57,625.75,629.66,27541.0,622.0716433639526,623.7334289875935,618.9656869007193,622.8332951081213,27541.0
2019-10-30,False,daily,645.9,646.44,619.04,628.94,27445.0,638.8972228033153,639.4313681823428,612.3284359872493,622.1211012694182,27445.0
2019-10-29,False,daily,649.91,652.25,643.75,644.33,15964.0,642.8637468216484,645.1783767974338,636.7705328682989,637.3442445716988,15964.0
2019-10-28,False,daily,651.44,657.33,647.36,649.66,21252.0,644.3771587288927,650.2032999927285,640.341393642908,642.6164572943209,21252.0
2019-10-25,False,daily,647.5,652.26,645.76,650.0,27420.0,640.4798757782114,645.1882683785268,638.758740668012,642.9527710514864,27420.0
2019-10-24,False,daily,651.65,651.65,646.78,648.63,18761.0,644.5848819318478,644.5848819318478,639.7676819395082,641.5976244417317,18761.0
2019-10-23,False,daily,650.23,651.4,647.35,649.35,22996.0,643.1802774166276,644.3375924045203,640.331502061815,642.3098182804348,22996.0
2019-10-22,False,daily,651.67,656.045,647.35,650.01,20417.0,644.604665094034,648.9322318222651,640.331502061815,642.9626626325794,20417.0
2019-10-21,False,daily,645.66,650.0,644.25,650.0,19637.0,638.6598248570809,642.9527710514864,637.2651119229539,642.9527710514864,19637.0
2019-10-18,False,daily,642.34,645.15,636.01,642.5,19505.0,635.3758199341719,638.1553542213329,629.1144491022397,635.5340852316615,19505.0
2019-10-17,False,daily,643.1,647.13,641.06,643.69,20020.0,636.1275800972475,640.1138872777667,634.109697554255,636.7111833817404,20020.0
2019-10-16,False,daily,641.23,645.06,638.515,641.25,14561.0,634.2778544328378,638.066329991495,631.5922901660612,634.297637595024,14561.0
2019-10-15,False,daily,644.16,646.78,642.56,643.72,23340.0,635.7979058776463,638.3838946279559,634.2186761064648,635.3636176905715,23340.0
2019-10-14,False,daily,646.27,647.9,639.85,641.62,23960.0,637.8805151383918,639.489355467783,631.5438556815263,633.2908786158958,23960.0
2019-10-11,False,daily,646.53,649.9,643.4,646.1,25260.0,638.1371399762088,641.4633926817597,635.0477717363351,637.7127219752039,25260.0
2019-10-10,False,daily,646.36,647.0,639.2,642.5,15607.0,637.9693468130208,638.6010387214934,630.9022935869839,634.1594549900456,15607.0
2019-10-09,False,daily,647.91,650.7145,642.01,647.56,12316.0,639.4992256538528,642.2673193371519,633.6758158726212,639.1537691414069,12316.0
2019-10-08,False,daily,657.38,660.83,643.37,645.9,18363.0,648.846291862033,652.251506056143,635.0181611781255,637.5153182538062,18363.0
2019-10-07,False,daily,663.8,666.47,658.77,661.01,18395.0,655.1829513188984,657.8182909995576,650.2182477257468,652.4291694054008,18395.0
2019-10-04,False,daily,657.11,667.655,653.745,665.33,26403.0,648.5797968381461,658.9879080488387,645.2584792256301,656.6930897875908,26403.0
2019-10-03,False,daily,656.47,656.47,649.17,655.1,14349.0,647.9481049296736,647.9481049296736,640.7428690986582,646.5958894380994,14349.0
2019-10-02,False,daily,660.17,660.17,651.995,656.47,13540.0,651.6000737755305,651.6000737755305,643.5311966634005,647.9481049296736,13540.0
2019-10-01,False,daily,664.31,668.81,661.41,664.0,20480.0,655.6863308084625,660.1279145399103,652.8239768481961,655.3803550402962,20480.0
2019-09-30,False,daily,657.28,669.52,657.28,663.45,23416.0,648.7475900013341,660.8286977508722,648.7475900013341,654.8374948064526,23416.0
2019-09-27,False,daily,673.76,673.76,656.65,656.65,13813.0,665.0136566445029,665.0136566445029,648.1257682789314,648.1257682789314,13813.0
2019-09-26,False,daily,678.95,678.95,670.0,672.15,15817.0,670.1362832147728,670.1362832147728,661.3024666822265,663.4245566872515,15817.0
2019-09-25,False,daily,681.7,683.99,672.445,675.1,15934.0,672.8505843839908,675.1108569939943,663.7157271763132,666.3362615778674,15934.0
2019-09-24,False,daily,683.61,688.32,680.93,680.93,21890.0,674.7357899233386,679.384647562254,672.0905800566097,672.0905800566097,21890.0
2019-09-23,False,daily,674.68,682.19,674.68,679.69,31767.0,665.9217137629322,673.3342235014152,665.9217137629322,670.8666769839442,31767.0
2019-09-20,False,daily,678.94,682.41,674.5,678.09,42442.0,670.1264130287029,673.5513675949526,665.7440504136744,669.2874472127627,42442.0
2019-09-19,False,daily,695.81,695.81,674.33,679.2,29951.0,686.7774169285971,686.7774169285971,665.5762572504864,670.3830378665199,29951.0
2019-09-18,False,daily,690.8,696.6,685.385,694.15,22824.0,681.8324537075852,687.5571616281179,676.487747950743,685.1389660409964,22824.0
2019-09-17,False,daily,685.28,694.74,685.28,691.33,19217.0,676.3841109970092,685.7213070191195,676.3841109970092,682.3555735692892,19217.0
2019-09-16,False,daily,699.7,700.25,683.56,686.17,21530.0,690.616919309782,691.1597795436256,674.6864389929891,677.2625575572289,21530.0
2019-09-13,False,daily,698.1,703.9,692.1851,700.84,15370.0,689.0376895386006,694.7623974591332,683.1995731801248,691.7421205217488,15370.0
2019-09-12,False,daily,704.01,704.01,695.42,697.17,17708.0,694.8709695059019,694.8709695059019,686.3924796718716,688.1197622341012,17708.0
2019-09-11,False,daily,696.88,703.74,694.25,703.74,17529.0,687.8335268380747,694.6044744820151,685.2376679016952,694.6044744820151,17529.0
2019-09-10,False,daily,713.33,713.33,693.275,697.07,33741.0,704.0699829230339,704.0699829230339,684.2753247598815,688.0210603734025,33741.0
2019-09-09,False,daily,709.4,719.07,704.485,713.85,25509.0,700.1909997975694,709.7354697271472,695.3398033442214,704.5832325986678,25509.0
2019-09-06,False,daily,706.42,711.13,698.1,706.41,29565.0,697.2496843487439,701.8985419876593,689.0376895386006,697.2398141626741,29565.0
2019-09-05,False,daily,710.65,712.8,706.0,709.0,17537.0,701.4247730563048,703.5468630613299,696.8351365338088,699.796192354774,17537.0
2019-09-04,False,daily,706.2,708.31,700.547,705.02,33025.0,697.0325402552066,699.115149515952,691.4529240699012,695.8678582989602,33025.0
2019-09-03,False,daily,701.63,702.5,693.42,701.15,33350.0,692.5218652212695,693.3805714093495,684.4184424578948,692.0480962899151,33350.0
2019-08-30,False,daily,689.49,704.39,686.185,704.06,26574.0,680.5394593324304,695.2460365765576,677.2773628363337,694.9203204362514,26574.0
2019-08-29,False,daily,686.52,691.965,682.95,686.98,30452.0,677.6080140696748,682.9823303847268,674.0843576427263,678.0620426288896,30452.0
2019-08-28,False,daily,685.31,685.97,673.92,685.97,38751.0,676.4137215552189,677.0651538358313,665.171579621621,677.0651538358313,38751.0
2019-08-27,False,daily,700.98,702.85,685.77,686.46,22859.0,691.8803031267271,693.7260279217954,676.8677501144335,677.5487929532557,22859.0
2019-08-26,False,daily,705.82,708.75,695.53,696.57,26528.0,696.657473184551,699.5494377030269,686.5010517186403,687.5275510699083,26528.0
2019-08-23,False,daily,718.55,726.71,701.41,701.41,19899.0,709.2222200515132,717.2762918845386,692.3047211277321,692.3047211277321,19899.0
2019-08-22,False,daily,717.63,725.93,713.15,720.96,17831.0,708.3141629330839,716.5064173710875,703.8923195737759,711.6009348943553,17831.0
2019-08-21,False,daily,716.95,720.5,713.865,716.39,14108.0,707.6429902803319,711.1469063351407,704.5980378777726,707.0902598604183,14108.0
2019-08-20,False,daily,714.85,719.485,712.97,712.97,16127.0,705.5702512056562,710.1450824490474,703.7146562245181,703.7146562245181,16127.0
2019-08-19,False,daily,721.67,723.84,715.83,715.83,16460.0,712.301718105317,714.4435484824819,706.5375294405048,706.5375294405048,16460.0
2019-08-16,False,daily,706.14,716.09,702.8,715.12,33659.0,696.9733191387872,706.7941542783218,693.6766769914459,705.8367462295431,33659.0
2019-08-15,False,daily,706.58,712.11,699.5613,702.14,21528.0,697.4076073258622,702.865820222508,690.4800198289927,693.0252447108336,21528.0
2019-08-14,False,daily,706.62,724.0,700.42,704.6,39413.0,697.4470880701417,714.6014714596,691.3275727068136,695.4533104840251,39413.0
2019-08-13,False,daily,705.14,714.685,705.14,713.21,28087.0,695.9863005317989,705.4073931355031,695.9863005317989,703.9515406901952,28087.0
2019-08-12,False,daily,714.4,714.4,702.5,705.25,25058.0,705.1260928325114,705.1260928325114,693.3805714093495,696.0948725785676,25058.0
2019-08-09,False,daily,709.06,722.21,702.4571,718.51,14541.0,699.8554134711933,712.8347081530908,693.3382283111097,709.1827393072338,14541.0
2019-08-08,False,daily,701.18,711.65,701.18,708.68,21089.0,692.0777068481248,702.4117916632933,692.0777068481248,699.4803464005378,21089.0
2019-08-07,False,daily,691.75,701.94,691.75,701.18,21808.0,682.7701213842242,692.827840989436,682.7701213842242,692.0777068481248,21808.0
2019-08-06,False,daily,692.0,699.0,691.25,696.58,23753.0,683.0168760359713,689.92600628489,682.27661208073,687.5374212559782,23753.0
2019-08-05,False,daily,698.62,698.62,683.39,690.0,33417.0,689.5509392142345,689.5509392142345,674.5186458298011,681.0428388219945,33417.0
2019-08-02,False,daily,716.88,716.88,705.57,707.5,22146.0,707.5738989778426,707.5738989778426,696.4107185328039,698.3156644442914,22146.0
2019-08-01,False,daily,742.22,751.97,715.28,718.48,29184.0,732.5849504789287,742.2083818970656,705.9946692066612,709.1531287490241,29184.0
2019-07-31,False,daily,744.42,756.26,742.73,742.73,33011.0,734.756391414303,746.4426917210458,733.0883299684928,733.0883299684928,33011.0
2019-07-30,False,daily,732.74,744.99,732.74,744.99,14367.0,723.2280140846786,735.3189920202865,723.2280140846786,735.3189920202865,14367.0
2019-07-29,False,daily,737.03,739.54,731.08,736.12,15972.0,727.4623239086588,729.9397406121997,721.589563197078,726.5641369762994,15972.0
2019-07-26,False,daily,736.0,746.8,736.0,737.39,20477.0,726.4456947434608,737.1054956989354,726.4456947434608,727.8176506071746,20477.0
2019-07-25,False,daily,734.08,738.0,733.85,733.87,10503.0,724.5506190180431,728.4197319574376,724.3236047384357,724.3433451105756,10503.0
2019-07-24,False,daily,735.36,741.06,733.695,735.36,12993.0,725.8140028349883,731.4400088948221,724.1706168543526,725.8140028349883,12993.0
2019-07-23,False,daily,728.1,738.8,725.105,737.49,21514.0,718.6482477482525,729.2093468430282,715.6921270203222,727.9163524678735,21514.0
2019-07-22,False,daily,728.75,729.5,722.4,725.42,12551.0,719.289809842795,720.0300737980363,713.0222416884186,716.0030378815235,12551.0
2019-07-19,False,daily,736.0,737.5,727.61,728.77,23058.0,726.4456947434608,727.9262226539435,718.1646086308282,719.3095502149347,23058.0
2019-07-18,False,daily,734.4,738.98,728.06,733.69,17166.0,724.8664649722793,729.3870101922862,718.6087670039728,724.1656817613176,17166.0
2019-07-17,False,daily,740.0,741.175,734.35,734.35,21093.0,730.3937691714144,731.5535160346257,724.8171140419299,724.8171140419299,21093.0
2019-07-16,False,daily,736.47,739.66,734.4088,739.66,14744.0,725.5362763727135,728.6789172428493,723.5056771998219,728.6789172428493,14744.0
2019-07-15,False,daily,739.34,742.5,733.2,736.86,17514.0,728.363668001958,731.4767542557602,722.3148231923548,725.9204863850498,17514.0
2019-07-12,False,daily,734.0,744.945,732.6,739.28,42559.0,723.1029462945831,733.885455486946,721.7237308656835,728.3045587692908,42559.0
2019-07-11,False,daily,726.83,737.085,726.83,733.17,48247.0,716.039392990861,726.1421460075516,716.039392990861,722.2852685760212,48247.0
2019-07-10,False,daily,724.44,729.8,724.025,725.32,30700.0,713.6848752229535,718.9653000078839,713.2760363636725,714.5518106354048,30700.0
2019-07-09,False,daily,719.12,724.0,717.0,722.0,35126.0,708.4438565931345,713.2514075167278,706.3553303722291,711.2810997611567,35126.0
2019-07-08,False,daily,720.26,723.0,716.56,720.63,38403.0,709.56693201381,712.2662536389423,705.9218626660033,709.9314389485905,38403.0
2019-07-05,False,daily,718.9,721.89,714.2,721.89,21118.0,708.2271227400215,711.1727328346003,703.5968995144297,711.1727328346003,21118.0
2019-07-03,False,daily,713.18,724.0,710.0,720.83,18775.0,702.5920425590882,713.2514075167278,699.4592532277303,710.1284697241477,18775.0
2019-07-02,False,daily,702.0,713.41,702.0,711.71,31872.0,691.578022205446,702.8186279509789,691.578022205446,701.1438663587436,31872.0
2019-07-01,False,daily,695.0,702.22,689.83,702.06,36693.0,684.6819450609473,691.7947560585588,679.5886995127961,691.6371314381131,36693.0
2019-06-28,False,daily,684.03,697.49,683.0,690.03,49100.0,673.8748070216399,687.1349782166333,672.8600985275209,679.7857302883532,49100.0
2019-06-27,False,daily,680.63,689.46,674.2,683.31,26947.0,670.5252838371691,679.2241925780154,664.1907444030081,673.1654962296343,26947.0
2019-06-26,False,daily,689.4,689.66,677.5,680.44,35418.0,679.1650833453483,679.4212233535725,667.4417521997004,670.3381046003899,35418.0
2019-06-25,False,daily,692.6,695.89,686.0,689.09,48908.0,682.3175757542621,685.5587320121764,675.8155601608775,678.8596856432348,48908.0
2019-06-24,False,daily,705.58,712.5,691.21,695.27,88319.0,695.1048730879182,701.9221379221941,680.9482118641401,684.9479366079494,88319.0
2019-06-21,False,daily,712.74,716.3,705.65,706.19,79047.0,702.1585748528627,705.6657226577792,695.1738338593632,695.7058169533675,79047.0
2019-06-20,False,daily,710.75,716.646,709.45,714.27,43755.0,700.1981186360695,706.006585899493,698.9174185949483,703.6658602858745,43755.0
2019-06-19,False,daily,703.21,711.99,700.1,710.26,27371.0,692.7700583975666,701.4197094445235,689.7062298376535,699.7153932359546,27371.0
2019-06-18,False,daily,700.5,709.0,700.5,707.32,22057.0,690.1002913887677,698.4740993499448,690.1002913887677,696.8190408352651,22057.0
2019-06-17,False,daily,705.05,708.3,700.44,700.44,18961.0,694.5827415326919,697.7844916354949,690.0411821561006,690.0411821561006,18961.0
2019-06-14,False,daily,702.74,710.72,701.3,704.74,23692.0,692.3070360750073,700.1685640197359,690.8884144909961,694.2773438305784,23692.0
2019-06-13,False,daily,701.41,705.79,697.0,702.63,26303.0,690.9967814175525,695.3117554022532,686.6522528165184,692.1986691484509,26303.0
2019-06-12,False,daily,703.56,710.0,702.8,704.63,26803.0,693.1148622547914,699.4592532277303,692.3661453076744,694.168976904022,26803.0
2019-06-11,False,daily,701.3,707.555,699.955,705.46,23986.0,690.8884144909961,697.0505519965446,689.5633825253747,694.9866546225841,23986.0
2019-06-10,False,daily,700.57,702.55,694.91,702.55,29289.0,690.1692521602127,692.119856838228,684.5932812119465,692.119856838228,29289.0
2019-06-07,False,daily,695.98,704.38,695.19,697.57,36703.0,685.6473958611771,693.9226884345755,684.8691242977266,687.2137905268562,36703.0
2019-06-06,False,daily,691.85,698.86,684.635,695.83,27454.0,681.5787103459229,688.4846390291995,674.4708251177002,685.4996227795093,27454.0
2019-06-05,False,daily,693.49,700.0,690.0,692.17,31799.0,683.1943627054911,689.607714449875,679.7561756720196,681.8939595868142,31799.0
2019-06-04,False,daily,688.92,704.5,688.92,694.64,57151.0,678.6922094840112,694.0409068999098,678.6922094840112,684.3272896649445,57151.0
2019-06-03,False,daily,681.17,686.84,676.57,685.29,40398.0,671.0572669311733,676.6430894182173,666.5255590933599,675.1161009076496,40398.0
2019-05-31,False,daily,670.89,684.8,670.89,680.54,20304.0,660.929885067538,674.6333755075348,660.929885067538,670.4366199881684,20304.0
2019-05-30,False,daily,670.76,676.7,670.76,675.07,27968.0,660.8018150634259,666.653629097472,660.8018150634259,665.0478282766816,27968.0
2019-05-29,False,daily,670.0,672.62,668.51,670.52,16359.0,660.0530981163089,662.634201276107,658.5852188384084,660.5653781327574,16359.0
2019-05-28,False,daily,678.0,684.12,669.67,674.21,40759.0,667.9343291385932,673.9634708706407,659.7279973366396,664.200595941786,40759.0
2019-05-24,False,daily,668.5,678.22,667.07,678.15,61694.0,658.5753672996306,668.151062991706,657.1665972543973,668.0821022202609,61694.0
2019-05-23,False,daily,681.14,681.96,667.45,667.45,50102.0,671.0277123148397,671.835538494624,657.5409557279559,657.5409557279559,50102.0
2019-05-22,False,daily,687.45,692.9,672.07,685.38,58149.0,677.2440332836666,682.6131219175976,662.092366643325,675.2047647566504,58149.0
2019-05-21,False,daily,683.87,695.61,683.87,690.92,43637.0,673.7171824011942,685.2828889263965,673.7171824011942,680.6625172395823,43637.0
2019-05-20,False,daily,685.64,689.65,678.21,681.97,40043.0,675.4609047648746,679.4113718147946,668.1412114529281,671.8453900334018,40043.0
2019-05-17,False,daily,694.74,695.3,688.12,689.27,35903.0,684.425805052723,684.9774912242829,677.9040863817828,679.0370133412362,35903.0
2019-05-16,False,daily,702.96,706.2,696.96,697.93,44829.0,692.5237699281201,695.7156684921454,686.6128466614069,687.5684459228588,44829.0
2019-05-15,False,daily,691.27,701.5,691.27,700.6,30780.0,681.0073210968072,691.0854452665533,681.0073210968072,690.1988067765463,30780.0
2019-05-14,False,daily,689.58,702.6,688.18,694.15,21100.0,679.3424110433497,692.1691145321174,677.9631956144499,683.8445642648295,21100.0
2019-05-13,False,daily,692.25,692.25,684.89,688.53,30590.0,681.9727718970371,681.9727718970371,674.7220393565354,678.3079994716749,30590.0
2019-05-10,False,daily,704.99,704.99,693.15,700.1,38299.0,694.5236323000248,694.5236323000248,682.859410387044,689.7062298376535,38299.0
2019-05-09,False,daily,690.8,708.33,683.1,707.53,41799.0,680.544298774248,697.8140462518285,672.9586139152995,697.0259231496,41799.0
2019-05-08,False,daily,683.37,694.14,681.22,693.54,35387.0,673.2246054623015,683.8347127260517,671.1065246250627,683.2436203993803,35387.0
2019-05-07,False,daily,706.19,706.19,682.185,685.19,29671.0,695.7058169533675,695.7058169533675,672.0571981171256,675.0175855198712,29671.0
2019-05-06,False,daily,709.71,714.76,705.21,711.4,38286.0,699.1735586031725,704.1485856859895,694.7403661531376,700.8384686566301,38286.0
2019-05-03,False,daily,726.91,726.91,707.18,716.62,38367.0,716.1182053010837,716.1182053010837,696.681119292375,705.9809718986705,38367.0
2019-05-02,False,daily,727.0,730.03,715.2928,723.68,25816.0,716.2068691500845,719.1918853997746,704.6734756720737,712.9361582758364,25816.0
2019-05-01,False,daily,749.64,752.74,726.97,726.97,22344.0,738.5107529431489,741.5647299642841,716.1773145337509,716.1773145337509,22344.0
2019-04-30,False,daily,739.66,746.18,734.92,743.43,44661.0,728.6789172428493,735.1021205260109,724.0092878621458,732.3929473621007,44661.0
2019-04-29,False,daily,737.14,742.135,731.56,741.15,37297.0,726.1963294708297,731.1171730903685,720.6991708327864,730.1467965207497,37297.0
2019-04-26,False,daily,723.96,739.53,723.96,736.37,19909.0,713.2120013616164,728.5508472387371,713.2120013616164,725.4377609849349,19909.0
2019-04-25,False,daily,725.03,733.7,724.16,724.57,26479.0,714.2661160108469,722.8074001312475,713.4090321371734,713.8129452270656,26479.0
2019-04-24,False,daily,714.0,732.76,710.4,725.72,29923.0,703.3998687388724,721.8813554861291,699.8533147788445,714.945872186519,29923.0
2019-04-23,False,daily,698.07,716.945,697.395,712.98,37457.0,687.7063674657489,706.301146908951,687.0413885982437,702.3950117835312,37457.0
2019-04-22,False,daily,705.86,710.18,695.7,696.81,31383.0,695.3807161736983,699.6365809257317,685.3715527753972,686.465073579739,31383.0
2019-04-18,False,daily,702.98,707.66,698.26,707.66,13330.0,692.5434730056759,697.1539931537121,687.893546702528,697.1539931537121,13330.0
2019-04-17,False,daily,699.78,702.35,695.8,701.52,13329.0,689.3909805967621,691.922826062671,685.4700681631757,691.1051483441089,13329.0
2019-04-16,False,daily,696.89,701.115,693.22,700.57,24790.0,685.1862497752572,689.3402940366192,681.5778847008909,688.804446907047,24790.0
2019-04-15,False,daily,699.92,704.37,692.62,696.29,28865.0,688.1653631745297,692.5406287279168,680.9879612554904,684.5963263298568,28865.0
2019-04-12,False,daily,699.03,703.74,696.35,700.32,15495.0,687.2903100638523,691.9212091102463,684.6553186743969,688.5586454714635,15495.0
2019-04-11,False,daily,693.51,699.21,686.06,697.34,23964.0,681.8630143661678,687.4672870974725,674.5381315857782,685.6286923593077,23964.0
2019-04-10,False,daily,698.39,705.87,689.455,693.17,29636.0,686.6610583887585,694.0154373414181,677.8761150810028,681.5287244137742,29636.0
2019-04-09,False,daily,693.95,702.25,691.0,697.0,31240.0,682.2956248927949,690.4562325541684,679.395167952909,685.2944024069141,31240.0
2019-04-08,False,daily,691.6,695.16,686.38,694.0,22110.0,679.9850913983096,683.4853038410191,674.8527574233252,682.3447851799116,22110.0
2019-04-05,False,daily,684.1,691.64,684.1,691.64,19982.0,672.6110483308033,680.0244196280029,672.6110483308033,680.0244196280029,19982.0
2019-04-04,False,daily,684.89,687.8202,683.84,685.12,41091.0,673.3877808672472,676.2687703334349,672.3554148377964,673.6139181879842,41091.0
2019-04-03,False,daily,684.44,690.275,682.02,683.0,13294.0,672.945338283197,678.6823437897167,670.5659803867482,671.5295220142357,13294.0
2019-04-02,False,daily,685.17,687.0,681.1,683.09,21931.0,673.6630784751007,675.4623449835724,669.6614311038009,671.6180105310458,21931.0
2019-04-01,False,daily,687.37,687.615,681.76,685.1,18885.0,675.826131108236,676.0670165151079,670.3103468937413,673.5942540731374,18885.0
2019-03-29,False,daily,685.3,685.3,680.01,683.18,20004.0,673.7908952216043,673.7908952216043,668.5897368446565,671.7064990478558,20004.0
2019-03-28,False,daily,686.23,687.96,680.26,682.84,14613.0,674.7052765619751,676.4062224962132,668.83553828024,671.3722090954623,14613.0
2019-03-27,False,daily,674.17,684.53,668.585,683.69,17394.0,662.847815309425,673.033826800007,657.3566112384888,672.2079339764463,17394.0
2019-03-26,False,daily,660.03,673.39,660.03,673.39,21265.0,648.9452861128199,662.0809148304044,648.9452861128199,662.0809148304044,21265.0
2019-03-25,False,daily,670.5,670.5,655.98,657.97,20072.0,659.2394502350586,659.2394502350586,644.9633028563666,646.9198822836115,20072.0
2019-03-22,False,daily,665.07,669.88,661.599,667.73,16318.0,653.9006430541841,658.6298626748114,650.4879359225422,656.515970328793,16318.0
2019-03-21,False,daily,649.995,667.42,649.995,667.42,26217.0,639.0788164884965,656.2111765486693,639.0788164884965,656.2111765486693,26217.0
2019-03-20,False,daily,681.41,681.41,653.62,654.24,22722.0,669.9662248839244,669.9662248839244,642.6429373044579,643.252524864705,22722.0
2019-03-19,False,daily,674.39,691.84,671.58,682.52,41740.0,663.0641205727385,680.2210607764698,660.3013124367795,671.0575832579153,41740.0
2019-03-18,False,daily,684.0,684.64,668.79,672.17,34832.0,672.5127277565699,673.1419794316637,657.5581684156672,660.8814038247566,34832.0
2019-03-15,False,daily,686.37,691.13,681.76,683.43,29497.0,674.8429253659018,679.5229846994125,670.3103468937413,671.9523004834393,29497.0
2019-03-14,False,daily,687.98,690.05,682.77,686.25,15805.0,676.4258866110598,678.4611224976916,671.3033846934989,674.7249406768217,15805.0
2019-03-13,False,daily,688.86,696.16,684.655,687.54,28319.0,677.2911076643139,684.4685095833534,673.1567275177987,675.9932760844328,28319.0
2019-03-12,False,daily,688.19,688.19,680.35,686.88,14049.0,676.63235981695,676.63235981695,668.9240267970501,675.3443602944923,14049.0
2019-03-11,False,daily,681.74,686.18,676.4601,686.18,25903.0,670.2906827788946,674.6561162748583,665.0994547799445,674.6561162748583,25903.0
2019-03-08,False,daily,678.6,679.19,667.94,678.19,31409.0,667.2034167479654,667.7835081359426,656.7224435346832,666.8003023936084,31409.0
2019-03-07,False,daily,682.09,682.6,671.44,678.71,32130.0,670.6348047887117,671.136239717302,660.1636636328528,667.3115693796221,32130.0
2019-03-06,False,daily,681.85,692.17,677.3,679.8,36407.0,670.3988354105514,680.5455186714399,665.9252492829308,668.3832636387663,36407.0
2019-03-05,False,daily,684.52,684.8,679.0602,679.57,19409.0,673.0239947425836,673.2992923504371,667.6558880305876,668.1571263180296,19409.0
2019-03-04,False,daily,683.05,683.05,678.56,681.62,12911.0,671.5786823013524,671.5786823013524,667.1640885182719,670.1726980898145,12911.0
2019-03-01,False,daily,687.04,687.04,677.91,680.51,44880.0,675.5016732132657,675.5016732132657,666.5250047857547,669.0813397158236,44880.0
2019-02-28,False,daily,674.86,683.71,671.8,683.71,24896.0,663.5262272716355,672.227598091293,660.517617700093,672.227598091293,24896.0
2019-02-27,False,daily,673.25,681.31,672.04,674.34,14708.0,661.9432660264775,669.8679043096909,660.7535870782532,663.0149602856219,14708.0
2019-02-26,False,daily,685.9,692.4799,671.101,673.53,25522.0,674.3808186670047,680.8502141309895,659.8303568862015,662.2185636343311,25522.0
2019-02-25,False,daily,682.8,692.81,682.18,685.94,28841.0,671.3328808657689,681.1747703465338,670.7232933055217,674.4201468966982,28841.0
2019-02-22,False,daily,678.73,700.18,677.25,681.05,33537.0,667.3312334944688,688.4209966675367,665.8760889958143,669.612270816684,33537.0
2019-02-21,False,daily,673.67,679.19,671.0,678.35,33328.0,662.3562124382579,667.7835081359426,659.7310531062257,666.9576153123818,33328.0
2019-02-20,False,daily,668.95,677.36,668.95,674.0,30964.0,657.7154813344407,665.984241627471,657.7154813344407,662.6806703332282,30964.0
2019-02-19,False,daily,664.19,671.575,660.3,668.02,21513.0,653.0354220009301,660.2963964080678,649.2107516632501,656.8010999940699,21513.0
2019-02-15,False,daily,663.6,664.7,657.32,663.8,30024.0,652.4553306129529,653.5368569295205,646.2807985510943,652.6519717614196,30024.0
2019-02-14,False,daily,665.23,668.275,660.72,660.87,19424.0,654.0579559729575,657.0518174583651,649.6236980750305,649.7711789363806,19424.0
2019-02-13,False,daily,667.0,670.97,664.0,666.21,25257.0,655.7982301368891,659.7015569339557,652.8486129098866,655.0214976004451,25257.0
2019-02-12,False,daily,668.72,668.72,662.879,665.36,31610.0,657.4893440137038,657.4893440137038,651.74643927273,654.185772719461,31610.0
2019-02-11,False,daily,665.06,665.94,662.375,665.7,33410.0,653.8908109967607,654.7560320500148,651.2509035785935,654.5200626718547,33410.0
2019-02-08,False,daily,665.0,665.0,659.63,664.84,11473.0,653.8318186522207,653.8318186522207,648.5520038158862,653.6745057334473,11473.0
2019-02-07,False,daily,663.75,666.24,656.95,666.2,17608.0,652.6028114743029,655.0509937727151,645.9170124264307,655.0116655430218,17608.0
2019-02-06,False,daily,660.56,663.43,659.92,662.0,17050.0,649.4663851562569,652.288185636756,648.837133481163,650.8822014252182,17050.0
2019-02-05,False,daily,665.65,666.25,660.0,664.0,26275.0,653.0995905556257,653.6882779353799,647.5561177296071,651.4807002613016,26275.0
2019-02-04,False,daily,665.0,666.8,662.38,665.68,13436.0,652.4618458942253,654.2279080334879,649.8912443359653,653.1290249246133,13436.0
2019-02-01,False,daily,665.03,670.64,659.88,665.0,43282.0,652.491280263213,657.9955072639146,647.4383802536562,652.4618458942253,43282.0
2019-01-31,False,daily,657.91,671.89,657.91,665.0,22630.0,645.5055233567966,659.2219393050692,645.5055233567966,652.4618458942253,22630.0
2019-01-30,False,daily,667.31,667.31,657.41,659.0,35751.0,654.7282923062788,654.7282923062788,645.0149505403348,646.5749720966834,35751.0
2019-01-29,False,daily,664.74,669.405,660.41,664.29,19705.0,652.2067480296652,656.7837924072539,647.9583874391058,651.7652324948494,19705.0
2019-01-28,False,daily,661.76,670.56,660.82,664.85,14700.0,649.2829340435527,657.9170156132808,648.3606571486046,652.3146740492867,14700.0
2019-01-25,False,daily,662.14,669.71,662.14,664.18,18061.0,649.6557693840637,657.0830418252957,649.6557693840637,651.6573064752279,18061.0
2019-01-24,False,daily,665.95,668.55,662.14,662.14,13906.0,653.3939342455028,655.9449128911042,649.6557693840637,649.6557693840637,13906.0
2019-01-23,False,daily,665.09,668.69,658.92,666.03,19870.0,652.5501490011885,656.0822732797136,646.4964804460495,653.4724258961367,19870.0
2019-01-22,False,daily,657.47,665.48,657.26,662.55,28236.0,645.0738192783102,652.9327957980287,644.8677786953963,650.0580390935623,28236.0
2019-01-18,False,daily,671.82,671.82,656.63,659.12,16055.0,659.1532591107647,659.1532591107647,644.2496569466543,646.6927095726343,16055.0
2019-01-17,False,daily,671.24,690.5,667.47,668.0,66799.0,658.5841946436689,677.4810595337783,654.8852756075468,655.4052827929962,66799.0
2019-01-16,False,daily,664.36,671.12,663.52,669.61,20559.0,651.8339126891542,658.4664571677181,651.0097503574983,656.9849272620033,20559.0
2019-01-15,False,daily,657.45,670.4,657.06,664.14,22697.0,645.0541963656518,657.760032312013,644.6715495688115,651.618060649911,22697.0
2019-01-14,False,daily,664.81,666.26,659.64,661.36,17966.0,652.2754282239698,653.6980893917091,647.2029053017545,648.8904757903832,17966.0
2019-01-11,False,daily,661.14,665.905,661.14,664.81,32628.0,648.6746237511401,653.3497826920212,648.6746237511401,652.2754282239698,32628.0
2019-01-10,False,daily,661.72,666.3,658.92,661.2,34709.0,649.2436882182358,653.737335217026,646.4964804460495,648.7334924891155,34709.0
2019-01-09,False,daily,659.02,663.97,657.45,661.37,33978.0,646.5945950093419,651.451265892314,645.0541963656518,648.9002872467125,33978.0
2019-01-08,False,daily,658.14,667.8828,652.33,657.34,37690.0,645.7311868523691,655.2902925248176,640.0307307250828,644.9462703460302,37690.0
2019-01-07,False,daily,670.57,674.5,650.53,653.9,28247.0,657.9268270696101,661.7827294069999,638.2646685858201,641.5711293687729,28247.0
2019-01-04,False,daily,667.96,678.64,665.5,671.45,32771.0,655.3660369676793,665.8446723273039,652.9524187106871,658.7902352265829,32771.0
2019-01-03,False,daily,650.68,676.69,649.63,665.38,40038.0,638.4118404307586,663.9314383431029,637.3816375161889,652.8346812347363,40038.0
2019-01-02,False,daily,635.06,652.84,625.78,652.84,34103.0,623.0863456444913,640.5311149978738,613.9813141709599,640.5311149978738,34103.0
2020-07-30,False,daily,405.53,411.99,402.77,408.33,18449.0,405.53,411.99,402.77,408.33,18449.0
2020-07-29,False,daily,402.18,414.39,402.18,411.42,19486.0,402.18,414.39,402.18,411.42,19486.0
2020-07-28,False,daily,405.0,413.61,405.0,405.35,20261.0,405.0,413.61,405.0,405.35,20261.0
2020-07-27,False,daily,406.08,412.675,403.01,406.82,23888.0,406.08,412.675,403.01,406.82,23888.0
2020-07-24,False,daily,408.2,408.58,400.02,406.1,28604.0,408.2,408.58,400.02,406.1,28604.0
2020-07-23,False,daily,404.65,409.19,400.53,406.27,42421.0,404.65,409.19,400.53,406.27,42421.0
2020-07-22,False,daily,386.28,405.49,386.28,402.07,60883.0,386.28,405.49,386.28,402.07,60883.0
2020-07-21,False,daily,393.9,403.235,385.555,386.28,54250.0,393.9,403.235,385.555,386.28,54250.0
2020-07-20,False,daily,389.4,400.2,386.16,388.56,94886.0,389.4,400.2,386.16,388.56,94886.0
2020-07-17,False,daily,359.98,363.93,359.29,362.98,28497.0,359.98,363.93,359.29,362.98,28497.0
2020-07-16,False,daily,354.95,364.08,352.1,357.97,26562.0,354.95,364.08,352.1,357.97,26562.0
2020-07-15,False,daily,353.95,363.8,350.4378,358.42,23886.0,353.95,363.8,350.4378,358.42,23886.0
2020-07-14,False,daily,340.57,347.21,334.73,345.63,26344.0,339.19776419262513,345.81101008697584,333.3812949120516,344.2373762747659,26344.0
2020-07-13,False,daily,347.05,350.0,340.57,340.57,30714.0,345.65165476422044,348.58976852752386,339.19776419262513,339.19776419262513,30714.0
2020-07-10,False,daily,332.27,347.54,332.27,344.33,31096.0,330.9312068246867,346.139680440159,330.9312068246867,342.9426142773779,31096.0
2020-07-09,False,daily,340.4125,340.4125,328.81,331.16,35421.0,339.04089879678776,339.04089879678776,327.48514797010034,329.8256792730709,35421.0
2020-07-08,False,daily,333.95,345.11,331.96,344.88,39048.0,332.60443771361884,343.71947147581074,330.622455886848,343.4903981993498,39048.0
2020-07-07,False,daily,344.47,346.76,331.41,332.14,54185.0,343.082050184789,345.3628232417262,330.07467196487625,330.8017306249479,54185.0
2020-07-06,False,daily,343.66,350.75,338.37,349.25,51843.0,342.2753138633396,349.33674660293997,337.0066285047378,347.8427904521077,51843.0
2020-07-02,False,daily,344.0,347.645,336.51,336.77,28552.0,342.61394392419487,346.2442573707172,335.15412287770584,335.4130752771834,28552.0
2020-07-01,False,daily,341.76,347.275,335.5,336.97,33294.0,340.3829694056187,345.8757481868452,334.1481924028121,335.61226943062775,33294.0
2020-06-30,False,daily,344.98,345.705,340.52,342.67,25941.0,343.58999527607193,344.3120740823075,339.14796565426406,341.2893028037903,25941.0
2020-06-29,False,daily,333.0,348.35,329.9519,346.49,69343.0,331.6582654847584,346.9464167616084,328.62244698919056,345.0939111345764,69343.0
2020-06-26,False,daily,320.06,331.02,313.1,327.38,88508.0,318.77040375691223,329.68624336565983,311.83844721705066,326.06090977297356,88508.0
2020-06-25,False,daily,318.81,325.52,316.1,322.66,51265.0,317.5254402978854,324.2084041459416,314.82635951871515,321.35992775168813,51265.0
2020-06-24,False,daily,319.63,327.0,317.0,322.79,47408.0,318.342136327007,325.68244088142944,315.7227332092144,321.48940395142694,47408.0
2020-06-23,False,daily,331.22,331.22,322.55,325.86,52754.0,329.8854375191042,329.8854375191042,321.25037096729375,324.5470342067969,52754.0
2020-06-22,False,daily,323.08,328.29,321.42,326.06,29329.0,321.77823547392114,326.9672431711452,320.12492400033346,324.7462283602412,29329.0
2020-06-19,False,daily,335.0,337.77,323.89,325.85,69370.0,333.6502070192014,336.40904604440493,322.58497179537056,324.53707449912474,69370.0
2020-06-18,False,daily,332.71,345.81,332.02,334.12,35929.0,331.36943396226417,344.41665101286577,330.6822141328813,332.7737527440465,35929.0
2020-06-17,False,daily,352.3,352.3,337.64,340.02,26306.0,350.8805012921333,350.8805012921333,336.2795698446661,338.64998027065326,26306.0
2020-06-16,False,daily,365.85,365.85,347.3,348.94,34964.0,364.3759051879846,364.3759051879846,345.9006474560258,347.53403951426907,34964.0
2020-06-15,False,daily,331.94,356.0,331.94,350.43,39889.0,330.6025364715036,354.56559313085285,330.6025364715036,349.0180359574291,39889.0
2020-06-12,False,daily,353.43,363.43,336.29,347.84,63246.0,352.0059482590936,361.96565593130856,334.93500930891713,346.4384716703254,63246.0
2020-06-11,False,daily,358.9,358.9,341.2701,345.3,30453.0,357.45390835579514,357.45390835579514,339.89504332675693,343.9087059215828,30453.0
2020-06-10,False,daily,385.0,385.0,372.0,372.92,37565.0,383.44874538027625,383.44874538027625,370.5011254063968,371.41741851224054,37565.0
2020-06-09,False,daily,400.5,401.03,384.01,389.8,34990.0,398.8862922722094,399.4141567788368,382.46273432072695,388.2294050629394,34990.0
2020-06-08,False,daily,388.57,411.2385,388.57,407.57,49253.0,387.004361019257,409.58152435601744,387.004361019257,405.9278055964654,49253.0
2020-06-05,False,daily,388.25,398.44,385.025,386.73,67474.0,386.6856503737461,396.83459249173313,383.47364464945673,385.1717748075694,67474.0
2020-06-04,False,daily,365.0,379.15,365.0,374.28,43276.0,363.5293300358463,377.6223163920304,363.5293300358463,372.7719387556618,43276.0
2020-06-03,False,daily,369.87,377.99,366.935,370.87,37660.0,368.379707672215,376.46699030205355,365.4565334704199,369.37567843943646,37660.0
2020-06-02,False,daily,359.52,378.42,359.52,360.17,31724.0,358.0714102314725,376.8952577319588,358.0714102314725,358.71879123016646,31724.0
2020-06-01,False,daily,357.97,367.48,356.69,358.6,26183.0,356.5276555422792,365.9993375385556,355.25281296023564,357.15511712562875,26183.0
2020-05-29,False,daily,352.12,359.03,349.67,358.23,32601.0,350.70122655403344,357.58338455553394,348.26109817434076,356.78660794175676,32601.0
2020-05-28,False,daily,386.0,386.0,354.77,356.83,45172.0,384.44471614749773,384.44471614749773,353.34054908717036,355.39224886764663,45172.0
2020-05-27,False,daily,364.52,382.19,362.36,379.07,58927.0,363.05126406757995,380.6500675243838,360.89996721038153,377.54263873065275,58927.0
2020-05-26,False,daily,362.78,369.9899,351.08,356.91,39709.0,361.31827493261454,368.49912456720483,349.66541695612307,355.4719265290244,39709.0
2020-05-22,False,daily,342.88,348.6373,339.505,347.92,31038.0,341.49845666490677,347.2325591630311,338.1370553255342,346.51814933170317,31038.0
2020-05-21,False,daily,344.01,349.05,339.26,340.68,47799.0,342.62390363186705,347.64359629866345,337.89304248756497,339.3073209770195,47799.0
2020-05-20,False,daily,333.15,344.44,333.15,340.43,29294.0,331.8076610998416,343.0521710617723,331.8076610998416,339.05832828521415,29294.0
2020-05-19,False,daily,335.32,341.7882,329.0,329.42,49228.0,333.96891766471225,340.4110557812544,327.6743824158724,328.09269013810547,49228.0
2020-05-18,False,daily,336.34,348.84,333.22,334.07,60409.0,334.98480784727815,347.43444243754686,331.87737905354714,332.7239542056854,60409.0
2020-05-15,False,daily,328.76,330.22,314.305,325.33,142216.0,327.43534943173927,328.88946675188265,313.03859199155255,324.0191697001695,142216.0
2020-05-14,False,daily,311.35,331.4,296.385,329.87,63366.0,310.095498374413,330.064712257204,295.19079584294326,328.54087698335513,63366.0
2020-05-13,False,daily,333.75,333.75,312.34,317.54,40380.0,332.40524356017454,332.40524356017454,311.08150943396225,316.26055742351406,40380.0
2020-05-12,False,daily,346.81,356.665,333.5,335.6,50546.0,345.41262178008725,355.22791369105516,332.15625086836917,334.24778947953433,50546.0
2020-05-11,False,daily,361.97,361.97,340.49,342.97,82691.0,360.5115386111652,360.5115386111652,339.1180865312474,341.58809403395674,82691.0
2020-05-08,False,daily,352.98,373.74,349.99,372.2,30402.0,351.55776141384393,372.2341145413622,348.5798088198516,370.70031955984103,30402.0
2020-05-07,False,daily,344.09,357.43,340.25,345.87,25460.0,342.7035812932448,355.9898313279796,338.87905354711427,344.4764092588991,25460.0
2020-05-06,False,daily,354.8,359.78,337.69,339.43,36219.0,353.370428210187,358.33036263095005,336.3293683830272,338.0623575179926,36219.0
2020-05-05,False,daily,357.9,369.16,355.17,355.17,37302.0,356.45793758857366,367.67256842748776,353.738937394059,353.738937394059,37302.0
2020-05-04,False,daily,356.15,371.0,356.15,366.71,32754.0,354.714988745936,369.50515463917526,354.714988745936,365.232440047795,32754.0
2020-05-01,False,daily,383.0,383.45,364.28,366.62,43902.0,381.45680384583324,381.9049906910829,362.81223108344676,365.1428026787451,43902.0
2020-04-30,False,daily,393.02,400.8203,390.01,390.01,33665.0,391.4364309333926,399.20530170895046,388.43855892405594,388.43855892405594,33665.0
2020-04-29,False,daily,393.08,410.03,384.0,401.07,43566.0,391.4961891794259,408.3778936838303,382.4527746130547,399.4539956095257,43566.0
2020-04-28,False,daily,373.22,389.0,366.56,376.37,62149.0,371.71620974240705,387.4326284491622,365.0830444327118,374.8535176591547,62149.0
2020-04-27,False,daily,349.17,373.08,349.17,367.19,32193.0,347.76311279073,371.57677383499595,347.76311279073,365.71050601606134,32193.0
2020-04-24,False,daily,336.9,351.99,332.28,347.14,42194.0,335.5425514769222,350.57175035429464,330.9411665323589,345.74129213327035,42194.0
2020-04-23,False,daily,340.53,344.35,329.37,332.27,31761.0,339.15792536193624,342.9625336927224,328.0428915997444,330.9312068246867,31761.0
2020-04-22,False,daily,347.23,348.31,331.92,336.31,26216.0,345.8309295023203,346.9065779309195,330.5826170561592,334.95492872426155,26216.0
2020-04-21,False,daily,333.65,350.32,327.21,339.19,97039.0,332.30564648345234,348.9084791730347,325.8915947425459,337.8233245338595,97039.0
2020-04-20,False,daily,348.03,358.67,331.6,335.3,29021.0,346.62770611609744,357.22483507933424,330.2639064106483,333.94899824936783,29021.0
2020-04-17,False,daily,345.85,362.78,344.8098,357.51,24460.0,344.45648984355466,361.31827493261454,343.4204810514908,356.06950898935725,24460.0
2020-04-16,False,daily,342.4,350.24,334.075,335.03,36927.0,341.02039069664045,348.828801511657,332.7289340595215,333.680086142218,36927.0
2020-04-15,False,daily,353.48,356.69,340.415,342.41,38885.0,352.0557467974547,355.25281296023564,339.0433887237058,341.0303504043127,38885.0
2020-04-14,False,daily,380.11,380.11,361.11,364.36,23337.0,376.9820464496694,376.9820464496694,358.13839886727555,361.36165437479025,23337.0
2020-04-13,False,daily,390.0,391.65,352.22,369.53,31783.0,386.79066090176804,388.4270829286601,349.321555340566,366.4891100590521,31783.0
2020-04-09,False,daily,364.28,393.4421,358.0,391.75,26677.0,361.2823127007591,390.20443560405,355.05399128931526,388.52626002119905,26677.0
2020-04-08,False,daily,385.0,385.005,355.92,355.92,30647.0,381.83180627482227,381.83676512944925,352.99110776450584,352.99110776450584,30647.0
2020-04-07,False,daily,368.8,391.31,356.7013,378.37,60076.0,365.76511728351807,388.0898808140278,353.7659783885124,375.2563650394922,60076.0
2020-04-06,False,daily,352.88,357.6299,348.13,352.48,27002.0,349.97612415132284,354.68693686982874,345.26521225572435,349.5794157811672,27002.0
2020-04-03,False,daily,336.74,339.36,329.04,339.36,33670.0,333.96894141554196,336.56738124006154,326.33230529004555,336.56738124006154,33670.0
2020-04-02,False,daily,327.73,340.25,323.2174,337.84,27380.0,325.03308537778577,337.4500573636579,320.5576198998747,335.05988943347,27380.0
2020-04-01,False,daily,329.55,334.705,314.56,327.08,38730.0,326.838108461994,331.95068758237505,311.97146229041067,324.3884342762828,38730.0
2020-03-31,False,daily,343.13,349.1,325.67,341.17,54689.0,340.30635762877864,346.2272300533519,322.9900372714841,338.3624866150159,54689.0
2020-03-30,False,daily,352.81,353.0,337.82,344.99,33094.0,349.9067001865456,350.0951366623695,335.04005401496227,342.1510515500025,33094.0
2020-03-27,False,daily,333.2,353.1952,331.0,350.81,40018.0,330.45807233966434,350.28873034700547,328.27617630380826,347.9231583357673,40018.0
2020-03-26,False,daily,342.37,352.35,339.8675,341.72,59073.0,339.5526117254829,349.4504855608666,337.07070498469653,338.90796062397993,59073.0
2020-03-25,False,daily,313.52,351.04,310.02,338.98,52006.0,310.9400205280059,348.1512656486068,307.4688222891439,336.1905082884137,52006.0
2020-03-24,False,daily,298.22,311.49,298.22,308.52,27298.0,295.765925369552,308.92672554946597,295.765925369552,305.9811659010602,27298.0
2020-03-23,False,daily,319.26,319.26,280.91,281.01,39165.0,316.6327856397396,316.6327856397396,278.5983706510658,278.6975477436047,39165.0
2020-03-20,False,daily,325.53,334.06,311.275,317.12,36737.0,322.85118934192957,331.31099533549906,308.71349480050725,314.51039585940686,36737.0
2020-03-19,False,daily,273.96,327.08,273.96,323.13,46434.0,271.7055627196112,324.3884342762828,271.7055627196112,320.47093912099564,46434.0
2020-03-18,False,daily,320.46,320.46,267.89,277.62,45357.0,317.8229107502066,317.8229107502066,265.68551320249907,275.33544430653546,45357.0
2020-03-17,False,daily,379.05,379.05,330.895,341.72,46818.0,375.9307692687569,375.9307692687569,328.17204035664236,338.90796062397993,46818.0
2020-03-16,False,daily,388.59,401.39,367.89,367.9,34442.0,385.3922638969693,398.0869317419504,364.8626057414139,364.8725234506678,34442.0
2020-03-13,False,daily,420.34,431.47,390.77,430.32,61145.0,416.88099077807476,427.9194011776561,387.55432451431767,426.7788646134585,61145.0
2020-03-12,False,daily,422.26,431.7,403.0,403.98,54367.0,418.785190954822,428.1475084904955,399.683682931827,400.65561843870836,54367.0
2020-03-11,False,daily,468.23,468.49,443.0,448.85,49235.0,464.3769003949612,464.6347608355623,439.35451994739293,445.15637986091946,49235.0
2020-03-10,False,daily,463.62,479.64,453.75,478.89,47993.0,459.80483642891716,475.6930066536513,450.01605739532624,474.94917845960947,47993.0
2020-03-09,False,daily,464.99,464.99,448.04,455.13,38848.0,461.16356259670033,461.16356259670033,444.35304541135423,451.38470127236326,38848.0
2020-03-06,False,daily,473.45,488.25,472.98,485.03,54790.0,469.5539446254925,484.2321543212519,469.0878122905596,481.0386519414988,54790.0
2020-03-05,False,daily,489.83,489.83,477.85,486.58,33331.0,485.79915238336673,485.79915238336673,473.91773669720476,482.575896875852,33331.0
2020-03-04,False,daily,493.6,498.6,483.64,494.83,73856.0,489.5381287720839,494.4969833990296,479.6600903552079,490.7580070103125,73856.0
2020-03-03,False,daily,502.22,507.95,477.67,489.73,44429.0,498.08719414893835,503.7700415514181,473.7392179306347,485.69997529082787,44429.0
2020-03-02,False,daily,506.24,514.47,493.135,501.07,46513.0,502.0741132690027,510.2363879849554,489.0769552917779,496.94665758474076,46513.0
2020-02-28,False,daily,481.31,508.44,481.31,502.88,62140.0,477.3492640990512,504.2560093048588,477.3492640990512,498.74176295969517,62140.0
2020-02-27,False,daily,469.94,504.37,462.995,492.33,72889.0,466.0728286773766,500.219501638525,459.18497960054896,488.2785796968396,72889.0
2020-02-26,False,daily,495.97,504.9625,474.94,474.94,22518.0,491.88862586525613,500.80712591181805,471.0316833043223,471.0316833043223,22518.0
2020-02-25,False,daily,501.22,503.88,492.0,492.0,35518.0,497.0954232235492,499.7335338850843,487.9512952914612,487.9512952914612,35518.0
2020-02-24,False,daily,513.78,513.78,498.53,499.4,42992.0,509.55206604643683,509.55206604643683,494.4275594342523,495.2904001393409,42992.0
2020-02-21,False,daily,533.12,533.12,518.81,521.6,43397.0,528.732915743463,528.732915743463,514.5406738011442,517.3077146829801,43397.0
2020-02-20,False,daily,544.135,544.135,530.28,530.9,14455.0,539.6572724866245,539.6572724866245,525.9162863153578,526.5311842890991,14455.0
2020-02-19,False,daily,538.95,541.5,537.92,537.92,22181.0,534.5149402384818,537.043956098224,533.4934161853308,533.4934161853308,22181.0
2020-02-18,False,daily,535.59,540.75,535.59,536.91,33082.0,531.1825899291742,536.3001279041822,531.1825899291742,532.4917275506879,33082.0
2020-02-14,False,daily,545.05,546.87,536.7,537.82,19613.0,540.5647428833555,542.3697659675638,532.2834556563562,533.3942390927921,19613.0
2020-02-13,False,daily,545.54,554.75,545.54,546.33,26602.0,541.0507106367962,550.1849208596303,541.0507106367962,541.8342096678537,26602.0
2020-02-12,False,daily,549.14,553.8,546.0,548.92,17260.0,544.6210859681971,549.2427384805105,541.5069252624752,544.4028963646115,17260.0
2020-02-11,False,daily,549.41,550.7423,542.14,547.2,27850.0,544.8888641180522,546.2102005219482,537.6786894904731,542.6970503729423,27850.0
2020-02-10,False,daily,549.26,550.925,547.525,549.52,43754.0,544.7400984792439,546.3913970700168,543.0193759236937,544.997958919845,43754.0
2020-02-07,False,daily,549.91,551.34,545.9,548.98,35241.0,545.3847495807468,546.8029820040533,541.4077481699363,544.4624026201349,35241.0
2020-02-06,False,daily,550.07,553.04,543.965,550.94,45259.0,545.5434329288091,548.4889925772148,539.4886714293084,546.4062736338977,45259.0
2020-02-05,False,daily,539.9,550.56,538.02,548.94,39078.0,535.4571226176014,546.0294006822497,533.5925932778698,544.4227317831194,39078.0
2020-02-04,False,daily,555.9749,557.1367,537.8237,539.1102,34821.0,549.9470809078047,551.0962847992009,531.9926742340973,533.2652261417246,34821.0
2020-02-03,False,daily,552.15,559.98,548.0,551.39,35577.0,546.1636500555048,553.9087580514021,542.0586439018684,545.4118898924293,35577.0
2020-01-31,False,daily,559.32,559.32,546.775,549.22,41916.0,553.2559136992575,553.2559136992575,540.8469252179638,543.2654167952267,41916.0
2020-01-30,False,daily,566.74,567.0,558.62,560.0,132145.0,560.5954668703374,560.8526479787581,552.5635030227404,553.9285412135882,132145.0
2020-01-29,False,daily,581.47,584.23,569.29,569.31,19849.0,575.1657658204734,577.895842202169,563.1178200490779,563.137603211264,19849.0
2020-01-28,False,daily,584.12,587.3979,580.0,584.3,18401.0,577.7870348101449,581.0293961766521,573.7117033997878,577.9650832698206,18401.0
2020-01-27,False,daily,588.19,588.34,581.47,582.76,20913.0,581.8129083150366,581.961282031433,575.1657658204734,576.4417797814833,20913.0
2020-01-24,False,daily,609.89,609.89,593.0,596.8,17723.0,603.277639287063,603.277639287063,586.5707588208176,590.3295596361954,17723.0
2020-01-23,False,daily,614.2,616.48,606.69,608.68,29057.0,607.5409107381892,609.7961912274159,600.1123333372711,602.080757974798,29057.0
2020-01-22,False,daily,617.57,620.995,613.13,614.53,23053.0,610.8743735665637,614.2622400909504,606.4825115612274,607.8673329142613,23053.0
2020-01-21,False,daily,622.98,622.98,614.89,616.05,18538.0,616.2257189379307,616.2257189379307,608.223429833613,609.3708532404124,18538.0
2020-01-17,False,daily,625.89,625.89,621.47,623.14,24562.0,619.1041690360227,619.1041690360227,614.7320901928726,616.3839842354203,24562.0
2020-01-16,False,daily,618.8,624.06,618.8,624.06,24452.0,612.0910380410149,617.2940096959854,612.0910380410149,617.2940096959854,24452.0
2020-01-15,False,daily,619.38,625.7,615.39,617.69,26227.0,612.6647497444147,618.9162289952538,608.718008888268,610.993072539681,26227.0
2020-01-14,False,daily,623.26,623.26,617.575,619.0,21161.0,616.5026832085375,616.5026832085375,610.8793193571103,612.288869662877,21161.0
2020-01-13,False,daily,616.91,625.37,616.91,624.35,13964.0,610.2215292144191,618.5898068191815,610.2215292144191,617.5808655476853,13964.0
2020-01-10,False,daily,627.4,627.4,612.22,616.38,27092.0,620.5977977810808,620.5977977810808,605.5823776817554,609.6972754164848,27092.0
2020-01-09,False,daily,635.7,635.7,624.48,625.14,26046.0,628.8078100883537,628.8078100883537,617.7094561018956,618.3623004540402,26046.0
2020-01-08,False,daily,633.55,639.99,632.37,634.19,13447.0,626.6811201533371,633.0512983772934,625.5139135843514,627.3141813432956,13447.0
2020-01-07,False,daily,638.3,638.3,632.4,633.65,17431.0,631.3796211725595,631.3796211725595,625.5435883276307,626.7800359642681,17431.0
2020-01-06,False,daily,635.77,639.01,633.89,638.36,22544.0,628.8770511560053,632.0819234301696,627.0174339105025,631.4389706591181,22544.0
2020-01-03,False,daily,634.51,644.725,632.7718,639.27,23320.0,627.6307119382748,637.7349620248762,625.9113573126721,632.3391045385902,23320.0
2020-01-02,False,daily,640.7,648.94,633.97,639.1,17208.0,633.7536006349036,641.9042634556178,627.0965665592473,632.1709476600075,17208.0
