Date,Assets,Net Plant in Service,Gross Utility Plant in Service,Accum Depreciation for Plant Asset,Plant Construction in Progress,Net Nuclear Fuel,Total Utility Plant,Cash & Near Cash Items,Marketable Securities,Restricted Bond Proceeds,Net Accounts Receivable,Supplies And Fuel,Prepaid Expenses,Other Current Assets,Total Current Assets,Decommissioning Funds,Long-Term Investments,Investments in Associated Co.,Other Property & Equipment,Deferred Charges & Others,Total Long Term Assets,Total Assets,Liabilities & Shareholders' Equity,ST Portion of LT Debts,Short Term Debt,Accounts Payable,Other Accounts Payable and Accruals,Other Current Liabilities,Total Current Liabilities,Accum Deferred Income Taxes,Accumulated Deferred ITC,Long-Term Borrowings,Other Liabilities,Total Long-Term Liabilities,Common Stock,Additional Paid in Capital,Retained Earnings & Other Equity,Total Preferred Equity,Minority Interest,Total Equity,Total Capitalization & Liabilities,Source: Bloomberg
03/31/1990,,10274.947266,13665.481445,-3390.533936,254.069,402.466003,10931.482422,956.245972,0.0,7.872,229.024002,335.946014,85.614998,108.135002,1722.838013,90.516998,,,0.0,1916.484009,2007.001007,14661.321289,,236.675003,0.667,275.730011,380.697998,344.358002,1238.128052,1644.916016,58.518002,6379.450195,524.776978,8607.661133,1006.434021,1542.623047,1599.796021,666.679016,0.0,4815.531921,14661.321289,
06/30/1990,,10210.061523,13685.205078,-3475.143066,279.671997,384.23999,10873.973633,954.567993,0.0,16.143999,303.627991,344.113007,80.177002,126.706001,1825.33606,98.263,,,0.0,1920.41394,2018.676941,14717.987305,,262.897003,0.667,292.563995,359.705994,331.721985,1247.55603,1677.390991,51.146,6337.028809,525.052002,8590.61792,996.75,1527.805054,1695.020996,660.237,0.0,4879.812927,14717.987305,
09/30/1990,,10252.880859,13828.830078,-3575.948975,235.679001,383.761993,10872.322266,985.848999,0.0,16.183001,402.713989,333.769989,79.213997,154.423004,1972.152954,98.974998,,,0.0,1873.119019,1972.094017,14816.569336,,534.086975,0.723,288.484985,391.842987,323.307007,1538.444946,1769.463013,72.651001,6088.269043,532.307007,8462.689941,940.049988,1440.936035,1780.927979,653.52002,0.0,4815.434082,14816.569336,
12/31/1990,,10249.149414,13912.435547,-3663.287109,305.889008,373.015991,10928.053711,752.585022,282.243011,14.067,266.806,337.201996,81.634003,136.651001,1871.187988,72.599998,0.0,,27.021,1932.531006,2032.152004,14831.393555,,540.939026,0.667,366.311005,379.410004,312.346008,1599.672974,1671.577026,170.296997,6072.021973,554.458984,8468.35498,926.286011,1419.883057,1775.0,642.197021,0.0,4763.365967,14831.393555,
03/31/1991,,10200.629883,13943.40625,-3742.775879,332.42099,357.21701,10890.267578,613.588989,332.510986,11.713,248.186996,372.593994,85.834,142.274002,1806.702026,103.051003,,,0.0,1929.458984,2032.509987,14729.480469,,498.414001,0.667,320.140015,388.776001,375.312988,1583.310059,1725.31897,127.042999,6102.23291,485.218994,8439.813965,922.478027,1414.08606,1742.25,627.541992,0.0,4706.355957,14729.480469,
06/30/1991,,10134.796875,13965.03418,-3830.237061,379.32901,326.372009,10840.498047,461.312988,375.230011,24.566999,325.587006,370.65799,102.778,169.093994,1829.227051,109.541,,,0.0,1897.421997,2006.962997,14676.688477,,532.075989,0.667,308.071014,370.153992,368.460999,1579.428955,1761.937988,122.448997,5955.309082,473.177002,8312.873047,913.185974,1399.843018,1803.251953,668.10498,0.0,4784.385986,14676.688477,
09/30/1991,,10223.958008,14143.239258,-3919.281006,263.505005,303.427002,10790.889648,638.780029,223.891998,17.334999,348.114014,372.20401,91.651001,191.442001,1883.417969,118.261002,,,0.0,1819.22998,1937.490982,14611.798828,,222.125,0.667,317.450989,452.261993,381.514008,1374.019043,1780.868042,155.785004,5909.559082,464.54599,8310.758057,905.159973,1387.550049,1932.593994,701.718018,0.0,4927.021973,14611.798828,
12/31/1991,,10216.000977,14216.967773,-4000.967041,305.915985,290.135986,10812.052734,457.346985,131.662994,12.945,257.558014,380.001007,79.623001,158.990005,1478.126953,104.599998,0.0,,47.872002,1940.449951,2092.921951,14383.101562,,396.843994,0.667,367.613007,414.798004,342.484985,1522.406982,1761.407959,195.404007,5492.940918,512.781006,7962.533936,894.046021,1370.526978,1943.297974,690.289978,0.0,4898.16095,14383.101562,
03/31/1992,,10143.845703,14220.148438,-4076.302002,339.858002,265.789001,10749.493164,473.704987,57.792,2.779,247.373993,384.94101,27.948999,223.988998,1418.529053,153.003998,,,0.0,1904.802002,2057.806,14225.828125,,469.027008,0.667,263.200989,405.901001,429.377014,1568.172974,1804.31604,189.056,5365.826172,443.554993,7802.753174,885.223022,1357.032959,1887.131958,725.513977,0.0,4854.902039,14225.828125,
06/30/1992,,10114.050781,14283.624023,-4169.573242,364.20401,284.279999,10762.535156,234.082993,31.629,11.887,298.535004,387.55899,83.220001,189.033997,1235.947021,170.298004,,,0.0,1886.737061,2057.035065,14055.516602,,473.889008,0.667,261.162994,351.296997,352.871002,1439.886963,1839.734009,194.563995,5197.796875,439.046997,7671.141846,885.223022,1357.051025,1969.237061,732.97699,0.0,4944.487976,14055.516602,
09/30/1992,,10103.962891,14361.038086,-4257.075195,359.074005,272.0,10735.037109,412.704987,19.375,11.083,347.406006,385.403015,91.419998,196.091003,1463.483032,180.117996,,,0.0,1881.358032,2061.476028,14259.996094,,497.921997,0.667,282.850006,364.306,355.221008,1500.965942,1931.831055,200.526001,5185.234863,441.751007,7759.342773,875.687012,1341.245972,2078.949951,703.804016,0.0,4999.687073,14259.996094,
12/31/1992,,10172.28418,14487.551758,-4315.268066,309.360992,254.298996,10735.944336,379.791992,17.011999,18.739,275.174011,373.002014,74.167999,229.397003,1367.284058,138.5,0.0,,66.667999,1931.140991,2136.30899,14239.537109,,291.252991,0.667,313.053986,669.43103,363.463989,1637.869019,1564.57605,212.753998,5326.456055,513.911987,7617.697998,875.687012,1341.077026,2062.134033,705.072021,0.0,4983.96997,14239.537109,
03/31/1993,,10113.90625,14685.192383,-4571.286133,363.584015,233.649002,10711.138672,409.160004,8.0,5.063,380.45401,370.300995,74.992996,253.917007,1501.887939,132.052002,0.0,,129.113998,2622.934082,2884.100082,15097.126953,,200.408997,0.667,265.019989,670.812012,370.61499,1507.522949,2383.351074,206.190994,5499.170898,534.297974,8623.010986,875.687012,1341.266968,2066.260986,683.377991,0.0,4966.593079,15097.126953,
06/30/1993,,10048.775391,14689.658203,-4640.882812,398.72699,221.524994,10669.027344,316.053009,0.0,20.375,468.515991,372.170013,115.254997,281.463989,1573.833008,140.820007,0.0,,130.970001,2601.708008,2873.498016,15116.358398,,290.406006,1.867,262.894989,274.59201,300.890015,1130.650024,2473.179932,540.544983,5337.387207,559.026001,8910.138184,875.687012,1341.290039,2181.99292,676.599976,0.0,5075.569946,15116.358398,
09/30/1993,,10107.644531,14839.101562,-4731.457031,326.321014,214.279999,10648.246094,563.432007,0.0,24.872999,564.221985,348.376007,62.812,315.847992,1879.562988,147.792007,0.0,,131.330002,2655.9021,2935.024109,15462.833008,,265.882996,0.667,257.278992,357.391998,312.571991,1193.792969,2644.413086,533.708008,5310.250977,556.028992,9044.400879,875.687012,1341.232056,2344.990967,662.729004,0.0,5224.638916,15462.833008,
12/31/1993,,15141.420898,22299.402344,-7157.980957,533.112,347.192993,16021.725586,563.749023,0.0,36.612,590.827026,470.557007,98.143997,415.242004,2175.131104,172.960007,323.863007,,87.764,4095.25293,4679.839944,22876.697266,,516.025024,43.667,413.72699,329.161011,445.196014,1747.776001,3858.336914,793.375,7678.829102,1212.296021,13542.836914,2.312,4223.682129,2310.082031,1050.008057,0.0,7586.084229,22876.697266,
03/31/1994,,15031.579102,22327.634766,-7296.056152,651.028015,346.153992,16028.760742,494.924988,0.0,9.247,503.656006,445.790985,95.959999,424.242004,1973.821045,197.531998,235.546005,,185.612,3893.334961,4512.024963,22514.607422,,556.812988,43.667,310.135986,336.712006,543.773987,1791.102051,3831.035889,777.122986,7620.138184,1105.894043,13334.191406,2.312,4224.207031,2137.037109,1025.758057,0.0,7389.314209,22514.607422,
06/30/1994,,15046.829102,22455.763672,-7408.935059,615.671997,347.843994,16010.344727,415.243011,0.0,46.578999,663.564026,442.845001,103.851997,430.052002,2102.13501,197.559998,240.320007,,188.128006,3962.815918,4588.823929,22701.304688,,479.697998,149.867004,363.042999,341.498993,374.290009,1708.396973,3826.959961,769.776978,7631.34082,1284.657959,13512.73584,2.312,4224.208008,2229.9021,1023.749023,0.0,7480.171143,22701.304688,
09/30/1994,,15254.892578,22818.412109,-7563.52002,442.779999,333.876007,16031.548828,684.028015,0.0,9.854,701.742981,446.957001,96.654999,432.26001,2371.49707,208.362,244.789993,,192.914993,3765.285889,4411.352875,22814.398438,,544.231018,106.865997,373.244995,427.506012,445.713989,1897.562012,3812.61792,762.513,7554.478027,1309.093018,13438.702148,2.3,4201.980957,2267.716064,1006.138,0.0,7478.134827,22814.398438,
12/31/1994,,15104.535156,22744.083984,-7639.548828,476.81601,335.666992,15917.017578,613.906982,0.0,8.074,585.210022,459.166992,98.810997,447.263,2212.431885,207.395004,277.829987,,240.744995,3758.071045,4484.041031,22613.490234,,500.989014,171.867004,471.119995,288.21701,599.757996,2031.95105,3915.137939,649.89801,7367.419922,1297.387939,13229.84375,2.3,4202.133789,2146.361084,1000.901001,0.0,7351.696167,22613.490234,
03/31/1995,,14980.866211,22780.804688,-7799.938965,532.525024,324.934998,15838.326172,575.242981,0.0,6.082,511.828003,474.209015,93.237,427.889008,2088.488037,225.445999,284.510986,,291.031006,3661.113037,4462.101028,22388.914062,,516.364014,133.242004,400.687012,338.001007,665.474976,2053.769043,3893.009033,644.466003,7301.01709,1308.474976,13146.967285,2.3,4199.779785,2009.446045,976.653015,0.0,7188.179138,22388.914062,
06/30/1995,,14939.957031,22897.96875,-7958.01123,529.091003,367.700989,15836.749023,444.82901,0.0,17.447001,703.56897,511.040009,123.526001,474.912994,2275.323975,242.804993,277.446014,,295.445007,3582.897949,4398.593964,22510.667969,,555.789978,68.333,396.40799,358.21701,538.685974,1917.43396,3891.164062,667.289001,7354.203125,1334.465942,13247.12207,2.3,4199.643066,2169.514893,974.653015,0.0,7346.110779,22510.667969,
09/30/1995,,15015.118164,23146.779297,-8131.661133,415.242004,371.704987,15802.06543,719.031982,0.0,5.772,764.11499,499.654999,122.494003,502.760986,2613.829102,256.179993,224.789001,,273.882996,3425.870117,4180.722107,22596.615234,,820.343018,0.648,400.463989,500.162994,475.247986,2196.865967,3892.969971,658.038025,7057.928223,1295.95105,12904.887207,2.3,4201.435059,2329.831055,961.296997,0.0,7494.862915,22596.615234,
12/31/1995,,14975.958984,23235.277344,-8259.318359,482.950012,361.881989,15820.791016,533.590027,0.0,10.884,626.804016,467.497009,164.237,512.228027,2315.23999,277.716003,224.725998,,434.618988,3192.837891,4129.89888,22265.929688,,558.650024,196.807007,460.378998,403.27301,480.989014,2100.0979,3777.644043,612.700989,7080.788086,1268.563965,12739.697266,2.3,4201.48291,2267.937012,954.414978,0.0,7426.135193,22265.929688,
03/31/1996,,15448.753906,23862.019531,-8413.265625,539.411987,364.014008,16352.179688,608.396973,0.0,0.0,637.85498,454.666992,160.296997,566.064026,2427.280029,295.618011,225.130005,,454.571991,3494.4729,4469.792908,23249.253906,,866.367004,322.666992,468.046997,403.437988,564.767029,2625.285889,3631.832031,605.796021,7923.61377,1324.401978,13485.643555,2.3,4201.117188,2000.196045,934.710022,0.0,7138.323059,23249.253906,
06/30/1996,,15425.568359,23989.722656,-8564.155273,541.000977,336.061005,16302.629883,345.651001,0.0,0.0,776.348999,466.888,160.485001,605.119019,2354.491943,305.54599,221.205994,,456.537994,3405.319092,4388.60907,23045.730469,,407.415009,270.691986,509.915985,461.303009,448.64801,2097.974121,3631.0271,600.656006,8124.478027,1268.310059,13624.471191,2.3,4200.882812,2191.163086,928.940002,0.0,7323.286194,23045.730469,
09/30/1996,,15424.518555,24123.916016,-8699.397461,464.888,337.519989,16226.926758,607.427002,0.0,0.0,832.802979,468.442993,129.809998,606.739014,2645.221924,318.088013,218.246002,,459.489014,3276.11792,4271.940948,23144.089844,,506.509003,120.692001,429.018005,615.369019,380.338989,2051.927002,3649.398926,594.968994,7918.09082,1327.027954,13489.486816,2.315,4240.038086,2367.38208,992.940979,0.0,7602.676086,23144.089844,
12/31/1996,,15458.170898,24343.742188,-8885.572266,401.675995,363.276001,16223.123047,388.703003,0.0,0.0,676.116028,479.225006,151.311996,667.177002,2362.532959,357.962006,216.082001,,572.111023,3234.48291,4380.63794,22966.294922,,496.907013,20.686001,554.557983,383.765015,426.651001,1882.567017,3770.76001,607.640991,7838.164062,1298.30603,13514.871093,2.345,4320.59082,2317.979004,927.940979,0.0,7568.856018,22966.294922,
03/31/1997,,17525.789062,26571.384766,-9045.595703,411.694,342.519012,18280.001953,618.249023,0.0,0.0,1031.154053,498.179993,190.884003,656.689026,2995.156006,375.933014,211.524002,,581.046021,4704.900879,5873.403915,27148.5625,,564.408997,567.810974,511.661011,565.838013,515.002014,2724.720947,4674.949219,602.79303,9699.712891,1791.02002,16768.475098,2.378,4410.325195,2331.471924,911.190979,0.0,7655.366028,27148.5625,
06/30/1997,,17423.841797,26710.041016,-9286.199219,472.444,335.306,18231.591797,687.52002,0.0,0.0,1021.414001,471.897003,216.617996,674.650024,3072.099121,399.718994,212.223999,,572.018982,4495.344238,5679.306213,26982.996094,,539.835999,400.467987,746.60199,547.507996,382.313995,2616.728027,4733.063965,598.221008,9785.217773,1502.279053,16618.781738,2.407,4477.899902,2359.989014,907.190979,0.0,7747.487122,26982.996094,
09/30/1997,,17412.802734,26890.123047,-9477.321289,391.523987,325.769012,18130.095703,861.765015,0.0,0.0,1140.302979,430.914001,171.345993,689.401978,3293.72998,425.221008,215.039993,,640.481995,4405.606934,5686.34993,27110.175781,,443.243011,387.229004,793.625,848.281006,507.904999,2980.282959,4575.808105,592.924988,9633.333008,1653.119019,16455.185059,2.434,4546.563965,2230.019043,895.690979,0.0,7674.708069,27110.175781,
12/31/1997,,17225.275391,26810.296875,-9585.021484,565.666992,341.885986,18132.828125,830.546997,0.0,0.0,1038.279053,487.200989,171.391006,643.903992,3171.322021,589.049988,36.984001,,794.768982,4275.74707,5696.550041,27000.699219,,558.374023,428.963989,915.799988,574.758972,324.154999,2802.052002,4567.051758,587.781006,9304.325195,1857.514038,16316.672363,2.461,4613.571777,2077.48291,1188.459961,0.0,7881.976074,27000.699219,
03/31/1998,,17205.919922,27004.736328,-9798.817383,627.359985,316.125,18149.404297,989.036011,0.0,0.0,881.075012,498.122986,180.871002,514.344971,3063.449951,626.356018,36.300999,,811.883972,4354.430176,5828.971165,27041.826172,,680.666016,602.117981,714.244995,642.530029,379.917999,3019.477051,4578.36377,574.866028,9226.495117,1904.456055,16284.181152,2.466,4625.591797,1923.900024,1186.209961,0.0,7738.168091,27041.826172,
06/30/1998,,17036.390625,27042.623047,-10006.232422,766.786011,338.894989,18142.072266,773.335999,0.0,0.0,1022.094971,507.411011,215.281998,656.705994,3174.830078,649.578003,35.693001,,837.697021,4333.507812,5856.475838,27173.378906,,468.216003,622.609009,893.453979,714.528992,265.256012,2964.063965,4539.503906,569.518982,8977.086914,2200.445068,16286.554688,2.467,4627.647949,2110.434082,1182.209961,0.0,7922.759277,27173.378906,
09/30/1998,,17055.8125,27261.128906,-10205.316406,811.872009,314.020996,18181.705078,808.161011,0.0,0.0,1145.271973,485.98999,170.600006,864.06897,3474.092041,641.27002,35.162998,,751.549011,4286.47998,5714.462009,27370.259766,,462.518005,414.052002,1197.56604,896.950989,213.212006,3184.299072,4502.105957,572.11499,9175.667969,1855.571045,16105.459961,2.468,4629.098145,2270.724121,1178.209961,0.0,8080.5,27370.259766,
12/31/1998,,14105.018555,24180.970703,-10075.951172,911.278015,312.285004,15328.582031,1184.494995,0.0,0.0,1672.389038,465.082001,114.886002,218.425003,3655.2771,709.018005,34.617001,,779.262024,2341.26709,3864.16412,22848.023438,,431.490997,296.790009,522.072021,470.535004,228.945007,1949.833008,3581.636963,565.744019,6816.826172,1955.964966,12920.172363,2.468,4630.608887,2473.962891,870.978027,0.0,7978.018066,22848.023438,
03/31/1999,,13966.860352,24230.630859,-10263.780273,1069.234985,360.016998,15396.110352,1086.354004,0.0,0.0,1534.939941,478.989014,181.141998,325.756012,3607.180908,739.515991,34.054001,,595.984009,2476.539062,3846.093063,22849.380859,,663.747009,160.673004,496.480011,462.549011,231.048004,2014.496948,3574.129883,568.278015,6664.716797,2134.318115,12941.442871,2.469,4631.040039,2463.603027,796.33197,0.0,7893.443787,22849.380859,
06/30/1999,,13657.019531,24389.140625,-10732.129883,1159.064941,354.843994,15170.929688,1085.734009,0.0,0.0,1595.870972,492.589996,137.953995,771.182983,4083.332031,769.299011,287.567993,,223.367004,2549.239014,3829.473022,23083.730469,,411.296997,236.839996,1020.650024,694.828979,153.423996,2517.040039,3362.763916,529.981018,6711.475098,1944.234985,12548.455078,2.47,4632.525879,2588.937012,794.304016,0.0,8018.237122,23083.730469,
09/30/1999,,13743.129883,24546.919922,-10803.790039,1140.618042,395.625,15279.370117,1344.397949,0.0,0.0,1129.151001,510.187012,128.733002,371.687012,3484.156006,1248.780029,501.528992,,496.307007,2387.686035,4634.302063,23397.830078,,492.699005,0.665,757.742981,820.669006,255.115997,2326.89209,3417.815918,524.351013,6737.230957,2286.011963,12965.410156,2.47,4634.412109,2675.538086,793.104004,0.0,8105.523926,23397.830078,
12/31/1999,,13625.969727,24524.630859,-10898.661133,1500.616943,374.169006,15500.755859,1213.718994,321.351013,0.0,579.440002,465.634003,78.567001,545.273987,3203.985107,1246.022949,214.716995,0.214,317.165009,2487.080078,4265.199031,22969.939453,,372.802002,120.714996,707.677979,574.705017,371.514008,2147.414062,3310.340088,519.909973,6818.046875,2281.721924,12930.019043,2.471,4636.163086,2480.768066,773.10498,0.0,7892.506836,22969.939453,
03/31/2000,,13521.980469,24602.230469,-11080.25,1769.202026,379.130005,15670.30957,1679.994019,0.0,6.102,522.424011,511.359009,138.427994,474.066986,3332.374023,1247.407959,31.625,0.214,585.703979,2494.587891,4359.538829,23362.230469,,351.937988,350.716003,591.132019,598.10498,394.742004,2286.633057,3276.922119,513.008972,7070.453125,2448.051025,13308.435059,2.472,4636.474121,2357.602051,770.611023,0.0,7767.158875,23362.230469,
06/30/2000,,13533.700195,24782.070312,-11248.370117,1960.516968,372.093994,15866.30957,1793.095947,23.1,3.978,1025.286011,481.052002,101.795998,452.847992,3881.156006,1284.301025,264.441986,0.214,349.335999,2678.514893,4576.807903,24324.279297,,369.574005,435.716003,796.559998,733.981018,471.549011,2807.379883,3224.429932,506.141998,7556.476074,2677.074951,13964.123047,2.472,4636.407227,2293.282959,620.611023,0.0,7552.772888,24324.279297,
09/30/2000,,13622.849609,25026.119141,-11403.269531,1938.654053,352.683014,15914.19043,1233.088989,21.896999,,972.651001,483.885986,77.285004,960.645996,3749.454102,1354.785034,300.69101,0.214,353.066986,2354.706055,4363.463084,24027.099609,,583.08197,1.036,866.586975,929.388977,553.536011,2933.629883,3188.680908,500.229004,7288.594238,2424.043945,13401.54834,2.472,4636.811035,2436.751953,615.890015,0.0,7691.925171,24027.099609,
12/31/2000,,15073.68,26551.04,-11477.35,936.785,435.276,16445.75,797.588,0.0,584.836,1298.801,519.036,122.69,635.064,3958.015,1315.857,79.917,136.487,262.952,3252.922,5048.135,25451.9,,621.122,388.023,1204.227,623.844,600.935,3438.151,3249.083,494.315,7933.966,2717.27,14394.634,2.481,4660.483,2340.701,615.446,0.0,7619.111,25451.9,
03/31/2001,,15249.61,26895.13,-11645.52,743.421,452.991,16446.03,1029.831,0.0,0.0,1084.322,579.987,79.573,594.359,3368.072,1330.343,220.399,499.247,286.997,3040.676,5377.662,25191.76,,984.824,623.019,712.965,658.794,608.188,3587.79,3282.199,488.509,7557.588,2597.625,13925.921,2.482,4663.923,2398.196,613.447,0.0,7678.048,25191.76,
06/30/2001,,15189.59,26915.19,-11725.6,910.677,450.725,16550.99,687.948,0.0,10.747,1118.934,547.556,124.922,576.589,3066.696,1346.003,477.183,573.647,288.522,3063.798,5749.153,25366.84,,984.125,485.519,641.371,868.163,575.371,3554.549,3307.492,482.702,7483.25,2643.608,13917.052,2.482,4661.334,2620.553,610.872,0.0,7895.241,25366.84,
09/30/2001,,15561.72,27349.34,-11787.62,897.709,478.87,16938.3,224.293,926.39,1.193,1124.751,576.515,90.06,413.509,3356.711,1781.661,493.261,641.466,292.857,2677.382,5886.627,26181.63,,756.65,1051.018,594.32,1108.429,594.943,4105.36,3398.899,476.895,7388.294,2729.428,13993.516,2.482,4662.762,2841.642,575.872,0.0,8082.758,26181.63,
12/31/2001,,15509.25,27314.83,-11805.58,882.829,497.851,16889.93,748.193,150.0,3.38,830.895,558.141,205.097,260.824,2756.53,1775.95,495.542,766.103,295.616,2930.641,6263.852,25910.31,,832.123,351.018,592.529,742.553,586.926,3105.149,3974.664,471.09,7502.113,2825.753,14773.62,2.482,4662.704,2790.834,575.522,0.0,8031.542,25910.31,
03/31/2002,,15405.13,27366.52,-11961.39,1008.507,475.66,16889.3,762.876,0.0,0.419,755.889,575.872,94.754,268.99,2458.8,1773.676,441.85,677.211,294.845,2974.175,6161.757,25509.86,,719.476,407.351,523.016,990.692,394.299,3034.834,3410.282,465.29,7490.564,3341.233,14707.369,2.482,4663.931,2766.903,334.337,0.0,7767.653,25509.86,
06/30/2002,,15442.46,27565.35,-12122.89,1238.512,521.61,17202.58,730.66,0.0,0.0,999.624,573.367,120.481,274.645,2698.777,1761.487,424.245,706.7,293.869,2913.68,6099.981,26001.34,,1242.578,685.351,584.762,900.542,484.394,3897.627,3387.719,459.499,6981.778,3284.34,14113.336,2.482,4666.754,2986.805,334.337,0.0,7990.378,26001.34,
09/30/2002,,15631.07,27906.39,-12275.32,1275.323,549.944,17456.34,948.528,0.0,0.318,1069.029,612.378,94.724,225.453,2950.43,2032.368,295.765,756.682,293.773,2991.64,6370.228,26776.99,,1117.475,15.351,662.261,995.011,391.756,3181.854,3410.943,453.712,7675.038,3901.11,15440.803,2.482,4666.953,3150.564,334.337,0.0,8154.336,26776.99,
12/31/2002,,15439.02,27746.13,-12307.11,1232.891,523.042,17194.95,1335.048,0.0,0.28,859.684,622.367,166.827,221.377,3205.583,2069.198,270.889,824.209,297.294,3085.844,6547.434,26947.97,,1345.142,0.351,855.446,560.755,410.495,3172.189,4250.8,447.925,7482.269,3422.212,15603.206,2.482,4666.753,3169.002,334.337,0.0,8172.574,26947.97,
03/31/2003,,15782.96,27886.96,-12104.0,1311.331,570.018,17664.31,377.452,0.0,0.003,902.443,645.99,164.484,410.94,2501.312,2045.377,441.047,969.086,296.307,3483.351,7235.168,27400.79,,713.95,60.351,608.537,510.233,470.337,2363.408,4432.146,442.524,7651.329,3934.95,16460.949,2.482,4674.51,3565.105,334.337,0.0,8576.434,27400.79,
06/30/2003,,15766.987305,28032.447266,-12265.459961,1590.926025,542.083984,17899.996094,1077.598022,0.0,0.183,1128.67395,668.799011,157.733002,513.414001,3546.400879,2196.535889,453.627014,975.906982,239.404999,3520.587891,7386.062775,28832.460938,,930.002014,0.351,701.689026,436.053009,449.480988,2517.575928,4565.753906,430.908997,8257.650391,4231.742188,17486.055664,2.482,4690.151855,3801.858887,334.337006,0.0,8828.829681,28832.460938,
09/30/2003,,15865.34,28325.46,-12460.12,1647.084,532.132,18044.55,577.382,18.818,0.162,1187.1,676.913,143.371,437.653,3041.399,2191.59,441.581,1097.083,238.624,3512.998,7481.876,28567.83,,725.292,0.351,573.259,611.656,442.46,2353.018,4581.436,425.812,7842.205,4260.024,17109.477,2.482,4696.598,4071.918,334.337,0.0,9105.335,28567.83,
12/31/2003,,16404.71,29024.34,-12619.63,1380.982,513.104,18298.8,691.925,50.0,0.308,1003.799,659.403,127.27,386.539,2919.244,2278.533,152.681,1053.328,262.384,3589.243,7336.169,28554.21,,684.35,0.351,796.572,364.529,436.421,2282.223,4779.513,420.248,7497.69,4536.541,17233.992,2.482,4767.615,3933.561,334.337,0.0,9037.995,28554.21,
03/31/2004,,16586.07,29296.47,-12710.4,1205.13,525.623,18316.82,874.963,0.0,0.0,991.052,676.644,152.683,339.977,3035.319,2391.04,95.635,1136.43,261.415,3525.7,7410.22,28762.36,,689.381,4.45,626.563,320.228,455.937,2096.559,4929.74,414.991,7588.28,4509.773,17442.784,2.482,4792.17,4094.03,334.337,0.0,9223.019,28762.36,
06/30/2004,,16707.98,29609.18,-12901.2,1196.03,527.246,18431.26,585.698,0.0,0.0,1188.18,687.293,143.848,410.56,3015.579,2343.12,96.994,1126.92,264.158,3591.51,7422.702,28869.54,,320.412,110.348,834.342,294.243,604.805,2164.15,5010.67,409.734,7742.58,4463.997,17626.981,2.482,4819.04,3922.55,334.337,0.0,9078.409,28869.54,
09/30/2004,,16657.279297,29756.679688,-13099.400391,1276.920044,544.546021,18478.740234,587.841003,0.0,0.0,1346.280029,698.192017,171.097,285.852997,3089.262939,2379.560059,97.153,1141.060059,222.942001,3529.199951,7369.91507,28937.919922,,584.101013,110.273003,786.437012,384.55899,533.091003,2398.460938,5242.299805,404.480988,7375.310059,4342.439941,17364.530762,2.482,4818.850098,4019.26001,334.337006,0.0,9174.929047,28937.919922,
03/31/2005,,16866.955,30197.085,-13330.13,1290.83,620.357,18778.142,479.402,476.95,0.0,1070.245,701.911,207.1,221.658,3157.266,2476.143,128.714,192.333,223.765,3470.538,6491.493,28426.901,,624.185,0.118,718.118,387.681,539.397,2269.499,5069.208,394.142,7635.225,4678.803,17777.378,2.482,4826.797,3185.408,365.337,0.0,8380.024,28426.901,
06/30/2005,,17289.056,30720.325,-13431.269,1082.681,607.639,18979.376,614.69,0.0,0.0,1361.215,693.38,117.862,391.767,3178.914,2543.275,106.042,168.04,224.545,3380.959,6422.861,28581.151,,510.548,0.043,871.244,363.599,500.95,2246.384,5097.025,389.468,8029.177,4473.304,17988.974,2.482,4845.037,3102.591,395.683,0.0,8345.793,28581.151,
09/30/2005,,16770.38,29671.948,-12901.568,1495.789,640.52,18906.689,598.031,0.0,0.0,1907.453,727.046,153.136,689.492,4075.158,2571.109,104.769,337.874,223.015,3748.128,6984.895,29966.742,,235.275,40.041,1812.601,383.722,743.902,3215.541,5092.319,381.118,8590.013,4482.687,18546.137,2.482,4839.81,3016.306,346.466,0.0,8205.064,29966.742,
12/31/2005,,16964.699,29975.386,-13010.687,1524.085,708.261,19197.045,221.773,361.047,0.0,1628.861,817.127,325.795,708.079,4062.682,2606.765,107.107,296.784,228.833,4358.441,7597.93,30857.657,,234.399,40.041,1655.787,343.014,839.125,3112.366,5282.759,376.55,9013.448,4878.289,19551.046,2.482,4817.637,2928.152,445.974,0.0,8194.245,30857.657,
03/31/2006,,17537.219,30712.101,-13174.882,1090.723,682.291,19310.233,752.386,0.0,0.0,1243.903,799.055,93.246,395.514,3284.104,2658.192,107.981,295.872,235.323,4624.341,7921.709,30516.046,,242.351,0.041,965.229,362.12,692.613,2262.354,5551.039,372.084,9086.305,4685.134,19694.562,2.482,4816.037,3219.702,520.909,0.0,8559.13,30516.046,
06/30/2006,,17814.281,31037.844,-13223.563,836.016,657.695,19307.992,728.934,0.0,0.0,1262.796,798.402,133.389,378.453,3301.974,2637.784,65.12,307.817,219.507,4723.479,7953.707,30563.673,,245.134,0.041,984.941,345.201,658.087,2233.404,5625.264,367.618,9156.759,4626.658,19776.299,2.482,4817.628,3388.967,344.893,0.0,8553.97,30563.673,
09/30/2006,,17829.361,31243.257,-13413.896,815.266,710.844,19355.471,745.028,0.0,0.0,1376.369,797.413,89.291,178.233,3186.334,2748.771,63.619,323.007,213.179,4667.273,8015.849,30557.654,,245.135,0.041,869.185,412.25,610.333,2136.944,5958.146,363.05,8808.449,4387.77,19517.415,2.482,4818.892,3736.886,345.035,0.0,8903.295,30557.654,
12/31/2006,,17821.154,31536.253,-13715.099,786.147,830.776,19438.077,1016.152,0.0,0.0,1180.226,798.096,171.759,159.201,3325.434,2858.523,66.464,229.089,212.726,4952.418,8319.22,31082.731,,334.822,25.039,1122.596,390.067,592.606,2465.13,5820.7,358.55,8996.62,4898.931,20074.801,2.482,4827.265,3368.14,344.913,0.0,8542.8,31082.731,
03/31/2007,,17891.015,31774.763,-13883.748,778.9,868.394,19538.309,1080.023,0.0,0.0,1106.36,814.639,131.377,163.709,3296.108,2905.58,41.777,233.52,210.285,4921.263,8312.425,31146.842,,425.128,25.039,812.018,173.73,652.538,2088.453,6142.823,354.102,9423.696,4953.797,20874.418,2.482,4831.803,3004.771,344.915,0.0,8183.971,31146.842,
06/30/2007,,19061.224,33751.478,-14690.254,855.149,918.128,20834.501,1320.222,0.0,0.0,1237.003,874.636,172.733,432.244,4036.838,3223.901,90.138,79.063,210.848,4939.438,8543.388,33414.727,,424.624,25.039,997.247,182.079,861.064,2490.053,6170.259,352.634,10485.925,5763.873,22772.691,2.482,4841.059,2943.968,364.474,0.0,8151.983,33414.727,
09/30/2007,,,,,,,,,,,,,,,,,,,,,,,,,,,,,,,,,,,,,,,,,,
12/31/2007,,18892.315,33999.884,-15107.569,1054.833,1027.122,20974.27,1273.001,0.0,0.0,1176.232,900.96,129.001,479.053,3958.247,3307.636,90.277,78.992,220.204,5013.376,8710.485,33643.002,,1149.372,25.037,1031.3,222.763,828.282,3256.754,6379.679,343.539,9948.573,5540.624,22212.415,2.482,4850.769,3009.42,311.162,0.0,8173.833,33643.002,
03/31/2008,,19150.809,34460.193,-15309.384,981.999,1058.684,21191.492,915.706,0.0,0.0,1185.44,935.655,271.861,637.584,3946.246,3219.238,74.487,76.247,225.021,5032.036,8627.029,33764.767,,1063.441,25.037,1040.823,189.1,887.842,3206.243,6402.82,339.045,10203.363,5629.08,22574.308,2.482,4853.837,2816.831,311.066,0.0,7984.216,33764.767,
06/30/2008,,19229.145,34686.719,-15457.574,1026.306,1038.84,21294.291,1086.421,0.0,0.0,1392.876,946.017,268.505,1044.176,4737.995,3154.962,176.5,76.959,224.536,5028.098,8661.055,34693.341,,549.248,175.037,1388.805,174.927,1164.213,3452.23,6306.393,334.552,11043.295,5923.047,23607.287,2.482,4860.481,2459.842,311.019,0.0,7633.824,34693.341,
09/30/2008,,19494.973,35236.346,-15741.373,1453.227,1103.947,22052.147,2555.888,0.0,0.0,1441.416,983.685,246.185,659.79,5886.964,3002.792,309.587,78.116,232.213,4896.145,8518.853,36457.964,,369.284,25.034,1919.113,215.574,790.352,3319.357,6764.567,330.058,12261.417,5494.619,24850.661,2.482,4864.968,3109.473,311.023,0.0,8287.946,36457.964,
12/31/2008,,19614.166,35544.679,-15930.513,1712.761,1102.187,22429.114,1920.491,0.0,0.0,1198.135,992.315,247.184,802.264,5160.389,2832.243,107.939,66.247,231.115,5789.771,9027.315,36616.818,,706.853,55.034,1475.745,308.808,1219.454,3765.894,6565.77,325.57,11517.382,6164.581,24573.303,2.482,4869.303,3094.807,311.029,0.0,8277.621,36616.818,
03/31/2009,,19969.234,36234.399,-16265.165,1561.23,1089.213,22619.677,1802.958,0.0,0.0,994.985,1016.055,362.48,688.888,4865.366,2718.689,110.89,63.624,230.566,6003.775,9127.544,36612.587,,738.062,80.034,874.068,250.66,1311.293,3254.117,6796.949,321.276,11215.692,6083.116,24417.033,2.548,5370.446,3257.412,311.031,0.0,8941.437,36612.587,
06/30/2009,,20157.617,36582.896,-16425.279,1566.268,1095.285,22819.17,1280.907,0.0,0.0,1095.384,1019.288,351.89,682.597,4430.066,2894.147,113.193,67.775,239.028,5921.841,9235.984,36485.22,,970.386,55.034,949.758,269.519,1256.522,3501.219,6955.214,316.982,10484.874,6149.407,23906.477,2.548,5375.265,3388.661,311.05,0.0,9077.524,36485.22,
09/30/2009,,20352.031,36949.569,-16597.538,1504.699,1109.537,22966.267,1130.78,0.0,0.0,1082.415,1022.42,258.235,472.953,3966.803,3142.309,115.926,68.634,224.555,5685.841,9237.265,36170.335,,1120.709,55.031,818.349,336.642,1043.463,3374.194,7150.319,312.688,10346.268,6194.296,24003.571,2.548,5369.474,3111.325,309.223,0.0,8792.57,36170.335,
12/31/2009,,20574.735,37441.124,-16866.389,1547.319,1267.348,23389.402,1709.551,0.0,0.0,980.827,1022.557,386.04,435.186,4534.161,3211.183,120.273,39.58,247.664,6019.69,9638.39,37561.953,,924.453,30.031,998.228,247.314,993.971,3193.997,7662.798,308.395,11059.971,6412.089,25443.253,2.548,5370.042,3240.77,311.343,0.0,8924.703,37561.953,
03/31/2010,,20630.83,37607.018,-16976.188,1667.72,1240.445,23538.995,1657.034,0.0,0.0,936.998,1036.894,733.669,368.025,4732.62,3330.681,111.34,39.651,247.296,6108.819,9837.787,38109.402,,802.809,175.498,877.093,217.053,987.328,3059.781,7906.361,304.132,11173.354,6494.974,25878.821,2.548,5373.424,3484.107,310.721,0.0,9170.8,38109.402,
06/30/2010,,20549.807,37745.494,-17195.687,1679.226,1262.635,23491.668,1335.524,0.0,0.0,1166.155,1038.196,467.802,354.845,4362.522,3206.9,112.313,38.239,254.222,6286.21,9897.884,37752.074,,592.886,203.974,976.74,212.507,820.397,2806.504,8003.988,299.892,11056.324,6503.904,25864.108,2.548,5377.119,3391.071,310.724,0.0,9081.462,37752.074,
09/30/2010,,20659.325,38007.959,-17348.634,1643.58,1267.551,23570.456,1930.919,0.0,0.0,1217.205,1045.718,500.29,353.331,5047.463,3421.626,404.284,38.058,253.29,5933.03,10050.288,38668.207,,592.135,167.915,1009.194,231.017,913.925,2914.186,8146.036,296.1,11487.386,6782.011,26711.533,2.548,5367.091,3362.113,310.736,0.0,9042.488,38668.207,
12/31/2010,,20808.833,38283.747,-17474.914,1661.56,1377.962,23848.355,1294.472,0.0,0.0,1035.582,1074.428,246.036,688.565,4339.083,3595.716,405.946,40.697,257.847,6197.632,10497.838,38685.276,,302.936,154.135,1181.099,257.547,880.532,2776.249,8573.646,292.33,11359.235,6876.678,27101.889,2.548,5367.474,3126.378,310.738,0.0,8807.138,38685.276,
03/31/2011,,20898.673,38580.822,-17682.149,1764.437,1532.579,24195.689,726.237,0.0,0.0,932.137,1086.626,253.265,779.321,3777.586,3733.078,408.933,40.171,260.133,6182.976,10625.291,38598.566,,212.116,183.079,986.307,258.174,671.068,2310.744,8759.164,288.591,11622.505,6771.682,27441.942,2.548,5366.518,3166.072,310.742,0.0,8845.88,38598.566,
06/30/2011,,21387.86,39307.011,-17919.151,1799.906,1451.087,24638.853,529.858,0.0,0.0,1203.102,1082.323,237.252,810.607,3863.142,3775.026,927.658,44.172,260.614,5620.296,10627.766,39129.761,,131.661,130.795,1044.217,218.515,717.216,2242.404,8867.158,284.852,12097.545,6729.491,27979.046,2.548,5366.132,3228.886,310.745,0.0,8908.311,39129.761,
09/30/2011,,21490.732,39614.533,-18123.801,1904.313,1403.982,24799.027,987.14,,,1248.373,1075.467,227.851,615.667,4154.498,3566.111,413.686,43.934,258.967,5925.275,10207.973,39161.498,,2025.988,144.871,882.651,204.948,902.885,4161.343,8403.453,281.112,10281.334,6758.146,25724.045,2.548,5362.959,3599.855,310.748,0.0,9276.11,39161.498,
12/31/2011,,22283.395,40538.523,-18255.128,1779.723,1546.167,25609.285,694.438,,,1001.868,1096.888,291.742,537.767,3622.703,3788.031,416.423,44.876,260.436,6959.945,11469.711,40701.699,,2196.364,108.331,1069.096,505.778,1071.13,4950.699,8096.452,284.747,10082.134,8045.886,26509.219,2.548,5360.682,3598.04,280.511,,9241.781,40701.699,
03/31/2012,,22062.573,40455.447,-18392.874,2025.005,1499.219,25586.797,685.002,0.0,0.0,829.063,1118.978,452.042,391.252,3476.337,4039.319,419.661,45.769,259.867,7102.474,11867.09,40930.224,,318.967,141.113,916.248,386.311,1148.015,2910.654,8163.494,282.14,12158.576,8220.59,28824.8,2.548,5352.256,3559.456,280.51,0.0,9194.77,40930.224,
06/30/2012,,22907.471,41471.168,-18563.697,1582.583,1505.692,25995.746,283.393,0.0,0.0,1037.45,1134.238,367.736,380.683,3203.5,4015.377,405.494,45.319,259.352,6992.817,11718.359,40917.605,,424.142,103.716,1035.834,488.664,989.587,3041.943,7963.476,280.041,12005.448,8316.191,28565.156,2.548,5356.475,3670.973,280.51,0.0,9310.506,40917.605,
09/30/2012,,22920.744,41651.934,-18731.19,1965.524,1545.263,26431.531,749.719,0.0,0.0,1147.28,1136.396,371.686,402.669,3807.75,4175.825,409.025,47.758,259.525,6892.266,11784.399,42023.68,,791.527,356.172,1362.702,532.495,881.372,3924.268,8173.216,276.413,11783.684,8395.067,28628.38,2.548,5353.519,3834.455,280.51,0.0,9471.032,42023.68,
12/31/2012,,24334.416,43233.258,-18898.842,1365.699,1598.43,27298.545,532.569,0.0,0.0,1001.715,1142.361,242.922,763.559,3683.126,4190.108,436.234,46.738,256.039,7291.712,12220.831,43202.502,,722.396,796.002,1217.18,614.283,756.46,4106.321,8311.756,273.696,11954.859,9078.27,29618.581,2.548,5357.852,3836.689,280.511,0.0,9477.6,43202.502,
03/31/2013,,24288.192,43356.099,-19067.907,1413.897,1607.352,27309.441,262.931,0.0,0.0,1031.56,1147.081,225.385,655.916,3322.873,4452.707,188.473,45.977,260.068,7213.434,12160.659,42792.973,,634.117,1073.888,1036.122,549.57,602.723,3896.42,8348.976,270.912,11763.11,9019.968,29402.966,2.548,5349.885,3860.643,280.511,0.0,9493.587,42792.973,
06/30/2013,,24364.383,43708.856,-19344.473,1573.328,1634.366,27572.077,311.372,0.0,0.0,1222.433,1142.869,263.287,651.761,3591.722,4466.62,183.609,41.491,260.609,7146.157,12098.486,43262.285,,528.733,1090.124,1170.405,550.079,644.613,3983.954,8339.892,268.128,12128.154,8987.129,29723.303,2.548,5355.753,3916.216,280.511,0.0,9555.028,43262.285,
09/30/2013,,24408.136,43956.819,-19548.683,1599.127,1560.176,27567.439,365.332,0.0,0.0,1267.759,1103.528,247.585,505.386,3489.59,4627.774,185.959,44.418,260.076,7148.87,12267.097,43324.126,,208.977,1106.039,900.131,540.469,683.412,3439.028,8330.667,266.547,12308.306,9290.616,30196.136,2.548,5362.424,4043.479,280.511,0.0,9688.962,43324.126,
12/31/2013,,24799.883,44243.376,-19443.493,1514.857,1566.904,27881.644,739.126,0.0,0.0,1172.186,1123.964,303.564,590.851,3929.691,4903.144,210.616,40.35,199.375,6241.626,11595.111,43406.446,,459.418,1046.887,1173.313,439.509,941.445,4060.572,8724.635,263.765,12171.367,8248.881,29408.648,2.548,5368.131,4261.787,304.76,0.0,9937.226,43406.446,
03/31/2014,,24799.226,44490.052,-19690.826,1645.58,1563.851,28008.657,908.483,0.0,0.0,1128.192,1119.274,424.751,612.616,4193.316,4991.062,167.569,39.37,199.251,6277.544,11674.796,43876.769,,425.034,1204.846,1145.591,324.568,817.422,3917.461,8876.125,260.714,12230.249,8339.032,29706.12,2.548,5350.632,4595.248,304.76,0.0,10253.188,43876.769,
06/30/2014,,24908.422,44881.207,-19972.785,1668.324,1532.498,28109.244,650.068,0.0,0.0,1232.949,1109.815,600.755,651.546,4245.133,5164.746,138.063,38.333,198.727,6256.501,11796.37,44150.747,,685.079,1039.349,1159.726,386.125,857.79,4128.069,8986.343,258.419,11967.093,8443.595,29655.45,2.548,5358.395,4701.525,304.76,0.0,10367.228,44150.747,
09/30/2014,,24824.649,45095.649,-20271.0,1913.757,1550.732,28289.138,1068.509,0.0,0.0,1313.383,1109.029,281.796,491.822,4264.539,5179.952,408.539,39.756,201.943,6157.782,11987.972,44541.649,,1116.506,891.445,1104.105,440.401,901.11,4453.567,9063.086,257.036,11665.016,8649.149,29634.287,2.548,5367.768,4778.719,304.76,0.0,10453.795,44541.649,
12/31/2014,,25754.91,46204.768,-20449.858,1425.981,1542.055,28722.946,1422.026,0.0,0.0,1103.255,1124.018,343.223,397.111,4389.633,5370.932,405.169,36.234,213.791,7389.149,13415.275,46527.854,,901.883,598.407,1166.431,392.112,790.058,3848.891,9133.161,247.521,12529.819,10455.977,32366.478,2.548,5375.353,4629.824,304.76,0.0,10312.485,46527.854,
03/31/2015,,25896.841,46559.07,-20662.229,1387.574,1523.612,28808.027,1180.546,0.0,0.0,1067.907,1157.829,304.108,429.595,4139.985,5452.95,407.639,34.864,218.235,7315.833,13429.521,46377.533,,899.434,808.419,941.596,282.412,833.564,3765.425,9158.586,251.616,12336.591,10426.576,32173.369,2.548,5351.69,4779.741,304.76,0.0,10438.739,46377.533,
06/30/2015,,26027.066,46943.453,-20916.387,1349.863,1480.973,28857.902,910.37,0.0,0.0,998.431,1150.604,446.877,578.768,4085.05,5389.376,409.86,34.634,217.115,7271.714,13322.699,46265.651,,797.383,939.985,1013.026,353.773,894.204,3998.371,9190.368,249.345,12120.424,10244.187,31804.324,2.548,5362.333,4793.315,304.76,0.0,10462.956,46265.651,
09/30/2015,,25202.462,46078.035,-20875.573,1424.863,1359.226,27986.551,1040.598,0.0,0.0,1142.155,1094.52,400.113,439.96,4117.346,5191.092,474.19,36.684,217.756,7017.986,12937.708,45041.605,,281.371,782.022,1042.173,462.566,885.694,3453.826,8693.338,247.001,13080.244,10199.311,32219.894,2.548,5378.947,3775.63,210.76,0.0,9367.885,45041.605,
12/31/2015,,25022.204,45811.656,-20789.452,1456.735,1345.422,27824.361,1350.961,0.0,0.0,890.536,1091.167,344.872,389.876,4067.412,5349.953,468.704,4.341,219.999,6712.911,12755.908,44647.681,,217.083,494.348,1071.798,467.155,839.574,3089.958,8306.865,234.3,13138.557,10303.025,31982.747,2.548,5403.758,3850.485,318.185,0.0,9574.976,44647.681,
03/31/2016,,26252.434,47586.095,-21333.661,1426.671,1302.903,28982.008,1091.651,0.0,0.0,822.653,1100.577,541.624,444.69,4001.195,5451.729,490.232,4.653,221.431,6782.634,12950.679,45933.882,,799.494,766.079,888.349,423.9,961.526,3839.348,8467.757,231.61,13526.43,10189.605,32415.402,2.548,5384.762,3973.637,318.185,0.0,9679.132,45933.882,
06/30/2016,,26564.879,47957.76,-21392.881,1258.37,1246.43,29069.679,996.099,0.0,0.0,932.49,1112.197,292.835,518.307,3851.928,5555.651,469.791,4.845,225.996,6699.152,12955.435,45877.042,,674.547,1024.888,967.08,464.943,890.385,4021.843,8183.048,228.917,13137.639,10229.623,31779.227,2.548,5392.546,4362.693,318.185,0.0,10075.972,45877.042,
09/30/2016,,26706.677,48504.907,-21798.23,1451.492,1170.956,29329.125,1307.434,0.0,0.0,1153.179,1107.179,285.792,486.451,4340.035,5671.074,473.964,0.717,223.008,7700.258,14069.021,47738.181,,752.943,433.363,1063.139,480.351,721.951,3451.747,8510.946,228.757,13886.66,11357.824,33984.187,2.548,5403.987,4662.527,233.185,0.0,10302.247,47738.181,
12/31/2016,,25505.328,46223.967,-20718.639,1378.18,1037.899,27921.407,1187.844,0.0,0.0,1011.748,878.123,193.448,413.105,3684.268,5723.897,469.664,0.198,233.641,7871.359,14298.759,45904.434,,367.323,415.011,1285.577,445.285,686.9,3200.096,7495.29,227.147,14492.237,12204.67,34419.344,2.548,5417.245,2662.016,203.185,0.0,8284.994,45904.434,
03/31/2017,,25580.891,46423.922,-20843.031,1594.449,998.013,28173.353,1083.062,0.0,0.0,851.444,854.402,208.363,400.22,3397.491,6669.326,451.715,0.198,243.683,6382.44,13747.362,45318.206,,336.43,1323.39,1149.498,368.907,700.818,3879.043,7561.382,224.338,13950.777,11442.292,33178.789,2.548,5398.079,2656.562,203.185,0.0,8260.374,45318.206,
06/30/2017,,25867.168,46962.307,-21095.139,1741.867,958.19,28567.225,934.495,0.0,0.0,982.151,869.077,252.791,560.83,3599.344,6796.911,453.705,0.198,247.363,6342.291,13840.468,46007.037,,705.296,1248.969,1165.699,434.321,686.245,4240.53,7246.612,221.449,14330.938,11393.467,33192.466,2.548,5409.862,2958.446,203.185,0.0,8574.041,46007.037,
09/30/2017,,25863.609,47243.709,-21380.1,2191.32,905.837,28960.766,546.291,0.0,0.0,1161.014,878.636,366.324,518.966,3471.231,6982.928,447.349,0.198,252.621,6283.349,13966.445,46398.442,,871.25,1352.688,1105.038,494.031,637.864,4460.871,7538.63,219.892,14000.305,11285.322,33044.149,2.548,5420.608,3267.081,203.185,0.0,8893.422,46398.442,
12/31/2017,,26760.652,48361.076,-21600.424,1980.508,923.2,29664.36,781.273,0.0,0.0,1043.573,905.865,156.333,398.287,3285.331,7211.993,441.862,0.198,260.98,5842.425,13757.458,46707.149,,761.509,1578.308,1452.216,474.551,769.623,5036.207,4466.503,219.634,14337.274,14457.213,33480.624,2.548,5433.433,2556.534,197.803,0.0,8190.318,46707.149,
03/31/2018,,26897.121,48598.836,-21701.715,2347.66,857.893,30102.674,1205.596,0.0,0.0,918.762,940.581,231.946,358.849,3655.734,7115.686,433.868,0.198,289.074,5684.291,13523.117,47281.525,,1261.427,805.131,1260.718,400.24,1505.156,5232.672,4452.168,217.502,15613.26,13593.181,33876.111,2.548,5417.263,2555.132,197.799,0.0,8172.742,47281.525,
06/30/2018,,27086.094,48903.602,-21817.508,2559.79,866.229,30512.113,812.787,0.0,0.0,1108.382,926.651,249.645,436.985,3534.45,7217.298,434.066,0.198,294.548,5629.976,13576.086,47622.649,,1018.35,1984.103,1459.432,454.37,1315.818,6232.073,4434.308,215.369,14878.949,13641.718,33170.344,2.548,5429.404,2590.509,197.771,0.0,8220.232,47622.649,
09/30/2018,,27413.065,49470.935,-22057.87,2832.826,846.845,31092.736,987.981,0.0,0.0,1200.431,880.686,248.107,377.341,3694.546,7444.346,436.527,0.198,302.784,5500.035,13683.89,48471.172,,736.475,1946.677,1392.114,494.521,1180.776,5750.563,4427.744,213.237,15801.714,13667.431,34110.126,2.548,5441.696,2968.468,197.771,0.0,8610.483,48471.172,
12/31/2018,,28224.535,50327.636,-22103.101,2888.639,861.272,31974.446,480.975,0.0,0.0,946.683,870.147,234.326,425.933,2958.064,6920.164,437.265,0.0,304.382,5680.745,13342.556,48275.066,,651.626,1942.339,1496.058,508.673,844.848,5443.544,4107.152,213.101,15538.681,13908.881,33767.815,2.616,5951.431,2890.258,219.402,0.0,9063.707,48275.066,
03/31/2019,,28572.089,50770.858,-22198.769,3289.734,790.398,32652.221,983.496,0.0,0.0,916.416,893.412,205.322,409.13,3407.776,6877.865,439.849,,551.215,5676.455,13545.384,49605.381,,214.721,1942.322,1406.327,445.019,852.694,4861.083,4252.292,527.866,17394.406,13379.94,35554.504,2.616,5920.183,3047.568,219.427,0.0,9189.794,49605.381,
06/30/2019,,30109.503,52532.417,-22422.914,2678.681,756.551,33544.735,635.909,0.0,0.0,1104.141,917.718,267.303,358.437,3283.508,7069.264,443.639,0.0,558.366,5666.233,13737.502,50565.745,,213.072,1635.462,1412.607,464.156,797.311,4522.608,4391.25,518.721,17439.899,13676.337,36026.207,2.7,6539.533,3255.27,219.427,0.0,10016.93,50565.745,
09/30/2019,,30542.473,53238.359,-22695.886,2871.054,707.198,34120.725,955.831,0.0,0.0,1205.824,935.546,258.695,305.776,3661.672,6128.647,448.14,,562.704,5584.38,12723.871,50506.268,,583.842,1917.788,1328.631,500.072,772.713,5103.046,4552.456,206.837,17175.67,13178.787,35113.75,2.7,6553.009,3479.352,254.411,0.0,10289.472,50506.268,
12/31/2019,,31682.221,54818.577,-23136.356,2823.291,677.181,35182.693,425.722,0.0,0.0,988.722,970.465,283.645,377.438,3045.992,6404.03,496.452,0.0,566.864,6027.881,13495.227,51723.912,,847.69,1946.727,1499.861,493.768,832.417,5620.463,4401.19,207.113,17259.982,13757.079,35625.364,2.7,6564.436,3656.539,254.41,0.0,10478.085,51723.912,
03/31/2020,,32654.775,56077.626,-23422.851,2469.13,657.216,35781.121,1463.833,0.0,0.0,963.705,998.72,268.201,279.492,3973.951,5778.285,460.569,,335.314,6225.789,12799.957,52555.029,,1230.015,1941.816,1502.392,440.681,903.035,6017.939,4384.494,205.041,18228.528,13240.675,36058.738,2.7,6510.683,3710.584,254.385,0.0,10478.352,52555.029,
06/30/2020,,33526.695,57054.094,-23527.399,2143.909,636.538,36307.142,935.468,0.0,0.0,1057.717,1036.308,243.021,274.482,3546.996,6486.595,462.612,0.0,337.849,6224.108,13511.164,53365.302,,1205.015,1946.219,1509.355,536.779,918.533,6115.901,4538.706,202.981,18278.358,13548.958,36569.003,2.7,6524.33,3898.958,254.41,0.0,10680.398,53365.302,
