date,intraperiod,frequency,open,high,low,close,volume,adj_open,adj_high,adj_low,adj_close,adj_volume
1970-12-31,False,daily,57.0,57.5,56.25,57.0,6100.0,0.410097209214061,0.4136945531545352,0.40470119330334964,0.410097209214061,292800.0
1970-12-30,False,daily,58.0,58.25,57.0,57.0,15800.0,0.4172918970950094,0.41909056906524655,0.410097209214061,0.410097209214061,758400.0
1970-12-29,False,daily,57.75,58.25,57.62,58.0,7800.0,0.4154932251247723,0.41909056906524655,0.41455791570024897,0.4172918970950094,374400.0
1970-12-28,False,daily,57.62,57.88,57.37,57.75,6600.0,0.41455791570024897,0.4164285345492956,0.4127592437300119,0.4154932251247723,316800.0
1970-12-24,False,daily,57.25,57.88,57.25,57.62,9800.0,0.4118958811842981,0.4164285345492956,0.4118958811842981,0.41455791570024897,470400.0
1970-12-23,False,daily,56.5,57.12,56.0,57.12,8700.0,0.4064998652735868,0.4109605717597748,0.40290252133311255,0.4109605717597748,417600.0
1970-12-22,False,daily,57.25,57.25,55.75,56.5,22400.0,0.4118958811842981,0.4118958811842981,0.4011038493628754,0.4064998652735868,1075200.0
1970-12-21,False,daily,57.88,58.0,57.0,57.25,12100.0,0.4164285345492956,0.4172918970950094,0.410097209214061,0.4118958811842981,580800.0
1970-12-18,False,daily,57.75,58.0,56.5,57.88,11100.0,0.4154932251247723,0.4172918970950094,0.4064998652735868,0.4164285345492956,532800.0
1970-12-17,False,daily,58.25,58.25,57.5,57.75,21900.0,0.41909056906524655,0.41909056906524655,0.4136945531545352,0.4154932251247723,1051200.0
1970-12-16,False,daily,56.75,58.25,56.75,58.25,19900.0,0.40829853724382387,0.41909056906524655,0.40829853724382387,0.41909056906524655,955200.0
1970-12-15,False,daily,54.62,56.5,54.5,56.38,11000.0,0.3929738520574037,0.4064998652735868,0.39211048951168986,0.405636502727873,528000.0
1970-12-14,False,daily,54.75,55.38,54.5,54.62,38700.0,0.393909161481927,0.39844181484692454,0.39211048951168986,0.3929738520574037,1857600.0
1970-12-11,False,daily,56.25,56.25,54.62,54.75,23900.0,0.40470119330334964,0.40470119330334964,0.3929738520574037,0.393909161481927,1147200.0
1970-12-10,False,daily,56.63,57.25,56.0,56.5,20900.0,0.4074351746981101,0.4118958811842981,0.40290252133311255,0.4064998652735868,1003200.0
1970-12-09,False,daily,56.38,57.0,56.38,56.63,52200.0,0.405636502727873,0.410097209214061,0.405636502727873,0.4074351746981101,2505600.0
1970-12-08,False,daily,56.25,56.5,55.5,56.25,17500.0,0.40470119330334964,0.4064998652735868,0.3993051773926383,0.40470119330334964,840000.0
1970-12-07,False,daily,57.0,57.25,56.0,56.25,18600.0,0.410097209214061,0.4118958811842981,0.40290252133311255,0.40470119330334964,892800.0
1970-12-04,False,daily,57.5,57.5,56.5,57.0,40000.0,0.4136945531545352,0.4136945531545352,0.4064998652735868,0.410097209214061,1920000.0
1970-12-03,False,daily,58.62,59.0,57.0,57.5,58900.0,0.4217526035811974,0.42448658497595787,0.410097209214061,0.4136945531545352,2827200.0
1970-12-02,False,daily,58.0,58.87,58.0,58.62,15600.0,0.4172918970950094,0.42355127555143457,0.4172918970950094,0.4217526035811974,748800.0
1970-12-01,False,daily,58.75,59.25,57.75,58.0,9700.0,0.42268791300572073,0.42628525694619496,0.4154932251247723,0.4172918970950094,465600.0
1970-11-30,False,daily,59.0,59.38,58.62,58.75,22500.0,0.42448658497595787,0.42722056637071826,0.4217526035811974,0.42268791300572073,1080000.0
1970-11-27,False,daily,57.25,59.0,57.0,59.0,13700.0,0.4118958811842981,0.42448658497595787,0.410097209214061,0.42448658497595787,657600.0
1970-11-25,False,daily,56.75,57.25,56.75,57.25,10200.0,0.40829853724382387,0.4118958811842981,0.40829853724382387,0.4118958811842981,489600.0
1970-11-24,False,daily,56.25,57.0,56.25,56.75,90600.0,0.40470119330334964,0.410097209214061,0.40470119330334964,0.40829853724382387,4348800.0
1970-11-23,False,daily,56.5,56.75,56.0,56.0,10900.0,0.4064998652735868,0.40829853724382387,0.40290252133311255,0.40290252133311255,523200.0
1970-11-20,False,daily,56.25,56.5,55.87,56.5,8200.0,0.40470119330334964,0.4064998652735868,0.40196721190858925,0.4064998652735868,393600.0
1970-11-19,False,daily,56.0,56.5,55.75,56.25,10800.0,0.40290252133311255,0.4064998652735868,0.4011038493628754,0.40470119330334964,518400.0
1970-11-18,False,daily,56.5,56.5,55.25,56.0,16600.0,0.4064998652735868,0.4064998652735868,0.39750650542240124,0.40290252133311255,796800.0
1970-11-17,False,daily,56.25,57.0,56.25,56.63,14700.0,0.40470119330334964,0.410097209214061,0.40470119330334964,0.4074351746981101,705600.0
1970-11-16,False,daily,56.88,57.0,56.0,56.0,20400.0,0.40923384666834717,0.410097209214061,0.40290252133311255,0.40290252133311255,979200.0
1970-11-13,False,daily,57.25,57.25,56.75,56.88,14000.0,0.4113082979015816,0.4113082979015816,0.40771608569283413,0.4086500608671085,672000.0
1970-11-12,False,daily,57.75,57.75,57.0,57.25,7300.0,0.414900510110329,0.414900510110329,0.4095121917972079,0.4113082979015816,350400.0
1970-11-11,False,daily,58.25,59.25,57.75,58.0,21900.0,0.41849272231907647,0.4256771467365713,0.414900510110329,0.4166966162147027,1051200.0
1970-11-10,False,daily,58.5,58.75,57.75,58.25,7600.0,0.42028882842345017,0.42208493452782386,0.414900510110329,0.41849272231907647,364800.0
1970-11-09,False,daily,58.87,59.0,58.25,58.5,12900.0,0.42294706545792327,0.4238810406321976,0.41849272231907647,0.42028882842345017,619200.0
1970-11-06,False,daily,59.25,59.25,58.25,58.87,19000.0,0.4256771467365713,0.4256771467365713,0.41849272231907647,0.42294706545792327,912000.0
1970-11-05,False,daily,57.5,59.75,57.5,59.25,17400.0,0.4131044040059553,0.42926935894531876,0.4131044040059553,0.4256771467365713,835200.0
1970-11-04,False,daily,57.12,58.25,57.12,57.5,11100.0,0.41037432272730723,0.41849272231907647,0.41037432272730723,0.4131044040059553,532800.0
1970-11-03,False,daily,56.75,57.25,56.25,56.75,5900.0,0.40771608569283413,0.4113082979015816,0.4041238734840867,0.40771608569283413,283200.0
1970-11-02,False,daily,56.75,56.75,55.75,56.75,15300.0,0.40771608569283413,0.40771608569283413,0.40053166127533923,0.40771608569283413,734400.0
1970-10-30,False,daily,55.62,57.25,55.62,56.75,9900.0,0.3995976861010649,0.4113082979015816,0.3995976861010649,0.40771608569283413,475200.0
1970-10-29,False,daily,55.38,55.87,55.0,55.5,11500.0,0.3978734242408662,0.40139379220543864,0.3951433429622181,0.39873555517096554,552000.0
1970-10-28,False,daily,55.38,55.38,54.0,55.38,12700.0,0.3978734242408662,0.3978734242408662,0.38795891854472325,0.3978734242408662,609600.0
1970-10-27,False,daily,55.87,55.87,55.25,55.75,10400.0,0.40139379220543864,0.40139379220543864,0.39693944906659184,0.40053166127533923,499200.0
1970-10-26,False,daily,55.25,55.87,55.0,55.87,10100.0,0.39693944906659184,0.40139379220543864,0.3951433429622181,0.40139379220543864,484800.0
1970-10-23,False,daily,54.75,55.25,54.62,55.25,8300.0,0.3933472368578444,0.39693944906659184,0.39241326168357005,0.39693944906659184,398400.0
1970-10-22,False,daily,54.5,54.75,54.0,54.75,15600.0,0.39155113075347064,0.3933472368578444,0.38795891854472325,0.3933472368578444,748800.0
1970-10-21,False,daily,55.0,55.0,54.5,54.5,6300.0,0.3951433429622181,0.3951433429622181,0.39155113075347064,0.39155113075347064,302400.0
1970-10-20,False,daily,52.75,55.0,52.75,55.0,7400.0,0.37897838802285466,0.3951433429622181,0.37897838802285466,0.3951433429622181,355200.0
1970-10-19,False,daily,52.75,53.0,52.13,52.13,11700.0,0.37897838802285466,0.38077449412722836,0.3745240448840078,0.3745240448840078,561600.0
1970-10-16,False,daily,54.12,55.0,52.75,52.75,18200.0,0.3888210494748226,0.3951433429622181,0.37897838802285466,0.37897838802285466,873600.0
1970-10-15,False,daily,54.0,54.88,54.0,54.12,15500.0,0.38795891854472325,0.39428121203211874,0.38795891854472325,0.3888210494748226,744000.0
1970-10-14,False,daily,54.0,54.5,54.0,54.0,13700.0,0.38795891854472325,0.39155113075347064,0.38795891854472325,0.38795891854472325,657600.0
1970-10-13,False,daily,52.38,53.5,51.75,53.5,15900.0,0.37632015098838156,0.3843667063359758,0.37179396360535977,0.3843667063359758,763200.0
1970-10-12,False,daily,52.38,52.38,51.0,52.38,7800.0,0.37632015098838156,0.37632015098838156,0.3664056452922386,0.37632015098838156,374400.0
1970-10-09,False,daily,53.5,53.5,52.0,52.62,10600.0,0.3843667063359758,0.3843667063359758,0.37359006970973346,0.37804441284858026,508800.0
1970-10-08,False,daily,55.25,55.25,54.0,54.25,10600.0,0.39693944906659184,0.39693944906659184,0.38795891854472325,0.38975502464909695,508800.0
1970-10-07,False,daily,55.62,55.62,55.0,55.5,16800.0,0.3995976861010649,0.3995976861010649,0.3951433429622181,0.39873555517096554,806400.0
1970-10-06,False,daily,55.25,55.75,55.25,55.75,14000.0,0.39693944906659184,0.40053166127533923,0.39693944906659184,0.40053166127533923,672000.0
1970-10-05,False,daily,53.5,55.0,53.5,55.0,16000.0,0.3843667063359758,0.3951433429622181,0.3843667063359758,0.3951433429622181,768000.0
1970-10-02,False,daily,53.0,53.5,53.0,53.5,18700.0,0.38077449412722836,0.3843667063359758,0.38077449412722836,0.3843667063359758,897600.0
1970-10-01,False,daily,52.75,53.0,52.62,53.0,5600.0,0.37897838802285466,0.38077449412722836,0.37804441284858026,0.38077449412722836,268800.0
1970-09-30,False,daily,52.62,53.25,52.62,52.75,10200.0,0.37804441284858026,0.38257060023160205,0.37804441284858026,0.37897838802285466,489600.0
1970-09-29,False,daily,51.75,52.87,51.0,52.5,24700.0,0.37179396360535977,0.379840518952954,0.3664056452922386,0.3771822819184809,1185600.0
1970-09-28,False,daily,53.5,53.5,51.5,51.75,28900.0,0.3843667063359758,0.3843667063359758,0.369997857500986,0.37179396360535977,1387200.0
1970-09-25,False,daily,52.75,53.75,52.75,53.5,22100.0,0.37897838802285466,0.3861628124403495,0.37897838802285466,0.3843667063359758,1060800.0
1970-09-24,False,daily,51.37,53.0,51.37,52.5,17000.0,0.36906388232671167,0.38077449412722836,0.36906388232671167,0.3771822819184809,816000.0
1970-09-23,False,daily,51.12,52.75,51.12,51.25,11100.0,0.36726777622233797,0.37897838802285466,0.36726777622233797,0.3682017513966123,532800.0
1970-09-22,False,daily,51.5,51.5,50.0,51.12,20300.0,0.369997857500986,0.369997857500986,0.35922122087474373,0.36726777622233797,974400.0
1970-09-21,False,daily,52.75,52.75,51.88,52.0,7800.0,0.37897838802285466,0.37897838802285466,0.3727279387796341,0.37359006970973346,374400.0
1970-09-18,False,daily,52.5,53.0,52.25,52.75,8900.0,0.3771822819184809,0.38077449412722836,0.3753861758141072,0.37897838802285466,427200.0
1970-09-17,False,daily,51.75,52.87,51.5,52.5,15200.0,0.37179396360535977,0.379840518952954,0.369997857500986,0.3771822819184809,729600.0
1970-09-16,False,daily,50.5,52.5,50.25,51.75,21800.0,0.3628134330834912,0.3771822819184809,0.3610173269791174,0.37179396360535977,1046400.0
1970-09-15,False,daily,51.88,51.88,50.5,50.5,12700.0,0.3727279387796341,0.3727279387796341,0.3628134330834912,0.3628134330834912,609600.0
1970-09-14,False,daily,52.5,53.0,51.12,52.38,17100.0,0.3771822819184809,0.38077449412722836,0.36726777622233797,0.37632015098838156,820800.0
1970-09-11,False,daily,52.87,52.87,51.75,52.5,7000.0,0.379840518952954,0.379840518952954,0.37179396360535977,0.3771822819184809,336000.0
1970-09-10,False,daily,52.87,52.87,51.5,52.87,16200.0,0.379840518952954,0.379840518952954,0.369997857500986,0.379840518952954,777600.0
1970-09-09,False,daily,52.62,54.0,52.62,53.5,18200.0,0.37804441284858026,0.38795891854472325,0.37804441284858026,0.3843667063359758,873600.0
1970-09-08,False,daily,51.5,52.5,50.75,52.25,14000.0,0.369997857500986,0.3771822819184809,0.3646095391878649,0.3753861758141072,672000.0
1970-09-04,False,daily,50.25,51.5,50.25,51.5,17500.0,0.3610173269791174,0.369997857500986,0.3610173269791174,0.369997857500986,840000.0
1970-09-03,False,daily,48.25,51.37,48.25,50.25,25400.0,0.3466484781441277,0.36906388232671167,0.3466484781441277,0.3610173269791174,1219200.0
1970-09-02,False,daily,49.25,49.25,48.25,48.25,14200.0,0.3538329025616226,0.3538329025616226,0.3466484781441277,0.3466484781441277,681600.0
1970-09-01,False,daily,48.88,49.25,48.88,49.25,9300.0,0.3511746655271495,0.3538329025616226,0.3511746655271495,0.3538329025616226,446400.0
1970-08-31,False,daily,49.0,49.25,48.62,48.62,5900.0,0.35203679645724884,0.3538329025616226,0.3493067151786008,0.3493067151786008,283200.0
1970-08-28,False,daily,48.25,49.0,47.75,49.0,21100.0,0.3466484781441277,0.35203679645724884,0.34305626593538024,0.35203679645724884,1012800.0
1970-08-27,False,daily,48.5,48.75,48.25,48.25,7700.0,0.34844458424850144,0.35024069035287514,0.3466484781441277,0.3466484781441277,369600.0
1970-08-26,False,daily,49.5,49.5,48.25,48.5,4600.0,0.3556290086659963,0.3556290086659963,0.3466484781441277,0.34844458424850144,220800.0
1970-08-25,False,daily,49.0,49.5,48.25,49.5,10600.0,0.35203679645724884,0.3556290086659963,0.3466484781441277,0.3556290086659963,508800.0
1970-08-24,False,daily,48.5,49.5,48.5,49.0,21600.0,0.34844458424850144,0.3556290086659963,0.34844458424850144,0.35203679645724884,1036800.0
1970-08-21,False,daily,45.5,48.0,45.5,47.75,23300.0,0.3268913109960168,0.344852372039754,0.3268913109960168,0.34305626593538024,1118400.0
1970-08-20,False,daily,45.12,46.25,44.5,45.5,17000.0,0.3241612297173687,0.33227962930913796,0.3197068865785219,0.3268913109960168,816000.0
1970-08-19,False,daily,45.12,46.25,45.12,45.12,13000.0,0.3241612297173687,0.33227962930913796,0.3241612297173687,0.3241612297173687,624000.0
1970-08-18,False,daily,45.0,46.25,45.0,45.12,15700.0,0.32329909878726937,0.33227962930913796,0.32329909878726937,0.3241612297173687,753600.0
1970-08-17,False,daily,43.38,43.75,42.75,43.5,23100.0,0.3116603312309277,0.3143185682654008,0.3071341438479059,0.312522462161027,1108800.0
1970-08-14,False,daily,43.87,43.87,43.13,43.38,20800.0,0.3146021205829338,0.3146021205829338,0.3092954059891027,0.31108821497350514,998400.0
1970-08-13,False,daily,45.37,45.37,43.5,44.25,38200.0,0.32535897448934825,0.32535897448934825,0.3119487632860183,0.3173271902392255,1833600.0
1970-08-12,False,daily,45.37,46.0,45.37,45.37,6000.0,0.32535897448934825,0.32987685313004234,0.32535897448934825,0.32535897448934825,288000.0
1970-08-11,False,daily,45.5,45.75,45.0,45.25,17700.0,0.32629123516123754,0.3280840441456399,0.3227056171924327,0.3244984261768351,849600.0
1970-08-10,False,daily,47.12,47.12,45.5,45.5,14000.0,0.3379086373801651,0.3379086373801651,0.32629123516123754,0.32629123516123754,672000.0
1970-08-07,False,daily,47.63,48.12,47.12,47.38,16900.0,0.341565967708346,0.3450798733177747,0.3379086373801651,0.3397731587239436,811200.0
1970-08-06,False,daily,47.5,48.0,47.5,47.63,9800.0,0.34063370703645673,0.34421932500526153,0.34063370703645673,0.341565967708346,470400.0
1970-08-05,False,daily,48.0,48.5,47.25,47.38,13200.0,0.34421932500526153,0.34780494297406633,0.33884089805205436,0.3397731587239436,633600.0
1970-08-04,False,daily,48.25,48.25,47.5,48.0,11300.0,0.34601213398966396,0.34601213398966396,0.34063370703645673,0.34421932500526153,542400.0
1970-08-03,False,daily,49.25,49.25,47.38,48.5,17000.0,0.35318336992727356,0.35318336992727356,0.3397731587239436,0.34780494297406633,816000.0
1970-07-31,False,daily,49.25,49.75,49.25,49.38,10100.0,0.35318336992727356,0.35676898789607836,0.35318336992727356,0.35411563059916285,484800.0
1970-07-30,False,daily,49.62,49.87,49.0,49.25,11300.0,0.35583672722418913,0.3576295362085915,0.3513905609428712,0.35318336992727356,542400.0
1970-07-29,False,daily,48.75,50.0,48.75,49.62,6800.0,0.34959775195846876,0.3585617968804808,0.34959775195846876,0.35583672722418913,326400.0
1970-07-28,False,daily,47.5,48.75,47.5,48.5,16100.0,0.34063370703645673,0.34959775195846876,0.34063370703645673,0.34780494297406633,772800.0
1970-07-27,False,daily,48.37,48.37,47.25,47.25,9100.0,0.3468726823021771,0.3468726823021771,0.33884089805205436,0.33884089805205436,436800.0
1970-07-24,False,daily,49.13,49.13,48.5,48.5,13900.0,0.3523228216147604,0.3523228216147604,0.34780494297406633,0.34780494297406633,667200.0
1970-07-23,False,daily,49.5,50.25,49.0,49.25,37600.0,0.354976178911676,0.36035460586488316,0.3513905609428712,0.35318336992727356,1804800.0
1970-07-22,False,daily,49.75,50.12,49.5,49.5,39000.0,0.35676898789607836,0.35942234519299393,0.354976178911676,0.354976178911676,1872000.0
1970-07-21,False,daily,49.87,50.38,49.75,49.75,37500.0,0.3576295362085915,0.36128686653677244,0.35676898789607836,0.35676898789607836,1800000.0
1970-07-20,False,daily,49.5,50.5,49.5,49.87,25500.0,0.354976178911676,0.3621474148492856,0.354976178911676,0.3576295362085915,1224000.0
1970-07-17,False,daily,48.25,49.5,48.25,49.5,17700.0,0.34601213398966396,0.354976178911676,0.34601213398966396,0.354976178911676,849600.0
1970-07-16,False,daily,48.0,48.62,47.75,47.75,15900.0,0.34421932500526153,0.3486654912865795,0.34242651602085916,0.34242651602085916,763200.0
1970-07-15,False,daily,47.63,48.5,47.63,48.0,19000.0,0.341565967708346,0.34780494297406633,0.341565967708346,0.34421932500526153,912000.0
1970-07-14,False,daily,47.63,48.0,46.87,47.5,11500.0,0.341565967708346,0.34421932500526153,0.33611582839576265,0.34063370703645673,552000.0
1970-07-13,False,daily,48.12,49.13,47.63,47.63,8400.0,0.3450798733177747,0.3523228216147604,0.341565967708346,0.341565967708346,403200.0
1970-07-10,False,daily,47.0,48.5,47.0,48.12,7000.0,0.33704808906765193,0.34780494297406633,0.33704808906765193,0.3450798733177747,336000.0
1970-07-09,False,daily,46.75,48.0,46.75,47.0,8900.0,0.3352552800832495,0.34421932500526153,0.3352552800832495,0.33704808906765193,427200.0
1970-07-08,False,daily,45.0,46.62,44.88,46.5,8500.0,0.3227056171924327,0.3343230194113603,0.32184506887991954,0.33346247109884714,408000.0
1970-07-07,False,daily,46.75,47.25,45.0,45.0,19100.0,0.3352552800832495,0.33884089805205436,0.3227056171924327,0.3227056171924327,916800.0
1970-07-06,False,daily,46.25,47.38,46.25,46.75,14000.0,0.3316696621144447,0.3397731587239436,0.3316696621144447,0.3352552800832495,672000.0
1970-07-02,False,daily,46.75,46.87,46.13,46.13,4500.0,0.3352552800832495,0.33611582839576265,0.33080911380193156,0.33080911380193156,216000.0
1970-07-01,False,daily,46.62,46.75,46.0,46.75,19200.0,0.3343230194113603,0.3352552800832495,0.32987685313004234,0.3352552800832495,921600.0
1970-06-30,False,daily,46.0,47.75,46.0,46.62,8700.0,0.32987685313004234,0.34242651602085916,0.32987685313004234,0.3343230194113603,417600.0
1970-06-29,False,daily,46.0,46.38,45.12,46.0,5900.0,0.32987685313004234,0.332601922786334,0.3235661655049458,0.32987685313004234,283200.0
1970-06-26,False,daily,46.62,46.75,45.25,46.0,10100.0,0.3343230194113603,0.3352552800832495,0.3244984261768351,0.32987685313004234,484800.0
1970-06-25,False,daily,46.62,48.0,46.5,46.62,8100.0,0.3343230194113603,0.34421932500526153,0.33346247109884714,0.3343230194113603,388800.0
1970-06-24,False,daily,47.25,47.25,46.0,46.62,11100.0,0.33884089805205436,0.33884089805205436,0.32987685313004234,0.3343230194113603,532800.0
1970-06-23,False,daily,48.5,48.5,47.0,47.25,14900.0,0.34780494297406633,0.34780494297406633,0.33704808906765193,0.33884089805205436,715200.0
1970-06-22,False,daily,49.0,49.75,47.0,49.0,8200.0,0.3513905609428712,0.35676898789607836,0.33704808906765193,0.3513905609428712,393600.0
1970-06-19,False,daily,50.0,50.75,49.0,49.0,25800.0,0.3585617968804808,0.363940223833688,0.3513905609428712,0.3513905609428712,1238400.0
1970-06-18,False,daily,49.0,50.0,48.5,50.0,11600.0,0.3513905609428712,0.3585617968804808,0.34780494297406633,0.3585617968804808,556800.0
1970-06-17,False,daily,50.0,50.0,48.25,49.0,20300.0,0.3585617968804808,0.3585617968804808,0.34601213398966396,0.3513905609428712,974400.0
1970-06-16,False,daily,47.0,50.75,47.0,50.0,19000.0,0.33704808906765193,0.363940223833688,0.33704808906765193,0.3585617968804808,912000.0
1970-06-15,False,daily,45.75,46.75,45.5,46.5,7800.0,0.3280840441456399,0.3352552800832495,0.32629123516123754,0.33346247109884714,374400.0
1970-06-12,False,daily,45.75,46.0,45.25,45.75,14500.0,0.3280840441456399,0.32987685313004234,0.3244984261768351,0.3280840441456399,696000.0
1970-06-11,False,daily,44.88,45.88,44.5,45.75,13100.0,0.32184506887991954,0.3290163048175292,0.3191199992236279,0.3280840441456399,628800.0
1970-06-10,False,daily,45.0,45.88,44.88,44.88,15500.0,0.3227056171924327,0.3290163048175292,0.32184506887991954,0.32184506887991954,744000.0
1970-06-09,False,daily,45.25,45.37,44.0,45.0,13600.0,0.3244984261768351,0.32535897448934825,0.3155343812548231,0.3227056171924327,652800.0
1970-06-08,False,daily,44.88,45.37,43.75,45.25,10900.0,0.32184506887991954,0.32535897448934825,0.31374157227042065,0.3244984261768351,523200.0
1970-06-05,False,daily,46.0,46.0,44.63,44.88,16600.0,0.32987685313004234,0.32987685313004234,0.32005225989551717,0.32184506887991954,796800.0
1970-06-04,False,daily,46.38,47.88,46.0,46.0,40600.0,0.332601922786334,0.3433587766927484,0.32987685313004234,0.32987685313004234,1948800.0
1970-06-03,False,daily,44.5,46.38,44.12,46.38,24700.0,0.3191199992236279,0.332601922786334,0.3163949295673362,0.332601922786334,1185600.0
1970-06-02,False,daily,45.0,45.5,43.75,44.5,24800.0,0.3227056171924327,0.32629123516123754,0.31374157227042065,0.3191199992236279,1190400.0
1970-06-01,False,daily,43.5,45.0,43.25,45.0,32400.0,0.3119487632860183,0.3227056171924327,0.31015595430161585,0.3227056171924327,1555200.0
1970-05-29,False,daily,41.0,43.5,40.5,43.5,39000.0,0.29402067344199423,0.3119487632860183,0.29043505547318943,0.3119487632860183,1872000.0
1970-05-28,False,daily,40.25,41.25,39.75,41.0,66000.0,0.288642246488787,0.29581348242639666,0.2850566285199822,0.29402067344199423,3168000.0
1970-05-27,False,daily,38.5,40.25,38.5,40.25,41700.0,0.2760925835979702,0.288642246488787,0.2760925835979702,0.288642246488787,2001600.0
1970-05-26,False,daily,39.25,39.5,37.25,37.38,32000.0,0.2814710105511774,0.28326381953557983,0.2671285386759582,0.26806079934784743,1536000.0
1970-05-25,False,daily,42.0,42.0,39.25,39.25,35800.0,0.30119190937960383,0.30119190937960383,0.2814710105511774,0.2814710105511774,1718400.0
1970-05-22,False,daily,42.5,43.25,41.0,42.25,16200.0,0.3047775273484087,0.31015595430161585,0.29402067344199423,0.30298471836400626,777600.0
1970-05-21,False,daily,43.5,43.5,41.63,42.5,39200.0,0.3113592073903679,0.3113592073903679,0.29797434031404635,0.30420152446185367,1881600.0
1970-05-20,False,daily,44.75,45.0,44.12,44.12,11300.0,0.32030631105101065,0.32209573178313916,0.3157969708060467,0.3157969708060467,542400.0
1970-05-19,False,daily,47.25,47.5,44.75,44.75,13700.0,0.33820051837229614,0.3399899391044247,0.32030631105101065,0.32030631105101065,657600.0
1970-05-18,False,daily,48.5,48.5,47.25,47.25,3900.0,0.3471476220329389,0.3471476220329389,0.33820051837229614,0.33820051837229614,187200.0
1970-05-15,False,daily,135.0,140.0,135.0,140.0,4700.0,0.32209573178313916,0.3340252033306629,0.32209573178313916,0.3340252033306629,676800.0
1970-05-14,False,daily,135.13,135.25,132.0,133.75,7600.0,0.3224058980433748,0.32269220536051535,0.314938048854625,0.3191133638962583,1094400.0
1970-05-13,False,daily,135.5,135.5,134.75,135.13,2500.0,0.32328867893789154,0.32328867893789154,0.321499258205763,0.3224058980433748,360000.0
1970-05-12,False,daily,135.0,138.5,134.75,136.0,5300.0,0.32209573178313916,0.33044636186640575,0.321499258205763,0.3244816260926439,763200.0
1970-05-11,False,daily,136.62,136.62,135.0,135.0,4900.0,0.32596088056453687,0.32596088056453687,0.32209573178313916,0.32209573178313916,705600.0
1970-05-08,False,daily,140.5,141.5,137.5,138.5,6400.0,0.33521815048541526,0.33760404479491996,0.32806046755690105,0.33044636186640575,921600.0
1970-05-07,False,daily,139.0,141.0,139.0,140.5,7900.0,0.3316393090211581,0.3364110976401676,0.3316393090211581,0.33521815048541526,1137600.0
1970-05-06,False,daily,136.25,138.5,136.25,138.5,8100.0,0.3250780996700201,0.33044636186640575,0.3250780996700201,0.33044636186640575,1166400.0
1970-05-05,False,daily,137.25,137.25,136.25,136.25,6600.0,0.32746399397952486,0.32746399397952486,0.3250780996700201,0.3250780996700201,950400.0
1970-05-04,False,daily,140.5,140.5,137.75,137.75,4000.0,0.33521815048541526,0.33521815048541526,0.3286569411342772,0.3286569411342772,576000.0
1970-05-01,False,daily,143.0,143.0,142.0,142.25,2200.0,0.3411828862591771,0.3411828862591771,0.33879699194967233,0.3393934655270485,316800.0
1970-04-30,False,daily,142.0,145.0,142.0,143.0,3700.0,0.33879699194967233,0.34595467487818654,0.33879699194967233,0.3411828862591771,532800.0
1970-04-29,False,daily,137.0,142.0,134.5,142.0,17600.0,0.32686752040214867,0.33879699194967233,0.32090278462838684,0.33879699194967233,2534400.0
1970-04-28,False,daily,137.75,138.0,137.0,137.0,4700.0,0.3286569411342772,0.32925341471165337,0.32686752040214867,0.32686752040214867,676800.0
1970-04-27,False,daily,139.13,139.13,137.5,137.75,4900.0,0.33194947528139374,0.33194947528139374,0.32806046755690105,0.3286569411342772,705600.0
1970-04-24,False,daily,139.87,140.0,139.13,139.25,5500.0,0.33371503707042727,0.3340252033306629,0.33194947528139374,0.3322357825985343,792000.0
1970-04-23,False,daily,144.13,144.25,139.5,139.87,5300.0,0.3438789468289174,0.344165254146058,0.3328322561759105,0.33371503707042727,763200.0
1970-04-22,False,daily,145.0,145.0,144.0,144.13,3900.0,0.34595467487818654,0.34595467487818654,0.3435687805686818,0.3438789468289174,561600.0
1970-04-21,False,daily,146.0,147.0,145.0,145.12,3600.0,0.3483405691876913,0.350726463497196,0.34595467487818654,0.3462409821953271,518400.0
1970-04-20,False,daily,146.25,146.5,145.25,146.0,9900.0,0.34893704276506743,0.3495335163424436,0.34655114845556273,0.3483405691876913,1425600.0
1970-04-17,False,daily,146.37,146.5,146.0,146.25,6600.0,0.349223350082208,0.3495335163424436,0.3483405691876913,0.34893704276506743,950400.0
1970-04-16,False,daily,148.0,148.0,146.25,146.37,8700.0,0.35311235780670075,0.35311235780670075,0.34893704276506743,0.349223350082208,1252800.0
1970-04-15,False,daily,147.25,149.75,147.0,148.0,15400.0,0.3513229370745722,0.357287672848334,0.350726463497196,0.35311235780670075,2217600.0
1970-04-14,False,daily,145.0,147.5,143.0,147.25,5800.0,0.34595467487818654,0.35191941065194837,0.3411828862591771,0.3513229370745722,835200.0
1970-04-13,False,daily,146.0,146.0,144.0,145.0,6100.0,0.3483405691876913,0.3483405691876913,0.3435687805686818,0.34595467487818654,878400.0
1970-04-10,False,daily,146.25,148.5,145.62,146.0,23000.0,0.34893704276506743,0.3543053049614531,0.3474339293500795,0.3483405691876913,3312000.0
1970-04-09,False,daily,143.0,146.5,143.0,146.25,5700.0,0.3411828862591771,0.3495335163424436,0.3411828862591771,0.34893704276506743,820800.0
1970-04-08,False,daily,143.25,143.5,142.25,143.0,5100.0,0.3417793598365533,0.3423758334139294,0.3393934655270485,0.3411828862591771,734400.0
1970-04-07,False,daily,147.25,147.25,143.0,143.25,10600.0,0.3513229370745722,0.3513229370745722,0.3411828862591771,0.3417793598365533,1526400.0
1970-04-06,False,daily,151.5,152.25,147.25,147.5,15800.0,0.36146298788996734,0.36325240862209585,0.3513229370745722,0.35191941065194837,2275200.0
1970-04-03,False,daily,150.87,151.75,150.87,151.5,7000.0,0.35995987447497935,0.36205946146734347,0.35995987447497935,0.36146298788996734,1008000.0
1970-04-02,False,daily,152.5,152.5,150.5,150.87,5500.0,0.36384888219947203,0.36384888219947203,0.3590770935804626,0.35995987447497935,792000.0
1970-04-01,False,daily,154.0,154.0,153.0,153.37,5700.0,0.36742772366372917,0.36742772366372917,0.3650418293542244,0.3659246102487412,820800.0
1970-03-31,False,daily,155.0,155.0,153.5,154.5,4700.0,0.36981361797323387,0.36981361797323387,0.3662347765089768,0.3686206708184815,676800.0
1970-03-30,False,daily,156.5,157.25,155.5,155.75,9500.0,0.373392459437491,0.3751818801696195,0.37100656512798624,0.37160303870536243,1368000.0
1970-03-26,False,daily,156.5,157.5,156.0,156.5,6500.0,0.373392459437491,0.3757783537469957,0.3721995122827386,0.373392459437491,936000.0
1970-03-25,False,daily,153.0,158.5,153.0,156.5,15800.0,0.3650418293542244,0.37816424805650045,0.3650418293542244,0.373392459437491,2275200.0
1970-03-24,False,daily,152.38,152.38,150.0,151.62,11600.0,0.36356257488233146,0.36356257488233146,0.3578841464257102,0.3617492952071079,1670400.0
1970-03-23,False,daily,153.5,153.5,152.0,152.5,1500.0,0.3662347765089768,0.3662347765089768,0.36265593504471966,0.36384888219947203,216000.0
1970-03-20,False,daily,153.75,153.75,152.75,153.75,3600.0,0.366831250086353,0.366831250086353,0.3644453557768482,0.366831250086353,518400.0
1970-03-19,False,daily,153.75,154.5,153.75,153.75,7800.0,0.366831250086353,0.3686206708184815,0.366831250086353,0.366831250086353,1123200.0
1970-03-18,False,daily,152.0,153.25,152.0,153.25,5200.0,0.36265593504471966,0.3656383029316006,0.36265593504471966,0.3656383029316006,748800.0
1970-03-17,False,daily,152.5,153.0,151.75,151.75,8800.0,0.36384888219947203,0.3650418293542244,0.36205946146734347,0.36205946146734347,1267200.0
1970-03-16,False,daily,155.0,155.0,152.25,152.5,5600.0,0.36981361797323387,0.36981361797323387,0.36325240862209585,0.36384888219947203,806400.0
1970-03-13,False,daily,156.0,156.0,155.0,155.0,9300.0,0.3721995122827386,0.3721995122827386,0.36981361797323387,0.36981361797323387,1339200.0
1970-03-12,False,daily,156.38,157.5,156.38,156.75,2700.0,0.3731061521203504,0.3757783537469957,0.3731061521203504,0.3739889330148672,388800.0
1970-03-11,False,daily,155.0,157.0,154.5,156.25,3000.0,0.36981361797323387,0.3745854065922434,0.3686206708184815,0.3727959858601148,432000.0
1970-03-10,False,daily,155.5,155.5,153.62,155.0,9400.0,0.37100656512798624,0.37100656512798624,0.36652108382611737,0.36981361797323387,1353600.0
1970-03-09,False,daily,156.75,156.75,155.5,156.25,1900.0,0.3739889330148672,0.3739889330148672,0.37100656512798624,0.3727959858601148,273600.0
1970-03-06,False,daily,159.5,159.5,156.75,157.25,6300.0,0.3805501423660052,0.3805501423660052,0.3739889330148672,0.3751818801696195,907200.0
1970-03-05,False,daily,159.75,160.25,159.0,159.5,6200.0,0.3811466159433814,0.3823395630981337,0.37935719521125283,0.3805501423660052,892800.0
1970-03-04,False,daily,158.25,161.0,158.25,159.75,5100.0,0.37756777447912426,0.3841289838302623,0.37756777447912426,0.3811466159433814,734400.0
1970-03-03,False,daily,158.0,158.25,155.5,158.25,10200.0,0.3769713009017481,0.37756777447912426,0.37100656512798624,0.37756777447912426,1468800.0
1970-03-02,False,daily,159.37,161.75,158.0,158.0,7300.0,0.3802399761057696,0.38591840456239085,0.3769713009017481,0.3769713009017481,1051200.0
1970-02-27,False,daily,156.0,160.0,156.0,159.37,11300.0,0.3721995122827386,0.38174308952075753,0.3721995122827386,0.3802399761057696,1627200.0
1970-02-26,False,daily,156.5,156.5,153.25,155.0,9400.0,0.373392459437491,0.373392459437491,0.3656383029316006,0.36981361797323387,1353600.0
1970-02-25,False,daily,152.25,158.0,151.5,158.0,19600.0,0.36325240862209585,0.3769713009017481,0.36146298788996734,0.3769713009017481,2822400.0
1970-02-24,False,daily,155.63,156.25,151.25,152.25,26000.0,0.37131673138822185,0.3727959858601148,0.36086651431259115,0.36325240862209585,3744000.0
1970-02-20,False,daily,158.25,158.25,155.0,155.63,9700.0,0.37756777447912426,0.37756777447912426,0.36981361797323387,0.37131673138822185,1396800.0
1970-02-19,False,daily,159.75,159.75,158.25,158.62,4000.0,0.3811466159433814,0.3811466159433814,0.37756777447912426,0.37845055537364103,576000.0
1970-02-18,False,daily,159.0,160.25,159.0,159.75,6100.0,0.37935719521125283,0.3823395630981337,0.37935719521125283,0.3811466159433814,878400.0
1970-02-17,False,daily,161.63,161.75,157.0,158.5,13300.0,0.38563209724525027,0.38591840456239085,0.3745854065922434,0.37816424805650045,1915200.0
1970-02-16,False,daily,162.0,162.75,161.63,161.63,5700.0,0.38651487813976704,0.3883042988718956,0.38563209724525027,0.38563209724525027,820800.0
1970-02-13,False,daily,165.12,165.12,160.0,162.0,10700.0,0.39322899955002605,0.39322899955002605,0.38103585227715703,0.3857988004306215,1540800.0
1970-02-12,False,daily,172.0,172.0,164.63,165.75,23400.0,0.4096135411979438,0.4096135411979438,0.39206207725242725,0.39472932821836737,3369600.0
1970-02-11,False,daily,173.0,173.0,171.25,172.0,15500.0,0.411995015274676,0.411995015274676,0.40782743564039464,0.4096135411979438,2232000.0
1970-02-10,False,daily,173.0,175.0,173.0,173.5,17400.0,0.411995015274676,0.4167579634281405,0.411995015274676,0.41318575231304216,2505600.0
1970-02-09,False,daily,167.0,171.5,167.0,170.25,11700.0,0.39770617081428267,0.4084228041595777,0.39770617081428267,0.4054459615636624,1684800.0
1970-02-06,False,daily,164.0,164.0,162.0,163.0,4900.0,0.39056174858408593,0.39056174858408593,0.3857988004306215,0.3881802745073537,705600.0
1970-02-05,False,daily,157.75,165.0,157.25,165.0,13100.0,0.3756775356045095,0.39294322266081816,0.37448679856614336,0.39294322266081816,1886400.0
1970-02-04,False,daily,163.25,163.25,155.75,157.75,19400.0,0.3887756430265368,0.3887756430265368,0.37091458745104505,0.3756775356045095,2793600.0
1970-02-03,False,daily,166.0,173.0,165.0,165.0,18700.0,0.39532469673755044,0.411995015274676,0.39294322266081816,0.39294322266081816,2692800.0
1970-02-02,False,daily,159.75,166.0,159.75,166.0,11200.0,0.38044048375797396,0.39532469673755044,0.38044048375797396,0.39532469673755044,1612800.0
1970-01-30,False,daily,158.0,158.0,155.0,158.0,19500.0,0.3762729041236926,0.3762729041236926,0.3691284818934959,0.3762729041236926,2808000.0
1970-01-29,False,daily,163.0,163.0,154.5,160.0,24900.0,0.3881802745073537,0.3881802745073537,0.36793774485512976,0.38103585227715703,3585600.0
1970-01-28,False,daily,171.5,171.5,163.5,163.5,10400.0,0.4084228041595777,0.4084228041595777,0.38937101154571985,0.38937101154571985,1497600.0
1970-01-27,False,daily,174.25,174.25,173.0,173.0,3700.0,0.4149718578705913,0.4149718578705913,0.411995015274676,0.411995015274676,532800.0
1970-01-26,False,daily,175.0,175.0,174.0,175.0,6800.0,0.4167579634281405,0.4167579634281405,0.41437648935140825,0.4167579634281405,979200.0
1970-01-23,False,daily,176.0,176.5,174.75,175.0,6800.0,0.4191394375048727,0.42033017454323884,0.41616259490895746,0.4167579634281405,979200.0
1970-01-22,False,daily,175.5,176.0,174.5,176.0,2500.0,0.4179487004665066,0.4191394375048727,0.4155672263897744,0.4191394375048727,360000.0
1970-01-21,False,daily,174.75,175.5,174.25,175.5,6100.0,0.41616259490895746,0.4179487004665066,0.4149718578705913,0.4179487004665066,878400.0
1970-01-20,False,daily,174.75,174.75,171.75,174.75,5300.0,0.41616259490895746,0.41616259490895746,0.4090181726787607,0.41616259490895746,763200.0
1970-01-19,False,daily,176.75,176.75,174.5,174.75,8200.0,0.4209255430624219,0.4209255430624219,0.4155672263897744,0.41616259490895746,1180800.0
1970-01-16,False,daily,177.25,177.25,176.5,177.0,5100.0,0.422116280100788,0.422116280100788,0.42033017454323884,0.421520911581605,734400.0
1970-01-15,False,daily,177.0,177.5,176.75,177.25,8400.0,0.421520911581605,0.42271164861997107,0.4209255430624219,0.422116280100788,1209600.0
1970-01-14,False,daily,174.5,177.5,174.5,177.0,4300.0,0.4155672263897744,0.42271164861997107,0.4155672263897744,0.421520911581605,619200.0
1970-01-13,False,daily,173.5,176.0,173.5,174.5,5900.0,0.41318575231304216,0.4191394375048727,0.41318575231304216,0.4155672263897744,849600.0
1970-01-12,False,daily,176.0,176.0,173.0,173.0,6000.0,0.4191394375048727,0.4191394375048727,0.411995015274676,0.411995015274676,864000.0
1970-01-09,False,daily,176.0,178.5,176.0,176.0,5200.0,0.4191394375048727,0.4250931226967033,0.4191394375048727,0.4191394375048727,748800.0
1970-01-08,False,daily,173.75,176.5,173.75,175.0,3200.0,0.41378112083222524,0.42033017454323884,0.41378112083222524,0.4167579634281405,460800.0
1970-01-07,False,daily,174.5,175.0,173.25,173.75,2300.0,0.4155672263897744,0.4167579634281405,0.4125903837938591,0.41378112083222524,331200.0
1970-01-06,False,daily,171.25,174.5,170.5,174.5,7200.0,0.40782743564039464,0.4155672263897744,0.40604133008284543,0.4155672263897744,1036800.0
1970-01-05,False,daily,175.5,176.0,171.0,171.25,6700.0,0.4179487004665066,0.4191394375048727,0.40723206712121157,0.40782743564039464,964800.0
1970-01-02,False,daily,180.0,180.5,175.5,175.5,8300.0,0.42866533381180166,0.42985607085016775,0.4179487004665066,0.4179487004665066,1195200.0
1971-12-31,False,daily,98.0,98.75,98.0,98.5,11200.0,0.708776399711329,0.7142007088927933,0.708776399711329,0.7123926058323052,537600.0
1971-12-30,False,daily,98.0,98.75,97.62,98.0,21600.0,0.708776399711329,0.7142007088927933,0.7060280830593872,0.708776399711329,1036800.0
1971-12-29,False,daily,97.25,98.5,97.25,98.0,8100.0,0.7033520905298648,0.7123926058323052,0.7033520905298648,0.708776399711329,388800.0
1971-12-28,False,daily,96.5,97.38,96.5,97.0,11000.0,0.6979277813484005,0.7042923041213186,0.6979277813484005,0.7015439874693767,528000.0
1971-12-27,False,daily,96.25,96.75,96.25,96.5,6800.0,0.6961196782879124,0.6997358844088887,0.6961196782879124,0.6979277813484005,326400.0
1971-12-23,False,daily,95.88,96.88,95.88,96.25,11000.0,0.6934436857583901,0.7006760980003424,0.6934436857583901,0.6961196782879124,528000.0
1971-12-22,False,daily,98.25,98.63,95.75,95.88,12500.0,0.7105845027718172,0.713332819423759,0.6925034721669363,0.6934436857583901,600000.0
1971-12-21,False,daily,98.5,99.0,98.0,98.25,15100.0,0.7123926058323052,0.7160088119532814,0.708776399711329,0.7105845027718172,724800.0
1971-12-20,False,daily,98.5,99.88,98.5,98.5,20500.0,0.7123926058323052,0.7223733347261994,0.7123926058323052,0.7123926058323052,984000.0
1971-12-17,False,daily,98.25,98.75,98.0,98.5,19800.0,0.7105845027718172,0.7142007088927933,0.708776399711329,0.7123926058323052,950400.0
1971-12-16,False,daily,98.0,98.75,97.75,98.25,48700.0,0.708776399711329,0.7142007088927933,0.7069682966508409,0.7105845027718172,2337600.0
1971-12-15,False,daily,97.0,98.0,96.0,98.0,18500.0,0.7015439874693767,0.708776399711329,0.6943115752274244,0.708776399711329,888000.0
1971-12-14,False,daily,98.25,98.25,96.62,97.0,14600.0,0.7105845027718172,0.7105845027718172,0.6987956708174349,0.7015439874693767,700800.0
1971-12-13,False,daily,98.88,99.5,98.25,98.5,14400.0,0.7151409224842471,0.7196250180742576,0.7105845027718172,0.7123926058323052,691200.0
1971-12-10,False,daily,96.75,98.88,96.75,98.88,10900.0,0.6997358844088887,0.7151409224842471,0.6997358844088887,0.7151409224842471,523200.0
1971-12-09,False,daily,96.75,97.5,96.0,96.25,9100.0,0.6997358844088887,0.7051601935903529,0.6943115752274244,0.6961196782879124,436800.0
1971-12-08,False,daily,96.0,97.0,96.0,96.75,10200.0,0.6943115752274244,0.7015439874693767,0.6943115752274244,0.6997358844088887,489600.0
1971-12-07,False,daily,96.25,96.25,95.5,96.0,5700.0,0.6961196782879124,0.6961196782879124,0.6906953691064482,0.6943115752274244,273600.0
1971-12-06,False,daily,95.75,96.25,95.5,96.25,8100.0,0.6925034721669363,0.6961196782879124,0.6906953691064482,0.6961196782879124,388800.0
1971-12-03,False,daily,96.12,96.5,95.0,95.75,16100.0,0.6951794646964586,0.6979277813484005,0.687079162985472,0.6925034721669363,772800.0
1971-12-02,False,daily,96.25,96.75,95.5,96.12,18500.0,0.6961196782879124,0.6997358844088887,0.6906953691064482,0.6951794646964586,888000.0
1971-12-01,False,daily,95.5,97.0,95.5,96.25,38700.0,0.6906953691064482,0.7015439874693767,0.6906953691064482,0.6961196782879124,1857600.0
1971-11-30,False,daily,92.25,94.5,92.25,94.25,16200.0,0.6671900293201031,0.6834629568644959,0.6671900293201031,0.6816548538040078,777600.0
1971-11-29,False,daily,90.75,92.0,90.75,91.75,13700.0,0.6563414109571746,0.665381926259615,0.6563414109571746,0.6635738231991269,657600.0
1971-11-26,False,daily,89.88,91.0,89.75,90.5,8200.0,0.650049212306676,0.6581495140176626,0.6491089987152223,0.6545333078966865,393600.0
1971-11-24,False,daily,90.0,90.25,89.75,89.88,8000.0,0.6509171017757104,0.6527252048361984,0.6491089987152223,0.650049212306676,384000.0
1971-11-23,False,daily,89.75,90.5,89.38,90.0,32700.0,0.6491089987152223,0.6545333078966865,0.6464330061856999,0.6509171017757104,1569600.0
1971-11-22,False,daily,90.25,90.37,89.75,89.75,5000.0,0.6527252048361984,0.6535930943052327,0.6491089987152223,0.6491089987152223,240000.0
1971-11-19,False,daily,89.88,90.5,89.75,90.25,9800.0,0.650049212306676,0.6545333078966865,0.6491089987152223,0.6527252048361984,470400.0
1971-11-18,False,daily,89.88,90.5,89.75,89.88,12100.0,0.6493297333777257,0.6538088659399663,0.6483905604211269,0.6493297333777257,580800.0
1971-11-17,False,daily,90.25,90.5,89.63,89.88,7200.0,0.6520027641003532,0.6538088659399663,0.6475236315381125,0.6493297333777257,345600.0
1971-11-16,False,daily,89.75,90.5,89.75,90.25,10700.0,0.6483905604211269,0.6538088659399663,0.6483905604211269,0.6520027641003532,513600.0
1971-11-15,False,daily,89.5,89.88,89.25,89.63,6000.0,0.6465844585815137,0.6493297333777257,0.6447783567419005,0.6475236315381125,288000.0
1971-11-12,False,daily,89.0,89.75,88.75,89.5,14000.0,0.6429722549022874,0.6483905604211269,0.6411661530626742,0.6465844585815137,672000.0
1971-11-11,False,daily,88.62,89.5,88.38,89.0,13700.0,0.6402269801060754,0.6465844585815137,0.6384931223400467,0.6429722549022874,657600.0
1971-11-10,False,daily,88.62,88.87,88.5,88.62,3500.0,0.6402269801060754,0.6420330819456885,0.639360051223061,0.6402269801060754,168000.0
1971-11-09,False,daily,89.0,89.5,88.62,88.62,5400.0,0.6429722549022874,0.6465844585815137,0.6402269801060754,0.6402269801060754,259200.0
1971-11-08,False,daily,89.25,89.25,88.75,89.0,1800.0,0.6447783567419005,0.6447783567419005,0.6411661530626742,0.6429722549022874,86400.0
1971-11-05,False,daily,89.63,89.63,88.25,89.38,15700.0,0.6475236315381125,0.6475236315381125,0.6375539493834479,0.6457175296984994,753600.0
1971-11-04,False,daily,90.0,91.0,89.88,90.25,13800.0,0.65019666226074,0.6574210696191927,0.6493297333777257,0.6520027641003532,662400.0
1971-11-03,False,daily,89.5,90.25,89.25,90.0,14000.0,0.6465844585815137,0.6520027641003532,0.6447783567419005,0.65019666226074,672000.0
1971-11-02,False,daily,88.75,89.5,87.25,89.5,26500.0,0.6411661530626742,0.6465844585815137,0.6303295420249952,0.6465844585815137,1272000.0
1971-11-01,False,daily,90.0,90.0,88.75,88.75,5100.0,0.65019666226074,0.65019666226074,0.6411661530626742,0.6411661530626742,244800.0
1971-10-29,False,daily,89.0,90.0,89.0,90.0,12500.0,0.6429722549022874,0.65019666226074,0.6429722549022874,0.65019666226074,600000.0
1971-10-28,False,daily,88.87,89.38,88.75,89.0,16700.0,0.6420330819456885,0.6457175296984994,0.6411661530626742,0.6429722549022874,801600.0
1971-10-27,False,daily,89.0,89.0,88.38,88.87,6100.0,0.6429722549022874,0.6429722549022874,0.6384931223400467,0.6420330819456885,292800.0
1971-10-26,False,daily,89.38,90.0,89.0,89.0,6600.0,0.6457175296984994,0.65019666226074,0.6429722549022874,0.6429722549022874,316800.0
1971-10-25,False,daily,89.75,89.75,89.38,89.38,3900.0,0.6483905604211269,0.6483905604211269,0.6457175296984994,0.6457175296984994,187200.0
1971-10-22,False,daily,89.0,90.0,89.0,89.75,17500.0,0.6429722549022874,0.65019666226074,0.6429722549022874,0.6483905604211269,840000.0
1971-10-21,False,daily,86.25,88.0,86.25,88.0,15600.0,0.6231051346665426,0.6357478475438347,0.6231051346665426,0.6357478475438347,748800.0
1971-10-20,False,daily,85.13,86.5,85.13,85.87,15500.0,0.6150137984250755,0.6249112365061558,0.6150137984250755,0.6203598598703306,744000.0
1971-10-19,False,daily,87.0,87.0,84.62,85.0,26100.0,0.6285234401853821,0.6285234401853821,0.6113293506722647,0.6140746254684767,1252800.0
1971-10-18,False,daily,88.0,88.13,87.25,87.25,10500.0,0.6357478475438347,0.6366870205004336,0.6303295420249952,0.6303295420249952,504000.0
1971-10-15,False,daily,88.5,88.5,88.0,88.0,9500.0,0.639360051223061,0.639360051223061,0.6357478475438347,0.6357478475438347,456000.0
1971-10-14,False,daily,90.0,90.0,88.75,88.75,24200.0,0.65019666226074,0.65019666226074,0.6411661530626742,0.6411661530626742,1161600.0
1971-10-13,False,daily,90.25,90.25,89.75,90.12,8100.0,0.6520027641003532,0.6520027641003532,0.6483905604211269,0.6510635911437544,388800.0
1971-10-12,False,daily,89.38,90.37,89.38,90.25,8600.0,0.6457175296984994,0.6528696929833676,0.6457175296984994,0.6520027641003532,412800.0
1971-10-11,False,daily,89.0,89.5,89.0,89.25,3200.0,0.6429722549022874,0.6465844585815137,0.6429722549022874,0.6447783567419005,153600.0
1971-10-08,False,daily,89.75,89.75,88.5,89.0,17000.0,0.6483905604211269,0.6483905604211269,0.639360051223061,0.6429722549022874,816000.0
1971-10-07,False,daily,90.5,90.88,89.75,89.75,12300.0,0.6538088659399663,0.6565541407361783,0.6483905604211269,0.6483905604211269,590400.0
1971-10-06,False,daily,90.0,90.5,89.38,90.5,13400.0,0.65019666226074,0.6538088659399663,0.6457175296984994,0.6538088659399663,643200.0
1971-10-05,False,daily,89.63,90.0,89.5,90.0,9500.0,0.6475236315381125,0.65019666226074,0.6465844585815137,0.65019666226074,456000.0
1971-10-04,False,daily,89.63,90.0,89.38,89.63,15000.0,0.6475236315381125,0.65019666226074,0.6457175296984994,0.6475236315381125,720000.0
1971-10-01,False,daily,90.37,90.5,89.63,89.63,10700.0,0.6528696929833676,0.6538088659399663,0.6475236315381125,0.6475236315381125,513600.0
1971-09-30,False,daily,89.25,90.5,89.25,90.37,7800.0,0.6447783567419005,0.6538088659399663,0.6447783567419005,0.6528696929833676,374400.0
1971-09-29,False,daily,88.5,90.0,88.25,88.75,9400.0,0.639360051223061,0.65019666226074,0.6375539493834479,0.6411661530626742,451200.0
1971-09-28,False,daily,88.75,89.0,88.13,88.5,4400.0,0.6411661530626742,0.6429722549022874,0.6366870205004336,0.639360051223061,211200.0
1971-09-27,False,daily,89.75,89.75,88.5,88.75,3000.0,0.6483905604211269,0.6483905604211269,0.639360051223061,0.6411661530626742,144000.0
1971-09-24,False,daily,90.0,90.25,89.75,89.75,5900.0,0.65019666226074,0.6520027641003532,0.6483905604211269,0.6483905604211269,283200.0
1971-09-23,False,daily,89.25,90.5,89.25,90.0,12200.0,0.6447783567419005,0.6538088659399663,0.6447783567419005,0.65019666226074,585600.0
1971-09-22,False,daily,89.0,89.38,88.75,89.25,6600.0,0.6429722549022874,0.6457175296984994,0.6411661530626742,0.6447783567419005,316800.0
1971-09-21,False,daily,89.5,89.5,89.0,89.0,8800.0,0.6465844585815137,0.6465844585815137,0.6429722549022874,0.6429722549022874,422400.0
1971-09-20,False,daily,90.25,90.25,89.5,89.5,7700.0,0.6520027641003532,0.6520027641003532,0.6465844585815137,0.6465844585815137,369600.0
1971-09-17,False,daily,90.5,90.75,90.25,90.5,8100.0,0.6538088659399663,0.6556149677795795,0.6520027641003532,0.6538088659399663,388800.0
1971-09-16,False,daily,91.0,91.25,90.0,90.5,10900.0,0.6574210696191927,0.6592271714588059,0.65019666226074,0.6538088659399663,523200.0
1971-09-15,False,daily,90.88,91.0,90.12,91.0,4200.0,0.6565541407361783,0.6574210696191927,0.6510635911437544,0.6574210696191927,201600.0
1971-09-14,False,daily,91.75,91.75,90.75,90.88,7400.0,0.6628393751380323,0.6628393751380323,0.6556149677795795,0.6565541407361783,355200.0
1971-09-13,False,daily,91.75,91.75,91.0,91.75,3700.0,0.6628393751380323,0.6628393751380323,0.6574210696191927,0.6628393751380323,177600.0
1971-09-10,False,daily,91.62,91.75,90.75,91.75,8100.0,0.6619002021814334,0.6628393751380323,0.6556149677795795,0.6628393751380323,388800.0
1971-09-09,False,daily,91.0,91.75,90.5,91.62,8200.0,0.6574210696191927,0.6628393751380323,0.6538088659399663,0.6619002021814334,393600.0
1971-09-08,False,daily,90.75,91.25,90.25,91.0,6400.0,0.6556149677795795,0.6592271714588059,0.6520027641003532,0.6574210696191927,307200.0
1971-09-07,False,daily,91.25,91.5,90.5,90.75,25900.0,0.6592271714588059,0.6610332732984191,0.6538088659399663,0.6556149677795795,1243200.0
1971-09-03,False,daily,91.0,91.25,90.5,91.25,13300.0,0.6574210696191927,0.6592271714588059,0.6538088659399663,0.6592271714588059,638400.0
1971-09-02,False,daily,90.25,91.0,90.25,91.0,6300.0,0.6520027641003532,0.6574210696191927,0.6520027641003532,0.6574210696191927,302400.0
1971-09-01,False,daily,91.25,91.75,90.0,90.25,16500.0,0.6592271714588059,0.6628393751380323,0.65019666226074,0.6520027641003532,792000.0
1971-08-31,False,daily,90.12,91.25,89.75,91.25,23400.0,0.6510635911437544,0.6592271714588059,0.6483905604211269,0.6592271714588059,1123200.0
1971-08-30,False,daily,93.0,93.0,89.88,90.12,27200.0,0.6718698843360981,0.6718698843360981,0.6493297333777257,0.6510635911437544,1305600.0
1971-08-27,False,daily,94.25,94.25,93.0,93.5,5000.0,0.6809003935341639,0.6809003935341639,0.6718698843360981,0.6754820880153244,240000.0
1971-08-26,False,daily,95.5,95.5,94.5,94.5,4700.0,0.6899309027322297,0.6899309027322297,0.682706495373777,0.682706495373777,225600.0
1971-08-25,False,daily,96.0,96.25,95.25,95.75,7700.0,0.6935431064114561,0.6953492082510693,0.6881248008926165,0.6917370045718428,369600.0
1971-08-24,False,daily,95.75,96.5,95.5,96.0,7600.0,0.6917370045718428,0.6971553100906824,0.6899309027322297,0.6935431064114561,364800.0
1971-08-23,False,daily,94.5,96.0,94.5,95.75,6000.0,0.682706495373777,0.6935431064114561,0.682706495373777,0.6917370045718428,288000.0
1971-08-20,False,daily,94.25,95.0,94.0,94.13,2800.0,0.6801900123202523,0.6856026649381853,0.6783857947809413,0.679323987901383,134400.0
1971-08-19,False,daily,94.38,94.38,93.62,94.25,6900.0,0.6811282054406941,0.6811282054406941,0.6756433841211886,0.6801900123202523,331200.0
1971-08-18,False,daily,97.0,97.0,94.75,94.75,17200.0,0.7000364052526735,0.7000364052526735,0.6837984473988744,0.6837984473988744,825600.0
1971-08-17,False,daily,97.87,98.0,96.25,97.5,25500.0,0.7063150822894758,0.7072532754099176,0.6946237526347404,0.7036448403312955,1224000.0
1971-08-16,False,daily,96.75,98.75,96.75,97.87,23300.0,0.6982321877133625,0.7126659280278506,0.6982321877133625,0.7063150822894758,1118400.0
1971-08-13,False,daily,92.5,93.5,92.5,93.5,21000.0,0.6675604895450752,0.6747773597023193,0.6675604895450752,0.6747773597023193,1008000.0
1971-08-12,False,daily,91.25,92.75,91.25,92.12,12500.0,0.6585394018485201,0.6693647070843862,0.6585394018485201,0.6648180788853225,600000.0
1971-08-11,False,daily,89.0,90.75,89.0,90.75,6500.0,0.642301443994721,0.6549309667698981,0.642301443994721,0.6549309667698981,312000.0
1971-08-10,False,daily,85.62,88.25,85.0,88.0,10600.0,0.6179084228632361,0.636888791376788,0.6134339633657448,0.635084573837477,508800.0
1971-08-09,False,daily,87.0,87.0,85.0,85.62,14700.0,0.6278677036802329,0.6278677036802329,0.6134339633657448,0.6179084228632361,705600.0
1971-08-06,False,daily,90.12,90.37,87.0,87.5,58800.0,0.6503843385708344,0.6521885561101454,0.6278677036802329,0.631476138758855,2822400.0
1971-08-05,False,daily,90.75,90.75,89.5,90.12,8100.0,0.6549309667698981,0.6549309667698981,0.6459098790733431,0.6503843385708344,388800.0
1971-08-04,False,daily,89.75,92.5,89.0,90.88,19600.0,0.6477140966126541,0.6675604895450752,0.642301443994721,0.6558691598903398,940800.0
1971-08-03,False,daily,92.5,92.5,89.0,89.75,13500.0,0.6675604895450752,0.6675604895450752,0.642301443994721,0.6477140966126541,648000.0
1971-08-02,False,daily,94.0,94.5,93.0,93.0,11100.0,0.6783857947809413,0.6819942298595634,0.6711689246236973,0.6711689246236973,532800.0
1971-07-30,False,daily,93.5,94.0,92.75,94.0,15000.0,0.6747773597023193,0.6783857947809413,0.6693647070843862,0.6783857947809413,720000.0
1971-07-29,False,daily,94.5,94.5,92.75,93.5,15800.0,0.6819942298595634,0.6819942298595634,0.6693647070843862,0.6747773597023193,758400.0
1971-07-28,False,daily,95.5,95.75,94.75,94.87,13400.0,0.6892111000168074,0.6910153175561184,0.6837984473988744,0.6846644718177437,643200.0
1971-07-27,False,daily,96.0,96.0,95.0,95.5,12800.0,0.6928195350954294,0.6928195350954294,0.6856026649381853,0.6892111000168074,614400.0
1971-07-26,False,daily,98.25,98.75,97.5,97.5,4700.0,0.7090574929492286,0.7126659280278506,0.7036448403312955,0.7036448403312955,225600.0
1971-07-23,False,daily,96.12,98.25,96.12,98.25,8500.0,0.6936855595142988,0.7090574929492286,0.6936855595142988,0.7090574929492286,408000.0
1971-07-22,False,daily,95.75,95.75,95.0,95.38,7800.0,0.6910153175561184,0.6910153175561184,0.6856026649381853,0.6883450755979381,374400.0
1971-07-21,False,daily,95.5,96.25,95.25,95.75,5500.0,0.6892111000168074,0.6946237526347404,0.6874068824774964,0.6910153175561184,264000.0
1971-07-20,False,daily,94.25,95.5,94.0,95.5,4600.0,0.6801900123202523,0.6892111000168074,0.6783857947809413,0.6892111000168074,220800.0
1971-07-19,False,daily,95.5,95.5,93.75,94.25,4400.0,0.6892111000168074,0.6892111000168074,0.6765815772416303,0.6801900123202523,211200.0
1971-07-16,False,daily,96.25,97.5,95.63,95.63,7500.0,0.6946237526347404,0.7036448403312955,0.690149293137249,0.690149293137249,360000.0
1971-07-15,False,daily,94.75,96.75,94.75,96.25,9100.0,0.6837984473988744,0.6982321877133625,0.6837984473988744,0.6946237526347404,436800.0
1971-07-14,False,daily,94.87,94.87,94.0,94.75,10000.0,0.6846644718177437,0.6846644718177437,0.6783857947809413,0.6837984473988744,480000.0
1971-07-13,False,daily,95.75,97.0,95.0,95.0,6700.0,0.6910153175561184,0.7000364052526735,0.6856026649381853,0.6856026649381853,321600.0
1971-07-12,False,daily,95.25,96.5,95.25,95.75,6300.0,0.6874068824774964,0.6964279701740514,0.6874068824774964,0.6910153175561184,302400.0
1971-07-09,False,daily,94.5,95.5,94.5,95.25,7100.0,0.6819942298595634,0.6892111000168074,0.6819942298595634,0.6874068824774964,340800.0
1971-07-08,False,daily,94.0,95.12,94.0,94.5,8500.0,0.6783857947809413,0.6864686893570547,0.6783857947809413,0.6819942298595634,408000.0
1971-07-07,False,daily,95.0,95.75,93.62,93.62,14100.0,0.6856026649381853,0.6910153175561184,0.6756433841211886,0.6756433841211886,676800.0
1971-07-06,False,daily,95.88,95.88,94.25,95.0,17800.0,0.6919535106765601,0.6919535106765601,0.6801900123202523,0.6856026649381853,854400.0
1971-07-02,False,daily,96.62,96.88,96.0,96.12,3500.0,0.6972939945929207,0.6991703808338041,0.6928195350954294,0.6936855595142988,168000.0
1971-07-01,False,daily,96.25,97.75,95.75,96.62,21700.0,0.6946237526347404,0.7054490578706065,0.6910153175561184,0.6972939945929207,1041600.0
1971-06-30,False,daily,96.25,97.5,96.25,96.25,11800.0,0.6946237526347404,0.7036448403312955,0.6946237526347404,0.6946237526347404,566400.0
1971-06-29,False,daily,92.5,94.75,92.5,94.75,21600.0,0.6675604895450752,0.6837984473988744,0.6675604895450752,0.6837984473988744,1036800.0
1971-06-28,False,daily,93.0,93.0,92.0,92.0,4600.0,0.6711689246236973,0.6711689246236973,0.6639520544664532,0.6639520544664532,220800.0
1971-06-25,False,daily,94.0,94.0,92.38,93.0,52400.0,0.6783857947809413,0.6783857947809413,0.6666944651262059,0.6711689246236973,2515200.0
1971-06-24,False,daily,93.0,94.75,93.0,94.25,17600.0,0.6711689246236973,0.6837984473988744,0.6711689246236973,0.6801900123202523,844800.0
1971-06-23,False,daily,91.5,93.0,91.5,93.0,12900.0,0.6603436193878311,0.6711689246236973,0.6603436193878311,0.6711689246236973,619200.0
1971-06-22,False,daily,92.5,92.5,90.5,90.5,15700.0,0.6675604895450752,0.6675604895450752,0.6531267492305871,0.6531267492305871,753600.0
1971-06-21,False,daily,93.5,93.5,92.12,92.5,11300.0,0.6747773597023193,0.6747773597023193,0.6648180788853225,0.6675604895450752,542400.0
1971-06-18,False,daily,94.5,95.0,94.0,94.25,16000.0,0.6819942298595634,0.6856026649381853,0.6783857947809413,0.6801900123202523,768000.0
1971-06-17,False,daily,95.25,95.25,94.25,94.5,36200.0,0.6874068824774964,0.6874068824774964,0.6801900123202523,0.6819942298595634,1737600.0
1971-06-16,False,daily,94.75,96.75,93.37,96.25,25400.0,0.6837984473988744,0.6982321877133625,0.6738391665818776,0.6946237526347404,1219200.0
1971-06-15,False,daily,91.38,95.5,91.0,94.75,15900.0,0.6594775949689619,0.6892111000168074,0.6567351843092092,0.6837984473988744,763200.0
1971-06-14,False,daily,89.0,91.38,89.0,91.38,20500.0,0.642301443994721,0.6594775949689619,0.642301443994721,0.6594775949689619,984000.0
1971-06-11,False,daily,88.25,89.0,87.5,89.0,11000.0,0.636888791376788,0.642301443994721,0.631476138758855,0.642301443994721,528000.0
1971-06-10,False,daily,87.75,88.75,87.5,88.25,11700.0,0.6332803562981659,0.6404972264554101,0.631476138758855,0.636888791376788,561600.0
1971-06-09,False,daily,87.5,88.0,86.75,87.75,8400.0,0.631476138758855,0.635084573837477,0.6260634861409219,0.6332803562981659,403200.0
1971-06-08,False,daily,88.38,88.75,87.5,87.5,9500.0,0.6378269844972296,0.6404972264554101,0.631476138758855,0.631476138758855,456000.0
1971-06-07,False,daily,89.0,89.38,88.38,88.38,11500.0,0.642301443994721,0.6450438546544738,0.6378269844972296,0.6378269844972296,552000.0
1971-06-04,False,daily,88.75,89.0,88.5,89.0,10200.0,0.6404972264554101,0.642301443994721,0.638693008916099,0.642301443994721,489600.0
1971-06-03,False,daily,88.25,88.75,88.25,88.75,15600.0,0.636888791376788,0.6404972264554101,0.636888791376788,0.6404972264554101,748800.0
1971-06-02,False,daily,87.0,88.5,86.5,88.25,27100.0,0.6278677036802329,0.638693008916099,0.6242592686016109,0.636888791376788,1300800.0
1971-06-01,False,daily,86.5,87.0,84.75,87.0,19900.0,0.6242592686016109,0.6278677036802329,0.6116297458264338,0.6278677036802329,955200.0
1971-05-28,False,daily,85.75,87.0,85.5,86.5,9900.0,0.6188466159836779,0.6278677036802329,0.6170423984443668,0.6242592686016109,475200.0
1971-05-27,False,daily,86.5,87.25,85.75,85.75,8200.0,0.6242592686016109,0.629671921219544,0.6188466159836779,0.6188466159836779,393600.0
1971-05-26,False,daily,87.0,87.0,86.5,86.5,6900.0,0.6278677036802329,0.6278677036802329,0.6242592686016109,0.6242592686016109,331200.0
1971-05-25,False,daily,86.75,87.25,85.5,87.25,9500.0,0.6260634861409219,0.629671921219544,0.6170423984443668,0.629671921219544,456000.0
1971-05-24,False,daily,87.12,87.37,86.75,86.75,4800.0,0.6287337280991022,0.6305379456384133,0.6260634861409219,0.6260634861409219,230400.0
1971-05-21,False,daily,87.88,87.88,87.12,87.12,6000.0,0.6342185494186077,0.6342185494186077,0.6287337280991022,0.6287337280991022,288000.0
1971-05-20,False,daily,87.75,87.88,87.25,87.88,10600.0,0.6332803562981659,0.6342185494186077,0.629671921219544,0.6342185494186077,508800.0
1971-05-19,False,daily,87.75,88.25,87.5,87.75,7100.0,0.6332803562981659,0.636888791376788,0.631476138758855,0.6332803562981659,340800.0
1971-05-18,False,daily,87.12,88.0,86.5,87.75,25000.0,0.6287337280991022,0.635084573837477,0.6242592686016109,0.6332803562981659,1200000.0
1971-05-17,False,daily,88.62,88.62,87.12,87.12,8400.0,0.6395590333349683,0.6395590333349683,0.6287337280991022,0.6287337280991022,403200.0
1971-05-14,False,daily,88.5,89.0,88.0,88.75,30800.0,0.6379607307586626,0.6415650286725533,0.6343564328447718,0.639762879715608,1478400.0
1971-05-13,False,daily,88.75,89.0,88.13,88.5,4100.0,0.639762879715608,0.6415650286725533,0.6352935503023833,0.6379607307586626,196800.0
1971-05-12,False,daily,89.5,89.5,88.38,88.75,7900.0,0.6451693265864441,0.6451693265864441,0.6370956992593287,0.639762879715608,379200.0
1971-05-11,False,daily,89.63,90.0,88.5,89.5,8600.0,0.6461064440440556,0.6487736245003348,0.6379607307586626,0.6451693265864441,412800.0
1971-05-10,False,daily,90.25,90.25,89.5,89.63,14100.0,0.6505757734572801,0.6505757734572801,0.6451693265864441,0.6461064440440556,676800.0
1971-05-07,False,daily,88.87,90.5,88.75,90.5,15900.0,0.6406279112149418,0.6523779224142255,0.639762879715608,0.6523779224142255,763200.0
1971-05-06,False,daily,86.0,90.0,86.0,88.87,17200.0,0.6199392411892088,0.6487736245003348,0.6199392411892088,0.6406279112149418,825600.0
1971-05-05,False,daily,83.5,85.75,83.5,85.5,18100.0,0.601917751619755,0.6181370922322634,0.601917751619755,0.616334943275318,868800.0
1971-05-04,False,daily,83.12,83.5,81.25,83.5,16900.0,0.5991784852051981,0.601917751619755,0.5856984110072467,0.601917751619755,811200.0
1971-05-03,False,daily,84.5,84.5,83.0,83.12,36600.0,0.6091263474475366,0.6091263474475366,0.5983134537058643,0.5991784852051981,1756800.0
1971-04-30,False,daily,83.25,84.5,83.25,84.5,9300.0,0.6001156026628097,0.6091263474475366,0.6001156026628097,0.6091263474475366,446400.0
1971-04-29,False,daily,83.0,84.5,83.0,83.25,13900.0,0.5983134537058643,0.6091263474475366,0.5983134537058643,0.6001156026628097,667200.0
1971-04-28,False,daily,82.5,84.0,82.5,82.75,18200.0,0.5947091557919736,0.6055220495336459,0.5947091557919736,0.5965113047489189,873600.0
1971-04-27,False,daily,79.0,80.75,79.0,80.75,13400.0,0.5694790703947383,0.5820941130933559,0.5694790703947383,0.5820941130933559,643200.0
1971-04-26,False,daily,78.37,79.75,77.75,78.75,4600.0,0.564937655023236,0.5748855172655745,0.5604683256100115,0.5676769214377929,220800.0
1971-04-23,False,daily,79.0,79.0,78.25,78.37,5300.0,0.5694790703947383,0.5694790703947383,0.5640726235239022,0.564937655023236,254400.0
1971-04-22,False,daily,79.25,79.5,78.25,79.25,6900.0,0.5712812193516837,0.573083368308629,0.5640726235239022,0.5712812193516837,331200.0
1971-04-21,False,daily,79.5,79.75,79.0,79.25,8200.0,0.573083368308629,0.5748855172655745,0.5694790703947383,0.5712812193516837,393600.0
1971-04-20,False,daily,79.87,80.0,79.5,79.5,11800.0,0.5757505487649083,0.5766876662225198,0.573083368308629,0.573083368308629,566400.0
1971-04-19,False,daily,79.62,80.0,79.62,79.87,6800.0,0.5739483998079629,0.5766876662225198,0.5739483998079629,0.5757505487649083,326400.0
1971-04-16,False,daily,79.13,79.75,79.0,79.5,5800.0,0.5704161878523499,0.5748855172655745,0.5694790703947383,0.573083368308629,278400.0
1971-04-15,False,daily,78.5,79.5,78.25,79.13,10900.0,0.5658747724808476,0.573083368308629,0.5640726235239022,0.5704161878523499,523200.0
1971-04-14,False,daily,77.0,78.5,76.87,78.5,11900.0,0.5550618787391753,0.5658747724808476,0.5541247612815637,0.5658747724808476,571200.0
1971-04-13,False,daily,76.75,77.25,76.75,77.0,30300.0,0.5532597297822299,0.5568640276961208,0.5532597297822299,0.5550618787391753,1454400.0
1971-04-12,False,daily,76.0,76.75,75.25,76.5,46400.0,0.5478532829113938,0.5532597297822299,0.5424468360405577,0.5514575808252846,2227200.0
1971-04-08,False,daily,76.0,76.0,75.5,76.0,9400.0,0.5478532829113938,0.5478532829113938,0.5442489849975031,0.5478532829113938,451200.0
1971-04-07,False,daily,76.5,78.0,76.5,76.5,8300.0,0.5514575808252846,0.5622704745669568,0.5514575808252846,0.5514575808252846,398400.0
1971-04-06,False,daily,76.38,77.25,76.0,76.5,12200.0,0.5505925493259508,0.5568640276961208,0.5478532829113938,0.5514575808252846,585600.0
1971-04-05,False,daily,76.75,76.75,76.13,76.38,4500.0,0.5532597297822299,0.5532597297822299,0.5487904003690054,0.5505925493259508,216000.0
1971-04-02,False,daily,76.87,77.0,76.5,77.0,6400.0,0.5541247612815637,0.5550618787391753,0.5514575808252846,0.5550618787391753,307200.0
1971-04-01,False,daily,77.25,78.25,76.75,76.87,13400.0,0.5568640276961208,0.5640726235239022,0.5532597297822299,0.5541247612815637,643200.0
1971-03-31,False,daily,77.63,78.0,76.75,77.25,5300.0,0.5596032941106777,0.5622704745669568,0.5532597297822299,0.5568640276961208,254400.0
1971-03-30,False,daily,77.25,78.25,77.25,77.63,7700.0,0.5568640276961208,0.5640726235239022,0.5568640276961208,0.5596032941106777,369600.0
1971-03-29,False,daily,75.25,76.75,75.25,76.75,5600.0,0.5424468360405577,0.5532597297822299,0.5424468360405577,0.5532597297822299,268800.0
1971-03-26,False,daily,74.25,76.75,74.25,75.25,8700.0,0.5352382402127762,0.5532597297822299,0.5352382402127762,0.5424468360405577,417600.0
1971-03-25,False,daily,74.0,74.25,72.75,73.75,11300.0,0.5334360912558308,0.5352382402127762,0.524425346471104,0.5316339422988855,542400.0
1971-03-24,False,daily,74.0,74.75,74.0,74.0,8400.0,0.5334360912558308,0.5388425381266669,0.5334360912558308,0.5334360912558308,403200.0
1971-03-23,False,daily,75.0,75.0,73.0,73.75,29100.0,0.5406446870836124,0.5406446870836124,0.5262274954280494,0.5316339422988855,1396800.0
1971-03-22,False,daily,77.12,77.5,76.0,76.0,4200.0,0.5559269102385092,0.5586661766530661,0.5478532829113938,0.5478532829113938,201600.0
1971-03-19,False,daily,78.12,78.37,77.0,77.12,6200.0,0.5631355060662906,0.564937655023236,0.5550618787391753,0.5559269102385092,297600.0
1971-03-18,False,daily,79.0,79.25,77.88,78.12,6300.0,0.5694790703947383,0.5712812193516837,0.561405443067623,0.5631355060662906,302400.0
1971-03-17,False,daily,78.0,79.0,77.5,79.0,4900.0,0.5622704745669568,0.5694790703947383,0.5586661766530661,0.5694790703947383,235200.0
1971-03-16,False,daily,76.25,78.25,76.25,78.0,31800.0,0.5496554318683392,0.5640726235239022,0.5496554318683392,0.5622704745669568,1526400.0
1971-03-15,False,daily,74.75,75.75,73.75,75.25,35800.0,0.5388425381266669,0.5460511339544485,0.5316339422988855,0.5424468360405577,1718400.0
1971-03-12,False,daily,75.75,75.75,73.0,74.75,28200.0,0.5460511339544485,0.5460511339544485,0.5262274954280494,0.5388425381266669,1353600.0
1971-03-11,False,daily,80.0,80.0,75.88,76.0,35900.0,0.5766876662225198,0.5766876662225198,0.54698825141206,0.5478532829113938,1723200.0
1971-03-10,False,daily,78.0,80.5,78.0,80.0,46500.0,0.5622704745669568,0.5802919641364106,0.5622704745669568,0.5766876662225198,2232000.0
1971-03-09,False,daily,75.0,77.0,74.5,77.0,13600.0,0.5406446870836124,0.5550618787391753,0.5370403891697216,0.5550618787391753,652800.0
1971-03-08,False,daily,75.0,75.0,73.75,75.0,16900.0,0.5406446870836124,0.5406446870836124,0.5316339422988855,0.5406446870836124,811200.0
1971-03-05,False,daily,74.0,75.0,74.0,75.0,11000.0,0.5334360912558308,0.5406446870836124,0.5334360912558308,0.5406446870836124,528000.0
1971-03-04,False,daily,70.75,72.88,70.75,72.88,31500.0,0.510008154815541,0.5253624639287156,0.510008154815541,0.5253624639287156,1512000.0
1971-03-03,False,daily,71.12,71.25,70.5,70.75,8100.0,0.5126753352718202,0.5136124527294317,0.5082060058585955,0.510008154815541,388800.0
1971-03-02,False,daily,70.87,71.12,70.87,71.12,14400.0,0.5108731863148748,0.5126753352718202,0.5108731863148748,0.5126753352718202,691200.0
1971-03-01,False,daily,70.5,70.87,70.0,70.87,3900.0,0.5082060058585955,0.5108731863148748,0.5046017079447048,0.5108731863148748,187200.0
1971-02-26,False,daily,70.75,70.75,69.62,70.5,8900.0,0.510008154815541,0.510008154815541,0.5018624415301479,0.5082060058585955,427200.0
1971-02-25,False,daily,70.0,70.87,70.0,70.75,22200.0,0.5046017079447048,0.5108731863148748,0.5046017079447048,0.510008154815541,1065600.0
1971-02-24,False,daily,69.5,70.0,69.5,69.75,5000.0,0.5009974100308141,0.5046017079447048,0.5009974100308141,0.5027995589877595,240000.0
1971-02-23,False,daily,67.25,69.0,67.25,69.0,5800.0,0.4847780694183057,0.49739311211692333,0.4847780694183057,0.49739311211692333,278400.0
1971-02-22,False,daily,67.5,67.75,66.5,67.25,11100.0,0.4865802183752511,0.4883823673321965,0.4793716225474696,0.4847780694183057,532800.0
1971-02-19,False,daily,69.25,69.25,67.25,67.5,16800.0,0.4982321357556794,0.4982321357556794,0.48384275999378246,0.4856414319640196,806400.0
1971-02-18,False,daily,69.12,69.5,69.12,69.5,16600.0,0.49729682633115607,0.5000308077259165,0.49729682633115607,0.5000308077259165,796800.0
1971-02-17,False,daily,69.0,69.0,68.75,69.0,14400.0,0.49643346378544223,0.49643346378544223,0.49463479181520514,0.49643346378544223,691200.0
1971-02-16,False,daily,69.37,69.62,68.75,69.25,20200.0,0.4990954983013932,0.5008941702716303,0.49463479181520514,0.4982321357556794,969600.0
1971-02-12,False,daily,69.88,69.88,68.75,69.37,17300.0,0.5027647891206768,0.5027647891206768,0.49463479181520514,0.4990954983013932,830400.0
1971-02-11,False,daily,70.75,70.75,69.5,70.0,39900.0,0.509024167577102,0.509024167577102,0.5000308077259165,0.5036281516663906,1915200.0
1971-02-10,False,daily,67.25,71.25,67.0,71.25,15100.0,0.48384275999378246,0.5126215115175762,0.48204408802354537,0.5126215115175762,724800.0
1971-02-09,False,daily,67.75,68.63,67.0,67.25,21600.0,0.4874401039342567,0.4937714292694913,0.48204408802354537,0.48384275999378246,1036800.0
1971-02-08,False,daily,67.5,67.87,66.62,67.75,19800.0,0.4856414319640196,0.4883034664799705,0.479310106628785,0.4874401039342567,950400.0
1971-02-05,False,daily,67.0,67.5,66.37,67.5,24500.0,0.48204408802354537,0.4856414319640196,0.4775114346585479,0.4856414319640196,1176000.0
1971-02-04,False,daily,67.0,67.87,66.62,67.0,15100.0,0.48204408802354537,0.4883034664799705,0.479310106628785,0.48204408802354537,724800.0
1971-02-03,False,daily,65.75,67.25,65.38,67.0,16400.0,0.4730507281723598,0.48384275999378246,0.47038869365640884,0.48204408802354537,787200.0
1971-02-02,False,daily,64.75,65.75,64.25,65.75,14300.0,0.46585604029141137,0.4730507281723598,0.46225869635093714,0.4730507281723598,686400.0
1971-02-01,False,daily,64.5,64.75,64.0,64.75,12200.0,0.4640573683211743,0.46585604029141137,0.46046002438070005,0.46585604029141137,585600.0
1971-01-29,False,daily,63.75,64.5,63.5,64.5,19900.0,0.45866135241046296,0.4640573683211743,0.4568626804402258,0.4640573683211743,955200.0
1971-01-28,False,daily,63.75,64.5,63.75,63.75,25300.0,0.45866135241046296,0.4640573683211743,0.45866135241046296,0.45866135241046296,1214400.0
1971-01-27,False,daily,64.38,64.5,63.5,63.5,14700.0,0.46319400577546044,0.4640573683211743,0.4568626804402258,0.4568626804402258,705600.0
1971-01-26,False,daily,63.75,64.38,63.75,64.38,21200.0,0.45866135241046296,0.46319400577546044,0.45866135241046296,0.46319400577546044,1017600.0
1971-01-25,False,daily,63.25,63.37,62.5,62.75,41200.0,0.45506400846998873,0.4559273710157025,0.4496679925592774,0.4514666645295145,1977600.0
1971-01-22,False,daily,62.88,63.25,61.75,63.25,18000.0,0.4524019739540378,0.45506400846998873,0.44427197664856605,0.45506400846998873,864000.0
1971-01-21,False,daily,63.5,63.5,62.75,62.88,6000.0,0.4568626804402258,0.4568626804402258,0.4514666645295145,0.4524019739540378,288000.0
1971-01-20,False,daily,62.5,64.0,62.5,63.5,32400.0,0.4496679925592774,0.46046002438070005,0.4496679925592774,0.4568626804402258,1555200.0
1971-01-19,False,daily,60.75,62.75,60.0,62.38,40100.0,0.43707728876761764,0.4514666645295145,0.4316812728569063,0.4488046300135636,1924800.0
1971-01-18,False,daily,64.38,64.38,60.5,60.75,44400.0,0.46319400577546044,0.46319400577546044,0.4352786167973805,0.43707728876761764,2131200.0
1971-01-15,False,daily,65.75,65.75,64.75,64.87,9100.0,0.4730507281723598,0.4730507281723598,0.46585604029141137,0.4667194028371252,436800.0
1971-01-14,False,daily,65.5,66.0,64.5,66.0,19300.0,0.4712520562021227,0.4748494001425969,0.4640573683211743,0.4748494001425969,926400.0
1971-01-13,False,daily,64.75,65.5,64.0,65.5,41000.0,0.46585604029141137,0.4712520562021227,0.46046002438070005,0.4712520562021227,1968000.0
1971-01-12,False,daily,64.0,65.0,63.25,64.75,29200.0,0.46046002438070005,0.4676547122616485,0.45506400846998873,0.46585604029141137,1401600.0
1971-01-11,False,daily,62.25,64.75,62.25,64.0,20000.0,0.4478693205890403,0.46585604029141137,0.4478693205890403,0.46046002438070005,960000.0
1971-01-08,False,daily,61.5,63.0,61.5,62.0,22700.0,0.44247330467832896,0.4532653364997516,0.44247330467832896,0.4460706486188032,1089600.0
1971-01-07,False,daily,59.25,61.25,59.25,61.25,22500.0,0.42628525694619496,0.4406746327080918,0.42628525694619496,0.4406746327080918,1080000.0
1971-01-06,False,daily,58.0,59.25,58.0,59.0,14800.0,0.4172918970950094,0.42628525694619496,0.4172918970950094,0.42448658497595787,710400.0
1971-01-05,False,daily,57.25,58.25,57.12,58.0,8400.0,0.4118958811842981,0.41909056906524655,0.4109605717597748,0.4172918970950094,403200.0
1971-01-04,False,daily,57.0,57.75,56.63,57.25,3100.0,0.410097209214061,0.4154932251247723,0.4074351746981101,0.4118958811842981,148800.0
1972-12-29,False,daily,129.5,131.0,129.5,130.5,21800.0,0.9401465538637077,0.9510362822868395,0.9401465538637077,0.9474063728124622,1046400.0
1972-12-27,False,daily,128.0,130.25,128.0,128.75,19800.0,0.929256825440576,0.9455914180752736,0.929256825440576,0.9347016896521418,950400.0
1972-12-26,False,daily,127.0,127.5,126.62,127.25,5600.0,0.9219970064918215,0.9256269159661987,0.9192382752912948,0.9238119612290101,268800.0
1972-12-22,False,daily,125.5,127.25,125.0,127.0,9800.0,0.9111072780686897,0.9238119612290101,0.9074773685943125,0.9219970064918215,470400.0
1972-12-21,False,daily,124.75,126.0,124.75,125.5,12100.0,0.9056624138571239,0.914737187543067,0.9056624138571239,0.9111072780686897,580800.0
1972-12-20,False,daily,124.25,126.5,124.25,124.25,16100.0,0.9020325043827466,0.9183670970174442,0.9020325043827466,0.9020325043827466,772800.0
1972-12-19,False,daily,124.75,125.75,123.75,124.0,21200.0,0.9056624138571239,0.9129222328058784,0.8984025949083694,0.900217549645558,1017600.0
1972-12-18,False,daily,127.25,127.25,124.0,124.75,114200.0,0.9238119612290101,0.9238119612290101,0.900217549645558,0.9056624138571239,5481600.0
1972-12-15,False,daily,128.5,129.0,127.5,128.0,18200.0,0.9328867349149532,0.9365166443893305,0.9256269159661987,0.929256825440576,873600.0
1972-12-14,False,daily,128.75,128.75,128.12,128.5,10600.0,0.9347016896521418,0.9347016896521418,0.9301280037144265,0.9328867349149532,508800.0
1972-12-13,False,daily,128.25,129.25,128.12,128.75,17000.0,0.9310717801777646,0.9383315991265191,0.9301280037144265,0.9347016896521418,816000.0
1972-12-12,False,daily,128.75,128.75,128.12,128.25,15500.0,0.9347016896521418,0.9347016896521418,0.9301280037144265,0.9310717801777646,744000.0
1972-12-11,False,daily,128.75,129.0,128.25,128.75,19700.0,0.9347016896521418,0.9365166443893305,0.9310717801777646,0.9347016896521418,945600.0
1972-12-08,False,daily,128.25,128.88,127.5,128.75,11000.0,0.9310717801777646,0.9356454661154799,0.9256269159661987,0.9347016896521418,528000.0
1972-12-07,False,daily,128.25,129.5,128.25,128.25,10800.0,0.9310717801777646,0.9401465538637077,0.9310717801777646,0.9310717801777646,518400.0
1972-12-06,False,daily,127.75,129.0,127.75,127.75,20300.0,0.9274418707033873,0.9365166443893305,0.9274418707033873,0.9274418707033873,974400.0
1972-12-05,False,daily,127.0,127.0,125.0,126.75,13900.0,0.9219970064918215,0.9219970064918215,0.9074773685943125,0.9201820517546329,667200.0
1972-12-04,False,daily,126.5,128.75,126.5,127.0,20100.0,0.9183670970174442,0.9347016896521418,0.9183670970174442,0.9219970064918215,964800.0
1972-12-01,False,daily,123.75,126.25,123.75,125.88,23200.0,0.8984025949083694,0.9165521422802556,0.8984025949083694,0.9138660092692164,1113600.0
1972-11-30,False,daily,122.5,123.75,122.25,123.75,7100.0,0.8893278212224263,0.8984025949083694,0.8875128664852376,0.8984025949083694,340800.0
1972-11-29,False,daily,122.63,123.25,122.5,122.5,15600.0,0.8902715976857642,0.8947726854339921,0.8893278212224263,0.8893278212224263,748800.0
1972-11-28,False,daily,122.5,123.5,122.0,122.63,131200.0,0.8893278212224263,0.8965876401711808,0.885697911748049,0.8902715976857642,6297600.0
1972-11-27,False,daily,123.5,123.5,122.12,122.5,14500.0,0.8965876401711808,0.8965876401711808,0.8865690900218995,0.8893278212224263,696000.0
1972-11-24,False,daily,122.75,124.0,122.75,123.75,15500.0,0.8911427759596149,0.900217549645558,0.8911427759596149,0.8984025949083694,744000.0
1972-11-22,False,daily,123.5,127.25,122.5,122.63,52700.0,0.8965876401711808,0.9238119612290101,0.8893278212224263,0.8902715976857642,2529600.0
1972-11-21,False,daily,127.13,127.25,123.25,123.5,375100.0,0.9229407829551596,0.9238119612290101,0.8947726854339921,0.8965876401711808,18004800.0
1972-11-20,False,daily,127.25,128.0,126.75,127.13,8700.0,0.9238119612290101,0.929256825440576,0.9201820517546329,0.9229407829551596,417600.0
1972-11-17,False,daily,127.0,127.5,126.25,127.25,14400.0,0.9219970064918215,0.9256269159661987,0.9165521422802556,0.9238119612290101,691200.0
1972-11-16,False,daily,127.38,127.75,127.0,127.0,7300.0,0.9240295847770028,0.9267136085355795,0.921273019835762,0.921273019835762,350400.0
1972-11-15,False,daily,128.75,129.0,127.0,127.38,12100.0,0.9339677268020028,0.9357812563686086,0.921273019835762,0.9240295847770028,580800.0
1972-11-14,False,daily,123.88,129.25,123.88,128.75,23900.0,0.8986401708445212,0.9375947859352145,0.8986401708445212,0.9339677268020028,1147200.0
1972-11-13,False,daily,125.12,125.12,122.0,123.5,39600.0,0.9076352774948863,0.9076352774948863,0.8850024285036454,0.8958836059032804,1900800.0
1972-11-10,False,daily,126.25,126.75,124.75,125.38,34300.0,0.9158324311359445,0.9194594902691562,0.9049512537363096,0.9095213482441562,1646400.0
1972-11-09,False,daily,128.0,128.0,125.5,126.25,39600.0,0.9285271381021853,0.9285271381021853,0.910391842436127,0.9158324311359445,1900800.0
1972-11-08,False,daily,129.75,131.75,129.75,130.38,34300.0,0.9412218450684262,0.9557300816012728,0.9412218450684262,0.9457919395762728,1646400.0
1972-11-06,False,daily,130.5,130.75,128.25,128.25,16100.0,0.9466624337682437,0.9484759633348495,0.9303406676687912,0.9303406676687912,772800.0
1972-11-03,False,daily,130.75,131.0,130.0,130.5,19200.0,0.9484759633348495,0.9502894929014554,0.943035374635032,0.9466624337682437,921600.0
1972-11-02,False,daily,132.0,132.0,129.75,130.75,23400.0,0.9575436111678787,0.9575436111678787,0.9412218450684262,0.9484759633348495,1123200.0
1972-11-01,False,daily,129.75,133.0,129.75,132.12,30100.0,0.9412218450684262,0.964797729434302,0.9412218450684262,0.9584141053598495,1444800.0
1972-10-31,False,daily,127.0,129.37,127.0,129.37,25700.0,0.921273019835762,0.9384652801271853,0.921273019835762,0.9384652801271853,1233600.0
1972-10-30,False,daily,127.0,127.0,126.12,126.75,11400.0,0.921273019835762,0.921273019835762,0.9148893957613096,0.9194594902691562,547200.0
1972-10-27,False,daily,127.87,127.87,126.62,127.0,25500.0,0.9275841027275503,0.9275841027275503,0.9185164548945212,0.921273019835762,1224000.0
1972-10-26,False,daily,125.25,128.0,125.25,127.87,33000.0,0.9085783128695212,0.9285271381021853,0.9085783128695212,0.9275841027275503,1584000.0
1972-10-25,False,daily,123.62,125.0,123.25,124.75,24900.0,0.8967541000952512,0.9067647833029153,0.8940700763366746,0.9049512537363096,1195200.0
1972-10-24,False,daily,123.0,124.0,120.25,123.62,19000.0,0.8922565467700687,0.899510665036492,0.8723077215374045,0.8967541000952512,912000.0
1972-10-23,False,daily,124.0,124.75,122.75,123.0,12300.0,0.899510665036492,0.9049512537363096,0.8904430172034629,0.8922565467700687,590400.0
1972-10-20,False,daily,124.5,124.75,123.75,124.0,22300.0,0.9031377241697037,0.9049512537363096,0.8976971354698863,0.899510665036492,1070400.0
1972-10-19,False,daily,124.5,125.25,124.25,124.5,10900.0,0.9031377241697037,0.9085783128695212,0.9013241946030979,0.9031377241697037,523200.0
1972-10-18,False,daily,124.25,125.25,124.0,124.5,16200.0,0.9013241946030979,0.9085783128695212,0.899510665036492,0.9031377241697037,777600.0
1972-10-17,False,daily,123.5,124.75,122.75,124.25,13100.0,0.8958836059032804,0.9049512537363096,0.8904430172034629,0.9013241946030979,628800.0
1972-10-16,False,daily,124.75,124.75,123.5,123.5,13000.0,0.9049512537363096,0.9049512537363096,0.8958836059032804,0.8958836059032804,624000.0
1972-10-13,False,daily,125.0,125.0,124.62,124.75,8200.0,0.9067647833029153,0.9067647833029153,0.9040082183616746,0.9049512537363096,393600.0
1972-10-12,False,daily,125.25,126.0,125.0,125.5,10200.0,0.9085783128695212,0.9140189015693387,0.9067647833029153,0.910391842436127,489600.0
1972-10-11,False,daily,125.0,125.5,124.25,125.25,4900.0,0.9067647833029153,0.910391842436127,0.9013241946030979,0.9085783128695212,235200.0
1972-10-10,False,daily,125.5,126.5,125.0,125.0,21300.0,0.910391842436127,0.9176459607025503,0.9067647833029153,0.9067647833029153,1022400.0
1972-10-09,False,daily,125.25,126.0,125.25,125.5,5900.0,0.9085783128695212,0.9140189015693387,0.9085783128695212,0.910391842436127,283200.0
1972-10-06,False,daily,123.12,125.75,122.75,124.75,17500.0,0.8931270409620395,0.9122053720027329,0.8904430172034629,0.9049512537363096,840000.0
1972-10-05,False,daily,124.38,124.38,123.12,123.12,13300.0,0.9022672299777329,0.9022672299777329,0.8931270409620395,0.8931270409620395,638400.0
1972-10-04,False,daily,125.0,126.25,124.5,124.75,14100.0,0.9067647833029153,0.9158324311359445,0.9031377241697037,0.9049512537363096,676800.0
1972-10-03,False,daily,122.75,126.5,122.75,125.0,21300.0,0.8904430172034629,0.9176459607025503,0.8904430172034629,0.9067647833029153,1022400.0
1972-10-02,False,daily,124.5,124.5,122.0,122.38,11400.0,0.9031377241697037,0.9031377241697037,0.8850024285036454,0.8877589934448863,547200.0
1972-09-29,False,daily,125.88,126.5,124.5,124.5,23100.0,0.9131484073773679,0.9176459607025503,0.9031377241697037,0.9031377241697037,1108800.0
1972-09-28,False,daily,124.25,126.0,124.25,125.88,19600.0,0.9013241946030979,0.9140189015693387,0.9013241946030979,0.9131484073773679,940800.0
1972-09-27,False,daily,122.25,124.5,122.25,124.25,14000.0,0.8868159580702513,0.9031377241697037,0.8868159580702513,0.9013241946030979,672000.0
1972-09-26,False,daily,121.0,122.25,121.0,121.25,18100.0,0.8777483102372221,0.8868159580702513,0.8777483102372221,0.879561839803828,868800.0
1972-09-25,False,daily,121.75,121.75,121.0,121.0,14700.0,0.8831888989370396,0.8831888989370396,0.8777483102372221,0.8777483102372221,705600.0
1972-09-22,False,daily,122.5,123.0,121.5,121.75,10500.0,0.8886294876368571,0.8922565467700687,0.8813753693704337,0.8831888989370396,504000.0
1972-09-21,False,daily,121.75,123.25,121.5,122.5,19100.0,0.8831888989370396,0.8940700763366746,0.8813753693704337,0.8886294876368571,916800.0
1972-09-20,False,daily,121.25,121.75,120.12,121.75,11000.0,0.879561839803828,0.8831888989370396,0.8713646861627696,0.8831888989370396,528000.0
1972-09-19,False,daily,121.75,123.5,121.25,121.25,10500.0,0.8831888989370396,0.8958836059032804,0.879561839803828,0.879561839803828,504000.0
1972-09-18,False,daily,122.0,122.25,121.25,121.75,7900.0,0.8850024285036454,0.8868159580702513,0.879561839803828,0.8831888989370396,379200.0
1972-09-15,False,daily,122.25,123.0,122.0,122.0,8900.0,0.8868159580702513,0.8922565467700687,0.8850024285036454,0.8850024285036454,427200.0
1972-09-14,False,daily,122.0,122.5,121.75,122.25,12400.0,0.8850024285036454,0.8886294876368571,0.8831888989370396,0.8868159580702513,595200.0
1972-09-13,False,daily,122.0,122.38,121.62,122.0,9700.0,0.8850024285036454,0.8877589934448863,0.8822458635624045,0.8850024285036454,465600.0
1972-09-12,False,daily,123.25,123.75,122.0,122.0,12600.0,0.8940700763366746,0.8976971354698863,0.8850024285036454,0.8850024285036454,604800.0
1972-09-11,False,daily,124.87,125.0,123.25,123.25,7700.0,0.9058217479282804,0.9067647833029153,0.8940700763366746,0.8940700763366746,369600.0
1972-09-08,False,daily,124.75,125.25,124.75,124.87,10000.0,0.9049512537363096,0.9085783128695212,0.9049512537363096,0.9058217479282804,480000.0
1972-09-07,False,daily,124.5,125.0,124.0,124.25,15200.0,0.9031377241697037,0.9067647833029153,0.899510665036492,0.9013241946030979,729600.0
1972-09-06,False,daily,124.5,125.0,124.0,124.5,8800.0,0.9031377241697037,0.9067647833029153,0.899510665036492,0.9031377241697037,422400.0
1972-09-05,False,daily,124.0,125.25,124.0,124.5,12600.0,0.899510665036492,0.9085783128695212,0.899510665036492,0.9031377241697037,604800.0
1972-09-01,False,daily,123.75,125.38,123.75,124.0,20000.0,0.8976971354698863,0.9095213482441562,0.8976971354698863,0.899510665036492,960000.0
1972-08-31,False,daily,122.5,123.5,122.5,123.5,9000.0,0.8886294876368571,0.8958836059032804,0.8886294876368571,0.8958836059032804,432000.0
1972-08-30,False,daily,122.25,123.5,121.75,122.25,12000.0,0.8868159580702513,0.8958836059032804,0.8831888989370396,0.8868159580702513,576000.0
1972-08-29,False,daily,122.0,122.25,120.75,122.25,12900.0,0.8850024285036454,0.8868159580702513,0.8759347806706163,0.8868159580702513,619200.0
1972-08-28,False,daily,122.63,123.25,121.75,122.0,14100.0,0.889572523011492,0.8940700763366746,0.8831888989370396,0.8850024285036454,676800.0
1972-08-25,False,daily,123.0,124.0,122.63,122.63,21600.0,0.8922565467700687,0.899510665036492,0.889572523011492,0.889572523011492,1036800.0
1972-08-24,False,daily,122.75,124.75,122.75,123.0,30800.0,0.8904430172034629,0.9049512537363096,0.8904430172034629,0.8922565467700687,1478400.0
1972-08-23,False,daily,124.5,124.75,122.25,122.25,42200.0,0.9031377241697037,0.9049512537363096,0.8868159580702513,0.8868159580702513,2025600.0
1972-08-22,False,daily,124.75,125.5,124.5,124.5,14600.0,0.9049512537363096,0.910391842436127,0.9031377241697037,0.9031377241697037,700800.0
1972-08-21,False,daily,126.0,126.0,124.25,124.75,14600.0,0.9140189015693387,0.9140189015693387,0.9013241946030979,0.9049512537363096,700800.0
1972-08-18,False,daily,125.75,126.75,125.75,126.25,27600.0,0.9114747309358504,0.9187230389353402,0.9114747309358504,0.9150988849355953,1324800.0
1972-08-17,False,daily,125.0,125.88,124.0,125.5,49700.0,0.906038499936233,0.9124170109757841,0.8987901919367431,0.9096626539359779,2385600.0
1972-08-16,False,daily,124.25,125.5,124.25,125.0,63800.0,0.9006022689366155,0.9096626539359779,0.9006022689366155,0.906038499936233,3062400.0
1972-08-15,False,daily,126.25,126.25,123.0,123.25,33300.0,0.9150988849355953,0.9150988849355953,0.8915418839372533,0.8933539609371257,1598400.0
1972-08-14,False,daily,130.87,130.87,129.37,130.13,18700.0,0.9485860678932385,0.9485860678932385,0.9377136058940038,0.9432223199736159,897600.0
1972-08-11,False,daily,129.75,131.63,129.0,131.0,22600.0,0.9404679629338099,0.9540947819728508,0.9350317319341924,0.9495283479331722,1084800.0
1972-08-10,False,daily,126.0,129.75,126.0,129.75,47200.0,0.9132868079357228,0.9404679629338099,0.9132868079357228,0.9404679629338099,2265600.0
1972-08-09,False,daily,124.0,125.25,124.0,125.0,21500.0,0.8987901919367431,0.9078505769361055,0.8987901919367431,0.906038499936233,1032000.0
1972-08-08,False,daily,124.38,124.38,123.5,124.0,15300.0,0.9015445489765492,0.9015445489765492,0.8951660379369982,0.8987901919367431,734400.0
1972-08-07,False,daily,124.25,124.38,123.5,124.38,16100.0,0.9006022689366155,0.9015445489765492,0.8951660379369982,0.9015445489765492,772800.0
1972-08-04,False,daily,123.5,124.5,123.5,124.25,30100.0,0.8951660379369982,0.9024143459364881,0.8951660379369982,0.9006022689366155,1444800.0
1972-08-03,False,daily,123.25,123.25,121.75,122.5,25400.0,0.8933539609371257,0.8933539609371257,0.882481498937891,0.8879177299375083,1219200.0
1972-08-02,False,daily,123.0,123.37,122.25,123.25,20800.0,0.8915418839372533,0.8942237578970645,0.8861056529376359,0.8933539609371257,998400.0
1972-08-01,False,daily,121.75,123.37,121.75,123.0,16900.0,0.882481498937891,0.8942237578970645,0.882481498937891,0.8915418839372533,811200.0
1972-07-31,False,daily,121.75,122.0,121.0,121.75,18300.0,0.882481498937891,0.8842935759377634,0.8770452679382735,0.882481498937891,878400.0
1972-07-28,False,daily,121.62,122.25,121.13,121.75,10200.0,0.8815392188979573,0.8861056529376359,0.8779875479782072,0.882481498937891,489600.0
1972-07-27,False,daily,123.0,123.0,121.38,121.62,54100.0,0.8915418839372533,0.8915418839372533,0.8797996249780796,0.8815392188979573,2596800.0
1972-07-26,False,daily,123.0,123.25,122.25,123.0,15300.0,0.8915418839372533,0.8933539609371257,0.8861056529376359,0.8915418839372533,734400.0
1972-07-25,False,daily,124.0,124.25,123.0,123.0,11700.0,0.8987901919367431,0.9006022689366155,0.8915418839372533,0.8915418839372533,561600.0
1972-07-24,False,daily,122.0,124.0,122.0,124.0,16200.0,0.8842935759377634,0.8987901919367431,0.8842935759377634,0.8987901919367431,777600.0
1972-07-21,False,daily,122.25,122.25,121.75,122.0,8100.0,0.8861056529376359,0.8861056529376359,0.882481498937891,0.8842935759377634,388800.0
1972-07-20,False,daily,121.75,122.75,121.75,122.5,4600.0,0.882481498937891,0.8897298069373808,0.882481498937891,0.8879177299375083,220800.0
1972-07-19,False,daily,122.5,123.5,121.13,121.13,8500.0,0.8879177299375083,0.8951660379369982,0.8779875479782072,0.8779875479782072,408000.0
1972-07-18,False,daily,122.75,122.75,119.75,122.5,22000.0,0.8897298069373808,0.8897298069373808,0.8679848829389112,0.8879177299375083,1056000.0
1972-07-17,False,daily,125.5,125.75,123.5,123.5,13100.0,0.9096626539359779,0.9114747309358504,0.8951660379369982,0.8951660379369982,628800.0
1972-07-14,False,daily,124.75,125.75,124.75,125.5,7400.0,0.9042264229363606,0.9114747309358504,0.9042264229363606,0.9096626539359779,355200.0
1972-07-13,False,daily,125.0,125.75,123.75,124.75,8900.0,0.906038499936233,0.9114747309358504,0.8969781149368706,0.9042264229363606,427200.0
1972-07-12,False,daily,124.25,125.38,124.25,125.0,11900.0,0.9006022689366155,0.9087928569760391,0.9006022689366155,0.906038499936233,571200.0
1972-07-11,False,daily,123.5,124.25,123.5,124.25,6300.0,0.8951660379369982,0.9006022689366155,0.8951660379369982,0.9006022689366155,302400.0
1972-07-10,False,daily,123.75,124.0,123.0,123.5,23700.0,0.8969781149368706,0.8987901919367431,0.8915418839372533,0.8951660379369982,1137600.0
1972-07-07,False,daily,125.38,125.38,123.25,123.75,14100.0,0.9087928569760391,0.9087928569760391,0.8933539609371257,0.8969781149368706,676800.0
1972-07-06,False,daily,123.5,125.5,123.5,125.38,22800.0,0.8951660379369982,0.9096626539359779,0.8951660379369982,0.9087928569760391,1094400.0
1972-07-05,False,daily,123.0,124.0,123.0,123.5,18900.0,0.8915418839372533,0.8987901919367431,0.8915418839372533,0.8951660379369982,907200.0
1972-07-03,False,daily,122.75,123.25,122.25,123.0,11500.0,0.8897298069373808,0.8933539609371257,0.8861056529376359,0.8915418839372533,552000.0
1972-06-30,False,daily,121.5,123.0,121.25,122.75,11200.0,0.8806694219380184,0.8915418839372533,0.878857344938146,0.8897298069373808,537600.0
1972-06-29,False,daily,121.75,121.75,121.25,121.5,4200.0,0.882481498937891,0.882481498937891,0.878857344938146,0.8806694219380184,201600.0
1972-06-28,False,daily,122.0,122.0,121.25,121.75,23700.0,0.8842935759377634,0.8842935759377634,0.878857344938146,0.882481498937891,1137600.0
1972-06-27,False,daily,122.0,123.25,121.75,122.0,6200.0,0.8842935759377634,0.8933539609371257,0.882481498937891,0.8842935759377634,297600.0
1972-06-26,False,daily,122.38,122.63,120.25,122.0,14900.0,0.8870479329775696,0.888860009977442,0.8716090369386561,0.8842935759377634,715200.0
1972-06-23,False,daily,123.75,123.88,122.38,122.38,20300.0,0.8969781149368706,0.8979203949768043,0.8870479329775696,0.8870479329775696,974400.0
1972-06-22,False,daily,123.88,123.88,123.25,123.75,6400.0,0.8979203949768043,0.8979203949768043,0.8933539609371257,0.8969781149368706,307200.0
1972-06-21,False,daily,123.75,124.13,123.5,124.0,20400.0,0.8969781149368706,0.8997324719766768,0.8951660379369982,0.8987901919367431,979200.0
1972-06-20,False,daily,122.0,124.0,122.0,123.75,11000.0,0.8842935759377634,0.8987901919367431,0.8842935759377634,0.8969781149368706,528000.0
1972-06-19,False,daily,121.5,122.0,119.5,122.0,21900.0,0.8806694219380184,0.8842935759377634,0.8661728059390388,0.8842935759377634,1051200.0
1972-06-16,False,daily,123.25,123.75,121.5,121.5,8900.0,0.8933539609371257,0.8969781149368706,0.8806694219380184,0.8806694219380184,427200.0
1972-06-15,False,daily,125.25,125.5,122.75,123.25,11700.0,0.9078505769361055,0.9096626539359779,0.8897298069373808,0.8933539609371257,561600.0
1972-06-14,False,daily,123.0,125.25,123.0,125.25,33600.0,0.8915418839372533,0.9078505769361055,0.8915418839372533,0.9078505769361055,1612800.0
1972-06-13,False,daily,123.75,124.5,123.0,123.0,11700.0,0.8969781149368706,0.9024143459364881,0.8915418839372533,0.8915418839372533,561600.0
1972-06-12,False,daily,122.25,124.25,122.0,123.75,15700.0,0.8861056529376359,0.9006022689366155,0.8842935759377634,0.8969781149368706,753600.0
1972-06-09,False,daily,121.75,122.25,121.13,122.25,24800.0,0.882481498937891,0.8861056529376359,0.8779875479782072,0.8861056529376359,1190400.0
1972-06-08,False,daily,122.0,122.0,121.0,121.75,10400.0,0.8842935759377634,0.8842935759377634,0.8770452679382735,0.882481498937891,499200.0
1972-06-07,False,daily,122.5,122.5,121.5,122.0,7900.0,0.8879177299375083,0.8879177299375083,0.8806694219380184,0.8842935759377634,379200.0
1972-06-06,False,daily,124.5,124.5,121.25,122.5,31800.0,0.9024143459364881,0.9024143459364881,0.878857344938146,0.8879177299375083,1526400.0
1972-06-05,False,daily,124.13,126.0,124.13,125.0,18700.0,0.8997324719766768,0.9132868079357228,0.8997324719766768,0.906038499936233,897600.0
1972-06-02,False,daily,121.25,124.0,121.25,123.62,18500.0,0.878857344938146,0.8987901919367431,0.878857344938146,0.8960358348969371,888000.0
1972-06-01,False,daily,119.5,120.75,119.25,120.75,18000.0,0.8661728059390388,0.8752331909384011,0.8643607289391663,0.8752331909384011,864000.0
1972-05-31,False,daily,120.25,120.5,119.25,119.5,15200.0,0.8716090369386561,0.8734211139385286,0.8643607289391663,0.8661728059390388,729600.0
1972-05-30,False,daily,120.5,122.75,120.0,120.25,12200.0,0.8734211139385286,0.8897298069373808,0.8697969599387837,0.8716090369386561,585600.0
1972-05-26,False,daily,122.38,122.38,120.5,120.5,28100.0,0.8870479329775696,0.8870479329775696,0.8734211139385286,0.8734211139385286,1348800.0
1972-05-25,False,daily,126.75,128.25,125.75,125.88,16700.0,0.9187230389353402,0.9295955009345751,0.9114747309358504,0.9124170109757841,801600.0
1972-05-24,False,daily,126.0,128.0,126.0,126.75,21800.0,0.9132868079357228,0.9277834239347026,0.9132868079357228,0.9187230389353402,1046400.0
1972-05-23,False,daily,123.25,125.25,123.25,125.12,24100.0,0.8933539609371257,0.9078505769361055,0.8933539609371257,0.9069082968961718,1156800.0
1972-05-22,False,daily,120.0,122.25,120.0,122.0,15200.0,0.8697969599387837,0.8861056529376359,0.8697969599387837,0.8842935759377634,729600.0
1972-05-19,False,daily,120.0,120.25,119.63,120.0,16000.0,0.8690845955162294,0.8708951884235548,0.8664049180133877,0.8690845955162294,768000.0
1972-05-18,False,daily,118.0,120.0,117.88,120.0,18300.0,0.8545998522576256,0.8690845955162294,0.8537307676621093,0.8690845955162294,878400.0
1972-05-17,False,daily,118.62,118.75,117.75,118.0,18000.0,0.8590901226677928,0.860031630979602,0.8527892593503001,0.8545998522576256,864000.0
1972-05-16,False,daily,118.87,118.87,118.25,118.62,8600.0,0.8609007155751183,0.8609007155751183,0.8564104451649511,0.8590901226677928,412800.0
1972-05-15,False,daily,117.62,119.12,117.62,119.0,27000.0,0.8518477510384909,0.8627113084824438,0.8518477510384909,0.8618422238869275,1296000.0
1972-05-12,False,daily,117.0,117.62,117.0,117.37,21200.0,0.8473574806283237,0.8518477510384909,0.8473574806283237,0.8500371581311654,1017600.0
1972-05-11,False,daily,116.5,116.75,116.12,116.75,14900.0,0.8437362948136727,0.8455468877209982,0.840984193594538,0.8455468877209982,715200.0
1972-05-10,False,daily,114.5,116.5,114.25,116.5,12000.0,0.8292515515550689,0.8437362948136727,0.8274409586477435,0.8437362948136727,576000.0
1972-05-09,False,daily,115.25,115.25,114.0,114.5,12400.0,0.8346833302770453,0.8346833302770453,0.8256303657404179,0.8292515515550689,595200.0
1972-05-08,False,daily,115.5,115.75,114.5,115.5,7500.0,0.8364939231843708,0.8383045160916963,0.8292515515550689,0.8364939231843708,360000.0
1972-05-05,False,daily,114.5,116.25,114.0,115.5,22100.0,0.8292515515550689,0.8419257019063473,0.8256303657404179,0.8364939231843708,1060800.0
1972-05-04,False,daily,113.75,114.5,113.38,114.5,11700.0,0.8238197728330925,0.8292515515550689,0.8211400953302508,0.8292515515550689,561600.0
1972-05-03,False,daily,114.25,114.5,113.75,113.75,8700.0,0.8274409586477435,0.8292515515550689,0.8238197728330925,0.8238197728330925,417600.0
1972-05-02,False,daily,115.5,115.87,114.25,114.25,24400.0,0.8364939231843708,0.8391736006872126,0.8274409586477435,0.8274409586477435,1171200.0
1972-05-01,False,daily,116.5,117.25,114.75,115.5,7900.0,0.8437362948136727,0.8491680735356492,0.8310621444623943,0.8364939231843708,379200.0
1972-04-28,False,daily,114.25,116.5,114.25,116.5,13700.0,0.8274409586477435,0.8437362948136727,0.8274409586477435,0.8437362948136727,657600.0
1972-04-27,False,daily,113.88,114.75,113.75,114.0,15900.0,0.8247612811449017,0.8310621444623943,0.8238197728330925,0.8256303657404179,763200.0
1972-04-26,False,daily,114.25,114.88,113.25,113.88,18800.0,0.8274409586477435,0.8320036527742036,0.8201985870184415,0.8247612811449017,902400.0
1972-04-25,False,daily,114.25,116.38,113.75,114.25,50900.0,0.8274409586477435,0.8428672102181565,0.8238197728330925,0.8274409586477435,2443200.0
1972-04-24,False,daily,115.0,115.0,113.25,114.25,20200.0,0.8328727373697199,0.8328727373697199,0.8201985870184415,0.8274409586477435,969600.0
1972-04-21,False,daily,116.12,116.25,115.0,115.13,6300.0,0.840984193594538,0.8419257019063473,0.8328727373697199,0.8338142456815291,302400.0
1972-04-20,False,daily,116.5,116.5,115.13,116.12,10100.0,0.8437362948136727,0.8437362948136727,0.8338142456815291,0.840984193594538,484800.0
1972-04-19,False,daily,117.88,117.88,116.25,116.5,17000.0,0.8537307676621093,0.8537307676621093,0.8419257019063473,0.8437362948136727,816000.0
1972-04-18,False,daily,118.25,118.62,117.75,118.0,18600.0,0.8564104451649511,0.8590901226677928,0.8527892593503001,0.8545998522576256,892800.0
1972-04-17,False,daily,118.25,119.0,118.25,118.25,14500.0,0.8564104451649511,0.8618422238869275,0.8564104451649511,0.8564104451649511,696000.0
1972-04-14,False,daily,116.5,118.0,115.75,118.0,17400.0,0.8437362948136727,0.8545998522576256,0.8383045160916963,0.8545998522576256,835200.0
1972-04-13,False,daily,116.63,117.25,116.0,116.5,14600.0,0.8446778031254819,0.8491680735356492,0.8401151089990218,0.8437362948136727,700800.0
1972-04-12,False,daily,115.25,116.75,115.25,116.63,16400.0,0.8346833302770453,0.8455468877209982,0.8346833302770453,0.8446778031254819,787200.0
1972-04-11,False,daily,115.25,116.25,115.25,115.25,19000.0,0.8346833302770453,0.8419257019063473,0.8346833302770453,0.8346833302770453,912000.0
1972-04-10,False,daily,115.0,117.25,115.0,115.25,24000.0,0.8328727373697199,0.8491680735356492,0.8328727373697199,0.8346833302770453,1152000.0
1972-04-07,False,daily,112.38,115.25,112.0,115.0,28600.0,0.8138977237009488,0.8346833302770453,0.8111456224818141,0.8328727373697199,1372800.0
1972-04-06,False,daily,111.5,112.75,110.88,112.38,17500.0,0.8075244366671632,0.8165774012037905,0.803034166256996,0.8138977237009488,840000.0
1972-04-05,False,daily,111.5,112.5,110.75,111.5,31000.0,0.8075244366671632,0.8147668082964651,0.8020926579451867,0.8075244366671632,1488000.0
1972-04-04,False,daily,110.5,111.75,109.75,111.5,16700.0,0.8002820650378613,0.8093350295744887,0.7948502863158848,0.8075244366671632,801600.0
1972-04-03,False,daily,110.5,111.25,110.5,110.5,13900.0,0.8002820650378613,0.8057138437598377,0.8002820650378613,0.8002820650378613,667200.0
1972-03-30,False,daily,111.5,111.5,110.25,110.5,13700.0,0.8075244366671632,0.8075244366671632,0.7984714721305358,0.8002820650378613,657600.0
1972-03-29,False,daily,111.75,112.13,111.37,111.62,15200.0,0.8093350295744887,0.8120871307936234,0.806582928355354,0.8083935212626794,729600.0
1972-03-28,False,daily,110.75,112.5,110.75,111.75,30400.0,0.8020926579451867,0.8147668082964651,0.8020926579451867,0.8093350295744887,1459200.0
1972-03-27,False,daily,109.62,110.38,109.5,110.0,8600.0,0.7939087780040756,0.799412980442345,0.7930396934085594,0.7966608792232103,412800.0
1972-03-24,False,daily,110.25,111.25,109.5,109.62,29700.0,0.7984714721305358,0.8057138437598377,0.7930396934085594,0.7939087780040756,1425600.0
1972-03-23,False,daily,109.5,110.75,109.5,110.25,40700.0,0.7930396934085594,0.8020926579451867,0.7930396934085594,0.7984714721305358,1953600.0
1972-03-22,False,daily,109.38,109.38,109.0,109.25,87700.0,0.7921706088130431,0.7921706088130431,0.7894185075939084,0.7912291005012339,4209600.0
1972-03-21,False,daily,109.75,109.75,109.75,109.75,84900.0,0.7948502863158848,0.7948502863158848,0.7948502863158848,0.7948502863158848,4075200.0
1972-03-20,False,daily,110.0,110.0,109.5,109.75,13900.0,0.7966608792232103,0.7966608792232103,0.7930396934085594,0.7948502863158848,667200.0
1972-03-17,False,daily,110.0,110.0,109.25,110.0,6700.0,0.7966608792232103,0.7966608792232103,0.7912291005012339,0.7966608792232103,321600.0
1972-03-16,False,daily,111.0,111.0,109.0,110.25,11800.0,0.8039032508525122,0.8039032508525122,0.7894185075939084,0.7984714721305358,566400.0
1972-03-15,False,daily,110.75,112.0,110.38,111.12,9700.0,0.8020926579451867,0.8111456224818141,0.799412980442345,0.8047723354480285,465600.0
1972-03-14,False,daily,108.5,110.75,107.0,110.75,9600.0,0.7857973217792574,0.8020926579451867,0.7749337643353046,0.8020926579451867,460800.0
1972-03-13,False,daily,109.25,109.25,108.0,108.5,23600.0,0.7912291005012339,0.7912291005012339,0.7821761359646064,0.7857973217792574,1132800.0
1972-03-10,False,daily,113.0,113.0,110.0,110.25,26100.0,0.8183879941111161,0.8183879941111161,0.7966608792232103,0.7984714721305358,1252800.0
1972-03-09,False,daily,110.75,114.88,110.75,114.5,36400.0,0.8020926579451867,0.8320036527742036,0.8020926579451867,0.8292515515550689,1747200.0
1972-03-08,False,daily,109.5,110.75,109.25,110.63,11200.0,0.7930396934085594,0.8020926579451867,0.7912291005012339,0.8012235733496704,537600.0
1972-03-07,False,daily,108.5,110.25,108.5,109.5,22900.0,0.7857973217792574,0.7984714721305358,0.7857973217792574,0.7930396934085594,1099200.0
1972-03-06,False,daily,106.5,108.75,106.5,107.75,13700.0,0.7713125785206536,0.7876079146865829,0.7713125785206536,0.780365543057281,657600.0
1972-03-03,False,daily,105.5,106.5,105.5,106.5,4800.0,0.7640702068913517,0.7713125785206536,0.7640702068913517,0.7713125785206536,230400.0
1972-03-02,False,daily,105.25,105.75,104.0,105.25,17200.0,0.7622596139840262,0.7658807997986772,0.7532066494473988,0.7622596139840262,825600.0
1972-03-01,False,daily,103.5,105.25,103.5,105.25,12100.0,0.7495854636327479,0.7622596139840262,0.7495854636327479,0.7622596139840262,580800.0
1972-02-29,False,daily,102.0,103.5,102.0,103.0,15200.0,0.738721906188795,0.7495854636327479,0.738721906188795,0.7459642778180969,729600.0
1972-02-28,False,daily,99.75,102.0,99.75,101.75,15000.0,0.7224265700228657,0.738721906188795,0.7224265700228657,0.7369113132814695,720000.0
1972-02-25,False,daily,102.75,102.75,99.5,99.5,15400.0,0.7441536849107715,0.7441536849107715,0.7206159771155403,0.7206159771155403,739200.0
1972-02-24,False,daily,103.25,103.25,101.12,103.0,15500.0,0.7477748707254224,0.7477748707254224,0.7323486191550094,0.7459642778180969,744000.0
1972-02-23,False,daily,104.38,104.38,101.75,103.5,33900.0,0.7559587506665335,0.7559587506665335,0.7369113132814695,0.7495854636327479,1627200.0
1972-02-22,False,daily,106.75,107.5,106.25,106.38,9800.0,0.773123171427979,0.7785549501499556,0.7695019856133282,0.7704434939251373,470400.0
1972-02-18,False,daily,107.75,108.0,106.75,106.75,16900.0,0.780365543057281,0.7821761359646064,0.773123171427979,0.773123171427979,811200.0
1972-02-17,False,daily,105.5,107.88,105.5,107.75,16100.0,0.7630194915259716,0.7802326326618181,0.7630194915259716,0.7792924190703643,772800.0
1972-02-16,False,daily,104.75,105.75,104.75,105.0,32700.0,0.7575951823445073,0.7648275945864597,0.7575951823445073,0.7594032854049954,1569600.0
1972-02-15,False,daily,103.25,105.0,103.25,104.75,12800.0,0.7467465639815788,0.7594032854049954,0.7467465639815788,0.7575951823445073,614400.0
1972-02-14,False,daily,103.25,103.25,102.5,103.25,8500.0,0.7467465639815788,0.7467465639815788,0.7413222548001146,0.7467465639815788,408000.0
1972-02-11,False,daily,102.5,103.25,102.5,103.25,8000.0,0.7413222548001146,0.7467465639815788,0.7413222548001146,0.7467465639815788,384000.0
1972-02-10,False,daily,102.62,103.25,102.0,102.0,25100.0,0.7421901442691489,0.7467465639815788,0.7377060486791384,0.7377060486791384,1204800.0
1972-02-09,False,daily,103.0,103.75,102.5,102.62,14400.0,0.7449384609210907,0.750362770102555,0.7413222548001146,0.7421901442691489,691200.0
1972-02-08,False,daily,103.5,103.5,102.5,103.0,8200.0,0.7485546670420669,0.7485546670420669,0.7413222548001146,0.7449384609210907,393600.0
1972-02-07,False,daily,105.5,106.5,103.13,103.75,19900.0,0.7630194915259716,0.770251903767924,0.7458786745125445,0.750362770102555,955200.0
1972-02-04,False,daily,99.5,105.5,99.5,105.5,47500.0,0.7196250180742576,0.7630194915259716,0.7196250180742576,0.7630194915259716,2280000.0
1972-02-03,False,daily,97.75,99.37,97.75,99.12,48000.0,0.7069682966508409,0.7186848044828038,0.7069682966508409,0.7168767014223157,2304000.0
1972-02-02,False,daily,98.0,98.5,97.75,97.75,15500.0,0.708776399711329,0.7123926058323052,0.7069682966508409,0.7069682966508409,744000.0
1972-02-01,False,daily,98.25,98.25,97.75,98.0,12000.0,0.7105845027718172,0.7105845027718172,0.7069682966508409,0.708776399711329,576000.0
1972-01-31,False,daily,98.0,98.75,98.0,98.63,9900.0,0.708776399711329,0.7142007088927933,0.708776399711329,0.713332819423759,475200.0
1972-01-28,False,daily,97.13,98.0,97.13,97.87,11500.0,0.7024842010608304,0.708776399711329,0.7024842010608304,0.7078361861198753,552000.0
1972-01-27,False,daily,96.5,97.0,96.25,97.0,9600.0,0.6979277813484005,0.7015439874693767,0.6961196782879124,0.7015439874693767,460800.0
1972-01-26,False,daily,95.75,96.75,95.75,96.5,7000.0,0.6925034721669363,0.6997358844088887,0.6925034721669363,0.6979277813484005,336000.0
1972-01-25,False,daily,95.0,95.5,94.25,95.5,16800.0,0.687079162985472,0.6906953691064482,0.6816548538040078,0.6906953691064482,806400.0
1972-01-24,False,daily,96.25,96.5,94.75,95.0,10100.0,0.6961196782879124,0.6979277813484005,0.6852710599249839,0.687079162985472,484800.0
1972-01-21,False,daily,97.25,97.5,96.0,96.25,36000.0,0.7033520905298648,0.7051601935903529,0.6943115752274244,0.6961196782879124,1728000.0
1972-01-20,False,daily,96.25,97.5,96.0,97.25,12100.0,0.6961196782879124,0.7051601935903529,0.6943115752274244,0.7033520905298648,580800.0
1972-01-19,False,daily,95.5,96.25,95.38,96.25,9000.0,0.6906953691064482,0.6961196782879124,0.6898274796374139,0.6961196782879124,432000.0
1972-01-18,False,daily,95.0,96.0,95.0,95.5,15900.0,0.687079162985472,0.6943115752274244,0.687079162985472,0.6906953691064482,763200.0
1972-01-17,False,daily,95.25,95.25,94.38,94.87,11700.0,0.6888872660459601,0.6888872660459601,0.6825950673954615,0.6861389493940183,561600.0
1972-01-14,False,daily,96.25,96.25,95.5,95.5,9300.0,0.6961196782879124,0.6961196782879124,0.6906953691064482,0.6906953691064482,446400.0
1972-01-13,False,daily,97.13,97.13,96.25,96.25,8500.0,0.7024842010608304,0.7024842010608304,0.6961196782879124,0.6961196782879124,408000.0
1972-01-12,False,daily,97.75,97.87,97.0,97.25,21700.0,0.7069682966508409,0.7078361861198753,0.7015439874693767,0.7033520905298648,1041600.0
1972-01-11,False,daily,98.12,98.12,97.25,97.75,10300.0,0.7096442891803634,0.7096442891803634,0.7033520905298648,0.7069682966508409,494400.0
1972-01-10,False,daily,98.0,98.5,98.0,98.25,9100.0,0.708776399711329,0.7123926058323052,0.708776399711329,0.7105845027718172,436800.0
1972-01-07,False,daily,98.12,98.25,97.62,98.0,26800.0,0.7096442891803634,0.7105845027718172,0.7060280830593872,0.708776399711329,1286400.0
1972-01-06,False,daily,97.87,98.25,97.87,98.12,11400.0,0.7078361861198753,0.7105845027718172,0.7078361861198753,0.7096442891803634,547200.0
1972-01-05,False,daily,98.12,98.75,97.75,97.87,13500.0,0.7096442891803634,0.7142007088927933,0.7069682966508409,0.7078361861198753,648000.0
1972-01-04,False,daily,97.75,98.25,97.25,98.12,16300.0,0.7069682966508409,0.7105845027718172,0.7033520905298648,0.7096442891803634,782400.0
1972-01-03,False,daily,98.5,98.5,97.75,97.75,16200.0,0.7123926058323052,0.7123926058323052,0.7069682966508409,0.7069682966508409,777600.0
1973-12-31,False,daily,111.75,112.75,110.75,112.75,13200.0,0.8149124205142867,0.8222047016821997,0.8076201393463736,0.8222047016821997,633600.0
1973-12-28,False,daily,113.25,113.25,110.25,111.75,15600.0,0.8258508422661562,0.8258508422661562,0.803973998762417,0.8149124205142867,748800.0
1973-12-27,False,daily,114.0,115.25,114.0,114.5,32000.0,0.8313200531420911,0.8404354046019824,0.8313200531420911,0.8349661937260476,1536000.0
1973-12-26,False,daily,109.38,113.5,109.38,113.12,44700.0,0.7976297141463327,0.8276739125581345,0.7976297141463327,0.8249028457143276,2145600.0
1973-12-24,False,daily,105.0,105.0,101.25,105.0,23500.0,0.7656895226308733,0.7656895226308733,0.7383434682511993,0.7656895226308733,1128000.0
1973-12-21,False,daily,107.0,108.0,104.75,105.0,25100.0,0.7802740849666995,0.7875663661346126,0.763866452338895,0.7656895226308733,1204800.0
1973-12-20,False,daily,110.0,110.0,107.0,107.0,23000.0,0.8021509284704388,0.8021509284704388,0.7802740849666995,0.7802740849666995,1104000.0
1973-12-19,False,daily,110.75,114.0,109.75,110.25,26400.0,0.8076201393463736,0.8313200531420911,0.8003278581784605,0.803973998762417,1267200.0
1973-12-18,False,daily,104.5,110.75,104.38,110.75,23000.0,0.7620433820469168,0.8076201393463736,0.7611683083067672,0.8076201393463736,1104000.0
1973-12-17,False,daily,106.0,106.0,104.25,104.5,26200.0,0.7729818037987864,0.7729818037987864,0.7602203117549385,0.7620433820469168,1257600.0
1973-12-14,False,daily,108.0,110.5,105.0,107.5,68900.0,0.7875663661346126,0.8057970690543953,0.7656895226308733,0.7839202255506561,3307200.0
1973-12-13,False,daily,113.0,113.0,107.75,108.0,39500.0,0.824027771974178,0.824027771974178,0.7857432958426344,0.7875663661346126,1896000.0
1973-12-12,False,daily,114.88,114.88,113.25,113.25,18900.0,0.8377372605698545,0.8377372605698545,0.8258508422661562,0.8258508422661562,907200.0
1973-12-11,False,daily,119.12,120.5,117.75,117.88,26200.0,0.8686565327218061,0.8787198807335261,0.8586661075217651,0.8596141040735937,1257600.0
1973-12-10,False,daily,115.5,119.88,114.5,119.12,23200.0,0.8422584748939607,0.8741986664094199,0.8349661937260476,0.8686565327218061,1113600.0
1973-12-07,False,daily,113.0,116.25,113.0,115.5,21300.0,0.824027771974178,0.8477276857698955,0.824027771974178,0.8422584748939607,1022400.0
1973-12-06,False,daily,109.5,113.25,109.5,112.75,29600.0,0.7985047878864822,0.8258508422661562,0.7985047878864822,0.8222047016821997,1420800.0
1973-12-05,False,daily,111.75,111.75,109.5,109.5,28400.0,0.8149124205142867,0.8149124205142867,0.7985047878864822,0.7985047878864822,1363200.0
1973-12-04,False,daily,115.62,116.0,111.75,111.75,25900.0,0.8431335486341103,0.8459046154779172,0.8149124205142867,0.8149124205142867,1243200.0
1973-12-03,False,daily,116.0,116.0,115.25,115.62,19100.0,0.8459046154779172,0.8459046154779172,0.8404354046019824,0.8431335486341103,916800.0
1973-11-30,False,daily,117.75,118.0,116.75,116.75,10300.0,0.8586661075217651,0.8604891778137433,0.8513738263538521,0.8513738263538521,494400.0
1973-11-29,False,daily,118.25,118.25,116.5,117.75,20200.0,0.8623122481057217,0.8623122481057217,0.8495507560618738,0.8586661075217651,969600.0
1973-11-28,False,daily,115.75,119.0,115.75,118.25,17500.0,0.8440815451859389,0.8677814589816565,0.8440815451859389,0.8623122481057217,840000.0
1973-11-27,False,daily,115.0,115.75,114.88,115.25,18600.0,0.8386123343100041,0.8440815451859389,0.8377372605698545,0.8404354046019824,892800.0
1973-11-26,False,daily,116.38,116.38,114.88,115.0,14600.0,0.8486756823217242,0.8486756823217242,0.8377372605698545,0.8386123343100041,700800.0
1973-11-23,False,daily,117.12,117.88,116.63,117.25,11300.0,0.8540719703859799,0.8596141040735937,0.8504987526137024,0.8550199669378086,542400.0
1973-11-21,False,daily,115.5,117.25,115.25,117.12,36200.0,0.8422584748939607,0.8550199669378086,0.8404354046019824,0.8540719703859799,1737600.0
1973-11-20,False,daily,117.25,117.25,114.88,115.5,23300.0,0.8550199669378086,0.8550199669378086,0.8377372605698545,0.8422584748939607,1118400.0
1973-11-19,False,daily,120.0,120.0,119.0,119.0,11400.0,0.8750737401495695,0.8750737401495695,0.8677814589816565,0.8677814589816565,547200.0
1973-11-16,False,daily,119.5,120.75,119.25,120.25,17600.0,0.871427599565613,0.8805429510255044,0.8696045292736347,0.8768968104415478,844800.0
1973-11-15,False,daily,120.0,120.12,119.25,119.5,15300.0,0.8741650446769325,0.8750392097216094,0.8687015131477016,0.8705226903241119,734400.0
1973-11-14,False,daily,120.12,121.75,120.0,120.0,11700.0,0.8750392097216094,0.8869132849118043,0.8741650446769325,0.8741650446769325,561600.0
1973-11-13,False,daily,121.0,121.0,120.0,120.12,5400.0,0.8814497533825736,0.8814497533825736,0.8741650446769325,0.8750392097216094,259200.0
1973-11-12,False,daily,121.13,121.5,120.0,121.25,10100.0,0.8823967655143069,0.8850921077353942,0.8741650446769325,0.8832709305589839,484800.0
1973-11-09,False,daily,122.0,122.0,120.75,121.13,2800.0,0.8887344620882146,0.8887344620882146,0.8796285762061633,0.8823967655143069,134400.0
1973-11-08,False,daily,122.25,123.5,122.0,122.25,26400.0,0.8905556392646249,0.8996615251466763,0.8887344620882146,0.8905556392646249,1267200.0
1973-11-07,False,daily,120.0,122.5,120.0,122.25,7500.0,0.8741650446769325,0.8923768164410352,0.8741650446769325,0.8905556392646249,360000.0
1973-11-06,False,daily,119.75,120.75,119.75,120.0,15500.0,0.8723438675005222,0.8796285762061633,0.8723438675005222,0.8741650446769325,744000.0
1973-11-05,False,daily,120.62,120.75,119.38,119.38,14300.0,0.87868156407443,0.8796285762061633,0.8696485252794349,0.8696485252794349,686400.0
1973-11-02,False,daily,119.5,120.62,119.38,120.62,10500.0,0.8705226903241119,0.87868156407443,0.8696485252794349,0.87868156407443,504000.0
1973-11-01,False,daily,120.75,120.75,119.5,119.5,16100.0,0.8796285762061633,0.8796285762061633,0.8705226903241119,0.8705226903241119,772800.0
1973-10-31,False,daily,122.0,122.5,120.75,120.88,38800.0,0.8887344620882146,0.8923768164410352,0.8796285762061633,0.8805755883378966,1862400.0
1973-10-30,False,daily,124.0,124.25,122.0,122.0,35700.0,0.9033038794994969,0.9051250566759071,0.8887344620882146,0.8887344620882146,1713600.0
1973-10-29,False,daily,123.25,124.25,123.0,124.0,10700.0,0.897840347970266,0.9051250566759071,0.8960191707938557,0.9033038794994969,513600.0
1973-10-26,False,daily,121.5,123.75,121.5,123.25,23400.0,0.8850921077353942,0.9014827023230866,0.8850921077353942,0.897840347970266,1123200.0
1973-10-25,False,daily,120.5,121.5,119.75,121.0,26400.0,0.877807399029753,0.8850921077353942,0.8723438675005222,0.8814497533825736,1267200.0
1973-10-24,False,daily,120.5,120.5,119.75,120.5,21500.0,0.877807399029753,0.877807399029753,0.8723438675005222,0.877807399029753,1032000.0
1973-10-23,False,daily,119.5,121.0,118.5,120.88,17500.0,0.8705226903241119,0.8814497533825736,0.8632379816184708,0.8805755883378966,840000.0
1973-10-22,False,daily,119.25,119.75,118.0,119.5,15800.0,0.8687015131477016,0.8723438675005222,0.8595956272656502,0.8705226903241119,758400.0
1973-10-19,False,daily,117.5,120.0,117.5,119.25,25300.0,0.8559532729128296,0.8741650446769325,0.8559532729128296,0.8687015131477016,1214400.0
1973-10-18,False,daily,117.88,119.12,117.25,117.25,9500.0,0.8587214622209732,0.8677545010159683,0.8541320957364195,0.8541320957364195,456000.0
1973-10-17,False,daily,118.75,119.0,117.75,117.88,17000.0,0.865059158794881,0.8668803359712913,0.8577744500892399,0.8587214622209732,816000.0
1973-10-16,False,daily,118.75,119.0,118.0,118.75,10800.0,0.865059158794881,0.8668803359712913,0.8595956272656502,0.865059158794881,518400.0
1973-10-15,False,daily,118.25,118.75,117.75,118.75,7300.0,0.8614168044420605,0.865059158794881,0.8577744500892399,0.865059158794881,350400.0
1973-10-12,False,daily,117.0,118.25,117.0,118.25,15300.0,0.8523109185600092,0.8614168044420605,0.8523109185600092,0.8614168044420605,734400.0
1973-10-11,False,daily,116.25,117.0,116.0,116.5,17600.0,0.8468473870307783,0.8523109185600092,0.845026209854368,0.8486685642071886,844800.0
1973-10-10,False,daily,117.25,118.0,116.25,116.25,27500.0,0.8541320957364195,0.8595956272656502,0.8468473870307783,0.8468473870307783,1320000.0
1973-10-09,False,daily,116.88,117.37,116.75,117.25,15600.0,0.8514367535153322,0.8550062607810964,0.8504897413835989,0.8541320957364195,748800.0
1973-10-08,False,daily,116.25,117.0,116.0,116.88,9200.0,0.8468473870307783,0.8523109185600092,0.845026209854368,0.8514367535153322,441600.0
1973-10-05,False,daily,114.25,117.0,114.25,116.25,22600.0,0.8322779696194961,0.8523109185600092,0.8322779696194961,0.8468473870307783,1084800.0
1973-10-04,False,daily,114.5,114.5,113.0,114.12,22300.0,0.8340991467959064,0.8340991467959064,0.8231720837374448,0.8313309574877628,1070400.0
1973-10-03,False,daily,116.25,116.25,114.25,115.13,26900.0,0.8468473870307783,0.8468473870307783,0.8322779696194961,0.8386885132804602,1291200.0
1973-10-02,False,daily,116.63,117.62,116.0,116.25,17100.0,0.8496155763389219,0.8568274379575066,0.845026209854368,0.8468473870307783,820800.0
1973-10-01,False,daily,118.0,118.0,116.5,116.63,7700.0,0.8595956272656502,0.8595956272656502,0.8486685642071886,0.8496155763389219,369600.0
1973-09-28,False,daily,119.0,119.0,118.0,118.5,13100.0,0.8668803359712913,0.8668803359712913,0.8595956272656502,0.8632379816184708,628800.0
1973-09-27,False,daily,120.12,120.5,118.5,119.0,42400.0,0.8750392097216094,0.877807399029753,0.8632379816184708,0.8668803359712913,2035200.0
1973-09-26,False,daily,120.0,120.5,120.0,120.12,5600.0,0.8741650446769325,0.877807399029753,0.8741650446769325,0.8750392097216094,268800.0
1973-09-25,False,daily,121.0,121.0,119.5,120.0,17700.0,0.8814497533825736,0.8814497533825736,0.8705226903241119,0.8741650446769325,849600.0
1973-09-24,False,daily,120.75,122.0,120.75,121.0,16100.0,0.8796285762061633,0.8887344620882146,0.8796285762061633,0.8814497533825736,772800.0
1973-09-21,False,daily,119.75,121.5,119.25,120.25,34000.0,0.8723438675005222,0.8850921077353942,0.8687015131477016,0.8759862218533427,1632000.0
1973-09-20,False,daily,119.75,120.0,118.25,119.75,23100.0,0.8723438675005222,0.8741650446769325,0.8614168044420605,0.8723438675005222,1108800.0
1973-09-19,False,daily,118.62,119.88,118.25,119.75,11000.0,0.8641121466631477,0.8732908796322555,0.8614168044420605,0.8723438675005222,528000.0
1973-09-18,False,daily,118.62,119.25,118.5,118.62,19600.0,0.8641121466631477,0.8687015131477016,0.8632379816184708,0.8641121466631477,940800.0
1973-09-17,False,daily,118.25,118.87,118.0,118.62,14700.0,0.8614168044420605,0.865933323839558,0.8595956272656502,0.8641121466631477,705600.0
1973-09-14,False,daily,115.75,118.25,115.75,118.25,10000.0,0.8432050326779578,0.8614168044420605,0.8432050326779578,0.8614168044420605,480000.0
1973-09-13,False,daily,113.38,115.5,113.12,115.25,12900.0,0.8259402730455883,0.8413838555015475,0.8240462487821217,0.8395626783251372,619200.0
1973-09-12,False,daily,114.25,114.5,112.87,113.38,17900.0,0.8322779696194961,0.8340991467959064,0.8222250716057115,0.8259402730455883,859200.0
1973-09-11,False,daily,113.75,114.5,112.62,114.25,13600.0,0.8286356152666755,0.8340991467959064,0.8204038944293012,0.8322779696194961,652800.0
1973-09-10,False,daily,114.5,114.75,112.5,113.75,16900.0,0.8340991467959064,0.8359203239723166,0.8195297293846242,0.8286356152666755,811200.0
1973-09-07,False,daily,119.12,119.12,114.5,114.5,23000.0,0.8677545010159683,0.8677545010159683,0.8340991467959064,0.8340991467959064,1104000.0
1973-09-06,False,daily,119.75,119.88,118.75,119.38,13800.0,0.8723438675005222,0.8732908796322555,0.865059158794881,0.8696485252794349,662400.0
1973-09-05,False,daily,119.88,119.88,118.38,119.75,12900.0,0.8732908796322555,0.8732908796322555,0.8623638165737938,0.8723438675005222,619200.0
1973-09-04,False,daily,119.0,119.88,119.0,119.88,13000.0,0.8668803359712913,0.8732908796322555,0.8668803359712913,0.8732908796322555,624000.0
1973-08-31,False,daily,118.13,119.38,117.75,119.0,14600.0,0.8605426393973835,0.8696485252794349,0.8577744500892399,0.8668803359712913,700800.0
1973-08-30,False,daily,117.0,118.5,117.0,118.13,15000.0,0.8523109185600092,0.8632379816184708,0.8523109185600092,0.8605426393973835,720000.0
1973-08-29,False,daily,116.75,117.62,116.75,116.75,14600.0,0.8504897413835989,0.8568274379575066,0.8504897413835989,0.8504897413835989,700800.0
1973-08-28,False,daily,114.25,116.75,114.25,116.75,10400.0,0.8322779696194961,0.8504897413835989,0.8322779696194961,0.8504897413835989,499200.0
1973-08-27,False,daily,113.5,114.25,113.38,114.25,8100.0,0.8268144380902652,0.8322779696194961,0.8259402730455883,0.8322779696194961,388800.0
1973-08-24,False,daily,113.75,114.75,113.0,113.5,12900.0,0.8286356152666755,0.8359203239723166,0.8231720837374448,0.8268144380902652,619200.0
1973-08-23,False,daily,113.25,113.75,112.0,113.75,14500.0,0.8249932609138549,0.8286356152666755,0.8158873750318036,0.8286356152666755,696000.0
1973-08-22,False,daily,112.25,113.25,111.25,113.25,17300.0,0.8177085522082139,0.8249932609138549,0.8104238435025728,0.8249932609138549,830400.0
1973-08-21,False,daily,112.75,112.87,112.25,112.25,10000.0,0.8213509065610345,0.8222250716057115,0.8177085522082139,0.8177085522082139,480000.0
1973-08-20,False,daily,114.0,114.0,112.75,112.75,10500.0,0.8304567924430858,0.8304567924430858,0.8213509065610345,0.8213509065610345,504000.0
1973-08-17,False,daily,113.88,114.37,112.5,114.25,14200.0,0.8286639312440363,0.832229485567092,0.8186221660076755,0.8313562885900171,681600.0
1973-08-16,False,daily,114.0,115.62,113.25,113.88,13100.0,0.8295371282211111,0.8413252874116217,0.8240796471143933,0.8286639312440363,628800.0
1973-08-15,False,daily,114.12,114.75,113.25,114.0,58600.0,0.830410325198186,0.834994609327829,0.8240796471143933,0.8295371282211111,2812800.0
1973-08-14,False,daily,113.25,115.25,113.12,114.12,11600.0,0.8240796471143933,0.8386329300656409,0.8231336837225622,0.830410325198186,556800.0
1973-08-13,False,daily,113.75,113.75,112.75,113.25,19900.0,0.8277179678522052,0.8277179678522052,0.8204413263765814,0.8240796471143933,955200.0
1973-08-10,False,daily,115.5,115.5,113.75,114.0,9100.0,0.8404520904345468,0.8404520904345468,0.8277179678522052,0.8295371282211111,436800.0
1973-08-09,False,daily,115.13,116.5,115.13,115.5,8400.0,0.837759733088566,0.8477287319101706,0.837759733088566,0.8404520904345468,403200.0
1973-08-08,False,daily,115.75,115.75,114.5,115.13,9900.0,0.8422712508034528,0.8422712508034528,0.833175448958923,0.837759733088566,475200.0
1973-08-07,False,daily,116.75,116.75,115.25,115.75,19000.0,0.8495478922790766,0.8495478922790766,0.8386329300656409,0.8422712508034528,912000.0
1973-08-06,False,daily,117.25,117.5,116.5,116.75,8400.0,0.8531862130168885,0.8550053733857944,0.8477287319101706,0.8495478922790766,403200.0
1973-08-03,False,daily,117.5,117.75,117.0,117.25,12900.0,0.8550053733857944,0.8568245337547004,0.8513670526479825,0.8531862130168885,619200.0
1973-08-02,False,daily,117.37,117.5,116.5,117.5,28000.0,0.8540594099939633,0.8550053733857944,0.8477287319101706,0.8550053733857944,1344000.0
1973-08-01,False,daily,117.88,117.88,117.12,117.37,6700.0,0.8577704971465314,0.8577704971465314,0.8522402496250574,0.8540594099939633,321600.0
1973-07-31,False,daily,117.75,118.75,117.5,118.13,28000.0,0.8568245337547004,0.8641011752303241,0.8550053733857944,0.8595896575154374,1344000.0
1973-07-30,False,daily,118.13,118.38,117.0,117.75,9000.0,0.8595896575154374,0.8614088178843433,0.8513670526479825,0.8568245337547004,432000.0
1973-07-27,False,daily,119.0,119.0,117.25,118.13,9700.0,0.8659203355992301,0.8659203355992301,0.8531862130168885,0.8595896575154374,465600.0
1973-07-26,False,daily,118.5,119.25,118.0,119.0,17900.0,0.8622820148614182,0.867739495968136,0.8586436941236063,0.8659203355992301,859200.0
1973-07-25,False,daily,117.25,120.0,116.75,118.5,41700.0,0.8531862130168885,0.8731969770748539,0.8495478922790766,0.8622820148614182,2001600.0
1973-07-24,False,daily,116.75,117.25,116.0,117.25,25500.0,0.8495478922790766,0.8531862130168885,0.8440904111723587,0.8531862130168885,1224000.0
1973-07-23,False,daily,117.0,117.0,115.75,116.75,23100.0,0.8513670526479825,0.8513670526479825,0.8422712508034528,0.8495478922790766,1108800.0
1973-07-20,False,daily,117.5,118.0,117.12,118.0,24300.0,0.8550053733857944,0.8586436941236063,0.8522402496250574,0.8586436941236063,1166400.0
1973-07-19,False,daily,117.25,118.0,116.38,117.5,12200.0,0.8531862130168885,0.8586436941236063,0.8468555349330957,0.8550053733857944,585600.0
1973-07-18,False,daily,116.63,117.5,116.0,117.25,112500.0,0.8486746953020017,0.8550053733857944,0.8440904111723587,0.8531862130168885,5400000.0
1973-07-17,False,daily,118.13,118.13,116.25,116.63,32600.0,0.8595896575154374,0.8595896575154374,0.8459095715412647,0.8486746953020017,1564800.0
1973-07-16,False,daily,117.5,118.25,117.5,118.25,11500.0,0.8550053733857944,0.8604628544925123,0.8550053733857944,0.8604628544925123,552000.0
1973-07-13,False,daily,117.88,117.88,116.75,117.37,11500.0,0.8577704971465314,0.8577704971465314,0.8495478922790766,0.8540594099939633,552000.0
1973-07-12,False,daily,118.0,118.0,116.5,118.0,27500.0,0.8586436941236063,0.8586436941236063,0.8477287319101706,0.8586436941236063,1320000.0
1973-07-11,False,daily,116.25,119.75,116.12,119.0,24500.0,0.8459095715412647,0.8713778167059479,0.8449636081494336,0.8659203355992301,1176000.0
1973-07-10,False,daily,114.75,116.25,114.75,116.25,31800.0,0.834994609327829,0.8459095715412647,0.834994609327829,0.8459095715412647,1526400.0
1973-07-09,False,daily,110.75,114.75,110.25,114.5,12500.0,0.8058880434253338,0.834994609327829,0.8022497226875219,0.833175448958923,600000.0
1973-07-06,False,daily,109.25,111.0,109.25,110.75,23600.0,0.7949730812118981,0.8077072037942398,0.7949730812118981,0.8058880434253338,1132800.0
1973-07-05,False,daily,110.38,110.38,108.0,109.25,26900.0,0.803195686079353,0.803195686079353,0.7858772793673685,0.7949730812118981,1291200.0
1973-07-03,False,daily,111.25,111.25,110.0,110.88,30000.0,0.8095263641631457,0.8095263641631457,0.800430562318616,0.8068340068171649,1440000.0
1973-07-02,False,daily,113.88,114.5,113.0,113.25,16100.0,0.8286639312440363,0.833175448958923,0.8222604867454874,0.8240796471143933,772800.0
1973-06-29,False,daily,114.25,115.25,113.88,113.88,16400.0,0.8313562885900171,0.8386329300656409,0.8286639312440363,0.8286639312440363,787200.0
1973-06-28,False,daily,116.75,116.75,113.5,114.25,166600.0,0.8495478922790766,0.8495478922790766,0.8258988074832992,0.8313562885900171,7996800.0
1973-06-27,False,daily,116.5,117.0,115.25,116.75,10900.0,0.8477287319101706,0.8513670526479825,0.8386329300656409,0.8495478922790766,523200.0
1973-06-26,False,daily,113.25,116.5,112.25,116.5,19900.0,0.8240796471143933,0.8477287319101706,0.8168030056387695,0.8477287319101706,955200.0
1973-06-25,False,daily,116.12,116.12,112.75,113.25,12800.0,0.8449636081494336,0.8449636081494336,0.8204413263765814,0.8240796471143933,614400.0
1973-06-22,False,daily,116.5,118.5,116.5,116.5,20700.0,0.8477287319101706,0.8622820148614182,0.8477287319101706,0.8477287319101706,993600.0
1973-06-21,False,daily,118.38,118.38,115.0,115.5,26900.0,0.8614088178843433,0.8614088178843433,0.8368137696967349,0.8404520904345468,1291200.0
1973-06-20,False,daily,118.25,120.0,118.0,118.75,49100.0,0.8604628544925123,0.8731969770748539,0.8586436941236063,0.8641011752303241,2356800.0
1973-06-19,False,daily,117.62,119.0,116.0,118.25,24500.0,0.8558785703628693,0.8659203355992301,0.8440904111723587,0.8604628544925123,1176000.0
1973-06-18,False,daily,118.5,118.5,117.5,117.62,15100.0,0.8622820148614182,0.8622820148614182,0.8550053733857944,0.8558785703628693,724800.0
1973-06-15,False,daily,119.75,119.75,119.0,119.25,7500.0,0.8713778167059479,0.8713778167059479,0.8659203355992301,0.867739495968136,360000.0
1973-06-14,False,daily,120.25,121.25,118.75,120.0,22800.0,0.8750161374437598,0.8822927789193836,0.8641011752303241,0.8731969770748539,1094400.0
1973-06-13,False,daily,120.25,121.0,119.75,120.25,27100.0,0.8750161374437598,0.8804736185504777,0.8713778167059479,0.8750161374437598,1300800.0
1973-06-12,False,daily,117.75,121.0,117.75,120.25,31900.0,0.8568245337547004,0.8804736185504777,0.8568245337547004,0.8750161374437598,1531200.0
1973-06-11,False,daily,117.0,118.5,117.0,117.75,13900.0,0.8513670526479825,0.8622820148614182,0.8513670526479825,0.8568245337547004,667200.0
1973-06-08,False,daily,116.63,117.37,115.5,117.0,21300.0,0.8486746953020017,0.8540594099939633,0.8404520904345468,0.8513670526479825,1022400.0
1973-06-07,False,daily,114.75,117.25,114.75,116.63,32600.0,0.834994609327829,0.8531862130168885,0.834994609327829,0.8486746953020017,1564800.0
1973-06-06,False,daily,114.88,115.38,113.38,114.12,22000.0,0.83594057271966,0.8395788934574719,0.8250256105062244,0.830410325198186,1056000.0
1973-06-05,False,daily,112.5,114.88,111.75,114.88,33400.0,0.8186221660076755,0.83594057271966,0.8131646849009576,0.83594057271966,1603200.0
1973-06-04,False,daily,113.12,113.12,111.5,112.5,21000.0,0.8231336837225622,0.8231336837225622,0.8113455245320517,0.8186221660076755,1008000.0
1973-06-01,False,daily,115.62,115.62,114.12,114.12,21700.0,0.8413252874116217,0.8413252874116217,0.830410325198186,0.830410325198186,1041600.0
1973-05-31,False,daily,115.75,116.12,115.5,115.87,13300.0,0.8422712508034528,0.8449636081494336,0.8404520904345468,0.8431444477805277,638400.0
1973-05-30,False,daily,116.0,116.12,115.38,115.75,11800.0,0.8440904111723587,0.8449636081494336,0.8395788934574719,0.8422712508034528,566400.0
1973-05-29,False,daily,115.5,116.25,114.75,116.0,17000.0,0.8404520904345468,0.8459095715412647,0.834994609327829,0.8440904111723587,816000.0
1973-05-25,False,daily,115.25,117.25,113.63,115.5,55200.0,0.8386329300656409,0.8531862130168885,0.8268447708751303,0.8404520904345468,2649600.0
1973-05-24,False,daily,111.88,115.75,111.62,115.25,28000.0,0.8141106482927887,0.8422712508034528,0.8122187215091266,0.8386329300656409,1344000.0
1973-05-23,False,daily,111.5,112.75,110.63,111.88,31200.0,0.8113455245320517,0.8204413263765814,0.8050148464482589,0.8141106482927887,1497600.0
1973-05-22,False,daily,113.0,113.25,111.25,111.5,46300.0,0.8222604867454874,0.8240796471143933,0.8095263641631457,0.8113455245320517,2222400.0
1973-05-21,False,daily,113.0,113.0,110.63,113.0,45600.0,0.8222604867454874,0.8222604867454874,0.8050148464482589,0.8222604867454874,2188800.0
1973-05-18,False,daily,115.13,115.13,112.25,113.25,35400.0,0.8368340317260372,0.8368340317260372,0.8159004608811576,0.823169061868963,1699200.0
1973-05-17,False,daily,117.37,117.37,115.38,116.25,31600.0,0.8531156979387213,0.8531156979387213,0.8386511819729885,0.8449748648323793,1516800.0
1973-05-16,False,daily,116.5,117.5,115.75,117.37,23100.0,0.8467920150793307,0.854060616067136,0.8413405643384766,0.8531156979387213,1108800.0
1973-05-15,False,daily,114.62,117.0,113.25,116.5,38700.0,0.8331270452222564,0.8504263155732333,0.823169061868963,0.8467920150793307,1857600.0
1973-05-14,False,daily,116.12,116.12,114.25,114.62,29800.0,0.8440299467039646,0.8440299467039646,0.8304376628567685,0.8331270452222564,1430400.0
1973-05-11,False,daily,117.5,118.25,116.88,118.0,30900.0,0.854060616067136,0.8595120668079901,0.8495540834546966,0.8576949165610387,1483200.0
1973-05-10,False,daily,115.75,118.75,115.0,117.5,36900.0,0.8413405643384766,0.8631463673018928,0.8358891135976225,0.854060616067136,1771200.0
1973-05-09,False,daily,119.0,119.5,115.5,115.75,25500.0,0.8649635175488442,0.8685978180427468,0.8395234140915252,0.8413405643384766,1224000.0
1973-05-08,False,daily,115.0,119.0,114.62,119.0,31400.0,0.8358891135976225,0.8649635175488442,0.8331270452222564,0.8649635175488442,1507200.0
1973-05-07,False,daily,117.75,117.88,115.0,115.0,21400.0,0.8558777663140874,0.8568226844425021,0.8358891135976225,0.8358891135976225,1027200.0
1973-05-04,False,daily,119.5,120.5,116.5,117.75,26700.0,0.8685978180427468,0.8758664190305523,0.8467920150793307,0.8558777663140874,1281600.0
1973-05-03,False,daily,119.5,119.5,118.0,119.5,115900.0,0.8685978180427468,0.8685978180427468,0.8576949165610387,0.8685978180427468,5563200.0
1973-05-02,False,daily,118.25,119.5,118.0,119.5,23000.0,0.8595120668079901,0.8685978180427468,0.8576949165610387,0.8685978180427468,1104000.0
1973-05-01,False,daily,118.5,119.25,117.5,118.25,18900.0,0.8613292170549415,0.8667806677957955,0.854060616067136,0.8595120668079901,907200.0
1973-04-30,False,daily,117.62,119.25,116.5,118.5,34400.0,0.8549328481856727,0.8667806677957955,0.8467920150793307,0.8613292170549415,1651200.0
1973-04-27,False,daily,120.0,120.0,117.37,117.62,22200.0,0.8722321185366496,0.8722321185366496,0.8531156979387213,0.8549328481856727,1065600.0
1973-04-26,False,daily,118.62,120.5,117.75,120.0,40900.0,0.8622014491734781,0.8758664190305523,0.8558777663140874,0.8722321185366496,1963200.0
1973-04-25,False,daily,118.0,119.75,116.75,118.62,31300.0,0.8576949165610387,0.8704149682896982,0.848609165326282,0.8622014491734781,1502400.0
1973-04-24,False,daily,122.75,122.75,118.0,118.0,18100.0,0.8922207712531145,0.8922207712531145,0.8576949165610387,0.8576949165610387,868800.0
1973-04-23,False,daily,122.5,123.25,122.5,123.12,19300.0,0.8904036210061631,0.8958550717470172,0.8904036210061631,0.8949101536186025,926400.0
1973-04-19,False,daily,122.0,123.25,122.0,122.5,31400.0,0.8867693205122604,0.8958550717470172,0.8867693205122604,0.8904036210061631,1507200.0
1973-04-18,False,daily,121.75,122.0,120.5,122.0,12500.0,0.884952170265309,0.8867693205122604,0.8758664190305523,0.8867693205122604,600000.0
1973-04-17,False,daily,122.75,122.75,121.13,121.75,15000.0,0.8922207712531145,0.8922207712531145,0.8804456376528697,0.884952170265309,720000.0
1973-04-16,False,daily,123.5,124.0,122.75,123.0,12900.0,0.8976722219939686,0.9013065224878712,0.8922207712531145,0.8940379215000658,619200.0
1973-04-13,False,daily,123.0,123.5,121.5,123.5,18300.0,0.8940379215000658,0.8976722219939686,0.8831350200183576,0.8976722219939686,878400.0
1973-04-12,False,daily,124.5,124.75,122.5,123.0,17900.0,0.9049408229817739,0.9067579732287253,0.8904036210061631,0.8940379215000658,859200.0
1973-04-11,False,daily,125.25,126.25,123.5,124.5,19600.0,0.910392273722628,0.9176608747104334,0.8976722219939686,0.9049408229817739,940800.0
1973-04-10,False,daily,124.25,126.75,124.25,125.25,23300.0,0.9031236727348225,0.9212951752043361,0.9031236727348225,0.910392273722628,1118400.0
1973-04-09,False,daily,120.25,123.37,120.25,123.37,12700.0,0.8740492687836009,0.8967273038655539,0.8740492687836009,0.8967273038655539,609600.0
1973-04-06,False,daily,118.5,120.25,118.25,120.25,20900.0,0.8613292170549415,0.8740492687836009,0.8595120668079901,0.8740492687836009,1003200.0
1973-04-05,False,daily,118.13,118.5,116.5,118.5,22900.0,0.8586398346894534,0.8613292170549415,0.8467920150793307,0.8613292170549415,1099200.0
1973-04-04,False,daily,117.62,119.75,117.62,118.13,11400.0,0.8549328481856727,0.8704149682896982,0.8549328481856727,0.8586398346894534,547200.0
1973-04-03,False,daily,118.13,119.0,117.0,117.62,38200.0,0.8586398346894534,0.8649635175488442,0.8504263155732333,0.8549328481856727,1833600.0
1973-04-02,False,daily,120.62,120.62,118.0,118.13,26000.0,0.876738651149089,0.876738651149089,0.8576949165610387,0.8586398346894534,1248000.0
1973-03-30,False,daily,122.75,122.75,121.25,121.38,13700.0,0.8922207712531145,0.8922207712531145,0.8813178697714064,0.882262787899821,657600.0
1973-03-29,False,daily,125.0,125.0,122.75,124.0,16100.0,0.9085751234756766,0.9085751234756766,0.8922207712531145,0.9013065224878712,772800.0
1973-03-28,False,daily,124.5,125.0,122.75,125.0,24000.0,0.9049408229817739,0.9085751234756766,0.8922207712531145,0.9085751234756766,1152000.0
1973-03-27,False,daily,122.0,125.0,121.5,124.5,27500.0,0.8867693205122604,0.9085751234756766,0.8831350200183576,0.9049408229817739,1320000.0
1973-03-26,False,daily,122.75,123.75,121.0,122.0,15100.0,0.8922207712531145,0.8994893722409198,0.879500719524455,0.8867693205122604,724800.0
1973-03-23,False,daily,120.0,122.75,119.25,122.75,35900.0,0.8722321185366496,0.8922207712531145,0.8667806677957955,0.8922207712531145,1723200.0
1973-03-22,False,daily,122.25,122.25,119.25,120.0,43400.0,0.8885864707592117,0.8885864707592117,0.8667806677957955,0.8722321185366496,2083200.0
1973-03-21,False,daily,123.75,125.75,122.75,123.0,11900.0,0.8994893722409198,0.9140265742165307,0.8922207712531145,0.8940379215000658,571200.0
1973-03-20,False,daily,124.62,125.5,123.75,123.75,22000.0,0.9058130551003106,0.9122094239695794,0.8994893722409198,0.8994893722409198,1056000.0
1973-03-19,False,daily,127.38,127.38,124.5,124.62,29300.0,0.9258743938266535,0.9258743938266535,0.9049408229817739,0.9058130551003106,1406400.0
1973-03-16,False,daily,125.38,127.87,125.25,127.62,29400.0,0.9113371918510427,0.9294360083106782,0.910392273722628,0.9276188580637268,1411200.0
1973-03-15,False,daily,127.0,127.38,125.25,125.38,18700.0,0.9231123254512874,0.9258743938266535,0.910392273722628,0.9113371918510427,897600.0
1973-03-14,False,daily,127.0,127.75,126.75,127.0,13700.0,0.9231123254512874,0.9285637761921415,0.9212951752043361,0.9231123254512874,657600.0
1973-03-13,False,daily,126.25,127.25,125.75,127.0,24200.0,0.9176608747104334,0.9249294756982388,0.9140265742165307,0.9231123254512874,1161600.0
1973-03-12,False,daily,125.75,127.25,125.75,126.25,19400.0,0.9140265742165307,0.9249294756982388,0.9140265742165307,0.9176608747104334,931200.0
1973-03-09,False,daily,125.5,125.5,123.75,124.5,23600.0,0.9122094239695794,0.9122094239695794,0.8994893722409198,0.9049408229817739,1132800.0
1973-03-08,False,daily,127.0,127.0,124.75,125.75,26600.0,0.9231123254512874,0.9231123254512874,0.9067579732287253,0.9140265742165307,1276800.0
1973-03-07,False,daily,124.75,128.0,124.75,127.87,37600.0,0.9067579732287253,0.9303809264390929,0.9067579732287253,0.9294360083106782,1804800.0
1973-03-06,False,daily,122.0,124.0,122.0,123.75,24800.0,0.8867693205122604,0.9013065224878712,0.8867693205122604,0.8994893722409198,1190400.0
1973-03-05,False,daily,119.0,120.75,119.0,120.75,45200.0,0.8649635175488442,0.8776835692775036,0.8649635175488442,0.8776835692775036,2169600.0
1973-03-02,False,daily,117.37,119.5,115.62,119.0,40700.0,0.8531156979387213,0.8685978180427468,0.8403956462100619,0.8649635175488442,1953600.0
1973-03-01,False,daily,120.88,120.88,117.25,117.37,31400.0,0.8786284874059183,0.8786284874059183,0.8522434658201847,0.8531156979387213,1507200.0
1973-02-28,False,daily,120.12,121.0,118.5,121.0,50900.0,0.8731043506551862,0.879500719524455,0.8613292170549415,0.879500719524455,2443200.0
1973-02-27,False,daily,120.37,121.0,119.88,120.12,18800.0,0.8749215009021376,0.879500719524455,0.8713598864181129,0.8731043506551862,902400.0
1973-02-26,False,daily,120.25,121.0,119.12,120.37,27500.0,0.8740492687836009,0.879500719524455,0.8658357496673809,0.8749215009021376,1320000.0
1973-02-23,False,daily,122.0,122.0,120.25,120.25,31600.0,0.8867693205122604,0.8867693205122604,0.8740492687836009,0.8740492687836009,1516800.0
1973-02-22,False,daily,119.0,122.25,119.0,122.0,55300.0,0.8649635175488442,0.8885864707592117,0.8649635175488442,0.8867693205122604,2654400.0
1973-02-21,False,daily,123.0,123.0,116.25,118.75,70200.0,0.8940379215000658,0.8940379215000658,0.8449748648323793,0.8631463673018928,3369600.0
1973-02-20,False,daily,124.0,124.62,123.12,123.25,13700.0,0.9013065224878712,0.9058130551003106,0.8949101536186025,0.8958550717470172,657600.0
1973-02-16,False,daily,123.75,124.25,123.0,124.0,11900.0,0.8994893722409198,0.9031236727348225,0.8940379215000658,0.9013065224878712,571200.0
1973-02-15,False,daily,124.13,124.5,123.25,123.75,17900.0,0.901161326108896,0.9038474591199352,0.8947726854339921,0.8984025949083694,859200.0
1973-02-14,False,daily,125.12,125.25,122.5,124.13,19900.0,0.908348546868163,0.9092923233315011,0.8893278212224263,0.901161326108896,955200.0
1973-02-13,False,daily,126.75,128.0,125.12,125.12,35800.0,0.9201820517546329,0.929256825440576,0.908348546868163,0.908348546868163,1718400.0
1973-02-12,False,daily,126.75,126.75,122.0,126.75,38200.0,0.9201820517546329,0.9201820517546329,0.885697911748049,0.9201820517546329,1833600.0
1973-02-09,False,daily,125.25,126.75,125.0,126.75,31500.0,0.9092923233315011,0.9201820517546329,0.9074773685943125,0.9201820517546329,1512000.0
1973-02-08,False,daily,125.0,125.25,124.0,125.25,25900.0,0.9074773685943125,0.9092923233315011,0.900217549645558,0.9092923233315011,1243200.0
1973-02-07,False,daily,126.0,127.0,124.75,125.0,18200.0,0.914737187543067,0.9219970064918215,0.9056624138571239,0.9074773685943125,873600.0
1973-02-06,False,daily,124.0,126.0,124.0,126.0,17500.0,0.900217549645558,0.914737187543067,0.900217549645558,0.914737187543067,840000.0
1973-02-05,False,daily,122.5,124.25,121.5,123.25,25800.0,0.8893278212224263,0.9020325043827466,0.8820680022736718,0.8947726854339921,1238400.0
1973-02-02,False,daily,122.5,122.5,120.0,122.5,57900.0,0.8893278212224263,0.8893278212224263,0.87117827385054,0.8893278212224263,2779200.0
1973-02-01,False,daily,126.5,126.75,122.0,122.5,24100.0,0.9183670970174442,0.9201820517546329,0.885697911748049,0.8893278212224263,1156800.0
1973-01-31,False,daily,127.75,127.75,126.5,126.5,15900.0,0.9274418707033873,0.9274418707033873,0.9183670970174442,0.9183670970174442,763200.0
1973-01-30,False,daily,128.75,129.0,127.5,127.75,18600.0,0.9347016896521418,0.9365166443893305,0.9256269159661987,0.9274418707033873,892800.0
1973-01-29,False,daily,129.37,131.0,128.5,128.75,16700.0,0.9392027774003697,0.9510362822868395,0.9328867349149532,0.9347016896521418,801600.0
1973-01-26,False,daily,128.25,129.37,127.75,129.37,21900.0,0.9310717801777646,0.9392027774003697,0.9274418707033873,0.9392027774003697,1051200.0
1973-01-24,False,daily,130.5,132.25,128.25,128.25,32500.0,0.9474063728124622,0.9601110559727826,0.9310717801777646,0.9310717801777646,1560000.0
1973-01-23,False,daily,128.0,130.5,127.62,130.5,33600.0,0.929256825440576,0.9474063728124622,0.9264980942400493,0.9474063728124622,1612800.0
1973-01-22,False,daily,128.5,128.5,127.75,128.0,12800.0,0.9328867349149532,0.9328867349149532,0.9274418707033873,0.929256825440576,614400.0
1973-01-19,False,daily,127.75,128.5,127.0,128.5,18400.0,0.9274418707033873,0.9328867349149532,0.9219970064918215,0.9328867349149532,883200.0
1973-01-18,False,daily,126.25,127.75,126.25,127.75,14100.0,0.9165521422802556,0.9274418707033873,0.9165521422802556,0.9274418707033873,676800.0
1973-01-17,False,daily,125.5,126.25,125.5,125.88,43700.0,0.9111072780686897,0.9165521422802556,0.9111072780686897,0.9138660092692164,2097600.0
1973-01-16,False,daily,127.0,127.25,125.5,125.5,14600.0,0.9219970064918215,0.9238119612290101,0.9111072780686897,0.9111072780686897,700800.0
1973-01-15,False,daily,127.62,128.25,126.5,127.0,32200.0,0.9264980942400493,0.9310717801777646,0.9183670970174442,0.9219970064918215,1545600.0
1973-01-12,False,daily,127.75,128.25,127.0,127.62,82200.0,0.9274418707033873,0.9310717801777646,0.9219970064918215,0.9264980942400493,3945600.0
1973-01-11,False,daily,126.75,128.5,126.0,127.75,46000.0,0.9201820517546329,0.9328867349149532,0.914737187543067,0.9274418707033873,2208000.0
1973-01-10,False,daily,127.75,127.75,126.0,126.75,8700.0,0.9274418707033873,0.9274418707033873,0.914737187543067,0.9201820517546329,417600.0
1973-01-09,False,daily,128.38,128.38,127.25,127.75,23600.0,0.9320155566411027,0.9320155566411027,0.9238119612290101,0.9274418707033873,1132800.0
1973-01-08,False,daily,128.5,128.75,128.12,128.38,41500.0,0.9328867349149532,0.9347016896521418,0.9301280037144265,0.9320155566411027,1992000.0
1973-01-05,False,daily,128.88,129.0,127.5,128.5,13900.0,0.9356454661154799,0.9365166443893305,0.9256269159661987,0.9328867349149532,667200.0
1973-01-04,False,daily,129.25,129.37,128.5,128.88,32200.0,0.9383315991265191,0.9392027774003697,0.9328867349149532,0.9356454661154799,1545600.0
1973-01-03,False,daily,128.75,130.13,128.75,129.25,37800.0,0.9347016896521418,0.9447202398014231,0.9347016896521418,0.9383315991265191,1814400.0
1973-01-02,False,daily,130.5,130.5,128.5,128.5,15700.0,0.9474063728124622,0.9474063728124622,0.9328867349149532,0.9328867349149532,753600.0
1974-12-31,False,daily,80.25,81.5,80.0,80.88,26000.0,0.5897841516083447,0.5989708206365121,0.5879468178027113,0.5944142327985411,1248000.0
1974-12-30,False,daily,80.5,80.5,79.62,80.25,26600.0,0.5916214854139782,0.5916214854139782,0.5851540704181484,0.5897841516083447,1276800.0
1974-12-27,False,daily,80.63,81.25,80.0,80.5,11400.0,0.5925768989929076,0.5971334868308786,0.5879468178027113,0.5916214854139782,547200.0
1974-12-26,False,daily,79.62,81.37,79.5,80.63,21800.0,0.5851540704181484,0.5980154070575827,0.5842721501914443,0.5925768989929076,1046400.0
1974-12-24,False,daily,79.75,80.0,79.5,79.62,49100.0,0.5861094839970779,0.5879468178027113,0.5842721501914443,0.5851540704181484,2356800.0
1974-12-23,False,daily,81.5,82.0,79.75,79.75,64400.0,0.5989708206365121,0.6026454882477791,0.5861094839970779,0.5861094839970779,3091200.0
1974-12-20,False,daily,83.75,83.75,81.5,81.5,43000.0,0.6155068248872133,0.6155068248872133,0.5989708206365121,0.5989708206365121,2064000.0
1974-12-19,False,daily,84.5,85.25,83.75,84.0,56900.0,0.6210188263041138,0.6265308277210142,0.6155068248872133,0.6173441586928469,2731200.0
1974-12-18,False,daily,84.0,84.88,84.0,84.5,21200.0,0.6173441586928469,0.6238115736886766,0.6173441586928469,0.6210188263041138,1017600.0
1974-12-17,False,daily,83.0,83.75,82.62,83.25,18600.0,0.609994823470313,0.6155068248872133,0.60720207608575,0.6118321572759464,892800.0
1974-12-16,False,daily,83.38,83.88,82.75,83.0,33500.0,0.6127875708548758,0.6164622384661428,0.6081574896646794,0.609994823470313,1608000.0
1974-12-13,False,daily,83.25,83.75,83.0,83.38,24000.0,0.6118321572759464,0.6155068248872133,0.609994823470313,0.6127875708548758,1152000.0
1974-12-12,False,daily,83.0,83.88,82.75,83.25,21700.0,0.609994823470313,0.6164622384661428,0.6081574896646794,0.6118321572759464,1041600.0
1974-12-11,False,daily,83.0,85.0,83.0,83.0,24100.0,0.609994823470313,0.6246934939153808,0.609994823470313,0.609994823470313,1156800.0
1974-12-10,False,daily,81.25,84.0,81.25,82.5,23200.0,0.5971334868308786,0.6173441586928469,0.5971334868308786,0.606320155859046,1113600.0
1974-12-09,False,daily,79.0,81.5,78.37,79.75,25600.0,0.5805974825801774,0.5989708206365121,0.575967401389981,0.5861094839970779,1228800.0
1974-12-06,False,daily,78.88,79.25,78.12,79.0,27200.0,0.5797155623534733,0.5824348163858108,0.5741300675843476,0.5805974825801774,1305600.0
1974-12-05,False,daily,79.87,80.0,78.5,78.88,95000.0,0.5869914042237819,0.5879468178027113,0.5769228149689104,0.5797155623534733,4560000.0
1974-12-04,False,daily,80.75,81.0,79.13,79.87,41900.0,0.5934588192196116,0.5952961530252452,0.5815528961591068,0.5869914042237819,2011200.0
1974-12-03,False,daily,82.0,82.0,80.75,80.75,28200.0,0.6026454882477791,0.6026454882477791,0.5934588192196116,0.5934588192196116,1353600.0
1974-12-02,False,daily,83.5,83.5,82.0,82.0,19000.0,0.6136694910815799,0.6136694910815799,0.6026454882477791,0.6026454882477791,912000.0
1974-11-29,False,daily,84.5,84.5,83.63,84.0,16700.0,0.6210188263041138,0.6210188263041138,0.6146249046605092,0.6173441586928469,801600.0
1974-11-27,False,daily,84.5,85.75,84.5,84.75,30600.0,0.6210188263041138,0.6302054953322811,0.6210188263041138,0.6228561601097472,1468800.0
1974-11-26,False,daily,85.0,85.13,84.0,84.12,27400.0,0.6246934939153808,0.6256489074943101,0.6173441586928469,0.618226078919551,1315200.0
1974-11-25,False,daily,83.63,85.0,83.38,85.0,21100.0,0.6146249046605092,0.6246934939153808,0.6127875708548758,0.6246934939153808,1012800.0
1974-11-22,False,daily,83.75,85.25,83.5,83.63,18800.0,0.6155068248872133,0.6265308277210142,0.6136694910815799,0.6146249046605092,902400.0
1974-11-21,False,daily,83.25,84.5,83.0,83.75,13400.0,0.6118321572759464,0.6210188263041138,0.609994823470313,0.6155068248872133,643200.0
1974-11-20,False,daily,82.75,85.25,82.62,83.25,21000.0,0.6081574896646794,0.6265308277210142,0.60720207608575,0.6118321572759464,1008000.0
1974-11-19,False,daily,82.62,84.0,82.5,82.75,23100.0,0.60720207608575,0.6173441586928469,0.606320155859046,0.6081574896646794,1108800.0
1974-11-18,False,daily,83.5,83.5,82.0,82.62,31200.0,0.6136694910815799,0.6136694910815799,0.6026454882477791,0.60720207608575,1497600.0
1974-11-15,False,daily,86.75,86.88,84.5,85.62,19400.0,0.6360152149292297,0.636968321303187,0.6195191430722757,0.6277305210632929,931200.0
1974-11-14,False,daily,85.62,87.12,85.62,86.75,26800.0,0.6277305210632929,0.6387279023012622,0.6277305210632929,0.6360152149292297,1286400.0
1974-11-13,False,daily,85.5,85.5,84.25,84.88,75400.0,0.6268507305642552,0.6268507305642552,0.6176862461992808,0.6223051463192278,3619200.0
1974-11-12,False,daily,87.0,88.38,85.5,85.5,26100.0,0.6378481118022247,0.6479657025411565,0.6268507305642552,0.6268507305642552,1252800.0
1974-11-11,False,daily,87.5,88.0,87.0,87.0,19300.0,0.6415139055482144,0.6451796992942043,0.6378481118022247,0.6378481118022247,926400.0
1974-11-08,False,daily,89.0,89.0,87.0,87.5,19600.0,0.6525112867861839,0.6525112867861839,0.6378481118022247,0.6415139055482144,940800.0
1974-11-07,False,daily,87.37,90.5,86.0,89.0,31900.0,0.6405607991742571,0.6635086680241532,0.6305165243102451,0.6525112867861839,1531200.0
1974-11-06,False,daily,90.0,91.5,87.0,87.37,59100.0,0.6598428742781635,0.6708402555161328,0.6378481118022247,0.6405607991742571,2836800.0
1974-11-05,False,daily,86.12,90.0,85.0,90.0,26000.0,0.6313963148092827,0.6598428742781635,0.6231849368182655,0.6598428742781635,1248000.0
1974-11-04,False,daily,86.25,86.25,85.25,86.12,17300.0,0.63234942118324,0.63234942118324,0.6250178336912604,0.6313963148092827,830400.0
1974-11-01,False,daily,87.0,88.5,85.75,87.5,20900.0,0.6378481118022247,0.648845493040194,0.6286836274372501,0.6415139055482144,1003200.0
1974-10-31,False,daily,90.12,90.12,87.0,87.0,29800.0,0.660722664777201,0.660722664777201,0.6378481118022247,0.6378481118022247,1430400.0
1974-10-30,False,daily,90.5,91.0,89.25,90.25,41000.0,0.6635086680241532,0.6671744617701431,0.6543441836591788,0.6616757711511584,1968000.0
1974-10-29,False,daily,89.0,90.5,89.0,90.5,54900.0,0.6525112867861839,0.6635086680241532,0.6525112867861839,0.6635086680241532,2635200.0
1974-10-28,False,daily,87.37,88.75,86.5,88.5,23800.0,0.6405607991742571,0.6506783899131889,0.6341823180562348,0.648845493040194,1142400.0
1974-10-25,False,daily,87.0,90.5,86.75,87.37,35400.0,0.6378481118022247,0.6635086680241532,0.6360152149292297,0.6405607991742571,1699200.0
1974-10-24,False,daily,87.0,87.0,85.0,87.0,22300.0,0.6378481118022247,0.6378481118022247,0.6231849368182655,0.6378481118022247,1070400.0
1974-10-23,False,daily,91.25,91.25,87.25,87.75,29200.0,0.669007358643138,0.669007358643138,0.6396810086752196,0.6433468024212093,1401600.0
1974-10-22,False,daily,91.5,93.5,91.5,91.62,61800.0,0.6708402555161328,0.685503430500092,0.6708402555161328,0.6717200460151704,2966400.0
1974-10-21,False,daily,88.0,91.5,88.0,91.5,36200.0,0.6451796992942043,0.6708402555161328,0.6451796992942043,0.6708402555161328,1737600.0
1974-10-18,False,daily,86.25,88.0,86.25,87.88,53700.0,0.63234942118324,0.6451796992942043,0.63234942118324,0.6442999087951666,2577600.0
1974-10-17,False,daily,85.0,86.25,84.37,85.25,44800.0,0.6231849368182655,0.63234942118324,0.6185660366983183,0.6250178336912604,2150400.0
1974-10-16,False,daily,86.63,87.5,85.0,85.0,33400.0,0.6351354244301922,0.6415139055482144,0.6231849368182655,0.6231849368182655,1603200.0
1974-10-15,False,daily,88.0,88.87,86.0,86.63,41900.0,0.6451796992942043,0.6515581804122266,0.6305165243102451,0.6351354244301922,2011200.0
1974-10-14,False,daily,85.25,90.37,85.25,88.0,46100.0,0.6250178336912604,0.6625555616501959,0.6250178336912604,0.6451796992942043,2212800.0
1974-10-11,False,daily,83.12,85.38,81.62,85.25,45700.0,0.6094015523333439,0.6259709400652177,0.5984041710953745,0.6250178336912604,2193600.0
1974-10-10,False,daily,82.25,84.37,82.25,83.12,61500.0,0.6030230712153216,0.6185660366983183,0.6030230712153216,0.6094015523333439,2952000.0
1974-10-09,False,daily,75.5,81.37,74.38,80.38,64800.0,0.5535348556444594,0.5965712742223795,0.5453234776534421,0.5893130026053197,3110400.0
1974-10-08,False,daily,79.0,79.0,75.5,75.5,28300.0,0.5791954118663879,0.5791954118663879,0.5535348556444594,0.5535348556444594,1358400.0
1974-10-07,False,daily,77.0,80.25,77.0,79.13,51300.0,0.5645322368824287,0.5883598962313624,0.5645322368824287,0.5801485182403452,2462400.0
1974-10-04,False,daily,76.75,76.75,74.75,76.0,36200.0,0.5626993400094338,0.5626993400094338,0.5480361650254746,0.5572006493904491,1737600.0
1974-10-03,False,daily,78.25,78.25,76.25,76.75,51200.0,0.5736967212474032,0.5736967212474032,0.559033546263444,0.5626993400094338,2457600.0
1974-10-02,False,daily,78.0,80.25,78.0,78.88,48400.0,0.5718638243744083,0.5883598962313624,0.5718638243744083,0.5783156213673504,2323200.0
1974-10-01,False,daily,75.5,77.5,73.13,77.38,66500.0,0.5535348556444594,0.5681980306284186,0.5361589932884676,0.5673182401293809,3192000.0
1974-09-30,False,daily,75.12,76.0,74.0,75.5,97900.0,0.5507488523975071,0.5572006493904491,0.5425374744064899,0.5535348556444594,4699200.0
1974-09-27,False,daily,81.0,82.5,75.0,75.12,51300.0,0.5938585868503471,0.6048559680883165,0.5498690618984695,0.5507488523975071,2462400.0
1974-09-26,False,daily,81.75,81.75,81.0,81.0,37600.0,0.5993572774693318,0.5993572774693318,0.5938585868503471,0.5938585868503471,1804800.0
1974-09-25,False,daily,80.88,84.75,80.75,82.5,49300.0,0.5929787963513096,0.6213520399452706,0.5920256899773522,0.6048559680883165,2366400.0
1974-09-24,False,daily,82.0,82.0,79.87,80.88,37600.0,0.6011901743423267,0.6011901743423267,0.5855738929844102,0.5929787963513096,1804800.0
1974-09-23,False,daily,85.5,85.5,82.75,83.5,21200.0,0.6268507305642552,0.6268507305642552,0.6066888649613114,0.6121875555802961,1017600.0
1974-09-20,False,daily,83.5,86.5,82.38,85.75,48600.0,0.6121875555802961,0.6341823180562348,0.6039761775892789,0.6286836274372501,2332800.0
1974-09-19,False,daily,81.0,84.0,81.0,83.5,34900.0,0.5938585868503471,0.6158533493262859,0.5938585868503471,0.6121875555802961,1675200.0
1974-09-18,False,daily,77.38,79.38,76.5,79.25,33800.0,0.5673182401293809,0.5819814151133401,0.560866443136439,0.5810283087393828,1622400.0
1974-09-17,False,daily,77.12,81.0,77.12,77.38,29800.0,0.5654120273814663,0.5938585868503471,0.5654120273814663,0.5673182401293809,1430400.0
1974-09-16,False,daily,76.25,76.87,73.75,75.75,92100.0,0.559033546263444,0.5635791305084714,0.5407045775334951,0.5553677525174542,4420800.0
1974-09-13,False,daily,79.5,79.5,76.25,76.25,44100.0,0.5828612056123778,0.5828612056123778,0.559033546263444,0.559033546263444,2116800.0
1974-09-12,False,daily,81.5,81.5,80.0,80.0,29000.0,0.597524380596337,0.597524380596337,0.5865269993583675,0.5865269993583675,1392000.0
1974-09-11,False,daily,83.0,83.75,82.13,82.13,18400.0,0.6085217618343063,0.614020452453291,0.602143280716284,0.602143280716284,883200.0
1974-09-10,False,daily,84.12,84.88,83.0,83.0,19700.0,0.6167331398253235,0.6223051463192278,0.6085217618343063,0.6085217618343063,945600.0
1974-09-09,False,daily,85.25,85.25,84.12,84.12,23700.0,0.6250178336912604,0.6250178336912604,0.6167331398253235,0.6167331398253235,1137600.0
1974-09-06,False,daily,86.25,86.38,85.0,85.25,33500.0,0.63234942118324,0.6333025275571973,0.6231849368182655,0.6250178336912604,1608000.0
1974-09-05,False,daily,81.12,86.25,81.12,86.25,51700.0,0.5947383773493847,0.63234942118324,0.5947383773493847,0.63234942118324,2481600.0
1974-09-04,False,daily,81.75,81.75,79.5,79.87,75100.0,0.5993572774693318,0.5993572774693318,0.5828612056123778,0.5855738929844102,3604800.0
1974-09-03,False,daily,85.87,86.38,85.5,85.62,34400.0,0.6295634179362878,0.6333025275571973,0.6268507305642552,0.6277305210632929,1651200.0
1974-08-30,False,daily,82.75,86.75,82.75,85.87,33300.0,0.6066888649613114,0.6360152149292297,0.6066888649613114,0.6295634179362878,1598400.0
1974-08-29,False,daily,81.75,83.25,81.12,81.88,35600.0,0.5993572774693318,0.6103546587073012,0.5947383773493847,0.6003103838432892,1708800.0
1974-08-28,False,daily,80.25,83.5,80.25,81.75,38300.0,0.5883598962313624,0.6121875555802961,0.5883598962313624,0.5993572774693318,1838400.0
1974-08-27,False,daily,82.25,82.25,79.25,80.0,42600.0,0.6030230712153216,0.6030230712153216,0.5810283087393828,0.5865269993583675,2044800.0
1974-08-26,False,daily,81.37,84.25,80.0,82.5,57200.0,0.5965712742223795,0.6176862461992808,0.5865269993583675,0.6048559680883165,2745600.0
1974-08-23,False,daily,83.5,84.0,80.25,81.37,35000.0,0.6121875555802961,0.6158533493262859,0.5883598962313624,0.5965712742223795,1680000.0
1974-08-22,False,daily,85.0,85.0,83.12,83.5,44800.0,0.6231849368182655,0.6231849368182655,0.6094015523333439,0.6121875555802961,2150400.0
1974-08-21,False,daily,86.0,86.75,84.88,85.0,22000.0,0.6305165243102451,0.6360152149292297,0.6223051463192278,0.6231849368182655,1056000.0
1974-08-20,False,daily,85.62,88.0,85.0,86.0,49600.0,0.6277305210632929,0.6451796992942043,0.6231849368182655,0.6305165243102451,2380800.0
1974-08-19,False,daily,87.0,87.0,84.75,85.62,40700.0,0.6378481118022247,0.6378481118022247,0.6213520399452706,0.6277305210632929,1953600.0
1974-08-16,False,daily,86.5,87.88,85.62,87.5,19800.0,0.6327043821017807,0.6427983942093005,0.6262676207578551,0.640018883628969,950400.0
1974-08-15,False,daily,87.5,88.0,86.25,86.5,29300.0,0.640018883628969,0.6436761343925631,0.6308757567199837,0.6327043821017807,1406400.0
1974-08-14,False,daily,88.25,88.25,86.0,87.5,56400.0,0.6455047597743602,0.6455047597743602,0.6290471313381867,0.640018883628969,2707200.0
1974-08-13,False,daily,91.62,91.62,88.75,88.75,29900.0,0.6701546299209845,0.6701546299209845,0.6491620105379542,0.6491620105379542,1435200.0
1974-08-12,False,daily,93.75,93.75,91.5,91.75,11900.0,0.6857345181738953,0.6857345181738953,0.6692768897377218,0.6711055151195189,571200.0
1974-08-09,False,daily,94.75,94.75,93.25,94.0,22200.0,0.6930490197010836,0.6930490197010836,0.6820772674103012,0.6875631435556924,1065600.0
1974-08-08,False,daily,96.88,97.38,94.62,94.75,31300.0,0.7086289079539945,0.7122861587175885,0.6920981345025491,0.6930490197010836,1502400.0
1974-08-07,False,daily,91.75,96.88,91.75,96.88,34700.0,0.6711055151195189,0.7086289079539945,0.6711055151195189,0.7086289079539945,1665600.0
1974-08-06,False,daily,90.5,93.5,90.5,91.38,58100.0,0.6619623882105337,0.6839058927920982,0.6619623882105337,0.6683991495544592,2788800.0
1974-08-05,False,daily,91.0,92.25,89.75,89.88,48100.0,0.6656196389741277,0.674762765883113,0.6564765120651425,0.6574273972636769,2308800.0
1974-08-02,False,daily,94.25,94.25,91.0,91.0,47400.0,0.6893917689374894,0.6893917689374894,0.6656196389741277,0.6656196389741277,2275200.0
1974-08-01,False,daily,98.12,98.12,94.25,94.5,58100.0,0.7176988898477079,0.7176988898477079,0.6893917689374894,0.6912203943192865,2788800.0
1974-07-31,False,daily,99.0,100.75,98.25,98.25,12200.0,0.7241356511916335,0.7369360288642128,0.7186497750462423,0.7186497750462423,585600.0
1974-07-30,False,daily,98.0,99.25,96.88,99.0,24000.0,0.7168211496644452,0.7259642765734305,0.7086289079539945,0.7241356511916335,1152000.0
1974-07-29,False,daily,99.12,99.5,97.25,98.0,47000.0,0.7250133913748961,0.7277929019552276,0.7113352735190541,0.7168211496644452,2256000.0
1974-07-26,False,daily,102.0,102.0,99.0,99.12,47200.0,0.7460791557731982,0.7460791557731982,0.7241356511916335,0.7250133913748961,2265600.0
1974-07-25,False,daily,105.5,106.0,102.25,102.25,18600.0,0.7716799111183569,0.775337161881951,0.7479077811549951,0.7479077811549951,892800.0
1974-07-24,False,daily,107.75,108.0,105.12,105.5,25500.0,0.7881375395545304,0.7899661649363274,0.7689004005380254,0.7716799111183569,1224000.0
1974-07-23,False,daily,108.88,108.88,107.75,107.75,19100.0,0.796402926280253,0.796402926280253,0.7881375395545304,0.7881375395545304,916800.0
1974-07-22,False,daily,110.0,110.0,108.0,109.25,27500.0,0.8045951679907039,0.8045951679907039,0.7899661649363274,0.7991092918453127,1320000.0
1974-07-19,False,daily,110.5,111.0,109.5,110.75,24200.0,0.808252418754298,0.8119096695178921,0.8009379172271097,0.810081044136095,1161600.0
1974-07-18,False,daily,110.5,112.75,110.5,110.5,21900.0,0.808252418754298,0.8247100471904715,0.808252418754298,0.808252418754298,1051200.0
1974-07-17,False,daily,108.12,110.25,107.5,110.12,21500.0,0.79084390511959,0.8064237933725009,0.7863089141727333,0.8054729081739664,1032000.0
1974-07-16,False,daily,109.5,109.75,108.12,108.12,17300.0,0.8009379172271097,0.8027665426089068,0.79084390511959,0.79084390511959,830400.0
1974-07-15,False,daily,107.88,110.0,107.5,109.5,33000.0,0.7890884247530648,0.8045951679907039,0.7863089141727333,0.8009379172271097,1584000.0
1974-07-12,False,daily,104.5,109.0,104.5,107.88,29500.0,0.7643654095911686,0.7972806664635156,0.7643654095911686,0.7890884247530648,1416000.0
1974-07-11,False,daily,105.25,105.75,103.5,103.5,34100.0,0.7698512857365598,0.7735085365001539,0.7570509080639805,0.7570509080639805,1636800.0
1974-07-10,False,daily,105.62,106.5,105.25,105.25,20600.0,0.7725576513016195,0.7789944126455451,0.7698512857365598,0.7698512857365598,988800.0
1974-07-09,False,daily,104.0,106.62,103.5,105.62,62200.0,0.7607081588275746,0.7798721528288077,0.7570509080639805,0.7725576513016195,2985600.0
1974-07-08,False,daily,104.5,104.5,102.5,104.0,34600.0,0.7643654095911686,0.7643654095911686,0.7497364065367922,0.7607081588275746,1660800.0
1974-07-05,False,daily,110.25,110.25,106.25,107.0,20600.0,0.8064237933725009,0.8064237933725009,0.7771657872637481,0.7826516634091392,988800.0
1974-07-03,False,daily,111.5,112.0,110.0,110.5,22500.0,0.8155669202814861,0.8192241710450803,0.8045951679907039,0.808252418754298,1080000.0
1974-07-02,False,daily,113.5,114.0,111.12,111.5,13500.0,0.8301959233358626,0.8338531740994567,0.8127874097011547,0.8155669202814861,648000.0
1974-07-01,False,daily,113.25,114.25,112.75,113.5,13200.0,0.8283672979540656,0.8356817994812538,0.8247100471904715,0.8301959233358626,633600.0
1974-06-28,False,daily,113.63,113.63,111.75,113.25,15700.0,0.831146808534397,0.831146808534397,0.8173955456632832,0.8283672979540656,753600.0
1974-06-27,False,daily,117.5,117.5,113.75,113.75,19800.0,0.8594539294446155,0.8594539294446155,0.8320245487176596,0.8320245487176596,950400.0
1974-06-26,False,daily,118.0,118.13,117.62,117.75,10300.0,0.8631111802082095,0.864062065406744,0.8603316696278781,0.8612825548264126,494400.0
1974-06-25,False,daily,117.37,118.25,117.37,118.0,13700.0,0.858503044246081,0.8649398055900066,0.858503044246081,0.8631111802082095,657600.0
1974-06-24,False,daily,116.25,118.0,116.0,117.37,17400.0,0.8503108025356302,0.8631111802082095,0.8484821771538331,0.858503044246081,835200.0
1974-06-21,False,daily,116.25,116.25,115.25,116.25,26300.0,0.8503108025356302,0.8503108025356302,0.842996301008442,0.8503108025356302,1262400.0
1974-06-20,False,daily,116.88,116.88,116.0,116.75,13000.0,0.8549189384977588,0.8549189384977588,0.8484821771538331,0.8539680532992243,624000.0
1974-06-19,False,daily,117.75,118.0,116.75,117.12,21100.0,0.8612825548264126,0.8631111802082095,0.8539680532992243,0.856674418864284,1012800.0
1974-06-18,False,daily,116.25,118.0,116.0,117.75,28800.0,0.8503108025356302,0.8631111802082095,0.8484821771538331,0.8612825548264126,1382400.0
1974-06-17,False,daily,118.0,118.0,116.25,116.25,21600.0,0.8631111802082095,0.8631111802082095,0.8503108025356302,0.8503108025356302,1036800.0
1974-06-14,False,daily,118.5,118.62,117.5,118.38,9600.0,0.8667684309718037,0.8676461711550664,0.8594539294446155,0.8658906907885411,460800.0
1974-06-13,False,daily,118.62,119.38,118.38,118.5,31100.0,0.8676461711550664,0.8732051923157292,0.8658906907885411,0.8667684309718037,1492800.0
1974-06-12,False,daily,116.75,118.75,115.87,118.62,26500.0,0.8539680532992243,0.8685970563536007,0.8475312919552987,0.8676461711550664,1272000.0
1974-06-11,False,daily,118.5,118.5,116.5,116.75,16100.0,0.8667684309718037,0.8667684309718037,0.8521394279174273,0.8539680532992243,772800.0
1974-06-10,False,daily,118.87,118.87,118.0,118.75,28000.0,0.8694747965368633,0.8694747965368633,0.8631111802082095,0.8685970563536007,1344000.0
1974-06-07,False,daily,118.0,118.87,118.0,118.87,22700.0,0.8631111802082095,0.8694747965368633,0.8631111802082095,0.8694747965368633,1089600.0
1974-06-06,False,daily,117.0,117.62,116.75,117.37,12400.0,0.8557966786810214,0.8603316696278781,0.8539680532992243,0.858503044246081,595200.0
1974-06-05,False,daily,117.5,118.0,116.25,117.0,23100.0,0.8594539294446155,0.8631111802082095,0.8503108025356302,0.8557966786810214,1108800.0
1974-06-04,False,daily,117.0,118.25,116.75,117.5,24200.0,0.8557966786810214,0.8649398055900066,0.8539680532992243,0.8594539294446155,1161600.0
1974-06-03,False,daily,115.0,117.25,114.25,117.0,18000.0,0.841167675626645,0.8576253040628184,0.8356817994812538,0.8557966786810214,864000.0
1974-05-31,False,daily,114.75,115.25,114.0,115.0,14900.0,0.8393390502448479,0.842996301008442,0.8338531740994567,0.841167675626645,715200.0
1974-05-30,False,daily,113.25,115.0,112.13,114.75,24000.0,0.8283672979540656,0.841167675626645,0.8201750562436148,0.8393390502448479,1152000.0
1974-05-29,False,daily,115.75,116.5,112.75,113.25,23800.0,0.846653551772036,0.8521394279174273,0.8247100471904715,0.8283672979540656,1142400.0
1974-05-28,False,daily,116.75,117.25,115.5,115.75,13800.0,0.8539680532992243,0.8576253040628184,0.8448249263902391,0.846653551772036,662400.0
1974-05-24,False,daily,114.75,116.75,114.75,116.75,42700.0,0.8393390502448479,0.8539680532992243,0.8393390502448479,0.8539680532992243,2049600.0
1974-05-23,False,daily,114.37,115.25,113.5,114.25,17200.0,0.8365595396645163,0.842996301008442,0.8301959233358626,0.8356817994812538,825600.0
1974-05-22,False,daily,114.25,115.5,114.0,114.37,24100.0,0.8356817994812538,0.8448249263902391,0.8338531740994567,0.8365595396645163,1156800.0
1974-05-21,False,daily,113.0,114.75,113.0,114.25,13600.0,0.8265386725722685,0.8393390502448479,0.8265386725722685,0.8356817994812538,652800.0
1974-05-20,False,daily,112.25,113.0,112.13,112.5,29800.0,0.8210527964268773,0.8265386725722685,0.8201750562436148,0.8228814218086744,1430400.0
1974-05-17,False,daily,113.25,113.38,112.25,112.25,12900.0,0.8272642789155115,0.8282138979553261,0.8199595170707829,0.8199595170707829,619200.0
1974-05-16,False,daily,113.25,114.5,113.25,113.25,10300.0,0.8272642789155115,0.8363952312214221,0.8272642789155115,0.8272642789155115,494400.0
1974-05-15,False,daily,112.75,113.5,111.25,113.25,21600.0,0.8236118979931472,0.8290904693766936,0.8126547552260542,0.8272642789155115,1036800.0
1974-05-14,False,daily,112.0,113.0,112.0,112.75,9600.0,0.8181333266096007,0.8254380884543293,0.8181333266096007,0.8236118979931472,460800.0
1974-05-13,False,daily,112.5,112.5,111.12,111.5,20000.0,0.821785707531965,0.821785707531965,0.8117051361862396,0.8144809456872364,960000.0
1974-05-10,False,daily,113.5,114.0,113.0,113.38,19400.0,0.8290904693766936,0.8327428502990578,0.8254380884543293,0.8282138979553261,931200.0
1974-05-09,False,daily,110.5,113.5,110.0,113.5,13700.0,0.8071761838425079,0.8290904693766936,0.8035238029201436,0.8290904693766936,657600.0
1974-05-08,False,daily,109.25,110.5,109.25,110.5,7700.0,0.7980452315365971,0.8071761838425079,0.7980452315365971,0.8071761838425079,369600.0
1974-05-07,False,daily,109.5,110.25,109.0,109.0,22700.0,0.7998714219977793,0.8053499933813257,0.796219041075415,0.796219041075415,1089600.0
1974-05-06,False,daily,108.75,109.75,108.25,109.5,15900.0,0.7943928506142328,0.8016976124589614,0.7907404696918685,0.7998714219977793,763200.0
1974-05-03,False,daily,109.5,109.75,108.0,108.75,11100.0,0.7998714219977793,0.8016976124589614,0.7889142792306864,0.7943928506142328,532800.0
1974-05-02,False,daily,109.75,110.0,109.0,109.5,29800.0,0.8016976124589614,0.8035238029201436,0.796219041075415,0.7998714219977793,1430400.0
1974-05-01,False,daily,109.0,110.5,108.62,109.75,27700.0,0.796219041075415,0.8071761838425079,0.7934432315744182,0.8016976124589614,1329600.0
1974-04-30,False,daily,108.62,109.5,108.62,109.0,9400.0,0.7934432315744182,0.7998714219977793,0.7934432315744182,0.796219041075415,451200.0
1974-04-29,False,daily,107.38,109.0,106.62,108.25,17000.0,0.7843853268869546,0.796219041075415,0.778833707884961,0.7907404696918685,816000.0
1974-04-26,False,daily,106.25,107.75,106.25,107.38,13100.0,0.7761309460024114,0.7870880887695042,0.7761309460024114,0.7843853268869546,628800.0
1974-04-25,False,daily,106.25,106.62,105.12,105.5,17300.0,0.7761309460024114,0.778833707884961,0.7678765651178682,0.7706523746188649,830400.0
1974-04-24,False,daily,106.5,106.75,105.37,106.25,18200.0,0.7779571364635935,0.7797833269247757,0.7697027555790503,0.7761309460024114,873600.0
1974-04-23,False,daily,107.25,108.0,106.5,106.5,9900.0,0.78343570784714,0.7889142792306864,0.7779571364635935,0.7779571364635935,475200.0
1974-04-22,False,daily,108.5,109.0,107.25,107.25,8400.0,0.7925666601530507,0.796219041075415,0.78343570784714,0.78343570784714,403200.0
1974-04-19,False,daily,109.75,109.75,107.63,108.5,11100.0,0.8016976124589614,0.8016976124589614,0.7862115173481368,0.7925666601530507,532800.0
1974-04-18,False,daily,110.0,110.25,109.75,110.12,11100.0,0.8035238029201436,0.8053499933813257,0.8016976124589614,0.804400374341511,532800.0
1974-04-17,False,daily,110.0,110.5,109.5,110.0,18600.0,0.8035238029201436,0.8071761838425079,0.7998714219977793,0.8035238029201436,892800.0
1974-04-16,False,daily,109.0,110.5,109.0,110.0,13600.0,0.796219041075415,0.8071761838425079,0.796219041075415,0.8035238029201436,652800.0
1974-04-15,False,daily,110.12,110.38,108.62,108.62,16400.0,0.804400374341511,0.8062996124211403,0.7934432315744182,0.7934432315744182,787200.0
1974-04-11,False,daily,109.75,111.12,109.5,110.12,4200.0,0.8016976124589614,0.8117051361862396,0.7998714219977793,0.804400374341511,201600.0
1974-04-10,False,daily,110.63,111.5,109.38,109.75,21200.0,0.8081258028823225,0.8144809456872364,0.7989948505764118,0.8016976124589614,1017600.0
1974-04-09,False,daily,108.25,110.75,108.25,110.63,24200.0,0.7907404696918685,0.80900237430369,0.7907404696918685,0.8081258028823225,1161600.0
1974-04-08,False,daily,109.25,109.25,108.0,108.25,15400.0,0.7980452315365971,0.7980452315365971,0.7889142792306864,0.7907404696918685,739200.0
1974-04-05,False,daily,110.5,110.5,109.62,109.75,21600.0,0.8071761838425079,0.8071761838425079,0.8007479934191467,0.8016976124589614,1036800.0
1974-04-04,False,daily,109.75,111.0,109.5,111.0,12400.0,0.8016976124589614,0.8108285647648721,0.7998714219977793,0.8108285647648721,595200.0
1974-04-03,False,daily,109.5,110.0,109.5,109.75,13500.0,0.7998714219977793,0.8035238029201436,0.7998714219977793,0.8016976124589614,648000.0
1974-04-02,False,daily,108.12,109.75,108.12,109.25,10300.0,0.7897908506520539,0.8016976124589614,0.7897908506520539,0.7980452315365971,494400.0
1974-04-01,False,daily,109.0,109.75,108.12,108.12,12700.0,0.796219041075415,0.8016976124589614,0.7897908506520539,0.7897908506520539,609600.0
1974-03-29,False,daily,109.87,110.0,108.5,109.0,15700.0,0.8025741838803289,0.8035238029201436,0.7925666601530507,0.796219041075415,753600.0
1974-03-28,False,daily,111.25,111.25,109.25,109.87,12400.0,0.8126547552260542,0.8126547552260542,0.7980452315365971,0.8025741838803289,595200.0
1974-03-27,False,daily,111.25,111.88,110.88,111.37,27500.0,0.8126547552260542,0.8172567551882333,0.8099519933435047,0.8135313266474218,1320000.0
1974-03-26,False,daily,111.75,112.0,111.0,111.25,18600.0,0.8163071361484185,0.8181333266096007,0.8108285647648721,0.8126547552260542,892800.0
1974-03-25,False,daily,112.75,112.75,110.75,111.75,11400.0,0.8236118979931472,0.8236118979931472,0.80900237430369,0.8163071361484185,547200.0
1974-03-22,False,daily,110.75,112.75,110.38,112.75,13500.0,0.80900237430369,0.8236118979931472,0.8062996124211403,0.8236118979931472,648000.0
1974-03-21,False,daily,110.75,112.0,110.25,110.75,12200.0,0.80900237430369,0.8181333266096007,0.8053499933813257,0.80900237430369,585600.0
1974-03-20,False,daily,109.5,111.0,109.5,110.75,21600.0,0.7998714219977793,0.8108285647648721,0.7998714219977793,0.80900237430369,1036800.0
1974-03-19,False,daily,111.25,111.75,109.25,109.25,19400.0,0.8126547552260542,0.8163071361484185,0.7980452315365971,0.7980452315365971,931200.0
1974-03-18,False,daily,113.63,113.88,111.25,111.25,22800.0,0.8300400884165082,0.8318662788776904,0.8126547552260542,0.8126547552260542,1094400.0
1974-03-15,False,daily,114.75,114.75,113.38,113.63,14400.0,0.8382214216826043,0.8382214216826043,0.8282138979553261,0.8300400884165082,691200.0
1974-03-14,False,daily,113.0,115.5,113.0,114.75,33200.0,0.8254380884543293,0.8436999930661507,0.8254380884543293,0.8382214216826043,1593600.0
1974-03-13,False,daily,110.63,114.75,110.25,112.38,35200.0,0.8081258028823225,0.8382214216826043,0.8053499933813257,0.8209091361105976,1689600.0
1974-03-12,False,daily,108.0,110.75,108.0,110.63,19400.0,0.7889142792306864,0.80900237430369,0.7889142792306864,0.8081258028823225,931200.0
1974-03-11,False,daily,106.75,108.0,105.0,108.0,65600.0,0.7797833269247757,0.7889142792306864,0.7669999936965006,0.7889142792306864,3148800.0
1974-03-08,False,daily,105.88,108.0,104.25,106.75,32400.0,0.7734281841198618,0.7889142792306864,0.7615214223129543,0.7797833269247757,1555200.0
1974-03-07,False,daily,105.5,107.0,105.0,105.88,25300.0,0.7706523746188649,0.7816095173859579,0.7669999936965006,0.7734281841198618,1214400.0
1974-03-06,False,daily,105.12,105.75,104.0,105.5,31100.0,0.7678765651178682,0.7724785650800471,0.7596952318517721,0.7706523746188649,1492800.0
1974-03-05,False,daily,103.25,105.12,103.25,105.12,42700.0,0.7542166604682257,0.7678765651178682,0.7542166604682257,0.7678765651178682,2049600.0
1974-03-04,False,daily,100.5,100.75,98.25,100.25,24700.0,0.7341285653952221,0.7359547558564042,0.7176928512445828,0.7323023749340399,1185600.0
1974-03-01,False,daily,102.0,102.5,100.5,100.5,17300.0,0.7450857081623149,0.7487380890846792,0.7341285653952221,0.7341285653952221,830400.0
1974-02-28,False,daily,102.88,103.0,101.75,102.0,15800.0,0.7515138985856761,0.7523904700070435,0.7432595177011327,0.7450857081623149,758400.0
1974-02-27,False,daily,104.0,104.0,102.75,102.88,21600.0,0.7596952318517721,0.7596952318517721,0.7505642795458614,0.7515138985856761,1036800.0
1974-02-26,False,daily,104.0,104.5,103.5,104.25,21600.0,0.7596952318517721,0.7633476127741364,0.7560428509294078,0.7615214223129543,1036800.0
1974-02-25,False,daily,104.12,104.12,103.25,104.0,9100.0,0.7605718032731396,0.7605718032731396,0.7542166604682257,0.7596952318517721,436800.0
1974-02-22,False,daily,104.5,104.75,103.0,104.38,17700.0,0.7633476127741364,0.7651738032353185,0.7523904700070435,0.7624710413527689,849600.0
1974-02-21,False,daily,102.25,104.75,101.5,104.5,17500.0,0.746911898623497,0.7651738032353185,0.7414333272399506,0.7633476127741364,840000.0
1974-02-20,False,daily,103.13,103.25,101.5,102.25,13300.0,0.7533400890468582,0.7542166604682257,0.7414333272399506,0.746911898623497,638400.0
1974-02-19,False,daily,103.13,106.0,103.13,103.13,23200.0,0.7533400890468582,0.7743047555412292,0.7533400890468582,0.7533400890468582,1113600.0
1974-02-15,False,daily,100.25,103.0,99.5,102.25,15300.0,0.7323023749340399,0.7523904700070435,0.7268238035504935,0.746911898623497,734400.0
1974-02-14,False,daily,100.0,101.25,100.0,100.25,11700.0,0.729228116791308,0.7383434682511993,0.729228116791308,0.7310511870832862,561600.0
1974-02-13,False,daily,100.5,102.25,99.5,100.0,16200.0,0.7328742573752645,0.7456357494191124,0.7255819762073514,0.729228116791308,777600.0
1974-02-12,False,daily,99.88,101.25,97.62,100.5,35100.0,0.7283530430511583,0.7383434682511993,0.7118724876116749,0.7328742573752645,1684800.0
1974-02-11,False,daily,101.5,101.5,99.5,99.88,18500.0,0.7401665385431776,0.7401665385431776,0.7255819762073514,0.7283530430511583,888000.0
1974-02-08,False,daily,102.5,104.25,101.0,101.5,18900.0,0.7474588197110906,0.7602203117549385,0.7365203979592211,0.7401665385431776,907200.0
1974-02-07,False,daily,102.12,103.25,100.5,102.5,26300.0,0.7446877528672837,0.7529280305870255,0.7328742573752645,0.7474588197110906,1262400.0
1974-02-06,False,daily,102.5,103.25,101.38,102.12,16800.0,0.7474588197110906,0.7529280305870255,0.739291464803028,0.7446877528672837,806400.0
1974-02-05,False,daily,104.75,104.88,102.5,102.5,31600.0,0.763866452338895,0.7648144488907237,0.7474588197110906,0.7474588197110906,1516800.0
1974-02-04,False,daily,104.88,104.88,102.75,104.75,19200.0,0.7648144488907237,0.7648144488907237,0.7492818900030689,0.763866452338895,921600.0
1974-02-01,False,daily,105.75,105.75,104.25,105.25,14300.0,0.7711587335068082,0.7711587335068082,0.7602203117549385,0.7675125929228517,686400.0
1974-01-31,False,daily,107.88,108.25,106.0,106.13,9400.0,0.786691292394463,0.7893894364265909,0.7729818037987864,0.7739298003506151,451200.0
1974-01-30,False,daily,107.75,109.5,107.63,107.88,24500.0,0.7857432958426344,0.7985047878864822,0.7848682221024847,0.786691292394463,1176000.0
1974-01-29,False,daily,108.62,108.88,107.75,107.75,8900.0,0.7920875804587187,0.793983573562376,0.7857432958426344,0.7857432958426344,427200.0
1974-01-28,False,daily,111.25,111.25,108.5,108.62,11500.0,0.8112662799303301,0.8112662799303301,0.7912125067185691,0.7920875804587187,552000.0
1974-01-25,False,daily,109.5,111.62,109.0,111.5,20900.0,0.7985047878864822,0.8139644239624579,0.7948586473025256,0.8130893502223083,1003200.0
1974-01-24,False,daily,110.38,110.38,109.5,109.5,15200.0,0.8049219953142457,0.8049219953142457,0.7985047878864822,0.7985047878864822,729600.0
1974-01-23,False,daily,110.5,112.0,110.5,111.25,45200.0,0.8057970690543953,0.816735490806265,0.8057970690543953,0.8112662799303301,2169600.0
1974-01-22,False,daily,107.75,110.75,107.0,110.0,28400.0,0.7857432958426344,0.8076201393463736,0.7802740849666995,0.8021509284704388,1363200.0
1974-01-21,False,daily,107.75,107.75,104.12,107.75,17000.0,0.7857432958426344,0.7857432958426344,0.7592723152031099,0.7857432958426344,816000.0
1974-01-18,False,daily,109.5,109.75,107.5,107.75,24900.0,0.7985047878864822,0.8003278581784605,0.7839202255506561,0.7857432958426344,1195200.0
1974-01-17,False,daily,107.0,109.75,107.0,109.5,23500.0,0.7802740849666995,0.8003278581784605,0.7802740849666995,0.7985047878864822,1128000.0
1974-01-16,False,daily,103.5,106.5,103.5,106.25,19300.0,0.7547511008790038,0.776627944382743,0.7547511008790038,0.7748048740907647,926400.0
1974-01-15,False,daily,101.75,104.5,101.5,103.38,23900.0,0.7419896088351559,0.7620433820469168,0.7401665385431776,0.7538760271388542,1147200.0
1974-01-14,False,daily,99.5,103.25,99.5,101.75,22800.0,0.7255819762073514,0.7529280305870255,0.7255819762073514,0.7419896088351559,1094400.0
1974-01-11,False,daily,97.25,99.75,97.25,99.5,32800.0,0.709174343579547,0.7274050464993297,0.709174343579547,0.7255819762073514,1574400.0
1974-01-10,False,daily,97.75,100.75,96.75,97.0,35200.0,0.7128204841635035,0.7346973276672427,0.7055282029955905,0.7073512732875687,1689600.0
1974-01-09,False,daily,99.0,99.0,95.75,97.75,60900.0,0.7219358356233949,0.7219358356233949,0.6982359218276774,0.7128204841635035,2923200.0
1974-01-08,False,daily,102.62,102.62,99.75,99.75,57700.0,0.7483338934512402,0.7483338934512402,0.7274050464993297,0.7274050464993297,2769600.0
1974-01-07,False,daily,106.5,106.5,101.0,103.25,62000.0,0.776627944382743,0.776627944382743,0.7365203979592211,0.7529280305870255,2976000.0
1974-01-04,False,daily,111.75,111.75,107.38,108.0,21300.0,0.8149124205142867,0.8149124205142867,0.7830451518105065,0.7875663661346126,1022400.0
1974-01-03,False,daily,111.75,113.5,111.25,111.75,32800.0,0.8149124205142867,0.8276739125581345,0.8112662799303301,0.8149124205142867,1574400.0
1974-01-02,False,daily,112.5,112.5,110.38,111.75,11900.0,0.8203816313902215,0.8203816313902215,0.8049219953142457,0.8149124205142867,571200.0
1975-12-31,False,daily,89.38,90.37,89.38,89.75,9600.0,0.6630701286262518,0.6704144945620315,0.6630701286262518,0.6658149926628564,460800.0
1975-12-30,False,daily,90.12,90.25,88.87,89.12,15400.0,0.6685598566994609,0.6695242683879976,0.6592866673866078,0.6611413052491784,739200.0
1975-12-29,False,daily,90.5,91.0,89.5,90.12,14100.0,0.6713789062505683,0.6750881819757095,0.6639603548002857,0.6685598566994609,676800.0
1975-12-26,False,daily,90.12,90.5,90.12,90.5,10600.0,0.6685598566994609,0.6713789062505683,0.6685598566994609,0.6713789062505683,508800.0
1975-12-24,False,daily,89.0,90.12,89.0,90.0,21500.0,0.6602510790751445,0.6685598566994609,0.6602510790751445,0.6676696305254269,1032000.0
1975-12-23,False,daily,88.87,89.0,88.38,88.62,30800.0,0.6592866673866078,0.6602510790751445,0.6556515771759692,0.6574320295240371,1478400.0
1975-12-22,False,daily,90.0,90.0,88.87,88.87,14000.0,0.6676696305254269,0.6676696305254269,0.6592866673866078,0.6592866673866078,672000.0
1975-12-19,False,daily,90.62,90.75,90.0,90.12,17600.0,0.6722691324246022,0.6732335441131388,0.6676696305254269,0.6685598566994609,844800.0
1975-12-18,False,daily,90.88,91.25,89.75,90.62,29700.0,0.6741979558016755,0.6769428198382801,0.6658149926628564,0.6722691324246022,1425600.0
1975-12-17,False,daily,90.62,91.38,90.62,90.88,42900.0,0.6722691324246022,0.6779072315268169,0.6722691324246022,0.6741979558016755,2059200.0
1975-12-16,False,daily,89.5,90.5,89.5,90.0,14200.0,0.6639603548002857,0.6713789062505683,0.6639603548002857,0.6676696305254269,681600.0
1975-12-15,False,daily,89.75,90.0,89.0,89.0,15700.0,0.6658149926628564,0.6676696305254269,0.6602510790751445,0.6602510790751445,753600.0
1975-12-12,False,daily,90.25,90.25,89.75,89.75,28700.0,0.6695242683879976,0.6695242683879976,0.6658149926628564,0.6658149926628564,1377600.0
1975-12-11,False,daily,89.75,90.62,89.75,90.25,50200.0,0.6658149926628564,0.6722691324246022,0.6658149926628564,0.6695242683879976,2409600.0
1975-12-10,False,daily,88.75,89.5,88.62,89.5,32300.0,0.6583964412125738,0.6639603548002857,0.6574320295240371,0.6639603548002857,1550400.0
1975-12-09,False,daily,88.62,89.0,87.62,88.75,11500.0,0.6574320295240371,0.6602510790751445,0.6500134780737546,0.6583964412125738,552000.0
1975-12-08,False,daily,87.5,89.0,86.63,88.62,35200.0,0.6491232518997206,0.6602510790751445,0.6426691121379748,0.6574320295240371,1689600.0
1975-12-05,False,daily,89.0,89.0,87.25,87.5,23900.0,0.6602510790751445,0.6602510790751445,0.6472686140371501,0.6491232518997206,1147200.0
1975-12-04,False,daily,88.5,89.25,87.88,89.25,40900.0,0.6565418033500032,0.6621057169377151,0.651942301450828,0.6621057169377151,1963200.0
1975-12-03,False,daily,90.0,90.0,88.25,88.5,54700.0,0.6676696305254269,0.6676696305254269,0.6546871654874326,0.6565418033500032,2625600.0
1975-12-02,False,daily,93.0,93.0,90.25,90.25,18600.0,0.6899252848762746,0.6899252848762746,0.6695242683879976,0.6695242683879976,892800.0
1975-12-01,False,daily,94.0,94.0,93.0,93.0,17300.0,0.697343836326557,0.697343836326557,0.6899252848762746,0.6899252848762746,830400.0
1975-11-28,False,daily,94.75,94.87,93.25,94.25,20400.0,0.702907749914269,0.7037979760883029,0.6917799227388451,0.6991984741891277,979200.0
1975-11-26,False,daily,93.75,94.75,93.62,94.75,24800.0,0.6954891984639865,0.702907749914269,0.6945247867754497,0.702907749914269,1190400.0
1975-11-25,False,daily,93.5,93.88,93.5,93.75,34700.0,0.6936345606014158,0.6964536101525232,0.6936345606014158,0.6954891984639865,1665600.0
1975-11-24,False,daily,92.38,93.37,92.12,93.25,18900.0,0.6853257829770993,0.6926701489128791,0.683396959600026,0.6917799227388451,907200.0
1975-11-21,False,daily,92.38,93.0,92.12,92.38,20600.0,0.6853257829770993,0.6899252848762746,0.683396959600026,0.6853257829770993,988800.0
1975-11-20,False,daily,92.0,93.25,91.75,92.38,18200.0,0.682506733425992,0.6917799227388451,0.6806520955634214,0.6853257829770993,873600.0
1975-11-19,False,daily,92.75,93.12,92.0,92.0,16900.0,0.6880706470137039,0.6908155110503085,0.682506733425992,0.682506733425992,811200.0
1975-11-18,False,daily,92.75,93.37,92.75,92.75,38900.0,0.6880706470137039,0.6926701489128791,0.6880706470137039,0.6880706470137039,1867200.0
1975-11-17,False,daily,91.75,92.63,91.75,92.63,23800.0,0.6806520955634214,0.68718042083967,0.6806520955634214,0.68718042083967,1142400.0
1975-11-14,False,daily,91.0,91.75,90.75,91.75,26900.0,0.673633720741247,0.6791856470110925,0.6717830786512986,0.6791856470110925,1291200.0
1975-11-13,False,daily,91.38,91.5,91.0,91.0,18700.0,0.6764466967179688,0.6773350049211441,0.673633720741247,0.673633720741247,897600.0
1975-11-12,False,daily,91.38,91.75,91.25,91.38,17100.0,0.6764466967179688,0.6791856470110925,0.6754843628311955,0.6764466967179688,820800.0
1975-11-11,False,daily,91.0,91.5,90.75,91.38,13600.0,0.673633720741247,0.6773350049211441,0.6717830786512986,0.6764466967179688,652800.0
1975-11-10,False,daily,90.75,91.0,90.5,91.0,21900.0,0.6717830786512986,0.673633720741247,0.6699324365613502,0.673633720741247,1051200.0
1975-11-07,False,daily,91.0,91.75,90.75,90.75,35200.0,0.673633720741247,0.6791856470110925,0.6717830786512986,0.6717830786512986,1689600.0
1975-11-06,False,daily,90.25,91.0,89.75,91.0,25300.0,0.6680817944714016,0.673633720741247,0.6643805102915047,0.673633720741247,1214400.0
1975-11-05,False,daily,89.25,91.0,89.25,90.25,51100.0,0.6606792261116077,0.673633720741247,0.6606792261116077,0.6680817944714016,2452800.0
1975-11-04,False,daily,89.0,89.0,88.75,89.0,13500.0,0.6588285840216592,0.6588285840216592,0.6569779419317108,0.6588285840216592,648000.0
1975-11-03,False,daily,89.5,89.5,88.75,89.0,15200.0,0.6625298682015561,0.6625298682015561,0.6569779419317108,0.6588285840216592,729600.0
1975-10-31,False,daily,90.0,90.0,89.0,89.5,17900.0,0.6662311523814531,0.6662311523814531,0.6588285840216592,0.6625298682015561,859200.0
1975-10-30,False,daily,90.0,90.5,89.75,90.0,28700.0,0.6662311523814531,0.6699324365613502,0.6643805102915047,0.6662311523814531,1377600.0
1975-10-29,False,daily,90.0,90.0,89.25,90.0,36100.0,0.6662311523814531,0.6662311523814531,0.6606792261116077,0.6662311523814531,1732800.0
1975-10-28,False,daily,89.63,90.25,89.63,90.25,28600.0,0.6634922020883294,0.6680817944714016,0.6634922020883294,0.6680817944714016,1372800.0
1975-10-27,False,daily,89.25,89.75,88.87,89.5,26500.0,0.6606792261116077,0.6643805102915047,0.6578662501348861,0.6625298682015561,1272000.0
1975-10-24,False,daily,89.25,89.75,89.0,89.25,16000.0,0.6606792261116077,0.6643805102915047,0.6588285840216592,0.6606792261116077,768000.0
1975-10-23,False,daily,88.13,89.25,88.13,89.25,56900.0,0.6523883495486384,0.6606792261116077,0.6523883495486384,0.6606792261116077,2731200.0
1975-10-22,False,daily,87.0,87.62,86.88,87.62,42200.0,0.6440234473020714,0.6486130396851436,0.6431351390988961,0.6486130396851436,2025600.0
1975-10-21,False,daily,86.5,87.12,86.5,87.0,53600.0,0.6403221631221744,0.6449117555052467,0.6403221631221744,0.6440234473020714,2572800.0
1975-10-20,False,daily,85.62,86.0,85.25,86.0,31500.0,0.6338079029655558,0.6366208789422775,0.631068952672432,0.6366208789422775,1512000.0
1975-10-17,False,daily,85.0,85.75,85.0,85.62,26500.0,0.6292183105824836,0.6347702368523289,0.6292183105824836,0.6338079029655558,1272000.0
1975-10-16,False,daily,85.0,85.75,85.0,85.0,45900.0,0.6292183105824836,0.6347702368523289,0.6292183105824836,0.6292183105824836,2203200.0
1975-10-15,False,daily,85.0,85.0,84.37,84.62,20800.0,0.6292183105824836,0.6292183105824836,0.6245546925158134,0.6264053346057619,998400.0
1975-10-14,False,daily,84.25,85.0,84.25,85.0,64500.0,0.6236663843126381,0.6292183105824836,0.6236663843126381,0.6292183105824836,3096000.0
1975-10-13,False,daily,83.5,84.0,83.25,83.75,24800.0,0.6181144580427926,0.6218157422226896,0.6162638159528442,0.6199651001327411,1190400.0
1975-10-10,False,daily,84.5,84.5,83.25,83.5,17900.0,0.6255170264025866,0.6255170264025866,0.6162638159528442,0.6181144580427926,859200.0
1975-10-09,False,daily,85.0,85.13,84.12,84.5,43600.0,0.6292183105824836,0.6301806444692567,0.6227040504258649,0.6255170264025866,2092800.0
1975-10-08,False,daily,82.25,85.0,82.25,85.0,92900.0,0.6088612475930503,0.6292183105824836,0.6088612475930503,0.6292183105824836,4459200.0
1975-10-07,False,daily,82.62,82.62,81.75,82.25,24500.0,0.611600197886174,0.611600197886174,0.6051599634131533,0.6088612475930503,1176000.0
1975-10-06,False,daily,81.5,83.0,81.5,82.87,42100.0,0.6033093213232048,0.6144131738628956,0.6033093213232048,0.6134508399761225,2020800.0
1975-10-03,False,daily,80.75,81.5,80.75,81.5,21500.0,0.5977573950533593,0.6033093213232048,0.5977573950533593,0.6033093213232048,1032000.0
1975-10-02,False,daily,79.75,81.25,79.75,80.75,36100.0,0.5903548266935654,0.6014586792332564,0.5903548266935654,0.5977573950533593,1732800.0
1975-10-01,False,daily,79.5,80.75,79.5,79.75,23900.0,0.588504184603617,0.5977573950533593,0.588504184603617,0.5903548266935654,1147200.0
1975-09-30,False,daily,79.0,79.0,78.37,79.0,20800.0,0.58480290042372,0.58480290042372,0.5801392823570498,0.58480290042372,998400.0
1975-09-29,False,daily,80.0,80.5,79.0,79.0,16400.0,0.5922054687835139,0.5959067529634109,0.58480290042372,0.58480290042372,787200.0
1975-09-26,False,daily,79.5,80.0,79.13,80.0,23200.0,0.588504184603617,0.5922054687835139,0.5857652343104932,0.5922054687835139,1113600.0
1975-09-25,False,daily,80.0,80.0,79.38,79.5,29600.0,0.5922054687835139,0.5922054687835139,0.5876158764004417,0.588504184603617,1420800.0
1975-09-24,False,daily,80.25,81.0,80.25,80.25,18300.0,0.5940561108734624,0.5996080371433078,0.5940561108734624,0.5940561108734624,878400.0
1975-09-23,False,daily,82.0,82.0,79.13,80.25,74400.0,0.6070106055031017,0.6070106055031017,0.5857652343104932,0.5940561108734624,3571200.0
1975-09-22,False,daily,84.25,84.75,82.5,82.5,93400.0,0.6236663843126381,0.627367668492535,0.6107118896829987,0.6107118896829987,4483200.0
1975-09-19,False,daily,82.62,85.5,82.62,84.25,44000.0,0.611600197886174,0.6329195947623805,0.611600197886174,0.6236663843126381,2112000.0
1975-09-18,False,daily,80.38,82.5,80.38,82.25,18800.0,0.5950184447602356,0.6107118896829987,0.5950184447602356,0.6088612475930503,902400.0
1975-09-17,False,daily,80.75,80.88,80.12,80.38,11500.0,0.5977573950533593,0.5987197289401325,0.5930937769866892,0.5950184447602356,552000.0
1975-09-16,False,daily,81.25,81.25,80.38,80.75,15600.0,0.6014586792332564,0.6014586792332564,0.5950184447602356,0.5977573950533593,748800.0
1975-09-15,False,daily,81.75,81.75,80.75,81.25,28300.0,0.6051599634131533,0.6051599634131533,0.5977573950533593,0.6014586792332564,1358400.0
1975-09-12,False,daily,81.88,82.5,81.75,81.88,10900.0,0.6061222972999264,0.6107118896829987,0.6051599634131533,0.6061222972999264,523200.0
1975-09-11,False,daily,81.5,82.5,81.0,81.88,19600.0,0.6033093213232048,0.6107118896829987,0.5996080371433078,0.6061222972999264,940800.0
1975-09-10,False,daily,82.25,82.25,81.0,81.5,34000.0,0.6088612475930503,0.6088612475930503,0.5996080371433078,0.6033093213232048,1632000.0
1975-09-09,False,daily,84.5,85.25,83.12,83.25,25800.0,0.6255170264025866,0.631068952672432,0.6153014820660709,0.6162638159528442,1238400.0
1975-09-08,False,daily,84.25,84.5,83.75,84.5,13300.0,0.6236663843126381,0.6255170264025866,0.6199651001327411,0.6255170264025866,638400.0
1975-09-05,False,daily,85.13,85.13,84.12,84.25,13700.0,0.6301806444692567,0.6301806444692567,0.6227040504258649,0.6236663843126381,657600.0
1975-09-04,False,daily,85.0,86.0,84.62,85.25,7000.0,0.6292183105824836,0.6366208789422775,0.6264053346057619,0.631068952672432,336000.0
1975-09-03,False,daily,85.0,85.0,84.12,85.0,8400.0,0.6292183105824836,0.6292183105824836,0.6227040504258649,0.6292183105824836,403200.0
1975-09-02,False,daily,86.12,86.38,85.0,85.25,12900.0,0.6375091871454528,0.6394338549189991,0.6292183105824836,0.631068952672432,619200.0
1975-08-29,False,daily,86.5,87.0,86.0,86.12,19500.0,0.6403221631221744,0.6440234473020714,0.6366208789422775,0.6375091871454528,936000.0
1975-08-28,False,daily,84.5,86.5,84.5,86.5,21800.0,0.6255170264025866,0.6403221631221744,0.6255170264025866,0.6403221631221744,1046400.0
1975-08-27,False,daily,83.75,84.5,83.38,83.88,15600.0,0.6199651001327411,0.6255170264025866,0.6172261498396173,0.6209274340195143,748800.0
1975-08-26,False,daily,84.0,84.5,83.5,83.75,11800.0,0.6218157422226896,0.6255170264025866,0.6181144580427926,0.6199651001327411,566400.0
1975-08-25,False,daily,83.0,84.0,83.0,84.0,14200.0,0.6144131738628956,0.6218157422226896,0.6144131738628956,0.6218157422226896,681600.0
1975-08-22,False,daily,82.5,83.38,82.5,83.0,29800.0,0.6107118896829987,0.6172261498396173,0.6107118896829987,0.6144131738628956,1430400.0
1975-08-21,False,daily,81.62,83.5,81.62,82.5,34000.0,0.6041976295263801,0.6181144580427926,0.6041976295263801,0.6107118896829987,1632000.0
1975-08-20,False,daily,82.75,82.75,81.62,81.62,28300.0,0.6125625317729472,0.6125625317729472,0.6041976295263801,0.6041976295263801,1358400.0
1975-08-19,False,daily,84.0,84.0,83.0,83.38,16700.0,0.6218157422226896,0.6218157422226896,0.6144131738628956,0.6172261498396173,801600.0
1975-08-18,False,daily,84.25,84.75,84.0,84.0,13000.0,0.6236663843126381,0.627367668492535,0.6218157422226896,0.6218157422226896,624000.0
1975-08-15,False,daily,85.0,85.0,84.25,84.25,80700.0,0.6277237302723113,0.6277237302723113,0.622184991475791,0.622184991475791,3873600.0
1975-08-14,False,daily,85.75,85.75,85.0,85.0,27700.0,0.6332624690688318,0.6332624690688318,0.6277237302723113,0.6277237302723113,1329600.0
1975-08-13,False,daily,88.75,88.87,86.0,86.25,29800.0,0.6554174242549133,0.6563036224623566,0.6351087153343385,0.6369549615998453,1430400.0
1975-08-12,False,daily,88.62,89.0,88.25,88.75,24300.0,0.6544573761968498,0.6572636705204201,0.6517249317238998,0.6554174242549133,1166400.0
1975-08-11,False,daily,88.0,89.75,88.0,88.62,27500.0,0.6498786854583929,0.6628024093169406,0.6498786854583929,0.6544573761968498,1320000.0
1975-08-08,False,daily,88.13,88.87,88.0,88.0,12500.0,0.6508387335164565,0.6563036224623566,0.6498786854583929,0.6498786854583929,600000.0
1975-08-07,False,daily,87.88,89.0,87.75,88.13,17600.0,0.6489924872509496,0.6572636705204201,0.6480324391928861,0.6508387335164565,844800.0
1975-08-06,False,daily,87.88,88.5,86.0,87.88,45000.0,0.6489924872509496,0.6535711779894066,0.6351087153343385,0.6489924872509496,2160000.0
1975-08-05,False,daily,88.25,88.75,87.75,87.88,31100.0,0.6517249317238998,0.6554174242549133,0.6480324391928861,0.6489924872509496,1492800.0
1975-08-04,False,daily,88.75,88.87,88.25,88.25,15700.0,0.6554174242549133,0.6563036224623566,0.6517249317238998,0.6517249317238998,753600.0
1975-08-01,False,daily,89.0,89.12,88.38,88.75,25200.0,0.6572636705204201,0.6581498687278634,0.6526849797819633,0.6554174242549133,1209600.0
1975-07-31,False,daily,88.75,89.75,88.75,89.0,21400.0,0.6554174242549133,0.6628024093169406,0.6554174242549133,0.6572636705204201,1027200.0
1975-07-30,False,daily,88.87,89.25,88.38,88.5,21300.0,0.6563036224623566,0.6591099167859269,0.6526849797819633,0.6535711779894066,1022400.0
1975-07-29,False,daily,89.38,89.88,88.5,88.87,32400.0,0.6600699648439904,0.6637624573750041,0.6535711779894066,0.6563036224623566,1555200.0
1975-07-28,False,daily,89.63,89.88,89.25,89.38,21800.0,0.6619162111094973,0.6637624573750041,0.6591099167859269,0.6600699648439904,1046400.0
1975-07-25,False,daily,90.25,90.25,89.63,89.63,21700.0,0.6664949018479541,0.6664949018479541,0.6619162111094973,0.6619162111094973,1041600.0
1975-07-24,False,daily,90.25,90.25,89.63,90.25,38100.0,0.6664949018479541,0.6664949018479541,0.6619162111094973,0.6664949018479541,1828800.0
1975-07-23,False,daily,90.25,92.0,90.12,90.5,24800.0,0.6664949018479541,0.6794186257065017,0.6655348537898906,0.6683411481134609,1190400.0
1975-07-22,False,daily,89.75,90.62,89.0,90.25,32400.0,0.6628024093169406,0.6692273463209042,0.6572636705204201,0.6664949018479541,1555200.0
1975-07-21,False,daily,91.25,91.25,89.25,89.75,29500.0,0.6738798869099814,0.6738798869099814,0.6591099167859269,0.6628024093169406,1416000.0
1975-07-18,False,daily,91.13,92.0,90.88,91.25,11400.0,0.6729936887025381,0.6794186257065017,0.6711474424370312,0.6738798869099814,547200.0
1975-07-17,False,daily,91.75,91.75,91.0,91.13,16700.0,0.6775723794409949,0.6775723794409949,0.6720336406444746,0.6729936887025381,801600.0
1975-07-16,False,daily,93.75,93.75,92.25,92.25,17400.0,0.6923423495650493,0.6923423495650493,0.6812648719720085,0.6812648719720085,835200.0
1975-07-15,False,daily,94.5,94.5,93.75,94.0,21300.0,0.6978810883615697,0.6978810883615697,0.6923423495650493,0.6941885958305561,1022400.0
1975-07-14,False,daily,93.75,94.75,93.75,94.5,27300.0,0.6923423495650493,0.6997273346270765,0.6923423495650493,0.6978810883615697,1310400.0
1975-07-11,False,daily,95.5,95.5,93.25,93.5,26100.0,0.7052660734235969,0.7052660734235969,0.6886498570340357,0.6904961032995425,1252800.0
1975-07-10,False,daily,95.25,96.5,95.25,95.5,27400.0,0.70341982715809,0.712651058485624,0.70341982715809,0.7052660734235969,1315200.0
1975-07-09,False,daily,94.0,94.75,94.0,94.62,13800.0,0.6941885958305561,0.6997273346270765,0.6941885958305561,0.698767286569013,662400.0
1975-07-08,False,daily,94.5,95.0,94.0,94.0,26200.0,0.6978810883615697,0.7015735808925833,0.6941885958305561,0.6941885958305561,1257600.0
1975-07-07,False,daily,94.75,95.0,94.5,94.5,11900.0,0.6997273346270765,0.7015735808925833,0.6978810883615697,0.6978810883615697,571200.0
1975-07-03,False,daily,94.75,96.25,94.75,94.75,31000.0,0.6997273346270765,0.7108048122201173,0.6997273346270765,0.6997273346270765,1488000.0
1975-07-02,False,daily,95.75,95.75,94.5,94.5,24400.0,0.7071123196891037,0.7071123196891037,0.6978810883615697,0.6978810883615697,1171200.0
1975-07-01,False,daily,97.25,97.25,96.25,96.25,15600.0,0.7181897972821445,0.7181897972821445,0.7108048122201173,0.7108048122201173,748800.0
1975-06-30,False,daily,97.0,97.87,97.0,97.38,15000.0,0.7163435510166377,0.7227684880206013,0.7163435510166377,0.719149845340208,720000.0
1975-06-27,False,daily,98.88,99.25,96.62,96.88,10500.0,0.7302273229332488,0.7329597674061988,0.7135372566930673,0.7154573528091944,504000.0
1975-06-26,False,daily,99.0,99.75,98.5,98.88,30900.0,0.7311135211406921,0.7366522599372125,0.7274210286096785,0.7302273229332488,1483200.0
1975-06-25,False,daily,97.5,99.0,97.25,99.0,25700.0,0.7200360435476513,0.7311135211406921,0.7181897972821445,0.7311135211406921,1233600.0
1975-06-24,False,daily,97.5,98.75,97.5,97.5,29400.0,0.7200360435476513,0.7292672748751853,0.7200360435476513,0.7200360435476513,1411200.0
1975-06-23,False,daily,96.25,97.5,95.0,97.5,61700.0,0.7108048122201173,0.7200360435476513,0.7015735808925833,0.7200360435476513,2961600.0
1975-06-20,False,daily,97.0,98.0,96.25,96.25,33200.0,0.7163435510166377,0.7237285360786648,0.7108048122201173,0.7108048122201173,1593600.0
1975-06-19,False,daily,94.87,97.0,94.87,97.0,26000.0,0.7006135328345198,0.7163435510166377,0.7006135328345198,0.7163435510166377,1248000.0
1975-06-18,False,daily,95.25,95.75,94.75,94.87,12700.0,0.70341982715809,0.7071123196891037,0.6997273346270765,0.7006135328345198,609600.0
1975-06-17,False,daily,95.0,95.88,94.62,95.25,15500.0,0.7015735808925833,0.7080723677471672,0.698767286569013,0.70341982715809,744000.0
1975-06-16,False,daily,94.0,95.0,93.5,95.0,9600.0,0.6941885958305561,0.7015735808925833,0.6904961032995425,0.7015735808925833,460800.0
1975-06-13,False,daily,94.38,94.38,93.12,94.0,31900.0,0.6969948901541264,0.6969948901541264,0.6876898089759722,0.6941885958305561,1531200.0
1975-06-12,False,daily,95.0,95.25,94.13,94.38,22200.0,0.7015735808925833,0.70341982715809,0.6951486438886196,0.6969948901541264,1065600.0
1975-06-11,False,daily,94.25,95.38,94.13,95.0,25400.0,0.6960348420960629,0.7043798752161536,0.6951486438886196,0.7015735808925833,1219200.0
1975-06-10,False,daily,94.38,94.5,93.62,94.25,24600.0,0.6969948901541264,0.6978810883615697,0.6913823015069858,0.6960348420960629,1180800.0
1975-06-09,False,daily,95.0,95.0,94.0,94.38,21600.0,0.7015735808925833,0.7015735808925833,0.6941885958305561,0.6969948901541264,1036800.0
1975-06-06,False,daily,96.0,96.0,95.0,95.0,26600.0,0.7089585659546105,0.7089585659546105,0.7015735808925833,0.7015735808925833,1276800.0
1975-06-05,False,daily,95.88,96.0,94.75,96.0,16600.0,0.7080723677471672,0.7089585659546105,0.6997273346270765,0.7089585659546105,796800.0
1975-06-04,False,daily,96.0,96.5,95.63,95.88,15900.0,0.7089585659546105,0.712651058485624,0.7062261214816604,0.7080723677471672,763200.0
1975-06-03,False,daily,96.0,96.5,95.38,96.0,41700.0,0.7089585659546105,0.712651058485624,0.7043798752161536,0.7089585659546105,2001600.0
1975-06-02,False,daily,95.12,96.0,94.87,96.0,23600.0,0.7024597791000265,0.7089585659546105,0.7006135328345198,0.7089585659546105,1132800.0
1975-05-30,False,daily,94.5,95.25,94.5,95.12,15500.0,0.6978810883615697,0.70341982715809,0.6978810883615697,0.7024597791000265,744000.0
1975-05-29,False,daily,94.62,94.75,94.0,94.5,12800.0,0.698767286569013,0.6997273346270765,0.6941885958305561,0.6978810883615697,614400.0
1975-05-28,False,daily,95.25,95.25,94.5,94.62,38200.0,0.70341982715809,0.70341982715809,0.6978810883615697,0.698767286569013,1833600.0
1975-05-27,False,daily,95.5,96.25,95.25,95.75,14800.0,0.7052660734235969,0.7108048122201173,0.70341982715809,0.7071123196891037,710400.0
1975-05-23,False,daily,94.75,96.0,94.75,95.5,9600.0,0.6997273346270765,0.7089585659546105,0.6997273346270765,0.7052660734235969,460800.0
1975-05-22,False,daily,94.5,94.87,94.0,94.5,21300.0,0.6978810883615697,0.7006135328345198,0.6941885958305561,0.6978810883615697,1022400.0
1975-05-21,False,daily,94.75,94.75,93.75,94.5,22000.0,0.6997273346270765,0.6997273346270765,0.6923423495650493,0.6978810883615697,1056000.0
1975-05-20,False,daily,95.0,95.5,94.62,95.0,17200.0,0.7015735808925833,0.7052660734235969,0.698767286569013,0.7015735808925833,825600.0
1975-05-19,False,daily,95.0,95.0,92.5,95.0,17100.0,0.7015735808925833,0.7015735808925833,0.6831111182375154,0.7015735808925833,820800.0
1975-05-16,False,daily,96.5,96.5,95.0,95.0,17500.0,0.7111538923963685,0.7111538923963685,0.7000996868150778,0.7000996868150778,840000.0
1975-05-15,False,daily,97.5,97.87,96.75,96.88,21600.0,0.7185233627838956,0.7212500668272808,0.7129962599932503,0.7139542911436287,1036800.0
1975-05-14,False,daily,96.25,97.62,95.25,97.5,23100.0,0.7093115247994868,0.7194076992303989,0.7019420544119596,0.7185233627838956,1108800.0
1975-05-13,False,daily,96.75,97.38,95.75,96.25,15200.0,0.7129962599932503,0.7176390263373924,0.7056267896057231,0.7093115247994868,729600.0
1975-05-12,False,daily,96.75,97.13,96.0,96.75,27500.0,0.7129962599932503,0.7157966587405106,0.707469157202605,0.7129962599932503,1320000.0
1975-05-09,False,daily,94.62,96.75,94.62,96.75,40900.0,0.6972992880678175,0.7129962599932503,0.6972992880678175,0.7129962599932503,1963200.0
1975-05-08,False,daily,94.13,95.12,93.37,94.62,22800.0,0.6936882475779291,0.7009840232615812,0.6880874500834087,0.6972992880678175,1094400.0
1975-05-07,False,daily,93.37,94.25,92.25,94.13,33600.0,0.6880874500834087,0.6945725840244324,0.6798336432493782,0.6936882475779291,1612800.0
1975-05-06,False,daily,94.0,94.87,93.0,93.37,33400.0,0.6927302164275507,0.6991416556646993,0.6853607460400235,0.6880874500834087,1603200.0
1975-05-05,False,daily,92.75,94.25,92.63,94.0,29900.0,0.6835183784431418,0.6945725840244324,0.6826340419966385,0.6927302164275507,1435200.0
1975-05-02,False,daily,91.0,92.75,91.0,92.75,33200.0,0.6706218052649693,0.6835183784431418,0.6706218052649693,0.6835183784431418,1593600.0
1975-05-01,False,daily,90.5,91.0,90.12,90.12,36600.0,0.6669370700712057,0.6706218052649693,0.6641366713239454,0.6641366713239454,1756800.0
1975-04-30,False,daily,89.75,90.5,89.0,90.5,13900.0,0.6614099672805603,0.6669370700712057,0.655882864489915,0.6669370700712057,667200.0
1975-04-29,False,daily,89.63,91.0,89.25,89.75,23900.0,0.660525630834057,0.6706218052649693,0.6577252320867968,0.6614099672805603,1147200.0
1975-04-28,False,daily,90.12,91.0,89.5,89.63,22200.0,0.6641366713239454,0.6706218052649693,0.6595675996836786,0.660525630834057,1065600.0
1975-04-25,False,daily,89.75,91.25,89.75,90.12,24700.0,0.6614099672805603,0.672464172861851,0.6614099672805603,0.6641366713239454,1185600.0
1975-04-24,False,daily,91.5,91.75,89.5,89.75,31200.0,0.6743065404587328,0.6761489080556147,0.6595675996836786,0.6614099672805603,1497600.0
1975-04-23,False,daily,91.87,92.12,91.25,91.5,13900.0,0.6770332445021179,0.6788756120989997,0.672464172861851,0.6743065404587328,667200.0
1975-04-22,False,daily,92.75,93.5,91.87,91.87,22100.0,0.6835183784431418,0.6890454812337871,0.6770332445021179,0.6770332445021179,1060800.0
1975-04-21,False,daily,91.5,93.75,91.5,92.75,31600.0,0.6743065404587328,0.6908878488306689,0.6743065404587328,0.6835183784431418,1516800.0
1975-04-18,False,daily,91.25,92.0,90.25,91.25,27500.0,0.672464172861851,0.6779912756524964,0.6650947024743239,0.672464172861851,1320000.0
1975-04-17,False,daily,93.0,94.0,91.25,91.25,48300.0,0.6853607460400235,0.6927302164275507,0.672464172861851,0.672464172861851,2318400.0
1975-04-16,False,daily,93.0,93.0,92.0,93.0,22200.0,0.6853607460400235,0.6853607460400235,0.6779912756524964,0.6853607460400235,1065600.0
1975-04-15,False,daily,94.0,94.38,93.25,93.62,36100.0,0.6927302164275507,0.695530615174811,0.6872031136369053,0.6899298176802904,1732800.0
1975-04-14,False,daily,92.63,94.5,92.63,94.0,12700.0,0.6826340419966385,0.6964149516213143,0.6826340419966385,0.6927302164275507,609600.0
1975-04-11,False,daily,91.75,92.5,91.5,92.5,12800.0,0.6761489080556147,0.68167601084626,0.6743065404587328,0.68167601084626,614400.0
1975-04-10,False,daily,90.75,93.25,90.75,91.75,31700.0,0.6687794376680875,0.6872031136369053,0.6687794376680875,0.6761489080556147,1521600.0
1975-04-09,False,daily,87.75,91.0,87.5,90.75,37700.0,0.6466710265055061,0.6706218052649693,0.6448286589086243,0.6687794376680875,1809600.0
1975-04-08,False,daily,87.75,88.75,87.75,87.75,21300.0,0.6466710265055061,0.6540404968930332,0.6466710265055061,0.6466710265055061,1022400.0
1975-04-07,False,daily,87.88,88.25,87.0,87.37,46800.0,0.6476290576558846,0.6503557616992697,0.6411439237148607,0.6438706277582458,2246400.0
1975-04-04,False,daily,88.0,89.25,87.5,87.88,39500.0,0.6485133941023878,0.6577252320867968,0.6448286589086243,0.6476290576558846,1896000.0
1975-04-03,False,daily,89.25,89.25,88.0,88.0,34200.0,0.6577252320867968,0.6577252320867968,0.6485133941023878,0.6485133941023878,1641600.0
1975-04-02,False,daily,89.5,92.25,89.0,90.0,20600.0,0.6595675996836786,0.6798336432493782,0.655882864489915,0.6632523348774422,988800.0
1975-04-01,False,daily,90.5,90.5,88.75,89.5,16800.0,0.6669370700712057,0.6669370700712057,0.6540404968930332,0.6595675996836786,806400.0
1975-03-31,False,daily,92.75,92.75,90.25,90.75,15500.0,0.6835183784431418,0.6835183784431418,0.6650947024743239,0.6687794376680875,744000.0
1975-03-27,False,daily,93.75,94.25,92.63,92.88,17200.0,0.6908878488306689,0.6945725840244324,0.6826340419966385,0.6844764095935203,825600.0
1975-03-26,False,daily,92.0,93.75,92.0,93.75,29900.0,0.6779912756524964,0.6908878488306689,0.6779912756524964,0.6908878488306689,1435200.0
1975-03-25,False,daily,88.25,91.5,88.25,91.25,25900.0,0.6503557616992697,0.6743065404587328,0.6503557616992697,0.672464172861851,1243200.0
1975-03-24,False,daily,88.25,88.25,87.25,88.25,31400.0,0.6503557616992697,0.6503557616992697,0.6429862913117426,0.6503557616992697,1507200.0
1975-03-21,False,daily,89.25,89.25,88.5,89.0,23200.0,0.6577252320867968,0.6577252320867968,0.6521981292961514,0.655882864489915,1113600.0
1975-03-20,False,daily,89.75,89.88,88.38,89.25,46600.0,0.6614099672805603,0.6623679984309389,0.6513137928496482,0.6577252320867968,2236800.0
1975-03-19,False,daily,91.5,91.5,89.5,89.75,36400.0,0.6743065404587328,0.6743065404587328,0.6595675996836786,0.6614099672805603,1747200.0
1975-03-18,False,daily,92.12,93.5,92.0,92.5,39500.0,0.6788756120989997,0.6890454812337871,0.6779912756524964,0.68167601084626,1896000.0
1975-03-17,False,daily,92.0,92.25,91.87,92.12,57200.0,0.6779912756524964,0.6798336432493782,0.6770332445021179,0.6788756120989997,2745600.0
1975-03-14,False,daily,92.75,93.12,91.87,92.0,32500.0,0.6835183784431418,0.6862450824865268,0.6770332445021179,0.6779912756524964,1560000.0
1975-03-13,False,daily,94.5,94.5,92.5,92.75,75800.0,0.6964149516213143,0.6964149516213143,0.68167601084626,0.6835183784431418,3638400.0
1975-03-12,False,daily,95.63,95.63,94.62,95.12,17700.0,0.7047424531592199,0.7047424531592199,0.6972992880678175,0.7009840232615812,849600.0
1975-03-11,False,daily,97.25,97.62,95.75,95.75,43100.0,0.7166809951870139,0.7194076992303989,0.7056267896057231,0.7056267896057231,2068800.0
1975-03-10,False,daily,96.62,97.75,96.5,97.25,54600.0,0.7120382288428718,0.7203657303807774,0.7111538923963685,0.7166809951870139,2620800.0
1975-03-07,False,daily,97.5,98.0,96.62,96.62,22400.0,0.7185233627838956,0.7222080979776592,0.7120382288428718,0.7120382288428718,1075200.0
1975-03-06,False,daily,97.25,98.0,96.62,97.5,19900.0,0.7166809951870139,0.7222080979776592,0.7120382288428718,0.7185233627838956,955200.0
1975-03-05,False,daily,96.75,98.5,96.25,97.25,27700.0,0.7129962599932503,0.7258928331714228,0.7093115247994868,0.7166809951870139,1329600.0
1975-03-04,False,daily,96.75,98.88,96.75,96.75,39500.0,0.7129962599932503,0.7286932319186831,0.7129962599932503,0.7129962599932503,1896000.0
1975-03-03,False,daily,94.0,94.87,93.62,94.87,30000.0,0.6927302164275507,0.6991416556646993,0.6899298176802904,0.6991416556646993,1440000.0
1975-02-28,False,daily,93.0,94.0,92.5,94.0,21700.0,0.6853607460400235,0.6927302164275507,0.68167601084626,0.6927302164275507,1041600.0
1975-02-27,False,daily,92.0,93.5,92.0,93.0,35400.0,0.6779912756524964,0.6890454812337871,0.6779912756524964,0.6853607460400235,1699200.0
1975-02-26,False,daily,90.0,91.87,89.75,91.25,36300.0,0.6632523348774422,0.6770332445021179,0.6614099672805603,0.672464172861851,1742400.0
1975-02-25,False,daily,91.5,91.5,90.0,90.0,46000.0,0.6743065404587328,0.6743065404587328,0.6632523348774422,0.6632523348774422,2208000.0
1975-02-24,False,daily,93.5,93.5,91.5,91.75,41400.0,0.6890454812337871,0.6890454812337871,0.6743065404587328,0.6761489080556147,1987200.0
1975-02-21,False,daily,94.75,95.0,93.75,94.0,45800.0,0.698257319218196,0.7000996868150778,0.6908878488306689,0.6927302164275507,2198400.0
1975-02-20,False,daily,92.0,94.87,92.0,94.75,55600.0,0.6779912756524964,0.6991416556646993,0.6779912756524964,0.698257319218196,2668800.0
1975-02-19,False,daily,91.0,92.25,90.5,92.0,33700.0,0.6706218052649693,0.6798336432493782,0.6669370700712057,0.6779912756524964,1617600.0
1975-02-18,False,daily,91.25,91.87,90.37,91.0,38000.0,0.672464172861851,0.6770332445021179,0.6659790389208272,0.6706218052649693,1824000.0
1975-02-14,False,daily,91.5,91.75,90.12,91.25,66400.0,0.6743065404587328,0.6761489080556147,0.6641366713239454,0.672464172861851,3187200.0
1975-02-13,False,daily,89.5,92.5,89.5,91.5,94300.0,0.6577655024167832,0.6798135080843849,0.6577655024167832,0.672464172861851,4526400.0
1975-02-12,False,daily,86.5,88.5,86.38,88.5,25500.0,0.6357174967491815,0.6504161671942493,0.6348355765224775,0.6504161671942493,1224000.0
1975-02-11,False,daily,87.75,87.75,85.5,86.5,46100.0,0.6449041657773489,0.6449041657773489,0.6283681615266477,0.6357174967491815,2212800.0
1975-02-10,False,daily,88.25,89.5,88.25,88.38,49700.0,0.6485788333886159,0.6577655024167832,0.6485788333886159,0.6495342469675452,2385600.0
1975-02-07,False,daily,84.62,88.0,84.0,87.75,39100.0,0.6219007465308178,0.6467414995829824,0.6173441586928469,0.6449041657773489,1876800.0
1975-02-06,False,daily,84.62,86.75,84.62,84.62,80300.0,0.6219007465308178,0.637554830554815,0.6219007465308178,0.6219007465308178,3854400.0
1975-02-05,False,daily,80.5,83.5,80.5,83.5,67000.0,0.5916214854139782,0.6136694910815799,0.5916214854139782,0.6136694910815799,3216000.0
1975-02-04,False,daily,78.0,81.25,78.0,80.5,41200.0,0.5732481473576435,0.5971334868308786,0.5732481473576435,0.5916214854139782,1977600.0
1975-02-03,False,daily,77.75,78.0,76.5,78.0,32700.0,0.5714108135520101,0.5732481473576435,0.5622241445238426,0.5732481473576435,1569600.0
1975-01-31,False,daily,77.5,79.25,77.25,77.75,27200.0,0.5695734797463765,0.5824348163858108,0.5677361459407431,0.5714108135520101,1305600.0
1975-01-30,False,daily,80.5,80.75,77.25,77.5,40400.0,0.5916214854139782,0.5934588192196116,0.5677361459407431,0.5695734797463765,1939200.0
1975-01-29,False,daily,79.38,80.5,79.0,80.5,63000.0,0.5833902299647402,0.5916214854139782,0.5805974825801774,0.5916214854139782,3024000.0
1975-01-28,False,daily,79.0,80.0,79.0,79.38,48500.0,0.5805974825801774,0.5879468178027113,0.5805974825801774,0.5833902299647402,2328000.0
1975-01-27,False,daily,76.75,79.25,76.75,78.5,46600.0,0.5640614783294762,0.5824348163858108,0.5640614783294762,0.5769228149689104,2236800.0
1975-01-24,False,daily,75.5,76.75,74.0,76.25,49000.0,0.5548748093013087,0.5640614783294762,0.5438508064675079,0.5603868107182092,2352000.0
1975-01-23,False,daily,74.5,76.5,73.5,75.5,33200.0,0.5475254740787748,0.5622241445238426,0.5401761388562409,0.5548748093013087,1593600.0
1975-01-22,False,daily,74.63,74.63,72.75,74.5,38100.0,0.5484808876577042,0.5484808876577042,0.5346641374393406,0.5475254740787748,1828800.0
1975-01-21,False,daily,74.75,75.5,74.75,74.88,27900.0,0.5493628078844084,0.5548748093013087,0.5493628078844084,0.5503182214633378,1339200.0
1975-01-20,False,daily,73.75,74.5,72.25,74.38,38000.0,0.5420134726618745,0.5475254740787748,0.5309894698280736,0.5466435538520708,1824000.0
1975-01-17,False,daily,75.5,75.5,73.5,73.75,50000.0,0.5548748093013087,0.5548748093013087,0.5401761388562409,0.5420134726618745,2400000.0
1975-01-16,False,daily,75.75,77.0,75.5,76.0,56100.0,0.5567121431069423,0.5658988121351096,0.5548748093013087,0.5585494769125757,2692800.0
1975-01-15,False,daily,75.0,75.75,74.0,75.75,76200.0,0.5512001416900418,0.5567121431069423,0.5438508064675079,0.5567121431069423,3657600.0
1975-01-14,False,daily,75.25,75.88,74.75,75.0,180500.0,0.5530374754956753,0.5576675566858716,0.5493628078844084,0.5512001416900418,8664000.0
1975-01-13,False,daily,79.75,80.38,75.25,75.25,104200.0,0.5861094839970779,0.5907395651872741,0.5530374754956753,0.5530374754956753,5001600.0
1975-01-10,False,daily,78.75,81.0,78.75,79.75,59700.0,0.578760148774544,0.5952961530252452,0.578760148774544,0.5861094839970779,2865600.0
1975-01-09,False,daily,78.0,78.0,76.5,78.0,55200.0,0.5732481473576435,0.5732481473576435,0.5622241445238426,0.5732481473576435,2649600.0
1975-01-08,False,daily,79.25,79.25,77.88,78.0,38100.0,0.5824348163858108,0.5824348163858108,0.5723662271309394,0.5732481473576435,1828800.0
1975-01-07,False,daily,81.62,81.62,79.13,79.25,16400.0,0.5998527408632162,0.5998527408632162,0.5815528961591068,0.5824348163858108,787200.0
1975-01-06,False,daily,82.5,83.5,81.75,81.88,23700.0,0.606320155859046,0.6136694910815799,0.6008081544421455,0.601763568021075,1137600.0
1975-01-03,False,daily,83.0,83.88,82.25,82.5,23600.0,0.609994823470313,0.6164622384661428,0.6044828220534125,0.606320155859046,1132800.0
1975-01-02,False,daily,81.25,83.25,81.25,83.0,28400.0,0.5971334868308786,0.6118321572759464,0.5971334868308786,0.609994823470313,1363200.0
1976-12-31,False,daily,79.0,79.0,77.88,78.0,31300.0,0.5932269152215309,0.5932269152215309,0.5848166095880104,0.5857177137630305,1502400.0
1976-12-30,False,daily,77.25,79.25,77.25,79.25,25800.0,0.5800858126691553,0.595104215586156,0.5800858126691553,0.595104215586156,1238400.0
1976-12-29,False,daily,76.25,77.5,76.25,77.12,55400.0,0.5725766112106548,0.5819631130337803,0.5725766112106548,0.5791096164795502,2659200.0
1976-12-28,False,daily,75.88,76.5,75.75,76.13,62500.0,0.5697982066710097,0.5744539115752799,0.5688220104814047,0.5716755070356347,3000000.0
1976-12-27,False,daily,73.62,75.88,73.62,75.88,38400.0,0.5528274113747988,0.5697982066710097,0.5528274113747988,0.5697982066710097,1843200.0
1976-12-23,False,daily,72.62,73.87,72.62,73.0,52300.0,0.5453182099162984,0.5547047117394239,0.5453182099162984,0.5481717064705286,2510400.0
1976-12-22,False,daily,72.37,73.25,72.12,72.62,56800.0,0.5434409095516733,0.5500490068351537,0.5415636091870483,0.5453182099162984,2726400.0
1976-12-21,False,daily,72.0,73.0,71.5,72.37,72400.0,0.5406625050120282,0.5481717064705286,0.536907904282778,0.5434409095516733,3475200.0
1976-12-20,False,daily,73.0,73.0,72.0,72.0,40200.0,0.5481717064705286,0.5481717064705286,0.5406625050120282,0.5406625050120282,1929600.0
1976-12-17,False,daily,73.25,74.0,72.88,73.0,76100.0,0.5500490068351537,0.5556809079290289,0.5472706022955085,0.5481717064705286,3652800.0
1976-12-16,False,daily,73.75,73.75,72.88,73.25,44200.0,0.5538036075644038,0.5538036075644038,0.5472706022955085,0.5500490068351537,2121600.0
1976-12-15,False,daily,74.12,74.5,73.62,73.87,43600.0,0.556582012104049,0.5594355086582792,0.5528274113747988,0.5547047117394239,2092800.0
1976-12-14,False,daily,74.0,74.25,73.25,74.12,100600.0,0.5556809079290289,0.5575582082936541,0.5500490068351537,0.556582012104049,4828800.0
1976-12-13,False,daily,73.38,74.0,73.38,74.0,52800.0,0.5510252030247587,0.5556809079290289,0.5510252030247587,0.5556809079290289,2534400.0
1976-12-10,False,daily,72.88,73.87,72.88,73.38,44200.0,0.5472706022955085,0.5547047117394239,0.5472706022955085,0.5510252030247587,2121600.0
1976-12-09,False,daily,73.0,73.38,72.0,72.75,91400.0,0.5481717064705286,0.5510252030247587,0.5406625050120282,0.5462944061059035,4387200.0
1976-12-08,False,daily,73.75,73.75,72.5,73.0,133400.0,0.5538036075644038,0.5538036075644038,0.5444171057412783,0.5481717064705286,6403200.0
1976-12-07,False,daily,75.0,75.25,74.0,74.0,50100.0,0.5631901093875293,0.5650674097521544,0.5556809079290289,0.5556809079290289,2404800.0
1976-12-06,False,daily,75.62,76.25,75.0,75.0,73100.0,0.5678458142917996,0.5725766112106548,0.5631901093875293,0.5631901093875293,3508800.0
1976-12-03,False,daily,73.5,75.62,72.75,75.62,58200.0,0.5519263071997788,0.5678458142917996,0.5462944061059035,0.5678458142917996,2793600.0
1976-12-02,False,daily,76.25,76.25,73.25,73.5,121500.0,0.5725766112106548,0.5725766112106548,0.5500490068351537,0.5519263071997788,5832000.0
1976-12-01,False,daily,77.5,77.5,75.5,76.5,129000.0,0.5819631130337803,0.5819631130337803,0.5669447101167795,0.5744539115752799,6192000.0
1976-11-30,False,daily,79.0,79.0,77.88,78.0,37800.0,0.5932269152215309,0.5932269152215309,0.5848166095880104,0.5857177137630305,1814400.0
1976-11-29,False,daily,79.75,79.75,79.13,79.38,15800.0,0.5988588163154062,0.5988588163154062,0.5942031114111359,0.596080411775761,758400.0
1976-11-26,False,daily,79.62,80.0,79.25,80.0,11000.0,0.5978826201258012,0.6007361166800314,0.595104215586156,0.6007361166800314,528000.0
1976-11-24,False,daily,79.87,79.87,79.13,79.62,36400.0,0.5997599204904263,0.5997599204904263,0.5942031114111359,0.5978826201258012,1747200.0
1976-11-23,False,daily,80.38,80.38,79.5,79.87,27000.0,0.6035896132342614,0.6035896132342614,0.5969815159507811,0.5997599204904263,1296000.0
1976-11-22,False,daily,79.87,81.25,79.87,80.38,14800.0,0.5997599204904263,0.6101226185031567,0.5997599204904263,0.6035896132342614,710400.0
1976-11-19,False,daily,82.38,82.38,79.25,79.75,25900.0,0.6186080161512622,0.6186080161512622,0.595104215586156,0.5988588163154062,1243200.0
1976-11-18,False,daily,82.25,83.25,81.25,82.38,16600.0,0.6176318199616572,0.6251410214201576,0.6101226185031567,0.6186080161512622,796800.0
1976-11-17,False,daily,82.62,83.5,82.13,82.25,21000.0,0.6204102245013023,0.6270183217847827,0.6167307157866371,0.6176318199616572,1008000.0
1976-11-16,False,daily,82.0,83.5,82.0,82.62,24500.0,0.6157545195970321,0.6270183217847827,0.6157545195970321,0.6204102245013023,1176000.0
1976-11-15,False,daily,80.63,81.25,80.63,81.25,14900.0,0.6054669135988865,0.6101226185031567,0.6054669135988865,0.6101226185031567,715200.0
1976-11-12,False,daily,80.75,81.5,80.63,80.63,34600.0,0.6045079931795082,0.6101226185031569,0.6036096531277244,0.6036096531277244,1660800.0
1976-11-11,False,daily,79.62,81.0,79.5,80.75,14800.0,0.5960486243585442,0.6063795349540577,0.5951502843067604,0.6045079931795082,710400.0
1976-11-10,False,daily,80.75,80.75,79.0,79.62,63200.0,0.6045079931795082,0.6045079931795082,0.5914072007576613,0.5960486243585442,3033600.0
1976-11-09,False,daily,82.25,82.62,81.12,81.12,34600.0,0.6157372438268056,0.6185071256531389,0.6072778750058416,0.6072778750058416,1660800.0
1976-11-08,False,daily,83.75,83.75,82.0,82.25,37600.0,0.6269664944741029,0.6269664944741029,0.613865702052256,0.6157372438268056,1804800.0
1976-11-05,False,daily,85.5,85.75,84.0,84.0,29800.0,0.6400672868959498,0.6419388286704995,0.6288380362486525,0.6288380362486525,1430400.0
1976-11-04,False,daily,84.88,85.75,84.88,85.5,80900.0,0.6354258632950669,0.6419388286704995,0.6354258632950669,0.6400672868959498,3883200.0
1976-11-03,False,daily,85.62,85.75,84.25,84.75,19900.0,0.6409656269477337,0.6419388286704995,0.630709578023202,0.6344526615723012,955200.0
1976-11-01,False,daily,85.75,85.87,84.88,85.62,21900.0,0.6419388286704995,0.6428371687222832,0.6354258632950669,0.6409656269477337,1051200.0
1976-10-29,False,daily,85.5,86.25,85.25,85.75,27600.0,0.6400672868959498,0.6456819122195986,0.6381957451214003,0.6419388286704995,1324800.0
1976-10-28,False,daily,85.62,85.87,85.38,85.5,24200.0,0.6409656269477337,0.6428371687222832,0.639168946844166,0.6400672868959498,1161600.0
1976-10-27,False,daily,85.75,86.0,85.0,85.62,25900.0,0.6419388286704995,0.643810370445049,0.6363242033468507,0.6409656269477337,1243200.0
1976-10-26,False,daily,85.13,86.25,84.88,85.75,15900.0,0.6372974050696165,0.6456819122195986,0.6354258632950669,0.6419388286704995,763200.0
1976-10-25,False,daily,85.13,85.25,84.75,85.13,7600.0,0.6372974050696165,0.6381957451214003,0.6344526615723012,0.6372974050696165,364800.0
1976-10-22,False,daily,85.75,86.38,85.13,85.13,14500.0,0.6419388286704995,0.6466551139423643,0.6372974050696165,0.6372974050696165,696000.0
1976-10-21,False,daily,86.25,86.63,85.75,85.75,24900.0,0.6456819122195986,0.6485266557169138,0.6419388286704995,0.6419388286704995,1195200.0
1976-10-20,False,daily,86.25,86.25,85.62,86.25,38800.0,0.6456819122195986,0.6456819122195986,0.6409656269477337,0.6456819122195986,1862400.0
1976-10-19,False,daily,87.25,87.25,86.5,87.12,24100.0,0.6531680793177967,0.6531680793177967,0.6475534539941481,0.652194877595031,1156800.0
1976-10-18,False,daily,88.0,88.75,87.75,88.25,43600.0,0.6587827046414455,0.6643973299650942,0.6569111628668959,0.660654246415995,2092800.0
1976-10-15,False,daily,88.38,88.5,87.88,88.0,20700.0,0.6616274481387607,0.6625257881905446,0.6578843645896616,0.6587827046414455,993600.0
1976-10-14,False,daily,88.62,88.62,87.75,88.38,12800.0,0.6634241282423284,0.6634241282423284,0.6569111628668959,0.6616274481387607,614400.0
1976-10-13,False,daily,88.13,88.87,87.62,88.87,17600.0,0.6597559063642112,0.665295670016878,0.6559379611441302,0.665295670016878,844800.0
1976-10-12,False,daily,89.0,89.5,87.75,88.13,14600.0,0.6662688717396437,0.6700119552887428,0.6569111628668959,0.6597559063642112,700800.0
1976-10-11,False,daily,89.25,89.25,88.62,89.0,15000.0,0.6681404135141933,0.6681404135141933,0.6634241282423284,0.6662688717396437,720000.0
1976-10-08,False,daily,90.62,90.75,89.25,89.38,17500.0,0.6783964624387249,0.6793696641614907,0.6681404135141933,0.669113615236959,840000.0
1976-10-07,False,daily,89.63,90.75,89.63,90.62,30200.0,0.6709851570115086,0.6793696641614907,0.6709851570115086,0.6783964624387249,1449600.0
1976-10-06,False,daily,88.87,89.63,88.38,89.63,35200.0,0.665295670016878,0.6709851570115086,0.6616274481387607,0.6709851570115086,1689600.0
1976-10-05,False,daily,89.0,89.0,88.25,88.87,20500.0,0.6662688717396437,0.6662688717396437,0.660654246415995,0.665295670016878,984000.0
1976-10-04,False,daily,89.5,89.63,89.0,89.0,17400.0,0.6700119552887428,0.6709851570115086,0.6662688717396437,0.6662688717396437,835200.0
1976-10-01,False,daily,90.5,90.88,89.5,89.5,31600.0,0.6774981223869411,0.6803428658842564,0.6700119552887428,0.6700119552887428,1516800.0
1976-09-30,False,daily,92.75,93.0,90.5,90.5,35900.0,0.6943419983578871,0.6962135401324366,0.6774981223869411,0.6774981223869411,1723200.0
1976-09-29,False,daily,94.0,94.25,92.75,92.75,37600.0,0.7036997072306349,0.7055712490051845,0.6943419983578871,0.6943419983578871,1804800.0
1976-09-28,False,daily,95.38,95.75,94.0,94.0,29400.0,0.7140306178261485,0.7168004996524818,0.7036997072306349,0.7036997072306349,1411200.0
1976-09-27,False,daily,94.25,95.38,93.75,95.38,33600.0,0.7055712490051845,0.7140306178261485,0.7018281654560854,0.7140306178261485,1612800.0
1976-09-24,False,daily,94.38,94.62,93.75,94.25,16500.0,0.7065444507279502,0.7083411308315178,0.7018281654560854,0.7055712490051845,792000.0
1976-09-23,False,daily,94.25,94.87,94.0,94.38,35900.0,0.7055712490051845,0.7102126726060675,0.7036997072306349,0.7065444507279502,1723200.0
1976-09-22,False,daily,95.0,95.25,94.25,94.25,60500.0,0.7111858743288332,0.7130574161033827,0.7055712490051845,0.7055712490051845,2904000.0
1976-09-21,False,daily,94.0,95.38,93.88,95.0,30700.0,0.7036997072306349,0.7140306178261485,0.7028013671788511,0.7111858743288332,1473600.0
1976-09-20,False,daily,93.0,94.25,93.0,94.0,19300.0,0.6962135401324366,0.7055712490051845,0.6962135401324366,0.7036997072306349,926400.0
1976-09-17,False,daily,91.13,93.0,91.13,92.63,37100.0,0.6822144076588059,0.6962135401324366,0.6822144076588059,0.6934436583061033,1780800.0
1976-09-16,False,daily,90.25,91.0,89.88,91.0,30100.0,0.6756265806123916,0.6812412059360402,0.6728566987860581,0.6812412059360402,1444800.0
1976-09-15,False,daily,90.0,90.5,89.63,90.25,11400.0,0.6737550388378419,0.6774981223869411,0.6709851570115086,0.6756265806123916,547200.0
1976-09-14,False,daily,89.5,90.0,88.75,90.0,18200.0,0.6700119552887428,0.6737550388378419,0.6643973299650942,0.6737550388378419,873600.0
1976-09-13,False,daily,89.63,90.0,89.38,89.5,11600.0,0.6709851570115086,0.6737550388378419,0.669113615236959,0.6700119552887428,556800.0
1976-09-10,False,daily,90.0,90.0,89.5,89.63,14100.0,0.6737550388378419,0.6737550388378419,0.6700119552887428,0.6709851570115086,676800.0
1976-09-09,False,daily,90.0,90.0,89.63,90.0,13500.0,0.6737550388378419,0.6737550388378419,0.6709851570115086,0.6737550388378419,648000.0
1976-09-08,False,daily,90.75,90.75,90.0,90.25,18600.0,0.6793696641614907,0.6793696641614907,0.6737550388378419,0.6756265806123916,892800.0
1976-09-07,False,daily,90.0,90.75,89.63,90.75,23900.0,0.6737550388378419,0.6793696641614907,0.6709851570115086,0.6793696641614907,1147200.0
1976-09-03,False,daily,90.0,90.62,89.63,90.0,29000.0,0.6737550388378419,0.6783964624387249,0.6709851570115086,0.6737550388378419,1392000.0
1976-09-02,False,daily,90.5,90.75,89.75,90.0,36900.0,0.6774981223869411,0.6793696641614907,0.6718834970632924,0.6737550388378419,1771200.0
1976-09-01,False,daily,89.0,90.75,88.62,90.5,34100.0,0.6662688717396437,0.6793696641614907,0.6634241282423284,0.6774981223869411,1636800.0
1976-08-31,False,daily,88.25,89.12,88.25,89.0,42600.0,0.660654246415995,0.6671672117914276,0.660654246415995,0.6662688717396437,2044800.0
1976-08-30,False,daily,87.5,88.25,87.5,88.25,23800.0,0.6550396210923464,0.660654246415995,0.6550396210923464,0.660654246415995,1142400.0
1976-08-27,False,daily,86.5,87.5,86.38,87.5,12300.0,0.6475534539941481,0.6550396210923464,0.6466551139423643,0.6550396210923464,590400.0
1976-08-26,False,daily,87.5,87.5,86.12,86.5,32400.0,0.6550396210923464,0.6550396210923464,0.6447087104968328,0.6475534539941481,1555200.0
1976-08-25,False,daily,85.75,87.5,85.75,87.5,29400.0,0.6419388286704995,0.6550396210923464,0.6419388286704995,0.6550396210923464,1411200.0
1976-08-24,False,daily,85.87,86.5,85.75,85.75,19600.0,0.6428371687222832,0.6475534539941481,0.6419388286704995,0.6419388286704995,940800.0
1976-08-23,False,daily,85.38,86.12,84.88,85.87,29400.0,0.639168946844166,0.6447087104968328,0.6354258632950669,0.6428371687222832,1411200.0
1976-08-20,False,daily,85.75,86.25,85.0,85.38,19300.0,0.6419388286704995,0.6456819122195986,0.6363242033468507,0.639168946844166,926400.0
1976-08-19,False,daily,86.0,86.0,85.5,85.75,26300.0,0.643810370445049,0.643810370445049,0.6400672868959498,0.6419388286704995,1262400.0
1976-08-18,False,daily,86.0,86.0,85.62,86.0,16600.0,0.643810370445049,0.643810370445049,0.6409656269477337,0.643810370445049,796800.0
1976-08-17,False,daily,85.75,86.25,85.75,86.0,40500.0,0.6419388286704995,0.6456819122195986,0.6419388286704995,0.643810370445049,1944000.0
1976-08-16,False,daily,86.0,86.25,85.5,85.75,35000.0,0.643810370445049,0.6456819122195986,0.6400672868959498,0.6419388286704995,1680000.0
1976-08-13,False,daily,86.38,86.38,85.87,86.0,30300.0,0.6447753025646248,0.6447753025646248,0.6409684560225091,0.6419388286704993,1454400.0
1976-08-12,False,daily,86.75,86.88,85.75,86.5,14300.0,0.6475371324089049,0.6485075050568951,0.6400727274243642,0.6456710311627697,686400.0
1976-08-11,False,daily,87.62,88.0,86.5,86.75,46700.0,0.6540311647454553,0.6568676386395808,0.6456710311627697,0.6475371324089049,2241600.0
1976-08-10,False,daily,86.88,87.75,86.75,87.62,26000.0,0.6485075050568951,0.6550015373934456,0.6475371324089049,0.6540311647454553,1248000.0
1976-08-09,False,daily,86.88,87.0,86.63,86.88,9000.0,0.6485075050568951,0.64940323365504,0.64664140381076,0.6485075050568951,432000.0
1976-08-06,False,daily,86.88,86.88,86.5,86.88,23300.0,0.6485075050568951,0.6485075050568951,0.6456710311627697,0.6485075050568951,1118400.0
1976-08-05,False,daily,87.37,87.37,86.5,87.0,17000.0,0.6521650634993201,0.6521650634993201,0.6456710311627697,0.64940323365504,816000.0
1976-08-04,False,daily,87.25,87.75,87.0,87.5,21700.0,0.6512693349011752,0.6550015373934456,0.64940323365504,0.6531354361473104,1041600.0
1976-08-03,False,daily,86.25,87.5,86.25,87.25,22800.0,0.6438049299166345,0.6531354361473104,0.6438049299166345,0.6512693349011752,1094400.0
1976-08-02,False,daily,86.12,86.38,86.0,86.0,11700.0,0.6428345572686442,0.6447753025646248,0.6419388286704993,0.6419388286704993,561600.0
1976-07-30,False,daily,86.5,86.5,86.12,86.12,18500.0,0.6456710311627697,0.6456710311627697,0.6428345572686442,0.6428345572686442,888000.0
1976-07-29,False,daily,86.75,87.0,86.0,86.5,13700.0,0.6475371324089049,0.64940323365504,0.6419388286704993,0.6456710311627697,657600.0
1976-07-28,False,daily,86.5,86.75,86.12,86.75,10700.0,0.6456710311627697,0.6475371324089049,0.6428345572686442,0.6475371324089049,513600.0
1976-07-27,False,daily,86.63,87.12,86.38,86.5,20700.0,0.64664140381076,0.650298962253185,0.6447753025646248,0.6456710311627697,993600.0
1976-07-26,False,daily,86.63,86.63,86.25,86.63,15700.0,0.64664140381076,0.64664140381076,0.6438049299166345,0.64664140381076,753600.0
1976-07-23,False,daily,87.0,87.0,86.25,86.63,28600.0,0.64940323365504,0.64940323365504,0.6438049299166345,0.64664140381076,1372800.0
1976-07-22,False,daily,87.0,87.12,86.75,87.12,20200.0,0.64940323365504,0.650298962253185,0.6475371324089049,0.650298962253185,969600.0
1976-07-21,False,daily,86.88,87.37,86.88,87.0,19300.0,0.6485075050568951,0.6521650634993201,0.6485075050568951,0.64940323365504,926400.0
1976-07-20,False,daily,87.5,87.5,86.25,86.88,56300.0,0.6531354361473104,0.6531354361473104,0.6438049299166345,0.6485075050568951,2702400.0
1976-07-19,False,daily,88.0,88.25,87.5,88.0,24600.0,0.6568676386395808,0.6587337398857159,0.6531354361473104,0.6568676386395808,1180800.0
1976-07-16,False,daily,87.5,88.0,87.0,88.0,30500.0,0.6531354361473104,0.6568676386395808,0.64940323365504,0.6568676386395808,1464000.0
1976-07-15,False,daily,88.25,88.25,87.25,87.5,45200.0,0.6587337398857159,0.6587337398857159,0.6512693349011752,0.6531354361473104,2169600.0
1976-07-14,False,daily,86.75,88.62,86.75,88.25,61600.0,0.6475371324089049,0.661495569729996,0.6475371324089049,0.6587337398857159,2956800.0
1976-07-13,False,daily,86.75,86.88,86.5,86.75,28300.0,0.6475371324089049,0.6485075050568951,0.6456710311627697,0.6475371324089049,1358400.0
1976-07-12,False,daily,86.0,86.75,86.0,86.75,38800.0,0.6419388286704993,0.6475371324089049,0.6419388286704993,0.6475371324089049,1862400.0
1976-07-09,False,daily,85.25,86.0,85.25,86.0,51000.0,0.6363405249320938,0.6419388286704993,0.6363405249320938,0.6419388286704993,2448000.0
1976-07-08,False,daily,84.88,85.38,84.62,85.13,79200.0,0.6335786950878137,0.6373108975800841,0.6316379497918333,0.6354447963339489,3801600.0
1976-07-07,False,daily,84.5,85.75,84.5,84.88,25600.0,0.6307422211936883,0.6400727274243642,0.6307422211936883,0.6335786950878137,1228800.0
1976-07-06,False,daily,84.5,85.38,84.37,84.5,46400.0,0.6307422211936883,0.6373108975800841,0.6297718485456981,0.6307422211936883,2227200.0
1976-07-02,False,daily,84.0,84.75,84.0,84.5,33500.0,0.627010018701418,0.6326083224398235,0.627010018701418,0.6307422211936883,1608000.0
1976-07-01,False,daily,84.0,84.5,83.38,83.75,21300.0,0.627010018701418,0.6307422211936883,0.6223820876110028,0.6251439174552829,1022400.0
1976-06-30,False,daily,84.12,84.25,83.75,84.0,15200.0,0.6279057472995629,0.6288761199475531,0.6251439174552829,0.627010018701418,729600.0
1976-06-29,False,daily,83.5,84.12,83.5,84.12,32700.0,0.6232778162091477,0.6279057472995629,0.6232778162091477,0.6279057472995629,1569600.0
1976-06-28,False,daily,83.5,83.75,82.75,83.25,38600.0,0.6232778162091477,0.6251439174552829,0.6176795124707422,0.6214117149630125,1852800.0
1976-06-25,False,daily,83.88,84.5,82.87,83.5,22000.0,0.626114290103273,0.6307422211936883,0.6185752410688871,0.6232778162091477,1056000.0
1976-06-24,False,daily,84.62,84.88,82.5,83.88,87900.0,0.6316379497918333,0.6335786950878137,0.615813411224607,0.626114290103273,4219200.0
1976-06-23,False,daily,84.5,84.88,84.25,84.62,27200.0,0.6307422211936883,0.6335786950878137,0.6288761199475531,0.6316379497918333,1305600.0
1976-06-22,False,daily,85.13,85.75,84.5,84.5,10900.0,0.6354447963339489,0.6400727274243642,0.6307422211936883,0.6307422211936883,523200.0
1976-06-21,False,daily,86.25,86.25,85.13,85.13,18700.0,0.6438049299166345,0.6438049299166345,0.6354447963339489,0.6354447963339489,897600.0
1976-06-18,False,daily,85.75,86.38,85.75,86.25,36000.0,0.6400727274243642,0.6447753025646248,0.6400727274243642,0.6438049299166345,1728000.0
1976-06-17,False,daily,84.88,85.62,84.88,85.5,37800.0,0.6335786950878137,0.6391023547763739,0.6335786950878137,0.638206626178229,1814400.0
1976-06-16,False,daily,84.25,84.75,84.12,84.75,17000.0,0.6288761199475531,0.6326083224398235,0.6279057472995629,0.6326083224398235,816000.0
1976-06-15,False,daily,84.88,84.88,84.12,84.25,29700.0,0.6335786950878137,0.6335786950878137,0.6279057472995629,0.6288761199475531,1425600.0
1976-06-14,False,daily,84.12,84.88,84.12,84.88,23500.0,0.6279057472995629,0.6335786950878137,0.6279057472995629,0.6335786950878137,1128000.0
1976-06-11,False,daily,83.75,84.0,83.5,83.88,18800.0,0.6251439174552829,0.627010018701418,0.6232778162091477,0.626114290103273,902400.0
1976-06-10,False,daily,83.12,84.0,83.12,83.75,30800.0,0.6204413423150222,0.627010018701418,0.6204413423150222,0.6251439174552829,1478400.0
1976-06-09,False,daily,83.25,84.25,83.0,83.12,23800.0,0.6214117149630125,0.6288761199475531,0.6195456137168773,0.6204413423150222,1142400.0
1976-06-08,False,daily,83.38,83.63,82.87,83.25,27800.0,0.6223820876110028,0.6242481888571378,0.6185752410688871,0.6214117149630125,1334400.0
1976-06-07,False,daily,83.5,83.5,83.0,83.38,24000.0,0.6232778162091477,0.6232778162091477,0.6195456137168773,0.6223820876110028,1152000.0
1976-06-04,False,daily,85.25,85.25,83.75,83.75,62600.0,0.6363405249320938,0.6363405249320938,0.6251439174552829,0.6251439174552829,3004800.0
1976-06-03,False,daily,86.0,86.25,85.62,85.87,13400.0,0.6419388286704993,0.6438049299166345,0.6391023547763739,0.6409684560225091,643200.0
1976-06-02,False,daily,86.0,86.0,85.25,86.0,10800.0,0.6419388286704993,0.6419388286704993,0.6363405249320938,0.6419388286704993,518400.0
1976-06-01,False,daily,86.38,86.5,85.87,86.0,21900.0,0.6447753025646248,0.6456710311627697,0.6409684560225091,0.6419388286704993,1051200.0
1976-05-28,False,daily,85.38,86.75,85.38,86.38,28400.0,0.6373108975800841,0.6475371324089049,0.6373108975800841,0.6447753025646248,1363200.0
1976-05-27,False,daily,84.88,85.25,84.75,85.25,19200.0,0.6335786950878137,0.6363405249320938,0.6326083224398235,0.6363405249320938,921600.0
1976-05-26,False,daily,85.5,85.5,84.62,84.88,37600.0,0.638206626178229,0.638206626178229,0.6316379497918333,0.6335786950878137,1804800.0
1976-05-25,False,daily,86.12,86.12,85.62,86.0,25000.0,0.6428345572686442,0.6428345572686442,0.6391023547763739,0.6419388286704993,1200000.0
1976-05-24,False,daily,86.38,86.38,85.5,86.38,15200.0,0.6447753025646248,0.6447753025646248,0.638206626178229,0.6447753025646248,729600.0
1976-05-21,False,daily,86.5,86.75,85.75,86.5,16400.0,0.6456710311627697,0.6475371324089049,0.6400727274243642,0.6456710311627697,787200.0
1976-05-20,False,daily,86.25,87.12,86.25,86.5,17900.0,0.6438049299166345,0.650298962253185,0.6438049299166345,0.6456710311627697,859200.0
1976-05-19,False,daily,85.25,86.38,85.25,86.25,20100.0,0.6363405249320938,0.6447753025646248,0.6363405249320938,0.6438049299166345,964800.0
1976-05-18,False,daily,85.5,85.5,85.0,85.25,43300.0,0.638206626178229,0.638206626178229,0.6344744236859586,0.6363405249320938,2078400.0
1976-05-17,False,daily,85.5,85.5,84.88,85.5,10900.0,0.638206626178229,0.638206626178229,0.6335786950878137,0.638206626178229,523200.0
1976-05-14,False,daily,86.5,86.5,85.75,85.87,28500.0,0.6437886083313913,0.6437886083313913,0.638206626178229,0.639099743322735,1368000.0
1976-05-13,False,daily,87.37,87.37,86.75,86.75,18400.0,0.6502637076290597,0.6502637076290597,0.6456492690491121,0.6456492690491121,883200.0
1976-05-12,False,daily,88.62,88.62,87.5,87.5,22600.0,0.6595670112176636,0.6595670112176636,0.6512312512022744,0.6512312512022744,1084800.0
1976-05-11,False,daily,88.75,89.5,88.62,89.5,32100.0,0.6605345547908784,0.6661165369440407,0.6595670112176636,0.6661165369440407,1540800.0
1976-05-10,False,daily,87.75,88.75,87.75,88.75,36200.0,0.6530919119199953,0.6605345547908784,0.6530919119199953,0.6605345547908784,1737600.0
1976-05-07,False,daily,87.62,88.25,87.25,87.75,13100.0,0.6521243683467804,0.6568132333554368,0.6493705904845537,0.6530919119199953,628800.0
1976-05-06,False,daily,87.37,87.75,87.25,87.62,16100.0,0.6502637076290597,0.6530919119199953,0.6493705904845537,0.6521243683467804,772800.0
1976-05-05,False,daily,87.5,88.0,87.12,87.37,16500.0,0.6512312512022744,0.654952572637716,0.6484030469113389,0.6502637076290597,792000.0
1976-05-04,False,daily,86.63,87.88,86.63,87.5,30900.0,0.6447561519046061,0.65405945549321,0.6447561519046061,0.6512312512022744,1483200.0
1976-05-03,False,daily,87.0,87.0,86.12,86.63,11100.0,0.6475099297668329,0.6475099297668329,0.6409604040404557,0.6447561519046061,532800.0
1976-04-30,False,daily,87.25,87.88,87.25,87.25,13900.0,0.6493705904845537,0.65405945549321,0.6493705904845537,0.6493705904845537,667200.0
1976-04-29,False,daily,86.0,87.5,85.62,87.25,16300.0,0.6400672868959497,0.6512312512022744,0.6372390826050142,0.6493705904845537,782400.0
1976-04-28,False,daily,85.13,86.0,85.13,86.0,16400.0,0.6335921875982814,0.6400672868959497,0.6335921875982814,0.6400672868959497,787200.0
1976-04-27,False,daily,85.62,86.5,85.0,85.0,34300.0,0.6372390826050142,0.6437886083313913,0.6326246440250666,0.6326246440250666,1646400.0
1976-04-26,False,daily,87.0,87.25,85.62,85.62,18900.0,0.6475099297668329,0.6493705904845537,0.6372390826050142,0.6372390826050142,907200.0
1976-04-23,False,daily,88.62,88.62,87.0,87.0,9000.0,0.6595670112176636,0.6595670112176636,0.6475099297668329,0.6475099297668329,432000.0
1976-04-22,False,daily,89.88,89.88,89.0,89.0,26200.0,0.6689447412349763,0.6689447412349763,0.6623952155085991,0.6623952155085991,1257600.0
1976-04-21,False,daily,89.88,89.88,89.0,89.88,34500.0,0.6689447412349763,0.6689447412349763,0.6623952155085991,0.6689447412349763,1656000.0
1976-04-20,False,daily,89.88,90.25,89.63,90.0,111300.0,0.6689447412349763,0.6716985190972031,0.6670840805172555,0.6698378583794823,5342400.0
1976-04-19,False,daily,90.12,90.5,89.63,89.88,33300.0,0.6707309755239883,0.6735591798149239,0.6670840805172555,0.6689447412349763,1598400.0
1976-04-15,False,daily,89.5,90.12,89.25,90.12,16500.0,0.6661165369440407,0.6707309755239883,0.66425587622632,0.6707309755239883,792000.0
1976-04-14,False,daily,90.0,90.25,89.25,89.5,23300.0,0.6698378583794823,0.6716985190972031,0.66425587622632,0.6661165369440407,1118400.0
1976-04-13,False,daily,88.25,90.0,88.25,90.0,26000.0,0.6568132333554368,0.6698378583794823,0.6568132333554368,0.6698378583794823,1248000.0
1976-04-12,False,daily,88.25,89.5,88.0,88.0,29400.0,0.6568132333554368,0.6661165369440407,0.654952572637716,0.654952572637716,1411200.0
1976-04-09,False,daily,88.38,88.75,87.62,88.25,18500.0,0.6577807769286516,0.6605345547908784,0.6521243683467804,0.6568132333554368,888000.0
1976-04-08,False,daily,88.75,88.75,87.5,88.38,36600.0,0.6605345547908784,0.6605345547908784,0.6512312512022744,0.6577807769286516,1756800.0
1976-04-07,False,daily,89.5,90.75,88.62,88.75,49300.0,0.6661165369440407,0.6754198405326447,0.6595670112176636,0.6605345547908784,2366400.0
1976-04-06,False,daily,90.5,90.62,89.5,89.5,62700.0,0.6735591798149239,0.6744522969594299,0.6661165369440407,0.6661165369440407,3009600.0
1976-04-05,False,daily,90.37,91.0,90.37,90.5,42700.0,0.6725916362417091,0.6772805012503654,0.6725916362417091,0.6735591798149239,2049600.0
1976-04-02,False,daily,89.88,90.25,88.75,90.25,25800.0,0.6689447412349763,0.6716985190972031,0.6605345547908784,0.6716985190972031,1238400.0
1976-04-01,False,daily,89.75,90.0,89.25,89.88,13400.0,0.6679771976617616,0.6698378583794823,0.66425587622632,0.6689447412349763,643200.0
1976-03-31,False,daily,88.62,89.88,88.62,89.75,25800.0,0.6595670112176636,0.6689447412349763,0.6595670112176636,0.6679771976617616,1238400.0
1976-03-30,False,daily,89.38,89.63,88.13,88.13,10200.0,0.6652234197995347,0.6670840805172555,0.6559201162109308,0.6559201162109308,489600.0
1976-03-29,False,daily,89.25,89.75,89.0,89.38,10200.0,0.66425587622632,0.6679771976617616,0.6623952155085991,0.6652234197995347,489600.0
1976-03-26,False,daily,89.25,90.75,89.25,89.25,13600.0,0.66425587622632,0.6754198405326447,0.66425587622632,0.66425587622632,652800.0
1976-03-25,False,daily,89.0,89.5,88.62,89.25,33700.0,0.6623952155085991,0.6661165369440407,0.6595670112176636,0.66425587622632,1617600.0
1976-03-24,False,daily,88.13,89.25,88.13,89.0,94800.0,0.6559201162109308,0.66425587622632,0.6559201162109308,0.6623952155085991,4550400.0
1976-03-23,False,daily,85.75,86.63,85.75,86.63,49100.0,0.638206626178229,0.6447561519046061,0.638206626178229,0.6447561519046061,2356800.0
1976-03-22,False,daily,86.0,86.0,85.0,85.75,59600.0,0.6400672868959497,0.6400672868959497,0.6326246440250666,0.638206626178229,2860800.0
1976-03-19,False,daily,85.38,86.0,85.0,86.0,38000.0,0.6354528483160021,0.6400672868959497,0.6326246440250666,0.6400672868959497,1824000.0
1976-03-18,False,daily,86.0,86.12,85.38,85.38,16800.0,0.6400672868959497,0.6409604040404557,0.6354528483160021,0.6354528483160021,806400.0
1976-03-17,False,daily,86.0,86.38,86.0,86.0,33900.0,0.6400672868959497,0.6428954911868853,0.6400672868959497,0.6400672868959497,1627200.0
1976-03-16,False,daily,85.75,86.75,85.5,85.87,42900.0,0.638206626178229,0.6456492690491121,0.6363459654605081,0.639099743322735,2059200.0
1976-03-15,False,daily,87.12,87.12,85.75,85.75,28700.0,0.6484030469113389,0.6484030469113389,0.638206626178229,0.638206626178229,1377600.0
1976-03-12,False,daily,87.5,89.0,87.25,87.5,33200.0,0.6512312512022744,0.6623952155085991,0.6493705904845537,0.6512312512022744,1593600.0
1976-03-11,False,daily,87.37,88.5,86.88,87.5,71500.0,0.6502637076290597,0.6586738940731576,0.6466168126223268,0.6512312512022744,3432000.0
1976-03-10,False,daily,85.75,88.0,85.75,87.37,34300.0,0.638206626178229,0.654952572637716,0.638206626178229,0.6502637076290597,1646400.0
1976-03-09,False,daily,85.5,86.25,85.5,85.62,65400.0,0.6363459654605081,0.6419279476136706,0.6363459654605081,0.6372390826050142,3139200.0
1976-03-08,False,daily,82.75,83.88,82.5,83.88,30100.0,0.6158786975655796,0.6242888840096774,0.6140180368478587,0.6242888840096774,1444800.0
1976-03-05,False,daily,82.75,83.5,82.38,82.75,50900.0,0.6158786975655796,0.6214606797187419,0.6131249197033528,0.6158786975655796,2443200.0
1976-03-04,False,daily,83.88,83.88,82.25,82.75,45600.0,0.6242888840096774,0.6242888840096774,0.612157376130138,0.6158786975655796,2188800.0
1976-03-03,False,daily,85.0,85.0,84.0,84.0,30600.0,0.6326246440250666,0.6326246440250666,0.6251820011541834,0.6251820011541834,1468800.0
1976-03-02,False,daily,85.25,85.25,84.75,85.25,46700.0,0.6344853047427874,0.6344853047427874,0.6307639833073458,0.6344853047427874,2241600.0
1976-03-01,False,daily,85.25,85.62,84.5,85.62,57700.0,0.6344853047427874,0.6372390826050142,0.628903322589625,0.6372390826050142,2769600.0
1976-02-27,False,daily,85.25,85.25,84.25,85.25,63000.0,0.6344853047427874,0.6344853047427874,0.6270426618719043,0.6344853047427874,3024000.0
1976-02-26,False,daily,85.5,86.0,85.5,85.5,58800.0,0.6363459654605081,0.6400672868959497,0.6363459654605081,0.6363459654605081,2822400.0
1976-02-25,False,daily,86.25,86.25,84.5,85.5,70600.0,0.6419279476136706,0.6419279476136706,0.628903322589625,0.6363459654605081,3388800.0
1976-02-24,False,daily,89.0,89.0,86.63,86.88,50700.0,0.6623952155085991,0.6623952155085991,0.6447561519046061,0.6466168126223268,2433600.0
1976-02-23,False,daily,89.25,89.38,87.75,89.0,37600.0,0.66425587622632,0.6652234197995347,0.6530919119199953,0.6623952155085991,1804800.0
1976-02-20,False,daily,89.5,89.75,89.0,89.25,44300.0,0.6661165369440407,0.6679771976617616,0.6623952155085991,0.66425587622632,2126400.0
1976-02-19,False,daily,91.13,91.25,89.0,89.5,113200.0,0.6782480448235803,0.6791411619680863,0.6623952155085991,0.6661165369440407,5433600.0
1976-02-18,False,daily,92.0,92.0,91.0,91.13,35500.0,0.6847231441212486,0.6847231441212486,0.6772805012503654,0.6782480448235803,1704000.0
1976-02-17,False,daily,92.38,92.63,92.0,92.0,20900.0,0.6875513484121841,0.6894120091299049,0.6847231441212486,0.6847231441212486,1003200.0
1976-02-13,False,daily,92.75,92.75,92.0,92.38,25000.0,0.6903051262744109,0.6903051262744109,0.6847231441212486,0.6875513484121841,1200000.0
1976-02-12,False,daily,93.25,93.25,92.75,92.75,17700.0,0.6917799227388451,0.6917799227388451,0.6880706470137039,0.6880706470137039,849600.0
1976-02-11,False,daily,92.88,93.5,92.75,93.25,45000.0,0.6890350587022406,0.6936345606014158,0.6880706470137039,0.6917799227388451,2160000.0
1976-02-10,False,daily,93.25,93.25,92.5,92.88,36100.0,0.6917799227388451,0.6917799227388451,0.6862160091511332,0.6890350587022406,1732800.0
1976-02-09,False,daily,93.37,94.25,93.12,93.25,21700.0,0.6926701489128791,0.6991984741891277,0.6908155110503085,0.6917799227388451,1041600.0
1976-02-06,False,daily,92.0,93.75,91.5,93.37,22800.0,0.682506733425992,0.6954891984639865,0.6787974577008508,0.6926701489128791,1094400.0
1976-02-05,False,daily,94.87,94.87,92.0,92.0,22300.0,0.7037979760883029,0.7037979760883029,0.682506733425992,0.682506733425992,1070400.0
1976-02-04,False,daily,95.75,96.12,94.75,94.87,49700.0,0.7103263013645514,0.713071165401156,0.702907749914269,0.7037979760883029,2385600.0
1976-02-03,False,daily,95.75,96.25,95.25,95.75,36300.0,0.7103263013645514,0.7140355770896928,0.7066170256394102,0.7103263013645514,1742400.0
1976-02-02,False,daily,96.0,96.0,94.75,95.75,53800.0,0.7121809392271221,0.7121809392271221,0.702907749914269,0.7103263013645514,2582400.0
1976-01-30,False,daily,95.5,96.5,95.5,96.12,38400.0,0.7084716635019809,0.7158902149522633,0.7084716635019809,0.713071165401156,1843200.0
1976-01-29,False,daily,93.0,95.75,93.0,95.38,55800.0,0.6899252848762746,0.7103263013645514,0.6899252848762746,0.7075814373279469,2678400.0
1976-01-28,False,daily,91.5,92.75,91.25,92.5,19200.0,0.6787974577008508,0.6880706470137039,0.6769428198382801,0.6862160091511332,921600.0
1976-01-27,False,daily,91.0,92.0,89.75,91.5,49300.0,0.6750881819757095,0.682506733425992,0.6658149926628564,0.6787974577008508,2366400.0
1976-01-26,False,daily,90.0,91.75,90.0,91.0,31200.0,0.6676696305254269,0.6806520955634214,0.6676696305254269,0.6750881819757095,1497600.0
1976-01-23,False,daily,87.25,89.75,87.25,89.63,37700.0,0.6472686140371501,0.6658149926628564,0.6472686140371501,0.6649247664888224,1809600.0
1976-01-22,False,daily,87.75,88.75,87.0,87.25,47600.0,0.6509778897622913,0.6583964412125738,0.6454139761745794,0.6472686140371501,2284800.0
1976-01-21,False,daily,88.75,88.75,86.75,87.75,79300.0,0.6583964412125738,0.6583964412125738,0.6435593383120087,0.6509778897622913,3806400.0
1976-01-20,False,daily,90.37,90.5,89.0,89.25,60600.0,0.6704144945620315,0.6713789062505683,0.6602510790751445,0.6621057169377151,2908800.0
1976-01-19,False,daily,90.25,90.88,90.12,90.37,27200.0,0.6695242683879976,0.6741979558016755,0.6685598566994609,0.6704144945620315,1305600.0
1976-01-16,False,daily,90.25,91.0,90.0,90.25,28000.0,0.6695242683879976,0.6750881819757095,0.6676696305254269,0.6695242683879976,1344000.0
1976-01-15,False,daily,91.38,91.38,90.0,90.25,30100.0,0.6779072315268169,0.6779072315268169,0.6676696305254269,0.6695242683879976,1444800.0
1976-01-14,False,daily,91.75,91.75,90.5,91.5,58300.0,0.6806520955634214,0.6806520955634214,0.6713789062505683,0.6787974577008508,2798400.0
1976-01-13,False,daily,93.0,93.75,91.5,91.87,35300.0,0.6899252848762746,0.6954891984639865,0.6787974577008508,0.6815423217374553,1694400.0
1976-01-12,False,daily,91.62,93.0,91.5,93.0,18100.0,0.6796876838748847,0.6899252848762746,0.6787974577008508,0.6899252848762746,868800.0
1976-01-09,False,daily,91.62,92.0,91.38,91.62,22800.0,0.6796876838748847,0.682506733425992,0.6779072315268169,0.6796876838748847,1094400.0
1976-01-08,False,daily,91.13,91.87,91.13,91.62,63600.0,0.6760525936642462,0.6815423217374553,0.6760525936642462,0.6796876838748847,3052800.0
1976-01-07,False,daily,91.0,93.37,90.88,91.13,39000.0,0.6750881819757095,0.6926701489128791,0.6741979558016755,0.6760525936642462,1872000.0
1976-01-06,False,daily,91.0,92.0,90.75,91.0,24300.0,0.6750881819757095,0.682506733425992,0.6732335441131388,0.6750881819757095,1166400.0
1976-01-05,False,daily,90.12,91.25,89.38,91.0,23100.0,0.6685598566994609,0.6769428198382801,0.6630701286262518,0.6750881819757095,1108800.0
1976-01-02,False,daily,89.88,90.5,89.88,90.12,11900.0,0.666779404351393,0.6713789062505683,0.666779404351393,0.6685598566994609,571200.0
1977-12-30,False,daily,76.75,77.12,76.5,76.75,34800.0,0.5882017374418845,0.591037367967663,0.5862857708704126,0.5882017374418845,1670400.0
1977-12-29,False,daily,76.5,77.0,76.13,76.75,21900.0,0.5862857708704126,0.5901177040133564,0.583450140344634,0.5882017374418845,1051200.0
1977-12-28,False,daily,76.38,76.5,75.75,76.5,27100.0,0.585366106916106,0.5862857708704126,0.5805378711559968,0.5862857708704126,1300800.0
1977-12-27,False,daily,75.75,76.5,75.37,76.38,22000.0,0.5805378711559968,0.5862857708704126,0.5776256019673595,0.585366106916106,1056000.0
1977-12-23,False,daily,75.0,76.0,75.0,75.75,29500.0,0.574789971441581,0.5824538377274687,0.574789971441581,0.5805378711559968,1416000.0
1977-12-22,False,daily,73.75,75.75,73.75,74.75,56500.0,0.5652101385842213,0.5805378711559968,0.5652101385842213,0.572874004870109,2712000.0
1977-12-21,False,daily,73.0,73.87,73.0,73.5,38700.0,0.5594622388698054,0.5661298025385278,0.5594622388698054,0.5632941720127493,1857600.0
1977-12-20,False,daily,73.0,73.13,72.62,72.88,31100.0,0.5594622388698054,0.5604585414869708,0.5565499696811681,0.5585425749154989,1492800.0
1977-12-19,False,daily,73.62,74.25,72.75,73.0,50400.0,0.5642138359670559,0.5690420717271651,0.5575462722983335,0.5594622388698054,2419200.0
1977-12-16,False,daily,73.75,74.25,73.5,73.62,27300.0,0.5652101385842213,0.5690420717271651,0.5632941720127493,0.5642138359670559,1310400.0
1977-12-15,False,daily,74.0,74.75,73.5,73.75,22600.0,0.5671261051556932,0.572874004870109,0.5632941720127493,0.5652101385842213,1084800.0
1977-12-14,False,daily,73.38,74.25,73.0,74.0,30400.0,0.5623745080584428,0.5690420717271651,0.5594622388698054,0.5671261051556932,1459200.0
1977-12-13,False,daily,72.75,73.75,72.62,73.38,23000.0,0.5575462722983335,0.5652101385842213,0.5565499696811681,0.5623745080584428,1104000.0
1977-12-12,False,daily,73.0,73.25,72.75,72.75,28600.0,0.5594622388698054,0.5613782054412774,0.5575462722983335,0.5575462722983335,1372800.0
1977-12-09,False,daily,72.62,73.5,72.12,73.0,37600.0,0.5565499696811681,0.5632941720127493,0.5527180365382243,0.5594622388698054,1804800.0
1977-12-08,False,daily,73.0,73.38,72.62,72.62,15300.0,0.5594622388698054,0.5623745080584428,0.5565499696811681,0.5565499696811681,734400.0
1977-12-07,False,daily,72.75,73.25,72.25,73.0,49500.0,0.5575462722983335,0.5613782054412774,0.5537143391553896,0.5594622388698054,2376000.0
1977-12-06,False,daily,73.75,73.75,72.62,72.75,30600.0,0.5652101385842213,0.5652101385842213,0.5565499696811681,0.5575462722983335,1468800.0
1977-12-05,False,daily,75.0,75.25,74.12,74.12,20100.0,0.574789971441581,0.5767059380130529,0.5680457691099997,0.5680457691099997,964800.0
1977-12-02,False,daily,75.12,75.5,74.88,75.0,35700.0,0.5757096353958875,0.5786219045845248,0.5738703074872744,0.574789971441581,1713600.0
1977-12-01,False,daily,74.12,76.0,74.12,75.12,55900.0,0.5680457691099997,0.5824538377274687,0.5680457691099997,0.5757096353958875,2683200.0
1977-11-30,False,daily,72.75,74.0,72.75,74.0,22500.0,0.5575462722983335,0.5671261051556932,0.5575462722983335,0.5671261051556932,1080000.0
1977-11-29,False,daily,73.87,73.87,72.37,72.62,28800.0,0.5661298025385278,0.5661298025385278,0.5546340031096962,0.5565499696811681,1382400.0
1977-11-28,False,daily,74.0,74.12,73.5,74.0,35400.0,0.5671261051556932,0.5680457691099997,0.5632941720127493,0.5671261051556932,1699200.0
1977-11-25,False,daily,74.0,74.25,73.75,74.0,17100.0,0.5671261051556932,0.5690420717271651,0.5652101385842213,0.5671261051556932,820800.0
1977-11-23,False,daily,73.75,74.12,73.62,74.0,43300.0,0.5652101385842213,0.5680457691099997,0.5642138359670559,0.5671261051556932,2078400.0
1977-11-22,False,daily,73.13,73.87,73.13,73.75,49600.0,0.5604585414869708,0.5661298025385278,0.5604585414869708,0.5652101385842213,2380800.0
1977-11-21,False,daily,72.62,72.88,72.37,72.88,15900.0,0.5565499696811681,0.5585425749154989,0.5546340031096962,0.5585425749154989,763200.0
1977-11-18,False,daily,73.0,73.38,72.5,72.62,28100.0,0.5594622388698054,0.5623745080584428,0.5556303057268616,0.5565499696811681,1348800.0
1977-11-17,False,daily,73.75,73.87,73.0,73.0,29900.0,0.5652101385842213,0.5661298025385278,0.5594622388698054,0.5594622388698054,1435200.0
1977-11-16,False,daily,74.12,74.25,73.5,73.75,22100.0,0.5680457691099997,0.5690420717271651,0.5632941720127493,0.5652101385842213,1060800.0
1977-11-15,False,daily,73.5,74.38,73.38,74.12,73900.0,0.5632941720127493,0.5700383743443305,0.5623745080584428,0.5680457691099997,3547200.0
1977-11-14,False,daily,73.87,73.87,72.88,73.5,64800.0,0.5661298025385278,0.5661298025385278,0.5585425749154989,0.5632941720127493,3110400.0
1977-11-11,False,daily,74.0,74.63,73.75,73.87,28000.0,0.5644383037094577,0.5692436568356328,0.5625314175482771,0.5634467229056438,1344000.0
1977-11-10,False,daily,72.25,74.75,72.25,74.0,37500.0,0.5510901005811935,0.5701589621929996,0.5510901005811935,0.5644383037094577,1800000.0
1977-11-09,False,daily,71.25,71.75,70.87,71.75,28800.0,0.5434625559364711,0.5472763282588323,0.5405640889714766,0.5472763282588323,1382400.0
1977-11-08,False,daily,71.63,71.63,70.5,71.25,28900.0,0.5463610229014656,0.5463610229014656,0.5377418974529293,0.5434625559364711,1387200.0
1977-11-07,False,daily,70.25,71.75,70.0,71.63,32400.0,0.5358350112917487,0.5472763282588323,0.5339281251305681,0.5463610229014656,1555200.0
1977-11-04,False,daily,69.88,70.38,69.62,70.25,60300.0,0.5330128197732014,0.5368265920955626,0.5310296581655736,0.5358350112917487,2894400.0
1977-11-03,False,daily,70.87,70.87,69.5,69.88,65300.0,0.5405640889714766,0.5405640889714766,0.5301143528082068,0.5330128197732014,3134400.0
1977-11-02,False,daily,72.37,72.62,71.0,71.0,52000.0,0.5520054059385602,0.5539122920997408,0.5415556697752905,0.5415556697752905,2496000.0
1977-11-01,False,daily,72.88,72.88,72.37,72.37,28800.0,0.5558954537073686,0.5558954537073686,0.5520054059385602,0.5520054059385602,1382400.0
1977-10-31,False,daily,73.75,74.12,73.25,73.38,56700.0,0.5625314175482771,0.5653536090668244,0.5587176452259159,0.5597092260297297,2721600.0
1977-10-28,False,daily,73.25,74.12,72.88,73.75,75000.0,0.5587176452259159,0.5653536090668244,0.5558954537073686,0.5625314175482771,3600000.0
1977-10-27,False,daily,72.25,73.25,72.25,73.25,53000.0,0.5510901005811935,0.5587176452259159,0.5510901005811935,0.5587176452259159,2544000.0
1977-10-26,False,daily,70.0,72.0,69.62,72.0,45800.0,0.5339281251305681,0.5491832144200129,0.5310296581655736,0.5491832144200129,2198400.0
1977-10-25,False,daily,70.62,70.62,69.5,70.0,61200.0,0.538657202810296,0.538657202810296,0.5301143528082068,0.5339281251305681,2937600.0
1977-10-24,False,daily,71.0,71.25,70.75,70.87,33100.0,0.5415556697752905,0.5434625559364711,0.5396487836141098,0.5405640889714766,1588800.0
1977-10-21,False,daily,70.75,71.0,70.5,71.0,17900.0,0.5396487836141098,0.5415556697752905,0.5377418974529293,0.5415556697752905,859200.0
1977-10-20,False,daily,71.0,71.25,70.25,70.75,59200.0,0.5415556697752905,0.5434625559364711,0.5358350112917487,0.5396487836141098,2841600.0
1977-10-19,False,daily,72.62,72.62,70.5,71.0,82900.0,0.5539122920997408,0.5539122920997408,0.5377418974529293,0.5415556697752905,3979200.0
1977-10-18,False,daily,72.62,73.13,72.62,72.75,36500.0,0.5539122920997408,0.5578023398685492,0.5539122920997408,0.5549038729035547,1752000.0
1977-10-17,False,daily,72.12,72.5,72.0,72.5,25100.0,0.5500985197773797,0.5529969867423741,0.5491832144200129,0.5529969867423741,1204800.0
1977-10-14,False,daily,71.5,72.25,71.38,72.12,21200.0,0.5453694420976517,0.5510901005811935,0.544454136740285,0.5500985197773797,1017600.0
1977-10-13,False,daily,71.63,71.75,71.12,71.5,30500.0,0.5463610229014656,0.5472763282588323,0.5424709751326572,0.5453694420976517,1464000.0
1977-10-12,False,daily,71.63,71.63,71.0,71.63,26000.0,0.5463610229014656,0.5463610229014656,0.5415556697752905,0.5463610229014656,1248000.0
1977-10-11,False,daily,72.37,72.37,71.63,71.75,45400.0,0.5520054059385602,0.5520054059385602,0.5463610229014656,0.5472763282588323,2179200.0
1977-10-10,False,daily,72.75,72.75,72.25,72.37,11900.0,0.5549038729035547,0.5549038729035547,0.5510901005811935,0.5520054059385602,571200.0
1977-10-07,False,daily,73.0,73.25,72.62,72.75,27900.0,0.5568107590647353,0.5587176452259159,0.5539122920997408,0.5549038729035547,1339200.0
1977-10-06,False,daily,73.0,73.25,72.62,73.0,22100.0,0.5568107590647353,0.5587176452259159,0.5539122920997408,0.5568107590647353,1060800.0
1977-10-05,False,daily,73.87,73.87,72.88,73.0,66100.0,0.5634467229056438,0.5634467229056438,0.5558954537073686,0.5568107590647353,3172800.0
1977-10-04,False,daily,73.87,74.38,73.87,74.0,35500.0,0.5634467229056438,0.5673367706744522,0.5634467229056438,0.5644383037094577,1704000.0
1977-10-03,False,daily,73.5,73.87,73.25,73.87,20400.0,0.5606245313870964,0.5634467229056438,0.5587176452259159,0.5634467229056438,979200.0
1977-09-30,False,daily,73.62,74.0,73.25,73.5,25900.0,0.5615398367444632,0.5644383037094577,0.5587176452259159,0.5606245313870964,1243200.0
1977-09-29,False,daily,73.13,73.75,73.13,73.62,40800.0,0.5578023398685492,0.5625314175482771,0.5578023398685492,0.5615398367444632,1958400.0
1977-09-28,False,daily,72.62,73.62,72.25,73.0,24900.0,0.5539122920997408,0.5615398367444632,0.5510901005811935,0.5568107590647353,1195200.0
1977-09-27,False,daily,73.13,73.38,72.62,72.62,21000.0,0.5578023398685492,0.5597092260297297,0.5539122920997408,0.5539122920997408,1008000.0
1977-09-26,False,daily,72.12,73.13,72.12,73.13,16800.0,0.5500985197773797,0.5578023398685492,0.5500985197773797,0.5578023398685492,806400.0
1977-09-23,False,daily,72.12,73.13,72.0,72.12,47800.0,0.5500985197773797,0.5578023398685492,0.5491832144200129,0.5500985197773797,2294400.0
1977-09-22,False,daily,72.12,72.5,72.0,72.12,33200.0,0.5500985197773797,0.5529969867423741,0.5491832144200129,0.5500985197773797,1593600.0
1977-09-21,False,daily,73.0,73.75,72.12,72.12,44300.0,0.5568107590647353,0.5625314175482771,0.5500985197773797,0.5500985197773797,2126400.0
1977-09-20,False,daily,72.25,73.0,72.12,73.0,29700.0,0.5510901005811935,0.5568107590647353,0.5500985197773797,0.5568107590647353,1425600.0
1977-09-19,False,daily,72.5,72.5,72.12,72.25,29900.0,0.5529969867423741,0.5529969867423741,0.5500985197773797,0.5510901005811935,1435200.0
1977-09-16,False,daily,72.5,72.75,72.25,72.5,29200.0,0.5529969867423741,0.5549038729035547,0.5510901005811935,0.5529969867423741,1401600.0
1977-09-15,False,daily,72.25,73.0,72.25,72.5,25500.0,0.5510901005811935,0.5568107590647353,0.5510901005811935,0.5529969867423741,1224000.0
1977-09-14,False,daily,71.88,72.12,71.88,72.0,12700.0,0.5482679090626462,0.5500985197773797,0.5482679090626462,0.5491832144200129,609600.0
1977-09-13,False,daily,71.63,71.88,71.12,71.75,18300.0,0.5463610229014656,0.5482679090626462,0.5424709751326572,0.5472763282588323,878400.0
1977-09-12,False,daily,71.88,72.0,71.5,71.63,15700.0,0.5482679090626462,0.5491832144200129,0.5453694420976517,0.5463610229014656,753600.0
1977-09-09,False,daily,72.12,72.12,71.88,71.88,17500.0,0.5500985197773797,0.5500985197773797,0.5482679090626462,0.5482679090626462,840000.0
1977-09-08,False,daily,73.75,73.75,72.5,72.5,30000.0,0.5625314175482771,0.5625314175482771,0.5529969867423741,0.5529969867423741,1440000.0
1977-09-07,False,daily,73.13,73.75,73.13,73.75,9600.0,0.5578023398685492,0.5625314175482771,0.5578023398685492,0.5625314175482771,460800.0
1977-09-06,False,daily,73.13,73.75,72.75,73.13,9900.0,0.5578023398685492,0.5625314175482771,0.5549038729035547,0.5578023398685492,475200.0
1977-09-02,False,daily,72.62,73.5,72.25,73.13,19200.0,0.5539122920997408,0.5606245313870964,0.5510901005811935,0.5578023398685492,921600.0
1977-09-01,False,daily,72.37,73.25,72.37,72.62,26100.0,0.5520054059385602,0.5587176452259159,0.5520054059385602,0.5539122920997408,1252800.0
1977-08-31,False,daily,71.88,72.25,71.25,72.25,27800.0,0.5482679090626462,0.5510901005811935,0.5434625559364711,0.5510901005811935,1334400.0
1977-08-30,False,daily,73.25,73.38,71.88,71.88,42500.0,0.5587176452259159,0.5597092260297297,0.5482679090626462,0.5482679090626462,2040000.0
1977-08-29,False,daily,72.62,73.25,72.62,73.25,62600.0,0.5539122920997408,0.5587176452259159,0.5539122920997408,0.5587176452259159,3004800.0
1977-08-26,False,daily,72.62,72.62,71.63,72.12,25900.0,0.5539122920997408,0.5539122920997408,0.5463610229014656,0.5500985197773797,1243200.0
1977-08-25,False,daily,73.5,73.5,72.62,72.62,40300.0,0.5606245313870964,0.5606245313870964,0.5539122920997408,0.5539122920997408,1934400.0
1977-08-24,False,daily,73.38,74.0,73.25,73.5,79500.0,0.5597092260297297,0.5644383037094577,0.5587176452259159,0.5606245313870964,3816000.0
1977-08-23,False,daily,74.5,75.0,73.38,73.38,52900.0,0.5682520760318189,0.5720658483541801,0.5597092260297297,0.5597092260297297,2539200.0
1977-08-22,False,daily,74.12,75.37,74.12,74.5,57700.0,0.5653536090668244,0.5748880398727274,0.5653536090668244,0.5682520760318189,2769600.0
1977-08-19,False,daily,72.37,74.0,72.37,73.75,57400.0,0.5520054059385602,0.5644383037094577,0.5520054059385602,0.5625314175482771,2755200.0
1977-08-18,False,daily,71.38,72.88,71.38,72.37,41800.0,0.544454136740285,0.5558954537073686,0.544454136740285,0.5520054059385602,2006400.0
1977-08-17,False,daily,70.38,71.75,70.25,71.38,21300.0,0.5368265920955626,0.5472763282588323,0.5358350112917487,0.544454136740285,1022400.0
1977-08-16,False,daily,70.0,70.38,69.75,70.38,41500.0,0.5339281251305681,0.5368265920955626,0.5320212389693875,0.5368265920955626,1992000.0
1977-08-15,False,daily,70.5,70.5,70.0,70.0,57500.0,0.5377418974529293,0.5377418974529293,0.5339281251305681,0.5339281251305681,2760000.0
1977-08-12,False,daily,70.0,71.25,70.0,70.75,23600.0,0.5312717662990728,0.540758762125842,0.5312717662990728,0.5369639637951343,1132800.0
1977-08-11,False,daily,70.38,71.0,70.0,70.0,81400.0,0.5341558130304106,0.5388613629604881,0.5312717662990728,0.5312717662990728,3907200.0
1977-08-10,False,daily,69.25,70.38,69.25,70.38,18300.0,0.5255795688030113,0.5341558130304106,0.5255795688030113,0.5341558130304106,878400.0
1977-08-09,False,daily,69.25,70.0,69.12,69.25,16500.0,0.5255795688030113,0.5312717662990728,0.5245929212370274,0.5255795688030113,792000.0
1977-08-08,False,daily,69.88,69.88,69.12,69.25,13700.0,0.530361014699703,0.530361014699703,0.5245929212370274,0.5255795688030113,657600.0
1977-08-05,False,daily,69.88,70.13,69.62,69.88,17000.0,0.530361014699703,0.5322584138650568,0.528387719567735,0.530361014699703,816000.0
1977-08-04,False,daily,69.75,70.5,69.37,69.88,25600.0,0.529374367133719,0.5350665646297804,0.5264903204023812,0.530361014699703,1228800.0
1977-08-03,False,daily,68.5,69.75,68.25,69.75,29600.0,0.5198873713069498,0.529374367133719,0.517989972141596,0.529374367133719,1420800.0
1977-08-02,False,daily,68.75,68.75,68.5,68.5,17400.0,0.5217847704723036,0.5217847704723036,0.5198873713069498,0.5198873713069498,835200.0
1977-08-01,False,daily,68.75,69.25,68.5,68.88,13600.0,0.5217847704723036,0.5255795688030113,0.5198873713069498,0.5227714180382876,652800.0
1977-07-29,False,daily,68.75,69.12,68.5,68.75,18200.0,0.5217847704723036,0.5245929212370274,0.5198873713069498,0.5217847704723036,873600.0
1977-07-28,False,daily,68.5,68.75,68.25,68.75,25700.0,0.5198873713069498,0.5217847704723036,0.517989972141596,0.5217847704723036,1233600.0
1977-07-27,False,daily,69.5,69.75,68.5,68.5,49300.0,0.5274769679683652,0.529374367133719,0.5198873713069498,0.5198873713069498,2366400.0
1977-07-26,False,daily,69.62,69.75,69.25,69.5,29000.0,0.528387719567735,0.529374367133719,0.5255795688030113,0.5274769679683652,1392000.0
1977-07-25,False,daily,70.0,70.13,69.62,69.62,15300.0,0.5312717662990728,0.5322584138650568,0.528387719567735,0.528387719567735,734400.0
1977-07-22,False,daily,70.25,70.5,69.37,70.0,28000.0,0.5331691654644266,0.5350665646297804,0.5264903204023812,0.5312717662990728,1344000.0
1977-07-21,False,daily,70.75,70.75,70.0,70.25,73300.0,0.5369639637951343,0.5369639637951343,0.5312717662990728,0.5331691654644266,3518400.0
1977-07-20,False,daily,70.0,70.87,69.75,70.87,23900.0,0.5312717662990728,0.5378747153945042,0.529374367133719,0.5378747153945042,1147200.0
1977-07-19,False,daily,69.25,70.0,69.25,70.0,47200.0,0.5255795688030113,0.5312717662990728,0.5255795688030113,0.5312717662990728,2265600.0
1977-07-18,False,daily,69.25,69.5,69.0,69.12,33800.0,0.5255795688030113,0.5274769679683652,0.5236821696376575,0.5245929212370274,1622400.0
1977-07-15,False,daily,68.88,69.25,68.5,69.25,47300.0,0.5227714180382876,0.5255795688030113,0.5198873713069498,0.5255795688030113,2270400.0
1977-07-13,False,daily,68.5,69.0,68.25,68.88,20700.0,0.5198873713069498,0.5236821696376575,0.517989972141596,0.5227714180382876,993600.0
1977-07-12,False,daily,69.0,69.12,68.5,68.5,39600.0,0.5236821696376575,0.5245929212370274,0.5198873713069498,0.5198873713069498,1900800.0
1977-07-11,False,daily,69.88,70.25,68.75,69.0,177500.0,0.530361014699703,0.5331691654644266,0.5217847704723036,0.5236821696376575,8520000.0
1977-07-08,False,daily,69.88,70.5,69.88,69.88,21700.0,0.530361014699703,0.5350665646297804,0.530361014699703,0.530361014699703,1041600.0
1977-07-07,False,daily,70.0,70.25,69.62,69.88,27700.0,0.5312717662990728,0.5331691654644266,0.528387719567735,0.530361014699703,1329600.0
1977-07-06,False,daily,70.38,70.38,69.62,70.0,24800.0,0.5341558130304106,0.5341558130304106,0.528387719567735,0.5312717662990728,1190400.0
1977-07-05,False,daily,70.0,70.5,70.0,70.38,22600.0,0.5312717662990728,0.5350665646297804,0.5312717662990728,0.5341558130304106,1084800.0
1977-07-01,False,daily,70.62,70.62,69.62,69.62,15600.0,0.5359773162291503,0.5359773162291503,0.528387719567735,0.528387719567735,748800.0
1977-06-30,False,daily,71.12,71.63,70.25,70.62,31700.0,0.539772114559858,0.5436428088571797,0.5331691654644266,0.5359773162291503,1521600.0
1977-06-29,False,daily,72.0,72.0,71.0,71.12,57200.0,0.5464509596219035,0.5464509596219035,0.5388613629604881,0.539772114559858,2745600.0
1977-06-28,False,daily,72.25,72.5,72.0,72.0,32300.0,0.5483483587872573,0.5502457579526111,0.5464509596219035,0.5464509596219035,1550400.0
1977-06-27,False,daily,72.25,72.75,72.25,72.25,19000.0,0.5483483587872573,0.5521431571179649,0.5483483587872573,0.5483483587872573,912000.0
1977-06-24,False,daily,72.37,72.75,72.25,72.25,16700.0,0.5492591103866271,0.5521431571179649,0.5483483587872573,0.5483483587872573,801600.0
1977-06-23,False,daily,71.88,72.62,71.63,72.37,25800.0,0.5455402080225336,0.551156509551981,0.5436428088571797,0.5492591103866271,1238400.0
1977-06-22,False,daily,72.5,72.5,71.75,71.88,87400.0,0.5502457579526111,0.5502457579526111,0.5445535604565497,0.5455402080225336,4195200.0
1977-06-21,False,daily,71.63,73.38,71.63,72.75,52600.0,0.5436428088571797,0.5569246030146566,0.5436428088571797,0.5521431571179649,2524800.0
1977-06-20,False,daily,70.87,71.75,70.87,71.5,36900.0,0.5378747153945042,0.5445535604565497,0.5378747153945042,0.5426561612911958,1771200.0
1977-06-17,False,daily,70.5,70.75,69.75,70.5,24400.0,0.5350665646297804,0.5369639637951343,0.529374367133719,0.5350665646297804,1171200.0
1977-06-16,False,daily,69.88,70.5,69.37,70.5,64500.0,0.530361014699703,0.5350665646297804,0.5264903204023812,0.5350665646297804,3096000.0
1977-06-15,False,daily,70.38,70.75,69.88,69.88,35800.0,0.5341558130304106,0.5369639637951343,0.530361014699703,0.530361014699703,1718400.0
1977-06-14,False,daily,69.12,70.38,69.12,70.38,48600.0,0.5245929212370274,0.5341558130304106,0.5245929212370274,0.5341558130304106,2332800.0
1977-06-13,False,daily,68.5,69.37,68.5,68.88,121900.0,0.5198873713069498,0.5264903204023812,0.5198873713069498,0.5227714180382876,5851200.0
1977-06-10,False,daily,68.38,68.38,67.62,68.25,55100.0,0.5189766197075799,0.5189766197075799,0.5132085262449043,0.517989972141596,2644800.0
1977-06-09,False,daily,68.25,68.38,67.62,68.38,22400.0,0.517989972141596,0.5189766197075799,0.5132085262449043,0.5189766197075799,1075200.0
1977-06-08,False,daily,67.75,68.75,67.75,68.25,51400.0,0.5141951738108883,0.5217847704723036,0.5141951738108883,0.517989972141596,2467200.0
1977-06-07,False,daily,66.12,67.25,66.0,67.25,35400.0,0.5018241312527814,0.5104003754801807,0.5009133796534115,0.5104003754801807,1699200.0
1977-06-06,False,daily,67.38,68.25,66.0,66.12,37500.0,0.5113870230461646,0.517989972141596,0.5009133796534115,0.5018241312527814,1800000.0
1977-06-03,False,daily,65.88,67.62,65.88,67.38,53200.0,0.5000026280540416,0.5132085262449043,0.5000026280540416,0.5113870230461646,2553600.0
1977-06-02,False,daily,65.38,66.0,65.25,65.5,17900.0,0.496207829723334,0.5009133796534115,0.49522118215735,0.49711858132270387,859200.0
1977-06-01,False,daily,65.12,65.5,65.12,65.38,39700.0,0.49423453459136607,0.49711858132270387,0.49423453459136607,0.496207829723334,1905600.0
1977-05-31,False,daily,64.87,65.12,64.62,65.0,34900.0,0.4923371354260122,0.49423453459136607,0.4904397362606584,0.4933237829919962,1675200.0
1977-05-27,False,daily,65.38,65.63,64.87,64.87,25000.0,0.496207829723334,0.4981052288886878,0.4923371354260122,0.4923371354260122,1200000.0
1977-05-26,False,daily,64.75,65.88,64.5,65.38,40700.0,0.49142638382664233,0.5000026280540416,0.4895289846612885,0.496207829723334,1953600.0
1977-05-25,False,daily,65.88,65.88,64.75,64.75,62300.0,0.5000026280540416,0.5000026280540416,0.49142638382664233,0.49142638382664233,2990400.0
1977-05-24,False,daily,65.75,65.88,65.25,65.88,34300.0,0.4990159804880577,0.5000026280540416,0.49522118215735,0.5000026280540416,1646400.0
1977-05-23,False,daily,66.88,66.88,65.5,65.75,31600.0,0.507592224715457,0.507592224715457,0.49711858132270387,0.4990159804880577,1516800.0
1977-05-20,False,daily,67.62,67.75,66.88,66.88,52700.0,0.5132085262449043,0.5141951738108883,0.507592224715457,0.507592224715457,2529600.0
1977-05-19,False,daily,67.62,68.0,67.5,67.62,26000.0,0.5132085262449043,0.5160925729762421,0.5122977746455345,0.5132085262449043,1248000.0
1977-05-18,False,daily,67.25,68.25,67.25,67.62,79900.0,0.5104003754801807,0.517989972141596,0.5104003754801807,0.5132085262449043,3835200.0
1977-05-17,False,daily,65.25,66.5,65.25,66.5,27800.0,0.49522118215735,0.5047081779841192,0.49522118215735,0.5047081779841192,1334400.0
1977-05-16,False,daily,65.0,65.25,64.62,65.12,14300.0,0.4933237829919962,0.49522118215735,0.4904397362606584,0.49423453459136607,686400.0
1977-05-13,False,daily,63.37,65.0,63.37,65.0,45100.0,0.4783815863304547,0.4906864937901145,0.4783815863304547,0.4906864937901145,2164800.0
1977-05-12,False,daily,62.75,63.5,62.12,63.37,45600.0,0.4737011920819951,0.4793629593180349,0.4689453076037217,0.4783815863304547,2188800.0
1977-05-11,False,daily,64.5,64.5,62.75,62.75,30200.0,0.4869119822994213,0.4869119822994213,0.4737011920819951,0.4737011920819951,1449600.0
1977-05-10,False,daily,64.5,65.0,64.25,64.62,78900.0,0.4869119822994213,0.4906864937901145,0.4850247265540747,0.48781786505718766,3787200.0
1977-05-09,False,daily,65.38,65.38,64.25,64.5,25600.0,0.4935551225230413,0.4935551225230413,0.4850247265540747,0.4869119822994213,1228800.0
1977-05-06,False,daily,66.12,66.25,65.25,65.38,31200.0,0.4991413995292672,0.5001227725168474,0.49257374953546107,0.4935551225230413,1497600.0
1977-05-05,False,daily,65.12,66.37,65.12,66.12,28900.0,0.49159237654788085,0.5010286552746138,0.49159237654788085,0.4991413995292672,1387200.0
1977-05-04,False,daily,64.13,65.88,64.13,65.0,55300.0,0.4841188437963083,0.4973296340137345,0.4841188437963083,0.4906864937901145,2654400.0
1977-05-03,False,daily,63.37,64.38,63.37,64.13,30200.0,0.4783815863304547,0.4860060995416549,0.4783815863304547,0.4841188437963083,1449600.0
1977-05-02,False,daily,63.12,63.25,62.75,63.12,29200.0,0.4764943305851081,0.4774757035726883,0.4737011920819951,0.4764943305851081,1401600.0
1977-04-29,False,daily,63.5,63.62,62.88,63.12,21200.0,0.4793629593180349,0.48026884207580123,0.4746825650695754,0.4764943305851081,1017600.0
1977-04-28,False,daily,63.25,64.25,63.12,63.5,42200.0,0.4774757035726883,0.4850247265540747,0.4764943305851081,0.4793629593180349,2025600.0
1977-04-27,False,daily,62.75,64.25,62.75,63.25,48300.0,0.4737011920819951,0.4850247265540747,0.4737011920819951,0.4774757035726883,2318400.0
1977-04-26,False,daily,62.63,63.12,62.25,62.63,46600.0,0.4727953093242288,0.4764943305851081,0.46992668059130194,0.4727953093242288,2236800.0
1977-04-25,False,daily,64.5,64.5,62.63,62.63,47000.0,0.4869119822994213,0.4869119822994213,0.4727953093242288,0.4727953093242288,2256000.0
1977-04-22,False,daily,66.62,66.62,65.0,65.0,56900.0,0.5029159110199605,0.5029159110199605,0.4906864937901145,0.4906864937901145,2731200.0
1977-04-21,False,daily,68.25,68.75,66.75,66.88,42100.0,0.5152208184796202,0.5189953299703134,0.5038972840075406,0.5048786569951208,2020800.0
1977-04-20,False,daily,67.38,68.25,67.38,68.25,57400.0,0.508653168485814,0.5152208184796202,0.508653168485814,0.5152208184796202,2755200.0
1977-04-19,False,daily,67.38,67.5,67.0,67.13,22500.0,0.508653168485814,0.5095590512435804,0.5057845397528872,0.5067659127404675,1080000.0
1977-04-18,False,daily,67.75,68.0,67.38,67.38,17600.0,0.511446306988927,0.5133335627342736,0.508653168485814,0.508653168485814,844800.0
1977-04-15,False,daily,67.75,68.12,67.62,67.75,42000.0,0.511446306988927,0.51423944549204,0.5104649340013468,0.511446306988927,2016000.0
1977-04-14,False,daily,67.75,68.25,67.75,67.75,37700.0,0.511446306988927,0.5152208184796202,0.511446306988927,0.511446306988927,1809600.0
1977-04-13,False,daily,66.75,67.25,66.62,67.25,39200.0,0.5038972840075406,0.5076717954982338,0.5029159110199605,0.5076717954982338,1881600.0
1977-04-12,False,daily,66.37,66.88,66.37,66.75,29600.0,0.5010286552746138,0.5048786569951208,0.5010286552746138,0.5038972840075406,1420800.0
1977-04-11,False,daily,66.5,66.62,66.0,66.12,49600.0,0.502010028262194,0.5029159110199605,0.49823551677150085,0.4991413995292672,2380800.0
1977-04-07,False,daily,66.37,66.88,66.25,66.5,35000.0,0.5010286552746138,0.5048786569951208,0.5001227725168474,0.502010028262194,1680000.0
1977-04-06,False,daily,66.75,66.88,66.25,66.37,31000.0,0.5038972840075406,0.5048786569951208,0.5001227725168474,0.5010286552746138,1488000.0
1977-04-05,False,daily,66.5,66.75,66.25,66.75,28400.0,0.502010028262194,0.5038972840075406,0.5001227725168474,0.5038972840075406,1363200.0
1977-04-04,False,daily,67.62,67.62,66.5,66.5,21200.0,0.5104649340013468,0.5104649340013468,0.502010028262194,0.502010028262194,1017600.0
1977-04-01,False,daily,67.25,68.0,67.25,67.62,35600.0,0.5076717954982338,0.5133335627342736,0.5076717954982338,0.5104649340013468,1708800.0
1977-03-31,False,daily,67.5,67.75,66.62,67.0,39000.0,0.5095590512435804,0.511446306988927,0.5029159110199605,0.5057845397528872,1872000.0
1977-03-30,False,daily,69.0,69.37,67.25,67.5,40200.0,0.5208825857156599,0.523675724218773,0.5076717954982338,0.5095590512435804,1929600.0
1977-03-29,False,daily,68.63,69.0,68.25,69.0,29400.0,0.518089447212547,0.5208825857156599,0.5152208184796202,0.5208825857156599,1411200.0
1977-03-28,False,daily,68.75,68.75,68.38,68.63,37100.0,0.5189953299703134,0.5189953299703134,0.5162021914672004,0.518089447212547,1780800.0
1977-03-25,False,daily,69.88,69.88,69.0,69.0,45000.0,0.5275257259392799,0.5275257259392799,0.5208825857156599,0.5208825857156599,2160000.0
1977-03-24,False,daily,70.25,70.87,69.88,70.0,43700.0,0.530318864442393,0.5349992586908525,0.5275257259392799,0.5284316086970463,2097600.0
1977-03-23,False,daily,71.5,71.5,70.0,70.25,37400.0,0.5397551431691259,0.5397551431691259,0.5284316086970463,0.530318864442393,1795200.0
1977-03-22,False,daily,71.63,71.63,71.25,71.5,26200.0,0.5407365161567061,0.5407365161567061,0.5378678874237793,0.5397551431691259,1257600.0
1977-03-21,False,daily,71.75,72.0,71.5,72.0,41800.0,0.5416423989144725,0.5435296546598191,0.5397551431691259,0.5435296546598191,2006400.0
1977-03-18,False,daily,72.12,72.12,71.75,71.75,33500.0,0.5444355374175855,0.5444355374175855,0.5416423989144725,0.5416423989144725,1608000.0
1977-03-17,False,daily,72.0,72.37,71.88,72.37,32200.0,0.5435296546598191,0.5463227931629321,0.5426237719020527,0.5463227931629321,1545600.0
1977-03-16,False,daily,72.0,72.25,71.75,72.0,29000.0,0.5435296546598191,0.5454169104051657,0.5416423989144725,0.5435296546598191,1392000.0
1977-03-15,False,daily,71.75,72.37,71.75,72.0,25600.0,0.5416423989144725,0.5463227931629321,0.5416423989144725,0.5435296546598191,1228800.0
1977-03-14,False,daily,70.62,71.38,70.5,71.38,36300.0,0.533112002945506,0.5388492604113595,0.5322061201877395,0.5388492604113595,1742400.0
1977-03-11,False,daily,70.25,70.87,70.25,70.62,45600.0,0.530318864442393,0.5349992586908525,0.530318864442393,0.533112002945506,2188800.0
1977-03-10,False,daily,69.37,70.25,69.0,70.25,34000.0,0.523675724218773,0.530318864442393,0.5208825857156599,0.530318864442393,1632000.0
1977-03-09,False,daily,70.13,70.13,69.25,69.37,21600.0,0.5294129816846266,0.5294129816846266,0.5227698414610066,0.523675724218773,1036800.0
1977-03-08,False,daily,70.62,71.12,70.38,70.5,33700.0,0.533112002945506,0.5368865144361992,0.5313002374299731,0.5322061201877395,1617600.0
1977-03-07,False,daily,68.88,70.62,68.88,70.62,38100.0,0.5199767029578936,0.533112002945506,0.5199767029578936,0.533112002945506,1828800.0
1977-03-04,False,daily,68.25,69.0,68.25,68.88,49900.0,0.5152208184796202,0.5208825857156599,0.5152208184796202,0.5199767029578936,2395200.0
1977-03-03,False,daily,67.87,68.5,67.5,68.0,29500.0,0.5123521897466934,0.5171080742249667,0.5095590512435804,0.5133335627342736,1416000.0
1977-03-02,False,daily,68.5,68.5,67.87,67.87,16700.0,0.5171080742249667,0.5171080742249667,0.5123521897466934,0.5123521897466934,801600.0
1977-03-01,False,daily,67.0,68.5,67.0,68.5,50100.0,0.5057845397528872,0.5171080742249667,0.5057845397528872,0.5171080742249667,2404800.0
1977-02-28,False,daily,65.88,66.5,65.63,66.5,16900.0,0.4973296340137345,0.502010028262194,0.4954423782683879,0.502010028262194,811200.0
1977-02-25,False,daily,65.5,65.88,65.25,65.88,30000.0,0.49446100528080766,0.4973296340137345,0.49257374953546107,0.4973296340137345,1440000.0
1977-02-24,False,daily,66.0,66.0,65.5,65.5,30500.0,0.49823551677150085,0.49823551677150085,0.49446100528080766,0.49446100528080766,1464000.0
1977-02-23,False,daily,66.25,66.5,65.75,66.0,16300.0,0.5001227725168474,0.502010028262194,0.49634826102615426,0.49823551677150085,782400.0
1977-02-22,False,daily,66.25,66.75,66.25,66.25,26800.0,0.5001227725168474,0.5038972840075406,0.5001227725168474,0.5001227725168474,1286400.0
1977-02-18,False,daily,66.12,66.25,65.63,66.0,23400.0,0.4991413995292672,0.5001227725168474,0.4954423782683879,0.49823551677150085,1123200.0
1977-02-17,False,daily,67.13,67.13,65.88,66.12,29800.0,0.5040926939091313,0.5040926939091313,0.49470619208600575,0.49650840043604594,1430400.0
1977-02-16,False,daily,66.62,67.62,66.37,67.13,31500.0,0.5002630011652961,0.5077722026237965,0.498385700800671,0.5040926939091313,1512000.0
1977-02-15,False,daily,66.37,67.25,66.37,66.62,55700.0,0.498385700800671,0.5049937980841513,0.498385700800671,0.5002630011652961,2673600.0
1977-02-14,False,daily,65.12,66.5,65.12,66.12,49400.0,0.4889991989775455,0.499361896990276,0.4889991989775455,0.49650840043604594,2371200.0
1977-02-11,False,daily,66.75,66.75,65.12,65.12,58000.0,0.5012391973549011,0.5012391973549011,0.4889991989775455,0.4889991989775455,2784000.0
1977-02-10,False,daily,67.5,68.0,66.88,67.0,42800.0,0.5068710984487764,0.5106256991780266,0.5022153935445062,0.5031164977195263,2054400.0
1977-02-09,False,daily,67.75,67.75,66.62,67.5,40300.0,0.5087483988134015,0.5087483988134015,0.5002630011652961,0.5068710984487764,1934400.0
1977-02-08,False,daily,68.75,69.12,68.0,68.0,14800.0,0.5162576002719019,0.5190360048115471,0.5106256991780266,0.5106256991780266,710400.0
1977-02-07,False,daily,69.25,70.0,68.5,68.75,35000.0,0.5200122010011521,0.5256441020950274,0.5143802999072769,0.5162576002719019,1680000.0
1977-02-04,False,daily,69.25,69.75,69.25,69.25,29400.0,0.5200122010011521,0.5237668017304022,0.5200122010011521,0.5200122010011521,1411200.0
1977-02-03,False,daily,69.62,69.75,68.75,69.25,44700.0,0.5227906055407973,0.5237668017304022,0.5162576002719019,0.5200122010011521,2145600.0
1977-02-02,False,daily,70.0,71.5,69.5,69.62,39700.0,0.5256441020950274,0.536907904282778,0.5218895013657772,0.5227906055407973,1905600.0
1977-02-01,False,daily,68.25,70.0,68.25,70.0,51600.0,0.5125029995426517,0.5256441020950274,0.5125029995426517,0.5256441020950274,2476800.0
1977-01-31,False,daily,67.0,67.75,67.0,67.75,42500.0,0.5031164977195263,0.5087483988134015,0.5031164977195263,0.5087483988134015,2040000.0
1977-01-28,False,daily,66.12,67.87,66.12,66.88,64100.0,0.49650840043604594,0.5096495029884216,0.49650840043604594,0.5022153935445062,3076800.0
1977-01-27,False,daily,68.75,69.25,65.5,66.0,62500.0,0.5162576002719019,0.5200122010011521,0.49185269553177563,0.49560729626102584,3000000.0
1977-01-26,False,daily,70.5,70.75,68.75,68.75,47400.0,0.5293987028242776,0.5312760031889027,0.5162576002719019,0.5162576002719019,2275200.0
1977-01-25,False,daily,70.75,71.12,70.5,70.5,21000.0,0.5312760031889027,0.5340544077285478,0.5293987028242776,0.5293987028242776,1008000.0
1977-01-24,False,daily,71.12,71.12,70.5,70.75,36000.0,0.5340544077285478,0.5340544077285478,0.5293987028242776,0.5312760031889027,1728000.0
1977-01-21,False,daily,71.12,71.5,70.87,71.12,40000.0,0.5340544077285478,0.536907904282778,0.5321771073639228,0.5340544077285478,1920000.0
1977-01-20,False,daily,72.5,72.5,70.87,71.12,56100.0,0.5444171057412783,0.5444171057412783,0.5321771073639228,0.5340544077285478,2692800.0
1977-01-19,False,daily,72.5,72.5,72.0,72.5,46800.0,0.5444171057412783,0.5444171057412783,0.5406625050120282,0.5444171057412783,2246400.0
1977-01-18,False,daily,72.75,73.0,72.12,72.5,33000.0,0.5462944061059035,0.5481717064705286,0.5415636091870483,0.5444171057412783,1584000.0
1977-01-17,False,daily,73.5,73.5,72.75,72.75,31000.0,0.5519263071997788,0.5519263071997788,0.5462944061059035,0.5462944061059035,1488000.0
1977-01-14,False,daily,75.12,75.12,73.5,73.75,50000.0,0.5640912135625494,0.5640912135625494,0.5519263071997788,0.5538036075644038,2400000.0
1977-01-13,False,daily,74.75,75.37,74.75,75.25,34000.0,0.5613128090229043,0.5659685139271745,0.5613128090229043,0.5650674097521544,1632000.0
1977-01-12,False,daily,75.25,75.25,74.38,74.63,40800.0,0.5650674097521544,0.5650674097521544,0.5585344044832591,0.5604117048478842,1958400.0
1977-01-11,False,daily,76.87,77.12,75.62,76.0,15000.0,0.5772323161149251,0.5791096164795502,0.5678458142917996,0.5706993108460298,720000.0
1977-01-10,False,daily,76.87,76.87,76.25,76.87,30500.0,0.5772323161149251,0.5772323161149251,0.5725766112106548,0.5772323161149251,1464000.0
1977-01-07,False,daily,77.12,77.5,76.75,76.87,20100.0,0.5791096164795502,0.5819631130337803,0.576331211939905,0.5772323161149251,964800.0
1977-01-06,False,daily,76.87,77.88,76.87,77.12,39800.0,0.5772323161149251,0.5848166095880104,0.5772323161149251,0.5791096164795502,1910400.0
1977-01-05,False,daily,77.0,77.38,76.25,76.75,21600.0,0.5782085123045302,0.5810620088587602,0.5725766112106548,0.576331211939905,1036800.0
1977-01-04,False,daily,78.0,78.0,77.0,77.0,20800.0,0.5857177137630305,0.5857177137630305,0.5782085123045302,0.5782085123045302,998400.0
1977-01-03,False,daily,76.87,78.12,76.87,78.12,18000.0,0.5772323161149251,0.5866188179380506,0.5772323161149251,0.5866188179380506,864000.0
1978-12-29,False,daily,74.5,75.0,73.62,73.75,30800.0,0.5836845734619779,0.5876019195925952,0.5767900442720915,0.5778085542660519,1478400.0
1978-12-28,False,daily,75.12,75.25,74.5,74.5,22300.0,0.5885420826639434,0.5895605926579038,0.5836845734619779,0.5836845734619779,1070400.0
1978-12-27,False,daily,76.25,76.25,75.0,75.12,19300.0,0.5973952849191384,0.5973952849191384,0.5876019195925952,0.5885420826639434,926400.0
1978-12-26,False,daily,74.75,76.75,74.25,76.75,20400.0,0.5856432465272865,0.6013126310497557,0.5817259003966693,0.6013126310497557,979200.0
1978-12-22,False,daily,73.0,75.0,73.0,74.75,20700.0,0.571932535070126,0.5876019195925952,0.571932535070126,0.5856432465272865,993600.0
1978-12-21,False,daily,72.0,72.12,71.63,72.0,52600.0,0.5640978428088914,0.5650380058802396,0.5611990066722345,0.5640978428088914,2524800.0
1978-12-20,False,daily,72.0,72.25,71.75,72.0,34700.0,0.5640978428088914,0.5660565158742,0.5621391697435827,0.5640978428088914,1665600.0
1978-12-19,False,daily,71.5,72.25,71.5,72.0,63200.0,0.5601804966782741,0.5660565158742,0.5601804966782741,0.5640978428088914,3033600.0
1978-12-18,False,daily,72.12,72.12,71.25,71.38,66700.0,0.5650380058802396,0.5650380058802396,0.5582218236129655,0.5592403336069259,3201600.0
1978-12-15,False,daily,73.25,73.62,73.25,73.38,11300.0,0.5738912081354346,0.5767900442720915,0.5738912081354346,0.5749097181293951,542400.0
1978-12-14,False,daily,73.5,73.5,73.0,73.25,30300.0,0.5758498812007433,0.5758498812007433,0.571932535070126,0.5738912081354346,1454400.0
1978-12-13,False,daily,74.0,74.0,73.25,73.62,44900.0,0.5797672273313605,0.5797672273313605,0.5738912081354346,0.5767900442720915,2155200.0
1978-12-12,False,daily,75.5,75.5,74.38,74.38,38700.0,0.5915192657232125,0.5915192657232125,0.5827444103906297,0.5827444103906297,1857600.0
1978-12-11,False,daily,75.5,75.5,74.63,75.5,33300.0,0.5915192657232125,0.5915192657232125,0.5847030834559384,0.5915192657232125,1598400.0
1978-12-08,False,daily,75.88,75.88,75.5,75.5,12600.0,0.5944964487824816,0.5944964487824816,0.5915192657232125,0.5915192657232125,604800.0
1978-12-07,False,daily,76.75,76.87,76.0,76.0,15900.0,0.6013126310497557,0.6022527941211039,0.5954366118538298,0.5954366118538298,763200.0
1978-12-06,False,daily,76.62,77.12,76.5,76.75,49200.0,0.6002941210557953,0.6042114671864126,0.5993539579844471,0.6013126310497557,2361600.0
1978-12-05,False,daily,76.75,76.87,76.25,76.62,59500.0,0.6013126310497557,0.6022527941211039,0.5973952849191384,0.6002941210557953,2856000.0
1978-12-04,False,daily,78.0,78.25,76.75,76.75,34000.0,0.611105996376299,0.6130646694416076,0.6013126310497557,0.6013126310497557,1632000.0
1978-12-01,False,daily,77.75,78.0,77.75,78.0,15200.0,0.6091473233109903,0.611105996376299,0.6091473233109903,0.611105996376299,729600.0
1978-11-30,False,daily,77.0,77.38,77.0,77.38,17800.0,0.6032713041150644,0.6062484871743336,0.6032713041150644,0.6062484871743336,854400.0
1978-11-29,False,daily,77.0,77.0,76.25,76.75,33300.0,0.6032713041150644,0.6032713041150644,0.5973952849191384,0.6013126310497557,1598400.0
1978-11-28,False,daily,78.0,78.12,77.25,77.5,20600.0,0.611105996376299,0.6120461594476472,0.6052299771803731,0.6071886502456817,988800.0
1978-11-27,False,daily,78.5,78.5,77.5,78.0,12300.0,0.6150233425069163,0.6150233425069163,0.6071886502456817,0.611105996376299,590400.0
1978-11-24,False,daily,78.62,78.75,78.37,78.5,12400.0,0.6159635055782645,0.616982015572225,0.6140048325129558,0.6150233425069163,595200.0
1978-11-22,False,daily,78.37,78.75,78.25,78.62,38300.0,0.6140048325129558,0.616982015572225,0.6130646694416076,0.6159635055782645,1838400.0
1978-11-21,False,daily,78.0,78.75,78.0,78.37,18200.0,0.611105996376299,0.616982015572225,0.611105996376299,0.6140048325129558,873600.0
1978-11-20,False,daily,77.75,78.5,77.63,78.0,24900.0,0.6091473233109903,0.6150233425069163,0.6082071602396422,0.611105996376299,1195200.0
1978-11-17,False,daily,77.63,78.75,77.63,77.75,60800.0,0.6082071602396422,0.616982015572225,0.6082071602396422,0.6091473233109903,2918400.0
1978-11-16,False,daily,76.0,77.38,75.88,77.38,33200.0,0.5954366118538298,0.6062484871743336,0.5944964487824816,0.6062484871743336,1593600.0
1978-11-15,False,daily,75.62,76.75,75.62,76.0,33700.0,0.5924594287945607,0.6013126310497557,0.5924594287945607,0.5954366118538298,1617600.0
1978-11-14,False,daily,75.0,75.12,74.38,74.63,19900.0,0.5876019195925952,0.5885420826639434,0.5827444103906297,0.5847030834559384,955200.0
1978-11-13,False,daily,75.88,75.88,75.0,75.0,12700.0,0.5944964487824816,0.5944964487824816,0.5876019195925952,0.5876019195925952,609600.0
1978-11-10,False,daily,76.0,76.75,75.88,76.25,9000.0,0.5920814834476266,0.5979243928237544,0.591146617947446,0.5940291199063358,432000.0
1978-11-09,False,daily,75.88,76.5,75.88,76.0,29700.0,0.591146617947446,0.5959767563650451,0.591146617947446,0.5920814834476266,1425600.0
1978-11-08,False,daily,76.13,76.13,75.0,75.62,38300.0,0.5930942544061553,0.5930942544061553,0.5842909376127893,0.5891210760303884,1838400.0
1978-11-07,False,daily,76.13,76.13,75.5,76.13,36300.0,0.5930942544061553,0.5930942544061553,0.5881862105302079,0.5930942544061553,1742400.0
1978-11-06,False,daily,76.75,77.0,76.38,76.62,13600.0,0.5979243928237544,0.5998720292824637,0.5950418908648646,0.5969116218652256,652800.0
1978-11-03,False,daily,76.5,77.12,76.13,76.75,50300.0,0.5959767563650451,0.6008068947826442,0.5930942544061553,0.5979243928237544,2414400.0
1978-11-02,False,daily,77.5,78.0,76.5,76.5,31200.0,0.6037673021998823,0.6076625751173009,0.5959767563650451,0.5959767563650451,1497600.0
1978-11-01,False,daily,75.25,77.75,75.25,77.5,79700.0,0.5862385740714986,0.6057149386585916,0.5862385740714986,0.6037673021998823,3825600.0
1978-10-31,False,daily,74.38,75.0,73.38,73.5,66400.0,0.5794607991951902,0.5842909376127893,0.571670253360353,0.5726051188605336,3187200.0
1978-10-30,False,daily,73.75,74.5,71.5,74.38,83300.0,0.5745527553192429,0.5803956646953707,0.5570240271908592,0.5794607991951902,3998400.0
1978-10-27,False,daily,73.75,74.25,73.5,73.75,48000.0,0.5745527553192429,0.5784480282366614,0.5726051188605336,0.5745527553192429,2304000.0
1978-10-26,False,daily,74.75,74.75,73.62,73.75,73400.0,0.5823433011540801,0.5823433011540801,0.5735399843607141,0.5745527553192429,3523200.0
1978-10-25,False,daily,75.5,76.0,75.0,75.25,43500.0,0.5881862105302079,0.5920814834476266,0.5842909376127893,0.5862385740714986,2088000.0
1978-10-24,False,daily,76.25,76.75,75.25,75.5,42800.0,0.5940291199063358,0.5979243928237544,0.5862385740714986,0.5881862105302079,2054400.0
1978-10-23,False,daily,77.12,77.12,75.62,76.25,57200.0,0.6008068947826442,0.6008068947826442,0.5891210760303884,0.5940291199063358,2745600.0
1978-10-20,False,daily,78.25,78.25,77.0,77.38,102800.0,0.6096102115760101,0.6096102115760101,0.5998720292824637,0.6028324366997018,4934400.0
1978-10-19,False,daily,80.0,80.25,78.5,78.5,36700.0,0.6232436667869753,0.6251913032456846,0.6115578480347195,0.6115578480347195,1761600.0
1978-10-18,False,daily,80.38,80.5,80.0,80.0,49500.0,0.6262040742042134,0.6271389397043938,0.6232436667869753,0.6232436667869753,2376000.0
1978-10-17,False,daily,80.5,80.5,80.12,80.38,53800.0,0.6271389397043938,0.6271389397043938,0.6241785322871558,0.6262040742042134,2582400.0
1978-10-16,False,daily,81.5,81.5,80.25,80.63,46000.0,0.6349294855392311,0.6349294855392311,0.6251913032456846,0.6281517106629226,2208000.0
1978-10-13,False,daily,82.13,82.25,81.75,81.75,28200.0,0.6398375294151785,0.640772394915359,0.6368771219979403,0.6368771219979403,1353600.0
1978-10-12,False,daily,82.5,82.5,82.13,82.13,35300.0,0.6427200313740683,0.6427200313740683,0.6398375294151785,0.6398375294151785,1694400.0
1978-10-11,False,daily,82.13,82.75,81.88,82.75,29000.0,0.6398375294151785,0.6446676678327775,0.6378898929564691,0.6446676678327775,1392000.0
1978-10-10,False,daily,82.62,82.62,81.75,82.13,35800.0,0.6436548968742487,0.6436548968742487,0.6368771219979403,0.6398375294151785,1718400.0
1978-10-09,False,daily,82.25,82.75,82.0,82.62,20200.0,0.640772394915359,0.6446676678327775,0.6388247584566497,0.6436548968742487,969600.0
1978-10-06,False,daily,83.25,83.25,82.0,82.25,51400.0,0.6485629407501962,0.6485629407501962,0.6388247584566497,0.640772394915359,2467200.0
1978-10-05,False,daily,84.25,85.0,83.5,83.5,60600.0,0.6563534865850333,0.6621963959611612,0.6505105772089055,0.6505105772089055,2908800.0
1978-10-04,False,daily,83.38,84.37,83.12,84.25,20200.0,0.649575711708725,0.6572883520852139,0.6475501697916674,0.6563534865850333,969600.0
1978-10-03,False,daily,83.25,83.88,83.0,83.38,42000.0,0.6485629407501962,0.6534709846261435,0.6466153042914868,0.649575711708725,2016000.0
1978-10-02,False,daily,83.12,83.25,82.62,83.25,29300.0,0.6475501697916674,0.6485629407501962,0.6436548968742487,0.6485629407501962,1406400.0
1978-09-29,False,daily,82.62,83.75,82.25,83.12,35600.0,0.6436548968742487,0.6524582136676147,0.640772394915359,0.6475501697916674,1708800.0
1978-09-28,False,daily,82.25,82.62,81.88,82.62,47000.0,0.640772394915359,0.6436548968742487,0.6378898929564691,0.6436548968742487,2256000.0
1978-09-27,False,daily,82.75,83.25,82.25,82.25,28000.0,0.6446676678327775,0.6485629407501962,0.640772394915359,0.640772394915359,1344000.0
1978-09-26,False,daily,82.75,83.5,82.25,82.75,44300.0,0.6446676678327775,0.6505105772089055,0.640772394915359,0.6446676678327775,2126400.0
1978-09-25,False,daily,83.0,83.0,82.5,82.75,5600.0,0.6466153042914868,0.6466153042914868,0.6427200313740683,0.6446676678327775,268800.0
1978-09-22,False,daily,82.62,83.0,82.13,83.0,14800.0,0.6436548968742487,0.6466153042914868,0.6398375294151785,0.6466153042914868,710400.0
1978-09-21,False,daily,83.25,83.75,81.88,82.62,28400.0,0.6485629407501962,0.6524582136676147,0.6378898929564691,0.6436548968742487,1363200.0
1978-09-20,False,daily,83.88,84.37,83.0,83.25,56800.0,0.6534709846261435,0.6572883520852139,0.6466153042914868,0.6485629407501962,2726400.0
1978-09-19,False,daily,84.75,84.88,83.75,83.88,26900.0,0.660248759502452,0.6612615304609807,0.6524582136676147,0.6534709846261435,1291200.0
1978-09-18,False,daily,85.0,85.5,84.62,84.75,42700.0,0.6621963959611612,0.6660916688785798,0.6592359885439232,0.660248759502452,2049600.0
1978-09-15,False,daily,85.5,85.5,84.5,85.0,50700.0,0.6660916688785798,0.6660916688785798,0.6583011230437427,0.6621963959611612,2433600.0
1978-09-14,False,daily,87.12,87.12,86.0,86.0,19800.0,0.6787123531310161,0.6787123531310161,0.6699869417959984,0.6699869417959984,950400.0
1978-09-13,False,daily,88.25,88.38,86.88,87.12,21600.0,0.6875156699243821,0.6885284408829109,0.6768426221306552,0.6787123531310161,1036800.0
1978-09-12,False,daily,88.75,88.75,87.37,88.25,41500.0,0.6914109428418007,0.6914109428418007,0.6806599895897254,0.6875156699243821,1992000.0
1978-09-11,False,daily,88.25,89.0,88.0,88.75,19300.0,0.6875156699243821,0.69335857930051,0.6855680334656729,0.6914109428418007,926400.0
1978-09-08,False,daily,86.25,88.25,86.25,88.25,27800.0,0.6719345782547077,0.6875156699243821,0.6719345782547077,0.6875156699243821,1334400.0
1978-09-07,False,daily,86.63,86.63,85.87,85.87,16900.0,0.6748949856719458,0.6748949856719458,0.6689741708374696,0.6689741708374696,811200.0
1978-09-06,False,daily,85.0,86.88,85.0,86.88,37400.0,0.6621963959611612,0.6768426221306552,0.6621963959611612,0.6768426221306552,1795200.0
1978-09-05,False,daily,85.0,85.25,83.12,85.0,27700.0,0.6621963959611612,0.6641440324198705,0.6475501697916674,0.6621963959611612,1329600.0
1978-09-01,False,daily,84.62,85.25,84.62,85.0,29000.0,0.6592359885439232,0.6641440324198705,0.6592359885439232,0.6621963959611612,1392000.0
1978-08-31,False,daily,85.75,85.87,84.5,84.5,16500.0,0.6680393053372892,0.6689741708374696,0.6583011230437427,0.6583011230437427,792000.0
1978-08-30,False,daily,85.75,86.38,85.25,85.75,20800.0,0.6680393053372892,0.6729473492132365,0.6641440324198705,0.6680393053372892,998400.0
1978-08-29,False,daily,85.62,86.5,85.5,85.75,20500.0,0.6670265343787604,0.673882214713417,0.6660916688785798,0.6680393053372892,984000.0
1978-08-28,False,daily,86.5,86.75,85.62,85.62,8000.0,0.673882214713417,0.6758298511721264,0.6670265343787604,0.6670265343787604,384000.0
1978-08-25,False,daily,86.38,86.88,86.25,86.5,35600.0,0.6729473492132365,0.6768426221306552,0.6719345782547077,0.673882214713417,1708800.0
1978-08-24,False,daily,86.25,86.5,85.25,86.38,38600.0,0.6719345782547077,0.673882214713417,0.6641440324198705,0.6729473492132365,1852800.0
1978-08-23,False,daily,85.75,86.38,85.75,86.25,66700.0,0.6680393053372892,0.6729473492132365,0.6680393053372892,0.6719345782547077,3201600.0
1978-08-22,False,daily,84.5,85.0,83.75,85.0,35500.0,0.6583011230437427,0.6621963959611612,0.6524582136676147,0.6621963959611612,1704000.0
1978-08-21,False,daily,86.12,86.12,84.25,84.5,26400.0,0.6709218072961789,0.6709218072961789,0.6563534865850333,0.6583011230437427,1267200.0
1978-08-18,False,daily,86.88,87.0,85.87,86.12,10600.0,0.6768426221306552,0.6777774876308356,0.6689741708374696,0.6709218072961789,508800.0
1978-08-17,False,daily,86.75,87.88,86.75,86.88,52400.0,0.6758298511721264,0.6846331679654923,0.6758298511721264,0.6768426221306552,2515200.0
1978-08-16,False,daily,86.12,86.88,86.12,86.63,24500.0,0.6709218072961789,0.6768426221306552,0.6709218072961789,0.6748949856719458,1176000.0
1978-08-15,False,daily,85.87,86.0,85.38,85.87,26000.0,0.6689741708374696,0.6699869417959984,0.6651568033783993,0.6689741708374696,1248000.0
1978-08-14,False,daily,87.12,87.12,85.75,85.87,20900.0,0.6787123531310161,0.6787123531310161,0.6680393053372892,0.6689741708374696,1003200.0
1978-08-11,False,daily,87.25,87.5,86.5,87.12,35400.0,0.676377500499093,0.6783155449131304,0.6705633672569804,0.6753697174037935,1699200.0
1978-08-10,False,daily,86.88,87.75,86.63,87.25,30200.0,0.6735091947663173,0.680253589327168,0.6715711503522799,0.676377500499093,1449600.0
1978-08-09,False,daily,86.5,88.5,86.5,86.88,111700.0,0.6705633672569804,0.6860677225692805,0.6705633672569804,0.6735091947663173,5361600.0
1978-08-08,False,daily,85.62,85.87,85.5,85.87,13800.0,0.6637414509195684,0.6656794953336058,0.6628111896008303,0.6656794953336058,662400.0
1978-08-07,False,daily,85.5,86.0,85.5,85.62,21300.0,0.6628111896008303,0.6666872784289053,0.6628111896008303,0.6637414509195684,1022400.0
1978-08-04,False,daily,84.75,85.62,84.62,85.0,34900.0,0.6569970563587177,0.6637414509195684,0.6559892732634183,0.6589351007727553,1675200.0
1978-08-03,False,daily,86.0,86.38,84.62,84.75,51200.0,0.6666872784289053,0.6696331059382423,0.6559892732634183,0.6569970563587177,2457600.0
1978-08-02,False,daily,84.75,86.0,84.37,86.0,99300.0,0.6569970563587177,0.6666872784289053,0.6540512288493808,0.6666872784289053,4766400.0
1978-08-01,False,daily,84.88,84.88,84.25,84.75,37400.0,0.6580048394540172,0.6580048394540172,0.6531209675306427,0.6569970563587177,1795200.0
1978-07-31,False,daily,83.75,84.88,83.63,84.88,55300.0,0.6492448787025678,0.6580048394540172,0.6483146173838297,0.6580048394540172,2654400.0
1978-07-28,False,daily,82.87,84.12,82.87,83.75,60800.0,0.6424229623651557,0.6521131844353433,0.6424229623651557,0.6492448787025678,2918400.0
1978-07-27,False,daily,82.38,82.75,82.13,82.62,27300.0,0.6386243953136421,0.6414927010464176,0.6366863508996046,0.6404849179511182,1310400.0
1978-07-26,False,daily,82.75,83.75,82.38,82.38,51200.0,0.6414927010464176,0.6492448787025678,0.6386243953136421,0.6386243953136421,2457600.0
1978-07-25,False,daily,82.62,82.75,81.88,82.75,17700.0,0.6404849179511182,0.6414927010464176,0.634748306485567,0.6414927010464176,849600.0
1978-07-24,False,daily,82.75,82.75,82.25,82.62,71400.0,0.6414927010464176,0.6414927010464176,0.6376166122183426,0.6404849179511182,3427200.0
1978-07-21,False,daily,83.25,83.25,82.25,82.87,28300.0,0.6453687898744926,0.6453687898744926,0.6376166122183426,0.6424229623651557,1358400.0
1978-07-20,False,daily,83.0,83.75,82.62,83.5,79900.0,0.6434307454604552,0.6492448787025678,0.6404849179511182,0.6473068342885302,3835200.0
1978-07-19,False,daily,81.88,83.12,81.62,83.0,38700.0,0.634748306485567,0.6443610067791932,0.6327327402949681,0.6434307454604552,1857600.0
1978-07-18,False,daily,82.75,82.75,81.62,81.88,9700.0,0.6414927010464176,0.6414927010464176,0.6327327402949681,0.634748306485567,465600.0
1978-07-17,False,daily,82.5,83.38,82.5,82.87,30900.0,0.6395546566323801,0.6463765729697921,0.6395546566323801,0.6424229623651557,1483200.0
1978-07-14,False,daily,81.5,82.75,81.5,82.38,64100.0,0.6318024789762301,0.6414927010464176,0.6318024789762301,0.6386243953136421,3076800.0
1978-07-13,False,daily,81.5,81.75,80.88,81.37,11900.0,0.6318024789762301,0.6337405233902675,0.626996128829417,0.6307946958809306,571200.0
1978-07-12,False,daily,82.62,82.62,81.5,81.5,19700.0,0.6404849179511182,0.6404849179511182,0.6318024789762301,0.6318024789762301,945600.0
1978-07-11,False,daily,83.88,84.0,82.38,82.62,60800.0,0.6502526617978672,0.6511829231166052,0.6386243953136421,0.6404849179511182,2918400.0
1978-07-10,False,daily,81.75,83.88,81.75,83.88,58500.0,0.6337405233902675,0.6502526617978672,0.6337405233902675,0.6502526617978672,2808000.0
1978-07-07,False,daily,80.5,81.25,80.5,81.25,16500.0,0.62405030132008,0.6298644345621925,0.62405030132008,0.6298644345621925,792000.0
1978-07-06,False,daily,80.63,80.75,80.0,80.12,37000.0,0.6250580844153795,0.6259883457341175,0.620174212492005,0.621104473810743,1776000.0
1978-07-05,False,daily,81.5,82.0,80.5,80.63,29100.0,0.6318024789762301,0.6356785678043051,0.62405030132008,0.6250580844153795,1396800.0
1978-07-03,False,daily,81.5,81.88,81.5,81.5,24000.0,0.6318024789762301,0.634748306485567,0.6318024789762301,0.6318024789762301,1152000.0
1978-06-30,False,daily,81.12,81.75,81.12,81.37,72600.0,0.6288566514668931,0.6337405233902675,0.6288566514668931,0.6307946958809306,3484800.0
1978-06-29,False,daily,81.12,81.5,80.88,81.12,51000.0,0.6288566514668931,0.6318024789762301,0.626996128829417,0.6288566514668931,2448000.0
1978-06-28,False,daily,80.75,81.12,80.75,81.12,25500.0,0.6259883457341175,0.6288566514668931,0.6259883457341175,0.6288566514668931,1224000.0
1978-06-27,False,daily,81.0,81.0,80.38,80.75,74900.0,0.627926390148155,0.627926390148155,0.6231200400013419,0.6259883457341175,3595200.0
1978-06-26,False,daily,81.75,81.75,81.25,81.25,26900.0,0.6337405233902675,0.6337405233902675,0.6298644345621925,0.6298644345621925,1291200.0
1978-06-23,False,daily,81.88,82.5,81.88,82.0,17200.0,0.634748306485567,0.6395546566323801,0.634748306485567,0.6356785678043051,825600.0
1978-06-22,False,daily,81.12,81.75,81.12,81.75,19000.0,0.6288566514668931,0.6337405233902675,0.6288566514668931,0.6337405233902675,912000.0
1978-06-21,False,daily,81.25,81.5,80.88,80.88,30300.0,0.6298644345621925,0.6318024789762301,0.626996128829417,0.626996128829417,1454400.0
1978-06-20,False,daily,81.75,82.5,81.0,81.25,38600.0,0.6337405233902675,0.6395546566323801,0.627926390148155,0.6298644345621925,1852800.0
1978-06-19,False,daily,81.75,81.88,81.5,81.75,17900.0,0.6337405233902675,0.634748306485567,0.6318024789762301,0.6337405233902675,859200.0
1978-06-16,False,daily,82.38,82.62,81.62,81.75,31000.0,0.6386243953136421,0.6404849179511182,0.6327327402949681,0.6337405233902675,1488000.0
1978-06-15,False,daily,83.38,83.38,82.25,82.38,31300.0,0.6463765729697921,0.6463765729697921,0.6376166122183426,0.6386243953136421,1502400.0
1978-06-14,False,daily,82.25,83.38,82.25,83.38,186700.0,0.6376166122183426,0.6463765729697921,0.6376166122183426,0.6463765729697921,8961600.0
1978-06-13,False,daily,81.62,82.0,80.75,82.0,48600.0,0.6327327402949681,0.6356785678043051,0.6259883457341175,0.6356785678043051,2332800.0
1978-06-12,False,daily,81.75,82.13,81.5,81.62,64800.0,0.6337405233902675,0.6366863508996046,0.6318024789762301,0.6327327402949681,3110400.0
1978-06-09,False,daily,82.13,82.38,81.5,81.75,25900.0,0.6366863508996046,0.6386243953136421,0.6318024789762301,0.6337405233902675,1243200.0
1978-06-08,False,daily,81.88,82.75,81.75,82.13,36800.0,0.634748306485567,0.6414927010464176,0.6337405233902675,0.6366863508996046,1766400.0
1978-06-07,False,daily,81.88,82.25,81.5,81.88,55700.0,0.634748306485567,0.6376166122183426,0.6318024789762301,0.634748306485567,2673600.0
1978-06-06,False,daily,82.0,83.12,81.88,81.88,92400.0,0.6356785678043051,0.6443610067791932,0.634748306485567,0.634748306485567,4435200.0
1978-06-05,False,daily,80.0,82.0,80.0,82.0,62600.0,0.620174212492005,0.6356785678043051,0.620174212492005,0.6356785678043051,3004800.0
1978-06-02,False,daily,79.0,80.38,79.0,80.0,121500.0,0.6124220348358549,0.6231200400013419,0.6124220348358549,0.620174212492005,5832000.0
1978-06-01,False,daily,77.25,78.37,77.25,78.25,54100.0,0.5988557239375923,0.6075381629124804,0.5988557239375923,0.6066079015937423,2596800.0
1978-05-31,False,daily,77.25,77.75,76.75,76.87,33300.0,0.5988557239375923,0.6027318127656673,0.5949796351095172,0.5959098964282553,1598400.0
1978-05-30,False,daily,76.38,77.25,76.25,77.25,26800.0,0.5921113293767417,0.5988557239375923,0.5911035462814422,0.5988557239375923,1286400.0
1978-05-26,False,daily,76.5,76.5,75.62,76.38,29600.0,0.5930415906954798,0.5930415906954798,0.5862196743580678,0.5921113293767417,1420800.0
1978-05-25,False,daily,76.5,77.5,76.38,76.62,28000.0,0.5930415906954798,0.6007937683516298,0.5921113293767417,0.5939718520142178,1344000.0
1978-05-24,False,daily,77.25,77.25,76.0,76.5,45500.0,0.5988557239375923,0.5988557239375923,0.5891655018674047,0.5930415906954798,2184000.0
1978-05-23,False,daily,77.88,78.37,77.38,77.5,34600.0,0.6037395958609668,0.6075381629124804,0.5998635070328918,0.6007937683516298,1660800.0
1978-05-22,False,daily,75.37,77.88,75.0,77.88,44400.0,0.5842816299440302,0.6037395958609668,0.5814133242112547,0.6037395958609668,2131200.0
1978-05-19,False,daily,76.75,76.75,74.75,75.37,40700.0,0.5949796351095172,0.5949796351095172,0.5794752797972171,0.5842816299440302,1953600.0
1978-05-18,False,daily,78.5,78.5,77.12,77.12,27900.0,0.6085459460077799,0.6085459460077799,0.5978479408422929,0.5978479408422929,1339200.0
1978-05-17,False,daily,79.5,79.5,78.75,78.88,37900.0,0.6162981236639299,0.6162981236639299,0.6104839904218173,0.6114917735171168,1819200.0
1978-05-16,False,daily,78.5,79.75,78.5,79.5,51600.0,0.6085459460077799,0.6182361680779674,0.6085459460077799,0.6162981236639299,2476800.0
1978-05-15,False,daily,76.75,78.12,76.25,78.12,64000.0,0.5949796351095172,0.6056001184984429,0.5911035462814422,0.6056001184984429,3072000.0
1978-05-12,False,daily,75.37,76.75,75.37,76.75,77400.0,0.5811201340789056,0.591760253291177,0.5811201340789056,0.591760253291177,3715200.0
1978-05-11,False,daily,75.0,75.12,74.63,75.0,43900.0,0.5782673484930068,0.5791925762505956,0.5754145629071079,0.5782673484930068,2107200.0
1978-05-10,False,daily,74.63,75.25,74.5,75.0,30000.0,0.5754145629071079,0.5801949063213169,0.5744122328363868,0.5782673484930068,1440000.0
1978-05-09,False,daily,74.75,75.12,74.5,74.63,74600.0,0.5763397906646968,0.5791925762505956,0.5744122328363868,0.5754145629071079,3580800.0
1978-05-08,False,daily,74.63,75.12,74.63,74.75,42900.0,0.5754145629071079,0.5791925762505956,0.5754145629071079,0.5763397906646968,2059200.0
1978-05-05,False,daily,74.25,75.12,74.25,74.63,69100.0,0.5724846750080768,0.5791925762505956,0.5724846750080768,0.5754145629071079,3316800.0
1978-05-04,False,daily,74.5,74.5,73.0,74.0,81900.0,0.5744122328363868,0.5744122328363868,0.5628468858665266,0.5705571171797668,3931200.0
1978-05-03,False,daily,75.75,75.75,74.75,74.75,40500.0,0.5840500219779369,0.5840500219779369,0.5763397906646968,0.5763397906646968,1944000.0
1978-05-02,False,daily,76.38,76.38,75.25,75.75,65300.0,0.5889074677052781,0.5889074677052781,0.5801949063213169,0.5840500219779369,3134400.0
1978-05-01,False,daily,76.5,76.75,75.75,76.75,97800.0,0.589832695462867,0.591760253291177,0.5840500219779369,0.591760253291177,4694400.0
1978-04-28,False,daily,74.12,76.5,74.0,76.5,135700.0,0.5714823449373555,0.589832695462867,0.5705571171797668,0.589832695462867,6513600.0
1978-04-27,False,daily,74.38,74.5,73.5,74.12,65800.0,0.5734870050787979,0.5744122328363868,0.5667020015231466,0.5714823449373555,3158400.0
1978-04-26,False,daily,72.75,74.75,72.75,74.38,78900.0,0.5609193280382166,0.5763397906646968,0.5609193280382166,0.5734870050787979,3787200.0
1978-04-25,False,daily,71.75,73.13,71.75,72.75,133800.0,0.5532090967249765,0.5638492159372478,0.5532090967249765,0.5609193280382166,6422400.0
1978-04-24,False,daily,69.88,70.5,69.62,70.25,66200.0,0.5387909641692175,0.5435713075834264,0.5367863040277752,0.5416437497551164,3177600.0
1978-04-21,False,daily,69.88,70.38,69.5,69.88,43800.0,0.5387909641692175,0.5426460798258376,0.5358610762701863,0.5387909641692175,2102400.0
1978-04-20,False,daily,69.5,70.25,69.5,69.88,81700.0,0.5358610762701863,0.5416437497551164,0.5358610762701863,0.5387909641692175,3921600.0
1978-04-19,False,daily,68.5,69.12,68.0,69.0,54400.0,0.5281508449569462,0.532931188371155,0.5242957293003262,0.5320059606135663,2611200.0
1978-04-18,False,daily,68.75,69.12,68.38,68.5,42600.0,0.5300784027852562,0.532931188371155,0.5272256171993573,0.5281508449569462,2044800.0
1978-04-17,False,daily,68.75,69.75,68.75,68.75,76400.0,0.5300784027852562,0.5377886340984963,0.5300784027852562,0.5300784027852562,3667200.0
1978-04-14,False,daily,67.25,68.38,67.25,68.0,50600.0,0.5185130558153961,0.5272256171993573,0.5185130558153961,0.5242957293003262,2428800.0
1978-04-13,False,daily,65.88,66.75,65.63,66.75,36700.0,0.5079500389162571,0.5146579401587761,0.5060224810879471,0.5146579401587761,1761600.0
1978-04-12,False,daily,66.75,66.75,65.75,65.88,54600.0,0.5146579401587761,0.5146579401587761,0.506947708845536,0.5079500389162571,2620800.0
1978-04-11,False,daily,67.0,67.0,66.62,66.75,21600.0,0.5165854979870861,0.5165854979870861,0.5136556100880548,0.5146579401587761,1036800.0
1978-04-10,False,daily,67.62,67.75,66.88,67.0,41000.0,0.5213658414012949,0.5223681714720162,0.5156602702294972,0.5165854979870861,1968000.0
1978-04-07,False,daily,68.12,68.25,67.62,67.62,25700.0,0.525220957057915,0.5262232871286362,0.5213658414012949,0.5213658414012949,1233600.0
1978-04-06,False,daily,68.12,68.75,68.12,68.12,20900.0,0.525220957057915,0.5300784027852562,0.525220957057915,0.525220957057915,1003200.0
1978-04-05,False,daily,67.5,68.0,67.5,68.0,24400.0,0.5204406136437061,0.5242957293003262,0.5204406136437061,0.5242957293003262,1171200.0
1978-04-04,False,daily,67.25,67.62,67.13,67.5,34000.0,0.5185130558153961,0.5213658414012949,0.5175878280578072,0.5204406136437061,1632000.0
1978-04-03,False,daily,67.75,67.75,67.13,67.25,26700.0,0.5223681714720162,0.5223681714720162,0.5175878280578072,0.5185130558153961,1281600.0
1978-03-31,False,daily,68.25,68.25,67.75,68.0,41300.0,0.5262232871286362,0.5262232871286362,0.5223681714720162,0.5242957293003262,1982400.0
1978-03-30,False,daily,68.75,68.88,68.38,68.5,19400.0,0.5300784027852562,0.5310807328559775,0.5272256171993573,0.5281508449569462,931200.0
1978-03-29,False,daily,68.63,69.12,68.63,68.75,20200.0,0.5291531750276673,0.532931188371155,0.5291531750276673,0.5300784027852562,969600.0
1978-03-28,False,daily,67.87,68.63,67.75,68.63,62500.0,0.5232933992296049,0.5291531750276673,0.5223681714720162,0.5291531750276673,3000000.0
1978-03-27,False,daily,68.12,68.12,67.75,67.87,17100.0,0.525220957057915,0.525220957057915,0.5223681714720162,0.5232933992296049,820800.0
1978-03-23,False,daily,68.25,68.5,68.0,68.25,32400.0,0.5262232871286362,0.5281508449569462,0.5242957293003262,0.5262232871286362,1555200.0
1978-03-22,False,daily,68.75,68.75,68.25,68.25,23500.0,0.5300784027852562,0.5300784027852562,0.5262232871286362,0.5262232871286362,1128000.0
1978-03-21,False,daily,69.62,69.62,68.63,68.75,25100.0,0.5367863040277752,0.5367863040277752,0.5291531750276673,0.5300784027852562,1204800.0
1978-03-20,False,daily,69.88,70.25,69.25,69.75,30000.0,0.5387909641692175,0.5416437497551164,0.5339335184418763,0.5377886340984963,1440000.0
1978-03-17,False,daily,69.25,70.0,69.0,69.88,25100.0,0.5339335184418763,0.5397161919268063,0.5320059606135663,0.5387909641692175,1204800.0
1978-03-16,False,daily,68.75,69.25,68.25,69.25,15800.0,0.5300784027852562,0.5339335184418763,0.5262232871286362,0.5339335184418763,758400.0
1978-03-15,False,daily,69.25,69.25,68.38,68.75,34800.0,0.5339335184418763,0.5339335184418763,0.5272256171993573,0.5300784027852562,1670400.0
1978-03-14,False,daily,70.0,70.0,69.25,69.25,35200.0,0.5397161919268063,0.5397161919268063,0.5339335184418763,0.5339335184418763,1689600.0
1978-03-13,False,daily,69.75,70.75,69.75,70.0,26700.0,0.5377886340984963,0.5454988654117364,0.5377886340984963,0.5397161919268063,1281600.0
1978-03-10,False,daily,69.0,69.88,69.0,69.75,51200.0,0.5320059606135663,0.5387909641692175,0.5320059606135663,0.5377886340984963,2457600.0
1978-03-09,False,daily,68.5,69.0,68.5,68.88,39600.0,0.5281508449569462,0.5320059606135663,0.5281508449569462,0.5310807328559775,1900800.0
1978-03-08,False,daily,68.12,68.5,67.87,68.5,24700.0,0.525220957057915,0.5281508449569462,0.5232933992296049,0.5281508449569462,1185600.0
1978-03-07,False,daily,67.87,68.5,67.5,68.12,36200.0,0.5232933992296049,0.5281508449569462,0.5204406136437061,0.525220957057915,1737600.0
1978-03-06,False,daily,67.75,67.87,67.5,67.87,16800.0,0.5223681714720162,0.5232933992296049,0.5204406136437061,0.5232933992296049,806400.0
1978-03-03,False,daily,67.5,67.75,67.38,67.75,15100.0,0.5204406136437061,0.5223681714720162,0.5195153858861172,0.5223681714720162,724800.0
1978-03-02,False,daily,67.13,67.62,67.13,67.5,29800.0,0.5175878280578072,0.5213658414012949,0.5175878280578072,0.5204406136437061,1430400.0
1978-03-01,False,daily,67.0,67.25,66.62,66.88,49500.0,0.5165854979870861,0.5185130558153961,0.5136556100880548,0.5156602702294972,2376000.0
1978-02-28,False,daily,67.38,67.38,66.88,67.0,27600.0,0.5195153858861172,0.5195153858861172,0.5156602702294972,0.5165854979870861,1324800.0
1978-02-27,False,daily,68.12,68.63,67.62,67.75,30700.0,0.525220957057915,0.5291531750276673,0.5213658414012949,0.5223681714720162,1473600.0
1978-02-24,False,daily,66.62,68.5,66.62,68.12,39300.0,0.5136556100880548,0.5281508449569462,0.5136556100880548,0.525220957057915,1886400.0
1978-02-23,False,daily,66.0,66.37,65.5,66.37,27400.0,0.508875266673846,0.5117280522597448,0.505020151017226,0.5117280522597448,1315200.0
1978-02-22,False,daily,66.62,66.88,66.0,66.0,29400.0,0.5136556100880548,0.5156602702294972,0.508875266673846,0.508875266673846,1411200.0
1978-02-21,False,daily,66.75,66.88,66.5,66.62,19700.0,0.5146579401587761,0.5156602702294972,0.5127303823304661,0.5136556100880548,945600.0
1978-02-17,False,daily,68.12,68.12,66.62,66.75,25700.0,0.525220957057915,0.525220957057915,0.5136556100880548,0.5146579401587761,1233600.0
1978-02-16,False,daily,69.0,69.0,68.0,68.12,24300.0,0.5320059606135663,0.5320059606135663,0.5242957293003262,0.525220957057915,1166400.0
1978-02-15,False,daily,69.75,69.75,69.12,69.37,39800.0,0.5377886340984963,0.5377886340984963,0.532931188371155,0.5348587461994652,1910400.0
1978-02-14,False,daily,70.13,70.13,69.88,69.88,19000.0,0.5407185219975276,0.5407185219975276,0.5387909641692175,0.5387909641692175,912000.0
1978-02-13,False,daily,70.25,70.25,70.0,70.13,7400.0,0.5416437497551164,0.5416437497551164,0.5397161919268063,0.5407185219975276,355200.0
1978-02-10,False,daily,70.38,70.38,70.0,70.25,11500.0,0.5426460798258376,0.5426460798258376,0.5397161919268063,0.5416437497551164,552000.0
1978-02-09,False,daily,71.12,71.12,70.5,70.5,8100.0,0.5450541702523365,0.5450541702523365,0.5403025731550861,0.5403025731550861,388800.0
1978-02-08,False,daily,70.5,71.38,70.38,71.12,21900.0,0.5403025731550861,0.5470467754866672,0.5393829092007795,0.5450541702523365,1051200.0
1978-02-07,False,daily,70.25,70.5,70.25,70.5,12100.0,0.5383866065836141,0.5403025731550861,0.5383866065836141,0.5403025731550861,580800.0
1978-02-06,False,daily,70.25,70.25,70.13,70.25,9300.0,0.5383866065836141,0.5383866065836141,0.5374669426293076,0.5383866065836141,446400.0
1978-02-03,False,daily,70.38,70.62,70.38,70.5,10800.0,0.5393829092007795,0.5412222371093927,0.5393829092007795,0.5403025731550861,518400.0
1978-02-02,False,daily,70.25,70.75,70.25,70.38,14200.0,0.5383866065836141,0.542218539726558,0.5383866065836141,0.5393829092007795,681600.0
1978-02-01,False,daily,69.75,70.38,69.25,70.25,25800.0,0.5345546734406703,0.5393829092007795,0.5307227402977264,0.5383866065836141,1238400.0
1978-01-31,False,daily,70.13,70.62,69.5,69.75,45000.0,0.5374669426293076,0.5412222371093927,0.5326387068691983,0.5345546734406703,2160000.0
1978-01-30,False,daily,69.62,70.38,69.62,70.13,21100.0,0.5335583708235049,0.5393829092007795,0.5335583708235049,0.5374669426293076,1012800.0
1978-01-27,False,daily,69.75,70.0,69.5,69.62,31700.0,0.5345546734406703,0.5364706400121422,0.5326387068691983,0.5335583708235049,1521600.0
1978-01-26,False,daily,70.75,70.75,69.75,69.75,23900.0,0.542218539726558,0.542218539726558,0.5345546734406703,0.5345546734406703,1147200.0
1978-01-25,False,daily,70.75,70.87,70.38,70.75,31900.0,0.542218539726558,0.5431382036808646,0.5393829092007795,0.542218539726558,1531200.0
1978-01-24,False,daily,70.0,71.25,69.75,70.75,24400.0,0.5364706400121422,0.5460504728695019,0.5345546734406703,0.542218539726558,1171200.0
1978-01-23,False,daily,70.13,70.87,70.0,70.0,27100.0,0.5374669426293076,0.5431382036808646,0.5364706400121422,0.5364706400121422,1300800.0
1978-01-20,False,daily,70.75,70.87,69.88,70.13,14100.0,0.542218539726558,0.5431382036808646,0.5355509760578356,0.5374669426293076,676800.0
1978-01-19,False,daily,71.5,71.63,70.75,70.75,25500.0,0.5479664394409738,0.5489627420581392,0.542218539726558,0.542218539726558,1224000.0
1978-01-18,False,daily,70.5,71.5,70.5,71.5,31200.0,0.5403025731550861,0.5479664394409738,0.5403025731550861,0.5479664394409738,1497600.0
1978-01-17,False,daily,69.62,70.25,69.62,70.25,32500.0,0.5335583708235049,0.5383866065836141,0.5335583708235049,0.5383866065836141,1560000.0
1978-01-16,False,daily,69.75,70.13,69.37,69.37,14000.0,0.5345546734406703,0.5374669426293076,0.531642404252033,0.531642404252033,672000.0
1978-01-13,False,daily,69.75,70.62,69.62,69.75,29700.0,0.5345546734406703,0.5412222371093927,0.5335583708235049,0.5345546734406703,1425600.0
1978-01-12,False,daily,69.0,70.25,69.0,69.75,35100.0,0.5288067737262545,0.5383866065836141,0.5288067737262545,0.5345546734406703,1684800.0
1978-01-11,False,daily,69.5,70.25,68.75,68.88,50000.0,0.5326387068691983,0.5383866065836141,0.5268908071547825,0.5278871097719479,2400000.0
1978-01-10,False,daily,71.0,71.38,69.5,69.5,40300.0,0.54413450629803,0.5470467754866672,0.5326387068691983,0.5326387068691983,1934400.0
1978-01-09,False,daily,71.75,71.75,70.62,71.0,48500.0,0.5498824060124458,0.5498824060124458,0.5412222371093927,0.54413450629803,2328000.0
1978-01-06,False,daily,73.13,73.38,71.25,71.88,52900.0,0.5604585414869708,0.5623745080584428,0.5460504728695019,0.5508787086296112,2539200.0
1978-01-05,False,daily,75.25,75.75,73.13,73.13,53600.0,0.5767059380130529,0.5805378711559968,0.5604585414869708,0.5604585414869708,2572800.0
1978-01-04,False,daily,75.0,75.5,74.25,75.25,57400.0,0.574789971441581,0.5786219045845248,0.5690420717271651,0.5767059380130529,2755200.0
1978-01-03,False,daily,76.62,76.62,74.75,75.0,30900.0,0.5872054348247191,0.5872054348247191,0.572874004870109,0.574789971441581,1483200.0
1979-12-31,False,daily,79.13,79.25,79.13,79.25,14900.0,0.6374216885984407,0.6383883333934844,0.6374216885984407,0.6383883333934844,715200.0
1979-12-28,False,daily,79.25,79.87,79.0,79.75,29600.0,0.6383883333934844,0.643382664834544,0.6363744900704766,0.6424160200395002,1420800.0
1979-12-27,False,daily,79.13,79.25,78.62,79.25,23100.0,0.6374216885984407,0.6383883333934844,0.6333134482195047,0.6383883333934844,1108800.0
1979-12-26,False,daily,79.0,79.25,78.75,79.13,7300.0,0.6363744900704766,0.6383883333934844,0.6343606467474688,0.6374216885984407,350400.0
1979-12-24,False,daily,79.5,79.5,78.62,79.0,15600.0,0.6404021767164924,0.6404021767164924,0.6333134482195047,0.6363744900704766,748800.0
1979-12-21,False,daily,80.0,80.38,79.5,80.0,47700.0,0.644429863362508,0.6474909052134799,0.6404021767164924,0.644429863362508,2289600.0
1979-12-20,False,daily,78.5,80.25,78.5,80.0,71100.0,0.6323468034244609,0.6464437066855159,0.6323468034244609,0.644429863362508,3412800.0
1979-12-19,False,daily,76.5,78.75,76.0,78.5,85700.0,0.6162360568403983,0.6343606467474688,0.6122083701943826,0.6323468034244609,4113600.0
1979-12-18,False,daily,77.63,77.63,76.25,76.5,51200.0,0.6253386286603937,0.6253386286603937,0.6142222135173905,0.6162360568403983,2457600.0
1979-12-17,False,daily,77.63,78.25,77.5,77.75,41700.0,0.6253386286603937,0.6303329601014531,0.6242914301324296,0.6263052734554374,2001600.0
1979-12-14,False,daily,76.38,77.63,76.25,77.63,47000.0,0.6152694120453545,0.6253386286603937,0.6142222135173905,0.6253386286603937,2256000.0
1979-12-13,False,daily,76.25,76.38,76.0,76.38,32400.0,0.6142222135173905,0.6152694120453545,0.6122083701943826,0.6152694120453545,1555200.0
1979-12-12,False,daily,75.75,76.5,75.75,76.25,53000.0,0.6101945268713748,0.6162360568403983,0.6101945268713748,0.6142222135173905,2544000.0
1979-12-11,False,daily,76.62,76.87,75.37,75.37,108700.0,0.6172027016354421,0.6192165449584499,0.6071334850204029,0.6071334850204029,5217600.0
1979-12-10,False,daily,77.0,77.0,75.75,76.62,53000.0,0.6202637434864139,0.6202637434864139,0.6101945268713748,0.6172027016354421,2544000.0
1979-12-07,False,daily,77.25,78.25,76.75,77.0,61700.0,0.6222775868094218,0.6303329601014531,0.6182499001634061,0.6202637434864139,2961600.0
1979-12-06,False,daily,76.75,77.25,76.62,77.25,93400.0,0.6182499001634061,0.6222775868094218,0.6172027016354421,0.6222775868094218,4483200.0
1979-12-05,False,daily,76.5,77.25,76.5,76.75,55500.0,0.6162360568403983,0.6222775868094218,0.6162360568403983,0.6182499001634061,2664000.0
1979-12-04,False,daily,76.0,76.62,76.0,76.0,81300.0,0.6122083701943826,0.6172027016354421,0.6122083701943826,0.6122083701943826,3902400.0
1979-12-03,False,daily,74.75,76.0,74.5,75.12,61800.0,0.6021391535793434,0.6122083701943826,0.6001253102563355,0.6051196416973951,2966400.0
1979-11-30,False,daily,74.0,74.88,73.5,74.75,156100.0,0.5960976236103199,0.6031863521073074,0.5920699369643042,0.6021391535793434,7492800.0
1979-11-29,False,daily,73.0,74.63,73.0,74.0,105300.0,0.5880422503182885,0.6011725087842996,0.5880422503182885,0.5960976236103199,5054400.0
1979-11-28,False,daily,71.88,73.0,71.5,72.75,46700.0,0.5790202322312133,0.5880422503182885,0.5759591903802415,0.5860284069952807,2241600.0
1979-11-27,False,daily,71.63,72.37,71.63,71.88,94200.0,0.5770063889082055,0.5829673651443088,0.5770063889082055,0.5790202322312133,4521600.0
1979-11-26,False,daily,70.5,71.63,70.5,71.38,78200.0,0.5679038170882101,0.5770063889082055,0.5679038170882101,0.5749925455851977,3753600.0
1979-11-23,False,daily,69.0,70.25,68.63,70.0,36000.0,0.5558207571501631,0.5658899737652023,0.5528402690321115,0.5638761304421945,1728000.0
1979-11-21,False,daily,69.88,69.88,68.5,69.0,53400.0,0.5629094856471507,0.5629094856471507,0.5517930705041475,0.5558207571501631,2563200.0
1979-11-20,False,daily,70.0,70.5,69.75,69.88,44900.0,0.5638761304421945,0.5679038170882101,0.5618622871191866,0.5629094856471507,2155200.0
1979-11-19,False,daily,69.88,71.12,69.62,70.0,72200.0,0.5629094856471507,0.5728981485292697,0.5608150885912226,0.5638761304421945,3465600.0
1979-11-16,False,daily,70.0,70.0,69.5,69.88,62600.0,0.5638761304421945,0.5638761304421945,0.5598484437961788,0.5629094856471507,3004800.0
1979-11-15,False,daily,69.75,70.38,69.75,70.0,53000.0,0.5578706539341967,0.5629094856471506,0.5578706539341967,0.559870190328226,2544000.0
1979-11-14,False,daily,69.25,69.5,68.88,69.37,16900.0,0.5538715811461379,0.5558711175401673,0.5509122672829744,0.554831358615272,811200.0
1979-11-13,False,daily,69.88,70.38,69.12,69.25,39200.0,0.5589104128590919,0.5629094856471506,0.5528318222212426,0.5538715811461379,1881600.0
1979-11-12,False,daily,69.0,69.88,68.75,69.88,36200.0,0.5518720447521085,0.5589104128590919,0.5498725083580791,0.5589104128590919,1737600.0
1979-11-09,False,daily,68.25,69.25,68.25,69.0,40900.0,0.5458734355700203,0.5538715811461379,0.5458734355700203,0.5518720447521085,1963200.0
1979-11-08,False,daily,68.0,68.38,67.87,68.0,30000.0,0.543873899175991,0.5469131944949156,0.5428341402510958,0.543873899175991,1440000.0
1979-11-07,False,daily,68.25,68.25,67.75,68.0,65400.0,0.5458734355700203,0.5458734355700203,0.5418743627819617,0.543873899175991,3139200.0
1979-11-06,False,daily,68.25,68.63,68.25,68.38,44100.0,0.5458734355700203,0.548912730888945,0.5458734355700203,0.5469131944949156,2116800.0
1979-11-05,False,daily,68.75,68.75,68.25,68.25,21000.0,0.5498725083580791,0.5498725083580791,0.5458734355700203,0.5458734355700203,1008000.0
1979-11-02,False,daily,68.75,69.25,68.5,68.75,59200.0,0.5498725083580791,0.5538715811461379,0.5478729719640497,0.5498725083580791,2841600.0
1979-11-01,False,daily,68.12,68.75,67.62,68.75,35200.0,0.5448336766451252,0.5498725083580791,0.5408346038570664,0.5498725083580791,1689600.0
1979-10-31,False,daily,68.5,68.75,68.0,68.12,44000.0,0.5478729719640497,0.5498725083580791,0.543873899175991,0.5448336766451252,2112000.0
1979-10-30,False,daily,66.37,68.5,66.12,68.5,33000.0,0.5308369218869194,0.5478729719640497,0.52883738549289,0.5478729719640497,1584000.0
1979-10-29,False,daily,66.0,66.37,65.63,66.37,43600.0,0.5278776080237559,0.5308369218869194,0.5249182941605924,0.5308369218869194,2092800.0
1979-10-26,False,daily,65.5,66.12,65.5,66.0,21700.0,0.5238785352356972,0.52883738549289,0.5238785352356972,0.5278776080237559,1041600.0
1979-10-25,False,daily,65.12,66.0,65.12,65.38,31600.0,0.5208392399167726,0.5278776080237559,0.5208392399167726,0.522918757766563,1516800.0
1979-10-24,False,daily,65.0,65.5,65.0,65.0,74800.0,0.5198794624476385,0.5238785352356972,0.5198794624476385,0.5198794624476385,3590400.0
1979-10-23,False,daily,66.0,66.0,64.75,64.75,62800.0,0.5278776080237559,0.5278776080237559,0.5178799260536091,0.5178799260536091,3014400.0
1979-10-22,False,daily,66.25,66.37,65.12,66.0,130300.0,0.5298771444177853,0.5308369218869194,0.5208392399167726,0.5278776080237559,6254400.0
1979-10-19,False,daily,67.5,67.5,66.12,66.25,90700.0,0.5398748263879323,0.5398748263879323,0.52883738549289,0.5298771444177853,4353600.0
1979-10-18,False,daily,67.75,68.5,67.5,67.87,32500.0,0.5418743627819617,0.5478729719640497,0.5398748263879323,0.5428341402510958,1560000.0
1979-10-17,False,daily,67.38,68.0,67.38,67.75,34700.0,0.5389150489187982,0.543873899175991,0.5389150489187982,0.5418743627819617,1665600.0
1979-10-16,False,daily,68.88,69.12,67.0,67.38,154600.0,0.5509122672829744,0.5528318222212426,0.5358757535998735,0.5389150489187982,7420800.0
1979-10-15,False,daily,69.25,69.37,68.5,68.88,58200.0,0.5538715811461379,0.554831358615272,0.5478729719640497,0.5509122672829744,2793600.0
1979-10-12,False,daily,69.25,69.75,69.0,69.25,37300.0,0.5538715811461379,0.5578706539341967,0.5518720447521085,0.5538715811461379,1790400.0
1979-10-11,False,daily,71.0,71.38,69.25,69.25,142900.0,0.5678683359043435,0.5709076312232682,0.5538715811461379,0.5538715811461379,6859200.0
1979-10-10,False,daily,70.38,71.25,69.88,71.0,81900.0,0.5629094856471506,0.5698678722983729,0.5589104128590919,0.5678683359043435,3931200.0
1979-10-09,False,daily,72.25,72.25,70.0,70.38,74400.0,0.5778660178744904,0.5778660178744904,0.559870190328226,0.5629094856471506,3571200.0
1979-10-08,False,daily,73.87,74.0,72.5,72.5,23900.0,0.5908230137078009,0.591862772632696,0.5798655542685198,0.5798655542685198,1147200.0
1979-10-05,False,daily,73.38,74.12,73.38,73.87,46400.0,0.5869039223755032,0.5928225501018303,0.5869039223755032,0.5908230137078009,2227200.0
1979-10-04,False,daily,73.13,73.5,73.0,73.25,34000.0,0.5849043859814738,0.5878636998446374,0.5838646270565786,0.585864163450608,1632000.0
1979-10-03,False,daily,73.75,73.75,73.13,73.13,31600.0,0.5898632362386667,0.5898632362386667,0.5849043859814738,0.5849043859814738,1516800.0
1979-10-02,False,daily,73.62,74.63,73.25,73.75,37500.0,0.5888234773137715,0.5969016043456501,0.585864163450608,0.5898632362386667,1800000.0
1979-10-01,False,daily,73.62,73.62,73.13,73.62,27500.0,0.5888234773137715,0.5888234773137715,0.5849043859814738,0.5888234773137715,1320000.0
1979-09-28,False,daily,75.0,75.0,74.0,74.12,18300.0,0.5998609182088136,0.5998609182088136,0.591862772632696,0.5928225501018303,878400.0
1979-09-27,False,daily,75.0,75.12,74.12,75.0,44300.0,0.5998609182088136,0.6008206956779477,0.5928225501018303,0.5998609182088136,2126400.0
1979-09-26,False,daily,75.0,75.5,74.5,75.0,19900.0,0.5998609182088136,0.6038599909968724,0.5958618454207548,0.5998609182088136,955200.0
1979-09-25,False,daily,74.0,75.0,73.5,75.0,22400.0,0.591862772632696,0.5998609182088136,0.5878636998446374,0.5998609182088136,1075200.0
1979-09-24,False,daily,75.0,75.25,74.0,74.0,44100.0,0.5998609182088136,0.601860454602843,0.591862772632696,0.591862772632696,2116800.0
1979-09-21,False,daily,75.25,75.88,74.88,75.0,78300.0,0.601860454602843,0.6068992863157969,0.5989011407396795,0.5998609182088136,3758400.0
1979-09-20,False,daily,74.0,75.25,73.75,75.25,27700.0,0.591862772632696,0.601860454602843,0.5898632362386667,0.601860454602843,1329600.0
1979-09-19,False,daily,74.0,74.12,73.75,74.0,34500.0,0.591862772632696,0.5928225501018303,0.5898632362386667,0.591862772632696,1656000.0
1979-09-18,False,daily,74.0,74.0,73.38,74.0,18500.0,0.591862772632696,0.591862772632696,0.5869039223755032,0.591862772632696,888000.0
1979-09-17,False,daily,74.12,74.75,74.12,74.12,16600.0,0.5928225501018303,0.5978613818147842,0.5928225501018303,0.5928225501018303,796800.0
1979-09-14,False,daily,73.38,74.5,73.13,74.12,33400.0,0.5869039223755032,0.5958618454207548,0.5849043859814738,0.5928225501018303,1603200.0
1979-09-13,False,daily,74.12,74.12,73.38,73.38,36400.0,0.5928225501018303,0.5928225501018303,0.5869039223755032,0.5869039223755032,1747200.0
1979-09-12,False,daily,74.5,74.88,74.0,74.12,22600.0,0.5958618454207548,0.5989011407396795,0.591862772632696,0.5928225501018303,1084800.0
1979-09-11,False,daily,75.25,75.75,74.25,74.5,78100.0,0.601860454602843,0.6058595273909018,0.5938623090267254,0.5958618454207548,3748800.0
1979-09-10,False,daily,74.75,75.37,74.63,75.25,37400.0,0.5978613818147842,0.6028202320719771,0.5969016043456501,0.601860454602843,1795200.0
1979-09-07,False,daily,74.0,74.75,73.62,74.75,18600.0,0.591862772632696,0.5978613818147842,0.5888234773137715,0.5978613818147842,892800.0
1979-09-06,False,daily,74.38,74.63,74.0,74.0,20900.0,0.5949020679516207,0.5969016043456501,0.591862772632696,0.591862772632696,1003200.0
1979-09-05,False,daily,75.0,75.0,73.75,74.38,37100.0,0.5998609182088136,0.5998609182088136,0.5898632362386667,0.5949020679516207,1780800.0
1979-09-04,False,daily,77.0,77.0,75.0,75.12,24800.0,0.6158572093610486,0.6158572093610486,0.5998609182088136,0.6008206956779477,1190400.0
1979-08-31,False,daily,77.5,77.75,76.87,77.12,33400.0,0.6198562821491074,0.6218558185431368,0.6148174504361534,0.6168169868301828,1603200.0
1979-08-30,False,daily,77.25,77.88,77.25,77.5,32200.0,0.617856745755078,0.622895577468032,0.617856745755078,0.6198562821491074,1545600.0
1979-08-29,False,daily,77.12,77.38,76.75,77.25,33900.0,0.6168169868301828,0.6188965046799733,0.6138576729670192,0.617856745755078,1627200.0
1979-08-28,False,daily,77.0,77.38,77.0,77.12,31300.0,0.6158572093610486,0.6188965046799733,0.6158572093610486,0.6168169868301828,1502400.0
1979-08-27,False,daily,77.0,77.38,76.87,77.0,69500.0,0.6158572093610486,0.6188965046799733,0.6148174504361534,0.6158572093610486,3336000.0
1979-08-24,False,daily,77.0,77.0,76.75,77.0,44700.0,0.6158572093610486,0.6158572093610486,0.6138576729670192,0.6158572093610486,2145600.0
1979-08-23,False,daily,76.13,77.38,76.13,77.0,40800.0,0.6088988227098263,0.6188965046799733,0.6088988227098263,0.6158572093610486,1958400.0
1979-08-22,False,daily,76.25,76.38,75.5,76.0,44500.0,0.6098586001789605,0.6108983591038557,0.6038599909968724,0.6078590637849312,2136000.0
1979-08-21,False,daily,76.38,76.75,75.75,76.25,21200.0,0.6108983591038557,0.6138576729670192,0.6058595273909018,0.6098586001789605,1017600.0
1979-08-20,False,daily,76.13,76.87,75.12,76.38,62600.0,0.6088988227098263,0.6148174504361534,0.6008206956779477,0.6108983591038557,3004800.0
1979-08-17,False,daily,76.13,76.75,76.0,76.13,26800.0,0.6049387627286231,0.6098653623988155,0.6039057660235828,0.6049387627286231,1286400.0
1979-08-16,False,daily,77.25,77.75,76.0,76.13,40600.0,0.6138384266489707,0.6178114908991259,0.6039057660235828,0.6049387627286231,1948800.0
1979-08-15,False,daily,77.25,77.25,76.62,77.25,32400.0,0.6138384266489707,0.6138384266489707,0.6088323656937753,0.6138384266489707,1555200.0
1979-08-14,False,daily,77.5,77.63,77.0,77.38,17200.0,0.6158249587740483,0.6168579554790886,0.6118518945238931,0.614871423354011,825600.0
1979-08-13,False,daily,77.25,77.75,77.25,77.5,62800.0,0.6138384266489707,0.6178114908991259,0.6138384266489707,0.6158249587740483,3014400.0
1979-08-10,False,daily,74.38,76.75,74.12,76.75,73200.0,0.5910330378530801,0.6098653623988155,0.5889670444429995,0.6098653623988155,3513600.0
1979-08-09,False,daily,73.38,74.5,73.38,74.38,49900.0,0.5830869093527699,0.5919865732731173,0.5830869093527699,0.5910330378530801,2395200.0
1979-08-08,False,daily,73.0,73.75,73.0,73.38,107800.0,0.5800673805226519,0.5860269768978846,0.5800673805226519,0.5830869093527699,5174400.0
1979-08-07,False,daily,72.5,73.13,72.25,72.62,66000.0,0.5760943162724967,0.5811003772276923,0.5741077841474193,0.577047851692534,3168000.0
1979-08-06,False,daily,72.5,72.5,72.0,72.5,34600.0,0.5760943162724967,0.5760943162724967,0.5721212520223417,0.5760943162724967,1660800.0
1979-08-03,False,daily,72.75,72.75,72.25,72.5,20100.0,0.5780808483975743,0.5780808483975743,0.5741077841474193,0.5760943162724967,964800.0
1979-08-02,False,daily,73.0,73.5,72.5,72.88,38500.0,0.5800673805226519,0.584040444772807,0.5760943162724967,0.5791138451026147,1848000.0
1979-08-01,False,daily,72.5,73.0,72.0,73.0,33900.0,0.5760943162724967,0.5800673805226519,0.5721212520223417,0.5800673805226519,1627200.0
1979-07-31,False,daily,72.25,72.88,72.25,72.5,27000.0,0.5741077841474193,0.5791138451026147,0.5741077841474193,0.5760943162724967,1296000.0
1979-07-30,False,daily,71.5,71.88,70.75,71.75,58700.0,0.5681481877721865,0.5711677166023044,0.5621885913969538,0.570134719897264,2817600.0
1979-07-27,False,daily,72.12,72.12,71.0,71.5,81000.0,0.5730747874423789,0.5730747874423789,0.5641751235220314,0.5681481877721865,3888000.0
1979-07-26,False,daily,73.0,73.0,72.0,72.12,66500.0,0.5800673805226519,0.5800673805226519,0.5721212520223417,0.5730747874423789,3192000.0
1979-07-25,False,daily,71.75,73.0,71.75,73.0,67900.0,0.570134719897264,0.5800673805226519,0.570134719897264,0.5800673805226519,3259200.0
1979-07-24,False,daily,71.25,71.75,71.25,71.25,22600.0,0.5661616556471089,0.570134719897264,0.5661616556471089,0.5661616556471089,1084800.0
1979-07-23,False,daily,70.62,71.0,70.5,71.0,54300.0,0.5611555946919135,0.5641751235220314,0.5602020592718762,0.5641751235220314,2606400.0
1979-07-20,False,daily,70.75,71.0,70.5,70.62,37100.0,0.5621885913969538,0.5641751235220314,0.5602020592718762,0.5611555946919135,1780800.0
1979-07-19,False,daily,71.5,71.88,70.62,70.75,43400.0,0.5681481877721865,0.5711677166023044,0.5611555946919135,0.5621885913969538,2083200.0
1979-07-18,False,daily,71.25,71.5,70.75,71.5,38400.0,0.5661616556471089,0.5681481877721865,0.5621885913969538,0.5681481877721865,1843200.0
1979-07-17,False,daily,71.12,71.88,70.87,71.25,49700.0,0.5651286589420687,0.5711677166023044,0.563142126816991,0.5661616556471089,2385600.0
1979-07-16,False,daily,72.0,72.0,71.12,71.12,24700.0,0.5721212520223417,0.5721212520223417,0.5651286589420687,0.5651286589420687,1185600.0
1979-07-13,False,daily,72.37,72.62,71.88,72.0,69200.0,0.5750613195674564,0.577047851692534,0.5711677166023044,0.5721212520223417,3321600.0
1979-07-12,False,daily,72.62,73.0,71.38,72.37,24700.0,0.577047851692534,0.5800673805226519,0.5671946523521492,0.5750613195674564,1185600.0
1979-07-11,False,daily,72.12,73.0,72.12,72.62,39800.0,0.5730747874423789,0.5800673805226519,0.5730747874423789,0.577047851692534,1910400.0
1979-07-10,False,daily,71.5,72.25,71.38,72.0,43000.0,0.5681481877721865,0.5741077841474193,0.5671946523521492,0.5721212520223417,2064000.0
1979-07-09,False,daily,71.25,71.75,71.25,71.5,41700.0,0.5661616556471089,0.570134719897264,0.5661616556471089,0.5681481877721865,2001600.0
1979-07-06,False,daily,70.75,71.12,70.5,71.0,36600.0,0.5621885913969538,0.5651286589420687,0.5602020592718762,0.5641751235220314,1756800.0
1979-07-05,False,daily,71.0,71.0,70.62,70.75,31800.0,0.5641751235220314,0.5641751235220314,0.5611555946919135,0.5621885913969538,1526400.0
1979-07-03,False,daily,71.25,71.38,71.0,71.12,26600.0,0.5661616556471089,0.5671946523521492,0.5641751235220314,0.5651286589420687,1276800.0
1979-07-02,False,daily,71.75,72.0,71.25,71.25,38700.0,0.570134719897264,0.5721212520223417,0.5661616556471089,0.5661616556471089,1857600.0
1979-06-29,False,daily,72.0,72.12,71.75,71.75,12500.0,0.5721212520223417,0.5730747874423789,0.570134719897264,0.570134719897264,600000.0
1979-06-28,False,daily,72.62,72.62,71.75,72.0,75900.0,0.577047851692534,0.577047851692534,0.570134719897264,0.5721212520223417,3643200.0
1979-06-27,False,daily,72.25,72.75,72.25,72.62,20400.0,0.5741077841474193,0.5780808483975743,0.5741077841474193,0.577047851692534,979200.0
1979-06-26,False,daily,72.37,73.0,72.12,72.25,64800.0,0.5750613195674564,0.5800673805226519,0.5730747874423789,0.5741077841474193,3110400.0
1979-06-25,False,daily,72.62,72.62,72.25,72.37,34700.0,0.577047851692534,0.577047851692534,0.5741077841474193,0.5750613195674564,1665600.0
1979-06-22,False,daily,73.13,73.38,72.88,73.13,22700.0,0.5811003772276923,0.5830869093527699,0.5791138451026147,0.5811003772276923,1089600.0
1979-06-21,False,daily,72.5,73.13,72.5,73.13,33400.0,0.5760943162724967,0.5811003772276923,0.5760943162724967,0.5811003772276923,1603200.0
1979-06-20,False,daily,72.12,72.5,72.12,72.37,22600.0,0.5730747874423789,0.5760943162724967,0.5730747874423789,0.5750613195674564,1084800.0
1979-06-19,False,daily,71.75,72.62,71.75,72.12,40300.0,0.570134719897264,0.577047851692534,0.570134719897264,0.5730747874423789,1934400.0
1979-06-18,False,daily,72.25,72.25,71.63,71.75,44600.0,0.5741077841474193,0.5741077841474193,0.5691811844772268,0.570134719897264,2140800.0
1979-06-15,False,daily,72.62,72.62,72.12,72.25,31500.0,0.577047851692534,0.577047851692534,0.5730747874423789,0.5741077841474193,1512000.0
1979-06-14,False,daily,72.75,72.75,71.5,72.75,88100.0,0.5780808483975743,0.5780808483975743,0.5681481877721865,0.5780808483975743,4228800.0
1979-06-13,False,daily,72.0,73.0,71.88,72.75,67600.0,0.5721212520223417,0.5800673805226519,0.5711677166023044,0.5780808483975743,3244800.0
1979-06-12,False,daily,70.25,72.62,70.25,72.0,64500.0,0.5582155271467986,0.577047851692534,0.5582155271467986,0.5721212520223417,3096000.0
1979-06-11,False,daily,70.25,70.5,70.13,70.13,25700.0,0.5582155271467986,0.5602020592718762,0.5572619917267613,0.5572619917267613,1233600.0
1979-06-08,False,daily,70.62,70.75,70.13,70.25,16900.0,0.5611555946919135,0.5621885913969538,0.5572619917267613,0.5582155271467986,811200.0
1979-06-07,False,daily,70.25,70.75,70.25,70.62,67600.0,0.5582155271467986,0.5621885913969538,0.5582155271467986,0.5611555946919135,3244800.0
1979-06-06,False,daily,69.5,70.25,69.5,70.0,47200.0,0.5522559307715659,0.5582155271467986,0.5522559307715659,0.5562289950217211,2265600.0
1979-06-05,False,daily,68.5,69.25,68.5,69.25,49900.0,0.5443098022712556,0.5502693986464883,0.5443098022712556,0.5502693986464883,2395200.0
1979-06-04,False,daily,69.12,69.12,68.5,68.5,15500.0,0.549236401941448,0.549236401941448,0.5443098022712556,0.5443098022712556,744000.0
1979-06-01,False,daily,69.5,69.5,69.12,69.25,35500.0,0.5522559307715659,0.5522559307715659,0.549236401941448,0.5502693986464883,1704000.0
1979-05-31,False,daily,69.75,69.75,69.25,69.62,63200.0,0.5542424628966435,0.5542424628966435,0.5502693986464883,0.5532094661916032,3033600.0
1979-05-30,False,daily,70.0,70.0,69.62,69.75,62000.0,0.5562289950217211,0.5562289950217211,0.5532094661916032,0.5542424628966435,2976000.0
1979-05-29,False,daily,70.25,70.25,69.88,70.0,28800.0,0.5582155271467986,0.5582155271467986,0.5552754596016838,0.5562289950217211,1382400.0
1979-05-25,False,daily,70.25,70.38,70.13,70.25,27400.0,0.5582155271467986,0.5592485238518389,0.5572619917267613,0.5582155271467986,1315200.0
1979-05-24,False,daily,69.88,70.25,69.88,70.25,69400.0,0.5552754596016838,0.5582155271467986,0.5552754596016838,0.5582155271467986,3331200.0
1979-05-23,False,daily,70.13,70.38,69.88,69.88,46600.0,0.5572619917267613,0.5592485238518389,0.5552754596016838,0.5552754596016838,2236800.0
1979-05-22,False,daily,69.88,70.38,69.88,70.13,62200.0,0.5552754596016838,0.5592485238518389,0.5552754596016838,0.5572619917267613,2985600.0
1979-05-21,False,daily,69.88,69.88,69.62,69.75,59600.0,0.5552754596016838,0.5552754596016838,0.5532094661916032,0.5542424628966435,2860800.0
1979-05-18,False,daily,70.25,70.5,70.13,70.13,26200.0,0.5542424628966434,0.5562148560030371,0.5532957142055743,0.5532957142055743,1257600.0
1979-05-17,False,daily,70.5,70.87,70.25,70.25,45800.0,0.5562148560030371,0.5591339978004999,0.5542424628966434,0.5542424628966434,2198400.0
1979-05-16,False,daily,70.13,70.87,69.75,70.5,24700.0,0.5532957142055743,0.5591339978004999,0.5502976766838559,0.5562148560030371,1185600.0
1979-05-15,False,daily,69.75,70.38,69.62,70.13,22600.0,0.5502976766838559,0.5552681073119681,0.5492720322685312,0.5532957142055743,1084800.0
1979-05-14,False,daily,69.62,69.88,69.62,69.75,9200.0,0.5492720322685312,0.5513233210991806,0.5492720322685312,0.5502976766838559,441600.0
1979-05-11,False,daily,69.12,69.62,69.0,69.62,18000.0,0.5453272460557437,0.5492720322685312,0.5443804973646746,0.5492720322685312,864000.0
1979-05-10,False,daily,69.25,69.25,69.0,69.12,30100.0,0.5463528904710684,0.5463528904710684,0.5443804973646746,0.5453272460557437,1444800.0
1979-05-09,False,daily,68.88,69.75,68.88,69.37,53700.0,0.5434337486736056,0.5502976766838559,0.5434337486736056,0.5472996391621374,2577600.0
1979-05-08,False,daily,68.25,69.25,68.12,68.88,50300.0,0.5384633180454934,0.5463528904710684,0.5374376736301687,0.5434337486736056,2414400.0
1979-05-07,False,daily,69.0,69.0,68.25,68.25,40800.0,0.5443804973646746,0.5443804973646746,0.5384633180454934,0.5384633180454934,1958400.0
1979-05-04,False,daily,69.25,69.5,69.0,69.0,32500.0,0.5463528904710684,0.5483252835774621,0.5443804973646746,0.5443804973646746,1560000.0
1979-05-03,False,daily,69.5,69.62,69.0,69.25,70200.0,0.5483252835774621,0.5492720322685312,0.5443804973646746,0.5463528904710684,3369600.0
1979-05-02,False,daily,69.5,69.5,69.25,69.5,75600.0,0.5483252835774621,0.5483252835774621,0.5463528904710684,0.5483252835774621,3628800.0
1979-05-01,False,daily,69.62,69.88,69.37,69.5,76500.0,0.5492720322685312,0.5513233210991806,0.5472996391621374,0.5483252835774621,3672000.0
1979-04-30,False,daily,69.75,69.88,69.37,69.62,26700.0,0.5502976766838559,0.5513233210991806,0.5472996391621374,0.5492720322685312,1281600.0
1979-04-27,False,daily,70.0,70.0,69.5,69.75,23700.0,0.5522700697902496,0.5522700697902496,0.5483252835774621,0.5502976766838559,1137600.0
1979-04-26,False,daily,70.0,70.38,70.0,70.25,38500.0,0.5522700697902496,0.5552681073119681,0.5522700697902496,0.5542424628966434,1848000.0
1979-04-25,False,daily,70.0,70.38,70.0,70.0,42500.0,0.5522700697902496,0.5552681073119681,0.5522700697902496,0.5522700697902496,2040000.0
1979-04-24,False,daily,70.5,71.25,69.75,70.0,108700.0,0.5562148560030371,0.5621320353222183,0.5502976766838559,0.5522700697902496,5217600.0
1979-04-23,False,daily,70.13,70.75,69.88,70.5,22700.0,0.5532957142055743,0.5581872491094308,0.5513233210991806,0.5562148560030371,1089600.0
1979-04-20,False,daily,69.75,70.25,69.5,70.13,48500.0,0.5502976766838559,0.5542424628966434,0.5483252835774621,0.5532957142055743,2328000.0
1979-04-19,False,daily,69.88,70.25,69.62,69.75,44200.0,0.5513233210991806,0.5542424628966434,0.5492720322685312,0.5502976766838559,2121600.0
1979-04-18,False,daily,68.88,70.38,68.88,69.88,45100.0,0.5434337486736056,0.5552681073119681,0.5434337486736056,0.5513233210991806,2164800.0
1979-04-17,False,daily,68.38,68.75,68.12,68.75,48900.0,0.5394889624608181,0.5424081042582809,0.5374376736301687,0.5424081042582809,2347200.0
1979-04-16,False,daily,68.75,69.0,68.12,68.38,76300.0,0.5424081042582809,0.5443804973646746,0.5374376736301687,0.5394889624608181,3662400.0
1979-04-12,False,daily,69.25,69.25,68.5,68.75,40700.0,0.5463528904710684,0.5463528904710684,0.5404357111518872,0.5424081042582809,1953600.0
1979-04-11,False,daily,69.62,69.62,69.12,69.5,34000.0,0.5492720322685312,0.5492720322685312,0.5453272460557437,0.5483252835774621,1632000.0
1979-04-10,False,daily,69.5,69.62,69.12,69.62,58100.0,0.5483252835774621,0.5492720322685312,0.5453272460557437,0.5492720322685312,2788800.0
1979-04-09,False,daily,70.38,70.38,69.5,69.5,88200.0,0.5552681073119681,0.5552681073119681,0.5483252835774621,0.5483252835774621,4233600.0
1979-04-06,False,daily,70.13,70.5,70.13,70.38,26300.0,0.5532957142055743,0.5562148560030371,0.5532957142055743,0.5552681073119681,1262400.0
1979-04-05,False,daily,70.0,70.38,69.88,70.0,49800.0,0.5522700697902496,0.5552681073119681,0.5513233210991806,0.5522700697902496,2390400.0
1979-04-04,False,daily,70.0,71.0,70.0,70.0,49300.0,0.5522700697902496,0.5601596422158246,0.5522700697902496,0.5522700697902496,2366400.0
1979-04-03,False,daily,68.38,69.75,68.38,69.62,60700.0,0.5394889624608181,0.5502976766838559,0.5394889624608181,0.5492720322685312,2913600.0
1979-04-02,False,daily,68.63,68.88,68.0,68.12,31800.0,0.5414613555672119,0.5434337486736056,0.5364909249390997,0.5374376736301687,1526400.0
1979-03-30,False,daily,69.37,69.37,68.38,68.63,53300.0,0.5472996391621374,0.5472996391621374,0.5394889624608181,0.5414613555672119,2558400.0
1979-03-29,False,daily,69.0,69.5,69.0,69.5,29300.0,0.5443804973646746,0.5483252835774621,0.5443804973646746,0.5483252835774621,1406400.0
1979-03-28,False,daily,69.25,69.62,68.75,68.75,55400.0,0.5463528904710684,0.5492720322685312,0.5424081042582809,0.5424081042582809,2659200.0
1979-03-27,False,daily,68.25,69.25,68.12,69.25,69000.0,0.5384633180454934,0.5463528904710684,0.5374376736301687,0.5463528904710684,3312000.0
1979-03-26,False,daily,68.75,68.75,68.12,68.25,49700.0,0.5424081042582809,0.5424081042582809,0.5374376736301687,0.5384633180454934,2385600.0
1979-03-23,False,daily,69.37,69.88,69.0,69.0,66200.0,0.5472996391621374,0.5513233210991806,0.5443804973646746,0.5443804973646746,3177600.0
1979-03-22,False,daily,69.25,70.0,69.25,69.37,57100.0,0.5463528904710684,0.5522700697902496,0.5463528904710684,0.5472996391621374,2740800.0
1979-03-21,False,daily,69.5,69.5,68.5,69.25,39600.0,0.5483252835774621,0.5483252835774621,0.5404357111518872,0.5463528904710684,1900800.0
1979-03-20,False,daily,70.25,70.25,69.25,69.5,57300.0,0.5542424628966434,0.5542424628966434,0.5463528904710684,0.5483252835774621,2750400.0
1979-03-19,False,daily,70.25,70.5,70.0,70.38,58900.0,0.5542424628966434,0.5562148560030371,0.5522700697902496,0.5552681073119681,2827200.0
1979-03-16,False,daily,70.0,70.38,70.0,70.25,39100.0,0.5522700697902496,0.5552681073119681,0.5522700697902496,0.5542424628966434,1876800.0
1979-03-15,False,daily,71.25,71.25,69.75,69.88,44000.0,0.5621320353222183,0.5621320353222183,0.5502976766838559,0.5513233210991806,2112000.0
1979-03-14,False,daily,71.75,72.0,71.12,71.25,32600.0,0.5660768215350058,0.5680492146413996,0.5611063909068936,0.5621320353222183,1564800.0
1979-03-13,False,daily,71.5,72.0,70.75,71.75,46000.0,0.5641044284286121,0.5680492146413996,0.5581872491094308,0.5660768215350058,2208000.0
1979-03-12,False,daily,69.62,71.5,69.5,71.5,35800.0,0.5492720322685312,0.5641044284286121,0.5483252835774621,0.5641044284286121,1718400.0
1979-03-09,False,daily,69.25,70.5,69.25,69.62,71000.0,0.5463528904710684,0.5562148560030371,0.5463528904710684,0.5492720322685312,3408000.0
1979-03-08,False,daily,68.25,69.0,67.75,68.88,48000.0,0.5384633180454934,0.5443804973646746,0.5345185318327059,0.5434337486736056,2304000.0
1979-03-07,False,daily,67.87,68.25,67.87,68.25,30000.0,0.535465280523775,0.5384633180454934,0.535465280523775,0.5384633180454934,1440000.0
1979-03-06,False,daily,68.0,68.12,67.38,67.75,79700.0,0.5364909249390997,0.5374376736301687,0.5315993900352431,0.5345185318327059,3825600.0
1979-03-05,False,daily,67.38,68.25,67.38,68.0,64400.0,0.5315993900352431,0.5384633180454934,0.5315993900352431,0.5364909249390997,3091200.0
1979-03-02,False,daily,68.0,68.5,67.38,67.38,42600.0,0.5364909249390997,0.5404357111518872,0.5315993900352431,0.5315993900352431,2044800.0
1979-03-01,False,daily,68.25,68.38,68.0,68.0,43100.0,0.5384633180454934,0.5394889624608181,0.5364909249390997,0.5364909249390997,2068800.0
1979-02-28,False,daily,68.0,68.25,67.75,68.25,43200.0,0.5364909249390997,0.5384633180454934,0.5345185318327059,0.5384633180454934,2073600.0
1979-02-27,False,daily,68.5,68.5,67.5,68.0,83700.0,0.5404357111518872,0.5404357111518872,0.5325461387263122,0.5364909249390997,4017600.0
1979-02-26,False,daily,68.12,68.88,68.12,68.63,39200.0,0.5374376736301687,0.5434337486736056,0.5374376736301687,0.5414613555672119,1881600.0
1979-02-23,False,daily,67.87,68.5,67.87,68.0,103600.0,0.535465280523775,0.5404357111518872,0.535465280523775,0.5364909249390997,4972800.0
1979-02-22,False,daily,70.38,70.38,67.5,67.87,114900.0,0.5552681073119681,0.5552681073119681,0.5325461387263122,0.535465280523775,5515200.0
1979-02-21,False,daily,71.38,71.5,70.75,70.75,20900.0,0.563157679737543,0.5641044284286121,0.5581872491094308,0.5581872491094308,1003200.0
1979-02-20,False,daily,71.0,71.38,70.5,71.38,22700.0,0.5601596422158246,0.563157679737543,0.5562148560030371,0.563157679737543,1089600.0
1979-02-16,False,daily,71.5,71.5,70.87,71.0,17700.0,0.5601804966782741,0.5601804966782741,0.5552446405536963,0.5562631505476567,849600.0
1979-02-15,False,daily,71.5,71.5,71.0,71.5,31100.0,0.5601804966782741,0.5601804966782741,0.5562631505476567,0.5601804966782741,1492800.0
1979-02-14,False,daily,71.88,72.0,71.25,71.5,52100.0,0.5631576797375432,0.5640978428088914,0.5582218236129655,0.5601804966782741,2500800.0
1979-02-13,False,daily,71.0,71.88,70.87,71.88,67800.0,0.5562631505476567,0.5631576797375432,0.5552446405536963,0.5631576797375432,3254400.0
1979-02-12,False,daily,71.0,71.0,70.13,71.0,23400.0,0.5562631505476567,0.5562631505476567,0.5494469682803826,0.5562631505476567,1123200.0
1979-02-09,False,daily,71.63,71.75,71.0,71.0,43600.0,0.5611990066722345,0.5621391697435827,0.5562631505476567,0.5562631505476567,2092800.0
1979-02-08,False,daily,72.37,72.37,71.38,71.63,61400.0,0.5669966789455482,0.5669966789455482,0.5592403336069259,0.5611990066722345,2947200.0
1979-02-07,False,daily,73.25,73.25,72.25,72.62,63700.0,0.5738912081354346,0.5738912081354346,0.5660565158742,0.5689553520108569,3057600.0
1979-02-06,False,daily,73.87,73.87,73.5,73.62,52700.0,0.5787487173374001,0.5787487173374001,0.5758498812007433,0.5767900442720915,2529600.0
1979-02-05,False,daily,74.0,74.25,73.62,73.87,19100.0,0.5797672273313605,0.5817259003966693,0.5767900442720915,0.5787487173374001,916800.0
1979-02-02,False,daily,75.0,75.12,74.0,74.0,46800.0,0.5876019195925952,0.5885420826639434,0.5797672273313605,0.5797672273313605,2246400.0
1979-02-01,False,daily,75.37,75.37,74.75,75.0,39000.0,0.590500755729252,0.590500755729252,0.5856432465272865,0.5876019195925952,1872000.0
1979-01-31,False,daily,76.62,76.75,75.75,75.88,27600.0,0.6002941210557953,0.6013126310497557,0.5934779387885212,0.5944964487824816,1324800.0
1979-01-30,False,daily,76.75,76.75,76.5,76.62,15700.0,0.6013126310497557,0.6013126310497557,0.5993539579844471,0.6002941210557953,753600.0
1979-01-29,False,daily,77.25,77.25,76.87,76.87,18500.0,0.6052299771803731,0.6052299771803731,0.6022527941211039,0.6022527941211039,888000.0
1979-01-26,False,daily,76.87,77.38,76.87,77.25,46400.0,0.6022527941211039,0.6062484871743336,0.6022527941211039,0.6052299771803731,2227200.0
1979-01-25,False,daily,76.0,76.5,75.75,76.5,23200.0,0.5954366118538298,0.5993539579844471,0.5934779387885212,0.5993539579844471,1113600.0
1979-01-24,False,daily,76.25,76.62,76.0,76.0,16000.0,0.5973952849191384,0.6002941210557953,0.5954366118538298,0.5954366118538298,768000.0
1979-01-23,False,daily,76.38,76.5,76.0,76.25,82000.0,0.5984137949130989,0.5993539579844471,0.5954366118538298,0.5973952849191384,3936000.0
1979-01-22,False,daily,76.5,76.75,76.0,76.38,22900.0,0.5993539579844471,0.6013126310497557,0.5954366118538298,0.5984137949130989,1099200.0
1979-01-19,False,daily,76.0,77.25,76.0,76.5,41700.0,0.5954366118538298,0.6052299771803731,0.5954366118538298,0.5993539579844471,2001600.0
1979-01-18,False,daily,76.5,76.75,76.0,76.0,47200.0,0.5993539579844471,0.6013126310497557,0.5954366118538298,0.5954366118538298,2265600.0
1979-01-17,False,daily,75.62,76.75,75.12,76.5,27000.0,0.5924594287945607,0.6013126310497557,0.5885420826639434,0.5993539579844471,1296000.0
1979-01-16,False,daily,76.25,76.5,75.62,75.62,34800.0,0.5973952849191384,0.5993539579844471,0.5924594287945607,0.5924594287945607,1670400.0
1979-01-15,False,daily,76.25,76.62,75.88,76.25,44200.0,0.5973952849191384,0.6002941210557953,0.5944964487824816,0.5973952849191384,2121600.0
1979-01-12,False,daily,75.37,76.62,75.37,76.25,38800.0,0.590500755729252,0.6002941210557953,0.590500755729252,0.5973952849191384,1862400.0
1979-01-11,False,daily,74.63,75.0,74.38,75.0,28800.0,0.5847030834559384,0.5876019195925952,0.5827444103906297,0.5876019195925952,1382400.0
1979-01-10,False,daily,75.25,75.37,74.5,74.63,22700.0,0.5895605926579038,0.590500755729252,0.5836845734619779,0.5847030834559384,1089600.0
1979-01-09,False,daily,75.37,75.88,75.0,75.25,27500.0,0.590500755729252,0.5944964487824816,0.5876019195925952,0.5895605926579038,1320000.0
1979-01-08,False,daily,75.37,75.5,74.75,75.37,34600.0,0.590500755729252,0.5915192657232125,0.5856432465272865,0.590500755729252,1660800.0
1979-01-05,False,daily,75.37,75.75,74.88,75.37,56200.0,0.590500755729252,0.5934779387885212,0.586661756521247,0.590500755729252,2697600.0
1979-01-04,False,daily,74.5,75.62,74.5,75.37,77000.0,0.5836845734619779,0.5924594287945607,0.5836845734619779,0.590500755729252,3696000.0
1979-01-03,False,daily,74.25,74.63,74.12,74.5,35900.0,0.5817259003966693,0.5847030834559384,0.5807073904027088,0.5836845734619779,1723200.0
1979-01-02,False,daily,73.75,74.25,72.75,74.25,35000.0,0.5778085542660519,0.5817259003966693,0.5699738620048174,0.5817259003966693,1680000.0
1980-12-31,False,daily,99.88,100.13,99.12,99.75,35600.0,0.8272298049400074,0.8293003641233775,0.8209353050225625,0.826153114164655,1708800.0
1980-12-30,False,daily,99.5,101.12,99.5,99.88,56700.0,0.8240825549812849,0.837499778489523,0.8240825549812849,0.8272298049400074,2721600.0
1980-12-29,False,daily,100.0,101.38,99.25,99.25,89800.0,0.828223673348025,0.8396531600402277,0.8220119957979148,0.8220119957979148,4310400.0
1980-12-26,False,daily,97.87,100.0,97.62,100.0,27000.0,0.8105825091057122,0.828223673348025,0.8085119499223421,0.828223673348025,1296000.0
1980-12-24,False,daily,96.75,97.87,96.37,97.87,53400.0,0.8013064039642143,0.8105825091057122,0.7981591540054918,0.8105825091057122,2563200.0
1980-12-23,False,daily,97.25,97.75,96.0,96.75,62700.0,0.8054475223309544,0.8095886406976945,0.7950947264141041,0.8013064039642143,3009600.0
1980-12-22,False,daily,96.12,98.0,96.12,97.25,93500.0,0.7960885948221217,0.8116591998810646,0.7960885948221217,0.8054475223309544,4488000.0
1980-12-19,False,daily,95.12,96.37,94.0,95.75,69200.0,0.7878063580886415,0.7981591540054918,0.7785302529471435,0.793024167230734,3321600.0
1980-12-18,False,daily,95.5,96.37,94.75,95.12,95900.0,0.7909536080473639,0.7981591540054918,0.7847419304972537,0.7878063580886415,4603200.0
1980-12-17,False,daily,95.0,96.0,95.0,95.5,141700.0,0.7868124896806238,0.7950947264141041,0.7868124896806238,0.7909536080473639,6801600.0
1980-12-16,False,daily,91.25,95.25,91.0,94.87,197400.0,0.7557541019300729,0.7888830488639939,0.7536835427467028,0.7857357989052715,9475200.0
1980-12-15,False,daily,90.12,92.63,90.0,91.25,123600.0,0.7463951744212403,0.7671835886222755,0.7454013060132225,0.7557541019300729,5932800.0
1980-12-12,False,daily,86.75,90.12,86.75,90.12,104400.0,0.7184840366294117,0.7463951744212403,0.7184840366294117,0.7463951744212403,5011200.0
1980-12-11,False,daily,86.75,86.75,85.13,85.87,89900.0,0.7184840366294117,0.7184840366294117,0.7050668131211737,0.7111956683039492,4315200.0
1980-12-10,False,daily,89.0,89.88,87.75,87.75,68600.0,0.7371190692797424,0.7444074376052049,0.726766273362892,0.726766273362892,3292800.0
1980-12-09,False,daily,89.0,89.88,88.38,89.0,60600.0,0.7371190692797424,0.7444074376052049,0.7319840825049845,0.7371190692797424,2908800.0
1980-12-08,False,daily,91.0,91.0,89.0,89.0,75400.0,0.7536835427467028,0.7536835427467028,0.7371190692797424,0.7371190692797424,3619200.0
1980-12-05,False,daily,91.13,92.5,90.75,91.5,63100.0,0.7547602335220552,0.7661068978469232,0.7516129835633327,0.7578246611134429,3028800.0
1980-12-04,False,daily,90.25,91.5,89.63,91.13,88800.0,0.7474718651965926,0.7578246611134429,0.7423368784218348,0.7547602335220552,4262400.0
1980-12-03,False,daily,89.38,90.5,88.75,90.25,138300.0,0.7402663192384648,0.7495424243799627,0.7350485100963723,0.7474718651965926,6638400.0
1980-12-02,False,daily,89.75,89.88,88.5,89.38,111800.0,0.7433307468298525,0.7444074376052049,0.7329779509130022,0.7402663192384648,5366400.0
1980-12-01,False,daily,90.75,91.0,89.25,89.75,36600.0,0.7516129835633327,0.7536835427467028,0.7391896284631123,0.7433307468298525,1756800.0
1980-11-28,False,daily,90.37,91.0,90.25,90.75,63000.0,0.7484657336046103,0.7536835427467028,0.7474718651965926,0.7516129835633327,3024000.0
1980-11-26,False,daily,91.0,91.38,90.0,90.37,69800.0,0.7536835427467028,0.7568307927054253,0.7454013060132225,0.7484657336046103,3350400.0
1980-11-25,False,daily,89.38,91.5,89.38,91.0,164700.0,0.7402663192384648,0.7578246611134429,0.7402663192384648,0.7536835427467028,7905600.0
1980-11-24,False,daily,90.0,90.0,89.0,89.38,149500.0,0.7454013060132225,0.7454013060132225,0.7371190692797424,0.7402663192384648,7176000.0
1980-11-21,False,daily,93.5,93.5,91.0,91.0,54100.0,0.7743891345804035,0.7743891345804035,0.7536835427467028,0.7536835427467028,2596800.0
1980-11-20,False,daily,93.62,94.5,92.88,93.5,82600.0,0.7753830029884211,0.7826713713138836,0.7692541478056456,0.7743891345804035,3964800.0
1980-11-19,False,daily,92.25,94.5,91.13,93.62,145200.0,0.7640363386635531,0.7826713713138836,0.7547602335220552,0.7753830029884211,6969600.0
1980-11-18,False,daily,89.88,92.5,89.88,92.25,202000.0,0.7444074376052049,0.7661068978469232,0.7444074376052049,0.7640363386635531,9696000.0
1980-11-17,False,daily,85.5,89.25,84.62,89.0,157100.0,0.7081312407125614,0.7391896284631123,0.7008428723870989,0.7371190692797424,7540800.0
1980-11-14,False,daily,85.5,86.88,84.88,85.5,81200.0,0.7035856033873062,0.7149417218981189,0.6984835791288252,0.7035856033873062,3897600.0
1980-11-13,False,daily,83.12,85.87,83.12,85.5,224700.0,0.6840004134918468,0.7066303597996256,0.6840004134918468,0.7035856033873062,10785600.0
1980-11-12,False,daily,82.5,82.75,81.88,82.62,101200.0,0.6788983892333657,0.6809556570795274,0.6737963649748846,0.6798858777995234,4857600.0
1980-11-11,False,daily,81.88,82.75,81.5,82.5,173700.0,0.6737963649748846,0.6809556570795274,0.6706693178487189,0.6788983892333657,8337600.0
1980-11-10,False,daily,81.62,81.88,81.0,81.88,48600.0,0.6716568064148765,0.6737963649748846,0.6665547821563954,0.6737963649748846,2332800.0
1980-11-07,False,daily,82.75,82.75,81.37,81.62,79200.0,0.6809556570795274,0.6809556570795274,0.6695995385687148,0.6716568064148765,3801600.0
1980-11-06,False,daily,84.25,84.25,82.25,82.75,97500.0,0.6932992641564977,0.6932992641564977,0.676841121387204,0.6809556570795274,4680000.0
1980-11-05,False,daily,86.12,88.0,84.37,85.0,137400.0,0.7086876276457874,0.7241582818489234,0.6942867527226554,0.6994710676949828,6595200.0
1980-11-03,False,daily,85.5,86.25,85.5,86.12,113600.0,0.7035856033873062,0.7097574069257914,0.7035856033873062,0.7086876276457874,5452800.0
1980-10-31,False,daily,82.0,85.5,82.0,84.75,239600.0,0.6747838535410423,0.7035856033873062,0.6747838535410423,0.6974137998488211,11500800.0
1980-10-30,False,daily,78.75,82.0,78.75,81.37,222500.0,0.64803937154094,0.6747838535410423,0.64803937154094,0.6695995385687148,10680000.0
1980-10-29,False,daily,77.12,78.25,77.12,77.5,108000.0,0.6346259851839656,0.6439248358486166,0.6346259851839656,0.6377530323101315,5184000.0
1980-10-28,False,daily,75.75,77.25,75.5,77.12,74500.0,0.6233521573869995,0.6356957644639697,0.6212948895408377,0.6346259851839656,3576000.0
1980-10-27,False,daily,76.62,76.75,75.37,75.75,78000.0,0.6305114494916422,0.6315812287716462,0.6202251102608336,0.6233521573869995,3744000.0
1980-10-24,False,daily,77.0,77.25,76.13,76.62,59000.0,0.633638496617808,0.6356957644639697,0.6264792045131652,0.6305114494916422,2832000.0
1980-10-23,False,daily,78.62,78.62,77.0,77.0,92100.0,0.646969592260936,0.646969592260936,0.633638496617808,0.633638496617808,4420800.0
1980-10-22,False,daily,78.0,78.88,77.75,78.62,43000.0,0.6418675680024548,0.649109150820944,0.6398103001562931,0.646969592260936,2064000.0
1980-10-21,False,daily,78.5,79.0,77.75,78.0,98100.0,0.6459821036947783,0.6500966393871017,0.6398103001562931,0.6418675680024548,4708800.0
1980-10-20,False,daily,79.5,79.5,78.0,78.5,96200.0,0.6542111750794252,0.6542111750794252,0.6418675680024548,0.6459821036947783,4617600.0
1980-10-17,False,daily,79.62,80.12,79.38,79.75,60900.0,0.6551986636455828,0.6593131993379062,0.6532236865132675,0.6562684429255868,2923200.0
1980-10-16,False,daily,80.38,80.88,79.5,79.62,41100.0,0.6614527578979144,0.6655672935902378,0.6542111750794252,0.6551986636455828,1972800.0
1980-10-15,False,daily,80.5,80.5,79.38,80.38,104500.0,0.662440246464072,0.662440246464072,0.6532236865132675,0.6614527578979144,5016000.0
1980-10-14,False,daily,81.62,81.62,80.38,80.75,81500.0,0.6716568064148765,0.6716568064148765,0.6614527578979144,0.6644975143102337,3912000.0
1980-10-13,False,daily,82.13,82.13,81.37,81.88,64200.0,0.6758536328210464,0.6758536328210464,0.6695995385687148,0.6737963649748846,3081600.0
1980-10-10,False,daily,83.0,83.25,82.5,82.5,24800.0,0.6830129249256891,0.6850701927718509,0.6788983892333657,0.6788983892333657,1190400.0
1980-10-09,False,daily,83.75,83.75,83.0,83.0,31800.0,0.6891847284641742,0.6891847284641742,0.6830129249256891,0.6830129249256891,1526400.0
1980-10-08,False,daily,83.63,85.0,83.38,84.25,84200.0,0.6881972398980166,0.6994710676949828,0.686139972051855,0.6932992641564977,4041600.0
1980-10-07,False,daily,83.5,84.12,83.5,83.63,79800.0,0.6871274606180126,0.6922294848764936,0.6871274606180126,0.6881972398980166,3830400.0
1980-10-06,False,daily,83.0,83.75,83.0,83.5,46900.0,0.6830129249256891,0.6891847284641742,0.6830129249256891,0.6871274606180126,2251200.0
1980-10-03,False,daily,81.12,82.38,81.0,82.13,50200.0,0.6675422707225531,0.677910900667208,0.6665547821563954,0.6758536328210464,2409600.0
1980-10-02,False,daily,81.37,81.88,80.88,81.12,51600.0,0.6695995385687148,0.6737963649748846,0.6655672935902378,0.6675422707225531,2476800.0
1980-10-01,False,daily,81.0,82.0,80.63,81.37,50300.0,0.6665547821563954,0.6747838535410423,0.663510025744076,0.6695995385687148,2414400.0
1980-09-30,False,daily,80.12,81.0,80.12,81.0,69200.0,0.6593131993379062,0.6665547821563954,0.6593131993379062,0.6665547821563954,3321600.0
1980-09-29,False,daily,80.75,80.75,80.12,80.12,51100.0,0.6644975143102337,0.6644975143102337,0.6593131993379062,0.6593131993379062,2452800.0
1980-09-26,False,daily,82.5,82.5,81.5,81.62,38500.0,0.6788983892333657,0.6788983892333657,0.6706693178487189,0.6716568064148765,1848000.0
1980-09-25,False,daily,83.38,83.5,82.62,82.75,45300.0,0.686139972051855,0.6871274606180126,0.6798858777995234,0.6809556570795274,2174400.0
1980-09-24,False,daily,83.38,83.38,82.62,83.38,34000.0,0.686139972051855,0.686139972051855,0.6798858777995234,0.686139972051855,1632000.0
1980-09-23,False,daily,82.62,84.37,82.25,84.0,110100.0,0.6798858777995234,0.6942867527226554,0.676841121387204,0.691241996310336,5284800.0
1980-09-22,False,daily,80.25,83.0,80.0,82.62,106200.0,0.6603829786179103,0.6830129249256891,0.6583257107717486,0.6798858777995234,5097600.0
1980-09-19,False,daily,80.25,80.75,79.0,80.25,140900.0,0.6603829786179103,0.6644975143102337,0.6500966393871017,0.6603829786179103,6763200.0
1980-09-18,False,daily,80.75,81.5,79.62,80.25,140600.0,0.6644975143102337,0.6706693178487189,0.6551986636455828,0.6603829786179103,6748800.0
1980-09-17,False,daily,79.25,80.88,79.25,80.75,78800.0,0.6521539072332634,0.6655672935902378,0.6521539072332634,0.6644975143102337,3782400.0
1980-09-16,False,daily,79.38,79.62,79.0,79.25,132100.0,0.6532236865132675,0.6551986636455828,0.6500966393871017,0.6521539072332634,6340800.0
1980-09-15,False,daily,79.0,79.38,78.62,79.38,27100.0,0.6500966393871017,0.6532236865132675,0.646969592260936,0.6532236865132675,1300800.0
1980-09-12,False,daily,78.88,79.25,78.62,79.0,57600.0,0.649109150820944,0.6521539072332634,0.646969592260936,0.6500966393871017,2764800.0
1980-09-11,False,daily,78.37,79.0,78.37,78.88,48000.0,0.6449123244147742,0.6500966393871017,0.6449123244147742,0.649109150820944,2304000.0
1980-09-10,False,daily,77.88,78.88,77.88,78.25,45000.0,0.6408800794362972,0.649109150820944,0.6408800794362972,0.6439248358486166,2160000.0
1980-09-09,False,daily,77.25,77.75,76.5,77.75,96600.0,0.6356957644639697,0.6398103001562931,0.6295239609254846,0.6398103001562931,4636800.0
1980-09-08,False,daily,78.12,78.25,77.25,77.25,61300.0,0.6428550565686125,0.6439248358486166,0.6356957644639697,0.6356957644639697,2942400.0
1980-09-05,False,daily,78.88,79.13,78.0,78.12,69200.0,0.649109150820944,0.6511664186671058,0.6418675680024548,0.6428550565686125,3321600.0
1980-09-04,False,daily,80.0,80.25,78.12,78.88,109600.0,0.6583257107717486,0.6603829786179103,0.6428550565686125,0.649109150820944,5260800.0
1980-09-03,False,daily,79.87,80.75,79.75,80.0,42200.0,0.6572559314917445,0.6644975143102337,0.6562684429255868,0.6583257107717486,2025600.0
1980-09-02,False,daily,79.38,80.0,79.13,79.87,33600.0,0.6532236865132675,0.6583257107717486,0.6511664186671058,0.6572559314917445,1612800.0
1980-08-29,False,daily,79.25,79.87,79.13,79.38,27800.0,0.6521539072332634,0.6572559314917445,0.6511664186671058,0.6532236865132675,1334400.0
1980-08-28,False,daily,79.0,79.87,79.0,79.25,33900.0,0.6500966393871017,0.6572559314917445,0.6500966393871017,0.6521539072332634,1627200.0
1980-08-27,False,daily,80.12,80.12,79.0,79.0,55400.0,0.6593131993379062,0.6593131993379062,0.6500966393871017,0.6500966393871017,2659200.0
1980-08-26,False,daily,82.0,82.0,80.38,80.75,26300.0,0.6747838535410423,0.6747838535410423,0.6614527578979144,0.6644975143102337,1262400.0
1980-08-25,False,daily,81.88,82.87,81.37,82.0,53000.0,0.6737963649748846,0.681943145645685,0.6695995385687148,0.6747838535410423,2544000.0
1980-08-22,False,daily,81.0,82.75,81.0,81.88,73600.0,0.6665547821563954,0.6809556570795274,0.6665547821563954,0.6737963649748846,3532800.0
1980-08-21,False,daily,80.5,81.37,80.5,81.0,29600.0,0.662440246464072,0.6695995385687148,0.662440246464072,0.6665547821563954,1420800.0
1980-08-20,False,daily,79.38,80.5,79.38,80.38,64800.0,0.6532236865132675,0.662440246464072,0.6532236865132675,0.6614527578979144,3110400.0
1980-08-19,False,daily,80.25,80.5,79.38,79.38,44100.0,0.6603829786179103,0.662440246464072,0.6532236865132675,0.6532236865132675,2116800.0
1980-08-18,False,daily,81.88,81.88,80.12,80.25,49800.0,0.6737963649748846,0.6737963649748846,0.6593131993379062,0.6603829786179103,2390400.0
1980-08-15,False,daily,83.0,83.25,82.5,82.75,58200.0,0.6781538784446218,0.6801965106086116,0.6740686141166422,0.676111246280632,2793600.0
1980-08-14,False,daily,83.5,83.5,82.75,83.0,44900.0,0.6822391427726014,0.6822391427726014,0.676111246280632,0.6781538784446218,2155200.0
1980-08-13,False,daily,84.0,84.37,83.5,83.5,45800.0,0.6863244071005811,0.689347502703286,0.6822391427726014,0.6822391427726014,2198400.0
1980-08-12,False,daily,84.88,85.5,84.0,84.0,61800.0,0.6935144723178253,0.69858020008452,0.6863244071005811,0.6863244071005811,2966400.0
1980-08-11,False,daily,85.38,85.5,84.62,84.88,48500.0,0.6975997366458049,0.69858020008452,0.6913901348672759,0.6935144723178253,2328000.0
1980-08-08,False,daily,85.0,85.75,85.0,85.38,111100.0,0.6944949357565404,0.7006228322485099,0.6944949357565404,0.6975997366458049,5332800.0
1980-08-07,False,daily,83.5,84.37,83.5,84.37,103300.0,0.6822391427726014,0.689347502703286,0.6822391427726014,0.689347502703286,4958400.0
1980-08-06,False,daily,81.62,83.25,81.62,83.25,55000.0,0.666878548899398,0.6801965106086116,0.666878548899398,0.6801965106086116,2640000.0
1980-08-05,False,daily,81.0,81.88,80.75,81.37,33000.0,0.6618128211327032,0.6690028863499473,0.6597701889687134,0.6648359167354082,1584000.0
1980-08-04,False,daily,80.88,81.12,80.5,81.0,27200.0,0.6608323576939881,0.6627932845714184,0.6577275568047236,0.6618128211327032,1305600.0
1980-08-01,False,daily,81.0,81.25,80.25,80.88,37000.0,0.6618128211327032,0.663855453296693,0.6556849246407337,0.6608323576939881,1776000.0
1980-07-31,False,daily,81.12,81.12,79.0,81.0,82900.0,0.6627932845714184,0.6627932845714184,0.6454717638207846,0.6618128211327032,3979200.0
1980-07-30,False,daily,80.75,81.37,80.75,81.25,86600.0,0.6597701889687134,0.6648359167354082,0.6597701889687134,0.663855453296693,4156800.0
1980-07-29,False,daily,80.12,80.5,79.87,80.5,51400.0,0.654622755915459,0.6577275568047236,0.6525801237514692,0.6577275568047236,2467200.0
1980-07-28,False,daily,79.38,80.38,79.38,80.12,32600.0,0.6485765647100491,0.6567470933660084,0.6485765647100491,0.654622755915459,1564800.0
1980-07-25,False,daily,79.75,79.75,79.13,79.38,25500.0,0.6515996603127541,0.6515996603127541,0.6465339325460593,0.6485765647100491,1224000.0
1980-07-24,False,daily,80.75,80.75,79.62,80.0,108400.0,0.6597701889687134,0.6597701889687134,0.6505374915874794,0.6536422924767439,5203200.0
1980-07-23,False,daily,80.25,81.0,80.12,80.75,43700.0,0.6556849246407337,0.6618128211327032,0.654622755915459,0.6597701889687134,2097600.0
1980-07-22,False,daily,79.75,80.75,79.5,80.25,58700.0,0.6515996603127541,0.6597701889687134,0.6495570281487643,0.6556849246407337,2817600.0
1980-07-21,False,daily,79.38,79.75,79.25,79.75,41700.0,0.6485765647100491,0.6515996603127541,0.6475143959847744,0.6515996603127541,2001600.0
1980-07-18,False,daily,79.38,79.5,78.88,79.38,119300.0,0.6485765647100491,0.6495570281487643,0.6444913003820695,0.6485765647100491,5726400.0
1980-07-17,False,daily,79.62,80.12,79.25,79.38,30700.0,0.6505374915874794,0.654622755915459,0.6475143959847744,0.6485765647100491,1473600.0
1980-07-16,False,daily,80.12,80.25,79.62,79.62,46700.0,0.654622755915459,0.6556849246407337,0.6505374915874794,0.6505374915874794,2241600.0
1980-07-15,False,daily,80.12,80.75,80.12,80.12,48500.0,0.654622755915459,0.6597701889687134,0.654622755915459,0.654622755915459,2328000.0
1980-07-14,False,daily,79.5,80.12,79.5,79.87,40100.0,0.6495570281487643,0.654622755915459,0.6495570281487643,0.6525801237514692,1924800.0
1980-07-11,False,daily,79.5,79.5,79.0,79.5,51400.0,0.6495570281487643,0.6495570281487643,0.6454717638207846,0.6495570281487643,2467200.0
1980-07-10,False,daily,80.75,80.75,79.38,79.5,33000.0,0.6597701889687134,0.6597701889687134,0.6485765647100491,0.6495570281487643,1584000.0
1980-07-09,False,daily,81.12,81.25,80.25,80.75,45500.0,0.6627932845714184,0.663855453296693,0.6556849246407337,0.6597701889687134,2184000.0
1980-07-08,False,daily,81.0,81.5,81.0,81.12,52400.0,0.6618128211327032,0.6658980854606829,0.6618128211327032,0.6627932845714184,2515200.0
1980-07-07,False,daily,80.0,80.88,80.0,80.75,33300.0,0.6536422924767439,0.6608323576939881,0.6536422924767439,0.6597701889687134,1598400.0
1980-07-03,False,daily,78.62,79.13,78.62,79.13,78200.0,0.6423669629315201,0.6465339325460593,0.6423669629315201,0.6465339325460593,3753600.0
1980-07-02,False,daily,78.75,79.0,78.5,78.62,34500.0,0.6434291316567948,0.6454717638207846,0.6413864994928049,0.6423669629315201,1656000.0
1980-07-01,False,daily,78.5,78.75,78.12,78.75,35700.0,0.6413864994928049,0.6434291316567948,0.6382816986035404,0.6434291316567948,1713600.0
1980-06-30,False,daily,79.5,79.87,78.5,78.5,36300.0,0.6495570281487643,0.6525801237514692,0.6413864994928049,0.6413864994928049,1742400.0
1980-06-27,False,daily,79.62,80.0,79.25,79.5,24800.0,0.6505374915874794,0.6536422924767439,0.6475143959847744,0.6495570281487643,1190400.0
1980-06-26,False,daily,79.87,80.38,79.38,79.62,52400.0,0.6525801237514692,0.6567470933660084,0.6485765647100491,0.6505374915874794,2515200.0
1980-06-25,False,daily,79.38,80.38,79.0,79.87,21500.0,0.6485765647100491,0.6567470933660084,0.6454717638207846,0.6525801237514692,1032000.0
1980-06-24,False,daily,79.75,79.75,79.0,79.38,28200.0,0.6515996603127541,0.6515996603127541,0.6454717638207846,0.6485765647100491,1353600.0
1980-06-23,False,daily,79.75,80.38,79.5,80.0,38700.0,0.6515996603127541,0.6567470933660084,0.6495570281487643,0.6536422924767439,1857600.0
1980-06-20,False,daily,79.87,79.87,79.0,79.75,38400.0,0.6525801237514692,0.6525801237514692,0.6454717638207846,0.6515996603127541,1843200.0
1980-06-19,False,daily,81.37,81.37,80.0,80.0,27500.0,0.6648359167354082,0.6648359167354082,0.6536422924767439,0.6536422924767439,1320000.0
1980-06-18,False,daily,81.5,81.5,80.5,81.5,31700.0,0.6658980854606829,0.6658980854606829,0.6577275568047236,0.6658980854606829,1521600.0
1980-06-17,False,daily,81.25,82.0,81.0,81.75,35600.0,0.663855453296693,0.6699833497886625,0.6618128211327032,0.6679407176246727,1708800.0
1980-06-16,False,daily,81.0,81.25,80.63,81.25,31800.0,0.6618128211327032,0.663855453296693,0.6587897255299983,0.663855453296693,1526400.0
1980-06-13,False,daily,81.75,81.75,80.5,81.0,51200.0,0.6679407176246727,0.6679407176246727,0.6577275568047236,0.6618128211327032,2457600.0
1980-06-12,False,daily,81.75,82.0,81.25,81.75,63300.0,0.6679407176246727,0.6699833497886625,0.663855453296693,0.6679407176246727,3038400.0
1980-06-11,False,daily,82.0,82.5,81.62,81.75,70600.0,0.6699833497886625,0.6740686141166422,0.666878548899398,0.6679407176246727,3388800.0
1980-06-10,False,daily,81.75,82.25,81.75,82.0,70300.0,0.6679407176246727,0.6720259819526523,0.6679407176246727,0.6699833497886625,3374400.0
1980-06-09,False,daily,80.88,82.25,80.63,81.62,70800.0,0.6608323576939881,0.6720259819526523,0.6587897255299983,0.666878548899398,3398400.0
1980-06-06,False,daily,79.87,81.0,79.75,80.88,70900.0,0.6525801237514692,0.6618128211327032,0.6515996603127541,0.6608323576939881,3403200.0
1980-06-05,False,daily,79.75,80.25,79.75,79.87,44300.0,0.6515996603127541,0.6556849246407337,0.6515996603127541,0.6525801237514692,2126400.0
1980-06-04,False,daily,78.88,79.5,78.25,79.13,35800.0,0.6444913003820695,0.6495570281487643,0.6393438673288151,0.6465339325460593,1718400.0
1980-06-03,False,daily,79.13,79.13,78.5,78.88,69100.0,0.6465339325460593,0.6465339325460593,0.6413864994928049,0.6444913003820695,3316800.0
1980-06-02,False,daily,79.87,79.87,79.25,79.25,32600.0,0.6525801237514692,0.6525801237514692,0.6475143959847744,0.6475143959847744,1564800.0
1980-05-30,False,daily,80.0,80.0,79.25,80.0,34700.0,0.6536422924767439,0.6536422924767439,0.6475143959847744,0.6536422924767439,1665600.0
1980-05-29,False,daily,80.63,80.88,79.5,80.12,17400.0,0.6587897255299983,0.6608323576939881,0.6495570281487643,0.654622755915459,835200.0
1980-05-28,False,daily,80.75,80.88,80.12,80.63,43900.0,0.6597701889687134,0.6608323576939881,0.654622755915459,0.6587897255299983,2107200.0
1980-05-27,False,daily,81.62,81.62,80.25,80.75,76100.0,0.666878548899398,0.666878548899398,0.6556849246407337,0.6597701889687134,3652800.0
1980-05-23,False,daily,80.0,81.88,80.0,81.62,139600.0,0.6536422924767439,0.6690028863499473,0.6536422924767439,0.666878548899398,6700800.0
1980-05-22,False,daily,79.38,80.0,79.38,79.87,66200.0,0.6485765647100491,0.6536422924767439,0.6485765647100491,0.6525801237514692,3177600.0
1980-05-21,False,daily,78.75,79.13,78.75,79.13,81000.0,0.6434291316567948,0.6465339325460593,0.6434291316567948,0.6465339325460593,3888000.0
1980-05-20,False,daily,78.25,78.88,78.25,78.62,42300.0,0.6393438673288151,0.6444913003820695,0.6393438673288151,0.6423669629315201,2030400.0
1980-05-19,False,daily,79.25,79.38,78.25,78.25,40200.0,0.6475143959847744,0.6485765647100491,0.6393438673288151,0.6393438673288151,1929600.0
1980-05-16,False,daily,79.38,79.38,79.0,79.25,49000.0,0.6438454321415965,0.6438454321415965,0.6407632796571696,0.6427910115548189,2352000.0
1980-05-15,False,daily,77.88,79.62,77.63,79.38,100500.0,0.6316790407557008,0.6457920547633399,0.6296513088580515,0.6438454321415965,4824000.0
1980-05-14,False,daily,77.38,78.0,77.38,77.88,46900.0,0.6276235769604023,0.6326523520665726,0.6276235769604023,0.6316790407557008,2251200.0
1980-05-13,False,daily,77.25,77.25,76.75,77.25,30700.0,0.6265691563736248,0.6265691563736248,0.6225136925783262,0.6265691563736248,1473600.0
1980-05-12,False,daily,76.87,77.5,76.62,77.25,36800.0,0.6234870038891979,0.628596888271274,0.6214592719915486,0.6265691563736248,1766400.0
1980-05-09,False,daily,76.87,77.12,76.75,76.87,12500.0,0.6234870038891979,0.6255147357868471,0.6225136925783262,0.6234870038891979,600000.0
1980-05-08,False,daily,76.5,77.5,76.38,76.87,56500.0,0.620485960680677,0.628596888271274,0.6195126493698052,0.6234870038891979,2712000.0
1980-05-07,False,daily,76.75,77.12,76.0,76.5,72900.0,0.6225136925783262,0.6255147357868471,0.6164304968853783,0.620485960680677,3499200.0
1980-05-06,False,daily,76.0,77.12,75.88,76.75,105600.0,0.6164304968853783,0.6255147357868471,0.6154571855745067,0.6225136925783262,5068800.0
1980-05-05,False,daily,75.75,76.0,75.25,76.0,50100.0,0.614402764987729,0.6164304968853783,0.6103473011924305,0.6164304968853783,2404800.0
1980-05-02,False,daily,75.62,75.88,75.12,75.75,50700.0,0.6133483444009515,0.6154571855745067,0.609292880605653,0.614402764987729,2433600.0
1980-05-01,False,daily,75.88,76.25,75.12,75.62,65700.0,0.6154571855745067,0.6184582287830276,0.609292880605653,0.6133483444009515,3153600.0
1980-04-30,False,daily,75.88,75.88,75.0,75.88,51600.0,0.6154571855745067,0.6154571855745067,0.6083195692947813,0.6154571855745067,2476800.0
1980-04-29,False,daily,75.5,76.0,75.12,75.88,27400.0,0.6123750330900798,0.6164304968853783,0.609292880605653,0.6154571855745067,1315200.0
1980-04-28,False,daily,75.5,76.5,75.5,75.5,57100.0,0.6123750330900798,0.620485960680677,0.6123750330900798,0.6123750330900798,2740800.0
1980-04-25,False,daily,74.0,75.5,72.88,75.25,59500.0,0.6002086417041842,0.6123750330900798,0.5911244028027154,0.6103473011924305,2856000.0
1980-04-24,False,daily,72.0,74.25,71.75,74.0,54600.0,0.5839867865229901,0.6022363736018335,0.5819590546253408,0.6002086417041842,2620800.0
1980-04-23,False,daily,72.25,72.37,71.88,72.0,34800.0,0.5860145184206393,0.586987829731511,0.5830134752121183,0.5839867865229901,1670400.0
1980-04-22,False,daily,71.88,72.75,71.88,72.25,75000.0,0.5830134752121183,0.5900699822159379,0.5830134752121183,0.5860145184206393,3600000.0
1980-04-21,False,daily,71.38,71.5,71.12,71.25,24700.0,0.5789580114168198,0.5799313227276915,0.5768491702432647,0.5779035908300422,1185600.0
1980-04-18,False,daily,71.5,71.75,71.12,71.38,26700.0,0.5799313227276915,0.5819590546253408,0.5768491702432647,0.5789580114168198,1281600.0
1980-04-17,False,daily,71.63,71.88,71.12,71.5,50800.0,0.5809857433144691,0.5830134752121183,0.5768491702432647,0.5799313227276915,2438400.0
1980-04-16,False,daily,71.38,72.25,71.38,71.63,69500.0,0.5789580114168198,0.5860145184206393,0.5789580114168198,0.5809857433144691,3336000.0
1980-04-15,False,daily,70.13,71.25,70.13,71.25,55800.0,0.5688193519285735,0.5779035908300422,0.5688193519285735,0.5779035908300422,2678400.0
1980-04-14,False,daily,70.75,70.75,70.0,70.13,27700.0,0.5738481270347436,0.5738481270347436,0.5677649313417958,0.5688193519285735,1329600.0
1980-04-11,False,daily,71.5,71.5,70.87,71.0,74400.0,0.5799313227276915,0.5799313227276915,0.5748214383456154,0.5758758589323929,3571200.0
1980-04-10,False,daily,71.5,71.75,71.5,71.5,28500.0,0.5799313227276915,0.5819590546253408,0.5799313227276915,0.5799313227276915,1368000.0
1980-04-09,False,daily,71.12,71.5,70.87,71.5,25700.0,0.5768491702432647,0.5799313227276915,0.5748214383456154,0.5799313227276915,1233600.0
1980-04-08,False,daily,70.5,71.38,70.13,71.12,60100.0,0.5718203951370944,0.5789580114168198,0.5688193519285735,0.5768491702432647,2884800.0
1980-04-07,False,daily,72.0,72.0,70.5,70.5,66800.0,0.5839867865229901,0.5839867865229901,0.5718203951370944,0.5718203951370944,3206400.0
1980-04-03,False,daily,71.63,72.25,71.63,72.0,85600.0,0.5809857433144691,0.5860145184206393,0.5809857433144691,0.5839867865229901,4108800.0
1980-04-02,False,daily,71.88,71.88,71.12,71.12,97100.0,0.5830134752121183,0.5830134752121183,0.5768491702432647,0.5768491702432647,4660800.0
1980-04-01,False,daily,71.0,71.5,70.87,71.38,48200.0,0.5758758589323929,0.5799313227276915,0.5748214383456154,0.5789580114168198,2313600.0
1980-03-31,False,daily,69.0,71.12,69.0,71.0,109400.0,0.5596540037511988,0.5768491702432647,0.5596540037511988,0.5758758589323929,5251200.0
1980-03-28,False,daily,68.38,69.12,68.38,69.0,129500.0,0.5546252286450285,0.5606273150620704,0.5546252286450285,0.5596540037511988,6216000.0
1980-03-27,False,daily,67.5,67.87,66.62,67.75,36200.0,0.5474876123653032,0.5504886555738241,0.5403499960855778,0.5495153442629525,1737600.0
1980-03-26,False,daily,67.0,68.0,67.0,67.5,64600.0,0.5434321485700047,0.5515430761606017,0.5434321485700047,0.5474876123653032,3100800.0
1980-03-25,False,daily,66.88,66.88,66.25,66.75,50300.0,0.5424588372591329,0.5424588372591329,0.5373489528770568,0.5414044166723554,2414400.0
1980-03-24,False,daily,68.38,68.38,66.88,66.88,62300.0,0.5546252286450285,0.5546252286450285,0.5424588372591329,0.5424588372591329,2990400.0
1980-03-21,False,daily,68.5,68.75,68.12,68.38,36300.0,0.5555985399559003,0.5576262718535495,0.5525163874714734,0.5546252286450285,1742400.0
1980-03-20,False,daily,68.25,68.63,68.25,68.5,31600.0,0.553570808058251,0.5566529605426779,0.553570808058251,0.5555985399559003,1516800.0
1980-03-19,False,daily,67.75,68.38,67.75,68.12,38000.0,0.5495153442629525,0.5546252286450285,0.5495153442629525,0.5525163874714734,1824000.0
1980-03-18,False,daily,66.5,68.0,66.5,67.62,51700.0,0.5393766847747061,0.5515430761606017,0.5393766847747061,0.5484609236761748,2481600.0
1980-03-17,False,daily,66.88,67.0,66.0,66.5,39900.0,0.5424588372591329,0.5434321485700047,0.5353212209794075,0.5393766847747061,1915200.0
1980-03-14,False,daily,66.75,67.25,66.25,66.88,51000.0,0.5414044166723554,0.5454598804676539,0.5373489528770568,0.5424588372591329,2448000.0
1980-03-13,False,daily,68.38,68.38,66.75,66.75,53200.0,0.5546252286450285,0.5546252286450285,0.5414044166723554,0.5414044166723554,2553600.0
1980-03-12,False,daily,69.75,69.75,68.0,68.38,73200.0,0.5657371994441466,0.5657371994441466,0.5515430761606017,0.5546252286450285,3513600.0
1980-03-11,False,daily,68.75,69.75,68.75,69.75,46300.0,0.5576262718535495,0.5657371994441466,0.5576262718535495,0.5657371994441466,2222400.0
1980-03-10,False,daily,68.25,69.0,68.12,68.25,63200.0,0.553570808058251,0.5596540037511988,0.5525163874714734,0.553570808058251,3033600.0
1980-03-07,False,daily,68.0,69.12,68.0,68.25,68300.0,0.5515430761606017,0.5606273150620704,0.5515430761606017,0.553570808058251,3278400.0
1980-03-06,False,daily,67.75,68.25,67.38,67.87,48400.0,0.5495153442629525,0.553570808058251,0.5465143010544314,0.5504886555738241,2323200.0
1980-03-05,False,daily,68.88,68.88,67.5,67.75,47500.0,0.5586806924403271,0.5586806924403271,0.5474876123653032,0.5495153442629525,2280000.0
1980-03-04,False,daily,68.63,69.0,68.5,69.0,95600.0,0.5566529605426779,0.5596540037511988,0.5555985399559003,0.5596540037511988,4588800.0
1980-03-03,False,daily,68.63,69.25,68.63,68.63,47600.0,0.5566529605426779,0.561681735648848,0.5566529605426779,0.5566529605426779,2284800.0
1980-02-29,False,daily,69.25,69.62,68.5,68.63,98900.0,0.561681735648848,0.5646827788573691,0.5555985399559003,0.5566529605426779,4747200.0
1980-02-28,False,daily,69.75,69.75,69.25,69.25,74900.0,0.5657371994441466,0.5657371994441466,0.561681735648848,0.561681735648848,3595200.0
1980-02-27,False,daily,69.75,70.0,69.62,69.75,46000.0,0.5657371994441466,0.5677649313417958,0.5646827788573691,0.5657371994441466,2208000.0
1980-02-26,False,daily,70.0,70.25,69.5,69.75,90700.0,0.5677649313417958,0.5697926632394451,0.5637094675464973,0.5657371994441466,4353600.0
1980-02-25,False,daily,70.5,70.62,70.0,70.0,130100.0,0.5718203951370944,0.5727937064479661,0.5677649313417958,0.5677649313417958,6244800.0
1980-02-22,False,daily,70.38,70.62,70.13,70.5,93500.0,0.5708470838262227,0.5727937064479661,0.5688193519285735,0.5718203951370944,4488000.0
1980-02-21,False,daily,72.0,72.0,70.0,70.38,61300.0,0.5839867865229901,0.5839867865229901,0.5677649313417958,0.5708470838262227,2942400.0
1980-02-20,False,daily,72.37,72.75,71.88,72.25,37300.0,0.586987829731511,0.5900699822159379,0.5830134752121183,0.5860145184206393,1790400.0
1980-02-19,False,daily,72.37,72.37,72.0,72.37,27600.0,0.586987829731511,0.586987829731511,0.5839867865229901,0.586987829731511,1324800.0
1980-02-15,False,daily,73.38,73.38,72.25,72.5,58200.0,0.5951798665980139,0.5951798665980139,0.5860145184206393,0.5880422503182886,2793600.0
1980-02-14,False,daily,74.25,74.75,73.5,73.62,57500.0,0.5981114669333277,0.6021391535793434,0.5920699369643042,0.593036581759348,2760000.0
1980-02-13,False,daily,74.0,74.75,74.0,74.25,84900.0,0.5960976236103199,0.6021391535793434,0.5960976236103199,0.5981114669333277,4075200.0
1980-02-12,False,daily,74.25,74.25,73.38,73.75,59300.0,0.5981114669333277,0.5981114669333277,0.5911032921692604,0.594083780287312,2846400.0
1980-02-11,False,daily,75.37,75.5,74.63,74.88,83300.0,0.6071334850204029,0.608180683548367,0.6011725087842996,0.6031863521073074,3998400.0
1980-02-08,False,daily,75.25,75.5,74.63,75.37,55900.0,0.606166840225359,0.608180683548367,0.6011725087842996,0.6071334850204029,2683200.0
1980-02-07,False,daily,75.5,76.25,75.12,75.25,65400.0,0.608180683548367,0.6142222135173905,0.6051196416973951,0.606166840225359,3139200.0
1980-02-06,False,daily,75.75,76.25,75.12,75.5,42900.0,0.6101945268713748,0.6142222135173905,0.6051196416973951,0.608180683548367,2059200.0
1980-02-05,False,daily,75.37,75.75,75.0,75.75,51200.0,0.6071334850204029,0.6101945268713748,0.6041529969023512,0.6101945268713748,2457600.0
1980-02-04,False,daily,75.0,75.75,74.88,75.37,47200.0,0.6041529969023512,0.6101945268713748,0.6031863521073074,0.6071334850204029,2265600.0
1980-02-01,False,daily,75.0,75.0,74.5,75.0,78700.0,0.6041529969023512,0.6041529969023512,0.6001253102563355,0.6041529969023512,3777600.0
1980-01-31,False,daily,75.37,76.38,75.37,75.37,78300.0,0.6071334850204029,0.6152694120453545,0.6071334850204029,0.6071334850204029,3758400.0
1980-01-30,False,daily,76.0,76.0,75.25,75.37,80200.0,0.6122083701943826,0.6122083701943826,0.606166840225359,0.6071334850204029,3849600.0
1980-01-29,False,daily,77.0,77.12,75.75,76.0,37600.0,0.6202637434864139,0.6212303882814577,0.6101945268713748,0.6122083701943826,1804800.0
1980-01-28,False,daily,76.25,77.0,76.25,77.0,47400.0,0.6142222135173905,0.6202637434864139,0.6142222135173905,0.6202637434864139,2275200.0
1980-01-25,False,daily,76.25,76.25,75.0,76.0,63700.0,0.6142222135173905,0.6142222135173905,0.6041529969023512,0.6122083701943826,3057600.0
1980-01-24,False,daily,77.25,78.0,76.5,76.75,61600.0,0.6222775868094218,0.6283191167784453,0.6162360568403983,0.6182499001634061,2956800.0
1980-01-23,False,daily,76.75,77.5,76.38,77.25,70900.0,0.6182499001634061,0.6242914301324296,0.6152694120453545,0.6222775868094218,3403200.0
1980-01-22,False,daily,77.25,77.88,76.75,76.75,59400.0,0.6222775868094218,0.6273524719834015,0.6182499001634061,0.6182499001634061,2851200.0
1980-01-21,False,daily,76.25,77.5,76.13,77.25,41900.0,0.6142222135173905,0.6242914301324296,0.6132555687223467,0.6222775868094218,2011200.0
1980-01-18,False,daily,76.75,77.5,76.25,76.25,74200.0,0.6182499001634061,0.6242914301324296,0.6142222135173905,0.6142222135173905,3561600.0
1980-01-17,False,daily,77.75,78.0,76.75,76.75,64000.0,0.6263052734554374,0.6283191167784453,0.6182499001634061,0.6182499001634061,3072000.0
1980-01-16,False,daily,78.25,79.13,77.75,77.75,46700.0,0.6303329601014531,0.6374216885984407,0.6263052734554374,0.6263052734554374,2241600.0
1980-01-15,False,daily,78.12,78.62,77.75,78.25,37500.0,0.629285761573489,0.6333134482195047,0.6263052734554374,0.6303329601014531,1800000.0
1980-01-14,False,daily,79.13,79.5,78.12,78.12,35900.0,0.6374216885984407,0.6404021767164924,0.629285761573489,0.629285761573489,1723200.0
1980-01-11,False,daily,79.62,80.0,78.88,79.13,46100.0,0.6413688215115361,0.644429863362508,0.6354078452754328,0.6374216885984407,2212800.0
1980-01-10,False,daily,79.75,80.63,79.5,79.62,76300.0,0.6424160200395002,0.6495047485364877,0.6404021767164924,0.6413688215115361,3662400.0
1980-01-09,False,daily,81.0,81.62,79.5,79.75,99800.0,0.6524852366545394,0.6574795680955988,0.6404021767164924,0.6424160200395002,4790400.0
1980-01-08,False,daily,78.0,81.0,78.0,81.0,104600.0,0.6283191167784453,0.6524852366545394,0.6283191167784453,0.6524852366545394,5020800.0
1980-01-07,False,daily,78.0,78.5,77.25,77.88,40000.0,0.6283191167784453,0.6323468034244609,0.6222775868094218,0.6273524719834015,1920000.0
1980-01-04,False,daily,76.87,78.0,76.75,78.0,36300.0,0.6192165449584499,0.6283191167784453,0.6182499001634061,0.6283191167784453,1742400.0
1980-01-03,False,daily,76.75,77.25,75.88,76.87,88500.0,0.6182499001634061,0.6222775868094218,0.6112417253993387,0.6192165449584499,4248000.0
1980-01-02,False,daily,79.0,79.0,76.62,76.75,44000.0,0.6363744900704766,0.6363744900704766,0.6172027016354421,0.6182499001634061,2112000.0
1981-12-31,False,daily,36.75,37.38,36.75,37.12,132800.0,0.9368539582786071,0.9529143118490976,0.9368539582786071,0.9462862294231807,2124800.0
1981-12-30,False,daily,36.38,36.75,36.38,36.75,50100.0,0.9274216871340334,0.9368539582786071,0.9274216871340334,0.9368539582786071,801600.0
1981-12-29,False,daily,36.38,36.5,36.38,36.38,93300.0,0.9274216871340334,0.9304808020998411,0.9274216871340334,0.9274216871340334,1492800.0
1981-12-28,False,daily,36.25,36.62,36.12,36.25,53700.0,0.924107645921075,0.9335399170656487,0.9207936047081167,0.924107645921075,859200.0
1981-12-24,False,daily,35.88,36.25,35.88,36.25,33200.0,0.9146753747765013,0.924107645921075,0.9146753747765013,0.924107645921075,531200.0
1981-12-23,False,daily,35.75,36.12,35.38,35.88,83300.0,0.911361333563543,0.9207936047081167,0.9019290624189693,0.9146753747765013,1332800.0
1981-12-22,False,daily,35.62,35.88,35.5,35.75,104000.0,0.9080472923505846,0.9146753747765013,0.9049881773847769,0.911361333563543,1664000.0
1981-12-21,False,daily,35.5,35.88,35.5,35.62,78600.0,0.9049881773847769,0.9146753747765013,0.9049881773847769,0.9080472923505846,1257600.0
1981-12-18,False,daily,35.0,35.75,35.0,35.38,106100.0,0.8922418650272448,0.911361333563543,0.8922418650272448,0.9019290624189693,1697600.0
1981-12-17,False,daily,34.88,35.25,34.75,35.0,91700.0,0.8891827500614372,0.8986150212060109,0.8858687088484788,0.8922418650272448,1467200.0
1981-12-16,False,daily,35.25,35.38,34.0,34.88,37600.0,0.8986150212060109,0.9019290624189693,0.8667492403121807,0.8891827500614372,601600.0
1981-12-15,False,daily,35.12,35.38,34.5,35.25,82100.0,0.8953009799930525,0.9019290624189693,0.8794955526697128,0.8986150212060109,1313600.0
1981-12-14,False,daily,36.25,36.25,34.75,35.12,213200.0,0.924107645921075,0.924107645921075,0.8858687088484788,0.8953009799930525,3411200.0
1981-12-11,False,daily,36.0,36.25,35.75,36.25,110900.0,0.917734489742309,0.924107645921075,0.911361333563543,0.924107645921075,1774400.0
1981-12-10,False,daily,36.0,36.0,35.62,36.0,190400.0,0.917734489742309,0.917734489742309,0.9080472923505846,0.917734489742309,3046400.0
1981-12-09,False,daily,36.12,36.5,35.75,36.0,209100.0,0.9207936047081167,0.9304808020998411,0.911361333563543,0.917734489742309,3345600.0
1981-12-08,False,daily,36.38,36.38,35.62,36.12,112800.0,0.9274216871340334,0.9274216871340334,0.9080472923505846,0.9207936047081167,1804800.0
1981-12-07,False,daily,36.38,36.75,36.38,36.38,134600.0,0.9274216871340334,0.9368539582786071,0.9274216871340334,0.9274216871340334,2153600.0
1981-12-04,False,daily,36.25,36.5,36.0,36.38,146400.0,0.924107645921075,0.9304808020998411,0.917734489742309,0.9274216871340334,2342400.0
1981-12-03,False,daily,36.38,36.38,36.0,36.25,103200.0,0.9274216871340334,0.9274216871340334,0.917734489742309,0.924107645921075,1651200.0
1981-12-02,False,daily,37.38,37.38,36.38,36.38,67800.0,0.9529143118490976,0.9529143118490976,0.9274216871340334,0.9274216871340334,1084800.0
1981-12-01,False,daily,37.75,37.75,37.25,37.38,209600.0,0.9623465829936713,0.9623465829936713,0.9496002706361392,0.9529143118490976,3353600.0
1981-11-30,False,daily,36.75,38.0,36.62,37.75,184900.0,0.9368539582786071,0.9687197391724373,0.9335399170656487,0.9623465829936713,2958400.0
1981-11-27,False,daily,36.62,36.75,36.5,36.75,85800.0,0.9335399170656487,0.9368539582786071,0.9304808020998411,0.9368539582786071,1372800.0
1981-11-25,False,daily,36.62,37.25,36.62,36.62,217900.0,0.9335399170656487,0.9496002706361392,0.9335399170656487,0.9335399170656487,3486400.0
1981-11-24,False,daily,35.75,36.75,35.75,36.5,149500.0,0.911361333563543,0.9368539582786071,0.911361333563543,0.9304808020998411,2392000.0
1981-11-23,False,daily,35.38,36.12,35.38,35.75,202200.0,0.9019290624189693,0.9207936047081167,0.9019290624189693,0.911361333563543,3235200.0
1981-11-20,False,daily,34.62,35.25,34.38,35.0,116000.0,0.8825546676355204,0.8986150212060109,0.8764364377039051,0.8922418650272448,1856000.0
1981-11-19,False,daily,35.25,35.25,34.25,34.62,94300.0,0.8986150212060109,0.8986150212060109,0.8731223964909467,0.8825546676355204,1508800.0
1981-11-18,False,daily,35.25,35.62,35.0,35.25,260300.0,0.8986150212060109,0.9080472923505846,0.8922418650272448,0.8986150212060109,4164800.0
1981-11-17,False,daily,34.25,35.38,34.25,35.25,73400.0,0.8731223964909467,0.9019290624189693,0.8731223964909467,0.8986150212060109,1174400.0
1981-11-16,False,daily,34.38,34.38,33.75,34.12,102600.0,0.8764364377039051,0.8764364377039051,0.8603760841334147,0.8698083552779884,1641600.0
1981-11-13,False,daily,35.25,35.75,34.88,35.0,86200.0,0.8928580233997987,0.9055226762139802,0.8834861803173044,0.8865256969927079,1379200.0
1981-11-12,False,daily,35.25,35.88,35.25,35.25,285300.0,0.8928580233997987,0.9088154859456675,0.8928580233997987,0.8928580233997987,4564800.0
1981-11-11,False,daily,35.12,35.38,35.0,35.25,101200.0,0.8895652136681115,0.8961508331314859,0.8865256969927079,0.8928580233997987,1619200.0
1981-11-10,False,daily,35.5,35.75,34.88,35.12,468200.0,0.8991903498068895,0.9055226762139802,0.8834861803173044,0.8895652136681115,7491200.0
1981-11-09,False,daily,35.75,35.75,35.38,35.5,196200.0,0.9055226762139802,0.9055226762139802,0.8961508331314859,0.8991903498068895,3139200.0
1981-11-06,False,daily,36.38,36.38,35.75,35.75,101000.0,0.921480138759849,0.921480138759849,0.9055226762139802,0.9055226762139802,1616000.0
1981-11-05,False,daily,36.75,37.12,36.38,36.5,253900.0,0.9308519818423433,0.9402238249248376,0.921480138759849,0.9245196554352526,4062400.0
1981-11-04,False,daily,37.0,37.0,36.75,36.75,110100.0,0.9371843082494341,0.9371843082494341,0.9308519818423433,0.9308519818423433,1761600.0
1981-11-03,False,daily,37.12,37.38,36.88,37.12,157200.0,0.9402238249248376,0.9468094443882121,0.9341447915740306,0.9402238249248376,2515200.0
1981-11-02,False,daily,36.62,37.12,36.62,37.12,242800.0,0.9275591721106561,0.9402238249248376,0.9275591721106561,0.9402238249248376,3884800.0
1981-10-30,False,daily,35.88,36.38,35.88,36.38,130600.0,0.9088154859456675,0.921480138759849,0.9088154859456675,0.921480138759849,2089600.0
1981-10-29,False,daily,35.88,35.88,35.38,35.88,161900.0,0.9088154859456675,0.9088154859456675,0.8961508331314859,0.9088154859456675,2590400.0
1981-10-28,False,daily,35.75,36.0,35.75,35.88,57600.0,0.9055226762139802,0.911855002621071,0.9055226762139802,0.9088154859456675,921600.0
1981-10-27,False,daily,35.5,36.0,35.38,35.75,186200.0,0.8991903498068895,0.911855002621071,0.8961508331314859,0.9055226762139802,2979200.0
1981-10-26,False,daily,35.5,35.75,35.12,35.5,132800.0,0.8991903498068895,0.9055226762139802,0.8895652136681115,0.8991903498068895,2124800.0
1981-10-23,False,daily,35.88,35.88,35.12,35.5,195000.0,0.9088154859456675,0.9088154859456675,0.8895652136681115,0.8991903498068895,3120000.0
1981-10-22,False,daily,35.0,36.75,34.88,36.62,238000.0,0.8865256969927079,0.9308519818423433,0.8834861803173044,0.9275591721106561,3808000.0
1981-10-21,False,daily,36.0,36.12,35.0,35.0,178700.0,0.911855002621071,0.9148945192964745,0.8865256969927079,0.8865256969927079,2859200.0
1981-10-20,False,daily,35.0,36.38,35.0,36.0,242100.0,0.8865256969927079,0.921480138759849,0.8865256969927079,0.911855002621071,3873600.0
1981-10-19,False,daily,34.0,35.25,33.88,35.0,166400.0,0.8611963913643449,0.8928580233997987,0.8581568746889413,0.8865256969927079,2662400.0
1981-10-16,False,daily,34.25,34.25,33.38,34.0,152500.0,0.8675287177714356,0.8675287177714356,0.8454922218747598,0.8611963913643449,2440000.0
1981-10-15,False,daily,33.38,34.25,33.0,34.25,202700.0,0.8454922218747598,0.8675287177714356,0.8358670857359818,0.8675287177714356,3243200.0
1981-10-14,False,daily,34.0,34.12,33.38,33.38,95100.0,0.8611963913643449,0.8642359080397484,0.8454922218747598,0.8454922218747598,1521600.0
1981-10-13,False,daily,34.25,34.62,34.0,34.0,82600.0,0.8675287177714356,0.8769005608539299,0.8611963913643449,0.8611963913643449,1321600.0
1981-10-12,False,daily,34.25,34.62,34.12,34.25,131400.0,0.8675287177714356,0.8769005608539299,0.8642359080397484,0.8675287177714356,2102400.0
1981-10-09,False,daily,35.0,35.0,34.0,34.25,343600.0,0.8865256969927079,0.8865256969927079,0.8611963913643449,0.8675287177714356,5497600.0
1981-10-08,False,daily,33.75,35.0,33.62,35.0,222700.0,0.8548640649572541,0.8865256969927079,0.8515712552255668,0.8865256969927079,3563200.0
1981-10-07,False,daily,32.5,33.75,32.38,33.75,181900.0,0.8232024329218002,0.8548640649572541,0.8201629162463967,0.8548640649572541,2910400.0
1981-10-06,False,daily,32.88,33.0,32.38,32.5,152600.0,0.8328275690605783,0.8358670857359818,0.8201629162463967,0.8232024329218002,2441600.0
1981-10-05,False,daily,33.5,33.5,32.62,32.88,222800.0,0.8485317385501633,0.8485317385501633,0.8262419495972038,0.8328275690605783,3564800.0
1981-10-02,False,daily,33.75,34.12,33.5,33.62,474200.0,0.8548640649572541,0.8642359080397484,0.8485317385501633,0.8515712552255668,7587200.0
1981-10-01,False,daily,33.0,33.75,32.88,33.75,219800.0,0.8358670857359818,0.8548640649572541,0.8328275690605783,0.8548640649572541,3516800.0
1981-09-30,False,daily,33.25,33.25,32.75,33.0,132100.0,0.8421994121430725,0.8421994121430725,0.829534759328891,0.8358670857359818,2113600.0
1981-09-29,False,daily,33.25,33.5,32.88,33.25,238800.0,0.8421994121430725,0.8485317385501633,0.8328275690605783,0.8421994121430725,3820800.0
1981-09-28,False,daily,31.38,33.5,30.62,33.25,381500.0,0.7948336106180336,0.8485317385501633,0.7755833383404777,0.8421994121430725,6104000.0
1981-09-25,False,daily,30.88,31.5,30.5,31.38,160600.0,0.782168957803852,0.7978731272934372,0.7725438216650741,0.7948336106180336,2569600.0
1981-09-24,False,daily,31.0,31.88,30.88,30.88,144500.0,0.7852084744792556,0.8074982634322151,0.782168957803852,0.782168957803852,2312000.0
1981-09-23,False,daily,31.25,31.25,30.62,31.0,137000.0,0.7915408008863464,0.7915408008863464,0.7755833383404777,0.7852084744792556,2192000.0
1981-09-22,False,daily,31.38,31.5,30.5,31.25,301600.0,0.7948336106180336,0.7978731272934372,0.7725438216650741,0.7915408008863464,4825600.0
1981-09-21,False,daily,30.38,31.5,30.0,31.38,301600.0,0.7695043049896705,0.7978731272934372,0.7598791688508925,0.7948336106180336,4825600.0
1981-09-18,False,daily,30.88,30.88,30.0,30.38,202500.0,0.782168957803852,0.782168957803852,0.7598791688508925,0.7695043049896705,3240000.0
1981-09-17,False,daily,31.38,32.0,30.88,31.0,217800.0,0.7948336106180336,0.8105377801076187,0.782168957803852,0.7852084744792556,3484800.0
1981-09-16,False,daily,31.38,31.62,31.0,31.38,189100.0,0.7948336106180336,0.8009126439688408,0.7852084744792556,0.7948336106180336,3025600.0
1981-09-15,False,daily,31.12,31.62,31.0,31.38,136500.0,0.7882479911546592,0.8009126439688408,0.7852084744792556,0.7948336106180336,2184000.0
1981-09-14,False,daily,31.38,31.38,31.0,31.12,58900.0,0.7948336106180336,0.7948336106180336,0.7852084744792556,0.7882479911546592,942400.0
1981-09-11,False,daily,30.38,31.75,30.38,31.38,195800.0,0.7695043049896705,0.8042054537005279,0.7695043049896705,0.7948336106180336,3132800.0
1981-09-10,False,daily,29.25,30.25,29.25,30.0,154800.0,0.7408821896296202,0.7662114952579833,0.7408821896296202,0.7598791688508925,2476800.0
1981-09-09,False,daily,29.0,29.75,29.0,29.0,172800.0,0.7345498632225295,0.7535468424438018,0.7345498632225295,0.7345498632225295,2764800.0
1981-09-08,False,daily,28.75,28.75,28.25,28.5,153400.0,0.7282175368154387,0.7282175368154387,0.7155528840012572,0.7218852104083479,2454400.0
1981-09-04,False,daily,29.38,29.38,28.88,29.0,100700.0,0.7441749993613074,0.7441749993613074,0.7315103465471259,0.7345498632225295,1611200.0
1981-09-03,False,daily,30.12,30.38,29.25,29.5,131300.0,0.7629186855262962,0.7695043049896705,0.7408821896296202,0.747214516036711,2100800.0
1981-09-02,False,daily,29.62,30.5,29.62,30.12,302600.0,0.7502540327121145,0.7725438216650741,0.7502540327121145,0.7629186855262962,4841600.0
1981-09-01,False,daily,29.88,30.0,29.25,29.62,226200.0,0.7568396521754889,0.7598791688508925,0.7408821896296202,0.7502540327121145,3619200.0
1981-08-31,False,daily,30.0,30.5,29.75,29.88,222200.0,0.7598791688508925,0.7725438216650741,0.7535468424438018,0.7568396521754889,3555200.0
1981-08-28,False,daily,30.25,30.5,30.0,30.0,220400.0,0.7662114952579833,0.7725438216650741,0.7598791688508925,0.7598791688508925,3526400.0
1981-08-27,False,daily,31.12,31.25,30.12,30.25,212200.0,0.7882479911546592,0.7915408008863464,0.7629186855262962,0.7662114952579833,3395200.0
1981-08-26,False,daily,31.12,31.5,30.88,31.12,240500.0,0.7882479911546592,0.7978731272934372,0.782168957803852,0.7882479911546592,3848000.0
1981-08-25,False,daily,30.5,31.25,30.0,31.12,279900.0,0.7725438216650741,0.7915408008863464,0.7598791688508925,0.7882479911546592,4478400.0
1981-08-24,False,daily,31.0,31.0,30.25,30.5,200500.0,0.7852084744792556,0.7852084744792556,0.7662114952579833,0.7725438216650741,3208000.0
1981-08-21,False,daily,31.62,31.62,30.75,31.38,440200.0,0.8009126439688408,0.8009126439688408,0.7788761480721649,0.7948336106180336,7043200.0
1981-08-20,False,daily,31.88,33.25,31.88,32.25,104200.0,0.8074982634322151,0.8421994121430725,0.8074982634322151,0.8168701065147095,1667200.0
1981-08-19,False,daily,31.0,32.0,30.75,31.75,107900.0,0.7852084744792556,0.8105377801076187,0.7788761480721649,0.8042054537005279,1726400.0
1981-08-18,False,daily,30.75,31.12,30.75,31.0,119400.0,0.7788761480721649,0.7882479911546592,0.7788761480721649,0.7852084744792556,1910400.0
1981-08-17,False,daily,31.5,31.5,30.62,30.75,118700.0,0.7978731272934372,0.7978731272934372,0.7755833383404777,0.7788761480721649,1899200.0
1981-08-14,False,daily,31.88,31.88,31.5,31.75,120600.0,0.8017620794491642,0.8017620794491642,0.7922053168961316,0.7984926606810215,1929600.0
1981-08-13,False,daily,32.38,32.5,31.75,31.88,132100.0,0.8143367670189442,0.8173546920356913,0.7984926606810215,0.8017620794491642,2113600.0
1981-08-12,False,daily,32.62,32.88,32.25,32.38,76500.0,0.8203726170524385,0.8269114545887241,0.8110673482508014,0.8143367670189442,1224000.0
1981-08-11,False,daily,32.62,32.62,32.12,32.62,151100.0,0.8203726170524385,0.8203726170524385,0.8077979294826586,0.8203726170524385,2417600.0
1981-08-10,False,daily,32.75,32.75,32.38,32.75,83800.0,0.8236420358205813,0.8236420358205813,0.8143367670189442,0.8236420358205813,1340800.0
1981-08-07,False,daily,32.88,32.88,32.0,32.88,48900.0,0.8269114545887241,0.8269114545887241,0.8047800044659115,0.8269114545887241,782400.0
1981-08-06,False,daily,33.12,33.12,32.75,33.0,165200.0,0.8329473046222183,0.8329473046222183,0.8236420358205813,0.8299293796054712,2643200.0
1981-08-05,False,daily,33.25,33.5,33.12,33.12,58900.0,0.8362167233903611,0.8425040671752511,0.8329473046222183,0.8329473046222183,942400.0
1981-08-04,False,daily,33.5,33.75,33.0,33.25,62000.0,0.8425040671752511,0.848791410960141,0.8299293796054712,0.8362167233903611,992000.0
1981-08-03,False,daily,33.62,34.12,33.5,33.5,47700.0,0.8455219921919982,0.8580966797617781,0.8425040671752511,0.8425040671752511,763200.0
1981-07-31,False,daily,33.0,33.75,33.0,33.62,138600.0,0.8299293796054712,0.848791410960141,0.8299293796054712,0.8455219921919982,2217600.0
1981-07-30,False,daily,32.62,33.38,32.25,33.0,100300.0,0.8203726170524385,0.8394861421585039,0.8110673482508014,0.8299293796054712,1604800.0
1981-07-29,False,daily,32.75,33.38,32.38,32.62,104800.0,0.8236420358205813,0.8394861421585039,0.8143367670189442,0.8203726170524385,1676800.0
1981-07-28,False,daily,33.25,33.38,32.75,32.75,111100.0,0.8362167233903611,0.8394861421585039,0.8236420358205813,0.8236420358205813,1777600.0
1981-07-27,False,daily,32.62,33.5,32.62,33.25,110900.0,0.8203726170524385,0.8425040671752511,0.8203726170524385,0.8362167233903611,1774400.0
1981-07-24,False,daily,31.62,32.5,31.38,32.5,62900.0,0.7952232419128787,0.8173546920356913,0.7891873918793844,0.8173546920356913,1006400.0
1981-07-23,False,daily,30.62,31.75,30.62,31.62,101500.0,0.770073866773319,0.7984926606810215,0.770073866773319,0.7952232419128787,1624000.0
1981-07-22,False,daily,31.62,31.88,30.12,30.25,165600.0,0.7952232419128787,0.8017620794491642,0.7574991792035392,0.760768597971682,2649600.0
1981-07-21,False,daily,32.38,32.38,30.88,31.62,175300.0,0.8143367670189442,0.8143367670189442,0.7766127043096045,0.7952232419128787,2804800.0
1981-07-20,False,daily,33.25,33.25,32.25,32.38,100400.0,0.8362167233903611,0.8362167233903611,0.8110673482508014,0.8143367670189442,1606400.0
1981-07-17,False,daily,32.88,33.38,32.75,33.25,145000.0,0.8269114545887241,0.8394861421585039,0.8236420358205813,0.8362167233903611,2320000.0
1981-07-16,False,daily,32.62,32.88,32.62,32.88,138700.0,0.8203726170524385,0.8269114545887241,0.8203726170524385,0.8269114545887241,2219200.0
1981-07-15,False,daily,32.25,33.12,32.25,32.25,162500.0,0.8110673482508014,0.8329473046222183,0.8110673482508014,0.8110673482508014,2600000.0
1981-07-14,False,daily,32.62,32.88,32.0,32.25,300300.0,0.8203726170524385,0.8269114545887241,0.8047800044659115,0.8110673482508014,4804800.0
1981-07-13,False,daily,32.5,33.0,32.25,32.62,77800.0,0.8173546920356913,0.8299293796054712,0.8110673482508014,0.8203726170524385,1244800.0
1981-07-10,False,daily,33.0,33.25,32.38,32.5,96100.0,0.8299293796054712,0.8362167233903611,0.8143367670189442,0.8173546920356913,1537600.0
1981-07-09,False,daily,33.5,33.5,33.0,33.0,90900.0,0.8425040671752511,0.8425040671752511,0.8299293796054712,0.8299293796054712,1454400.0
1981-07-08,False,daily,33.75,34.12,33.0,33.5,77600.0,0.848791410960141,0.8580966797617781,0.8299293796054712,0.8425040671752511,1241600.0
1981-07-07,False,daily,33.12,33.75,33.0,33.75,122500.0,0.8329473046222183,0.848791410960141,0.8299293796054712,0.848791410960141,1960000.0
1981-07-06,False,daily,33.5,33.5,32.5,33.12,143500.0,0.8425040671752511,0.8425040671752511,0.8173546920356913,0.8329473046222183,2296000.0
1981-07-02,False,daily,34.5,34.5,33.12,33.75,110500.0,0.8676534423148108,0.8676534423148108,0.8329473046222183,0.848791410960141,1768000.0
1981-07-01,False,daily,35.0,35.12,34.25,34.62,198800.0,0.8802281298845906,0.8832460549013378,0.8613660985299209,0.8706713673315579,3180800.0
1981-06-30,False,daily,35.12,35.12,34.5,35.0,159600.0,0.8832460549013378,0.8832460549013378,0.8676534423148108,0.8802281298845906,2553600.0
1981-06-29,False,daily,36.12,36.12,34.75,35.38,197600.0,0.9083954300408975,0.9083954300408975,0.8739407860997007,0.8897848924376235,3161600.0
1981-06-26,False,daily,37.0,37.0,36.0,36.25,376200.0,0.9305268801637101,0.9305268801637101,0.9053775050241504,0.9116648488090403,6019200.0
1981-06-25,False,daily,37.88,37.88,37.25,37.38,148300.0,0.9526583302865228,0.9526583302865228,0.9368142239486,0.9400836427167429,2372800.0
1981-06-24,False,daily,38.5,38.5,37.75,37.88,128900.0,0.9682509428730497,0.9682509428730497,0.9493889115183799,0.9526583302865228,2062400.0
1981-06-23,False,daily,37.62,38.5,37.38,38.5,145500.0,0.9461194927502371,0.9682509428730497,0.9400836427167429,0.9682509428730497,2328000.0
1981-06-22,False,daily,36.88,38.25,36.62,37.62,120800.0,0.9275089551469631,0.9619635990881598,0.9209701176106774,0.9461194927502371,1932800.0
1981-06-19,False,daily,36.25,37.0,36.12,36.88,129800.0,0.9116648488090403,0.9305268801637101,0.9083954300408975,0.9275089551469631,2076800.0
1981-06-18,False,daily,36.25,36.75,36.25,36.25,170300.0,0.9116648488090403,0.9242395363788202,0.9116648488090403,0.9116648488090403,2724800.0
1981-06-17,False,daily,37.0,37.12,35.88,36.25,161000.0,0.9305268801637101,0.9335448051804572,0.9023595800074034,0.9116648488090403,2576000.0
1981-06-16,False,daily,37.25,37.25,36.5,37.0,97100.0,0.9368142239486,0.9368142239486,0.9179521925939302,0.9305268801637101,1553600.0
1981-06-15,False,daily,36.62,37.25,36.62,37.25,155800.0,0.9209701176106774,0.9368142239486,0.9209701176106774,0.9368142239486,2492800.0
1981-06-12,False,daily,36.5,36.62,36.0,36.25,103400.0,0.9179521925939302,0.9209701176106774,0.9053775050241504,0.9116648488090403,1654400.0
1981-06-11,False,daily,36.62,36.62,36.12,36.5,68100.0,0.9209701176106774,0.9209701176106774,0.9083954300408975,0.9179521925939302,1089600.0
1981-06-10,False,daily,37.12,37.12,36.38,36.62,158100.0,0.9335448051804572,0.9335448051804572,0.9149342675771832,0.9209701176106774,2529600.0
1981-06-09,False,daily,37.5,37.88,36.88,37.12,192100.0,0.94310156773349,0.9526583302865228,0.9275089551469631,0.9335448051804572,3073600.0
1981-06-08,False,daily,37.0,37.5,37.0,37.5,174700.0,0.9305268801637101,0.94310156773349,0.9305268801637101,0.94310156773349,2795200.0
1981-06-05,False,daily,36.75,36.88,36.5,36.88,107600.0,0.9242395363788202,0.9275089551469631,0.9179521925939302,0.9275089551469631,1721600.0
1981-06-04,False,daily,37.0,37.25,36.75,36.75,132800.0,0.9305268801637101,0.9368142239486,0.9242395363788202,0.9242395363788202,2124800.0
1981-06-03,False,daily,37.25,37.25,36.5,37.0,218400.0,0.9368142239486,0.9368142239486,0.9179521925939302,0.9305268801637101,3494400.0
1981-06-02,False,daily,38.25,38.25,37.25,37.25,94800.0,0.9619635990881598,0.9619635990881598,0.9368142239486,0.9368142239486,1516800.0
1981-06-01,False,daily,38.25,39.38,38.25,38.38,227200.0,0.9619635990881598,0.9903823929958624,0.9619635990881598,0.9652330178563027,3635200.0
1981-05-29,False,daily,37.75,38.5,37.38,38.25,185000.0,0.9493889115183799,0.9682509428730497,0.9400836427167429,0.9619635990881598,2960000.0
1981-05-28,False,daily,37.88,38.12,37.38,37.75,151000.0,0.9526583302865228,0.958694180320017,0.9400836427167429,0.9493889115183799,2416000.0
1981-05-27,False,daily,37.75,38.12,37.0,37.88,202900.0,0.9493889115183799,0.958694180320017,0.9305268801637101,0.9526583302865228,3246400.0
1981-05-26,False,daily,36.5,37.75,36.12,37.75,155100.0,0.9179521925939302,0.9493889115183799,0.9083954300408975,0.9493889115183799,2481600.0
1981-05-22,False,daily,36.5,36.5,35.5,36.5,179800.0,0.9179521925939302,0.9179521925939302,0.8928028174543705,0.9179521925939302,2876800.0
1981-05-21,False,daily,37.0,37.0,36.25,36.5,129500.0,0.9249518280494395,0.9249518280494395,0.9062028045078968,0.9124524790217444,2072000.0
1981-05-20,False,daily,36.38,37.25,36.38,37.12,142500.0,0.9094526352550977,0.9312015025632872,0.9094526352550977,0.9279516718160863,2280000.0
1981-05-19,False,daily,36.38,36.38,35.25,36.38,54800.0,0.9094526352550977,0.9094526352550977,0.8812041064525066,0.9094526352550977,876800.0
1981-05-18,False,daily,108.12,109.0,108.0,108.0,37300.0,0.9009530779162649,0.908286029345846,0.8999531299940493,0.8999531299940493,1790400.0
1981-05-15,False,daily,106.62,108.37,106.62,108.12,32200.0,0.8884537288885698,0.9030363027542141,0.8884537288885698,0.9009530779162649,1545600.0
1981-05-14,False,daily,106.0,107.12,106.0,106.62,30100.0,0.8832873312904558,0.8926201785644682,0.8832873312904558,0.8884537288885698,1444800.0
1981-05-13,False,daily,106.13,106.75,105.75,105.88,28000.0,0.8843706082061893,0.8895370058043034,0.8812041064525066,0.8822873833682401,1344000.0
1981-05-12,False,daily,104.0,106.25,103.75,106.13,41900.0,0.8666215325868623,0.885370556128405,0.864538307748913,0.8843706082061893,2011200.0
1981-05-11,False,daily,105.62,105.62,103.87,104.0,37500.0,0.8801208295367731,0.8801208295367731,0.8655382556711287,0.8666215325868623,1800000.0
1981-05-08,False,daily,105.12,106.0,105.12,105.75,35500.0,0.8759543798608747,0.8832873312904558,0.8759543798608747,0.8812041064525066,1704000.0
1981-05-07,False,daily,105.25,105.62,104.88,105.0,44300.0,0.8770376567766083,0.8801208295367731,0.8739544840164434,0.8749544319386591,2126400.0
1981-05-06,False,daily,105.62,106.25,105.25,105.25,44800.0,0.8801208295367731,0.885370556128405,0.8770376567766083,0.8770376567766083,2150400.0
1981-05-05,False,daily,107.12,107.12,105.62,105.62,192600.0,0.8926201785644682,0.8926201785644682,0.8801208295367731,0.8801208295367731,9244800.0
1981-05-04,False,daily,107.88,108.12,106.75,107.25,63300.0,0.8989531820718336,0.9009530779162649,0.8895370058043034,0.8937034554802017,3038400.0
1981-05-01,False,daily,106.62,108.12,106.62,107.88,30100.0,0.8884537288885698,0.9009530779162649,0.8884537288885698,0.8989531820718336,1444800.0
1981-04-30,False,daily,107.0,107.75,106.5,106.62,52700.0,0.8916202306422525,0.8978699051561001,0.8874537809663542,0.8884537288885698,2529600.0
1981-04-29,False,daily,108.75,108.75,106.62,107.0,57900.0,0.9062028045078968,0.9062028045078968,0.8884537288885698,0.8916202306422525,2779200.0
1981-04-28,False,daily,109.75,110.0,108.5,109.0,40200.0,0.9145357038596936,0.9166189286976428,0.9041195796699477,0.908286029345846,1929600.0
1981-04-27,False,daily,109.25,109.75,109.0,109.75,42500.0,0.9103692541837952,0.9145357038596936,0.908286029345846,0.9145357038596936,2040000.0
1981-04-24,False,daily,108.75,109.75,108.75,109.25,55100.0,0.9062028045078968,0.9145357038596936,0.9062028045078968,0.9103692541837952,2644800.0
1981-04-23,False,daily,107.25,109.13,107.25,108.5,134000.0,0.8937034554802017,0.9093693062615796,0.8937034554802017,0.9041195796699477,6432000.0
1981-04-22,False,daily,109.5,109.87,107.0,107.0,57500.0,0.9124524790217444,0.9155356517819092,0.8916202306422525,0.8916202306422525,2760000.0
1981-04-21,False,daily,111.62,111.62,109.5,109.5,38400.0,0.9301182256475535,0.9301182256475535,0.9124524790217444,0.9124524790217444,1843200.0
1981-04-20,False,daily,111.5,112.38,110.5,112.0,41100.0,0.929118277725338,0.9364512291549191,0.9207853783735411,0.9332847274012364,1972800.0
1981-04-16,False,daily,109.87,112.0,109.75,111.5,70000.0,0.9155356517819092,0.9332847274012364,0.9145357038596936,0.929118277725338,3360000.0
1981-04-15,False,daily,107.0,110.12,107.0,109.87,142400.0,0.8916202306422525,0.9176188766198584,0.8916202306422525,0.9155356517819092,6835200.0
1981-04-14,False,daily,107.0,107.38,106.38,107.0,67300.0,0.8916202306422525,0.8947867323959353,0.8864538330441385,0.8916202306422525,3230400.0
1981-04-13,False,daily,107.12,107.5,106.38,107.0,85700.0,0.8926201785644682,0.8957866803181509,0.8864538330441385,0.8916202306422525,4113600.0
1981-04-10,False,daily,106.0,107.12,106.0,107.12,77700.0,0.8832873312904558,0.8926201785644682,0.8832873312904558,0.8926201785644682,3729600.0
1981-04-09,False,daily,105.0,106.38,105.0,106.0,120400.0,0.8749544319386591,0.8864538330441385,0.8749544319386591,0.8832873312904558,5779200.0
1981-04-08,False,daily,102.62,105.5,102.62,105.0,176000.0,0.8551221314813828,0.8791208816145574,0.8551221314813828,0.8749544319386591,8448000.0
1981-04-07,False,daily,102.62,103.13,102.62,102.62,67600.0,0.8551221314813828,0.8593719101507991,0.8551221314813828,0.8551221314813828,3244800.0
1981-04-06,False,daily,102.62,102.75,102.25,102.5,42000.0,0.8551221314813828,0.8562054083971163,0.8520389587212179,0.8541221835591671,2016000.0
1981-04-03,False,daily,102.62,102.75,102.0,102.62,97000.0,0.8551221314813828,0.8562054083971163,0.8499557338832687,0.8551221314813828,4656000.0
1981-04-02,False,daily,102.62,102.88,101.0,102.62,49600.0,0.8551221314813828,0.8572886853128499,0.841622834531472,0.8551221314813828,2380800.0
1981-04-01,False,daily,103.75,103.75,102.62,102.62,38600.0,0.864538307748913,0.864538307748913,0.8551221314813828,0.8551221314813828,1852800.0
1981-03-31,False,daily,102.75,103.75,102.75,103.75,55800.0,0.8562054083971163,0.864538307748913,0.8562054083971163,0.864538307748913,2678400.0
1981-03-30,False,daily,102.62,103.25,102.25,102.25,30200.0,0.8551221314813828,0.8603718580730148,0.8520389587212179,0.8520389587212179,1449600.0
1981-03-27,False,daily,103.0,103.25,102.62,102.62,26200.0,0.8582886332350655,0.8603718580730148,0.8551221314813828,0.8551221314813828,1257600.0
1981-03-26,False,daily,104.25,104.25,102.37,103.0,115500.0,0.8687047574248115,0.8687047574248115,0.8530389066434336,0.8582886332350655,5544000.0
1981-03-25,False,daily,102.75,104.25,102.37,104.25,38400.0,0.8562054083971163,0.8687047574248115,0.8530389066434336,0.8687047574248115,1843200.0
1981-03-24,False,daily,104.12,104.75,102.75,102.75,96600.0,0.867621480509078,0.8728712071007099,0.8562054083971163,0.8562054083971163,4636800.0
1981-03-23,False,daily,103.75,104.63,103.25,104.12,43600.0,0.864538307748913,0.8718712591784942,0.8603718580730148,0.867621480509078,2092800.0
1981-03-20,False,daily,102.75,104.0,102.0,103.75,82300.0,0.8562054083971163,0.8666215325868623,0.8499557338832687,0.864538307748913,3950400.0
1981-03-19,False,daily,103.62,103.62,102.37,102.75,52600.0,0.8634550308331795,0.8634550308331795,0.8530389066434336,0.8562054083971163,2524800.0
1981-03-18,False,daily,103.75,104.0,103.25,103.62,30100.0,0.864538307748913,0.8666215325868623,0.8603718580730148,0.8634550308331795,1444800.0
1981-03-17,False,daily,104.25,104.38,102.75,103.75,70400.0,0.8687047574248115,0.869788034340545,0.8562054083971163,0.864538307748913,3379200.0
1981-03-16,False,daily,103.75,104.5,103.75,104.25,46300.0,0.864538307748913,0.8707879822627607,0.864538307748913,0.8687047574248115,2222400.0
1981-03-13,False,daily,103.75,105.0,103.62,103.75,129900.0,0.864538307748913,0.8749544319386591,0.8634550308331795,0.864538307748913,6235200.0
1981-03-12,False,daily,101.75,103.75,101.5,103.75,117000.0,0.8478725090453196,0.864538307748913,0.8457892842073704,0.864538307748913,5616000.0
1981-03-11,False,daily,101.88,101.88,100.87,101.75,64100.0,0.8489557859610531,0.8489557859610531,0.8405395576157385,0.8478725090453196,3076800.0
1981-03-10,False,daily,102.12,103.25,101.63,102.0,191200.0,0.8509556818054844,0.8603718580730148,0.8468725611231039,0.8499557338832687,9177600.0
1981-03-09,False,daily,102.12,102.37,101.75,102.12,48100.0,0.8509556818054844,0.8530389066434336,0.8478725090453196,0.8509556818054844,2308800.0
1981-03-06,False,daily,102.25,102.5,101.75,102.12,39700.0,0.8520389587212179,0.8541221835591671,0.8478725090453196,0.8509556818054844,1905600.0
1981-03-05,False,daily,102.12,102.75,102.12,102.25,82200.0,0.8509556818054844,0.8562054083971163,0.8509556818054844,0.8520389587212179,3945600.0
1981-03-04,False,daily,101.0,102.12,100.62,102.12,38000.0,0.841622834531472,0.8509556818054844,0.8384563327777893,0.8509556818054844,1824000.0
1981-03-03,False,daily,102.5,107.0,101.0,101.0,65400.0,0.8541221835591671,0.8916202306422525,0.841622834531472,0.841622834531472,3139200.0
1981-03-02,False,daily,102.88,102.88,102.25,102.5,31900.0,0.8572886853128499,0.8572886853128499,0.8520389587212179,0.8541221835591671,1531200.0
1981-02-27,False,daily,103.25,103.25,102.12,103.0,47800.0,0.8603718580730148,0.8603718580730148,0.8509556818054844,0.8582886332350655,2294400.0
1981-02-26,False,daily,102.0,104.0,102.0,103.38,197000.0,0.8499557338832687,0.8666215325868623,0.8499557338832687,0.8614551349887483,9456000.0
1981-02-25,False,daily,99.5,100.62,98.75,100.62,50900.0,0.8291234855037769,0.8384563327777893,0.8228738109899293,0.8384563327777893,2443200.0
1981-02-24,False,daily,98.12,99.62,97.75,99.5,61800.0,0.8176240843982974,0.8301234334259926,0.8145409116381326,0.8291234855037769,2966400.0
1981-02-23,False,daily,97.5,98.12,96.5,98.12,69200.0,0.8124576868001834,0.8176240843982974,0.8041247874483867,0.8176240843982974,3321600.0
1981-02-20,False,daily,97.0,98.0,96.75,97.5,57300.0,0.808291237124285,0.8166241364760818,0.8062080122863359,0.8124576868001834,2750400.0
1981-02-19,False,daily,97.0,98.0,96.75,97.0,80100.0,0.808291237124285,0.8166241364760818,0.8062080122863359,0.808291237124285,3844800.0
1981-02-18,False,daily,95.0,97.0,95.0,97.0,100200.0,0.7916254384206916,0.808291237124285,0.7916254384206916,0.808291237124285,4809600.0
1981-02-17,False,daily,94.0,94.75,94.0,94.13,88600.0,0.7832925390688947,0.7895422135827423,0.7832925390688947,0.7843758159846282,4252800.0
1981-02-13,False,daily,95.25,95.25,94.0,94.0,21700.0,0.7937086632586406,0.7937086632586406,0.7832925390688947,0.7832925390688947,1041600.0
1981-02-12,False,daily,97.5,97.5,95.88,96.37,61700.0,0.8075180815143245,0.8075180815143245,0.7941008580060864,0.7981591540054918,2961600.0
1981-02-11,False,daily,98.25,98.38,96.75,97.5,32200.0,0.8137297590644347,0.814806449839787,0.8013064039642143,0.8075180815143245,1545600.0
1981-02-10,False,daily,96.37,98.5,96.37,98.25,35500.0,0.7981591540054918,0.8158003182478046,0.7981591540054918,0.8137297590644347,1704000.0
1981-02-09,False,daily,96.12,97.13,96.12,96.12,23300.0,0.7960885948221217,0.8044536539229367,0.7960885948221217,0.7960885948221217,1118400.0
1981-02-06,False,daily,95.5,96.88,95.5,96.12,63700.0,0.7909536080473639,0.8023830947395666,0.7909536080473639,0.7960885948221217,3057600.0
1981-02-05,False,daily,95.63,95.63,95.0,95.38,40500.0,0.7920302988227164,0.7920302988227164,0.7868124896806238,0.7899597396393463,1944000.0
1981-02-04,False,daily,95.75,96.25,95.12,95.63,61100.0,0.793024167230734,0.7971652855974741,0.7878063580886415,0.7920302988227164,2932800.0
1981-02-03,False,daily,94.25,95.75,94.0,95.75,42800.0,0.7806008121305136,0.793024167230734,0.7785302529471435,0.793024167230734,2054400.0
1981-02-02,False,daily,95.38,95.38,93.88,94.25,32700.0,0.7899597396393463,0.7899597396393463,0.7775363845391259,0.7806008121305136,1569600.0
1981-01-30,False,daily,96.5,96.88,95.75,95.75,34800.0,0.7992358447808442,0.8023830947395666,0.793024167230734,0.793024167230734,1670400.0
1981-01-29,False,daily,97.0,97.0,96.0,96.5,53200.0,0.8033769631475843,0.8033769631475843,0.7950947264141041,0.7992358447808442,2553600.0
1981-01-28,False,daily,97.0,97.5,96.37,97.0,50600.0,0.8033769631475843,0.8075180815143245,0.7981591540054918,0.8033769631475843,2428800.0
1981-01-27,False,daily,96.62,97.87,96.62,97.0,76000.0,0.8002297131888618,0.8105825091057122,0.8002297131888618,0.8033769631475843,3648000.0
1981-01-26,False,daily,95.0,96.62,94.62,96.5,67200.0,0.7868124896806238,0.8002297131888618,0.7836652397219014,0.7992358447808442,3225600.0
1981-01-23,False,daily,93.62,95.5,93.37,95.0,104600.0,0.7753830029884211,0.7909536080473639,0.773312443805051,0.7868124896806238,5020800.0
1981-01-22,False,daily,93.12,93.75,92.75,93.62,36600.0,0.771241884621681,0.7764596937637734,0.7681774570302933,0.7753830029884211,1756800.0
1981-01-21,False,daily,94.13,94.13,92.63,93.12,77800.0,0.779606943722496,0.779606943722496,0.7671835886222755,0.771241884621681,3734400.0
1981-01-20,False,daily,95.75,96.12,94.75,94.87,49300.0,0.793024167230734,0.7960885948221217,0.7847419304972537,0.7857357989052715,2366400.0
1981-01-19,False,daily,96.88,97.13,95.75,95.75,33100.0,0.8023830947395666,0.8044536539229367,0.793024167230734,0.793024167230734,1588800.0
1981-01-16,False,daily,96.62,96.88,96.0,96.88,35500.0,0.8002297131888618,0.8023830947395666,0.7950947264141041,0.8023830947395666,1704000.0
1981-01-15,False,daily,96.0,96.75,95.88,96.62,49200.0,0.7950947264141041,0.8013064039642143,0.7941008580060864,0.8002297131888618,2361600.0
1981-01-14,False,daily,96.62,97.0,96.0,96.0,64500.0,0.8002297131888618,0.8033769631475843,0.7950947264141041,0.7950947264141041,3096000.0
1981-01-13,False,daily,98.0,98.0,96.62,96.62,45900.0,0.8116591998810646,0.8116591998810646,0.8002297131888618,0.8002297131888618,2203200.0
1981-01-12,False,daily,97.75,98.5,97.75,98.0,64000.0,0.8095886406976945,0.8158003182478046,0.8095886406976945,0.8116591998810646,3072000.0
1981-01-09,False,daily,97.38,98.88,96.25,97.0,59600.0,0.8065242131063067,0.8189475682065271,0.7971652855974741,0.8033769631475843,2860800.0
1981-01-08,False,daily,99.37,99.62,96.62,97.38,87500.0,0.8230058642059326,0.8250764233893026,0.8002297131888618,0.8065242131063067,4200000.0
1981-01-07,False,daily,100.38,100.38,97.75,99.37,188400.0,0.8313709233067476,0.8313709233067476,0.8095886406976945,0.8230058642059326,9043200.0
1981-01-06,False,daily,101.0,101.75,100.62,101.75,100700.0,0.8365059100815053,0.8427175876316155,0.8333586601227828,0.8427175876316155,4833600.0
1981-01-05,False,daily,100.0,102.12,100.0,101.0,99500.0,0.828223673348025,0.8457820152230032,0.828223673348025,0.8365059100815053,4776000.0
1981-01-02,False,daily,99.75,100.25,99.0,99.88,42100.0,0.826153114164655,0.8302942325313951,0.8199414366145448,0.8272298049400074,2020800.0
1982-12-31,False,daily,49.75,50.0,49.38,49.62,114400.0,1.2992039309196024,1.3057325938890478,1.2895415097248235,1.2958090261754909,1830400.0
1982-12-30,False,daily,49.75,50.12,49.38,49.5,140700.0,1.2992039309196024,1.3088663521143813,1.2895415097248235,1.2926752679501572,2251200.0
1982-12-29,False,daily,50.12,50.38,49.75,50.25,201600.0,1.3088663521143813,1.3156561616026046,1.2992039309196024,1.312261256858493,3225600.0
1982-12-28,False,daily,50.25,51.0,49.5,50.0,349200.0,1.312261256858493,1.3318472457668287,1.2926752679501572,1.3057325938890478,5587200.0
1982-12-27,False,daily,50.25,51.25,49.25,51.0,363500.0,1.312261256858493,1.3383759087362739,1.286146604980712,1.3318472457668287,5816000.0
1982-12-23,False,daily,48.75,49.38,48.0,49.0,194600.0,1.2730892790418216,1.2895415097248235,1.253503290133486,1.2796179420112668,3113600.0
1982-12-22,False,daily,48.5,49.38,47.5,48.25,388600.0,1.2665606160723764,1.2895415097248235,1.2404459641945953,1.2600319531029311,6217600.0
1982-12-21,False,daily,48.88,49.75,48.0,49.5,211500.0,1.276484183785933,1.2992039309196024,1.253503290133486,1.2926752679501572,3384000.0
1982-12-20,False,daily,48.5,49.0,48.0,48.25,168800.0,1.2665606160723764,1.2796179420112668,1.253503290133486,1.2600319531029311,2700800.0
1982-12-17,False,daily,47.88,48.5,47.25,48.25,149000.0,1.2503695319081523,1.2665606160723764,1.23391730122515,1.2600319531029311,2384000.0
1982-12-16,False,daily,47.38,47.75,47.0,47.5,168400.0,1.2373122059692616,1.2469746271640405,1.2273886382557049,1.2404459641945953,2694400.0
1982-12-15,False,daily,47.38,48.12,46.62,47.25,328900.0,1.2373122059692616,1.2566370483588194,1.2174650705421481,1.23391730122515,5262400.0
1982-12-14,False,daily,48.75,50.0,47.5,47.75,460700.0,1.2730892790418216,1.3057325938890478,1.2404459641945953,1.2469746271640405,7371200.0
1982-12-13,False,daily,48.5,49.12,47.75,48.88,322500.0,1.2665606160723764,1.2827517002366005,1.2469746271640405,1.276484183785933,5160000.0
1982-12-10,False,daily,48.0,48.75,47.25,47.88,322000.0,1.253503290133486,1.2730892790418216,1.23391730122515,1.2503695319081523,5152000.0
1982-12-09,False,daily,48.0,48.88,47.12,48.12,422900.0,1.253503290133486,1.276484183785933,1.2305223964810386,1.2566370483588194,6766400.0
1982-12-08,False,daily,48.88,49.62,48.0,48.25,481300.0,1.276484183785933,1.2958090261754909,1.253503290133486,1.2600319531029311,7700800.0
1982-12-07,False,daily,48.5,49.88,47.12,48.75,877500.0,1.2665606160723764,1.3025988356637141,1.2305223964810386,1.2730892790418216,14040000.0
1982-12-06,False,daily,46.12,47.0,45.12,46.88,414900.0,1.2044077446032575,1.2273886382557049,1.1782930927254767,1.2242548800303712,6638400.0
1982-12-03,False,daily,45.62,45.88,45.25,45.38,364000.0,1.191350418664367,1.1981402281525904,1.1816879974695882,1.1850829022136997,5824000.0
1982-12-02,False,daily,45.25,45.88,44.62,44.62,389200.0,1.1816879974695882,1.1981402281525904,1.165235766786586,1.165235766786586,6227200.0
1982-12-01,False,daily,46.25,46.75,45.75,46.0,636500.0,1.2078026493473693,1.2208599752862597,1.1947453234084786,1.2012739863779238,10184000.0
1982-11-30,False,daily,45.62,46.5,44.75,46.5,454700.0,1.191350418664367,1.2143313123168145,1.1686306715306978,1.2143313123168145,7275200.0
1982-11-29,False,daily,45.0,45.38,44.5,44.88,240700.0,1.175159334500143,1.1850829022136997,1.1621020085612526,1.1720255762748093,3851200.0
1982-11-26,False,daily,45.0,45.25,44.62,45.0,195300.0,1.175159334500143,1.1816879974695882,1.165235766786586,1.175159334500143,3124800.0
1982-11-24,False,daily,44.62,45.0,44.25,44.5,232000.0,1.165235766786586,1.175159334500143,1.1555733455918074,1.1621020085612526,3712000.0
1982-11-23,False,daily,44.75,45.12,44.25,44.62,306400.0,1.1686306715306978,1.1782930927254767,1.1555733455918074,1.165235766786586,4902400.0
1982-11-22,False,daily,44.62,45.12,44.0,44.38,440200.0,1.165235766786586,1.1782930927254767,1.149044682622362,1.1589682503359189,7043200.0
1982-11-19,False,daily,45.5,45.88,45.12,45.25,260900.0,1.1882166604390334,1.1981402281525904,1.1782930927254767,1.1816879974695882,4174400.0
1982-11-18,False,daily,45.75,46.25,45.12,45.75,236900.0,1.1947453234084786,1.2078026493473693,1.1782930927254767,1.1947453234084786,3790400.0
1982-11-17,False,daily,45.75,46.25,45.25,46.25,276800.0,1.1947453234084786,1.2078026493473693,1.1816879974695882,1.2078026493473693,4428800.0
1982-11-16,False,daily,45.0,46.25,43.62,45.12,588400.0,1.175159334500143,1.2078026493473693,1.1391211149088052,1.1782930927254767,9414400.0
1982-11-15,False,daily,45.62,46.38,44.75,44.75,319400.0,1.191350418664367,1.2111975540914808,1.1686306715306978,1.1686306715306978,5110400.0
1982-11-12,False,daily,47.62,48.0,47.25,47.25,743300.0,1.2366709461842627,1.2465393829660774,1.2270622051072324,1.2270622051072324,11892800.0
1982-11-11,False,daily,46.38,47.25,45.5,47.25,496200.0,1.2044686787909724,1.2270622051072324,1.1816154567699275,1.2270622051072324,7939200.0
1982-11-10,False,daily,46.5,47.25,45.75,45.75,504800.0,1.2075850272483875,1.2270622051072324,1.1881078493895425,1.1881078493895425,8076800.0
1982-11-09,False,daily,46.88,47.5,46.12,46.62,655600.0,1.2174534640302024,1.2335545977268474,1.1977165904665728,1.2107013757058027,10489600.0
1982-11-08,False,daily,45.88,46.62,45.0,46.38,241900.0,1.1914838935517424,1.2107013757058027,1.1686306715306976,1.2044686787909724,3870400.0
1982-11-05,False,daily,45.88,46.62,45.0,45.88,486100.0,1.1914838935517424,1.2107013757058027,1.1686306715306976,1.1914838935517424,7777600.0
1982-11-04,False,daily,45.62,46.0,45.12,45.5,782800.0,1.1847318052273428,1.1946002420091575,1.1717470199881126,1.1816154567699275,12524800.0
1982-11-03,False,daily,45.0,45.5,44.38,45.38,764100.0,1.1686306715306976,1.1816154567699275,1.1525295378340525,1.1784991083125125,12225600.0
1982-11-02,False,daily,44.88,45.62,44.0,44.38,554300.0,1.1655143230732825,1.1847318052273428,1.1426611010522376,1.1525295378340525,8868800.0
1982-11-01,False,daily,44.25,44.88,43.5,44.62,392900.0,1.1491534936718526,1.1655143230732825,1.1296763158130076,1.1587622347488826,6286400.0
1982-10-29,False,daily,43.25,44.0,42.38,43.88,404100.0,1.1231839231933927,1.1426611010522376,1.1005903968771327,1.1395447525948226,6465600.0
1982-10-28,False,daily,42.75,43.38,42.0,42.38,465200.0,1.1101991379541627,1.1265599673555926,1.0907219600953177,1.1005903968771327,7443200.0
1982-10-27,False,daily,42.5,43.0,42.0,42.25,515800.0,1.1037067453345477,1.1166915305737777,1.0907219600953177,1.0972143527149327,8252800.0
1982-10-26,False,daily,41.75,42.75,40.75,42.38,558600.0,1.0842295674757028,1.1101991379541627,1.0582599969972428,1.1005903968771327,8937600.0
1982-10-25,False,daily,42.12,42.88,41.25,41.25,518900.0,1.0938383085527328,1.1135751821163626,1.0712447822364728,1.0712447822364728,8302400.0
1982-10-22,False,daily,43.88,44.25,43.38,43.62,432100.0,1.1395447525948226,1.1491534936718526,1.1265599673555926,1.1327926642704227,6913600.0
1982-10-21,False,daily,44.0,44.5,43.38,44.25,891400.0,1.1426611010522376,1.1556458862914676,1.1265599673555926,1.1491534936718526,14262400.0
1982-10-20,False,daily,43.25,43.38,43.0,43.12,565500.0,1.1231839231933927,1.1265599673555926,1.1166915305737777,1.1198078790311927,9048000.0
1982-10-19,False,daily,43.62,44.0,43.12,43.5,820400.0,1.1327926642704227,1.1426611010522376,1.1198078790311927,1.1296763158130076,13126400.0
1982-10-18,False,daily,42.0,43.38,41.25,43.38,623200.0,1.0907219600953177,1.1265599673555926,1.0712447822364728,1.1265599673555926,9971200.0
1982-10-15,False,daily,41.38,41.88,40.75,40.88,481200.0,1.0746208263986727,1.0876056116379027,1.0582599969972428,1.0616360411594428,7699200.0
1982-10-14,False,daily,42.0,42.75,41.25,41.88,802500.0,1.0907219600953177,1.1101991379541627,1.0712447822364728,1.0876056116379027,12840000.0
1982-10-13,False,daily,41.5,43.5,40.5,42.0,1531400.0,1.0777371748560878,1.1296763158130076,1.0517676043776278,1.0907219600953177,24502400.0
1982-10-12,False,daily,42.5,43.62,40.25,41.5,1220000.0,1.1037067453345477,1.1327926642704227,1.0452752117580129,1.0777371748560878,19520000.0
1982-10-11,False,daily,43.25,43.88,42.5,43.5,1501400.0,1.1231839231933927,1.1395447525948226,1.1037067453345477,1.1296763158130076,24022400.0
1982-10-08,False,daily,41.88,42.62,41.12,42.62,1413300.0,1.0876056116379027,1.1068230937919628,1.0678687380742728,1.1068230937919628,22612800.0
1982-10-07,False,daily,41.0,42.25,39.62,40.38,618300.0,1.0647523896168578,1.0972143527149327,1.028914382356583,1.0486512559202128,9892800.0
1982-10-06,False,daily,40.5,41.88,39.0,41.75,3249700.0,1.0517676043776278,1.0876056116379027,1.012813248659938,1.0842295674757028,51995200.0
1982-10-05,False,daily,40.12,41.38,38.75,39.0,2097200.0,1.041899167595813,1.0746208263986727,1.006320856040323,1.012813248659938,33555200.0
1982-10-04,False,daily,41.62,42.12,41.0,41.25,2606100.0,1.0808535233135028,1.0938383085527328,1.0647523896168578,1.0712447822364728,41697600.0
1982-10-01,False,daily,42.88,44.12,41.5,43.88,2307700.0,1.1135751821163626,1.1457774495096527,1.0777371748560878,1.1395447525948226,36923200.0
1982-09-30,False,daily,44.0,45.5,42.5,43.12,1221300.0,1.1426611010522376,1.1816154567699275,1.1037067453345477,1.1198078790311927,19540800.0
1982-09-29,False,daily,46.38,47.0,45.75,46.12,261500.0,1.2044686787909724,1.2205698124876174,1.1881078493895425,1.1977165904665728,4184000.0
1982-09-28,False,daily,47.5,47.88,47.12,47.12,224800.0,1.2335545977268474,1.2434230345086623,1.2236861609450327,1.2236861609450327,3596800.0
1982-09-27,False,daily,47.12,47.38,46.88,47.25,163900.0,1.2236861609450327,1.2304382492694323,1.2174534640302024,1.2270622051072324,2622400.0
1982-09-24,False,daily,46.75,47.12,46.25,47.12,268000.0,1.2140774198680024,1.2236861609450327,1.2010926346287725,1.2236861609450327,4288000.0
1982-09-23,False,daily,46.12,46.5,45.75,46.5,222900.0,1.1977165904665728,1.2075850272483875,1.1881078493895425,1.2075850272483875,3566400.0
1982-09-22,False,daily,46.75,47.38,46.0,46.12,359600.0,1.2140774198680024,1.2304382492694323,1.1946002420091575,1.1977165904665728,5753600.0
1982-09-21,False,daily,46.25,46.5,45.88,46.5,250900.0,1.2010926346287725,1.2075850272483875,1.1914838935517424,1.2075850272483875,4014400.0
1982-09-20,False,daily,45.12,45.62,44.5,45.62,146600.0,1.1717470199881126,1.1847318052273428,1.1556458862914676,1.1847318052273428,2345600.0
1982-09-17,False,daily,45.5,45.62,45.25,45.25,160800.0,1.1816154567699275,1.1847318052273428,1.1751230641503125,1.1751230641503125,2572800.0
1982-09-16,False,daily,45.88,46.25,45.38,45.62,280800.0,1.1914838935517424,1.2010926346287725,1.1784991083125125,1.1847318052273428,4492800.0
1982-09-15,False,daily,45.62,45.88,45.38,45.88,180900.0,1.1847318052273428,1.1914838935517424,1.1784991083125125,1.1914838935517424,2894400.0
1982-09-14,False,daily,45.5,46.0,45.0,45.75,316600.0,1.1816154567699275,1.1946002420091575,1.1686306715306976,1.1881078493895425,5065600.0
1982-09-13,False,daily,44.25,45.0,43.5,45.0,167200.0,1.1491534936718526,1.1686306715306976,1.1296763158130076,1.1686306715306976,2675200.0
1982-09-10,False,daily,44.12,44.5,43.75,44.12,298400.0,1.1457774495096527,1.1556458862914676,1.1361687084326226,1.1457774495096527,4774400.0
1982-09-09,False,daily,45.0,45.38,44.5,44.88,172300.0,1.1686306715306976,1.1784991083125125,1.1556458862914676,1.1655143230732825,2756800.0
1982-09-08,False,daily,45.38,45.88,44.75,44.75,188700.0,1.1784991083125125,1.1914838935517424,1.1621382789110826,1.1621382789110826,3019200.0
1982-09-07,False,daily,45.38,45.88,44.75,45.38,178000.0,1.1784991083125125,1.1914838935517424,1.1621382789110826,1.1784991083125125,2848000.0
1982-09-03,False,daily,45.88,46.25,45.38,46.12,534400.0,1.1914838935517424,1.2010926346287725,1.1784991083125125,1.1977165904665728,8550400.0
1982-09-02,False,daily,44.25,44.88,43.5,44.62,282100.0,1.1491534936718526,1.1655143230732825,1.1296763158130076,1.1587622347488826,4513600.0
1982-09-01,False,daily,44.38,45.0,43.62,44.0,326000.0,1.1525295378340525,1.1686306715306976,1.1327926642704227,1.1426611010522376,5216000.0
1982-08-31,False,daily,44.25,45.12,43.25,45.0,539000.0,1.1491534936718526,1.1717470199881126,1.1231839231933927,1.1686306715306976,8624000.0
1982-08-30,False,daily,42.88,43.5,42.25,43.5,425100.0,1.1135751821163626,1.1296763158130076,1.0972143527149327,1.1296763158130076,6801600.0
1982-08-27,False,daily,44.25,44.88,43.62,43.75,182200.0,1.1491534936718526,1.1655143230732825,1.1327926642704227,1.1361687084326226,2915200.0
1982-08-26,False,daily,44.75,45.5,44.0,45.0,552600.0,1.1621382789110826,1.1816154567699275,1.1426611010522376,1.1686306715306976,8841600.0
1982-08-25,False,daily,43.88,44.62,43.12,44.25,240100.0,1.1395447525948226,1.1587622347488826,1.1198078790311927,1.1491534936718526,3841600.0
1982-08-24,False,daily,43.62,44.12,43.12,43.38,459400.0,1.1327926642704227,1.1457774495096527,1.1198078790311927,1.1265599673555926,7350400.0
1982-08-23,False,daily,43.38,44.0,42.62,44.0,458600.0,1.1265599673555926,1.1426611010522376,1.1068230937919628,1.1426611010522376,7337600.0
1982-08-20,False,daily,42.62,43.5,41.75,43.25,382500.0,1.1068230937919628,1.1296763158130076,1.0842295674757028,1.1231839231933927,6120000.0
1982-08-19,False,daily,41.25,42.0,40.38,41.62,277400.0,1.0712447822364728,1.0907219600953177,1.0486512559202128,1.0808535233135028,4438400.0
1982-08-18,False,daily,41.62,43.0,40.25,40.38,681500.0,1.0808535233135028,1.1166915305737777,1.0452752117580129,1.0486512559202128,10904000.0
1982-08-17,False,daily,39.88,41.0,38.62,41.0,266200.0,1.0356664706809826,1.0647523896168578,1.002944811878123,1.0647523896168578,4259200.0
1982-08-16,False,daily,38.62,38.88,38.25,38.25,298900.0,1.002944811878123,1.0096969002025227,0.993336070801093,0.993336070801093,4782400.0
1982-08-13,False,daily,38.38,38.62,38.0,38.5,288900.0,0.9902399583726221,0.996432183229564,0.9804356023491307,0.993336070801093,4622400.0
1982-08-12,False,daily,39.38,39.75,38.88,38.88,225800.0,1.0160408952765467,1.0255872419309986,1.0031404268245845,1.0031404268245845,3612800.0
1982-08-11,False,daily,39.25,39.5,39.0,39.12,160500.0,1.0126867734790364,1.0191370077050175,1.0062365392530552,1.0093326516815262,2568000.0
1982-08-10,False,daily,39.5,39.75,39.12,39.25,185700.0,1.0191370077050175,1.0255872419309986,1.0093326516815262,1.0126867734790364,2971200.0
1982-08-09,False,daily,38.88,39.12,38.62,38.88,135600.0,1.0031404268245845,1.0093326516815262,0.996432183229564,1.0031404268245845,2169600.0
1982-08-06,False,daily,39.5,39.88,39.12,39.12,142300.0,1.0191370077050175,1.028941363728509,1.0093326516815262,1.0093326516815262,2276800.0
1982-08-05,False,daily,39.62,39.88,39.38,39.38,170800.0,1.0222331201334884,1.028941363728509,1.0160408952765467,1.0160408952765467,2732800.0
1982-08-04,False,daily,40.5,41.25,39.75,39.88,330100.0,1.044937944608942,1.0642886472868853,1.0255872419309986,1.028941363728509,5281600.0
1982-08-03,False,daily,41.75,42.25,41.25,41.38,269000.0,1.0771891157388476,1.0900895841908098,1.0642886472868853,1.0676427690843957,4304000.0
1982-08-02,False,daily,40.88,41.75,39.88,41.75,208400.0,1.0547423006324335,1.0771891157388476,1.028941363728509,1.0771891157388476,3334400.0
1982-07-30,False,daily,39.88,40.0,39.62,39.62,164100.0,1.028941363728509,1.0320374761569797,1.0222331201334884,1.0222331201334884,2625600.0
1982-07-29,False,daily,39.62,40.12,39.12,39.88,155600.0,1.0222331201334884,1.0351335885854507,1.0093326516815262,1.028941363728509,2489600.0
1982-07-28,False,daily,40.0,40.62,39.25,39.5,157900.0,1.0320374761569797,1.048034057037413,1.0126867734790364,1.0191370077050175,2526400.0
1982-07-27,False,daily,40.62,40.88,40.38,40.5,188700.0,1.048034057037413,1.0547423006324335,1.0418418321804712,1.044937944608942,3019200.0
1982-07-26,False,daily,41.0,41.25,40.62,40.62,132000.0,1.0578384130609042,1.0642886472868853,1.048034057037413,1.048034057037413,2112000.0
1982-07-23,False,daily,41.25,41.62,40.75,40.88,146400.0,1.0642886472868853,1.0738349939413374,1.051388178834923,1.0547423006324335,2342400.0
1982-07-22,False,daily,41.5,41.88,41.12,41.25,109400.0,1.0707388815128664,1.080543237536358,1.0609345254893752,1.0642886472868853,1750400.0
1982-07-21,False,daily,42.12,42.62,41.62,41.62,211300.0,1.0867354623932997,1.099635930845262,1.0738349939413374,1.0738349939413374,3380800.0
1982-07-20,False,daily,42.0,42.5,41.38,42.0,192600.0,1.0836393499648287,1.096539818416791,1.0676427690843957,1.0836393499648287,3081600.0
1982-07-19,False,daily,42.38,42.75,41.88,42.12,97800.0,1.0934437059883202,1.102990052642772,1.080543237536358,1.0867354623932997,1564800.0
1982-07-16,False,daily,42.38,43.0,41.62,42.62,313800.0,1.0934437059883202,1.1094402868687532,1.0738349939413374,1.099635930845262,5020800.0
1982-07-15,False,daily,42.25,42.62,41.75,41.88,201500.0,1.0900895841908098,1.099635930845262,1.0771891157388476,1.080543237536358,3224000.0
1982-07-14,False,daily,41.62,42.25,41.25,42.25,251200.0,1.0738349939413374,1.0900895841908098,1.0642886472868853,1.0900895841908098,4019200.0
1982-07-13,False,daily,41.38,41.88,41.0,41.75,249500.0,1.0676427690843957,1.080543237536358,1.0578384130609042,1.0771891157388476,3992000.0
1982-07-12,False,daily,41.75,42.25,41.25,42.25,251200.0,1.0771891157388476,1.0900895841908098,1.0642886472868853,1.0900895841908098,4019200.0
1982-07-09,False,daily,40.12,40.62,39.62,40.25,225100.0,1.0351335885854507,1.048034057037413,1.0222331201334884,1.0384877103829608,3601600.0
1982-07-08,False,daily,39.38,39.75,39.0,39.62,159600.0,1.0160408952765467,1.0255872419309986,1.0062365392530552,1.0222331201334884,2553600.0
1982-07-07,False,daily,39.38,39.75,39.0,39.62,222500.0,1.0160408952765467,1.0255872419309986,1.0062365392530552,1.0222331201334884,3560000.0
1982-07-06,False,daily,38.5,38.88,38.0,38.88,142800.0,0.993336070801093,1.0031404268245845,0.9804356023491307,1.0031404268245845,2284800.0
1982-07-02,False,daily,38.62,38.88,38.38,38.5,98800.0,0.996432183229564,1.0031404268245845,0.9902399583726221,0.993336070801093,1580800.0
1982-07-01,False,daily,39.25,39.88,38.62,38.88,199700.0,1.0126867734790364,1.028941363728509,0.996432183229564,1.0031404268245845,3195200.0
1982-06-30,False,daily,39.25,39.62,38.88,39.5,344600.0,1.0126867734790364,1.0222331201334884,1.0031404268245845,1.0191370077050175,5513600.0
1982-06-29,False,daily,38.88,39.12,38.62,38.62,166500.0,1.0031404268245845,1.0093326516815262,0.996432183229564,0.996432183229564,2664000.0
1982-06-28,False,daily,38.88,39.25,38.5,39.0,135600.0,1.0031404268245845,1.0126867734790364,0.993336070801093,1.0062365392530552,2169600.0
1982-06-25,False,daily,38.75,38.88,38.5,38.5,92000.0,0.9997863050270741,1.0031404268245845,0.993336070801093,0.993336070801093,1472000.0
1982-06-24,False,daily,39.12,39.5,38.75,39.0,268200.0,1.0093326516815262,1.0191370077050175,0.9997863050270741,1.0062365392530552,4291200.0
1982-06-23,False,daily,38.62,39.5,37.75,39.38,264000.0,0.996432183229564,1.0191370077050175,0.9739853681231496,1.0160408952765467,4224000.0
1982-06-22,False,daily,38.0,38.25,37.62,38.25,159900.0,0.9804356023491307,0.9868858365751119,0.9706312463256395,0.9868858365751119,2558400.0
1982-06-21,False,daily,37.88,38.12,37.5,37.75,171900.0,0.9773394899206599,0.9835317147776017,0.9675351338971685,0.9739853681231496,2750400.0
1982-06-18,False,daily,38.12,38.5,37.62,37.75,204600.0,0.9835317147776017,0.993336070801093,0.9706312463256395,0.9739853681231496,3273600.0
1982-06-17,False,daily,38.62,38.88,38.25,38.75,64700.0,0.996432183229564,1.0031404268245845,0.9868858365751119,0.9997863050270741,1035200.0
1982-06-16,False,daily,38.88,39.12,38.5,38.62,145100.0,1.0031404268245845,1.0093326516815262,0.993336070801093,0.996432183229564,2321600.0
1982-06-15,False,daily,38.25,38.62,37.88,38.62,148900.0,0.9868858365751119,0.996432183229564,0.9773394899206599,0.996432183229564,2382400.0
1982-06-14,False,daily,38.38,38.62,38.0,38.38,133200.0,0.9902399583726221,0.996432183229564,0.9804356023491307,0.9902399583726221,2131200.0
1982-06-11,False,daily,39.25,39.62,38.88,39.0,549700.0,1.0126867734790364,1.0222331201334884,1.0031404268245845,1.0062365392530552,8795200.0
1982-06-10,False,daily,39.25,39.75,38.62,39.38,213200.0,1.0126867734790364,1.0255872419309986,0.996432183229564,1.0160408952765467,3411200.0
1982-06-09,False,daily,39.12,39.5,38.62,39.0,157100.0,1.0093326516815262,1.0191370077050175,0.996432183229564,1.0062365392530552,2513600.0
1982-06-08,False,daily,38.62,39.0,38.25,38.75,144900.0,0.996432183229564,1.0062365392530552,0.9868858365751119,0.9997863050270741,2318400.0
1982-06-07,False,daily,38.75,39.12,38.38,38.5,218600.0,0.9997863050270741,1.0093326516815262,0.9902399583726221,0.993336070801093,3497600.0
1982-06-04,False,daily,39.75,40.12,39.38,39.38,81800.0,1.0255872419309986,1.0351335885854507,1.0160408952765467,1.0160408952765467,1308800.0
1982-06-03,False,daily,40.25,40.75,39.75,40.0,257900.0,1.0384877103829608,1.051388178834923,1.0255872419309986,1.0320374761569797,4126400.0
1982-06-02,False,daily,40.25,40.5,39.88,40.38,125900.0,1.0384877103829608,1.044937944608942,1.028941363728509,1.0418418321804712,2014400.0
1982-06-01,False,daily,39.62,39.88,39.38,39.88,126000.0,1.0222331201334884,1.028941363728509,1.0160408952765467,1.028941363728509,2016000.0
1982-05-28,False,daily,39.38,39.75,39.0,39.25,112800.0,1.0160408952765467,1.0255872419309986,1.0062365392530552,1.0126867734790364,1804800.0
1982-05-27,False,daily,39.38,39.62,39.0,39.5,118800.0,1.0160408952765467,1.0222331201334884,1.0062365392530552,1.0191370077050175,1900800.0
1982-05-26,False,daily,38.62,38.88,38.25,38.88,195700.0,0.996432183229564,1.0031404268245845,0.9868858365751119,1.0031404268245845,3131200.0
1982-05-25,False,daily,38.75,39.25,38.25,38.25,207100.0,0.9997863050270741,1.0126867734790364,0.9868858365751119,0.9868858365751119,3313600.0
1982-05-24,False,daily,38.62,39.0,38.12,38.38,125400.0,0.996432183229564,1.0062365392530552,0.9835317147776017,0.9902399583726221,2006400.0
1982-05-21,False,daily,38.62,39.0,38.25,39.0,133200.0,0.996432183229564,1.0062365392530552,0.9868858365751119,1.0062365392530552,2131200.0
1982-05-20,False,daily,38.5,39.0,38.0,38.0,164700.0,0.993336070801093,1.0062365392530552,0.9804356023491307,0.9804356023491307,2635200.0
1982-05-19,False,daily,39.0,39.25,38.75,39.0,126700.0,1.0062365392530552,1.0126867734790364,0.9997863050270741,1.0062365392530552,2027200.0
1982-05-18,False,daily,39.75,40.38,39.0,39.25,337000.0,1.0255872419309986,1.0418418321804712,1.0062365392530552,1.0126867734790364,5392000.0
1982-05-17,False,daily,40.38,40.62,40.12,40.38,87400.0,1.0418418321804712,1.048034057037413,1.0351335885854507,1.0418418321804712,1398400.0
1982-05-14,False,daily,40.75,41.0,40.5,40.75,90400.0,1.0449188939540783,1.0513294393157597,1.0385083485923967,1.0449188939540783,1446400.0
1982-05-13,False,daily,40.5,40.88,40.12,40.38,74400.0,1.0385083485923967,1.0482523775421526,1.028764319642641,1.0354312868187898,1190400.0
1982-05-12,False,daily,41.12,41.5,40.75,40.75,300600.0,1.0544065010893668,1.0641505300391227,1.0449188939540783,1.0449188939540783,4809600.0
1982-05-11,False,daily,40.62,40.75,40.38,40.62,188000.0,1.0415854103660038,1.0449188939540783,1.0354312868187898,1.0415854103660038,3008000.0
1982-05-10,False,daily,40.62,40.88,40.25,40.25,229700.0,1.0415854103660038,1.0482523775421526,1.0320978032307153,1.0320978032307153,3675200.0
1982-05-07,False,daily,41.38,42.12,40.62,41.0,206900.0,1.0610734682655156,1.0800486825360927,1.0415854103660038,1.0513294393157597,3310400.0
1982-05-06,False,daily,41.88,42.12,41.62,41.75,306800.0,1.0738945589888786,1.0800486825360927,1.0672275918127296,1.0705610754008041,4908800.0
1982-05-05,False,daily,41.75,42.0,41.38,41.62,254400.0,1.0705610754008041,1.0769716207624855,1.0610734682655156,1.0672275918127296,4070400.0
1982-05-04,False,daily,41.25,41.62,40.75,41.25,279100.0,1.0577399846774411,1.0672275918127296,1.0449188939540783,1.0577399846774411,4465600.0
1982-05-03,False,daily,40.38,40.88,39.88,40.88,147900.0,1.0354312868187898,1.0482523775421526,1.0226101960954268,1.0482523775421526,2366400.0
1982-04-30,False,daily,39.75,40.38,39.12,40.0,314100.0,1.0192767125073525,1.0354312868187898,1.003122138195915,1.025687257869034,5025600.0
1982-04-29,False,daily,39.12,39.62,38.62,39.0,137600.0,1.003122138195915,1.015943228919278,0.9903010474725522,1.000045076422308,2201600.0
1982-04-28,False,daily,39.12,39.38,38.88,39.12,163800.0,1.003122138195915,1.009789105372064,0.996968014648701,1.003122138195915,2620800.0
1982-04-27,False,daily,39.5,40.12,38.88,39.12,319900.0,1.012866167145671,1.028764319642641,0.996968014648701,1.003122138195915,5118400.0
1982-04-26,False,daily,39.62,40.0,39.25,39.88,188900.0,1.015943228919278,1.025687257869034,1.0064556217839895,1.0226101960954268,3022400.0
1982-04-23,False,daily,38.88,39.62,38.0,39.5,351600.0,0.996968014648701,1.015943228919278,0.9744028949755822,1.012866167145671,5625600.0
1982-04-22,False,daily,37.75,38.25,37.12,37.88,203300.0,0.9679923496139007,0.9808134403372637,0.9518377753024634,0.9713258332019752,3252800.0
1982-04-21,False,daily,37.38,37.88,36.88,37.12,179100.0,0.9585047424786123,0.9713258332019752,0.9456836517552493,0.9518377753024634,2865600.0
1982-04-20,False,daily,38.25,38.62,37.75,37.88,219500.0,0.9808134403372637,0.9903010474725522,0.9679923496139007,0.9713258332019752,3512000.0
1982-04-19,False,daily,38.5,38.88,38.12,38.38,115900.0,0.9872239856989451,0.996968014648701,0.9774799567491892,0.9841469239253381,1854400.0
1982-04-16,False,daily,38.25,38.5,37.88,38.25,104100.0,0.9808134403372637,0.9872239856989451,0.9713258332019752,0.9808134403372637,1665600.0
1982-04-15,False,daily,38.38,38.62,38.0,38.12,97700.0,0.9841469239253381,0.9903010474725522,0.9744028949755822,0.9774799567491892,1563200.0
1982-04-14,False,daily,38.5,38.88,38.12,38.12,192000.0,0.9872239856989451,0.996968014648701,0.9774799567491892,0.9774799567491892,3072000.0
1982-04-13,False,daily,38.88,39.25,38.38,38.62,231900.0,0.996968014648701,1.0064556217839895,0.9841469239253381,0.9903010474725522,3710400.0
1982-04-12,False,daily,38.62,39.25,37.88,39.25,226800.0,0.9903010474725522,1.0064556217839895,0.9713258332019752,1.0064556217839895,3628800.0
1982-04-08,False,daily,38.0,38.38,37.5,38.12,274100.0,0.9744028949755822,0.9841469239253381,0.9615818042522193,0.9774799567491892,4385600.0
1982-04-07,False,daily,38.0,38.25,37.62,38.0,193900.0,0.9744028949755822,0.9808134403372637,0.9646588660258263,0.9744028949755822,3102400.0
1982-04-06,False,daily,38.12,38.25,37.88,38.0,91500.0,0.9774799567491892,0.9808134403372637,0.9713258332019752,0.9744028949755822,1464000.0
1982-04-05,False,daily,38.38,38.5,38.12,38.25,221000.0,0.9841469239253381,0.9872239856989451,0.9774799567491892,0.9808134403372637,3536000.0
1982-04-02,False,daily,38.25,38.5,37.88,38.38,310900.0,0.9808134403372637,0.9872239856989451,0.9713258332019752,0.9841469239253381,4974400.0
1982-04-01,False,daily,37.12,37.5,36.62,37.5,183400.0,0.9518377753024634,0.9615818042522193,0.9390166845791005,0.9615818042522193,2934400.0
1982-03-31,False,daily,36.75,37.0,36.5,37.0,121500.0,0.9423501681671749,0.9487607135288564,0.9359396228054935,0.9487607135288564,1944000.0
1982-03-30,False,daily,36.62,36.88,36.25,36.88,133900.0,0.9390166845791005,0.9456836517552493,0.929529077443812,0.9456836517552493,2142400.0
1982-03-29,False,daily,36.25,36.5,36.0,36.38,70300.0,0.929529077443812,0.9359396228054935,0.9231185320821305,0.9328625610318864,1124800.0
1982-03-26,False,daily,36.62,36.88,36.25,36.62,98300.0,0.9390166845791005,0.9456836517552493,0.929529077443812,0.9390166845791005,1572800.0
1982-03-25,False,daily,36.88,37.12,36.62,36.88,102200.0,0.9456836517552493,0.9518377753024634,0.9390166845791005,0.9456836517552493,1635200.0
1982-03-24,False,daily,36.62,37.0,36.25,36.62,173500.0,0.9390166845791005,0.9487607135288564,0.929529077443812,0.9390166845791005,2776000.0
1982-03-23,False,daily,36.5,36.88,36.0,36.5,153100.0,0.9359396228054935,0.9456836517552493,0.9231185320821305,0.9359396228054935,2449600.0
1982-03-22,False,daily,36.38,36.88,35.75,36.75,192000.0,0.9328625610318864,0.9456836517552493,0.9167079867204491,0.9423501681671749,3072000.0
1982-03-19,False,daily,35.38,35.62,35.25,35.5,113400.0,0.9072203795851606,0.9133745031323746,0.9038868959970862,0.9102974413587676,1814400.0
1982-03-18,False,daily,35.0,35.38,34.5,35.38,192100.0,0.8974763506354047,0.9072203795851606,0.8846552599120417,0.9072203795851606,3073600.0
1982-03-17,False,daily,34.12,34.5,33.75,34.25,186000.0,0.8749112309622858,0.8846552599120417,0.8654236238269973,0.8782447145503602,2976000.0
1982-03-16,False,daily,34.38,34.75,33.88,34.0,203900.0,0.8815781981384347,0.8910658052737231,0.8687571074150717,0.8718341691886788,3262400.0
1982-03-15,False,daily,33.88,34.5,33.25,34.5,125300.0,0.8687571074150717,0.8846552599120417,0.8526025331036344,0.8846552599120417,2004800.0
1982-03-12,False,daily,33.38,33.75,33.0,33.75,164100.0,0.8559360166917088,0.8654236238269973,0.8461919877419529,0.8654236238269973,2625600.0
1982-03-11,False,daily,34.0,34.5,33.5,33.62,392600.0,0.8718341691886788,0.8846552599120417,0.8590130784653159,0.8620901402389229,6281600.0
1982-03-10,False,daily,34.38,34.88,33.75,33.75,247000.0,0.8815781981384347,0.8943992888617976,0.8654236238269973,0.8654236238269973,3952000.0
1982-03-09,False,daily,33.88,35.0,32.75,34.5,445100.0,0.8687571074150717,0.8974763506354047,0.8397814423802715,0.8846552599120417,7121600.0
1982-03-08,False,daily,33.75,35.0,32.5,32.5,475700.0,0.8654236238269973,0.8974763506354047,0.83337089701859,0.83337089701859,7611200.0
1982-03-05,False,daily,34.75,35.5,33.88,33.88,529300.0,0.8910658052737231,0.9102974413587676,0.8687571074150717,0.8687571074150717,8468800.0
1982-03-04,False,daily,36.12,36.88,35.38,35.5,438200.0,0.9261955938557376,0.9456836517552493,0.9072203795851606,0.9102974413587676,7011200.0
1982-03-03,False,daily,36.88,37.0,36.62,37.0,253600.0,0.9456836517552493,0.9487607135288564,0.9390166845791005,0.9487607135288564,4057600.0
1982-03-02,False,daily,37.62,37.88,37.38,37.5,133600.0,0.9646588660258263,0.9713258332019752,0.9585047424786123,0.9615818042522193,2137600.0
1982-03-01,False,daily,37.38,37.62,37.0,37.5,161000.0,0.9585047424786123,0.9646588660258263,0.9487607135288564,0.9615818042522193,2576000.0
1982-02-26,False,daily,36.88,37.25,36.38,37.0,118500.0,0.9456836517552493,0.9551712588905378,0.9328625610318864,0.9487607135288564,1896000.0
1982-02-25,False,daily,37.75,38.12,37.38,37.5,173500.0,0.9679923496139007,0.9774799567491892,0.9585047424786123,0.9615818042522193,2776000.0
1982-02-24,False,daily,37.25,37.62,36.88,37.62,163300.0,0.9551712588905378,0.9646588660258263,0.9456836517552493,0.9646588660258263,2612800.0
1982-02-23,False,daily,37.75,38.0,37.38,37.38,185500.0,0.9679923496139007,0.9744028949755822,0.9585047424786123,0.9585047424786123,2968000.0
1982-02-22,False,daily,38.12,38.75,37.38,37.5,340100.0,0.9774799567491892,0.9936345310606266,0.9585047424786123,0.9615818042522193,5441600.0
1982-02-19,False,daily,38.38,38.88,37.88,38.38,186400.0,0.9784069365641617,0.9911532489216938,0.9656606242066296,0.9784069365641617,2982400.0
1982-02-18,False,daily,38.62,38.88,38.38,38.88,217900.0,0.9845251664957769,0.9911532489216938,0.9784069365641617,0.9911532489216938,3486400.0
1982-02-17,False,daily,38.5,38.88,38.0,38.25,245000.0,0.9814660515299694,0.9911532489216938,0.9687197391724373,0.9750928953512032,3920000.0
1982-02-16,False,daily,37.62,38.38,36.75,38.12,250200.0,0.9590325417807128,0.9784069365641617,0.9368539582786071,0.9717788541382449,4003200.0
1982-02-12,False,daily,37.38,38.5,36.25,37.88,301900.0,0.9529143118490976,0.9814660515299694,0.924107645921075,0.9656606242066296,4830400.0
1982-02-11,False,daily,36.38,36.75,36.0,36.38,266300.0,0.9274216871340334,0.9368539582786071,0.917734489742309,0.9274216871340334,4260800.0
1982-02-10,False,daily,36.62,37.0,36.25,36.62,176900.0,0.9335399170656487,0.9432271144573732,0.924107645921075,0.9335399170656487,2830400.0
1982-02-09,False,daily,37.0,37.62,36.25,36.38,241700.0,0.9432271144573732,0.9590325417807128,0.924107645921075,0.9274216871340334,3867200.0
1982-02-08,False,daily,37.88,38.12,37.62,37.88,237700.0,0.9656606242066296,0.9717788541382449,0.9590325417807128,0.9656606242066296,3803200.0
1982-02-05,False,daily,38.12,39.12,37.0,38.75,387800.0,0.9717788541382449,0.997271478853309,0.9432271144573732,0.9878392077087353,6204800.0
1982-02-04,False,daily,36.88,37.0,36.62,37.0,88000.0,0.9401679994915655,0.9432271144573732,0.9335399170656487,0.9432271144573732,1408000.0
1982-02-03,False,daily,36.88,37.12,36.62,36.75,206900.0,0.9401679994915655,0.9462862294231807,0.9335399170656487,0.9368539582786071,3310400.0
1982-02-02,False,daily,37.0,37.25,36.62,37.12,278300.0,0.9432271144573732,0.9496002706361392,0.9335399170656487,0.9462862294231807,4452800.0
1982-02-01,False,daily,37.12,37.5,36.75,37.0,228000.0,0.9462862294231807,0.9559734268149052,0.9368539582786071,0.9432271144573732,3648000.0
1982-01-29,False,daily,37.75,38.12,37.38,37.88,266100.0,0.9623465829936713,0.9717788541382449,0.9529143118490976,0.9656606242066296,4257600.0
1982-01-28,False,daily,36.88,37.38,36.38,37.25,213400.0,0.9401679994915655,0.9529143118490976,0.9274216871340334,0.9496002706361392,3414400.0
1982-01-27,False,daily,36.5,36.75,36.12,36.5,192800.0,0.9304808020998411,0.9368539582786071,0.9207936047081167,0.9304808020998411,3084800.0
1982-01-26,False,daily,36.75,36.88,36.5,36.5,136000.0,0.9368539582786071,0.9401679994915655,0.9304808020998411,0.9304808020998411,2176000.0
1982-01-25,False,daily,36.38,37.0,35.62,37.0,264000.0,0.9274216871340334,0.9432271144573732,0.9080472923505846,0.9432271144573732,4224000.0
1982-01-22,False,daily,36.62,36.88,36.25,36.5,151400.0,0.9335399170656487,0.9401679994915655,0.924107645921075,0.9304808020998411,2422400.0
1982-01-21,False,daily,36.25,36.62,35.75,36.25,365200.0,0.924107645921075,0.9335399170656487,0.911361333563543,0.924107645921075,5843200.0
1982-01-20,False,daily,35.88,36.12,35.62,35.62,117600.0,0.9146753747765013,0.9207936047081167,0.9080472923505846,0.9080472923505846,1881600.0
1982-01-19,False,daily,36.0,36.38,35.62,35.88,200400.0,0.917734489742309,0.9274216871340334,0.9080472923505846,0.9146753747765013,3206400.0
1982-01-18,False,daily,35.38,36.12,34.62,36.12,321500.0,0.9019290624189693,0.9207936047081167,0.8825546676355204,0.9207936047081167,5144000.0
1982-01-15,False,daily,34.88,35.12,34.62,34.75,179400.0,0.8891827500614372,0.8953009799930525,0.8825546676355204,0.8858687088484788,2870400.0
1982-01-14,False,daily,34.38,34.62,34.0,34.62,176300.0,0.8764364377039051,0.8825546676355204,0.8667492403121807,0.8825546676355204,2820800.0
1982-01-13,False,daily,34.75,34.75,34.75,34.75,127700.0,0.8858687088484788,0.8858687088484788,0.8858687088484788,0.8858687088484788,2043200.0
1982-01-12,False,daily,34.12,34.38,33.75,34.38,137200.0,0.8698083552779884,0.8764364377039051,0.8603760841334147,0.8764364377039051,2195200.0
1982-01-11,False,daily,34.38,35.0,33.75,33.88,128900.0,0.8764364377039051,0.8922418650272448,0.8603760841334147,0.863690125346373,2062400.0
1982-01-08,False,daily,34.88,35.12,34.5,34.5,194200.0,0.8891827500614372,0.8953009799930525,0.8794955526697128,0.8794955526697128,3107200.0
1982-01-07,False,daily,34.62,35.0,34.12,34.88,198300.0,0.8825546676355204,0.8922418650272448,0.8698083552779884,0.8891827500614372,3172800.0
1982-01-06,False,daily,35.12,35.38,34.75,35.0,169200.0,0.8953009799930525,0.9019290624189693,0.8858687088484788,0.8922418650272448,2707200.0
1982-01-05,False,daily,35.75,36.5,35.0,35.5,185100.0,0.911361333563543,0.9304808020998411,0.8922418650272448,0.9049881773847769,2961600.0
1982-01-04,False,daily,36.75,37.12,36.38,36.62,221700.0,0.9368539582786071,0.9462862294231807,0.9274216871340334,0.9335399170656487,3547200.0
1983-12-30,False,daily,40.88,41.25,40.62,40.88,303400.0,1.0928851602132668,1.1027767333365275,1.0859343250455697,1.0928851602132668,4854400.0
1983-12-29,False,daily,40.25,40.75,40.12,40.75,306400.0,1.0760427519223088,1.0894097426294183,1.0725673343384603,1.0894097426294183,4902400.0
1983-12-28,False,daily,40.5,40.62,39.88,40.12,367000.0,1.0827262472758634,1.0859343250455697,1.0661511787990479,1.0725673343384603,5872000.0
1983-12-27,False,daily,40.62,41.12,40.62,40.88,189500.0,1.0859343250455697,1.099301315752679,1.0859343250455697,1.0928851602132668,3032000.0
1983-12-23,False,daily,40.62,40.75,40.25,40.5,239200.0,1.0859343250455697,1.0894097426294183,1.0760427519223088,1.0827262472758634,3827200.0
1983-12-22,False,daily,41.0,41.38,40.5,40.75,251600.0,1.0960932379829729,1.1062521509203762,1.0827262472758634,1.0894097426294183,4025600.0
1983-12-21,False,daily,41.12,41.38,40.75,41.0,389000.0,1.099301315752679,1.1062521509203762,1.0894097426294183,1.0960932379829729,6224000.0
1983-12-20,False,daily,40.62,41.25,40.5,41.12,409700.0,1.0859343250455697,1.1027767333365275,1.0827262472758634,1.099301315752679,6555200.0
1983-12-19,False,daily,40.0,40.62,39.88,40.5,525100.0,1.069359256568754,1.0859343250455697,1.0661511787990479,1.0827262472758634,8401600.0
1983-12-16,False,daily,39.25,39.62,39.25,39.5,519500.0,1.04930877050809,1.0592003436313508,1.04930877050809,1.0559922658616445,8312000.0
1983-12-15,False,daily,39.38,40.0,39.0,39.25,521300.0,1.0527841880919384,1.069359256568754,1.042625275154535,1.04930877050809,8340800.0
1983-12-14,False,daily,39.5,39.75,39.25,39.5,457600.0,1.0559922658616445,1.0626757612151994,1.04930877050809,1.0559922658616445,7321600.0
1983-12-13,False,daily,40.0,40.12,39.62,39.62,349900.0,1.069359256568754,1.0725673343384603,1.0592003436313508,1.0592003436313508,5598400.0
1983-12-12,False,daily,39.75,40.5,39.75,40.12,328900.0,1.0626757612151994,1.0827262472758634,1.0626757612151994,1.0725673343384603,5262400.0
1983-12-09,False,daily,40.12,40.38,39.62,40.25,547500.0,1.0725673343384603,1.0795181695061573,1.0592003436313508,1.0760427519223088,8760000.0
1983-12-08,False,daily,41.25,41.25,39.88,40.25,843600.0,1.1027767333365275,1.1027767333365275,1.0661511787990479,1.0760427519223088,13497600.0
1983-12-07,False,daily,41.38,41.75,41.0,41.25,571300.0,1.1062521509203762,1.116143724043637,1.0960932379829729,1.1027767333365275,9140800.0
1983-12-06,False,daily,41.75,42.38,41.5,41.5,442900.0,1.116143724043637,1.1329861323345949,1.1094602286900823,1.1094602286900823,7086400.0
1983-12-05,False,daily,41.5,41.88,41.38,41.75,379900.0,1.1094602286900823,1.1196191416274854,1.1062521509203762,1.116143724043637,6078400.0
1983-12-02,False,daily,40.88,42.0,40.25,42.0,648200.0,1.0928851602132668,1.1228272193971918,1.0760427519223088,1.1228272193971918,10371200.0
1983-12-01,False,daily,42.38,42.38,40.75,41.0,479200.0,1.1329861323345949,1.1329861323345949,1.0894097426294183,1.0960932379829729,7667200.0
1983-11-30,False,daily,42.12,42.75,41.88,42.38,251200.0,1.1260352971668979,1.1428777054578558,1.1196191416274854,1.1329861323345949,4019200.0
1983-11-29,False,daily,41.62,42.0,41.5,42.0,274700.0,1.1126683064597884,1.1228272193971918,1.1094602286900823,1.1228272193971918,4395200.0
1983-11-28,False,daily,42.12,42.12,41.5,41.88,288400.0,1.1260352971668979,1.1260352971668979,1.1094602286900823,1.1196191416274854,4614400.0
1983-11-25,False,daily,42.5,42.75,42.0,42.38,193400.0,1.1361942101043012,1.1428777054578558,1.1228272193971918,1.1329861323345949,3094400.0
1983-11-23,False,daily,41.75,42.25,41.75,42.25,408400.0,1.116143724043637,1.1295107147507464,1.116143724043637,1.1295107147507464,6534400.0
1983-11-22,False,daily,42.25,42.75,41.75,42.0,516200.0,1.1295107147507464,1.1428777054578558,1.116143724043637,1.1228272193971918,8259200.0
1983-11-21,False,daily,42.25,42.88,41.62,42.12,500100.0,1.1295107147507464,1.1463531230417043,1.1126683064597884,1.1260352971668979,8001600.0
1983-11-18,False,daily,43.0,43.5,42.0,42.25,270700.0,1.1495612008114107,1.16292819151852,1.1228272193971918,1.1295107147507464,4331200.0
1983-11-17,False,daily,43.88,43.88,43.38,43.5,137500.0,1.1730871044559232,1.1730871044559232,1.1597201137488138,1.16292819151852,2200000.0
1983-11-16,False,daily,44.38,44.38,43.5,44.0,246500.0,1.1864540951630327,1.1864540951630327,1.16292819151852,1.1762951822256293,3944000.0
1983-11-15,False,daily,44.25,44.5,44.0,44.25,127300.0,1.1829786775791842,1.1896621729327388,1.1762951822256293,1.1829786775791842,2036800.0
1983-11-14,False,daily,44.0,44.5,43.75,44.38,211300.0,1.1762951822256293,1.1896621729327388,1.1696116868720747,1.1864540951630327,3380800.0
1983-11-11,False,daily,44.25,44.38,43.62,44.38,675100.0,1.1756935104907444,1.1791475253238246,1.1589548232227405,1.1791475253238246,10801600.0
1983-11-10,False,daily,44.0,44.12,43.75,44.0,143900.0,1.1690511742732825,1.1722394956576643,1.1624088380558208,1.1690511742732825,2302400.0
1983-11-09,False,daily,44.38,44.5,43.62,44.0,189100.0,1.1791475253238246,1.1823358467082064,1.1589548232227405,1.1690511742732825,3025600.0
1983-11-08,False,daily,44.5,44.62,44.25,44.62,355000.0,1.1823358467082064,1.1855241680925879,1.1756935104907444,1.1855241680925879,5680000.0
1983-11-07,False,daily,44.62,44.75,44.25,44.75,186600.0,1.1855241680925879,1.188978182925668,1.1756935104907444,1.188978182925668,2985600.0
1983-11-04,False,daily,44.38,44.62,44.25,44.5,260300.0,1.1791475253238246,1.1855241680925879,1.1756935104907444,1.1823358467082064,4164800.0
1983-11-03,False,daily,44.0,44.75,43.25,44.38,296500.0,1.1690511742732825,1.188978182925668,1.149124165620897,1.1791475253238246,4744000.0
1983-11-02,False,daily,43.62,44.38,43.38,43.75,262300.0,1.1589548232227405,1.1791475253238246,1.1525781804539772,1.1624088380558208,4196800.0
1983-11-01,False,daily,43.75,44.0,43.0,44.0,237500.0,1.1624088380558208,1.1690511742732825,1.1424818294034353,1.1690511742732825,3800000.0
1983-10-31,False,daily,44.5,44.5,43.25,43.88,377400.0,1.1823358467082064,1.1823358467082064,1.149124165620897,1.165862852888901,6038400.0
1983-10-28,False,daily,44.88,44.88,44.12,44.38,125100.0,1.1924321977587482,1.1924321977587482,1.1722394956576643,1.1791475253238246,2001600.0
1983-10-27,False,daily,44.12,45.12,44.0,44.75,322600.0,1.1722394956576643,1.1988088405275115,1.1690511742732825,1.188978182925668,5161600.0
1983-10-26,False,daily,45.38,45.5,44.0,44.12,551200.0,1.205716870193672,1.2089051915780535,1.1690511742732825,1.1722394956576643,8819200.0
1983-10-25,False,daily,45.75,45.75,45.25,45.38,167100.0,1.2155475277955154,1.2155475277955154,1.2022628553605916,1.205716870193672,2673600.0
1983-10-24,False,daily,45.88,46.0,45.38,45.5,197000.0,1.2190015426285956,1.2221898640129771,1.205716870193672,1.2089051915780535,3152000.0
1983-10-21,False,daily,46.0,46.12,45.38,46.12,183200.0,1.2221898640129771,1.2253781853973589,1.205716870193672,1.2253781853973589,2931200.0
1983-10-20,False,daily,45.75,46.12,45.62,46.0,155600.0,1.2155475277955154,1.2253781853973589,1.2120935129624353,1.2221898640129771,2489600.0
1983-10-19,False,daily,45.25,45.62,45.0,45.5,275500.0,1.2022628553605916,1.2120935129624353,1.19562051914313,1.2089051915780535,4408000.0
1983-10-18,False,daily,46.5,46.5,45.38,45.62,158700.0,1.235474536447901,1.235474536447901,1.205716870193672,1.2120935129624353,2539200.0
1983-10-17,False,daily,46.25,46.88,45.88,46.5,160200.0,1.228832200230439,1.245570887498443,1.2190015426285956,1.235474536447901,2563200.0
1983-10-14,False,daily,45.88,46.12,45.5,46.12,197000.0,1.2190015426285956,1.2253781853973589,1.2089051915780535,1.2253781853973589,3152000.0
1983-10-13,False,daily,46.75,46.88,45.5,45.88,381700.0,1.2421168726653626,1.245570887498443,1.2089051915780535,1.2190015426285956,6107200.0
1983-10-12,False,daily,47.0,47.38,46.75,46.88,374900.0,1.2487592088828245,1.2588555599333666,1.2421168726653626,1.245570887498443,5998400.0
1983-10-11,False,daily,46.88,47.5,46.88,47.12,361100.0,1.245570887498443,1.2620438813177481,1.245570887498443,1.2519475302672063,5777600.0
1983-10-10,False,daily,47.25,47.38,46.75,47.38,150100.0,1.2554015451002865,1.2588555599333666,1.2421168726653626,1.2588555599333666,2401600.0
1983-10-07,False,daily,47.88,48.0,47.25,47.25,435600.0,1.2721402323682902,1.275328553752672,1.2554015451002865,1.2554015451002865,6969600.0
1983-10-06,False,daily,47.5,47.88,47.12,47.88,617300.0,1.2620438813177481,1.2721402323682902,1.2519475302672063,1.2721402323682902,9876800.0
1983-10-05,False,daily,46.5,47.62,46.38,47.0,505700.0,1.235474536447901,1.2652322027021299,1.2322862150635192,1.2487592088828245,8091200.0
1983-10-04,False,daily,45.25,46.38,45.12,46.38,662200.0,1.2022628553605916,1.2322862150635192,1.1988088405275115,1.2322862150635192,10595200.0
1983-10-03,False,daily,44.75,45.38,44.75,45.0,400600.0,1.188978182925668,1.205716870193672,1.188978182925668,1.19562051914313,6409600.0
1983-09-30,False,daily,45.0,45.62,45.0,45.12,241800.0,1.19562051914313,1.2120935129624353,1.19562051914313,1.1988088405275115,3868800.0
1983-09-29,False,daily,45.12,45.38,44.88,45.0,244900.0,1.1988088405275115,1.205716870193672,1.1924321977587482,1.19562051914313,3918400.0
1983-09-28,False,daily,45.38,45.88,44.88,45.0,240500.0,1.205716870193672,1.2190015426285956,1.1924321977587482,1.19562051914313,3848000.0
1983-09-27,False,daily,45.0,45.38,44.88,45.38,264600.0,1.19562051914313,1.205716870193672,1.1924321977587482,1.205716870193672,4233600.0
1983-09-26,False,daily,45.25,45.5,44.5,45.0,373800.0,1.2022628553605916,1.2089051915780535,1.1823358467082064,1.19562051914313,5980800.0
1983-09-23,False,daily,45.12,45.12,44.25,44.62,223800.0,1.1988088405275115,1.1988088405275115,1.1756935104907444,1.1855241680925879,3580800.0
1983-09-22,False,daily,44.12,45.0,44.0,44.88,377800.0,1.1722394956576643,1.19562051914313,1.1690511742732825,1.1924321977587482,6044800.0
1983-09-21,False,daily,45.0,45.25,43.88,44.12,550500.0,1.19562051914313,1.2022628553605916,1.165862852888901,1.1722394956576643,8808000.0
1983-09-20,False,daily,44.25,44.75,44.12,44.62,777000.0,1.1756935104907444,1.188978182925668,1.1722394956576643,1.1855241680925879,12432000.0
1983-09-19,False,daily,43.38,44.38,43.25,44.12,557000.0,1.1525781804539772,1.1791475253238246,1.149124165620897,1.1722394956576643,8912000.0
1983-09-16,False,daily,42.0,43.5,42.0,43.12,330400.0,1.115912484533588,1.155766501838359,1.115912484533588,1.1456701507878169,5286400.0
1983-09-15,False,daily,42.5,42.88,42.12,42.38,170800.0,1.1291971569685115,1.1392935080190536,1.1191008059179695,1.12600883558413,2732800.0
1983-09-14,False,daily,42.38,42.75,42.0,42.75,204000.0,1.12600883558413,1.1358394931859734,1.115912484533588,1.1358394931859734,3264000.0
1983-09-13,False,daily,42.12,42.38,41.75,42.12,151500.0,1.1191008059179695,1.12600883558413,1.109270148316126,1.1191008059179695,2424000.0
1983-09-12,False,daily,43.12,43.25,42.12,42.12,337800.0,1.1456701507878169,1.149124165620897,1.1191008059179695,1.1191008059179695,5404800.0
1983-09-09,False,daily,42.5,42.5,42.0,42.12,302300.0,1.1291971569685115,1.1291971569685115,1.115912484533588,1.1191008059179695,4836800.0
1983-09-08,False,daily,42.62,42.62,42.0,42.25,408500.0,1.1323854783528933,1.1323854783528933,1.115912484533588,1.1225548207510498,6536000.0
1983-09-07,False,daily,42.25,43.0,42.12,42.62,634900.0,1.1225548207510498,1.1424818294034353,1.1191008059179695,1.1323854783528933,10158400.0
1983-09-06,False,daily,42.0,42.38,41.38,42.12,541800.0,1.115912484533588,1.12600883558413,1.0994394907142826,1.1191008059179695,8668800.0
1983-09-02,False,daily,41.25,41.75,41.25,41.38,222400.0,1.0959854758812024,1.109270148316126,1.0959854758812024,1.0994394907142826,3558400.0
1983-09-01,False,daily,41.38,41.62,40.38,41.25,304600.0,1.0994394907142826,1.1058161334830459,1.0728701458444354,1.0959854758812024,4873600.0
1983-08-31,False,daily,40.88,41.75,40.62,41.12,356500.0,1.086154818279359,1.109270148316126,1.0792467886131984,1.0925314610481223,5704000.0
1983-08-30,False,daily,41.25,41.5,40.12,40.88,298600.0,1.0959854758812024,1.1026278120986643,1.0659621161782749,1.086154818279359,4777600.0
1983-08-29,False,daily,40.88,41.25,40.62,41.12,247100.0,1.086154818279359,1.0959854758812024,1.0792467886131984,1.0925314610481223,3953600.0
1983-08-26,False,daily,40.88,41.25,40.62,40.88,302100.0,1.086154818279359,1.0959854758812024,1.0792467886131984,1.086154818279359,4833600.0
1983-08-25,False,daily,40.88,41.25,40.25,40.88,473400.0,1.086154818279359,1.0959854758812024,1.069416131011355,1.086154818279359,7574400.0
1983-08-24,False,daily,41.5,41.75,40.75,41.0,676300.0,1.1026278120986643,1.109270148316126,1.0827008034462788,1.0893431396637405,10820800.0
1983-08-23,False,daily,42.38,42.5,41.5,41.75,309300.0,1.12600883558413,1.1291971569685115,1.1026278120986643,1.109270148316126,4948800.0
1983-08-22,False,daily,42.12,44.25,41.88,42.38,397100.0,1.1191008059179695,1.1756935104907444,1.1127241631492062,1.12600883558413,6353600.0
1983-08-19,False,daily,42.12,42.12,41.62,42.0,665100.0,1.1191008059179695,1.1191008059179695,1.1058161334830459,1.115912484533588,10641600.0
1983-08-18,False,daily,43.12,43.38,43.0,43.12,238900.0,1.1456701507878169,1.1525781804539772,1.1424818294034353,1.1456701507878169,3822400.0
1983-08-17,False,daily,43.38,43.38,42.12,43.0,249400.0,1.1525781804539772,1.1525781804539772,1.1191008059179695,1.1424818294034353,3990400.0
1983-08-16,False,daily,43.75,43.88,42.88,43.12,433200.0,1.1624088380558208,1.165862852888901,1.1392935080190536,1.1456701507878169,6931200.0
1983-08-15,False,daily,44.5,44.62,44.0,44.0,361900.0,1.1823358467082064,1.1855241680925879,1.1690511742732825,1.1690511742732825,5790400.0
1983-08-12,False,daily,43.62,43.88,43.5,43.88,158900.0,1.1517563460598665,1.158621468709467,1.1485878279138972,1.158621468709467,2542400.0
1983-08-11,False,daily,43.0,43.38,42.62,43.38,309300.0,1.1353856689723583,1.145419309767928,1.1253520281767884,1.145419309767928,4948800.0
1983-08-10,False,daily,42.0,42.88,41.88,42.88,488400.0,1.10898135108928,1.132217150826389,1.1058128329433108,1.132217150826389,7814400.0
1983-08-09,False,daily,41.75,42.0,40.88,42.0,544100.0,1.1023802716185105,1.10898135108928,1.0794085150602326,1.10898135108928,8705600.0
1983-08-08,False,daily,42.75,42.75,41.38,41.75,690400.0,1.1287845895015887,1.1287845895015887,1.0926106740017718,1.1023802716185105,11046400.0
1983-08-05,False,daily,42.75,42.75,42.0,42.62,267500.0,1.1287845895015887,1.1287845895015887,1.10898135108928,1.1253520281767884,4280000.0
1983-08-04,False,daily,43.25,43.25,41.12,42.75,570200.0,1.1419867484431276,1.1419867484431276,1.0857455513521712,1.1287845895015887,9123200.0
1983-08-03,False,daily,43.38,43.5,42.75,43.12,506700.0,1.145419309767928,1.1485878279138972,1.1287845895015887,1.1385541871183276,8107200.0
1983-08-02,False,daily,44.0,44.12,43.25,43.38,330200.0,1.1617899868554362,1.1649585050014055,1.1419867484431276,1.145419309767928,5283200.0
1983-08-01,False,daily,43.88,43.88,43.38,43.62,365700.0,1.158621468709467,1.158621468709467,1.145419309767928,1.1517563460598665,5851200.0
1983-07-29,False,daily,45.0,45.0,42.75,44.0,451700.0,1.1881943047385144,1.1881943047385144,1.1287845895015887,1.1617899868554362,7227200.0
1983-07-28,False,daily,45.25,45.38,44.62,44.75,571100.0,1.1947953842092838,1.198227945534084,1.1781606639429447,1.1815932252677448,9137600.0
1983-07-27,False,daily,46.0,46.5,45.0,45.38,580300.0,1.2145986226215923,1.2278007815631315,1.1881943047385144,1.198227945534084,9284800.0
1983-07-26,False,daily,45.75,46.0,45.62,46.0,392500.0,1.207997543150823,1.2145986226215923,1.2045649818260227,1.2145986226215923,6280000.0
1983-07-25,False,daily,46.75,46.88,45.88,46.0,297700.0,1.234401861033901,1.2378344223587012,1.211430104475623,1.2145986226215923,4763200.0
1983-07-22,False,daily,47.06,47.5,46.62,47.0,251000.0,1.2425871995776554,1.2542050994462095,1.2309692997091009,1.2410029405046705,4016000.0
1983-07-21,False,daily,47.75,47.75,46.88,47.38,483200.0,1.260806178916979,1.260806178916979,1.2378344223587012,1.2510365813002402,7731200.0
1983-07-20,False,daily,47.0,47.5,46.62,47.5,377800.0,1.2410029405046705,1.2542050994462095,1.2309692997091009,1.2542050994462095,6044800.0
1983-07-19,False,daily,45.75,46.62,45.62,46.0,530200.0,1.207997543150823,1.2309692997091009,1.2045649818260227,1.2145986226215923,8483200.0
1983-07-18,False,daily,46.38,46.5,46.0,46.0,238800.0,1.2246322634171622,1.2278007815631315,1.2145986226215923,1.2145986226215923,3820800.0
1983-07-15,False,daily,46.25,46.5,46.0,46.38,374400.0,1.221199702092362,1.2278007815631315,1.2145986226215923,1.2246322634171622,5990400.0
1983-07-14,False,daily,47.5,47.5,46.88,47.12,419000.0,1.2542050994462095,1.2542050994462095,1.2378344223587012,1.2441714586506398,6704000.0
1983-07-13,False,daily,47.75,47.88,47.25,47.5,339000.0,1.260806178916979,1.2642387402417794,1.2476040199754401,1.2542050994462095,5424000.0
1983-07-12,False,daily,49.0,49.25,48.12,48.12,276500.0,1.2938115762708267,1.3004126557415963,1.270575776533718,1.270575776533718,4424000.0
1983-07-11,False,daily,49.5,49.75,49.12,49.25,277500.0,1.3070137352123659,1.3136148146831352,1.296980094416796,1.3004126557415963,4440000.0
1983-07-08,False,daily,49.12,49.62,49.0,49.25,317900.0,1.296980094416796,1.3101822533583352,1.2938115762708267,1.3004126557415963,5086400.0
1983-07-07,False,daily,48.5,49.38,48.0,48.88,319400.0,1.2806094173292877,1.3038452170663966,1.2674072583877487,1.2906430581248574,5110400.0
1983-07-06,False,daily,47.75,48.62,47.62,48.38,183400.0,1.260806178916979,1.283777935475257,1.2573736175921788,1.2774408991833184,2934400.0
1983-07-05,False,daily,48.0,48.38,47.62,47.88,215400.0,1.2674072583877487,1.2774408991833184,1.2573736175921788,1.2642387402417794,3446400.0
1983-07-01,False,daily,49.5,49.5,49.0,49.25,303500.0,1.3070137352123659,1.3070137352123659,1.2938115762708267,1.3004126557415963,4856000.0
1983-06-30,False,daily,49.0,49.25,48.75,49.25,275900.0,1.2938115762708267,1.3004126557415963,1.2872104968000573,1.3004126557415963,4414400.0
1983-06-29,False,daily,48.25,49.0,48.0,48.5,193700.0,1.274008337858518,1.2938115762708267,1.2674072583877487,1.2806094173292877,3099200.0
1983-06-28,False,daily,49.0,49.5,47.88,47.88,287700.0,1.2938115762708267,1.3070137352123659,1.2642387402417794,1.2642387402417794,4603200.0
1983-06-27,False,daily,49.0,49.25,48.5,49.0,297300.0,1.2938115762708267,1.3004126557415963,1.2806094173292877,1.2938115762708267,4756800.0
1983-06-24,False,daily,47.5,49.25,47.5,48.75,891400.0,1.2542050994462095,1.3004126557415963,1.2542050994462095,1.2872104968000573,14262400.0
1983-06-23,False,daily,47.5,47.5,47.0,47.5,466800.0,1.2542050994462095,1.2542050994462095,1.2410029405046705,1.2542050994462095,7468800.0
1983-06-22,False,daily,48.12,49.0,47.25,47.5,512300.0,1.270575776533718,1.2938115762708267,1.2476040199754401,1.2542050994462095,8196800.0
1983-06-21,False,daily,47.38,48.25,47.0,48.25,456100.0,1.2510365813002402,1.274008337858518,1.2410029405046705,1.274008337858518,7297600.0
1983-06-20,False,daily,47.62,48.25,47.12,47.12,512700.0,1.2573736175921788,1.274008337858518,1.2441714586506398,1.2441714586506398,8203200.0
1983-06-17,False,daily,48.0,48.12,47.12,47.62,818500.0,1.2674072583877487,1.270575776533718,1.2441714586506398,1.2573736175921788,13096000.0
1983-06-16,False,daily,46.0,47.75,45.75,47.62,2231100.0,1.2145986226215923,1.260806178916979,1.207997543150823,1.2573736175921788,35697600.0
1983-06-15,False,daily,46.25,46.25,45.75,46.12,386200.0,1.221199702092362,1.221199702092362,1.207997543150823,1.2177671407675617,6179200.0
1983-06-14,False,daily,45.75,45.88,45.38,45.88,393500.0,1.207997543150823,1.211430104475623,1.198227945534084,1.211430104475623,6296000.0
1983-06-13,False,daily,45.88,46.0,45.38,45.62,445400.0,1.211430104475623,1.2145986226215923,1.198227945534084,1.2045649818260227,7126400.0
1983-06-10,False,daily,46.12,46.12,45.62,45.88,375700.0,1.2177671407675617,1.2177671407675617,1.2045649818260227,1.211430104475623,6011200.0
1983-06-09,False,daily,45.75,46.38,45.75,46.0,513800.0,1.207997543150823,1.2246322634171622,1.207997543150823,1.2145986226215923,8220800.0
1983-06-08,False,daily,46.75,46.88,45.75,46.0,501800.0,1.234401861033901,1.2378344223587012,1.207997543150823,1.2145986226215923,8028800.0
1983-06-07,False,daily,47.25,47.25,46.38,46.75,174800.0,1.2476040199754401,1.2476040199754401,1.2246322634171622,1.234401861033901,2796800.0
1983-06-06,False,daily,47.38,47.38,47.0,47.12,212400.0,1.2510365813002402,1.2510365813002402,1.2410029405046705,1.2441714586506398,3398400.0
1983-06-03,False,daily,47.12,47.5,46.62,47.38,308800.0,1.2441714586506398,1.2542050994462095,1.2309692997091009,1.2510365813002402,4940800.0
1983-06-02,False,daily,47.0,47.0,46.75,47.0,378900.0,1.2410029405046705,1.2410029405046705,1.234401861033901,1.2410029405046705,6062400.0
1983-06-01,False,daily,46.0,46.62,46.0,46.12,327500.0,1.2145986226215923,1.2309692997091009,1.2145986226215923,1.2177671407675617,5240000.0
1983-05-31,False,daily,46.62,46.75,45.75,46.0,301000.0,1.2309692997091009,1.234401861033901,1.207997543150823,1.2145986226215923,4816000.0
1983-05-27,False,daily,48.25,48.38,47.0,47.12,546900.0,1.274008337858518,1.2774408991833184,1.2410029405046705,1.2441714586506398,8750400.0
1983-05-26,False,daily,48.25,48.38,47.88,48.38,506200.0,1.274008337858518,1.2774408991833184,1.2642387402417794,1.2774408991833184,8099200.0
1983-05-25,False,daily,48.5,48.75,48.0,48.25,732400.0,1.2806094173292877,1.2872104968000573,1.2674072583877487,1.274008337858518,11718400.0
1983-05-24,False,daily,48.0,49.12,47.88,48.5,377400.0,1.2674072583877487,1.296980094416796,1.2642387402417794,1.2806094173292877,6038400.0
1983-05-23,False,daily,47.0,47.88,46.75,47.75,428400.0,1.2410029405046705,1.2642387402417794,1.234401861033901,1.260806178916979,6854400.0
1983-05-20,False,daily,47.25,47.5,47.0,47.25,504200.0,1.2476040199754401,1.2542050994462095,1.2410029405046705,1.2476040199754401,8067200.0
1983-05-19,False,daily,48.62,48.88,47.62,47.62,216900.0,1.283777935475257,1.2906430581248574,1.2573736175921788,1.2573736175921788,3470400.0
1983-05-18,False,daily,49.75,49.75,48.62,48.62,258500.0,1.3136148146831352,1.3136148146831352,1.283777935475257,1.283777935475257,4136000.0
1983-05-17,False,daily,49.25,49.5,49.0,49.12,170800.0,1.3004126557415963,1.3070137352123659,1.2938115762708267,1.296980094416796,2732800.0
1983-05-16,False,daily,48.38,49.0,48.25,48.62,156000.0,1.2774408991833184,1.2938115762708267,1.274008337858518,1.283777935475257,2496000.0
1983-05-13,False,daily,49.5,49.75,49.0,49.0,206400.0,1.299662701830969,1.3062266548705193,1.2865347957518682,1.2865347957518682,3302400.0
1983-05-12,False,daily,50.0,50.0,48.62,49.0,302900.0,1.3127906079100697,1.3127906079100697,1.2765575871317516,1.2865347957518682,4846400.0
1983-05-11,False,daily,50.5,50.5,49.62,50.0,239500.0,1.3259185139891703,1.3259185139891703,1.302813399289953,1.3127906079100697,3832000.0
1983-05-10,False,daily,49.88,50.5,49.75,50.5,343700.0,1.3096399104510856,1.3259185139891703,1.3062266548705193,1.3259185139891703,5499200.0
1983-05-09,False,daily,50.12,50.25,49.25,49.62,263300.0,1.3159413053690538,1.31935456094962,1.2930987487914185,1.302813399289953,4212800.0
1983-05-06,False,daily,50.5,51.12,50.38,50.38,327500.0,1.3259185139891703,1.3421971175272551,1.3227678165301862,1.3227678165301862,5240000.0
1983-05-05,False,daily,50.38,50.75,50.0,50.38,246700.0,1.3227678165301862,1.3324824670287208,1.3127906079100697,1.3227678165301862,3947200.0
1983-05-04,False,daily,50.25,50.88,49.62,50.38,529500.0,1.31935456094962,1.335895722609287,1.302813399289953,1.3227678165301862,8472000.0
1983-05-03,False,daily,49.88,51.5,49.75,50.88,662500.0,1.3096399104510856,1.3521743261473718,1.3062266548705193,1.335895722609287,10600000.0
1983-05-02,False,daily,49.5,50.25,48.62,49.5,600200.0,1.299662701830969,1.31935456094962,1.2765575871317516,1.299662701830969,9603200.0
1983-04-29,False,daily,50.25,50.62,49.75,50.12,924000.0,1.31935456094962,1.3290692114481544,1.3062266548705193,1.3159413053690538,14784000.0
1983-04-28,False,daily,49.75,50.5,49.0,50.25,771000.0,1.3062266548705193,1.3259185139891703,1.2865347957518682,1.31935456094962,12336000.0
1983-04-27,False,daily,48.38,48.75,48.0,48.75,368500.0,1.2702561922137834,1.279970842712318,1.260278983593667,1.279970842712318,5896000.0
1983-04-26,False,daily,48.0,48.25,47.62,48.0,261700.0,1.260278983593667,1.2668429366332172,1.2503017749735503,1.260278983593667,4187200.0
1983-04-25,False,daily,48.75,49.25,48.12,48.25,462500.0,1.279970842712318,1.2930987487914185,1.2634296810526509,1.2668429366332172,7400000.0
1983-04-22,False,daily,48.88,49.0,48.38,48.62,514900.0,1.2833840982928841,1.2865347957518682,1.2702561922137834,1.2765575871317516,8238400.0
1983-04-21,False,daily,48.62,48.75,47.88,48.38,427600.0,1.2765575871317516,1.279970842712318,1.2571282861346829,1.2702561922137834,6841600.0
1983-04-20,False,daily,47.62,48.62,47.62,48.38,335800.0,1.2503017749735503,1.2765575871317516,1.2503017749735503,1.2702561922137834,5372800.0
1983-04-19,False,daily,47.75,48.62,47.5,47.62,589200.0,1.2537150305541165,1.2765575871317516,1.2471510775145662,1.2503017749735503,9427200.0
1983-04-18,False,daily,46.0,47.75,45.75,47.75,662600.0,1.207767359277264,1.2537150305541165,1.2012034062377137,1.2537150305541165,10601600.0
1983-04-15,False,daily,45.38,46.0,45.25,46.0,367900.0,1.1914887557391793,1.207767359277264,1.188075500158613,1.207767359277264,5886400.0
1983-04-14,False,daily,45.62,45.62,45.38,45.5,312200.0,1.1977901506571476,1.1977901506571476,1.1914887557391793,1.1946394531981634,4995200.0
1983-04-13,False,daily,45.25,45.38,45.0,45.38,506900.0,1.188075500158613,1.1914887557391793,1.1815115471190627,1.1914887557391793,8110400.0
1983-04-12,False,daily,45.38,45.5,44.75,45.12,445000.0,1.1914887557391793,1.1946394531981634,1.1749475940795124,1.1846622445780468,7120000.0
1983-04-11,False,daily,45.75,46.0,45.12,45.5,265100.0,1.2012034062377137,1.207767359277264,1.1846622445780468,1.1946394531981634,4241600.0
1983-04-08,False,daily,45.5,45.75,45.12,45.75,246300.0,1.1946394531981634,1.2012034062377137,1.1846622445780468,1.2012034062377137,3940800.0
1983-04-07,False,daily,46.0,46.25,45.12,45.5,566200.0,1.207767359277264,1.2143313123168145,1.1846622445780468,1.1946394531981634,9059200.0
1983-04-06,False,daily,46.38,46.38,45.62,45.75,336600.0,1.2177445678973806,1.2177445678973806,1.1977901506571476,1.2012034062377137,5385600.0
1983-04-05,False,daily,46.62,46.88,46.38,46.5,240300.0,1.2240459628153488,1.2308724739764814,1.2177445678973806,1.2208952653563647,3844800.0
1983-04-04,False,daily,46.5,46.62,46.12,46.62,320500.0,1.2208952653563647,1.2240459628153488,1.210918056736248,1.2240459628153488,5128000.0
1983-03-31,False,daily,48.12,48.12,47.25,47.38,161900.0,1.2634296810526509,1.2634296810526509,1.2405871244750157,1.2440003800555821,2590400.0
1983-03-30,False,daily,48.0,48.38,47.75,47.88,220400.0,1.260278983593667,1.2702561922137834,1.2537150305541165,1.2571282861346829,3526400.0
1983-03-29,False,daily,47.75,48.0,47.38,47.5,239700.0,1.2537150305541165,1.260278983593667,1.2440003800555821,1.2471510775145662,3835200.0
1983-03-28,False,daily,47.0,47.88,46.88,47.88,215900.0,1.2340231714354655,1.2571282861346829,1.2308724739764814,1.2571282861346829,3454400.0
1983-03-25,False,daily,46.62,47.12,46.62,47.0,370600.0,1.2240459628153488,1.2371738688944496,1.2240459628153488,1.2340231714354655,5929600.0
1983-03-24,False,daily,47.12,47.12,46.12,46.62,233900.0,1.2371738688944496,1.2371738688944496,1.210918056736248,1.2240459628153488,3742400.0
1983-03-23,False,daily,46.62,47.25,46.62,47.0,453700.0,1.2240459628153488,1.2405871244750157,1.2240459628153488,1.2340231714354655,7259200.0
1983-03-22,False,daily,46.0,46.38,45.88,46.38,388100.0,1.207767359277264,1.2177445678973806,1.2046166618182799,1.2177445678973806,6209600.0
1983-03-21,False,daily,45.75,46.0,45.38,45.5,255200.0,1.2012034062377137,1.207767359277264,1.1914887557391793,1.1946394531981634,4083200.0
1983-03-18,False,daily,45.75,46.0,45.5,45.75,391700.0,1.2012034062377137,1.207767359277264,1.1946394531981634,1.2012034062377137,6267200.0
1983-03-17,False,daily,45.12,45.62,44.62,45.25,328500.0,1.1846622445780468,1.1977901506571476,1.171534338498946,1.188075500158613,5256000.0
1983-03-16,False,daily,45.25,45.62,44.75,44.88,571100.0,1.188075500158613,1.1977901506571476,1.1749475940795124,1.1783608496600786,9137600.0
1983-03-15,False,daily,45.75,46.38,45.12,45.38,458200.0,1.2012034062377137,1.2177445678973806,1.1846622445780468,1.1914887557391793,7331200.0
1983-03-14,False,daily,45.88,46.12,45.62,45.88,383400.0,1.2046166618182799,1.210918056736248,1.1977901506571476,1.2046166618182799,6134400.0
1983-03-11,False,daily,45.75,46.0,45.38,46.0,713700.0,1.2012034062377137,1.207767359277264,1.1914887557391793,1.207767359277264,11419200.0
1983-03-10,False,daily,46.62,47.25,46.0,46.0,933300.0,1.2240459628153488,1.2405871244750157,1.207767359277264,1.207767359277264,14932800.0
1983-03-09,False,daily,46.25,46.88,45.62,46.75,785500.0,1.2143313123168145,1.2308724739764814,1.1977901506571476,1.2274592183959152,12568000.0
1983-03-08,False,daily,45.75,46.12,45.38,45.88,767600.0,1.2012034062377137,1.210918056736248,1.1914887557391793,1.2046166618182799,12281600.0
1983-03-07,False,daily,45.62,46.25,45.0,46.25,1997500.0,1.1977901506571476,1.2143313123168145,1.1815115471190627,1.2143313123168145,31960000.0
1983-03-04,False,daily,47.62,50.25,45.0,48.0,797600.0,1.2503017749735503,1.31935456094962,1.1815115471190627,1.260278983593667,12761600.0
1983-03-03,False,daily,50.12,50.62,49.62,50.25,324600.0,1.3159413053690538,1.3290692114481544,1.302813399289953,1.31935456094962,5193600.0
1983-03-02,False,daily,49.88,50.0,49.62,50.0,600500.0,1.3096399104510856,1.3127906079100697,1.302813399289953,1.3127906079100697,9608000.0
1983-03-01,False,daily,48.5,49.5,47.5,49.0,588500.0,1.2734068896727675,1.299662701830969,1.2471510775145662,1.2865347957518682,9416000.0
1983-02-28,False,daily,47.38,47.75,47.0,47.38,459500.0,1.2440003800555821,1.2537150305541165,1.2340231714354655,1.2440003800555821,7352000.0
1983-02-25,False,daily,47.25,47.75,46.75,47.38,570400.0,1.2405871244750157,1.2537150305541165,1.2274592183959152,1.2440003800555821,9126400.0
1983-02-24,False,daily,46.25,46.62,45.75,46.62,397100.0,1.2143313123168145,1.2240459628153488,1.2012034062377137,1.2240459628153488,6353600.0
1983-02-23,False,daily,45.62,46.0,45.12,45.75,458100.0,1.1977901506571476,1.207767359277264,1.1846622445780468,1.2012034062377137,7329600.0
1983-02-22,False,daily,46.12,46.88,45.25,45.62,440700.0,1.210918056736248,1.2308724739764814,1.188075500158613,1.1977901506571476,7051200.0
1983-02-18,False,daily,46.38,46.62,46.0,46.25,351800.0,1.2177445678973806,1.2240459628153488,1.207767359277264,1.2143313123168145,5628800.0
1983-02-17,False,daily,46.25,46.38,46.0,46.38,209800.0,1.2078026493473693,1.2111975540914808,1.2012739863779238,1.2111975540914808,3356800.0
1983-02-16,False,daily,46.25,46.75,45.75,46.12,339100.0,1.2078026493473693,1.2208599752862597,1.1947453234084786,1.2044077446032575,5425600.0
1983-02-15,False,daily,46.38,46.62,46.12,46.38,406600.0,1.2111975540914808,1.2174650705421481,1.2044077446032575,1.2111975540914808,6505600.0
1983-02-14,False,daily,45.88,46.12,45.5,46.0,323600.0,1.1981402281525904,1.2044077446032575,1.1882166604390334,1.2012739863779238,5177600.0
1983-02-11,False,daily,45.88,46.62,45.0,45.5,349200.0,1.1981402281525904,1.2174650705421481,1.175159334500143,1.1882166604390334,5587200.0
1983-02-10,False,daily,46.25,46.5,45.88,46.12,279800.0,1.2078026493473693,1.2143313123168145,1.1981402281525904,1.2044077446032575,4476800.0
1983-02-09,False,daily,46.0,46.38,45.62,46.0,318600.0,1.2012739863779238,1.2111975540914808,1.191350418664367,1.2012739863779238,5097600.0
1983-02-08,False,daily,46.38,46.88,45.88,46.38,320800.0,1.2111975540914808,1.2242548800303712,1.1981402281525904,1.2111975540914808,5132800.0
1983-02-07,False,daily,46.75,47.25,46.25,46.62,338500.0,1.2208599752862597,1.23391730122515,1.2078026493473693,1.2174650705421481,5416000.0
1983-02-04,False,daily,46.38,46.75,45.88,46.0,513000.0,1.2111975540914808,1.2208599752862597,1.1981402281525904,1.2012739863779238,8208000.0
1983-02-03,False,daily,46.62,47.12,46.0,46.0,300400.0,1.2174650705421481,1.2305223964810386,1.2012739863779238,1.2012739863779238,4806400.0
1983-02-02,False,daily,47.0,47.25,46.62,46.62,335300.0,1.2273886382557049,1.23391730122515,1.2174650705421481,1.2174650705421481,5364800.0
1983-02-01,False,daily,48.38,48.88,47.75,47.75,172500.0,1.2634268578470427,1.276484183785933,1.2469746271640405,1.2469746271640405,2760000.0
1983-01-31,False,daily,48.12,48.5,47.75,48.38,119500.0,1.2566370483588194,1.2665606160723764,1.2469746271640405,1.2634268578470427,1912000.0
1983-01-28,False,daily,48.62,49.25,48.0,48.38,173600.0,1.26969437429771,1.286146604980712,1.253503290133486,1.2634268578470427,2777600.0
1983-01-27,False,daily,48.5,49.38,47.5,49.0,197100.0,1.2665606160723764,1.2895415097248235,1.2404459641945953,1.2796179420112668,3153600.0
1983-01-26,False,daily,47.62,48.25,47.0,47.5,146100.0,1.243579722419929,1.2600319531029311,1.2273886382557049,1.2404459641945953,2337600.0
1983-01-25,False,daily,47.75,48.5,47.0,48.25,239000.0,1.2469746271640405,1.2665606160723764,1.2273886382557049,1.2600319531029311,3824000.0
1983-01-24,False,daily,46.62,47.12,46.0,46.75,236100.0,1.2174650705421481,1.2305223964810386,1.2012739863779238,1.2208599752862597,3777600.0
1983-01-21,False,daily,48.0,49.12,46.75,47.38,251300.0,1.253503290133486,1.2827517002366005,1.2208599752862597,1.2373122059692616,4020800.0
1983-01-20,False,daily,49.0,49.38,48.62,49.0,172200.0,1.2796179420112668,1.2895415097248235,1.26969437429771,1.2796179420112668,2755200.0
1983-01-19,False,daily,48.75,49.12,48.25,49.0,190400.0,1.2730892790418216,1.2827517002366005,1.2600319531029311,1.2796179420112668,3046400.0
1983-01-18,False,daily,49.38,49.62,49.0,49.12,162000.0,1.2895415097248235,1.2958090261754909,1.2796179420112668,1.2827517002366005,2592000.0
1983-01-17,False,daily,49.88,50.12,49.5,49.75,335500.0,1.3025988356637141,1.3088663521143813,1.2926752679501572,1.2992039309196024,5368000.0
1983-01-14,False,daily,49.12,49.5,48.75,49.25,283200.0,1.2827517002366005,1.2926752679501572,1.2730892790418216,1.286146604980712,4531200.0
1983-01-13,False,daily,48.88,49.25,48.5,48.75,163300.0,1.276484183785933,1.286146604980712,1.2665606160723764,1.2730892790418216,2612800.0
1983-01-12,False,daily,48.88,49.5,48.12,49.12,550700.0,1.276484183785933,1.2926752679501572,1.2566370483588194,1.2827517002366005,8811200.0
1983-01-11,False,daily,48.62,49.25,47.88,48.25,366400.0,1.26969437429771,1.286146604980712,1.2503695319081523,1.2600319531029311,5862400.0
1983-01-10,False,daily,49.38,49.88,48.75,49.0,371800.0,1.2895415097248235,1.3025988356637141,1.2730892790418216,1.2796179420112668,5948800.0
1983-01-07,False,daily,49.88,50.25,49.38,49.62,483300.0,1.3025988356637141,1.312261256858493,1.2895415097248235,1.2958090261754909,7732800.0
1983-01-06,False,daily,50.0,50.62,49.38,49.38,480400.0,1.3057325938890478,1.321923678053272,1.2895415097248235,1.2895415097248235,7686400.0
1983-01-05,False,daily,50.75,51.38,50.0,50.62,346600.0,1.3253185827973835,1.3417708134803856,1.3057325938890478,1.321923678053272,5545600.0
1983-01-04,False,daily,50.38,51.25,49.38,51.12,565200.0,1.3156561616026046,1.3383759087362739,1.2895415097248235,1.3349810039921624,9043200.0
1983-01-03,False,daily,49.75,50.12,49.38,49.5,273300.0,1.2992039309196024,1.3088663521143813,1.2895415097248235,1.2926752679501572,4372800.0
1984-12-31,False,daily,35.62,36.5,35.62,36.12,264600.0,0.9858038099685889,1.0101583117308675,0.9858038099685889,0.9996415950607925,4233600.0
1984-12-28,False,daily,35.75,36.0,35.62,35.88,197100.0,0.9894016340925619,0.9963205266386638,0.9858038099685889,0.9929994582165349,3153600.0
1984-12-27,False,daily,36.0,36.25,35.75,35.75,284200.0,0.9963205266386638,1.0032394191847656,0.9894016340925619,0.9894016340925619,4547200.0
1984-12-26,False,daily,36.12,36.12,35.75,36.0,182800.0,0.9996415950607925,0.9996415950607925,0.9894016340925619,0.9963205266386638,2924800.0
1984-12-24,False,daily,36.25,36.5,36.0,36.25,104600.0,1.0032394191847656,1.0101583117308675,0.9963205266386638,1.0032394191847656,1673600.0
1984-12-21,False,daily,36.25,36.38,35.5,36.25,371200.0,1.0032394191847656,1.0068372433087387,0.9824827415464601,1.0032394191847656,5939200.0
1984-12-20,False,daily,36.62,37.0,36.38,36.38,265600.0,1.0134793801529962,1.023996096823071,1.0068372433087387,1.0068372433087387,4249600.0
1984-12-19,False,daily,37.0,37.25,36.5,36.88,744200.0,1.023996096823071,1.030914989369173,1.0101583117308675,1.0206750284009423,11907200.0
1984-12-18,False,daily,36.5,37.0,36.25,36.88,963600.0,1.0101583117308675,1.023996096823071,1.0032394191847656,1.0206750284009423,15417600.0
1984-12-17,False,daily,35.88,36.12,35.75,36.12,246700.0,0.9929994582165349,0.9996415950607925,0.9894016340925619,0.9996415950607925,3947200.0
1984-12-14,False,daily,35.38,36.12,35.38,35.62,268500.0,0.9791616731243312,0.9996415950607925,0.9791616731243312,0.9858038099685889,4296000.0
1984-12-13,False,daily,35.5,35.75,35.0,35.38,406800.0,0.9824827415464601,0.9894016340925619,0.9686449564542564,0.9791616731243312,6508800.0
1984-12-12,False,daily,35.62,36.12,35.38,35.38,616700.0,0.9858038099685889,0.9996415950607925,0.9791616731243312,0.9791616731243312,9867200.0
1984-12-11,False,daily,34.75,35.62,34.62,35.62,877900.0,0.9617260639081546,0.9858038099685889,0.9581282397841816,0.9858038099685889,14046400.0
1984-12-10,False,daily,34.25,35.25,33.75,34.5,379600.0,0.947888278815951,0.9755638490003582,0.9340504937237473,0.9548071713620527,6073600.0
1984-12-07,False,daily,35.38,35.38,34.25,34.25,312600.0,0.9791616731243312,0.9791616731243312,0.947888278815951,0.947888278815951,5001600.0
1984-12-06,False,daily,35.12,35.5,34.88,35.12,257900.0,0.9719660248763853,0.9824827415464601,0.9653238880321277,0.9719660248763853,4126400.0
1984-12-05,False,daily,35.62,35.62,35.12,35.25,137900.0,0.9858038099685889,0.9858038099685889,0.9719660248763853,0.9755638490003582,2206400.0
1984-12-04,False,daily,35.62,36.12,35.5,35.62,375100.0,0.9858038099685889,0.9996415950607925,0.9824827415464601,0.9858038099685889,6001600.0
1984-12-03,False,daily,35.38,35.75,35.25,35.5,290400.0,0.9791616731243312,0.9894016340925619,0.9755638490003582,0.9824827415464601,4646400.0
1984-11-30,False,daily,34.88,35.5,34.88,35.5,186900.0,0.9653238880321277,0.9824827415464601,0.9653238880321277,0.9824827415464601,2990400.0
1984-11-29,False,daily,35.5,35.62,35.12,35.25,227200.0,0.9824827415464601,0.9858038099685889,0.9719660248763853,0.9755638490003582,3635200.0
1984-11-28,False,daily,36.5,36.62,35.38,35.75,457100.0,1.0101583117308675,1.0134793801529962,0.9791616731243312,0.9894016340925619,7313600.0
1984-11-27,False,daily,35.62,36.38,35.5,36.25,694700.0,0.9858038099685889,1.0068372433087387,0.9824827415464601,1.0032394191847656,11115200.0
1984-11-26,False,daily,35.75,36.12,35.5,35.62,292400.0,0.9894016340925619,0.9996415950607925,0.9824827415464601,0.9858038099685889,4678400.0
1984-11-23,False,daily,35.5,36.12,35.5,36.12,668300.0,0.9824827415464601,0.9996415950607925,0.9824827415464601,0.9996415950607925,10692800.0
1984-11-21,False,daily,34.75,35.88,34.75,35.38,789600.0,0.9617260639081546,0.9929994582165349,0.9617260639081546,0.9791616731243312,12633600.0
1984-11-20,False,daily,34.5,34.62,34.25,34.62,428900.0,0.9548071713620527,0.9581282397841816,0.947888278815951,0.9581282397841816,6862400.0
1984-11-19,False,daily,34.25,34.5,33.88,34.38,283900.0,0.947888278815951,0.9548071713620527,0.9376483178477203,0.951486102939924,4542400.0
1984-11-16,False,daily,33.75,34.38,33.5,33.75,256800.0,0.9340504937237473,0.951486102939924,0.9271316011776455,0.9340504937237473,4108800.0
1984-11-15,False,daily,34.12,34.38,33.88,33.88,249500.0,0.935970715003062,0.9431029654690878,0.9293870991882692,0.9293870991882692,3992000.0
1984-11-14,False,daily,33.88,34.62,33.75,34.5,268500.0,0.9293870991882692,0.9496865812838806,0.9258209739552563,0.9463947733764841,4296000.0
1984-11-13,False,daily,34.0,34.5,33.5,33.88,245200.0,0.9326789070956656,0.9463947733764841,0.918963040814847,0.9293870991882692,3923200.0
1984-11-12,False,daily,33.25,34.25,33.12,34.25,184000.0,0.9121051076744376,0.9395368402360749,0.9085389824414247,0.9395368402360749,2944000.0
1984-11-09,False,daily,34.75,35.25,33.5,33.62,299000.0,0.9532527065168935,0.9669685727977121,0.918963040814847,0.9222548487222434,4784000.0
1984-11-08,False,daily,34.88,35.25,34.5,34.62,398300.0,0.9568188317499065,0.9669685727977121,0.9463947733764841,0.9496865812838806,6372800.0
1984-11-07,False,daily,35.5,35.75,34.62,35.12,596000.0,0.9738265059381215,0.9806844390785308,0.9496865812838806,0.9634024475646992,9536000.0
1984-11-06,False,daily,35.0,35.88,34.88,35.88,1217000.0,0.9601106396573028,0.9842505643115437,0.9568188317499065,0.9842505643115437,19472000.0
1984-11-05,False,daily,35.0,35.25,34.62,34.88,659300.0,0.9601106396573028,0.9669685727977121,0.9496865812838806,0.9568188317499065,10548800.0
1984-11-02,False,daily,33.75,34.38,33.5,34.25,558800.0,0.9258209739552563,0.9431029654690878,0.918963040814847,0.9395368402360749,8940800.0
1984-11-01,False,daily,32.5,33.38,32.25,33.0,598300.0,0.8915313082532097,0.9156712329074506,0.8846733751128004,0.9052471745340284,9572800.0
1984-10-31,False,daily,32.75,32.88,32.25,32.5,296000.0,0.8983892413936191,0.901955366626632,0.8846733751128004,0.8915313082532097,4736000.0
1984-10-30,False,daily,32.62,33.0,32.5,32.88,375900.0,0.8948231161606062,0.9052471745340284,0.8915313082532097,0.901955366626632,6014400.0
1984-10-29,False,daily,32.88,33.25,32.25,32.38,177900.0,0.901955366626632,0.9121051076744376,0.8846733751128004,0.8882395003458133,2846400.0
1984-10-26,False,daily,31.75,32.88,31.5,32.88,182200.0,0.8709575088319819,0.901955366626632,0.8640995756915726,0.901955366626632,2915200.0
1984-10-25,False,daily,32.25,32.62,32.0,32.0,202400.0,0.8846733751128004,0.8948231161606062,0.8778154419723911,0.8778154419723911,3238400.0
1984-10-24,False,daily,32.38,33.0,31.88,32.5,282700.0,0.8882395003458133,0.9052471745340284,0.8745236340649947,0.8915313082532097,4523200.0
1984-10-23,False,daily,32.5,33.25,32.5,32.62,262700.0,0.8915313082532097,0.9121051076744376,0.8915313082532097,0.8948231161606062,4203200.0
1984-10-22,False,daily,33.0,33.0,32.12,32.25,190200.0,0.9052471745340284,0.9052471745340284,0.8811072498797875,0.8846733751128004,3043200.0
1984-10-19,False,daily,33.25,33.88,32.75,33.25,813300.0,0.9121051076744376,0.9293870991882692,0.8983892413936191,0.9121051076744376,13012800.0
1984-10-18,False,daily,31.0,33.5,30.88,33.25,551200.0,0.8503837094107539,0.918963040814847,0.8470919015033574,0.9121051076744376,8819200.0
1984-10-17,False,daily,30.62,31.25,30.25,31.25,271200.0,0.8399596510373318,0.8572416425511632,0.829809909989526,0.8572416425511632,4339200.0
1984-10-16,False,daily,31.5,31.5,30.5,30.62,223900.0,0.8640995756915726,0.8640995756915726,0.8366678431299353,0.8399596510373318,3582400.0
1984-10-15,False,daily,31.75,31.88,31.38,31.5,162000.0,0.8709575088319819,0.8745236340649947,0.860807767784176,0.8640995756915726,2592000.0
1984-10-12,False,daily,31.75,32.62,31.62,31.62,243900.0,0.8709575088319819,0.8948231161606062,0.8673913835989691,0.8673913835989691,3902400.0
1984-10-11,False,daily,31.5,31.88,31.25,31.75,325200.0,0.8640995756915726,0.8745236340649947,0.8572416425511632,0.8709575088319819,5203200.0
1984-10-10,False,daily,31.38,31.5,31.0,31.38,419500.0,0.860807767784176,0.8640995756915726,0.8503837094107539,0.860807767784176,6712000.0
1984-10-09,False,daily,31.12,31.62,31.0,31.38,265200.0,0.8536755173181504,0.8673913835989691,0.8503837094107539,0.860807767784176,4243200.0
1984-10-08,False,daily,30.62,31.0,30.5,30.88,179200.0,0.8399596510373318,0.8503837094107539,0.8366678431299353,0.8470919015033574,2867200.0
1984-10-05,False,daily,31.38,31.75,30.75,30.75,392000.0,0.860807767784176,0.8709575088319819,0.8435257762703446,0.8435257762703446,6272000.0
1984-10-04,False,daily,30.62,31.5,30.62,31.38,301400.0,0.8399596510373318,0.8640995756915726,0.8399596510373318,0.860807767784176,4822400.0
1984-10-03,False,daily,31.0,31.25,30.5,30.62,412900.0,0.8503837094107539,0.8572416425511632,0.8366678431299353,0.8399596510373318,6606400.0
1984-10-02,False,daily,32.38,32.62,31.0,31.25,592100.0,0.8882395003458133,0.8948231161606062,0.8503837094107539,0.8572416425511632,9473600.0
1984-10-01,False,daily,32.12,32.5,32.0,32.0,261600.0,0.8811072498797875,0.8915313082532097,0.8778154419723911,0.8778154419723911,4185600.0
1984-09-28,False,daily,32.5,32.75,32.25,32.5,193000.0,0.8915313082532097,0.8983892413936191,0.8846733751128004,0.8915313082532097,3088000.0
1984-09-27,False,daily,33.0,33.25,32.75,32.75,248900.0,0.9052471745340284,0.9121051076744376,0.8983892413936191,0.8983892413936191,3982400.0
1984-09-26,False,daily,32.38,33.12,32.38,32.75,270400.0,0.8882395003458133,0.9085389824414247,0.8882395003458133,0.8983892413936191,4326400.0
1984-09-25,False,daily,32.0,32.75,31.88,32.38,407000.0,0.8778154419723911,0.8983892413936191,0.8745236340649947,0.8882395003458133,6512000.0
1984-09-24,False,daily,32.62,32.88,31.75,31.75,273900.0,0.8948231161606062,0.901955366626632,0.8709575088319819,0.8709575088319819,4382400.0
1984-09-21,False,daily,33.12,33.62,32.5,32.62,446100.0,0.9085389824414247,0.9222548487222434,0.8915313082532097,0.8948231161606062,7137600.0
1984-09-20,False,daily,33.0,33.5,33.0,33.38,308400.0,0.9052471745340284,0.918963040814847,0.9052471745340284,0.9156712329074506,4934400.0
1984-09-19,False,daily,33.38,33.75,33.12,33.12,468700.0,0.9156712329074506,0.9258209739552563,0.9085389824414247,0.9085389824414247,7499200.0
1984-09-18,False,daily,34.25,34.5,33.62,33.62,448300.0,0.9395368402360749,0.9463947733764841,0.9222548487222434,0.9222548487222434,7172800.0
1984-09-17,False,daily,34.0,34.5,33.88,34.25,292500.0,0.9326789070956656,0.9463947733764841,0.9293870991882692,0.9395368402360749,4680000.0
1984-09-14,False,daily,34.5,34.62,33.88,34.25,345800.0,0.9463947733764841,0.9496865812838806,0.9293870991882692,0.9395368402360749,5532800.0
1984-09-13,False,daily,33.12,34.88,32.75,34.12,448000.0,0.9085389824414247,0.9568188317499065,0.8983892413936191,0.935970715003062,7168000.0
1984-09-12,False,daily,33.25,33.75,33.12,33.12,293600.0,0.9121051076744376,0.9258209739552563,0.9085389824414247,0.9085389824414247,4697600.0
1984-09-11,False,daily,33.75,34.0,33.25,33.25,386300.0,0.9258209739552563,0.9326789070956656,0.9121051076744376,0.9121051076744376,6180800.0
1984-09-10,False,daily,33.5,33.75,33.25,33.5,368600.0,0.918963040814847,0.9258209739552563,0.9121051076744376,0.918963040814847,5897600.0
1984-09-07,False,daily,34.62,34.75,33.88,34.12,266000.0,0.9496865812838806,0.9532527065168935,0.9293870991882692,0.935970715003062,4256000.0
1984-09-06,False,daily,34.12,34.62,34.12,34.38,531900.0,0.935970715003062,0.9496865812838806,0.935970715003062,0.9431029654690878,8510400.0
1984-09-05,False,daily,33.75,34.38,33.75,34.12,343500.0,0.9258209739552563,0.9431029654690878,0.9258209739552563,0.935970715003062,5496000.0
1984-09-04,False,daily,33.62,34.0,33.5,34.0,386400.0,0.9222548487222434,0.9326789070956656,0.918963040814847,0.9326789070956656,6182400.0
1984-08-31,False,daily,33.25,33.88,33.25,33.75,323500.0,0.9121051076744376,0.9293870991882692,0.9121051076744376,0.9258209739552563,5176000.0
1984-08-30,False,daily,33.0,33.75,33.0,33.38,360300.0,0.9052471745340284,0.9258209739552563,0.9052471745340284,0.9156712329074506,5764800.0
1984-08-29,False,daily,33.5,33.75,33.25,33.25,266400.0,0.918963040814847,0.9258209739552563,0.9121051076744376,0.9121051076744376,4262400.0
1984-08-28,False,daily,33.0,33.62,33.0,33.5,431900.0,0.9052471745340284,0.9222548487222434,0.9052471745340284,0.918963040814847,6910400.0
1984-08-27,False,daily,32.38,33.0,32.38,33.0,274500.0,0.8882395003458133,0.9052471745340284,0.8882395003458133,0.9052471745340284,4392000.0
1984-08-24,False,daily,32.0,32.62,31.88,32.62,401500.0,0.8778154419723911,0.8948231161606062,0.8745236340649947,0.8948231161606062,6424000.0
1984-08-23,False,daily,32.0,32.25,31.38,31.88,734900.0,0.8778154419723911,0.8846733751128004,0.860807767784176,0.8745236340649947,11758400.0
1984-08-22,False,daily,32.75,32.88,31.25,31.88,651400.0,0.8983892413936191,0.901955366626632,0.8572416425511632,0.8745236340649947,10422400.0
1984-08-21,False,daily,32.75,33.25,32.62,33.0,474500.0,0.8983892413936191,0.9121051076744376,0.8948231161606062,0.9052471745340284,7592000.0
1984-08-20,False,daily,33.25,34.25,33.0,33.0,416300.0,0.9121051076744376,0.9395368402360749,0.9052471745340284,0.9052471745340284,6660800.0
1984-08-17,False,daily,33.12,33.62,33.12,33.5,287000.0,0.9003539465635741,0.9139462464815026,0.9003539465635741,0.9106840945011998,4592000.0
1984-08-16,False,daily,32.75,33.62,32.62,33.12,331600.0,0.8902956446243072,0.9139462464815026,0.8867616466456458,0.9003539465635741,5305600.0
1984-08-15,False,daily,32.88,33.25,32.5,32.5,287800.0,0.8938296426029687,0.9038879445422356,0.883499494665343,0.883499494665343,4604800.0
1984-08-14,False,daily,32.88,33.25,32.62,32.88,326200.0,0.8938296426029687,0.9038879445422356,0.8867616466456458,0.8938296426029687,5219200.0
1984-08-13,False,daily,31.88,32.75,31.88,32.75,232700.0,0.8666450427671119,0.8902956446243072,0.8666450427671119,0.8902956446243072,3723200.0
1984-08-10,False,daily,33.5,33.75,32.12,32.38,620500.0,0.9106840945011998,0.917480244460164,0.8731693467277175,0.8802373426850404,9928000.0
1984-08-09,False,daily,31.62,32.88,31.62,32.62,620900.0,0.8595770468097892,0.8938296426029687,0.8595770468097892,0.8867616466456458,9934400.0
1984-08-08,False,daily,31.62,32.12,31.5,31.75,528000.0,0.8595770468097892,0.8731693467277175,0.8563148948294864,0.8631110447884506,8448000.0
1984-08-07,False,daily,31.0,31.75,30.75,31.5,412800.0,0.842722594911558,0.8631110447884506,0.8359264449525938,0.8563148948294864,6604800.0
1984-08-06,False,daily,31.25,32.25,30.75,31.38,1042000.0,0.8495187448705223,0.8767033447063789,0.8359264449525938,0.8530527428491835,16672000.0
1984-08-03,False,daily,30.75,31.0,29.75,31.0,1166000.0,0.8359264449525938,0.842722594911558,0.8087418451167372,0.842722594911558,18656000.0
1984-08-02,False,daily,30.0,30.5,29.75,30.5,889200.0,0.8155379950757013,0.8291302949936297,0.8087418451167372,0.8291302949936297,14227200.0
1984-08-01,False,daily,29.25,29.75,29.25,29.75,488600.0,0.7951495451988088,0.8087418451167372,0.7951495451988088,0.8087418451167372,7817600.0
1984-07-31,False,daily,28.5,29.38,28.5,29.25,396700.0,0.7747610953219163,0.7986835431774701,0.7747610953219163,0.7951495451988088,6347200.0
1984-07-30,False,daily,28.38,28.88,28.38,28.62,229300.0,0.7714989433416134,0.7850912432595418,0.7714989433416134,0.7780232473022191,3668800.0
1984-07-27,False,daily,28.62,29.0,28.25,28.62,445200.0,0.7780232473022191,0.7883533952398446,0.7679649453629521,0.7780232473022191,7123200.0
1984-07-26,False,daily,28.12,28.75,28.12,28.5,384900.0,0.7644309473842907,0.7815572452808804,0.7644309473842907,0.7747610953219163,6158400.0
1984-07-25,False,daily,28.5,28.75,28.12,28.25,291500.0,0.7747610953219163,0.7815572452808804,0.7644309473842907,0.7679649453629521,4664000.0
1984-07-24,False,daily,29.0,29.12,28.25,28.25,290500.0,0.7883533952398446,0.7916155472201475,0.7679649453629521,0.7679649453629521,4648000.0
1984-07-23,False,daily,28.25,29.0,28.12,28.88,205000.0,0.7679649453629521,0.7883533952398446,0.7644309473842907,0.7850912432595418,3280000.0
1984-07-20,False,daily,28.62,29.62,28.0,28.62,305200.0,0.7780232473022191,0.8052078471380758,0.7611687954039879,0.7780232473022191,4883200.0
1984-07-19,False,daily,29.0,29.12,28.25,28.25,509600.0,0.7883533952398446,0.7916155472201475,0.7679649453629521,0.7679649453629521,8153600.0
1984-07-18,False,daily,29.38,29.62,29.12,29.12,289700.0,0.7986835431774701,0.8052078471380758,0.7916155472201475,0.7916155472201475,4635200.0
1984-07-17,False,daily,29.38,29.62,29.38,29.62,284000.0,0.7986835431774701,0.8052078471380758,0.7986835431774701,0.8052078471380758,4544000.0
1984-07-16,False,daily,29.12,29.5,28.88,29.5,338000.0,0.7916155472201475,0.8019456951577729,0.7850912432595418,0.8019456951577729,5408000.0
1984-07-13,False,daily,29.12,29.25,28.88,29.0,312200.0,0.7916155472201475,0.7951495451988088,0.7850912432595418,0.7883533952398446,4995200.0
1984-07-12,False,daily,29.12,29.38,28.75,29.0,537600.0,0.7916155472201475,0.7986835431774701,0.7815572452808804,0.7883533952398446,8601600.0
1984-07-11,False,daily,29.38,29.62,29.12,29.12,497300.0,0.7986835431774701,0.8052078471380758,0.7916155472201475,0.7916155472201475,7956800.0
1984-07-10,False,daily,30.0,30.0,29.25,29.5,1307000.0,0.8155379950757013,0.8155379950757013,0.7951495451988088,0.8019456951577729,20912000.0
1984-07-09,False,daily,29.75,30.0,29.62,30.0,433300.0,0.8087418451167372,0.8155379950757013,0.8052078471380758,0.8155379950757013,6932800.0
1984-07-06,False,daily,30.12,30.12,29.5,29.62,516400.0,0.8188001470560041,0.8188001470560041,0.8019456951577729,0.8052078471380758,8262400.0
1984-07-05,False,daily,30.62,30.75,30.12,30.12,225800.0,0.8323924469739326,0.8359264449525938,0.8188001470560041,0.8188001470560041,3612800.0
1984-07-03,False,daily,30.62,30.88,30.5,30.75,213700.0,0.8323924469739326,0.8394604429312552,0.8291302949936297,0.8359264449525938,3419200.0
1984-07-02,False,daily,30.0,30.62,30.0,30.5,245700.0,0.8155379950757013,0.8323924469739326,0.8155379950757013,0.8291302949936297,3931200.0
1984-06-29,False,daily,30.0,30.12,29.88,30.0,391500.0,0.8155379950757013,0.8188001470560041,0.8122758430953985,0.8155379950757013,6264000.0
1984-06-28,False,daily,29.88,30.12,29.75,30.0,472600.0,0.8122758430953985,0.8188001470560041,0.8087418451167372,0.8155379950757013,7561600.0
1984-06-27,False,daily,30.0,30.25,29.88,30.0,429700.0,0.8155379950757013,0.8223341450346655,0.8122758430953985,0.8155379950757013,6875200.0
1984-06-26,False,daily,29.5,30.12,29.38,29.88,1030000.0,0.8019456951577729,0.8188001470560041,0.7986835431774701,0.8122758430953985,16480000.0
1984-06-25,False,daily,31.12,31.12,29.5,29.5,1113000.0,0.8459847468918609,0.8459847468918609,0.8019456951577729,0.8019456951577729,17808000.0
1984-06-22,False,daily,32.5,32.88,31.5,31.5,773200.0,0.883499494665343,0.8938296426029687,0.8563148948294864,0.8563148948294864,12371200.0
1984-06-21,False,daily,33.0,33.12,32.5,32.62,436100.0,0.8970917945832715,0.9003539465635741,0.883499494665343,0.8867616466456458,6977600.0
1984-06-20,False,daily,32.0,33.0,31.75,33.0,456300.0,0.8699071947474147,0.8970917945832715,0.8631110447884506,0.8970917945832715,7300800.0
1984-06-19,False,daily,32.5,32.5,32.12,32.38,461300.0,0.883499494665343,0.883499494665343,0.8731693467277175,0.8802373426850404,7380800.0
1984-06-18,False,daily,31.75,32.62,31.75,32.5,436300.0,0.8631110447884506,0.8867616466456458,0.8631110447884506,0.883499494665343,6980800.0
1984-06-15,False,daily,31.75,32.12,31.38,31.75,267000.0,0.8631110447884506,0.8731693467277175,0.8530527428491835,0.8631110447884506,4272000.0
1984-06-14,False,daily,31.5,32.12,31.12,31.75,340400.0,0.8563148948294864,0.8731693467277175,0.8459847468918609,0.8631110447884506,5446400.0
1984-06-13,False,daily,32.25,32.5,31.5,31.5,1029100.0,0.8767033447063789,0.883499494665343,0.8563148948294864,0.8563148948294864,16465600.0
1984-06-12,False,daily,32.12,32.38,31.88,32.25,438000.0,0.8731693467277175,0.8802373426850404,0.8666450427671119,0.8767033447063789,7008000.0
1984-06-11,False,daily,32.75,32.75,32.12,32.25,306900.0,0.8902956446243072,0.8902956446243072,0.8731693467277175,0.8767033447063789,4910400.0
1984-06-08,False,daily,32.0,32.75,32.0,32.75,402800.0,0.8699071947474147,0.8902956446243072,0.8699071947474147,0.8902956446243072,6444800.0
1984-06-07,False,daily,32.5,32.5,32.12,32.12,251900.0,0.883499494665343,0.883499494665343,0.8731693467277175,0.8731693467277175,4030400.0
1984-06-06,False,daily,32.12,32.62,32.12,32.62,510900.0,0.8731693467277175,0.8867616466456458,0.8731693467277175,0.8867616466456458,8174400.0
1984-06-05,False,daily,30.88,32.38,30.75,32.12,368200.0,0.8394604429312552,0.8802373426850404,0.8359264449525938,0.8731693467277175,5891200.0
1984-06-04,False,daily,31.0,31.38,30.88,31.0,491900.0,0.842722594911558,0.8530527428491835,0.8394604429312552,0.842722594911558,7870400.0
1984-06-01,False,daily,30.62,31.25,30.62,31.0,512800.0,0.8323924469739326,0.8495187448705223,0.8323924469739326,0.842722594911558,8204800.0
1984-05-31,False,daily,31.0,31.25,30.62,30.62,263800.0,0.842722594911558,0.8495187448705223,0.8323924469739326,0.8323924469739326,4220800.0
1984-05-30,False,daily,30.88,31.5,30.12,31.5,617800.0,0.8394604429312552,0.8563148948294864,0.8188001470560041,0.8563148948294864,9884800.0
1984-05-29,False,daily,32.0,32.12,30.75,30.88,483800.0,0.8699071947474147,0.8731693467277175,0.8359264449525938,0.8394604429312552,7740800.0
1984-05-25,False,daily,32.5,32.88,32.25,32.5,226600.0,0.883499494665343,0.8938296426029687,0.8767033447063789,0.883499494665343,3625600.0
1984-05-24,False,daily,32.88,32.88,31.5,32.25,591700.0,0.8938296426029687,0.8938296426029687,0.8563148948294864,0.8767033447063789,9467200.0
1984-05-23,False,daily,32.88,33.12,32.62,32.62,265000.0,0.8938296426029687,0.9003539465635741,0.8867616466456458,0.8867616466456458,4240000.0
1984-05-22,False,daily,33.25,33.25,32.12,32.5,596700.0,0.9038879445422356,0.9038879445422356,0.8731693467277175,0.883499494665343,9547200.0
1984-05-21,False,daily,34.38,34.75,33.38,33.5,356800.0,0.9346065423567538,0.9446648442960207,0.907421942520897,0.9106840945011998,5708800.0
1984-05-18,False,daily,34.5,34.75,34.0,34.38,578600.0,0.9295444159849525,0.9362802450862927,0.916072757782272,0.9263112180163092,9257600.0
1984-05-17,False,daily,35.25,35.38,34.38,34.75,371200.0,0.9497519032889732,0.9532545344216702,0.9263112180163092,0.9362802450862927,5939200.0
1984-05-16,False,daily,35.62,35.75,35.38,35.38,362200.0,0.9597209303589567,0.9632235614916537,0.9532545344216702,0.9532545344216702,5795200.0
1984-05-15,False,daily,35.38,36.0,35.38,35.75,470900.0,0.9532545344216702,0.9699593905929939,0.9532545344216702,0.9632235614916537,7534400.0
1984-05-14,False,daily,35.62,35.62,35.12,35.5,353700.0,0.9597209303589567,0.9597209303589567,0.9462492721562762,0.9564877323903134,5659200.0
1984-05-11,False,daily,36.38,36.38,35.62,35.88,413000.0,0.9801978508270311,0.9801978508270311,0.9597209303589567,0.9667261926243507,6608000.0
1984-05-10,False,daily,37.0,37.5,36.75,36.75,563400.0,0.9969027069983548,1.0103743652010353,0.9901668778970146,0.9901668778970146,9014400.0
1984-05-09,False,daily,37.5,37.88,37.0,37.12,443700.0,1.0103743652010353,1.0206128254350726,0.9969027069983548,1.000135904966998,7099200.0
1984-05-08,False,daily,36.75,37.38,36.62,37.12,439900.0,0.9901668778970146,1.007141167232392,0.9866642467643176,1.000135904966998,7038400.0
1984-05-07,False,daily,36.88,37.38,36.75,36.75,277700.0,0.9936695090297116,1.007141167232392,0.9901668778970146,0.9901668778970146,4443200.0
1984-05-04,False,daily,37.5,37.5,36.62,36.62,345200.0,1.0103743652010353,1.0103743652010353,0.9866642467643176,0.9866642467643176,5523200.0
1984-05-03,False,daily,37.5,37.75,37.38,37.62,317800.0,1.0103743652010353,1.0171101943023755,1.007141167232392,1.0136075631696786,5084800.0
1984-05-02,False,daily,37.12,37.38,36.75,37.25,786700.0,1.000135904966998,1.007141167232392,0.9901668778970146,1.0036385360996951,12587200.0
1984-05-01,False,daily,37.38,38.0,37.0,37.25,524800.0,1.007141167232392,1.0238460234037157,0.9969027069983548,1.0036385360996951,8396800.0
1984-04-30,False,daily,36.88,37.38,36.88,37.38,243600.0,0.9936695090297116,1.007141167232392,0.9936695090297116,1.007141167232392,3897600.0
1984-04-27,False,daily,37.38,37.38,36.62,37.0,249800.0,1.007141167232392,1.007141167232392,0.9866642467643176,0.9969027069983548,3996800.0
1984-04-26,False,daily,36.62,37.75,36.5,37.12,451400.0,0.9866642467643176,1.0171101943023755,0.9834310487956743,1.000135904966998,7222400.0
1984-04-25,False,daily,36.0,36.62,35.75,36.5,224500.0,0.9699593905929939,0.9866642467643176,0.9632235614916537,0.9834310487956743,3592000.0
1984-04-24,False,daily,35.88,36.38,35.62,36.0,193900.0,0.9667261926243507,0.9801978508270311,0.9597209303589567,0.9699593905929939,3102400.0
1984-04-23,False,daily,36.62,36.75,35.75,35.75,333400.0,0.9866642467643176,0.9901668778970146,0.9632235614916537,0.9632235614916537,5334400.0
1984-04-19,False,daily,37.12,37.25,36.75,37.12,301100.0,1.000135904966998,1.0036385360996951,0.9901668778970146,1.000135904966998,4817600.0
1984-04-18,False,daily,38.25,38.25,37.38,37.38,204400.0,1.030581852505056,1.030581852505056,1.007141167232392,1.007141167232392,3270400.0
1984-04-17,False,daily,38.38,38.5,38.12,38.38,441500.0,1.034084483637753,1.0373176816063963,1.027079221372359,1.034084483637753,7064000.0
1984-04-16,False,daily,37.12,38.62,37.0,38.12,491700.0,1.000135904966998,1.0405508795750396,0.9969027069983548,1.027079221372359,7867200.0
1984-04-13,False,daily,37.0,37.62,36.88,37.12,397000.0,0.9969027069983548,1.0136075631696786,0.9936695090297116,1.000135904966998,6352000.0
1984-04-12,False,daily,36.0,36.88,35.62,36.75,205100.0,0.9699593905929939,0.9936695090297116,0.9597209303589567,0.9901668778970146,3281600.0
1984-04-11,False,daily,36.25,36.25,35.75,35.88,149700.0,0.9766952196943341,0.9766952196943341,0.9632235614916537,0.9667261926243507,2395200.0
1984-04-10,False,daily,35.38,36.38,35.38,36.0,337800.0,0.9532545344216702,0.9801978508270311,0.9532545344216702,0.9699593905929939,5404800.0
1984-04-09,False,daily,35.5,35.62,34.88,35.38,208800.0,0.9564877323903134,0.9597209303589567,0.9397828762189897,0.9532545344216702,3340800.0
1984-04-06,False,daily,35.38,35.88,35.38,35.62,196200.0,0.9532545344216702,0.9667261926243507,0.9532545344216702,0.9597209303589567,3139200.0
1984-04-05,False,daily,35.38,36.0,35.25,35.38,437900.0,0.9532545344216702,0.9699593905929939,0.9497519032889732,0.9532545344216702,7006400.0
1984-04-04,False,daily,35.75,35.88,35.5,35.62,313700.0,0.9632235614916537,0.9667261926243507,0.9564877323903134,0.9597209303589567,5019200.0
1984-04-03,False,daily,35.5,35.75,35.25,35.75,304800.0,0.9564877323903134,0.9632235614916537,0.9497519032889732,0.9632235614916537,4876800.0
1984-04-02,False,daily,35.12,35.5,35.0,35.25,346700.0,0.9462492721562762,0.9564877323903134,0.9430160741876329,0.9497519032889732,5547200.0
1984-03-30,False,daily,34.5,35.0,34.38,35.0,210500.0,0.9295444159849525,0.9430160741876329,0.9263112180163092,0.9430160741876329,3368000.0
1984-03-29,False,daily,35.12,35.12,34.62,34.75,317300.0,0.9462492721562762,0.9462492721562762,0.9327776139535957,0.9362802450862927,5076800.0
1984-03-28,False,daily,34.5,35.0,34.5,35.0,612400.0,0.9295444159849525,0.9430160741876329,0.9295444159849525,0.9430160741876329,9798400.0
1984-03-27,False,daily,33.62,34.62,33.62,34.5,349600.0,0.9058342975482347,0.9327776139535957,0.9058342975482347,0.9295444159849525,5593600.0
1984-03-26,False,daily,33.88,34.12,33.5,33.5,257100.0,0.9128395598136287,0.9193059557509152,0.9026010995795916,0.9026010995795916,4113600.0
1984-03-23,False,daily,33.5,33.88,33.38,33.62,252100.0,0.9026010995795916,0.9128395598136287,0.8993679016109483,0.9058342975482347,4033600.0
1984-03-22,False,daily,34.12,34.38,33.62,33.75,453000.0,0.9193059557509152,0.9263112180163092,0.9058342975482347,0.9093369286809317,7248000.0
1984-03-21,False,daily,34.5,34.88,34.25,34.25,418700.0,0.9295444159849525,0.9397828762189897,0.9228085868836122,0.9228085868836122,6699200.0
1984-03-20,False,daily,34.38,34.88,34.38,34.62,470800.0,0.9263112180163092,0.9397828762189897,0.9263112180163092,0.9327776139535957,7532800.0
1984-03-19,False,daily,34.75,34.75,34.38,34.62,187600.0,0.9362802450862927,0.9362802450862927,0.9263112180163092,0.9327776139535957,3001600.0
1984-03-16,False,daily,35.62,35.62,34.88,35.0,399400.0,0.9597209303589567,0.9597209303589567,0.9397828762189897,0.9430160741876329,6390400.0
1984-03-15,False,daily,34.62,35.25,34.5,35.0,375800.0,0.9327776139535957,0.9497519032889732,0.9295444159849525,0.9430160741876329,6012800.0
1984-03-14,False,daily,34.25,34.75,34.25,34.38,388000.0,0.9228085868836122,0.9362802450862927,0.9228085868836122,0.9263112180163092,6208000.0
1984-03-13,False,daily,34.88,34.88,34.25,34.25,445500.0,0.9397828762189897,0.9397828762189897,0.9228085868836122,0.9228085868836122,7128000.0
1984-03-12,False,daily,34.5,35.0,34.5,34.75,311000.0,0.9295444159849525,0.9430160741876329,0.9295444159849525,0.9362802450862927,4976000.0
1984-03-09,False,daily,35.0,35.0,34.38,34.5,232700.0,0.9430160741876329,0.9430160741876329,0.9263112180163092,0.9295444159849525,3723200.0
1984-03-08,False,daily,35.0,35.38,35.0,35.12,210700.0,0.9430160741876329,0.9532545344216702,0.9430160741876329,0.9462492721562762,3371200.0
1984-03-07,False,daily,35.25,35.38,35.0,35.38,179500.0,0.9497519032889732,0.9532545344216702,0.9430160741876329,0.9532545344216702,2872000.0
1984-03-06,False,daily,35.12,35.88,35.12,35.5,245200.0,0.9462492721562762,0.9667261926243507,0.9462492721562762,0.9564877323903134,3923200.0
1984-03-05,False,daily,34.88,35.38,34.75,35.25,227700.0,0.9397828762189897,0.9532545344216702,0.9362802450862927,0.9497519032889732,3643200.0
1984-03-02,False,daily,35.75,36.38,34.62,34.75,332900.0,0.9632235614916537,0.9801978508270311,0.9327776139535957,0.9362802450862927,5326400.0
1984-03-01,False,daily,35.88,36.0,35.38,35.88,204500.0,0.9667261926243507,0.9699593905929939,0.9532545344216702,0.9667261926243507,3272000.0
1984-02-29,False,daily,35.38,36.25,35.25,35.88,282500.0,0.9532545344216702,0.9766952196943341,0.9497519032889732,0.9667261926243507,4520000.0
1984-02-28,False,daily,35.88,36.0,35.25,35.25,358900.0,0.9667261926243507,0.9699593905929939,0.9497519032889732,0.9497519032889732,5742400.0
1984-02-27,False,daily,36.25,36.5,36.0,36.5,322600.0,0.9766952196943341,0.9834310487956743,0.9699593905929939,0.9834310487956743,5161600.0
1984-02-24,False,daily,36.0,36.25,35.5,36.25,458700.0,0.9699593905929939,0.9766952196943341,0.9564877323903134,0.9766952196943341,7339200.0
1984-02-23,False,daily,34.88,35.25,34.5,35.25,397000.0,0.9397828762189897,0.9497519032889732,0.9295444159849525,0.9497519032889732,6352000.0
1984-02-22,False,daily,34.38,35.25,34.38,35.0,539700.0,0.9263112180163092,0.9497519032889732,0.9263112180163092,0.9430160741876329,8635200.0
1984-02-21,False,daily,35.0,35.25,34.12,34.38,488100.0,0.9430160741876329,0.9497519032889732,0.9193059557509152,0.9263112180163092,7809600.0
1984-02-17,False,daily,35.75,36.0,34.75,35.12,434500.0,0.9632235614916537,0.9699593905929939,0.9362802450862927,0.9462492721562762,6952000.0
1984-02-16,False,daily,36.5,36.75,36.0,36.25,551300.0,0.975790321618988,0.9824738169725428,0.9624233309118786,0.9691068262654333,8820800.0
1984-02-15,False,daily,37.25,37.75,36.62,37.0,326800.0,0.9958408076796522,1.0092077983867616,0.9789983993886943,0.9891573123260975,5228800.0
1984-02-14,False,daily,37.12,37.62,36.75,37.25,368500.0,0.9923653900958037,1.005732380802913,0.9824738169725428,0.9958408076796522,5896000.0
1984-02-13,False,daily,37.12,37.12,36.62,36.88,204800.0,0.9923653900958037,0.9923653900958037,0.9789983993886943,0.9859492345563913,3276800.0
1984-02-10,False,daily,37.75,37.75,37.0,37.12,488000.0,1.0092077983867616,1.0092077983867616,0.9891573123260975,0.9923653900958037,7808000.0
1984-02-09,False,daily,37.62,38.25,37.25,37.5,831100.0,1.005732380802913,1.022574789093871,0.9958408076796522,1.002524303033207,13297600.0
1984-02-08,False,daily,38.62,38.62,37.75,37.75,368900.0,1.032466362217132,1.032466362217132,1.0092077983867616,1.0092077983867616,5902400.0
1984-02-07,False,daily,38.38,38.75,38.0,38.38,612400.0,1.0260502066777195,1.0359417798009805,1.0158912937403164,1.0260502066777195,9798400.0
1984-02-06,False,daily,38.62,39.38,38.38,39.0,393100.0,1.032466362217132,1.0527841880919384,1.0260502066777195,1.042625275154535,6289600.0
1984-02-03,False,daily,39.5,40.0,39.0,39.25,681600.0,1.0559922658616445,1.069359256568754,1.042625275154535,1.04930877050809,10905600.0
1984-02-02,False,daily,38.5,39.5,38.5,39.38,403500.0,1.0292582844474258,1.0559922658616445,1.0292582844474258,1.0527841880919384,6456000.0
1984-02-01,False,daily,38.38,38.62,38.25,38.5,454500.0,1.0260502066777195,1.032466362217132,1.022574789093871,1.0292582844474258,7272000.0
1984-01-31,False,daily,37.75,38.62,37.75,38.38,537300.0,1.0092077983867616,1.032466362217132,1.0092077983867616,1.0260502066777195,8596800.0
1984-01-30,False,daily,38.25,38.38,37.25,37.88,537800.0,1.022574789093871,1.0260502066777195,0.9958408076796522,1.01268321597061,8604800.0
1984-01-27,False,daily,39.0,39.0,37.75,38.25,910900.0,1.042625275154535,1.042625275154535,1.0092077983867616,1.022574789093871,14574400.0
1984-01-26,False,daily,39.75,39.75,39.0,39.0,379100.0,1.0626757612151994,1.0626757612151994,1.042625275154535,1.042625275154535,6065600.0
1984-01-25,False,daily,40.12,40.25,39.38,39.5,558200.0,1.0725673343384603,1.0760427519223088,1.0527841880919384,1.0559922658616445,8931200.0
1984-01-24,False,daily,40.12,40.5,39.75,39.88,553300.0,1.0725673343384603,1.0827262472758634,1.0626757612151994,1.0661511787990479,8852800.0
1984-01-23,False,daily,41.25,41.25,40.5,40.62,341700.0,1.1027767333365275,1.1027767333365275,1.0827262472758634,1.0859343250455697,5467200.0
1984-01-20,False,daily,40.62,41.38,40.38,41.38,616900.0,1.0859343250455697,1.1062521509203762,1.0795181695061573,1.1062521509203762,9870400.0
1984-01-19,False,daily,40.88,41.25,40.5,40.88,344200.0,1.0928851602132668,1.1027767333365275,1.0827262472758634,1.0928851602132668,5507200.0
1984-01-18,False,daily,40.88,41.0,40.5,40.88,472800.0,1.0928851602132668,1.0960932379829729,1.0827262472758634,1.0928851602132668,7564800.0
1984-01-17,False,daily,39.62,41.0,39.62,40.88,410000.0,1.0592003436313508,1.0960932379829729,1.0592003436313508,1.0928851602132668,6560000.0
1984-01-16,False,daily,40.0,40.12,39.62,39.75,346700.0,1.069359256568754,1.0725673343384603,1.0592003436313508,1.0626757612151994,5547200.0
1984-01-13,False,daily,40.5,40.5,39.75,40.12,420800.0,1.0827262472758634,1.0827262472758634,1.0626757612151994,1.0725673343384603,6732800.0
1984-01-12,False,daily,40.62,40.62,40.12,40.25,487000.0,1.0859343250455697,1.0859343250455697,1.0725673343384603,1.0760427519223088,7792000.0
1984-01-11,False,daily,40.12,40.62,39.88,40.38,939100.0,1.0725673343384603,1.0859343250455697,1.0661511787990479,1.0795181695061573,15025600.0
1984-01-10,False,daily,41.38,41.75,40.38,40.5,624800.0,1.1062521509203762,1.116143724043637,1.0795181695061573,1.0827262472758634,9996800.0
1984-01-09,False,daily,41.75,42.0,41.38,41.62,161700.0,1.116143724043637,1.1228272193971918,1.1062521509203762,1.1126683064597884,2587200.0
1984-01-06,False,daily,42.25,42.38,41.75,42.0,459800.0,1.1295107147507464,1.1329861323345949,1.116143724043637,1.1228272193971918,7356800.0
1984-01-05,False,daily,42.12,42.88,42.0,42.38,575800.0,1.1260352971668979,1.1463531230417043,1.1228272193971918,1.1329861323345949,9212800.0
1984-01-04,False,daily,40.88,42.12,40.62,42.0,501300.0,1.0928851602132668,1.1260352971668979,1.0859343250455697,1.1228272193971918,8020800.0
1984-01-03,False,daily,40.5,41.0,40.25,40.88,305200.0,1.0827262472758634,1.0960932379829729,1.0760427519223088,1.0928851602132668,4883200.0
1985-12-31,False,daily,52.75,52.88,52.38,52.62,172800.0,1.5016536662860636,1.5053544241366266,1.4911207400960003,1.4979529084355008,2764800.0
1985-12-30,False,daily,53.0,53.0,52.0,52.62,250100.0,1.5087705083063767,1.5087705083063767,1.4803031402251243,1.4979529084355008,4001600.0
1985-12-27,False,daily,52.12,52.5,52.0,52.25,241900.0,1.4837192243948745,1.4945368242657504,1.4803031402251243,1.4874199822454375,3870400.0
1985-12-26,False,daily,52.12,52.5,51.5,51.88,163400.0,1.4837192243948745,1.4945368242657504,1.466069456184498,1.476887056055374,2614400.0
1985-12-24,False,daily,52.12,52.5,51.62,51.88,226200.0,1.4837192243948745,1.4945368242657504,1.4694855403542484,1.476887056055374,3619200.0
1985-12-23,False,daily,52.62,52.75,51.5,52.25,306800.0,1.4979529084355008,1.5016536662860636,1.466069456184498,1.4874199822454375,4908800.0
1985-12-20,False,daily,52.75,53.88,52.5,52.5,585600.0,1.5016536662860636,1.533821792217879,1.4945368242657504,1.4945368242657504,9369600.0
1985-12-19,False,daily,52.25,53.38,52.25,53.12,346200.0,1.4874199822454375,1.5195881081772526,1.4874199822454375,1.5121865924761269,5539200.0
1985-12-18,False,daily,53.75,53.88,52.0,52.38,600300.0,1.530121034367316,1.533821792217879,1.4803031402251243,1.4911207400960003,9604800.0
1985-12-17,False,daily,54.88,55.25,53.62,53.88,604500.0,1.5622891602991313,1.5728220864891946,1.5264202765167532,1.533821792217879,9672000.0
1985-12-16,False,daily,53.38,55.0,52.88,54.75,567400.0,1.5195881081772526,1.5657052444688815,1.5053544241366266,1.5585884024485683,9078400.0
1985-12-13,False,daily,52.38,54.12,52.12,53.38,874000.0,1.4911207400960003,1.5406539605573792,1.4837192243948745,1.5195881081772526,13984000.0
1985-12-12,False,daily,51.12,52.38,51.12,52.0,793900.0,1.455251856313622,1.4911207400960003,1.455251856313622,1.4803031402251243,12702400.0
1985-12-11,False,daily,50.62,51.12,50.38,50.88,566700.0,1.441018172272996,1.455251856313622,1.4341860039334955,1.4484196879741216,9067200.0
1985-12-10,False,daily,50.5,51.0,50.12,50.62,589200.0,1.4376020881032456,1.451835772143872,1.4267844882323697,1.441018172272996,9427200.0
1985-12-09,False,daily,49.88,50.62,49.88,50.62,501500.0,1.4199523198928692,1.441018172272996,1.4199523198928692,1.441018172272996,8024000.0
1985-12-06,False,daily,49.62,49.88,49.25,49.75,352300.0,1.4125508041917436,1.4199523198928692,1.4020178780016803,1.4162515620423064,5636800.0
1985-12-05,False,daily,49.12,50.38,49.0,50.0,1548000.0,1.3983171201511173,1.4341860039334955,1.3949010359813672,1.4233684040626196,24768000.0
1985-12-04,False,daily,49.0,49.25,48.25,49.0,978100.0,1.3949010359813672,1.4020178780016803,1.373550509920428,1.3949010359813672,15649600.0
1985-12-03,False,daily,49.12,49.5,49.0,49.25,183500.0,1.3983171201511173,1.4091347200219932,1.3949010359813672,1.4020178780016803,2936000.0
1985-12-02,False,daily,49.62,49.75,49.0,49.38,290200.0,1.4125508041917436,1.4162515620423064,1.3949010359813672,1.405718635852243,4643200.0
1985-11-29,False,daily,49.88,50.0,48.88,49.88,230900.0,1.4199523198928692,1.4233684040626196,1.3914849518116168,1.4199523198928692,3694400.0
1985-11-27,False,daily,48.25,50.12,48.0,49.62,595100.0,1.373550509920428,1.4267844882323697,1.3664336679001148,1.4125508041917436,9521600.0
1985-11-26,False,daily,47.25,48.38,47.25,48.25,558100.0,1.3450831418391753,1.3772512677709907,1.3450831418391753,1.373550509920428,8929600.0
1985-11-25,False,daily,47.5,47.62,46.62,47.0,719000.0,1.3521999838594885,1.3556160680292388,1.3271486999479865,1.3379662998188624,11504000.0
1985-11-22,False,daily,49.0,49.0,47.62,47.62,1928000.0,1.3949010359813672,1.3949010359813672,1.3556160680292388,1.3556160680292388,30848000.0
1985-11-21,False,daily,50.25,50.62,49.0,49.0,885200.0,1.4304852460829327,1.441018172272996,1.3949010359813672,1.3949010359813672,14163200.0
1985-11-20,False,daily,49.75,50.0,49.5,50.0,419000.0,1.4162515620423064,1.4233684040626196,1.4091347200219932,1.4233684040626196,6704000.0
1985-11-19,False,daily,50.25,50.38,49.62,49.88,267900.0,1.4304852460829327,1.4341860039334955,1.4125508041917436,1.4199523198928692,4286400.0
1985-11-18,False,daily,50.0,50.25,49.5,50.0,696000.0,1.4233684040626196,1.4304852460829327,1.4091347200219932,1.4233684040626196,11136000.0
1985-11-15,False,daily,50.0,50.12,49.5,49.75,779300.0,1.414176258383129,1.4175702814032485,1.4000344957992978,1.4071053770912134,12468800.0
1985-11-14,False,daily,49.62,50.25,49.5,50.12,766200.0,1.4034285188194173,1.4212471396750448,1.4000344957992978,1.4175702814032485,12259200.0
1985-11-13,False,daily,49.38,49.75,48.88,49.62,812200.0,1.3966404727791784,1.4071053770912134,1.382498710195347,1.4034285188194173,12995200.0
1985-11-12,False,daily,49.0,49.88,48.88,49.62,1180000.0,1.3858927332154665,1.4107822353630097,1.382498710195347,1.4034285188194173,18880000.0
1985-11-11,False,daily,48.38,49.0,48.25,49.0,515100.0,1.3683569476115158,1.3858927332154665,1.3646800893397195,1.3858927332154665,8241600.0
1985-11-08,False,daily,48.0,48.62,47.88,48.25,321600.0,1.357609208047804,1.3751449936517546,1.3542151850276845,1.3646800893397195,5145600.0
1985-11-07,False,daily,48.25,48.25,47.75,48.12,531300.0,1.3646800893397195,1.3646800893397195,1.3505383267558884,1.3610032310679234,8500800.0
1985-11-06,False,daily,47.75,48.38,47.62,48.25,1010000.0,1.3505383267558884,1.3683569476115158,1.346861468484092,1.3646800893397195,16160000.0
1985-11-05,False,daily,47.5,47.75,47.38,47.5,907000.0,1.3434674454639726,1.3505383267558884,1.3400734224438533,1.3434674454639726,14512000.0
1985-11-04,False,daily,47.75,48.0,47.38,47.38,425100.0,1.3505383267558884,1.357609208047804,1.3400734224438533,1.3400734224438533,6801600.0
1985-11-01,False,daily,46.88,47.75,46.88,47.75,474600.0,1.325931659860022,1.3505383267558884,1.325931659860022,1.3505383267558884,7593600.0
1985-10-31,False,daily,47.75,47.75,46.75,47.0,399800.0,1.3505383267558884,1.3505383267558884,1.3222548015882256,1.3293256828801414,6396800.0
1985-10-30,False,daily,46.88,47.75,46.62,47.75,638200.0,1.325931659860022,1.3505383267558884,1.3185779433164295,1.3505383267558884,10211200.0
1985-10-29,False,daily,46.62,47.12,46.62,46.62,438700.0,1.3185779433164295,1.332719705900261,1.3185779433164295,1.3185779433164295,7019200.0
1985-10-28,False,daily,46.5,46.75,46.38,46.5,181400.0,1.31518392029631,1.3222548015882256,1.3117898972761906,1.31518392029631,2902400.0
1985-10-25,False,daily,46.12,46.75,46.12,46.5,267800.0,1.3044361807325981,1.3222548015882256,1.3044361807325981,1.31518392029631,4284800.0
1985-10-24,False,daily,46.0,46.62,46.0,46.0,627000.0,1.3010421577124789,1.3185779433164295,1.3010421577124789,1.3010421577124789,10032000.0
1985-10-23,False,daily,46.12,46.12,45.25,45.88,234400.0,1.3044361807325981,1.3044361807325981,1.279829513836732,1.2976481346923594,3750400.0
1985-10-22,False,daily,46.0,46.38,45.75,46.12,175200.0,1.3010421577124789,1.3117898972761906,1.293971276420563,1.3044361807325981,2803200.0
1985-10-21,False,daily,46.5,46.5,46.0,46.12,128800.0,1.31518392029631,1.31518392029631,1.3010421577124789,1.3044361807325981,2060800.0
1985-10-18,False,daily,46.25,46.62,46.25,46.38,372200.0,1.3081130390043945,1.3185779433164295,1.3081130390043945,1.3117898972761906,5955200.0
1985-10-17,False,daily,45.62,46.88,45.62,46.5,645000.0,1.290294418148767,1.325931659860022,1.290294418148767,1.31518392029631,10320000.0
1985-10-16,False,daily,45.12,45.75,45.0,45.62,456800.0,1.2761526555649356,1.293971276420563,1.2727586325448161,1.290294418148767,7308800.0
1985-10-15,False,daily,45.25,45.62,44.75,45.0,336300.0,1.279829513836732,1.290294418148767,1.2656877512529006,1.2727586325448161,5380800.0
1985-10-14,False,daily,44.5,45.25,44.38,45.12,147200.0,1.258616869960985,1.279829513836732,1.2552228469408655,1.2761526555649356,2355200.0
1985-10-11,False,daily,43.62,44.62,43.62,44.5,245700.0,1.2337273678134417,1.2620108929811042,1.2337273678134417,1.258616869960985,3931200.0
1985-10-10,False,daily,43.5,43.75,43.38,43.75,92000.0,1.2303333447933222,1.237404226085238,1.226939321773203,1.237404226085238,1472000.0
1985-10-09,False,daily,43.5,44.12,43.38,43.5,333900.0,1.2303333447933222,1.247869130397273,1.226939321773203,1.2303333447933222,5342400.0
1985-10-08,False,daily,43.25,43.75,43.12,43.38,166200.0,1.2232624635014067,1.237404226085238,1.2195856052296106,1.226939321773203,2659200.0
1985-10-07,False,daily,43.88,43.88,43.12,43.38,390300.0,1.2410810843570341,1.2410810843570341,1.2195856052296106,1.226939321773203,6244800.0
1985-10-04,False,daily,44.38,44.5,43.62,43.88,460100.0,1.2552228469408655,1.258616869960985,1.2337273678134417,1.2410810843570341,7361600.0
1985-10-03,False,daily,43.38,44.5,43.38,44.5,381600.0,1.226939321773203,1.258616869960985,1.226939321773203,1.258616869960985,6105600.0
1985-10-02,False,daily,45.12,45.38,43.25,43.38,597800.0,1.2761526555649356,1.283506372108528,1.2232624635014067,1.226939321773203,9564800.0
1985-10-01,False,daily,44.25,45.0,43.88,44.88,341700.0,1.2515459886690692,1.2727586325448161,1.2410810843570341,1.2693646095246967,5467200.0
1985-09-30,False,daily,44.75,44.75,44.25,44.38,233900.0,1.2656877512529006,1.2656877512529006,1.2515459886690692,1.2552228469408655,3742400.0
1985-09-26,False,daily,44.0,44.62,43.88,44.38,324500.0,1.2444751073771536,1.2620108929811042,1.2410810843570341,1.2552228469408655,5192000.0
1985-09-25,False,daily,44.62,44.75,44.0,44.25,179800.0,1.2620108929811042,1.2656877512529006,1.2444751073771536,1.2515459886690692,2876800.0
1985-09-24,False,daily,45.75,46.0,44.62,44.75,393300.0,1.293971276420563,1.3010421577124789,1.2620108929811042,1.2656877512529006,6292800.0
1985-09-23,False,daily,46.0,46.12,45.5,45.75,508900.0,1.3010421577124789,1.3044361807325981,1.2869003951286475,1.293971276420563,8142400.0
1985-09-20,False,daily,45.75,45.88,44.5,44.5,294400.0,1.293971276420563,1.2976481346923594,1.258616869960985,1.258616869960985,4710400.0
1985-09-19,False,daily,44.25,45.75,44.12,45.75,479500.0,1.2515459886690692,1.293971276420563,1.247869130397273,1.293971276420563,7672000.0
1985-09-18,False,daily,43.62,44.0,43.5,44.0,481300.0,1.2337273678134417,1.2444751073771536,1.2303333447933222,1.2444751073771536,7700800.0
1985-09-17,False,daily,43.38,44.12,43.25,43.5,580500.0,1.226939321773203,1.247869130397273,1.2232624635014067,1.2303333447933222,9288000.0
1985-09-16,False,daily,45.0,45.0,42.75,43.0,874000.0,1.2727586325448161,1.2727586325448161,1.2091207009175753,1.216191582209491,13984000.0
1985-09-13,False,daily,45.75,45.88,44.62,45.0,490800.0,1.293971276420563,1.2976481346923594,1.2620108929811042,1.2727586325448161,7852800.0
1985-09-12,False,daily,45.75,46.25,45.62,45.88,143600.0,1.293971276420563,1.3081130390043945,1.290294418148767,1.2976481346923594,2297600.0
1985-09-11,False,daily,45.75,46.38,45.62,45.75,256800.0,1.293971276420563,1.3117898972761906,1.290294418148767,1.293971276420563,4108800.0
1985-09-10,False,daily,47.25,47.38,45.88,46.0,177600.0,1.336396564172057,1.3400734224438533,1.2976481346923594,1.3010421577124789,2841600.0
1985-09-09,False,daily,47.88,47.88,47.12,47.12,196900.0,1.3542151850276845,1.3542151850276845,1.332719705900261,1.332719705900261,3150400.0
1985-09-06,False,daily,47.88,48.0,47.62,47.88,412900.0,1.3542151850276845,1.357609208047804,1.346861468484092,1.3542151850276845,6606400.0
1985-09-05,False,daily,47.25,47.88,47.12,47.62,386000.0,1.336396564172057,1.3542151850276845,1.332719705900261,1.346861468484092,6176000.0
1985-09-04,False,daily,47.0,47.38,46.88,47.25,261800.0,1.3293256828801414,1.3400734224438533,1.325931659860022,1.336396564172057,4188800.0
1985-09-03,False,daily,46.75,46.75,46.25,46.62,284200.0,1.3222548015882256,1.3222548015882256,1.3081130390043945,1.3185779433164295,4547200.0
1985-08-30,False,daily,47.0,47.12,46.5,46.75,173700.0,1.3293256828801414,1.332719705900261,1.31518392029631,1.3222548015882256,2779200.0
1985-08-29,False,daily,47.5,47.5,47.0,47.0,223200.0,1.3434674454639726,1.3434674454639726,1.3293256828801414,1.3293256828801414,3571200.0
1985-08-28,False,daily,46.75,47.5,46.75,47.38,222400.0,1.3222548015882256,1.3434674454639726,1.3222548015882256,1.3400734224438533,3558400.0
1985-08-27,False,daily,46.38,46.88,46.38,46.5,142800.0,1.3117898972761906,1.325931659860022,1.3117898972761906,1.31518392029631,2284800.0
1985-08-26,False,daily,46.25,46.5,46.0,46.25,151900.0,1.3081130390043945,1.31518392029631,1.3010421577124789,1.3081130390043945,2430400.0
1985-08-23,False,daily,46.5,46.62,46.25,46.38,83500.0,1.31518392029631,1.3185779433164295,1.3081130390043945,1.3117898972761906,1336000.0
1985-08-22,False,daily,47.0,47.0,46.25,46.62,153700.0,1.3293256828801414,1.3293256828801414,1.3081130390043945,1.3185779433164295,2459200.0
1985-08-21,False,daily,46.5,47.0,46.38,47.0,148400.0,1.31518392029631,1.3293256828801414,1.3117898972761906,1.3293256828801414,2374400.0
1985-08-20,False,daily,46.12,46.62,45.88,46.62,209500.0,1.3044361807325981,1.3185779433164295,1.2976481346923594,1.3185779433164295,3352000.0
1985-08-19,False,daily,45.88,46.12,45.88,45.88,92700.0,1.2976481346923594,1.3044361807325981,1.2976481346923594,1.2976481346923594,1483200.0
1985-08-16,False,daily,45.75,46.12,45.12,46.0,318600.0,1.284869649652103,1.295260945179344,1.2671763626732873,1.2918907952786174,5097600.0
1985-08-15,False,daily,45.88,45.88,44.88,45.5,285600.0,1.2885206453778906,1.2885206453778906,1.2604360628718336,1.277848504025589,4569600.0
1985-08-14,False,daily,46.5,46.62,45.75,45.75,719900.0,1.3059330865316459,1.3093032364323725,1.284869649652103,1.284869649652103,11518400.0
1985-08-13,False,daily,45.75,46.62,45.62,46.0,360500.0,1.284869649652103,1.3093032364323725,1.2812186539263155,1.2918907952786174,5768000.0
1985-08-12,False,daily,45.5,45.88,45.12,45.62,404500.0,1.277848504025589,1.2885206453778906,1.2671763626732873,1.2812186539263155,6472000.0
1985-08-09,False,daily,46.0,46.0,45.38,45.38,328700.0,1.2918907952786174,1.2918907952786174,1.274478354124862,1.274478354124862,5259200.0
1985-08-08,False,daily,46.0,46.25,45.38,46.12,272900.0,1.2918907952786174,1.2989119409051315,1.274478354124862,1.295260945179344,4366400.0
1985-08-07,False,daily,45.38,45.75,45.12,45.62,310000.0,1.274478354124862,1.284869649652103,1.2671763626732873,1.2812186539263155,4960000.0
1985-08-06,False,daily,46.0,46.5,45.38,45.38,662800.0,1.2918907952786174,1.3059330865316459,1.274478354124862,1.274478354124862,10604800.0
1985-08-05,False,daily,46.62,46.62,44.25,45.12,421400.0,1.3093032364323725,1.3093032364323725,1.2427427758930178,1.2671763626732873,6742400.0
1985-08-02,False,daily,46.62,46.75,46.5,46.62,366800.0,1.3093032364323725,1.31295423215816,1.3059330865316459,1.3093032364323725,5868800.0
1985-08-01,False,daily,46.75,47.25,46.38,46.62,479600.0,1.31295423215816,1.3269965234111885,1.302562936630919,1.3093032364323725,7673600.0
1985-07-31,False,daily,45.88,46.5,45.62,46.12,281500.0,1.2885206453778906,1.3059330865316459,1.2812186539263155,1.295260945179344,4504000.0
1985-07-30,False,daily,45.25,45.88,45.25,45.62,420300.0,1.2708273583990746,1.2885206453778906,1.2708273583990746,1.2812186539263155,6724800.0
1985-07-29,False,daily,46.75,46.88,45.0,45.25,262400.0,1.31295423215816,1.3166052278839475,1.2638062127725604,1.2708273583990746,4198400.0
1985-07-26,False,daily,47.88,47.88,46.88,46.88,218800.0,1.3446898103900045,1.3446898103900045,1.3166052278839475,1.3166052278839475,3500800.0
1985-07-25,False,daily,47.38,48.0,46.88,48.0,359600.0,1.330647519136976,1.348059960290731,1.3166052278839475,1.348059960290731,5753600.0
1985-07-24,False,daily,47.5,47.5,46.75,47.25,341400.0,1.3340176690377026,1.3340176690377026,1.31295423215816,1.3269965234111885,5462400.0
1985-07-23,False,daily,47.62,48.12,47.38,47.5,373000.0,1.3373878189384294,1.3514301101914579,1.330647519136976,1.3340176690377026,5968000.0
1985-07-22,False,daily,48.0,48.0,47.62,47.88,165400.0,1.348059960290731,1.348059960290731,1.3373878189384294,1.3446898103900045,2646400.0
1985-07-19,False,daily,47.25,48.0,47.25,48.0,390600.0,1.3269965234111885,1.348059960290731,1.3269965234111885,1.348059960290731,6249600.0
1985-07-18,False,daily,47.25,47.5,46.62,47.38,281200.0,1.3269965234111885,1.3340176690377026,1.3093032364323725,1.330647519136976,4499200.0
1985-07-17,False,daily,48.0,48.25,47.38,47.5,471900.0,1.348059960290731,1.3550811059172454,1.330647519136976,1.3340176690377026,7550400.0
1985-07-16,False,daily,48.25,48.62,47.38,47.62,512800.0,1.3550811059172454,1.3654724014444863,1.330647519136976,1.3373878189384294,8204800.0
1985-07-15,False,daily,48.75,49.12,48.5,48.5,665500.0,1.3691233971702739,1.3795146926975148,1.3621022515437595,1.3621022515437595,10648000.0
1985-07-12,False,daily,48.0,49.12,47.88,49.0,907400.0,1.348059960290731,1.3795146926975148,1.3446898103900045,1.376144542796788,14518400.0
1985-07-11,False,daily,47.88,48.0,47.38,47.88,558300.0,1.3446898103900045,1.348059960290731,1.330647519136976,1.3446898103900045,8932800.0
1985-07-10,False,daily,46.62,47.5,46.5,47.5,1125000.0,1.3093032364323725,1.3340176690377026,1.3059330865316459,1.3340176690377026,18000000.0
1985-07-09,False,daily,46.25,46.88,46.12,46.75,672600.0,1.2989119409051315,1.3166052278839475,1.295260945179344,1.31295423215816,10761600.0
1985-07-08,False,daily,45.62,46.25,45.62,46.25,181800.0,1.2812186539263155,1.2989119409051315,1.2812186539263155,1.2989119409051315,2908800.0
1985-07-05,False,daily,45.38,46.0,45.12,45.88,167200.0,1.274478354124862,1.2918907952786174,1.2671763626732873,1.2885206453778906,2675200.0
1985-07-03,False,daily,45.5,45.5,45.12,45.12,224300.0,1.277848504025589,1.277848504025589,1.2671763626732873,1.2671763626732873,3588800.0
1985-07-02,False,daily,45.62,46.0,45.38,45.5,586800.0,1.2812186539263155,1.2918907952786174,1.274478354124862,1.277848504025589,9388800.0
1985-07-01,False,daily,46.5,46.75,45.88,46.0,240900.0,1.3059330865316459,1.31295423215816,1.2885206453778906,1.2918907952786174,3854400.0
1985-06-28,False,daily,46.62,46.75,46.25,46.38,127600.0,1.3093032364323725,1.31295423215816,1.2989119409051315,1.302562936630919,2041600.0
1985-06-27,False,daily,45.75,46.88,45.75,46.5,298400.0,1.284869649652103,1.3166052278839475,1.284869649652103,1.3059330865316459,4774400.0
1985-06-26,False,daily,46.0,46.0,45.0,45.75,372300.0,1.2918907952786174,1.2918907952786174,1.2638062127725604,1.284869649652103,5956800.0
1985-06-25,False,daily,46.75,46.88,46.12,46.25,422800.0,1.31295423215816,1.3166052278839475,1.295260945179344,1.2989119409051315,6764800.0
1985-06-24,False,daily,46.75,47.25,46.75,47.25,245900.0,1.31295423215816,1.3269965234111885,1.31295423215816,1.3269965234111885,3934400.0
1985-06-21,False,daily,46.75,47.25,46.25,46.88,682800.0,1.31295423215816,1.3269965234111885,1.2989119409051315,1.3166052278839475,10924800.0
1985-06-20,False,daily,46.88,47.25,46.38,46.75,292200.0,1.3166052278839475,1.3269965234111885,1.302562936630919,1.31295423215816,4675200.0
1985-06-19,False,daily,47.0,47.25,46.75,46.88,510100.0,1.319975377784674,1.3269965234111885,1.31295423215816,1.3166052278839475,8161600.0
1985-06-18,False,daily,46.75,46.88,46.62,46.75,424200.0,1.31295423215816,1.3166052278839475,1.3093032364323725,1.31295423215816,6787200.0
1985-06-17,False,daily,45.75,46.5,45.5,46.38,355400.0,1.284869649652103,1.3059330865316459,1.277848504025589,1.302562936630919,5686400.0
1985-06-14,False,daily,45.38,45.62,45.25,45.5,209800.0,1.274478354124862,1.2812186539263155,1.2708273583990746,1.277848504025589,3356800.0
1985-06-13,False,daily,45.25,45.75,45.12,45.38,375300.0,1.2708273583990746,1.284869649652103,1.2671763626732873,1.274478354124862,6004800.0
1985-06-12,False,daily,45.75,45.75,44.88,45.5,413600.0,1.284869649652103,1.284869649652103,1.2604360628718336,1.277848504025589,6617600.0
1985-06-11,False,daily,46.62,46.75,45.62,46.12,323600.0,1.3093032364323725,1.31295423215816,1.2812186539263155,1.295260945179344,5177600.0
1985-06-10,False,daily,46.5,46.88,46.5,46.75,224800.0,1.3059330865316459,1.3166052278839475,1.3059330865316459,1.31295423215816,3596800.0
1985-06-07,False,daily,47.88,47.88,47.0,47.0,280000.0,1.3446898103900045,1.3446898103900045,1.319975377784674,1.319975377784674,4480000.0
1985-06-06,False,daily,47.12,47.88,47.12,47.88,297000.0,1.323345527685401,1.3446898103900045,1.323345527685401,1.3446898103900045,4752000.0
1985-06-05,False,daily,47.62,47.88,47.25,47.5,304700.0,1.3373878189384294,1.3446898103900045,1.3269965234111885,1.3340176690377026,4875200.0
1985-06-04,False,daily,47.5,47.88,47.25,47.5,389400.0,1.3340176690377026,1.3446898103900045,1.3269965234111885,1.3340176690377026,6230400.0
1985-06-03,False,daily,47.38,47.88,47.25,47.88,532400.0,1.330647519136976,1.3446898103900045,1.3269965234111885,1.3446898103900045,8518400.0
1985-05-31,False,daily,46.75,47.25,46.5,47.0,368300.0,1.31295423215816,1.3269965234111885,1.3059330865316459,1.319975377784674,5892800.0
1985-05-30,False,daily,46.12,46.75,46.0,46.75,187100.0,1.295260945179344,1.31295423215816,1.2918907952786174,1.31295423215816,2993600.0
1985-05-29,False,daily,46.0,46.38,45.75,46.12,154800.0,1.2918907952786174,1.302562936630919,1.284869649652103,1.295260945179344,2476800.0
1985-05-28,False,daily,46.75,47.25,45.75,46.12,278800.0,1.31295423215816,1.3269965234111885,1.284869649652103,1.295260945179344,4460800.0
1985-05-24,False,daily,46.88,46.88,46.25,46.88,172700.0,1.3166052278839475,1.3166052278839475,1.2989119409051315,1.3166052278839475,2763200.0
1985-05-23,False,daily,46.75,47.0,46.62,46.88,157300.0,1.3039147209739337,1.3108875269684466,1.3002888618567867,1.3075405800910804,2516800.0
1985-05-22,False,daily,46.62,46.88,46.0,46.88,504100.0,1.3002888618567867,1.3075405800910804,1.2829963029903946,1.3075405800910804,8065600.0
1985-05-21,False,daily,47.0,47.38,46.75,47.0,681600.0,1.3108875269684466,1.3214861920801064,1.3039147209739337,1.3108875269684466,10905600.0
1985-05-20,False,daily,46.38,47.38,46.25,47.25,763900.0,1.2935949681020544,1.3214861920801064,1.2899691089849077,1.3178603329629597,12222400.0
1985-05-17,False,daily,46.0,46.5,45.75,45.75,402800.0,1.2829963029903946,1.2969419149794206,1.2760234969958815,1.2760234969958815,6444800.0
1985-05-16,False,daily,46.5,46.5,45.38,46.25,330400.0,1.2969419149794206,1.2969419149794206,1.2657037441240024,1.2899691089849077,5286400.0
1985-05-15,False,daily,46.88,47.0,46.0,46.25,431000.0,1.3075405800910804,1.3108875269684466,1.2829963029903946,1.2899691089849077,6896000.0
1985-05-14,False,daily,46.75,47.12,46.5,46.75,584100.0,1.3039147209739337,1.3142344738458127,1.2969419149794206,1.3039147209739337,9345600.0
1985-05-13,False,daily,46.5,46.75,46.25,46.5,240300.0,1.2969419149794206,1.3039147209739337,1.2899691089849077,1.2969419149794206,3844800.0
1985-05-10,False,daily,46.5,46.88,46.38,46.5,625400.0,1.2969419149794206,1.3075405800910804,1.2935949681020544,1.2969419149794206,10006400.0
1985-05-09,False,daily,45.38,46.0,45.38,45.88,476900.0,1.2657037441240024,1.2829963029903946,1.2657037441240024,1.2796493561130284,7630400.0
1985-05-08,False,daily,44.75,45.12,44.62,45.0,277600.0,1.2481322730178295,1.2584520258897087,1.2445064139006827,1.2551050790123426,4441600.0
1985-05-07,False,daily,44.75,45.0,44.62,44.88,283500.0,1.2481322730178295,1.2551050790123426,1.2445064139006827,1.2517581321349764,4536000.0
1985-05-06,False,daily,44.5,45.12,44.5,44.75,468000.0,1.2411594670233166,1.2584520258897087,1.2411594670233166,1.2481322730178295,7488000.0
1985-05-03,False,daily,43.75,44.5,43.75,44.5,391600.0,1.2202410490397775,1.2411594670233166,1.2202410490397775,1.2411594670233166,6265600.0
1985-05-02,False,daily,43.0,43.62,43.0,43.5,372400.0,1.1993226310562384,1.2166151899226305,1.1993226310562384,1.2132682430452644,5958400.0
1985-05-01,False,daily,43.62,44.0,42.88,43.0,389600.0,1.2166151899226305,1.2272138550342904,1.1959756841788722,1.1993226310562384,6233600.0
1985-04-30,False,daily,43.75,44.38,43.25,43.88,377300.0,1.2202410490397775,1.2378125201459502,1.2062954370507515,1.2238669081569242,6036800.0
1985-04-29,False,daily,43.75,44.12,43.62,43.75,347800.0,1.2202410490397775,1.2305608019116567,1.2166151899226305,1.2202410490397775,5564800.0
1985-04-26,False,daily,44.25,44.25,43.5,43.62,373600.0,1.2341866610288035,1.2341866610288035,1.2132682430452644,1.2166151899226305,5977600.0
1985-04-25,False,daily,44.38,44.75,43.75,44.0,649400.0,1.2378125201459502,1.2481322730178295,1.2202410490397775,1.2272138550342904,10390400.0
1985-04-24,False,daily,44.0,44.62,43.88,44.62,1713000.0,1.2272138550342904,1.2445064139006827,1.2238669081569242,1.2445064139006827,27408000.0
1985-04-23,False,daily,41.38,43.5,41.25,43.5,1643000.0,1.1541388482117942,1.2132682430452644,1.1505129890946473,1.2132682430452644,26288000.0
1985-04-22,False,daily,41.38,41.5,41.12,41.38,638300.0,1.1541388482117942,1.1574857950891604,1.1468871299775005,1.1541388482117942,10212800.0
1985-04-19,False,daily,41.38,41.62,41.25,41.25,503300.0,1.1541388482117942,1.1608327419665265,1.1505129890946473,1.1505129890946473,8052800.0
1985-04-18,False,daily,41.62,41.88,41.38,41.62,423500.0,1.1608327419665265,1.1680844602008202,1.1541388482117942,1.1608327419665265,6776000.0
1985-04-17,False,daily,41.38,41.88,41.38,41.75,434800.0,1.1541388482117942,1.1680844602008202,1.1541388482117942,1.1644586010836733,6956800.0
1985-04-16,False,daily,41.38,41.62,41.12,41.38,477600.0,1.1541388482117942,1.1608327419665265,1.1468871299775005,1.1541388482117942,7641600.0
1985-04-15,False,daily,41.25,41.5,41.0,41.12,329200.0,1.1505129890946473,1.1574857950891604,1.1435401831001344,1.1468871299775005,5267200.0
1985-04-12,False,daily,41.12,41.12,40.62,41.0,331000.0,1.1468871299775005,1.1468871299775005,1.1329415179884745,1.1435401831001344,5296000.0
1985-04-11,False,daily,41.38,41.5,40.75,41.0,310700.0,1.1541388482117942,1.1574857950891604,1.1365673771056213,1.1435401831001344,4971200.0
1985-04-10,False,daily,40.75,41.25,40.75,41.12,630600.0,1.1365673771056213,1.1505129890946473,1.1365673771056213,1.1468871299775005,10089600.0
1985-04-09,False,daily,40.62,41.0,40.5,40.75,258200.0,1.1329415179884745,1.1435401831001344,1.1295945711111082,1.1365673771056213,4131200.0
1985-04-08,False,daily,41.5,41.5,40.5,40.62,273300.0,1.1574857950891604,1.1574857950891604,1.1295945711111082,1.1329415179884745,4372800.0
1985-04-04,False,daily,40.88,41.5,40.62,41.5,405700.0,1.140193236222768,1.1574857950891604,1.1329415179884745,1.1574857950891604,6491200.0
1985-04-03,False,daily,40.88,41.0,40.38,40.88,416400.0,1.140193236222768,1.1435401831001344,1.126247624233742,1.140193236222768,6662400.0
1985-04-02,False,daily,41.75,41.75,40.38,40.62,474600.0,1.1644586010836733,1.1644586010836733,1.126247624233742,1.1329415179884745,7593600.0
1985-04-01,False,daily,41.75,42.0,41.25,41.38,463200.0,1.1644586010836733,1.1714314070781864,1.1505129890946473,1.1541388482117942,7411200.0
1985-03-29,False,daily,41.12,42.12,41.0,42.0,748300.0,1.1468871299775005,1.1747783539555525,1.1435401831001344,1.1714314070781864,11972800.0
1985-03-28,False,daily,40.88,41.0,40.5,40.75,665100.0,1.140193236222768,1.1435401831001344,1.1295945711111082,1.1365673771056213,10641600.0
1985-03-27,False,daily,40.25,41.12,40.25,40.88,487600.0,1.1226217651165953,1.1468871299775005,1.1226217651165953,1.140193236222768,7801600.0
1985-03-26,False,daily,39.75,40.5,39.75,40.25,283300.0,1.1086761531275693,1.1295945711111082,1.1086761531275693,1.1226217651165953,4532800.0
1985-03-25,False,daily,39.62,39.88,39.38,39.62,302800.0,1.1050502940104223,1.112302012244716,1.09835640025569,1.1050502940104223,4844800.0
1985-03-22,False,daily,40.0,40.25,39.62,39.75,412800.0,1.1156489591220822,1.1226217651165953,1.1050502940104223,1.1086761531275693,6604800.0
1985-03-21,False,daily,40.25,40.5,40.12,40.25,400900.0,1.1226217651165953,1.1295945711111082,1.1189959059994483,1.1226217651165953,6414400.0
1985-03-20,False,daily,40.0,40.5,39.75,40.12,897000.0,1.1156489591220822,1.1295945711111082,1.1086761531275693,1.1189959059994483,14352000.0
1985-03-19,False,daily,39.62,40.12,39.38,40.0,451100.0,1.1050502940104223,1.1189959059994483,1.09835640025569,1.1156489591220822,7217600.0
1985-03-18,False,daily,38.88,39.5,38.88,39.25,402400.0,1.084410788266664,1.1017033471330562,1.084410788266664,1.0947305411385433,6438400.0
1985-03-15,False,daily,39.0,39.62,39.0,39.25,402800.0,1.0877577351440302,1.1050502940104223,1.0877577351440302,1.0947305411385433,6444800.0
1985-03-14,False,daily,39.25,39.5,39.0,39.25,376500.0,1.0947305411385433,1.1017033471330562,1.0877577351440302,1.0947305411385433,6024000.0
1985-03-13,False,daily,39.38,39.75,39.0,39.38,753100.0,1.09835640025569,1.1086761531275693,1.0877577351440302,1.09835640025569,12049600.0
1985-03-12,False,daily,38.88,39.38,38.75,39.38,265900.0,1.084410788266664,1.09835640025569,1.080784929149517,1.09835640025569,4254400.0
1985-03-11,False,daily,38.75,39.38,38.75,39.0,288000.0,1.080784929149517,1.09835640025569,1.080784929149517,1.0877577351440302,4608000.0
1985-03-08,False,daily,39.0,39.38,38.75,38.88,345900.0,1.0877577351440302,1.09835640025569,1.080784929149517,1.084410788266664,5534400.0
1985-03-07,False,daily,39.0,39.38,39.0,39.12,291900.0,1.0877577351440302,1.09835640025569,1.0877577351440302,1.0911046820213963,4670400.0
1985-03-06,False,daily,39.38,39.75,38.88,39.0,350000.0,1.09835640025569,1.1086761531275693,1.084410788266664,1.0877577351440302,5600000.0
1985-03-05,False,daily,39.5,39.62,38.88,39.25,455600.0,1.1017033471330562,1.1050502940104223,1.084410788266664,1.0947305411385433,7289600.0
1985-03-04,False,daily,40.0,40.0,39.25,39.62,196600.0,1.1156489591220822,1.1156489591220822,1.0947305411385433,1.1050502940104223,3145600.0
1985-03-01,False,daily,39.0,40.25,39.0,40.0,596900.0,1.0877577351440302,1.1226217651165953,1.0877577351440302,1.1156489591220822,9550400.0
1985-02-28,False,daily,39.12,39.62,39.12,39.38,332800.0,1.0911046820213963,1.1050502940104223,1.0911046820213963,1.09835640025569,5324800.0
1985-02-27,False,daily,39.0,39.62,39.0,39.38,704100.0,1.0877577351440302,1.1050502940104223,1.0877577351440302,1.09835640025569,11265600.0
1985-02-26,False,daily,38.0,38.75,38.0,38.75,646400.0,1.0598665111659782,1.080784929149517,1.0598665111659782,1.080784929149517,10342400.0
1985-02-25,False,daily,37.0,38.0,37.0,38.0,244900.0,1.031975287187926,1.0598665111659782,1.031975287187926,1.0598665111659782,3918400.0
1985-02-22,False,daily,37.5,37.62,37.0,37.38,522300.0,1.0459208991769522,1.0492678460543183,1.031975287187926,1.0425739522995858,8356800.0
1985-02-21,False,daily,38.25,38.5,37.5,37.5,334700.0,1.066839317160491,1.0738121231550042,1.0459208991769522,1.0459208991769522,5355200.0
1985-02-20,False,daily,38.38,38.88,38.25,38.62,574900.0,1.070465176277638,1.084410788266664,1.066839317160491,1.0771590700323703,9198400.0
1985-02-19,False,daily,38.25,39.0,38.25,38.62,204900.0,1.066839317160491,1.0877577351440302,1.066839317160491,1.0771590700323703,3278400.0
1985-02-15,False,daily,38.5,39.0,38.38,38.5,598600.0,1.0738121231550042,1.0877577351440302,1.070465176277638,1.0738121231550042,9577600.0
1985-02-14,False,daily,39.5,40.12,39.25,39.62,840300.0,1.0931850222840893,1.1103438757984219,1.0862661297379876,1.0965060907062183,13444800.0
1985-02-13,False,daily,38.25,39.5,38.25,39.25,468300.0,1.0585905595535803,1.0931850222840893,1.0585905595535803,1.0862661297379876,7492800.0
1985-02-12,False,daily,38.12,38.88,38.12,38.75,365500.0,1.0549927354296071,1.076026168769757,1.0549927354296071,1.0724283446457838,5848000.0
1985-02-11,False,daily,38.38,38.38,38.0,38.25,221200.0,1.0621883836775532,1.0621883836775532,1.0516716670074784,1.0585905595535803,3539200.0
1985-02-08,False,daily,38.0,38.38,37.88,38.38,263900.0,1.0516716670074784,1.0621883836775532,1.0483505985853496,1.0621883836775532,4222400.0
1985-02-07,False,daily,37.5,38.25,37.38,38.25,371600.0,1.0378338819152748,1.0585905595535803,1.0345128134931458,1.0585905595535803,5945600.0
1985-02-06,False,daily,38.12,38.38,37.38,37.5,257800.0,1.0549927354296071,1.0621883836775532,1.0345128134931458,1.0378338819152748,4124800.0
1985-02-05,False,daily,38.25,38.5,37.88,38.25,491000.0,1.0585905595535803,1.065509452099682,1.0483505985853496,1.0585905595535803,7856000.0
1985-02-04,False,daily,37.88,38.25,37.75,38.0,347500.0,1.0483505985853496,1.0585905595535803,1.0447527744613765,1.0516716670074784,5560000.0
1985-02-01,False,daily,38.25,38.62,38.0,38.25,398000.0,1.0585905595535803,1.068830520521811,1.0516716670074784,1.0585905595535803,6368000.0
1985-01-31,False,daily,38.62,39.25,38.12,39.0,494600.0,1.068830520521811,1.0862661297379876,1.0549927354296071,1.0793472371918857,7913600.0
1985-01-30,False,daily,38.12,38.75,38.0,38.75,652200.0,1.0549927354296071,1.0724283446457838,1.0516716670074784,1.0724283446457838,10435200.0
1985-01-29,False,daily,37.5,38.0,37.38,38.0,353100.0,1.0378338819152748,1.0516716670074784,1.0345128134931458,1.0516716670074784,5649600.0
1985-01-28,False,daily,37.0,37.75,36.88,37.38,457200.0,1.023996096823071,1.0447527744613765,1.0206750284009423,1.0345128134931458,7315200.0
1985-01-25,False,daily,37.38,37.62,36.88,36.88,439600.0,1.0345128134931458,1.0411549503374036,1.0206750284009423,1.0206750284009423,7033600.0
1985-01-24,False,daily,37.88,38.25,37.12,37.38,448700.0,1.0483505985853496,1.0585905595535803,1.0273171652451998,1.0345128134931458,7179200.0
1985-01-23,False,daily,37.62,38.0,37.12,38.0,401400.0,1.0411549503374036,1.0516716670074784,1.0273171652451998,1.0516716670074784,6422400.0
1985-01-22,False,daily,37.88,38.0,37.38,37.5,601100.0,1.0483505985853496,1.0516716670074784,1.0345128134931458,1.0378338819152748,9617600.0
1985-01-21,False,daily,37.0,37.88,37.0,37.88,663400.0,1.023996096823071,1.0483505985853496,1.023996096823071,1.0483505985853496,10614400.0
1985-01-18,False,daily,37.5,37.5,37.0,37.25,268600.0,1.0378338819152748,1.0378338819152748,1.023996096823071,1.030914989369173,4297600.0
1985-01-17,False,daily,37.38,37.5,36.88,37.25,189400.0,1.0345128134931458,1.0378338819152748,1.0206750284009423,1.030914989369173,3030400.0
1985-01-16,False,daily,37.62,37.62,36.75,37.38,364200.0,1.0411549503374036,1.0411549503374036,1.0170772042769693,1.0345128134931458,5827200.0
1985-01-15,False,daily,37.75,37.75,37.0,37.5,375500.0,1.0447527744613765,1.0447527744613765,1.023996096823071,1.0378338819152748,6008000.0
1985-01-14,False,daily,36.75,37.88,36.75,37.75,571700.0,1.0170772042769693,1.0483505985853496,1.0170772042769693,1.0447527744613765,9147200.0
1985-01-11,False,daily,37.62,37.88,37.12,37.12,315300.0,1.0411549503374036,1.0483505985853496,1.0273171652451998,1.0273171652451998,5044800.0
1985-01-10,False,daily,36.62,37.62,36.5,37.62,634000.0,1.0134793801529962,1.0411549503374036,1.0101583117308675,1.0411549503374036,10144000.0
1985-01-09,False,daily,36.12,36.75,36.12,36.5,259100.0,0.9996415950607925,1.0170772042769693,0.9996415950607925,1.0101583117308675,4145600.0
1985-01-08,False,daily,35.88,36.75,35.88,36.12,362500.0,0.9929994582165349,1.0170772042769693,0.9929994582165349,0.9996415950607925,5800000.0
1985-01-07,False,daily,35.88,36.0,35.75,35.75,156800.0,0.9929994582165349,0.9963205266386638,0.9894016340925619,0.9894016340925619,2508800.0
1985-01-04,False,daily,35.25,35.75,35.12,35.75,236700.0,0.9755638490003582,0.9894016340925619,0.9719660248763853,0.9894016340925619,3787200.0
1985-01-03,False,daily,35.62,36.12,35.12,35.12,363700.0,0.9858038099685889,0.9996415950607925,0.9719660248763853,0.9719660248763853,5819200.0
1985-01-02,False,daily,35.88,36.0,35.5,35.62,210100.0,0.9929994582165349,0.9963205266386638,0.9824827415464601,0.9858038099685889,3361600.0
1986-12-31,False,daily,66.75,67.0,65.25,65.62,471300.0,1.941600932601782,1.9488728462070322,1.8979694509702811,1.9087318831060516,7540800.0
1986-12-30,False,daily,66.25,66.75,66.12,66.5,209000.0,1.9270571053912817,1.941600932601782,1.9232757103165519,1.9343290189965319,3344000.0
1986-12-29,False,daily,67.88,67.88,66.12,66.38,215500.0,1.9744699820975125,1.9744699820975125,1.9232757103165519,1.9308385004660116,3448000.0
1986-12-26,False,daily,66.62,67.88,66.25,67.88,213600.0,1.937819537527052,1.9744699820975125,1.9270571053912817,1.9744699820975125,3417600.0
1986-12-24,False,daily,66.5,67.25,66.38,66.75,310900.0,1.9343290189965319,1.956144759812282,1.9308385004660116,1.941600932601782,4974400.0
1986-12-23,False,daily,67.0,67.12,66.0,66.25,609600.0,1.9488728462070322,1.9523633647375522,1.9197851917860316,1.9270571053912817,9753600.0
1986-12-22,False,daily,68.0,69.0,67.0,67.0,636300.0,1.9779605006280325,2.007048155049033,1.9488728462070322,1.9488728462070322,10180800.0
1986-12-19,False,daily,68.25,68.38,67.25,68.25,1280000.0,1.9852324142332827,1.9890138093080125,1.956144759812282,1.9852324142332827,20480000.0
1986-12-18,False,daily,69.0,69.25,68.25,68.38,319900.0,2.007048155049033,2.0143200686542833,1.9852324142332827,1.9890138093080125,5118400.0
1986-12-17,False,daily,69.62,70.0,69.0,69.25,371200.0,2.0250825007900533,2.0361358094700335,2.007048155049033,2.0143200686542833,5939200.0
1986-12-16,False,daily,69.38,70.0,69.12,70.0,776400.0,2.018101463729013,2.0361358094700335,2.0105386735795534,2.0361358094700335,12422400.0
1986-12-15,False,daily,68.25,69.38,67.62,69.38,958400.0,1.9852324142332827,2.018101463729013,1.9669071919480525,2.018101463729013,15334400.0
1986-12-12,False,daily,70.0,70.38,68.75,68.88,450900.0,2.0361358094700335,2.0471891181500137,1.999776241443783,2.003557636518513,7214400.0
1986-12-11,False,daily,71.0,71.38,69.88,70.62,378600.0,2.065223463891034,2.076276772571014,2.0326452909395134,2.054170155211054,6057600.0
1986-12-10,False,daily,70.25,72.0,70.0,71.62,383000.0,2.0434077230752834,2.0943111183120346,2.0361358094700335,2.0832578096320544,6128000.0
1986-12-09,False,daily,70.75,71.38,70.12,70.5,257800.0,2.0579515502857837,2.076276772571014,2.0396263280005535,2.0506796366805338,4124800.0
1986-12-08,False,daily,69.12,71.88,69.12,71.0,470800.0,2.0105386735795534,2.090820599781514,2.0105386735795534,2.065223463891034,7532800.0
1986-12-05,False,daily,69.12,70.0,68.88,69.38,413000.0,2.0105386735795534,2.0361358094700335,2.003557636518513,2.018101463729013,6608000.0
1986-12-04,False,daily,70.62,70.88,69.38,69.5,341800.0,2.054170155211054,2.061732945360514,2.018101463729013,2.021591982259533,5468800.0
1986-12-03,False,daily,69.75,71.0,69.62,70.75,613000.0,2.0288638958647836,2.065223463891034,2.0250825007900533,2.0579515502857837,9808000.0
1986-12-02,False,daily,68.25,70.0,68.25,70.0,588200.0,1.9852324142332827,2.0361358094700335,1.9852324142332827,2.0361358094700335,9411200.0
1986-12-01,False,daily,67.5,67.88,66.62,67.88,371700.0,1.9634166734175322,1.9744699820975125,1.937819537527052,1.9744699820975125,5947200.0
1986-11-28,False,daily,69.62,69.62,68.38,68.5,87900.0,2.0250825007900533,2.0250825007900533,1.9890138093080125,1.9925043278385328,1406400.0
1986-11-26,False,daily,69.5,69.75,69.0,69.5,203700.0,2.021591982259533,2.0288638958647836,2.007048155049033,2.021591982259533,3259200.0
1986-11-25,False,daily,69.88,70.25,69.0,69.88,507800.0,2.0326452909395134,2.0434077230752834,2.007048155049033,2.0326452909395134,8124800.0
1986-11-24,False,daily,69.25,70.62,69.12,70.25,604700.0,2.0143200686542833,2.054170155211054,2.0105386735795534,2.0434077230752834,9675200.0
1986-11-21,False,daily,67.38,69.38,67.25,69.38,871800.0,1.9599261548870122,2.018101463729013,1.956144759812282,2.018101463729013,13948800.0
1986-11-20,False,daily,67.25,67.38,66.38,67.38,580900.0,1.956144759812282,1.9599261548870122,1.9308385004660116,1.9599261548870122,9294400.0
1986-11-19,False,daily,64.75,66.62,64.75,66.38,456500.0,1.883425623759781,1.937819537527052,1.883425623759781,1.9308385004660116,7304000.0
1986-11-18,False,daily,67.75,68.0,64.88,65.25,610600.0,1.9706885870227824,1.9779605006280325,1.887207018834511,1.8979694509702811,9769600.0
1986-11-17,False,daily,67.62,68.75,67.5,67.62,408600.0,1.9669071919480525,1.999776241443783,1.9634166734175322,1.9669071919480525,6537600.0
1986-11-14,False,daily,68.12,69.25,67.5,69.12,544400.0,1.9712478728189102,2.003947668712706,1.953306391886031,2.000185745291296,8710400.0
1986-11-13,False,daily,70.0,70.12,68.25,68.25,559100.0,2.025651073066995,2.0291236177636813,1.9750097962403201,1.9750097962403201,8945600.0
1986-11-12,False,daily,70.5,70.75,69.88,70.0,291100.0,2.040120009303188,2.047354477421284,2.0221785283703086,2.025651073066995,4657600.0
1986-11-11,False,daily,69.88,70.12,69.62,70.0,257700.0,2.0221785283703086,2.0291236177636813,2.014654681527489,2.025651073066995,4123200.0
1986-11-10,False,daily,69.25,69.88,69.25,69.75,277000.0,2.003947668712706,2.0221785283703086,2.003947668712706,2.0184166049488987,4432000.0
1986-11-07,False,daily,70.0,70.38,69.38,69.5,318000.0,2.025651073066995,2.0366474646065016,2.0077095921341157,2.0111821368308025,5088000.0
1986-11-06,False,daily,70.12,70.5,69.75,70.38,257700.0,2.0291236177636813,2.040120009303188,2.0184166049488987,2.0366474646065016,4123200.0
1986-11-05,False,daily,69.88,70.88,69.75,70.5,621200.0,2.0221785283703086,2.0511164008426945,2.0184166049488987,2.040120009303188,9939200.0
1986-11-04,False,daily,69.5,70.0,69.38,69.88,353800.0,2.0111821368308025,2.025651073066995,2.0077095921341157,2.0221785283703086,5660800.0
1986-11-03,False,daily,70.0,70.12,69.5,69.62,313400.0,2.025651073066995,2.0291236177636813,2.0111821368308025,2.014654681527489,5014400.0
1986-10-31,False,daily,69.75,69.88,69.25,69.75,408600.0,2.0184166049488987,2.0221785283703086,2.003947668712706,2.0184166049488987,6537600.0
1986-10-30,False,daily,69.88,70.12,69.12,69.5,620600.0,2.0221785283703086,2.0291236177636813,2.000185745291296,2.0111821368308025,9929600.0
1986-10-29,False,daily,68.75,69.38,68.12,69.0,317100.0,1.989478732476513,2.0077095921341157,1.9712478728189102,1.9967132005946095,5073600.0
1986-10-28,False,daily,69.5,69.62,68.5,68.62,253800.0,2.0111821368308025,2.014654681527489,1.9822442643584166,1.985716809055103,4060800.0
1986-10-27,False,daily,68.88,69.62,68.62,69.38,186500.0,1.993240655897923,2.014654681527489,1.985716809055103,2.0077095921341157,2984000.0
1986-10-24,False,daily,69.88,69.88,68.62,68.62,238500.0,2.0221785283703086,2.0221785283703086,1.985716809055103,1.985716809055103,3816000.0
1986-10-23,False,daily,69.62,69.88,69.25,69.62,398000.0,2.014654681527489,2.0221785283703086,2.003947668712706,2.014654681527489,6368000.0
1986-10-22,False,daily,68.62,69.88,68.62,69.38,295100.0,1.985716809055103,2.0221785283703086,1.985716809055103,2.0077095921341157,4721600.0
1986-10-21,False,daily,69.0,69.12,68.5,68.75,180200.0,1.9967132005946095,2.000185745291296,1.9822442643584166,1.989478732476513,2883200.0
1986-10-20,False,daily,69.5,69.5,68.38,68.62,291600.0,2.0111821368308025,2.0111821368308025,1.9787717196617303,1.985716809055103,4665600.0
1986-10-17,False,daily,69.5,70.0,69.25,70.0,459900.0,2.0111821368308025,2.025651073066995,2.003947668712706,2.025651073066995,7358400.0
1986-10-16,False,daily,68.62,69.88,68.0,69.88,516700.0,1.985716809055103,2.0221785283703086,1.9677753281222239,2.0221785283703086,8267200.0
1986-10-15,False,daily,67.0,68.5,66.75,68.38,406400.0,1.9388374556498382,1.9822442643584166,1.9316029875317418,1.9787717196617303,6502400.0
1986-10-14,False,daily,66.0,67.25,65.5,66.88,492300.0,1.9098995831774526,1.9460719237679345,1.8954306469412596,1.9353649109531517,7876800.0
1986-10-13,False,daily,65.88,65.88,65.25,65.62,182100.0,1.9064270384807662,1.9064270384807662,1.8881961788231634,1.8989031916379462,2913600.0
1986-10-10,False,daily,66.0,66.5,65.38,65.62,198800.0,1.9098995831774526,1.9243685194136453,1.8919581022445733,1.8989031916379462,3180800.0
1986-10-09,False,daily,66.0,67.75,65.75,66.0,405800.0,1.9098995831774526,1.9605408600041274,1.902665115059356,1.9098995831774526,6492800.0
1986-10-08,False,daily,64.0,65.88,64.0,65.88,372500.0,1.8520238382326812,1.9064270384807662,1.8520238382326812,1.9064270384807662,5960000.0
1986-10-07,False,daily,63.38,64.5,61.88,64.5,332300.0,1.8340823572998022,1.866492774468874,1.7906755485912238,1.866492774468874,5316800.0
1986-10-06,False,daily,64.38,65.25,63.62,63.62,148500.0,1.8630202297721876,1.8881961788231634,1.8410274466931746,1.8410274466931746,2376000.0
1986-10-03,False,daily,65.0,65.25,64.12,64.38,338800.0,1.880961710705067,1.8881961788231634,1.8554963829293676,1.8630202297721876,5420800.0
1986-10-02,False,daily,64.62,64.88,64.0,64.62,237800.0,1.8699653191655605,1.8774891660083806,1.8520238382326812,1.8699653191655605,3804800.0
1986-10-01,False,daily,64.5,65.75,64.0,64.5,454900.0,1.866492774468874,1.902665115059356,1.8520238382326812,1.866492774468874,7278400.0
1986-09-30,False,daily,63.88,64.88,63.88,64.0,271600.0,1.8485512935359951,1.8774891660083806,1.8485512935359951,1.8520238382326812,4345600.0
1986-09-29,False,daily,62.25,63.5,61.5,63.25,387300.0,1.8013825614060064,1.8375549019964885,1.7796791570517172,1.830320433878392,6196800.0
1986-09-26,False,daily,62.5,63.62,62.25,62.88,390800.0,1.8086170295241029,1.8410274466931746,1.8013825614060064,1.8196134210636095,6252800.0
1986-09-25,False,daily,64.0,64.0,61.75,62.5,543500.0,1.8520238382326812,1.8520238382326812,1.7869136251698134,1.8086170295241029,8696000.0
1986-09-24,False,daily,63.0,65.0,62.62,64.12,592100.0,1.8230859657602956,1.880961710705067,1.812089574220789,1.8554963829293676,9473600.0
1986-09-23,False,daily,61.5,62.5,61.25,62.38,592600.0,1.7796791570517172,1.8086170295241029,1.7724446889336207,1.8051444848274165,9481600.0
1986-09-22,False,daily,60.75,61.38,60.5,61.38,590400.0,1.757975752697428,1.7762066123550309,1.7507412845793315,1.7762066123550309,9446400.0
1986-09-19,False,daily,61.25,61.62,60.25,60.25,852900.0,1.7724446889336207,1.7831517017484033,1.743506816461235,1.743506816461235,13646400.0
1986-09-18,False,daily,61.0,62.5,61.0,62.0,710800.0,1.7652102208155243,1.8086170295241029,1.7652102208155243,1.79414809328791,11372800.0
1986-09-17,False,daily,63.38,64.0,62.62,62.75,395100.0,1.8340823572998022,1.8520238382326812,1.812089574220789,1.815851497642199,6321600.0
1986-09-16,False,daily,63.25,63.25,61.75,63.12,481000.0,1.830320433878392,1.830320433878392,1.7869136251698134,1.8265585104569817,7696000.0
1986-09-15,False,daily,63.0,63.62,62.75,63.25,550400.0,1.8230859657602956,1.8410274466931746,1.815851497642199,1.830320433878392,8806400.0
1986-09-12,False,daily,65.0,65.25,62.5,62.75,925600.0,1.880961710705067,1.8881961788231634,1.8086170295241029,1.815851497642199,14809600.0
1986-09-11,False,daily,65.88,66.25,63.75,64.5,901200.0,1.9064270384807662,1.917134051295549,1.8447893701145848,1.866492774468874,14419200.0
1986-09-10,False,daily,67.25,67.25,65.88,66.62,506400.0,1.9460719237679345,1.9460719237679345,1.9064270384807662,1.9278410641103318,8102400.0
1986-09-09,False,daily,68.12,69.0,67.0,67.25,655100.0,1.9712478728189102,1.9967132005946095,1.9388374556498382,1.9460719237679345,10481600.0
1986-09-08,False,daily,68.88,69.38,67.25,68.12,621600.0,1.993240655897923,2.0077095921341157,1.9460719237679345,1.9712478728189102,9945600.0
1986-09-05,False,daily,70.25,70.25,68.38,69.25,526300.0,2.0328855411850917,2.0328855411850917,1.9787717196617303,2.003947668712706,8420800.0
1986-09-04,False,daily,71.62,71.75,69.62,70.5,706200.0,2.07253042647226,2.07629234989367,2.014654681527489,2.040120009303188,11299200.0
1986-09-03,False,daily,70.5,71.38,70.25,71.12,465900.0,2.040120009303188,2.065585337078887,2.0328855411850917,2.058061490236067,7454400.0
1986-09-02,False,daily,73.5,73.88,70.62,71.0,485800.0,2.1269336267203447,2.1379300182598513,2.0435925539998743,2.054588945539381,7772800.0
1986-08-29,False,daily,73.0,74.25,73.0,73.88,326100.0,2.112464690484152,2.148637031074634,2.112464690484152,2.1379300182598513,5217600.0
1986-08-28,False,daily,72.5,73.5,72.5,73.12,237900.0,2.0979957542479593,2.1269336267203447,2.0979957542479593,2.1159372351808385,3806400.0
1986-08-27,False,daily,73.12,73.5,72.62,73.0,221700.0,2.1159372351808385,2.1269336267203447,2.1014682989446456,2.112464690484152,3547200.0
1986-08-26,False,daily,72.38,73.62,71.5,73.38,387300.0,2.094523209551273,2.1304061714170315,2.0690578817755734,2.1234610820236584,6196800.0
1986-08-25,False,daily,73.5,73.62,72.25,72.5,261200.0,2.1269336267203447,2.1304061714170315,2.090761286129863,2.0979957542479593,4179200.0
1986-08-22,False,daily,73.5,74.5,73.25,73.5,264700.0,2.1269336267203447,2.1558714991927306,2.1196991586022484,2.1269336267203447,4235200.0
1986-08-21,False,daily,73.75,73.88,73.12,73.5,491600.0,2.1341680948384414,2.1379300182598513,2.1159372351808385,2.1269336267203447,7865600.0
1986-08-20,False,daily,71.25,74.25,71.12,73.5,692700.0,2.061823413657477,2.148637031074634,2.058061490236067,2.1269336267203447,11083200.0
1986-08-19,False,daily,72.0,72.0,70.5,70.88,252000.0,2.0835268180117663,2.0835268180117663,2.040120009303188,2.0511164008426945,4032000.0
1986-08-18,False,daily,72.0,72.62,71.75,72.0,419500.0,2.0835268180117663,2.1014682989446456,2.07629234989367,2.0835268180117663,6712000.0
1986-08-15,False,daily,72.75,72.75,71.62,72.75,515000.0,2.0950459711175675,2.0950459711175675,2.0625043635936797,2.0950459711175675,8240000.0
1986-08-14,False,daily,71.12,73.0,71.12,72.5,844500.0,2.0481054222114286,2.1022454418086935,2.0481054222114286,2.087846500426442,13512000.0
1986-08-13,False,daily,69.12,71.0,68.88,70.88,1030000.0,1.9905096566824232,2.044649676279688,1.9835981648189422,2.041193930347948,16480000.0
1986-08-12,False,daily,69.38,69.5,68.62,69.25,455000.0,1.9979971062011936,2.001452852132934,1.976110715300172,1.9942533814418084,7280000.0
1986-08-11,False,daily,68.5,69.38,68.38,69.12,507200.0,1.9726549693684314,1.9979971062011936,1.969199223436691,1.9905096566824232,8115200.0
1986-08-08,False,daily,68.0,68.5,67.75,68.5,247400.0,1.95825602798618,1.9726549693684314,1.9510565572950544,1.9726549693684314,3958400.0
1986-08-07,False,daily,67.62,68.25,67.38,67.75,375400.0,1.9473128325356692,1.9654554986773058,1.9404013406721883,1.9510565572950544,6006400.0
1986-08-06,False,daily,67.38,67.75,67.0,67.62,422000.0,1.9404013406721883,1.9510565572950544,1.9294581452216775,1.9473128325356692,6752000.0
1986-08-05,False,daily,68.25,68.25,67.25,67.38,418400.0,1.9654554986773058,1.9654554986773058,1.936657615912803,1.9404013406721883,6694400.0
1986-08-04,False,daily,67.5,68.75,67.0,68.38,399700.0,1.9438570866039289,1.979854440059557,1.9294581452216775,1.969199223436691,6395200.0
1986-08-01,False,daily,68.25,68.5,67.38,67.5,236700.0,1.9654554986773058,1.9726549693684314,1.9404013406721883,1.9438570866039289,3787200.0
1986-07-31,False,daily,68.75,68.75,67.75,68.12,237200.0,1.979854440059557,1.979854440059557,1.9510565572950544,1.9617117739179206,3795200.0
1986-07-30,False,daily,68.0,69.0,67.12,68.75,635800.0,1.95825602798618,1.9870539107506828,1.9329138911534178,1.979854440059557,10172800.0
1986-07-29,False,daily,67.62,67.88,67.25,67.38,372700.0,1.9473128325356692,1.9548002820544397,1.936657615912803,1.9404013406721883,5963200.0
1986-07-28,False,daily,69.62,69.62,67.62,67.75,393700.0,2.0049085980646746,2.0049085980646746,1.9473128325356692,1.9510565572950544,6299200.0
1986-07-25,False,daily,69.5,70.0,69.38,69.75,447800.0,2.001452852132934,2.0158517935151856,1.9979971062011936,2.0086523228240596,7164800.0
1986-07-24,False,daily,70.38,70.38,68.75,69.25,335400.0,2.026794988965696,2.026794988965696,1.979854440059557,1.9942533814418084,5366400.0
1986-07-23,False,daily,69.38,71.25,68.62,70.38,594400.0,1.9979971062011936,2.0518491469708136,1.976110715300172,2.026794988965696,9510400.0
1986-07-22,False,daily,66.75,69.12,66.62,69.12,444600.0,1.9222586745305519,1.9905096566824232,1.9185149497711667,1.9905096566824232,7113600.0
1986-07-21,False,daily,67.38,67.5,66.5,67.38,422100.0,1.9404013406721883,1.9438570866039289,1.915059203839426,1.9404013406721883,6753600.0
1986-07-18,False,daily,67.25,68.25,66.88,67.5,1000000.0,1.936657615912803,1.9654554986773058,1.926002399289937,1.9438570866039289,16000000.0
1986-07-17,False,daily,66.62,67.25,66.5,67.25,541900.0,1.9185149497711667,1.936657615912803,1.915059203839426,1.936657615912803,8670400.0
1986-07-16,False,daily,66.75,66.75,65.75,66.38,549900.0,1.9222586745305519,1.9222586745305519,1.893460791766049,1.9116034579076857,8798400.0
1986-07-15,False,daily,64.88,66.5,64.38,66.25,908800.0,1.8684066337609317,1.915059203839426,1.8540076923786803,1.9078597331483005,14540800.0
1986-07-14,False,daily,66.38,66.5,65.62,65.88,400300.0,1.9116034579076857,1.915059203839426,1.8897170670066639,1.8972045165254343,6404800.0
1986-07-11,False,daily,67.25,67.25,66.5,66.75,355900.0,1.936657615912803,1.936657615912803,1.915059203839426,1.9222586745305519,5694400.0
1986-07-10,False,daily,67.12,67.25,66.0,67.25,525500.0,1.9329138911534178,1.936657615912803,1.900660262457175,1.936657615912803,8408000.0
1986-07-09,False,daily,66.75,67.38,66.12,66.88,532400.0,1.9222586745305519,1.9404013406721883,1.9041160083889153,1.926002399289937,8518400.0
1986-07-08,False,daily,66.75,67.12,65.5,66.25,701200.0,1.9222586745305519,1.9329138911534178,1.8862613210749235,1.9078597331483005,11219200.0
1986-07-07,False,daily,71.88,71.88,67.88,68.25,492300.0,2.06999181311245,2.06999181311245,1.9548002820544397,1.9654554986773058,7876800.0
1986-07-03,False,daily,72.88,72.88,71.5,71.88,183700.0,2.098789695876953,2.098789695876953,2.0590486176619396,2.06999181311245,2939200.0
1986-07-02,False,daily,72.25,72.88,72.0,72.88,511500.0,2.0806470297353163,2.098789695876953,2.0734475590441908,2.098789695876953,8184000.0
1986-07-01,False,daily,72.62,72.62,71.5,72.25,314700.0,2.0913022463581825,2.0913022463581825,2.0590486176619396,2.0806470297353163,5035200.0
1986-06-30,False,daily,72.75,73.75,72.62,72.62,286700.0,2.0950459711175675,2.1238438538820703,2.0913022463581825,2.0913022463581825,4587200.0
1986-06-27,False,daily,72.75,73.0,72.25,72.62,218700.0,2.0950459711175675,2.1022454418086935,2.0806470297353163,2.0913022463581825,3499200.0
1986-06-26,False,daily,73.25,73.25,72.12,72.75,446800.0,2.109444912499819,2.109444912499819,2.0769033049759313,2.0950459711175675,7148800.0
1986-06-25,False,daily,72.62,73.25,72.38,72.62,508700.0,2.0913022463581825,2.109444912499819,2.084390754494702,2.0913022463581825,8139200.0
1986-06-24,False,daily,71.25,72.38,70.75,72.25,555100.0,2.0518491469708136,2.084390754494702,2.0374502055885624,2.0806470297353163,8881600.0
1986-06-23,False,daily,70.5,71.88,70.5,71.0,402500.0,2.030250734897437,2.06999181311245,2.030250734897437,2.044649676279688,6440000.0
1986-06-20,False,daily,69.12,70.75,69.0,70.5,564700.0,1.9905096566824232,2.0374502055885624,1.9870539107506828,2.030250734897437,9035200.0
1986-06-19,False,daily,69.25,69.75,68.5,68.5,355400.0,1.9942533814418084,2.0086523228240596,1.9726549693684314,1.9726549693684314,5686400.0
1986-06-18,False,daily,69.5,70.0,68.62,69.88,351200.0,2.001452852132934,2.0158517935151856,1.976110715300172,2.012396047583445,5619200.0
1986-06-17,False,daily,70.25,70.5,69.0,69.5,265600.0,2.023051264206311,2.030250734897437,1.9870539107506828,2.001452852132934,4249600.0
1986-06-16,False,daily,70.5,70.62,69.62,70.0,303100.0,2.030250734897437,2.0337064808291774,2.0049085980646746,2.0158517935151856,4849600.0
1986-06-13,False,daily,68.38,70.62,68.38,70.25,421200.0,1.969199223436691,2.0337064808291774,1.969199223436691,2.023051264206311,6739200.0
1986-06-12,False,daily,68.0,68.75,67.88,68.12,325700.0,1.95825602798618,1.979854440059557,1.9548002820544397,1.9617117739179206,5211200.0
1986-06-11,False,daily,68.25,68.38,67.5,68.0,330100.0,1.9654554986773058,1.969199223436691,1.9438570866039289,1.95825602798618,5281600.0
1986-06-10,False,daily,68.88,69.25,67.38,68.0,503000.0,1.9835981648189422,1.9942533814418084,1.9404013406721883,1.95825602798618,8048000.0
1986-06-09,False,daily,71.0,71.0,69.25,69.38,470500.0,2.044649676279688,2.044649676279688,1.9942533814418084,1.9979971062011936,7528000.0
1986-06-06,False,daily,69.88,71.38,69.75,71.38,714900.0,2.012396047583445,2.055592871730199,2.0086523228240596,2.055592871730199,11438400.0
1986-06-05,False,daily,67.88,69.5,67.88,69.5,485400.0,1.9548002820544397,2.001452852132934,1.9548002820544397,2.001452852132934,7766400.0
1986-06-04,False,daily,67.25,68.38,67.12,67.88,619100.0,1.936657615912803,1.969199223436691,1.9329138911534178,1.9548002820544397,9905600.0
1986-06-03,False,daily,66.25,67.0,65.62,67.0,558600.0,1.9078597331483005,1.9294581452216775,1.8897170670066639,1.9294581452216775,8937600.0
1986-06-02,False,daily,68.12,68.12,66.38,66.5,277000.0,1.9617117739179206,1.9617117739179206,1.9116034579076857,1.915059203839426,4432000.0
1986-05-30,False,daily,69.88,69.88,68.38,68.38,296600.0,2.012396047583445,2.012396047583445,1.969199223436691,1.969199223436691,4745600.0
1986-05-29,False,daily,69.75,70.25,68.88,70.0,377500.0,2.0086523228240596,2.023051264206311,1.9835981648189422,2.0158517935151856,6040000.0
1986-05-28,False,daily,70.0,70.5,69.25,70.0,800100.0,2.0158517935151856,2.030250734897437,1.9942533814418084,2.0158517935151856,12801600.0
1986-05-27,False,daily,69.62,70.25,69.25,70.12,392800.0,2.0049085980646746,2.023051264206311,1.9942533814418084,2.0193075394469258,6284800.0
1986-05-23,False,daily,69.38,69.88,69.12,69.38,472700.0,1.9979971062011936,2.012396047583445,1.9905096566824232,1.9979971062011936,7563200.0
1986-05-22,False,daily,68.0,69.62,68.0,69.38,623700.0,1.9484268352456788,1.994845239261826,1.9484268352456788,1.987968438666841,9979200.0
1986-05-21,False,daily,66.38,68.38,66.38,67.5,680800.0,1.9020084312295316,1.9593151028544045,1.9020084312295316,1.9341001673394607,10892800.0
1986-05-20,False,daily,65.25,66.38,65.0,66.38,300100.0,1.8696301617614786,1.9020084312295316,1.8624668278083694,1.9020084312295316,4801600.0
1986-05-19,False,daily,65.38,66.0,65.12,65.5,254800.0,1.8733550954170952,1.891120163620806,1.865905228105862,1.8767934957145878,4076800.0
1986-05-16,False,daily,65.62,66.25,65.38,65.62,502600.0,1.8802318960120803,1.8982834975739151,1.8733550954170952,1.8802318960120803,8041600.0
1986-05-15,False,daily,66.5,66.75,65.62,65.75,407700.0,1.905446831527024,1.9126101654801333,1.8802318960120803,1.8839568296676967,6523200.0
1986-05-14,False,daily,64.5,66.75,64.5,66.75,541400.0,1.8481401599021512,1.9126101654801333,1.8481401599021512,1.9126101654801333,8662400.0
1986-05-13,False,daily,64.12,64.75,64.0,64.5,393500.0,1.8372518922934256,1.8553034938552604,1.833813491995933,1.8481401599021512,6296000.0
1986-05-12,False,daily,64.75,65.38,64.25,64.38,370500.0,1.8553034938552604,1.8733550954170952,1.8409768259490422,1.8447017596046587,5928000.0
1986-05-09,False,daily,64.88,65.5,64.75,64.88,425100.0,1.859028427510877,1.8767934957145878,1.8553034938552604,1.859028427510877,6801600.0
1986-05-08,False,daily,65.75,65.88,64.88,65.0,318600.0,1.8839568296676967,1.8876817633233134,1.859028427510877,1.8624668278083694,5097600.0
1986-05-07,False,daily,65.38,65.5,64.75,65.5,506200.0,1.8733550954170952,1.8767934957145878,1.8553034938552604,1.8767934957145878,8099200.0
1986-05-06,False,daily,65.88,65.88,65.0,65.62,422800.0,1.8876817633233134,1.8876817633233134,1.8624668278083694,1.8802318960120803,6764800.0
1986-05-05,False,daily,64.5,65.88,64.38,65.75,463400.0,1.8481401599021512,1.8876817633233134,1.8447017596046587,1.8839568296676967,7414400.0
1986-05-02,False,daily,64.75,65.5,64.25,64.75,575400.0,1.8553034938552604,1.8767934957145878,1.8409768259490422,1.8553034938552604,9206400.0
1986-05-01,False,daily,64.88,65.5,64.0,64.75,948800.0,1.859028427510877,1.8767934957145878,1.833813491995933,1.8553034938552604,15180800.0
1986-04-30,False,daily,67.0,67.5,65.38,65.88,484600.0,1.9197734994332425,1.9341001673394607,1.8733550954170952,1.8876817633233134,7753600.0
1986-04-29,False,daily,68.12,68.25,66.5,67.12,614900.0,1.9518652355431714,1.955590169198788,1.905446831527024,1.9232118997307348,9838400.0
1986-04-28,False,daily,68.5,68.75,67.88,68.25,453900.0,1.962753503151897,1.9699168371050062,1.9449884349481863,1.955590169198788,7262400.0
1986-04-25,False,daily,68.5,69.38,68.0,68.62,540400.0,1.962753503151897,1.987968438666841,1.9484268352456788,1.9661919034493895,8646400.0
1986-04-24,False,daily,66.62,68.88,66.12,68.25,963200.0,1.9088852318245166,1.9736417707606229,1.8945585639182985,1.955590169198788,15411200.0
1986-04-23,False,daily,66.75,67.0,65.75,66.62,694400.0,1.9126101654801333,1.9197734994332425,1.8839568296676967,1.9088852318245166,11110400.0
1986-04-22,False,daily,67.5,68.38,67.0,67.5,605400.0,1.9341001673394607,1.9593151028544045,1.9197734994332425,1.9341001673394607,9686400.0
1986-04-21,False,daily,65.88,66.75,65.0,66.75,534600.0,1.8876817633233134,1.9126101654801333,1.8624668278083694,1.9126101654801333,8553600.0
1986-04-18,False,daily,64.75,66.5,64.5,65.62,1220000.0,1.8553034938552604,1.905446831527024,1.8481401599021512,1.8802318960120803,19520000.0
1986-04-17,False,daily,63.25,65.38,63.12,64.5,1220000.0,1.8123234901366057,1.8733550954170952,1.8085985564809888,1.8481401599021512,19520000.0
1986-04-16,False,daily,61.75,63.0,61.62,62.62,1090000.0,1.769343486417951,1.8051601561834967,1.7656185527623343,1.7942718885747706,17440000.0
1986-04-15,False,daily,61.38,61.38,60.75,61.12,633400.0,1.7587417521673496,1.7587417521673496,1.7406901506055146,1.7512918848561159,10134400.0
1986-04-14,False,daily,62.25,62.38,61.5,61.5,667700.0,1.7836701543241693,1.787395087979786,1.762180152464842,1.762180152464842,10683200.0
1986-04-11,False,daily,63.5,63.5,61.38,62.0,1689000.0,1.8194868240897148,1.8194868240897148,1.7587417521673496,1.7765068203710601,27024000.0
1986-04-10,False,daily,60.0,62.0,59.75,61.38,2343000.0,1.7192001487461872,1.7765068203710601,1.712036814793078,1.7587417521673496,37488000.0
1986-04-09,False,daily,60.0,60.0,57.88,58.38,2288000.0,1.7192001487461872,1.7192001487461872,1.658455076823822,1.6727817447300402,36608000.0
1986-04-08,False,daily,55.0,56.12,54.75,55.62,792300.0,1.575933469684005,1.6080252057939337,1.5687701357308959,1.5936985378877155,12676800.0
1986-04-07,False,daily,53.25,54.25,52.88,53.88,467300.0,1.5257901320122411,1.5544434678246777,1.5151883977616398,1.5438417335740762,7476800.0
1986-04-04,False,daily,55.62,55.88,53.0,53.5,716400.0,1.5936985378877155,1.601148405198949,1.518626798059132,1.5329534659653503,11462400.0
1986-04-03,False,daily,56.62,56.62,55.25,55.88,549000.0,1.6223518737001519,1.6223518737001519,1.583096803637114,1.601148405198949,8784000.0
1986-04-02,False,daily,55.88,56.5,55.5,56.5,644100.0,1.601148405198949,1.6189134734026596,1.5902601375902232,1.6189134734026596,10305600.0
1986-04-01,False,daily,57.75,58.12,55.75,55.75,715700.0,1.654730143168205,1.6653318774188066,1.5974234715433322,1.5974234715433322,11451200.0
1986-03-31,False,daily,57.5,57.88,57.12,57.38,624500.0,1.6475668092150961,1.658455076823822,1.63667854160637,1.6441284089176038,9992000.0
1986-03-27,False,daily,58.0,58.5,57.25,57.25,979200.0,1.6618934771213143,1.6762201450275325,1.640403475261987,1.640403475261987,15667200.0
1986-03-26,False,daily,56.0,57.0,55.62,57.0,799000.0,1.6045868054964414,1.6332401413088777,1.5936985378877155,1.6332401413088777,12784000.0
1986-03-25,False,daily,55.12,56.12,54.88,56.0,1250000.0,1.5793718699814971,1.6080252057939337,1.5724950693865127,1.6045868054964414,20000000.0
1986-03-24,False,daily,54.75,55.25,54.62,55.12,744500.0,1.5687701357308959,1.583096803637114,1.565045202075279,1.5793718699814971,11912000.0
1986-03-21,False,daily,54.75,55.5,54.0,54.25,2223000.0,1.5687701357308959,1.5902601375902232,1.5472801338715685,1.5544434678246777,35568000.0
1986-03-20,False,daily,53.5,54.0,53.38,54.0,612600.0,1.5329534659653503,1.5472801338715685,1.529515065667858,1.5472801338715685,9801600.0
1986-03-19,False,daily,53.25,53.5,53.0,53.25,515000.0,1.5257901320122411,1.5329534659653503,1.518626798059132,1.5257901320122411,8240000.0
1986-03-18,False,daily,53.0,53.5,52.88,53.0,571500.0,1.518626798059132,1.5329534659653503,1.5151883977616398,1.518626798059132,9144000.0
1986-03-17,False,daily,53.5,54.0,52.75,53.38,562100.0,1.5329534659653503,1.5472801338715685,1.511463464106023,1.529515065667858,8993600.0
1986-03-14,False,daily,52.5,54.0,52.38,54.0,1140000.0,1.5043001301529138,1.5472801338715685,1.5008617298554214,1.5472801338715685,18240000.0
1986-03-13,False,daily,51.0,53.0,51.0,52.5,921900.0,1.4613201264342592,1.518626798059132,1.4613201264342592,1.5043001301529138,14750400.0
1986-03-12,False,daily,51.88,52.25,51.38,51.5,711500.0,1.4865350619492033,1.4971367961998048,1.472208394042985,1.4756467943404774,11384000.0
1986-03-11,False,daily,50.25,52.0,50.25,51.75,896600.0,1.4398301245749319,1.4899734622466956,1.4398301245749319,1.4828101282935864,14345600.0
1986-03-10,False,daily,49.5,50.5,49.5,50.25,753600.0,1.4183401227156045,1.4469934585280408,1.4183401227156045,1.4398301245749319,12057600.0
1986-03-07,False,daily,49.38,49.88,48.88,49.62,1000000.0,1.4149017224181122,1.4292283903243304,1.400575054511894,1.4217785230130968,16000000.0
1986-03-06,False,daily,49.5,49.62,48.75,49.12,573600.0,1.4183401227156045,1.4217785230130968,1.3968501208562771,1.4074518551068784,9177600.0
1986-03-05,False,daily,48.75,49.38,48.12,49.12,754900.0,1.3968501208562771,1.4149017224181122,1.378798519294442,1.4074518551068784,12078400.0
1986-03-04,False,daily,49.88,50.12,49.25,49.5,921900.0,1.4292283903243304,1.436105190919315,1.4111767887624953,1.4183401227156045,14750400.0
1986-03-03,False,daily,49.88,49.88,49.25,49.5,618800.0,1.4292283903243304,1.4292283903243304,1.4111767887624953,1.4183401227156045,9900800.0
1986-02-28,False,daily,50.5,50.5,49.5,49.75,1560000.0,1.4469934585280408,1.4469934585280408,1.4183401227156045,1.4255034566687135,24960000.0
1986-02-27,False,daily,49.0,49.75,48.5,49.5,1200000.0,1.404013454809386,1.4255034566687135,1.389686786903168,1.4183401227156045,19200000.0
1986-02-26,False,daily,48.75,48.88,47.88,48.5,1240000.0,1.3968501208562771,1.400575054511894,1.3719217186994574,1.389686786903168,19840000.0
1986-02-25,False,daily,50.0,50.0,49.0,49.38,909500.0,1.4326667906218227,1.4326667906218227,1.404013454809386,1.4149017224181122,14552000.0
1986-02-24,False,daily,49.75,50.0,48.62,49.75,1090000.0,1.4255034566687135,1.4326667906218227,1.3931251872006603,1.4255034566687135,17440000.0
1986-02-21,False,daily,48.38,49.25,48.0,49.0,2188000.0,1.3772512677709907,1.4020178780016803,1.3664336679001148,1.3949010359813672,35008000.0
1986-02-20,False,daily,47.88,49.25,47.75,48.12,1100000.0,1.3630175837303644,1.4020178780016803,1.3593168258798016,1.369849752069865,17600000.0
1986-02-19,False,daily,49.0,49.0,47.75,48.0,2133000.0,1.3949010359813672,1.3949010359813672,1.3593168258798016,1.3664336679001148,34128000.0
1986-02-18,False,daily,47.25,49.5,47.25,49.12,4779000.0,1.3450831418391753,1.4091347200219932,1.3450831418391753,1.3983171201511173,76464000.0
1986-02-14,False,daily,47.0,49.0,45.75,47.75,9042000.0,1.3379662998188624,1.3949010359813672,1.3023820897172969,1.3593168258798016,144672000.0
1986-02-13,False,daily,50.25,52.62,50.12,51.75,2016000.0,1.4304852460829327,1.4979529084355008,1.4267844882323697,1.4731862982048112,32256000.0
1986-02-12,False,daily,50.88,51.25,49.5,50.0,1567000.0,1.4484196879741216,1.458952614164185,1.4091347200219932,1.4233684040626196,25072000.0
1986-02-11,False,daily,48.75,51.0,48.0,50.62,4242000.0,1.387784193961054,1.451835772143872,1.3664336679001148,1.441018172272996,67872000.0
1986-02-10,False,daily,53.62,53.75,51.5,51.75,433500.0,1.5264202765167532,1.530121034367316,1.466069456184498,1.4731862982048112,6936000.0
1986-02-07,False,daily,54.0,54.38,53.0,53.5,871000.0,1.537237876387629,1.548055476258505,1.5087705083063767,1.5230041923470028,13936000.0
1986-02-06,False,daily,54.75,55.0,53.62,54.88,451700.0,1.5585884024485683,1.5657052444688815,1.5264202765167532,1.5622891602991313,7227200.0
1986-02-05,False,daily,54.0,54.88,53.88,54.5,400300.0,1.537237876387629,1.5622891602991313,1.533821792217879,1.5514715604282552,6404800.0
1986-02-04,False,daily,54.38,54.5,53.0,54.0,319900.0,1.548055476258505,1.5514715604282552,1.5087705083063767,1.537237876387629,5118400.0
1986-02-03,False,daily,53.75,54.5,53.38,54.25,486600.0,1.530121034367316,1.5514715604282552,1.5195881081772526,1.5443547184079423,7785600.0
1986-01-31,False,daily,53.0,54.0,52.88,53.75,343200.0,1.5087705083063767,1.537237876387629,1.5053544241366266,1.530121034367316,5491200.0
1986-01-30,False,daily,51.75,53.25,51.5,52.88,487800.0,1.4731862982048112,1.5158873503266899,1.466069456184498,1.5053544241366266,7804800.0
1986-01-29,False,daily,52.0,52.88,51.38,51.5,454700.0,1.4803031402251243,1.5053544241366266,1.4626533720147479,1.466069456184498,7275200.0
1986-01-28,False,daily,50.0,52.0,50.0,51.88,320300.0,1.4233684040626196,1.4803031402251243,1.4233684040626196,1.476887056055374,5124800.0
1986-01-27,False,daily,50.38,50.5,49.75,50.12,315900.0,1.4341860039334955,1.4376020881032456,1.4162515620423064,1.4267844882323697,5054400.0
1986-01-24,False,daily,50.5,50.62,49.25,50.0,619800.0,1.4376020881032456,1.441018172272996,1.4020178780016803,1.4233684040626196,9916800.0
1986-01-23,False,daily,49.5,50.5,49.38,50.38,289200.0,1.4091347200219932,1.4376020881032456,1.405718635852243,1.4341860039334955,4627200.0
1986-01-22,False,daily,50.5,50.88,49.75,49.75,228400.0,1.4376020881032456,1.4484196879741216,1.4162515620423064,1.4162515620423064,3654400.0
1986-01-21,False,daily,51.62,52.0,50.62,51.0,226900.0,1.4694855403542484,1.4803031402251243,1.441018172272996,1.451835772143872,3630400.0
1986-01-20,False,daily,50.75,51.62,50.5,51.5,380500.0,1.4447189301235588,1.4694855403542484,1.4376020881032456,1.466069456184498,6088000.0
1986-01-17,False,daily,51.0,51.38,50.25,50.62,542400.0,1.451835772143872,1.4626533720147479,1.4304852460829327,1.441018172272996,8678400.0
1986-01-16,False,daily,51.38,51.5,49.5,51.0,502800.0,1.4626533720147479,1.466069456184498,1.4091347200219932,1.451835772143872,8044800.0
1986-01-15,False,daily,51.75,51.75,51.12,51.12,398700.0,1.4731862982048112,1.4731862982048112,1.455251856313622,1.455251856313622,6379200.0
1986-01-14,False,daily,51.88,51.88,51.38,51.88,235000.0,1.476887056055374,1.476887056055374,1.4626533720147479,1.476887056055374,3760000.0
1986-01-13,False,daily,50.75,51.62,50.62,51.62,297500.0,1.4447189301235588,1.4694855403542484,1.441018172272996,1.4694855403542484,4760000.0
1986-01-10,False,daily,51.0,51.38,50.5,51.0,374800.0,1.451835772143872,1.4626533720147479,1.4376020881032456,1.451835772143872,5996800.0
1986-01-09,False,daily,51.0,51.62,49.88,50.75,797700.0,1.451835772143872,1.4694855403542484,1.4199523198928692,1.4447189301235588,12763200.0
1986-01-08,False,daily,53.0,53.0,51.5,51.62,396800.0,1.5087705083063767,1.5087705083063767,1.466069456184498,1.4694855403542484,6348800.0
1986-01-07,False,daily,52.12,52.88,52.0,52.75,459400.0,1.4837192243948745,1.5053544241366266,1.4803031402251243,1.5016536662860636,7350400.0
1986-01-06,False,daily,52.0,52.12,51.62,51.88,150200.0,1.4803031402251243,1.4837192243948745,1.4694855403542484,1.476887056055374,2403200.0
1986-01-03,False,daily,51.75,52.0,51.5,52.0,253200.0,1.4731862982048112,1.4803031402251243,1.466069456184498,1.4803031402251243,4051200.0
1986-01-02,False,daily,52.5,52.5,51.75,51.88,208200.0,1.4945368242657504,1.4945368242657504,1.4731862982048112,1.476887056055374,3331200.0
1987-12-31,False,daily,75.75,75.75,74.88,74.88,365000.0,2.235852652723074,2.235852652723074,2.210173552949225,2.210173552949225,5840000.0
1987-12-30,False,daily,75.62,77.5,75.62,76.75,420700.0,2.2320155458603153,2.2875060143371386,2.2320155458603153,2.265368859359682,6731200.0
1987-12-29,False,daily,77.12,77.5,76.62,76.62,197800.0,2.2762898558152274,2.2875060143371386,2.261531752496923,2.261531752496923,3164800.0
1987-12-28,False,daily,77.38,77.5,76.12,76.88,260200.0,2.2839640695407453,2.2875060143371386,2.246773649178619,2.269205966222441,4163200.0
1987-12-24,False,daily,79.75,79.75,78.75,79.38,132900.0,2.353917479269507,2.353917479269507,2.324401272632899,2.342996482813962,2126400.0
1987-12-23,False,daily,79.25,80.0,79.0,79.5,336100.0,2.339159375951203,2.361296530928659,2.3317803242920507,2.346538427610355,5377600.0
1987-12-22,False,daily,79.0,79.12,77.12,78.25,323400.0,2.3317803242920507,2.335322269088444,2.2762898558152274,2.3096431693145947,5174400.0
1987-12-21,False,daily,79.0,79.88,78.25,79.38,290100.0,2.3317803242920507,2.3577545861322657,2.3096431693145947,2.342996482813962,4641600.0
1987-12-18,False,daily,78.38,79.75,77.75,79.0,849900.0,2.3134802761773536,2.353917479269507,2.2948850659962905,2.3317803242920507,13598400.0
1987-12-17,False,daily,80.25,80.38,77.25,77.62,406500.0,2.368675582587811,2.37251268945057,2.2801269626779863,2.2910479591335315,6504000.0
1987-12-16,False,daily,78.75,80.0,77.25,79.88,463300.0,2.324401272632899,2.361296530928659,2.2801269626779863,2.3577545861322657,7412800.0
1987-12-15,False,daily,79.38,80.25,78.0,78.62,564000.0,2.342996482813962,2.368675582587811,2.3022641176554424,2.32056416577014,9024000.0
1987-12-14,False,daily,76.62,79.38,76.38,79.25,473400.0,2.261531752496923,2.342996482813962,2.254447862904137,2.339159375951203,7574400.0
1987-12-11,False,daily,76.5,77.0,75.25,76.12,342700.0,2.2579898077005303,2.2727479110188344,2.22109454940477,2.246773649178619,5483200.0
1987-12-10,False,daily,76.5,77.38,75.5,75.62,538600.0,2.2579898077005303,2.2839640695407453,2.228473601063922,2.2320155458603153,8617600.0
1987-12-09,False,daily,76.88,79.5,76.75,77.38,653600.0,2.269205966222441,2.346538427610355,2.265368859359682,2.2839640695407453,10457600.0
1987-12-08,False,daily,75.0,77.12,74.62,77.12,436300.0,2.2137154977456177,2.2762898558152274,2.202499339223707,2.2762898558152274,6980800.0
1987-12-07,False,daily,71.5,74.5,71.5,74.5,338200.0,2.110408774517489,2.1989573944273135,2.110408774517489,2.1989573944273135,5411200.0
1987-12-04,False,daily,71.62,72.5,70.0,70.88,669100.0,2.1139507193138822,2.1399249811540972,2.0661344645625768,2.0921087264027918,10705600.0
1987-12-03,False,daily,75.5,75.75,71.88,71.88,628800.0,2.228473601063922,2.235852652723074,2.1216249330394,2.1216249330394,10060800.0
1987-12-02,False,daily,75.25,76.75,74.5,75.88,431900.0,2.22109454940477,2.265368859359682,2.1989573944273135,2.239689759585833,6910400.0
1987-12-01,False,daily,73.75,75.25,73.38,74.25,495300.0,2.1768202394498575,2.22109454940477,2.1658992429943122,2.1915783427681617,7924800.0
1987-11-30,False,daily,75.0,75.0,70.88,73.0,669300.0,2.2137154977456177,2.2137154977456177,2.0921087264027918,2.1546830844724014,10708800.0
1987-11-27,False,daily,78.12,78.38,76.12,76.12,121900.0,2.3058060624518357,2.3134802761773536,2.246773649178619,2.246773649178619,1950400.0
1987-11-25,False,daily,79.75,79.75,78.25,78.38,259900.0,2.353917479269507,2.353917479269507,2.3096431693145947,2.3134802761773536,4158400.0
1987-11-24,False,daily,79.0,80.62,79.0,79.62,700200.0,2.3317803242920507,2.379596579043356,2.3317803242920507,2.350080372406748,11203200.0
1987-11-23,False,daily,77.75,78.75,77.38,78.75,334300.0,2.2948850659962905,2.324401272632899,2.2839640695407453,2.324401272632899,5348800.0
1987-11-20,False,daily,75.12,77.75,74.38,77.75,501100.0,2.217257442542011,2.2948850659962905,2.1954154496309206,2.2948850659962905,8017600.0
1987-11-19,False,daily,78.0,78.12,75.62,76.25,357300.0,2.3022641176554424,2.3058060624518357,2.2320155458603153,2.250610756041378,5716800.0
1987-11-18,False,daily,76.88,78.38,75.62,78.12,348200.0,2.269205966222441,2.3134802761773536,2.2320155458603153,2.3058060624518357,5571200.0
1987-11-17,False,daily,77.38,78.0,76.12,76.88,444200.0,2.2839640695407453,2.3022641176554424,2.246773649178619,2.269205966222441,7107200.0
1987-11-16,False,daily,76.75,78.38,76.75,78.0,408200.0,2.265368859359682,2.3134802761773536,2.265368859359682,2.3022641176554424,6531200.0
1987-11-13,False,daily,76.38,78.0,76.38,77.25,537300.0,2.2423735438220187,2.28993370539562,2.2423735438220187,2.2679151120745087,8596800.0
1987-11-12,False,daily,73.5,78.0,73.5,76.62,507200.0,2.1578221454689497,2.28993370539562,2.1578221454689497,2.249419493684775,8115200.0
1987-11-11,False,daily,74.0,74.38,73.38,73.5,343100.0,2.172501207683024,2.183657294965721,2.154299170537572,2.1578221454689497,5489600.0
1987-11-10,False,daily,71.5,75.0,70.75,72.25,630700.0,2.099105896612652,2.2018593321111735,2.07708730329154,2.121124489933764,10091200.0
1987-11-09,False,daily,76.25,76.25,72.88,73.12,609900.0,2.2385569876463594,2.2385569876463594,2.139620108323497,2.1466660581862533,9758400.0
1987-11-06,False,daily,79.5,80.25,76.25,76.25,378300.0,2.333970892037844,2.3559894853589554,2.2385569876463594,2.2385569876463594,6052800.0
1987-11-05,False,daily,77.5,79.88,77.25,79.5,498000.0,2.2752546431815457,2.3451269793205403,2.2679151120745087,2.333970892037844,7968000.0
1987-11-04,False,daily,77.25,78.75,76.75,77.75,352300.0,2.2679151120745087,2.311952298716732,2.253236049860434,2.282594174288583,5636800.0
1987-11-03,False,daily,77.5,78.5,76.5,77.75,657900.0,2.2752546431815457,2.3046127676096946,2.245896518753397,2.282594174288583,10526400.0
1987-11-02,False,daily,79.25,80.0,78.0,79.75,338800.0,2.3266313609308065,2.3486499542519184,2.28993370539562,2.341310423144881,5420800.0
1987-10-30,False,daily,81.75,82.0,79.0,80.0,816600.0,2.4000266720011787,2.407366203108216,2.319291829823769,2.3486499542519184,13065600.0
1987-10-29,False,daily,75.5,79.38,75.25,79.0,747700.0,2.216538394325248,2.330447917106466,2.2091988632182105,2.319291829823769,11963200.0
1987-10-28,False,daily,69.75,75.25,68.75,73.62,954500.0,2.047729178863391,2.2091988632182105,2.0183710544352422,2.161345120400328,15272000.0
1987-10-27,False,daily,70.0,71.0,68.12,71.0,647900.0,2.0550687099704286,2.0844268343985775,1.9998754360455084,2.0844268343985775,10366400.0
1987-10-26,False,daily,71.0,71.5,67.25,67.75,626000.0,2.0844268343985775,2.099105896612652,1.9743338677930187,1.9890129300070931,10016000.0
1987-10-23,False,daily,69.5,73.88,69.5,73.5,848000.0,2.040389647756354,2.1689782327516465,2.040389647756354,2.1578221454689497,13568000.0
1987-10-22,False,daily,65.0,72.38,64.5,72.38,1452100.0,1.9082780878296834,2.1249410461094227,1.893599025615609,2.1249410461094227,23233600.0
1987-10-21,False,daily,73.0,79.0,72.25,74.25,1559800.0,2.1431430832548752,2.319291829823769,2.121124489933764,2.1798407387900616,24956800.0
1987-10-20,False,daily,74.5,74.75,55.25,71.62,1976400.0,2.187180269897099,2.194519801004136,1.622036374655231,2.10262887154403,31622400.0
1987-10-19,False,daily,75.0,77.38,64.5,64.5,2112800.0,2.2018593321111735,2.2717316682501676,1.893599025615609,1.893599025615609,33804800.0
1987-10-16,False,daily,84.25,84.88,79.0,79.0,1623900.0,2.4734219830715514,2.491917601461285,2.319291829823769,2.319291829823769,25982400.0
1987-10-15,False,daily,84.5,86.38,84.12,84.25,1440000.0,2.480761514178589,2.5359547881035085,2.469605426895892,2.4734219830715514,23040000.0
1987-10-14,False,daily,89.75,89.88,86.5,86.5,1190000.0,2.6348916674263707,2.63870822360203,2.5394777630348866,2.5394777630348866,19040000.0
1987-10-13,False,daily,91.62,91.62,90.0,90.75,643400.0,2.6897913601070096,2.6897913601070096,2.642231198533408,2.6642497918545196,10294400.0
1987-10-12,False,daily,90.75,91.38,90.0,90.5,522500.0,2.6642497918545196,2.6827454102442534,2.642231198533408,2.6569102607474826,8360000.0
1987-10-09,False,daily,91.88,92.88,90.62,90.75,485500.0,2.697424472458328,2.7267825968864767,2.6604332356788603,2.6642497918545196,7768000.0
1987-10-08,False,daily,93.75,93.75,91.0,92.25,567000.0,2.7523241651389667,2.7523241651389667,2.671589322961557,2.7082869784967434,9072000.0
1987-10-07,False,daily,93.75,93.75,92.62,93.75,767900.0,2.7523241651389667,2.7523241651389667,2.7191494845351585,2.7523241651389667,12286400.0
1987-10-06,False,daily,98.62,99.0,94.62,94.75,709900.0,2.8952982311040523,2.9064543183867486,2.7778657333914563,2.7816822895671156,11358400.0
1987-10-05,False,daily,99.5,99.5,98.5,98.62,514900.0,2.921133380600823,2.921133380600823,2.891775256172674,2.8952982311040523,8238400.0
1987-10-02,False,daily,97.75,99.12,97.5,99.12,730500.0,2.8697566628515627,2.9099772933181267,2.8624171317445253,2.9099772933181267,11688000.0
1987-10-01,False,daily,96.0,97.62,95.75,97.5,581400.0,2.818379945102302,2.8659401066759034,2.8110404139952645,2.8624171317445253,9302400.0
1987-09-30,False,daily,94.75,95.5,94.0,95.5,586900.0,2.7816822895671156,2.8037008828882275,2.7596636962460037,2.8037008828882275,9390400.0
1987-09-29,False,daily,95.5,96.5,94.25,94.62,427300.0,2.8037008828882275,2.8330590073163764,2.767003227353041,2.7778657333914563,6836800.0
1987-09-28,False,daily,95.0,96.0,94.12,95.5,821100.0,2.789021820674153,2.818379945102302,2.763186671177382,2.8037008828882275,13137600.0
1987-09-25,False,daily,94.5,94.62,91.5,93.5,924300.0,2.774342758460078,2.7778657333914563,2.6862683851756315,2.7449846340319293,14788800.0
1987-09-24,False,daily,94.75,95.25,93.75,94.38,360200.0,2.7816822895671156,2.79636135178119,2.7523241651389667,2.7708197835287005,5763200.0
1987-09-23,False,daily,93.25,95.12,93.25,94.75,660200.0,2.7376451029248923,2.7925447956055307,2.7376451029248923,2.7816822895671156,10563200.0
1987-09-22,False,daily,90.25,93.38,89.75,92.88,851000.0,2.649570729640445,2.741461659100551,2.6348916674263707,2.7267825968864767,13616000.0
1987-09-21,False,daily,93.38,94.12,89.5,89.62,865000.0,2.741461659100551,2.763186671177382,2.6275521363193333,2.6310751112507114,13840000.0
1987-09-18,False,daily,92.88,94.12,92.75,92.88,1150000.0,2.7267825968864767,2.763186671177382,2.722966040710818,2.7267825968864767,18400000.0
1987-09-17,False,daily,93.0,93.12,92.25,92.5,700300.0,2.730305571817855,2.733828546749233,2.7082869784967434,2.7156265096037804,11204800.0
1987-09-16,False,daily,95.62,95.62,92.0,92.0,723900.0,2.807223857819605,2.807223857819605,2.700947447389706,2.700947447389706,11582400.0
1987-09-15,False,daily,96.5,96.5,95.38,95.88,246800.0,2.8330590073163764,2.8330590073163764,2.8001779079568494,2.814856970170924,3948800.0
1987-09-14,False,daily,97.0,97.0,96.0,96.62,304400.0,2.847738069530451,2.847738069530451,2.818379945102302,2.8365819822477545,4870400.0
1987-09-11,False,daily,95.0,97.38,94.88,96.0,656400.0,2.789021820674153,2.858894156813147,2.785498845742775,2.818379945102302,10502400.0
1987-09-10,False,daily,95.25,95.38,94.0,94.88,544500.0,2.79636135178119,2.8001779079568494,2.7596636962460037,2.785498845742775,8712000.0
1987-09-09,False,daily,94.12,94.88,93.25,94.0,451100.0,2.763186671177382,2.785498845742775,2.7376451029248923,2.7596636962460037,7217600.0
1987-09-08,False,daily,95.0,95.12,92.5,94.62,978400.0,2.789021820674153,2.7925447956055307,2.7156265096037804,2.7778657333914563,15654400.0
1987-09-04,False,daily,96.5,96.75,94.75,95.12,524800.0,2.8330590073163764,2.8403985384234134,2.7816822895671156,2.7925447956055307,8396800.0
1987-09-03,False,daily,97.5,97.5,94.38,95.62,625600.0,2.8624171317445253,2.8624171317445253,2.7708197835287005,2.807223857819605,10009600.0
1987-09-02,False,daily,96.0,96.5,94.38,96.5,794500.0,2.818379945102302,2.8330590073163764,2.7708197835287005,2.8330590073163764,12712000.0
1987-09-01,False,daily,100.0,100.5,95.5,96.12,538500.0,2.935812442814898,2.9504915050289724,2.8037008828882275,2.82190292003368,8616000.0
1987-08-31,False,daily,99.12,100.0,98.62,99.75,509000.0,2.9099772933181267,2.935812442814898,2.8952982311040523,2.9284729117078605,8144000.0
1987-08-28,False,daily,101.75,101.88,99.5,99.62,487100.0,2.9871891605641583,2.9910057167398176,2.921133380600823,2.924656355532201,7793600.0
1987-08-27,False,daily,102.88,103.62,101.75,101.75,289600.0,3.0203638411679665,3.042088853244797,2.9871891605641583,2.9871891605641583,4633600.0
1987-08-26,False,daily,104.88,104.88,103.62,103.75,386000.0,3.0790800900242647,3.0790800900242647,3.042088853244797,3.0459054094204565,6176000.0
1987-08-25,False,daily,103.38,105.38,103.38,104.62,485100.0,3.035042903382041,3.093759152238339,3.035042903382041,3.071446977672946,7761600.0
1987-08-24,False,daily,104.75,104.75,103.0,103.0,378200.0,3.0752635338486054,3.0752635338486054,3.0238868160993446,3.0238868160993446,6051200.0
1987-08-21,False,daily,103.88,104.75,103.25,104.25,863200.0,3.049721965596116,3.0752635338486054,3.031226347206382,3.060584471634531,13811200.0
1987-08-20,False,daily,102.5,104.0,102.0,104.0,602200.0,3.00920775388527,3.0532449405274935,2.9945286916711957,3.0532449405274935,9635200.0
1987-08-19,False,daily,101.38,102.0,100.75,101.5,455500.0,2.976326654525743,2.9945286916711957,2.9578310361360094,2.9798496294571213,7288000.0
1987-08-18,False,daily,101.5,101.62,99.5,101.5,583400.0,2.9798496294571213,2.9833726043884994,2.921133380600823,2.9798496294571213,9334400.0
1987-08-17,False,daily,101.62,101.75,100.62,101.62,365500.0,2.9833726043884994,2.9871891605641583,2.95401447996035,2.9833726043884994,5848000.0
1987-08-14,False,daily,100.75,101.75,100.12,100.5,619200.0,2.9578310361360094,2.9871891605641583,2.9393354177462756,2.9504915050289724,9907200.0
1987-08-13,False,daily,102.0,102.5,101.0,101.12,724100.0,2.9945286916711957,3.00920775388527,2.965170567243047,2.968693542174425,11585600.0
1987-08-12,False,daily,102.5,102.5,100.25,101.12,581000.0,3.00920775388527,3.00920775388527,2.943151973921935,2.968693542174425,9296000.0
1987-08-11,False,daily,100.25,102.88,99.75,102.5,824600.0,2.943151973921935,3.0203638411679665,2.9284729117078605,3.00920775388527,13193600.0
1987-08-10,False,daily,98.5,100.0,98.5,100.0,501900.0,2.891775256172674,2.935812442814898,2.891775256172674,2.935812442814898,8030400.0
1987-08-07,False,daily,98.0,99.38,97.88,98.75,635400.0,2.8770961939585997,2.9176104056694454,2.8735732190272216,2.8991147872797116,10166400.0
1987-08-06,False,daily,96.5,97.75,95.5,97.75,344100.0,2.8330590073163764,2.8697566628515627,2.8037008828882275,2.8697566628515627,5505600.0
1987-08-05,False,daily,94.75,97.12,94.75,96.5,508700.0,2.7816822895671156,2.851261044461829,2.7816822895671156,2.8330590073163764,8139200.0
1987-08-04,False,daily,93.5,94.25,92.5,94.25,415000.0,2.7449846340319293,2.767003227353041,2.7156265096037804,2.767003227353041,6640000.0
1987-08-03,False,daily,95.0,95.0,94.0,94.25,400400.0,2.789021820674153,2.789021820674153,2.7596636962460037,2.767003227353041,6406400.0
1987-07-31,False,daily,96.25,96.38,95.25,95.25,292100.0,2.825719476209339,2.8295360323849983,2.79636135178119,2.79636135178119,4673600.0
1987-07-30,False,daily,95.75,96.75,94.62,96.5,589300.0,2.8110404139952645,2.8403985384234134,2.7778657333914563,2.8330590073163764,9428800.0
1987-07-29,False,daily,93.38,95.75,93.12,95.25,471800.0,2.741461659100551,2.8110404139952645,2.733828546749233,2.79636135178119,7548800.0
1987-07-28,False,daily,93.88,93.88,93.12,93.12,332400.0,2.756140721314626,2.756140721314626,2.733828546749233,2.733828546749233,5318400.0
1987-07-27,False,daily,93.38,93.62,93.12,93.38,200600.0,2.741461659100551,2.7485076089633074,2.733828546749233,2.741461659100551,3209600.0
1987-07-24,False,daily,93.75,93.88,93.0,93.62,216800.0,2.7523241651389667,2.756140721314626,2.730305571817855,2.7485076089633074,3468800.0
1987-07-23,False,daily,94.75,94.88,93.0,94.0,276400.0,2.7816822895671156,2.785498845742775,2.730305571817855,2.7596636962460037,4422400.0
1987-07-22,False,daily,93.75,95.25,93.38,94.5,394500.0,2.7523241651389667,2.79636135178119,2.741461659100551,2.774342758460078,6312000.0
1987-07-21,False,daily,93.12,94.5,93.0,93.62,399100.0,2.733828546749233,2.774342758460078,2.730305571817855,2.7485076089633074,6385600.0
1987-07-20,False,daily,94.5,94.75,93.12,93.38,361400.0,2.774342758460078,2.7816822895671156,2.733828546749233,2.741461659100551,5782400.0
1987-07-17,False,daily,95.12,95.88,94.5,94.5,779100.0,2.7925447956055307,2.814856970170924,2.774342758460078,2.774342758460078,12465600.0
1987-07-16,False,daily,94.0,95.0,93.12,94.88,556200.0,2.7596636962460037,2.789021820674153,2.733828546749233,2.785498845742775,8899200.0
1987-07-15,False,daily,93.12,94.38,93.12,93.62,436400.0,2.733828546749233,2.7708197835287005,2.733828546749233,2.7485076089633074,6982400.0
1987-07-14,False,daily,92.88,94.25,92.0,94.25,564900.0,2.7267825968864767,2.767003227353041,2.700947447389706,2.767003227353041,9038400.0
1987-07-13,False,daily,93.12,93.12,91.75,92.88,574800.0,2.733828546749233,2.733828546749233,2.6936079162826685,2.7267825968864767,9196800.0
1987-07-10,False,daily,91.75,93.5,91.62,93.0,695500.0,2.6936079162826685,2.7449846340319293,2.6897913601070096,2.730305571817855,11128000.0
1987-07-09,False,daily,91.0,92.38,91.0,91.38,730200.0,2.671589322961557,2.7121035346724023,2.671589322961557,2.6827454102442534,11683200.0
1987-07-08,False,daily,90.5,91.5,90.25,91.5,450500.0,2.6569102607474826,2.6862683851756315,2.649570729640445,2.6862683851756315,7208000.0
1987-07-07,False,daily,89.38,91.5,89.12,90.75,595600.0,2.6240291613879556,2.6862683851756315,2.616396049036637,2.6642497918545196,9529600.0
1987-07-06,False,daily,91.12,91.12,89.12,89.12,458900.0,2.675112297892935,2.675112297892935,2.616396049036637,2.616396049036637,7342400.0
1987-07-02,False,daily,91.0,91.62,90.5,90.62,291800.0,2.671589322961557,2.6897913601070096,2.6569102607474826,2.6604332356788603,4668800.0
1987-07-01,False,daily,92.0,92.25,91.0,91.0,330700.0,2.700947447389706,2.7082869784967434,2.671589322961557,2.671589322961557,5291200.0
1987-06-30,False,daily,93.75,93.75,91.62,91.88,415500.0,2.7523241651389667,2.7523241651389667,2.6897913601070096,2.697424472458328,6648000.0
1987-06-29,False,daily,92.62,93.62,92.25,93.5,300400.0,2.7191494845351585,2.7485076089633074,2.7082869784967434,2.7449846340319293,4806400.0
1987-06-26,False,daily,92.62,93.38,92.5,92.62,250600.0,2.7191494845351585,2.741461659100551,2.7156265096037804,2.7191494845351585,4009600.0
1987-06-25,False,daily,92.75,93.62,92.62,93.5,508800.0,2.722966040710818,2.7485076089633074,2.7191494845351585,2.7449846340319293,8140800.0
1987-06-24,False,daily,93.75,94.25,92.25,92.62,213200.0,2.7523241651389667,2.767003227353041,2.7082869784967434,2.7191494845351585,3411200.0
1987-06-23,False,daily,95.25,95.25,93.25,94.5,478900.0,2.79636135178119,2.79636135178119,2.7376451029248923,2.774342758460078,7662400.0
1987-06-22,False,daily,94.0,94.5,93.62,94.5,485600.0,2.7596636962460037,2.774342758460078,2.7485076089633074,2.774342758460078,7769600.0
1987-06-19,False,daily,93.5,93.5,92.5,93.5,866700.0,2.7449846340319293,2.7449846340319293,2.7156265096037804,2.7449846340319293,13867200.0
1987-06-18,False,daily,91.25,94.0,91.12,93.25,551400.0,2.678928854068594,2.7596636962460037,2.675112297892935,2.7376451029248923,8822400.0
1987-06-17,False,daily,91.62,91.62,90.75,91.0,290300.0,2.6897913601070096,2.6897913601070096,2.6642497918545196,2.671589322961557,4644800.0
1987-06-16,False,daily,91.62,91.88,90.62,91.12,228300.0,2.6897913601070096,2.697424472458328,2.6604332356788603,2.675112297892935,3652800.0
1987-06-15,False,daily,91.88,91.88,90.12,91.38,296500.0,2.697424472458328,2.697424472458328,2.645754173464786,2.6827454102442534,4744000.0
1987-06-12,False,daily,89.88,91.38,89.62,91.38,435000.0,2.63870822360203,2.6827454102442534,2.6310751112507114,2.6827454102442534,6960000.0
1987-06-11,False,daily,89.5,89.5,88.5,89.0,266800.0,2.6275521363193333,2.6275521363193333,2.5981940118911844,2.612873074105259,4268800.0
1987-06-10,False,daily,89.88,90.38,87.75,88.25,472400.0,2.63870822360203,2.6533872858161045,2.576175418570073,2.5908544807841474,7558400.0
1987-06-09,False,daily,89.38,89.5,88.75,89.12,304300.0,2.6240291613879556,2.6275521363193333,2.605533542998222,2.616396049036637,4868800.0
1987-06-08,False,daily,87.88,89.62,87.25,89.25,258300.0,2.579991974745732,2.6310751112507114,2.5614963563559985,2.6202126052122963,4132800.0
1987-06-05,False,daily,89.0,89.0,87.75,87.75,323100.0,2.612873074105259,2.612873074105259,2.576175418570073,2.576175418570073,5169600.0
1987-06-04,False,daily,88.0,88.5,86.75,88.25,196800.0,2.58351494967711,2.5981940118911844,2.5468172941419236,2.5908544807841474,3148800.0
1987-06-03,False,daily,87.0,88.5,86.62,88.25,452500.0,2.554156825248961,2.5981940118911844,2.5430007379662647,2.5908544807841474,7240000.0
1987-06-02,False,daily,85.5,87.0,85.0,86.38,407900.0,2.5101196386067377,2.554156825248961,2.4954405763926633,2.5359547881035085,6526400.0
1987-06-01,False,daily,86.38,86.75,85.25,85.38,369000.0,2.5359547881035085,2.5468172941419236,2.5027801074997003,2.5065966636753596,5904000.0
1987-05-29,False,daily,86.0,86.38,85.38,86.0,406200.0,2.524798700820812,2.5359547881035085,2.5065966636753596,2.524798700820812,6499200.0
1987-05-28,False,daily,84.38,85.12,82.75,85.0,384200.0,2.4772385392472107,2.498963551324041,2.429384796429328,2.4954405763926633,6147200.0
1987-05-27,False,daily,84.5,85.25,84.25,84.38,440900.0,2.480761514178589,2.5027801074997003,2.4734219830715514,2.4772385392472107,7054400.0
1987-05-26,False,daily,85.0,85.0,84.12,84.62,452200.0,2.4954405763926633,2.4954405763926633,2.469605426895892,2.4842844891099665,7235200.0
1987-05-22,False,daily,83.0,83.62,82.62,83.0,279200.0,2.436724327536365,2.4549263646818176,2.4255682402536687,2.436724327536365,4467200.0
1987-05-21,False,daily,83.75,84.5,82.62,82.62,344300.0,2.4463637308939172,2.468271465797445,2.413356076972603,2.413356076972603,5508800.0
1987-05-20,False,daily,80.88,83.25,80.25,82.5,636400.0,2.3625301319964183,2.4317585742915657,2.3441276346774553,2.4098508393880382,10182400.0
1987-05-19,False,daily,83.38,83.88,80.75,80.75,674000.0,2.435555915008177,2.4501610716105287,2.358732791279807,2.358732791279807,10784000.0
1987-05-18,False,daily,82.5,83.38,80.75,82.75,703200.0,2.4098508393880382,2.435555915008177,2.358732791279807,2.4171534176892138,11251200.0
1987-05-15,False,daily,85.0,85.38,82.5,83.12,716300.0,2.4828766223997967,2.493976541417584,2.4098508393880382,2.4279612335749543,11460800.0
1987-05-14,False,daily,86.12,86.38,85.0,85.62,333100.0,2.5155921731890647,2.5231868546222875,2.4828766223997967,2.500987016586713,5329600.0
1987-05-13,False,daily,86.5,87.25,85.5,86.12,610900.0,2.526692092206852,2.5485998271103796,2.4974817790021486,2.5155921731890647,9774400.0
1987-05-12,False,daily,85.12,86.5,85.0,86.38,453800.0,2.4863818599843612,2.526692092206852,2.4828766223997967,2.5231868546222875,7260800.0
1987-05-11,False,daily,88.0,90.38,85.88,85.88,530300.0,2.5705075620139075,2.6400281074411014,2.5085816980199356,2.5085816980199356,8484800.0
1987-05-08,False,daily,88.0,88.12,86.25,87.12,318100.0,2.5705075620139075,2.5740127995984716,2.519389513905676,2.544802486393768,5089600.0
1987-05-07,False,daily,88.38,88.75,87.5,87.5,460300.0,2.5816074810316945,2.592415296917435,2.5559024054115556,2.5559024054115556,7364800.0
1987-05-06,False,daily,89.75,90.25,87.62,88.5,440700.0,2.6216256101221385,2.63623076672449,2.55940764299612,2.585112718616259,7051200.0
1987-05-05,False,daily,86.62,90.25,86.62,89.75,422000.0,2.5301973297914166,2.63623076672449,2.5301973297914166,2.6216256101221385,6752000.0
1987-05-04,False,daily,86.38,87.5,85.62,86.75,253200.0,2.5231868546222875,2.5559024054115556,2.500987016586713,2.533994670508028,4051200.0
1987-05-01,False,daily,86.75,87.5,85.62,86.12,431700.0,2.533994670508028,2.5559024054115556,2.500987016586713,2.5155921731890647,6907200.0
1987-04-30,False,daily,87.0,88.5,87.0,87.12,456100.0,2.5412972488092036,2.585112718616259,2.5412972488092036,2.544802486393768,7297600.0
1987-04-29,False,daily,88.5,89.25,86.88,87.25,623300.0,2.585112718616259,2.6070204535197865,2.537792011224639,2.5485998271103796,9972800.0
1987-04-28,False,daily,88.25,89.25,87.75,87.88,642900.0,2.577810140315083,2.6070204535197865,2.5632049837127315,2.567002324429343,10286400.0
1987-04-27,False,daily,86.12,87.75,85.0,87.25,854500.0,2.5155921731890647,2.5632049837127315,2.4828766223997967,2.5485998271103796,13672000.0
1987-04-24,False,daily,87.25,88.5,86.25,87.0,702100.0,2.5485998271103796,2.585112718616259,2.519389513905676,2.5412972488092036,11233600.0
1987-04-23,False,daily,88.0,89.25,86.38,88.0,737200.0,2.5705075620139075,2.6070204535197865,2.5231868546222875,2.5705075620139075,11795200.0
1987-04-22,False,daily,89.0,90.25,87.38,87.38,800000.0,2.599717875218611,2.63623076672449,2.552397167826991,2.552397167826991,12800000.0
1987-04-21,False,daily,85.25,89.25,84.88,88.5,641100.0,2.4901792007009727,2.6070204535197865,2.479371384815232,2.585112718616259,10257600.0
1987-04-20,False,daily,85.75,86.0,85.25,85.75,426200.0,2.5047843573033246,2.5120869356045,2.4901792007009727,2.5047843573033246,6819200.0
1987-04-16,False,daily,87.0,87.12,85.25,86.25,1010000.0,2.5412972488092036,2.544802486393768,2.4901792007009727,2.519389513905676,16160000.0
1987-04-15,False,daily,87.0,87.0,85.12,86.25,777700.0,2.5412972488092036,2.5412972488092036,2.4863818599843612,2.519389513905676,12443200.0
1987-04-14,False,daily,87.75,88.0,83.12,85.5,1140000.0,2.5632049837127315,2.5705075620139075,2.4279612335749543,2.4974817790021486,18240000.0
1987-04-13,False,daily,90.75,91.75,89.0,89.0,629000.0,2.650835923326842,2.6800462365315454,2.599717875218611,2.599717875218611,10064000.0
1987-04-10,False,daily,89.62,90.88,89.62,90.5,466900.0,2.617828269405527,2.6546332640434533,2.617828269405527,2.643533345025666,7470400.0
1987-04-09,False,daily,90.75,91.0,88.12,89.38,643600.0,2.650835923326842,2.658138501628018,2.5740127995984716,2.610817794236398,10297600.0
1987-04-08,False,daily,89.25,90.75,89.0,90.5,561800.0,2.6070204535197865,2.650835923326842,2.599717875218611,2.643533345025666,8988800.0
1987-04-07,False,daily,90.5,92.12,88.75,90.5,689000.0,2.643533345025666,2.690854052417286,2.592415296917435,2.643533345025666,11024000.0
1987-04-06,False,daily,90.5,91.5,90.12,91.12,429200.0,2.643533345025666,2.6727436582303694,2.632433426007879,2.6616437392125825,6867200.0
1987-04-03,False,daily,88.38,90.75,87.62,89.88,591000.0,2.5816074810316945,2.650835923326842,2.55940764299612,2.62542295083875,9456000.0
1987-04-02,False,daily,90.0,90.75,88.88,88.88,607700.0,2.6289281884233144,2.650835923326842,2.5962126376340464,2.5962126376340464,9723200.0
1987-04-01,False,daily,87.75,90.0,87.5,89.88,596200.0,2.5632049837127315,2.6289281884233144,2.5559024054115556,2.62542295083875,9539200.0
1987-03-31,False,daily,88.75,89.38,87.88,88.5,573600.0,2.592415296917435,2.610817794236398,2.567002324429343,2.585112718616259,9177600.0
1987-03-30,False,daily,87.0,88.5,85.88,87.88,1110000.0,2.5412972488092036,2.585112718616259,2.5085816980199356,2.567002324429343,17760000.0
1987-03-27,False,daily,92.0,92.0,89.5,89.75,758100.0,2.6873488148327214,2.6873488148327214,2.6143230318209625,2.6216256101221385,12129600.0
1987-03-26,False,daily,91.25,92.25,90.88,91.25,518100.0,2.6654410799291934,2.6946513931338973,2.6546332640434533,2.6654410799291934,8289600.0
1987-03-25,False,daily,91.75,92.38,90.75,90.75,473900.0,2.6800462365315454,2.6984487338505083,2.650835923326842,2.650835923326842,7582400.0
1987-03-24,False,daily,91.75,92.75,91.62,92.75,448400.0,2.6800462365315454,2.709256549736249,2.676248895814934,2.709256549736249,7174400.0
1987-03-23,False,daily,91.12,94.5,91.0,92.75,722800.0,2.6616437392125825,2.76037459784448,2.658138501628018,2.709256549736249,11564800.0
1987-03-20,False,daily,89.88,91.12,89.62,91.12,763700.0,2.62542295083875,2.6616437392125825,2.617828269405527,2.6616437392125825,12219200.0
1987-03-19,False,daily,89.25,90.25,89.25,90.0,419900.0,2.6070204535197865,2.63623076672449,2.6070204535197865,2.6289281884233144,6718400.0
1987-03-18,False,daily,91.25,91.25,88.88,89.88,565900.0,2.6654410799291934,2.6654410799291934,2.5962126376340464,2.62542295083875,9054400.0
1987-03-17,False,daily,88.88,90.75,88.88,90.62,324000.0,2.5962126376340464,2.650835923326842,2.5962126376340464,2.6470385826102305,5184000.0
1987-03-16,False,daily,89.62,89.62,88.5,88.88,286200.0,2.617828269405527,2.617828269405527,2.585112718616259,2.5962126376340464,4579200.0
1987-03-13,False,daily,90.0,90.25,89.25,89.88,398700.0,2.6289281884233144,2.63623076672449,2.6070204535197865,2.62542295083875,6379200.0
1987-03-12,False,daily,91.0,91.12,89.75,89.75,470800.0,2.658138501628018,2.6616437392125825,2.6216256101221385,2.6216256101221385,7532800.0
1987-03-11,False,daily,91.5,92.5,90.38,90.5,692700.0,2.6727436582303694,2.701953971435073,2.6400281074411014,2.643533345025666,11083200.0
1987-03-10,False,daily,88.25,90.62,88.12,90.25,660100.0,2.577810140315083,2.6470385826102305,2.5740127995984716,2.63623076672449,10561600.0
1987-03-09,False,daily,90.0,90.0,88.5,88.5,383400.0,2.6289281884233144,2.6289281884233144,2.585112718616259,2.585112718616259,6134400.0
1987-03-06,False,daily,90.75,90.75,89.25,90.25,460600.0,2.650835923326842,2.650835923326842,2.6070204535197865,2.63623076672449,7369600.0
1987-03-05,False,daily,92.38,92.75,90.75,91.0,827300.0,2.6984487338505083,2.709256549736249,2.650835923326842,2.658138501628018,13236800.0
1987-03-04,False,daily,88.25,91.5,88.25,91.38,970000.0,2.577810140315083,2.6727436582303694,2.577810140315083,2.669238420645805,15520000.0
1987-03-03,False,daily,85.88,87.88,85.5,87.5,650600.0,2.5085816980199356,2.567002324429343,2.4974817790021486,2.5559024054115556,10409600.0
1987-03-02,False,daily,87.0,87.25,85.38,85.88,536900.0,2.5412972488092036,2.5485998271103796,2.493976541417584,2.5085816980199356,8590400.0
1987-02-27,False,daily,85.25,86.25,85.12,86.25,357500.0,2.4901792007009727,2.519389513905676,2.4863818599843612,2.519389513905676,5720000.0
1987-02-26,False,daily,84.88,86.25,83.5,84.88,375900.0,2.479371384815232,2.519389513905676,2.4390611525927417,2.479371384815232,6014400.0
1987-02-25,False,daily,84.88,85.75,84.38,84.88,463100.0,2.479371384815232,2.5047843573033246,2.4647662282128806,2.479371384815232,7409600.0
1987-02-24,False,daily,83.0,84.88,83.0,84.88,479000.0,2.4244559959903897,2.479371384815232,2.4244559959903897,2.479371384815232,7664000.0
1987-02-23,False,daily,83.0,84.38,82.25,83.0,602500.0,2.4244559959903897,2.4647662282128806,2.4025482610868623,2.4244559959903897,9640000.0
1987-02-20,False,daily,85.5,85.62,84.5,84.5,660400.0,2.486994452995541,2.4904849715260613,2.4579067985745406,2.4579067985745406,10566400.0
1987-02-19,False,daily,87.0,87.5,85.25,85.62,627400.0,2.5306259346270417,2.545169761837542,2.479722539390291,2.4904849715260613,10038400.0
1987-02-18,False,daily,87.25,88.5,86.25,87.0,903900.0,2.5378978482322916,2.5742574162585425,2.5088101938112914,2.5306259346270417,14462400.0
1987-02-17,False,daily,82.62,86.25,82.25,86.25,637800.0,2.4032220082630595,2.5088101938112914,2.3924595761272895,2.5088101938112914,10204800.0
1987-02-13,False,daily,80.62,82.75,80.5,82.62,959200.0,2.345046699421059,2.4070034033377894,2.3415561808905387,2.4032220082630595,15347200.0
1987-02-12,False,daily,80.0,81.12,79.62,80.12,1060000.0,2.3270123536800384,2.359590526631559,2.3159590450000582,2.3305028722105585,16960000.0
1987-02-11,False,daily,77.25,80.0,77.12,80.0,1030000.0,2.247021304022287,2.3270123536800384,2.243239908947557,2.3270123536800384,16480000.0
1987-02-10,False,daily,77.5,77.5,75.88,77.0,543100.0,2.254293217627537,2.254293217627537,2.207171217465516,2.2397493904170367,8689600.0
1987-02-09,False,daily,78.38,78.75,77.38,77.75,312100.0,2.2798903535180175,2.2906527856537875,2.250802699097017,2.2615651312327874,4993600.0
1987-02-06,False,daily,79.0,79.25,78.25,78.62,542700.0,2.297924699259038,2.305196612864288,2.2761089584432876,2.2868713905790576,8683200.0
1987-02-05,False,daily,78.5,79.62,78.25,78.88,637500.0,2.2833808720485376,2.3159590450000582,2.2761089584432876,2.294434180728518,10200000.0
1987-02-04,False,daily,77.0,78.38,76.75,78.38,757800.0,2.2397493904170367,2.2798903535180175,2.2324774768117868,2.2798903535180175,12124800.0
1987-02-03,False,daily,76.38,77.25,75.75,77.0,671600.0,2.2217150446760163,2.247021304022287,2.203389822390786,2.2397493904170367,10745600.0
1987-02-02,False,daily,75.38,76.38,74.75,76.12,478800.0,2.1926273902550157,2.2217150446760163,2.1743021679697856,2.2141522545265566,7660800.0
1987-01-30,False,daily,76.62,77.0,75.0,75.62,670100.0,2.228696081737057,2.2397493904170367,2.181574081575036,2.1996084273160563,10721600.0
1987-01-29,False,daily,77.5,78.38,76.25,76.38,544800.0,2.254293217627537,2.2798903535180175,2.2179336496012865,2.2217150446760163,8716800.0
1987-01-28,False,daily,78.0,78.0,77.12,77.62,679900.0,2.2688370448380373,2.2688370448380373,2.243239908947557,2.257783736158057,10878400.0
1987-01-27,False,daily,75.62,78.12,75.62,77.62,792600.0,2.1996084273160563,2.2723275633685573,2.1996084273160563,2.257783736158057,12681600.0
1987-01-26,False,daily,75.25,76.0,74.62,75.25,1120000.0,2.188845995180286,2.2106617359960365,2.1705207728950557,2.188845995180286,17920000.0
1987-01-23,False,daily,76.5,78.88,74.5,75.0,1560000.0,2.2252055632065364,2.294434180728518,2.1670302543645357,2.181574081575036,24960000.0
1987-01-22,False,daily,73.0,75.0,73.0,75.0,920500.0,2.123398772733035,2.181574081575036,2.123398772733035,2.181574081575036,14728000.0
1987-01-21,False,daily,72.5,74.62,72.5,73.5,620200.0,2.1088549455225345,2.1705207728950557,2.1088549455225345,2.137942599943535,9923200.0
1987-01-20,False,daily,75.0,75.25,73.0,73.5,606600.0,2.181574081575036,2.188845995180286,2.123398772733035,2.137942599943535,9705600.0
1987-01-19,False,daily,73.0,75.0,72.0,75.0,664200.0,2.123398772733035,2.181574081575036,2.0943111183120346,2.181574081575036,10627200.0
1987-01-16,False,daily,72.75,73.38,71.88,72.75,1120000.0,2.116126859127785,2.134452081413015,2.090820599781514,2.116126859127785,17920000.0
1987-01-15,False,daily,70.25,72.38,70.25,71.5,1040000.0,2.0434077230752834,2.1053644269920144,2.0434077230752834,2.0797672911015344,16640000.0
1987-01-14,False,daily,68.38,70.38,68.25,70.0,626600.0,1.9890138093080125,2.0471891181500137,1.9852324142332827,2.0361358094700335,10025600.0
1987-01-13,False,daily,68.5,69.0,67.75,68.5,421200.0,1.9925043278385328,2.007048155049033,1.9706885870227824,1.9925043278385328,6739200.0
1987-01-12,False,daily,69.0,69.38,68.75,68.88,553100.0,2.007048155049033,2.018101463729013,1.999776241443783,2.003557636518513,8849600.0
1987-01-09,False,daily,69.25,70.25,68.75,69.5,931700.0,2.0143200686542833,2.0434077230752834,1.999776241443783,2.021591982259533,14907200.0
1987-01-08,False,daily,69.62,69.75,68.5,68.88,836800.0,2.0250825007900533,2.0288638958647836,1.9925043278385328,2.003557636518513,13388800.0
1987-01-07,False,daily,69.38,70.12,69.12,69.62,431600.0,2.018101463729013,2.0396263280005535,2.0105386735795534,2.0250825007900533,6905600.0
1987-01-06,False,daily,69.88,70.38,69.5,69.62,619800.0,2.0326452909395134,2.0471891181500137,2.021591982259533,2.0250825007900533,9916800.0
1987-01-05,False,daily,68.25,69.88,67.88,69.88,566000.0,1.9852324142332827,2.0326452909395134,1.9744699820975125,2.0326452909395134,9056000.0
1987-01-02,False,daily,65.62,67.75,65.62,67.38,254600.0,1.9087318831060516,1.9706885870227824,1.9087318831060516,1.9599261548870122,4073600.0
1988-12-30,False,daily,86.12,86.38,85.12,85.12,149500.0,2.6054908915591732,2.6133569811063793,2.5752367009929964,2.5752367009929964,2392000.0
1988-12-29,False,daily,85.0,85.88,84.75,85.88,191600.0,2.5716061981250546,2.5982298858232906,2.5640426504835108,2.5982298858232906,3065600.0
1988-12-28,False,daily,85.12,85.25,84.25,84.75,136500.0,2.5752367009929964,2.579169745766599,2.548915555200422,2.5640426504835108,2184000.0
1988-12-27,False,daily,85.0,85.25,84.62,84.62,76700.0,2.5716061981250546,2.579169745766599,2.5601096057099078,2.5601096057099078,1227200.0
1988-12-23,False,daily,85.0,85.38,85.0,85.25,68800.0,2.5716061981250546,2.583102790540202,2.5716061981250546,2.579169745766599,1100800.0
1988-12-22,False,daily,85.5,85.62,84.62,84.88,199700.0,2.5867332934081433,2.5903637962760846,2.5601096057099078,2.5679756952571133,3195200.0
1988-12-21,False,daily,85.88,86.12,85.0,85.25,390500.0,2.5982298858232906,2.6054908915591732,2.5716061981250546,2.579169745766599,6248000.0
1988-12-20,False,daily,87.25,87.5,85.62,85.62,240200.0,2.6396781268989535,2.647241674540498,2.5903637962760846,2.5903637962760846,3843200.0
1988-12-19,False,daily,85.5,87.0,85.5,87.0,336400.0,2.5867332934081433,2.632114579257409,2.5867332934081433,2.632114579257409,5382400.0
1988-12-16,False,daily,85.38,85.75,85.0,85.75,573700.0,2.583102790540202,2.5942968410496876,2.5716061981250546,2.5942968410496876,9179200.0
1988-12-15,False,daily,85.0,85.25,84.62,85.12,205900.0,2.5716061981250546,2.579169745766599,2.5601096057099078,2.5752367009929964,3294400.0
1988-12-14,False,daily,85.25,85.38,84.62,85.0,411600.0,2.579169745766599,2.583102790540202,2.5601096057099078,2.5716061981250546,6585600.0
1988-12-13,False,daily,85.25,85.62,85.0,85.62,213400.0,2.579169745766599,2.5903637962760846,2.5716061981250546,2.5903637962760846,3414400.0
1988-12-12,False,daily,87.0,87.0,85.75,85.75,216500.0,2.632114579257409,2.632114579257409,2.5942968410496876,2.5942968410496876,3464000.0
1988-12-09,False,daily,86.38,87.25,86.12,87.0,187200.0,2.6133569811063793,2.6396781268989535,2.6054908915591732,2.632114579257409,2995200.0
1988-12-08,False,daily,87.25,87.25,86.38,86.5,143200.0,2.6396781268989535,2.6396781268989535,2.6133569811063793,2.6169874839743206,2291200.0
1988-12-07,False,daily,87.0,87.38,86.88,87.25,418200.0,2.632114579257409,2.643611171672556,2.628484076389468,2.6396781268989535,6691200.0
1988-12-06,False,daily,85.5,86.75,85.0,86.62,383300.0,2.5867332934081433,2.624551031615865,2.5716061981250546,2.620617986842262,6132800.0
1988-12-05,False,daily,84.88,86.75,84.75,85.5,340300.0,2.5679756952571133,2.624551031615865,2.5640426504835108,2.5867332934081433,5444800.0
1988-12-02,False,daily,84.75,84.88,84.38,84.75,401200.0,2.5640426504835108,2.5679756952571133,2.5528485999740247,2.5640426504835108,6419200.0
1988-12-01,False,daily,86.0,86.12,85.25,85.25,181100.0,2.601860388691232,2.6054908915591732,2.579169745766599,2.579169745766599,2897600.0
1988-11-30,False,daily,85.5,86.38,85.12,86.0,406200.0,2.5867332934081433,2.6133569811063793,2.5752367009929964,2.601860388691232,6499200.0
1988-11-29,False,daily,84.0,86.12,83.88,85.75,424700.0,2.541352007558878,2.6054908915591732,2.5377215046909365,2.5942968410496876,6795200.0
1988-11-28,False,daily,83.12,84.5,83.0,84.0,387300.0,2.514728319860642,2.5564791028419664,2.5110978169927005,2.541352007558878,6196800.0
1988-11-25,False,daily,83.75,83.75,82.75,82.75,173500.0,2.5337884599173335,2.5337884599173335,2.503534269351156,2.503534269351156,2776000.0
1988-11-23,False,daily,84.38,84.88,84.38,84.38,154900.0,2.5528485999740247,2.5679756952571133,2.5528485999740247,2.5528485999740247,2478400.0
1988-11-22,False,daily,83.5,84.5,83.38,84.38,282400.0,2.526224912275789,2.5564791028419664,2.522594409407848,2.5528485999740247,4518400.0
1988-11-21,False,daily,83.0,83.88,82.38,83.62,307200.0,2.5110978169927005,2.5377215046909365,2.4923402188416706,2.5298554151437305,4915200.0
1988-11-18,False,daily,82.5,83.5,82.25,83.25,429200.0,2.495970721709612,2.526224912275789,2.488407174068068,2.518661364634245,6867200.0
1988-11-17,False,daily,81.62,82.25,81.38,82.25,375200.0,2.4693470340113763,2.488407174068068,2.4620860282754937,2.488407174068068,6003200.0
1988-11-16,False,daily,82.62,83.25,80.62,80.88,685200.0,2.4996012245775536,2.518661364634245,2.439092843445199,2.446958932992405,10963200.0
1988-11-15,False,daily,83.38,83.88,83.0,83.12,215000.0,2.5070955496793657,2.5221297038511055,2.4956695925088432,2.499277789510061,3440000.0
1988-11-14,False,daily,84.5,84.62,82.88,83.62,382400.0,2.540772055024063,2.544380252025281,2.4920613955076254,2.514311943681801,6118400.0
1988-11-11,False,daily,85.5,85.75,84.38,84.38,560000.0,2.570840363367543,2.5783574404534133,2.5371638580228453,2.5371638580228453,8960000.0
1988-11-10,False,daily,85.88,86.38,85.88,86.12,174700.0,2.5822663205380656,2.5973004747098054,2.5822663205380656,2.589482714540501,2795200.0
1988-11-09,False,daily,86.12,86.62,85.88,86.12,410000.0,2.589482714540501,2.604516868712241,2.5822663205380656,2.589482714540501,6560000.0
1988-11-08,False,daily,86.25,86.88,86.25,86.5,198000.0,2.593391594625153,2.6123346288815457,2.593391594625153,2.6009086717110232,3168000.0
1988-11-07,False,daily,86.0,86.25,85.75,85.88,448000.0,2.5858745175392834,2.593391594625153,2.5783574404534133,2.5822663205380656,7168000.0
1988-11-04,False,daily,86.75,87.62,86.62,86.62,270200.0,2.6084257487968934,2.634585177055721,2.604516868712241,2.604516868712241,4323200.0
1988-11-03,False,daily,87.75,88.0,87.0,87.12,211700.0,2.6384940571403734,2.646011134226243,2.6159428258827635,2.619551022883981,3387200.0
1988-11-02,False,daily,87.12,87.5,86.75,87.5,348000.0,2.619551022883981,2.6309769800545033,2.6084257487968934,2.6309769800545033,5568000.0
1988-11-01,False,daily,87.0,87.62,86.88,87.25,279400.0,2.6159428258827635,2.634585177055721,2.6123346288815457,2.623459902968633,4470400.0
1988-10-31,False,daily,87.0,87.5,86.75,87.0,256100.0,2.6159428258827635,2.6309769800545033,2.6084257487968934,2.6159428258827635,4097600.0
1988-10-28,False,daily,86.25,87.12,86.25,87.0,350000.0,2.593391594625153,2.619551022883981,2.593391594625153,2.6159428258827635,5600000.0
1988-10-27,False,daily,87.0,87.0,86.0,86.38,342600.0,2.6159428258827635,2.6159428258827635,2.5858745175392834,2.5973004747098054,5481600.0
1988-10-26,False,daily,87.75,87.88,86.62,87.38,254900.0,2.6384940571403734,2.6424029372250257,2.604516868712241,2.6273687830532855,4078400.0
1988-10-25,False,daily,87.0,87.62,86.88,87.5,152600.0,2.6159428258827635,2.634585177055721,2.6123346288815457,2.6309769800545033,2441600.0
1988-10-24,False,daily,88.12,88.12,87.0,87.0,169700.0,2.649619331227461,2.649619331227461,2.6159428258827635,2.6159428258827635,2715200.0
1988-10-21,False,daily,87.75,88.12,87.25,88.12,691600.0,2.6384940571403734,2.649619331227461,2.623459902968633,2.649619331227461,11065600.0
1988-10-20,False,daily,86.25,88.0,86.25,88.0,557200.0,2.593391594625153,2.646011134226243,2.593391594625153,2.646011134226243,8915200.0
1988-10-19,False,daily,87.0,87.0,85.75,86.38,409200.0,2.6159428258827635,2.6159428258827635,2.5783574404534133,2.5973004747098054,6547200.0
1988-10-18,False,daily,86.5,86.88,86.38,86.62,386700.0,2.6009086717110232,2.6123346288815457,2.5973004747098054,2.604516868712241,6187200.0
1988-10-17,False,daily,86.38,86.75,86.12,86.38,212200.0,2.5973004747098054,2.6084257487968934,2.589482714540501,2.5973004747098054,3395200.0
1988-10-14,False,daily,86.5,87.0,86.12,86.25,276300.0,2.6009086717110232,2.6159428258827635,2.589482714540501,2.593391594625153,4420800.0
1988-10-13,False,daily,84.62,86.12,84.5,86.0,297700.0,2.544380252025281,2.589482714540501,2.540772055024063,2.5858745175392834,4763200.0
1988-10-12,False,daily,85.5,85.75,84.25,85.0,422200.0,2.570840363367543,2.5783574404534133,2.533254977938193,2.5558062091958034,6755200.0
1988-10-11,False,daily,86.88,86.88,86.12,86.62,296000.0,2.6123346288815457,2.6123346288815457,2.589482714540501,2.604516868712241,4736000.0
1988-10-10,False,daily,87.38,87.62,87.12,87.38,285400.0,2.6273687830532855,2.634585177055721,2.619551022883981,2.6273687830532855,4566400.0
1988-10-07,False,daily,86.12,87.38,85.62,87.25,462000.0,2.589482714540501,2.6273687830532855,2.574448560368761,2.623459902968633,7392000.0
1988-10-06,False,daily,85.88,86.12,85.75,85.88,157600.0,2.5822663205380656,2.589482714540501,2.5783574404534133,2.5822663205380656,2521600.0
1988-10-05,False,daily,85.62,86.38,85.62,85.88,356900.0,2.574448560368761,2.5973004747098054,2.574448560368761,2.5822663205380656,5710400.0
1988-10-04,False,daily,86.12,86.38,85.62,85.62,203400.0,2.589482714540501,2.5973004747098054,2.574448560368761,2.574448560368761,3254400.0
1988-10-03,False,daily,85.75,86.38,85.62,86.12,282900.0,2.5783574404534133,2.5973004747098054,2.574448560368761,2.589482714540501,4526400.0
1988-09-30,False,daily,85.5,86.75,85.5,85.88,330800.0,2.570840363367543,2.6084257487968934,2.570840363367543,2.5822663205380656,5292800.0
1988-09-29,False,daily,85.12,86.0,85.0,85.88,309500.0,2.5594144061970208,2.5858745175392834,2.5558062091958034,2.5822663205380656,4952000.0
1988-09-28,False,daily,84.75,85.38,84.5,85.38,252000.0,2.5482891321099332,2.5672321663663253,2.540772055024063,2.5672321663663253,4032000.0
1988-09-27,False,daily,84.75,85.12,84.62,85.0,200300.0,2.5482891321099332,2.5594144061970208,2.544380252025281,2.5558062091958034,3204800.0
1988-09-26,False,daily,85.0,85.0,84.5,84.88,134800.0,2.5558062091958034,2.5558062091958034,2.540772055024063,2.5521980121945855,2156800.0
1988-09-23,False,daily,84.5,85.12,84.25,85.12,314200.0,2.540772055024063,2.5594144061970208,2.533254977938193,2.5594144061970208,5027200.0
1988-09-22,False,daily,85.38,85.38,84.38,84.62,237400.0,2.5672321663663253,2.5672321663663253,2.5371638580228453,2.544380252025281,3798400.0
1988-09-21,False,daily,84.75,85.62,84.62,85.25,303500.0,2.5482891321099332,2.574448560368761,2.544380252025281,2.563323286281673,4856000.0
1988-09-20,False,daily,84.38,84.88,84.25,84.62,141400.0,2.5371638580228453,2.5521980121945855,2.533254977938193,2.544380252025281,2262400.0
1988-09-19,False,daily,84.62,84.62,83.62,84.25,256800.0,2.544380252025281,2.544380252025281,2.514311943681801,2.533254977938193,4108800.0
1988-09-16,False,daily,84.12,85.5,84.12,84.75,863100.0,2.529346097853541,2.570840363367543,2.529346097853541,2.5482891321099332,13809600.0
1988-09-15,False,daily,84.88,85.38,84.25,84.38,368600.0,2.5521980121945855,2.5672321663663253,2.533254977938193,2.5371638580228453,5897600.0
1988-09-14,False,daily,83.75,84.88,83.62,84.88,659300.0,2.518220823766453,2.5521980121945855,2.514311943681801,2.5521980121945855,10548800.0
1988-09-13,False,daily,83.5,83.75,83.12,83.5,442300.0,2.510703746680583,2.518220823766453,2.499277789510061,2.510703746680583,7076800.0
1988-09-12,False,daily,84.38,84.38,83.5,83.88,325600.0,2.5371638580228453,2.5371638580228453,2.510703746680583,2.5221297038511055,5209600.0
1988-09-09,False,daily,84.25,84.88,83.5,84.0,307500.0,2.533254977938193,2.5521980121945855,2.510703746680583,2.5257379008523233,4920000.0
1988-09-08,False,daily,84.12,84.75,83.75,84.5,425500.0,2.529346097853541,2.5482891321099332,2.518220823766453,2.540772055024063,6808000.0
1988-09-07,False,daily,84.25,85.25,84.0,84.38,631300.0,2.533254977938193,2.563323286281673,2.5257379008523233,2.5371638580228453,10100800.0
1988-09-06,False,daily,82.25,83.25,82.25,83.25,524600.0,2.4731183612512333,2.5031866695947134,2.4731183612512333,2.5031866695947134,8393600.0
1988-09-02,False,daily,81.5,82.5,81.12,82.0,408000.0,2.450567129993623,2.480635438337103,2.439141172823101,2.465601284165363,6528000.0
1988-09-01,False,daily,80.62,80.75,79.75,80.5,309800.0,2.4241070186513607,2.428015898736013,2.397947590392533,2.420498821650143,4956800.0
1988-08-31,False,daily,81.0,81.25,80.62,81.0,180900.0,2.435532975821883,2.4430500529077532,2.4241070186513607,2.435532975821883,2894400.0
1988-08-30,False,daily,81.12,81.25,80.62,80.75,186100.0,2.439141172823101,2.4430500529077532,2.4241070186513607,2.428015898736013,2977600.0
1988-08-29,False,daily,81.0,81.5,81.0,81.25,270100.0,2.435532975821883,2.450567129993623,2.435532975821883,2.4430500529077532,4321600.0
1988-08-26,False,daily,81.5,81.75,80.88,80.88,178700.0,2.450567129993623,2.458084207079493,2.4319247788206653,2.4319247788206653,2859200.0
1988-08-25,False,daily,80.5,81.88,80.5,81.75,301700.0,2.420498821650143,2.4619930871641453,2.420498821650143,2.458084207079493,4827200.0
1988-08-24,False,daily,79.75,81.38,79.75,81.38,353700.0,2.397947590392533,2.4469589329924055,2.397947590392533,2.4469589329924055,5659200.0
1988-08-23,False,daily,79.88,80.25,79.25,80.0,285500.0,2.401856470477185,2.412981744564273,2.382913436220793,2.405464667478403,4568000.0
1988-08-22,False,daily,79.88,80.0,79.12,79.5,354700.0,2.401856470477185,2.405464667478403,2.379004556136141,2.3904305133066632,5675200.0
1988-08-19,False,daily,81.25,81.62,79.5,80.0,444500.0,2.4430500529077532,2.4541753269948408,2.3904305133066632,2.405464667478403,7112000.0
1988-08-18,False,daily,80.25,81.0,80.0,80.88,284200.0,2.412981744564273,2.435532975821883,2.405464667478403,2.4319247788206653,4547200.0
1988-08-17,False,daily,79.5,80.5,79.5,80.5,335800.0,2.3904305133066632,2.420498821650143,2.3904305133066632,2.420498821650143,5372800.0
1988-08-16,False,daily,78.75,80.75,78.75,79.75,514200.0,2.3532627432709727,2.41302814627468,2.3532627432709727,2.3831454447728264,8227200.0
1988-08-15,False,daily,79.62,80.38,79.5,79.5,211100.0,2.3792606935775855,2.401971546718994,2.3756747693973628,2.3756747693973628,3377600.0
1988-08-12,False,daily,79.38,80.12,79.38,79.75,218800.0,2.3720888452171405,2.3942020443285124,2.3720888452171405,2.3831454447728264,3500800.0
1988-08-11,False,daily,79.75,80.0,79.25,79.75,265000.0,2.3831454447728264,2.3906161201482896,2.3682040940218996,2.3831454447728264,4240000.0
1988-08-10,False,daily,80.5,80.75,79.62,79.62,486300.0,2.4055574708992165,2.41302814627468,2.3792606935775855,2.3792606935775855,7780800.0
1988-08-09,False,daily,81.12,81.12,79.62,80.5,433100.0,2.424084745830366,2.424084745830366,2.3792606935775855,2.4055574708992165,6929600.0
1988-08-08,False,daily,80.62,82.12,80.62,81.12,382900.0,2.409143395079439,2.4539674473322197,2.409143395079439,2.424084745830366,6126400.0
1988-08-05,False,daily,80.5,80.75,80.25,80.75,132200.0,2.4055574708992165,2.41302814627468,2.3980867955237533,2.41302814627468,2115200.0
1988-08-04,False,daily,82.25,82.38,80.75,80.75,362500.0,2.4578521985274606,2.461736949722701,2.41302814627468,2.41302814627468,5800000.0
1988-08-03,False,daily,80.88,82.12,80.75,81.88,588800.0,2.416912897469921,2.4539674473322197,2.41302814627468,2.4467955989717742,9420800.0
1988-08-02,False,daily,81.12,81.25,80.25,80.75,367400.0,2.424084745830366,2.427969497025607,2.3980867955237533,2.41302814627468,5878400.0
1988-08-01,False,daily,80.0,81.12,80.0,80.62,381100.0,2.3906161201482896,2.424084745830366,2.3906161201482896,2.409143395079439,6097600.0
1988-07-29,False,daily,77.88,80.38,77.5,80.0,441000.0,2.32726479296436,2.401971546718994,2.315909366393656,2.3906161201482896,7056000.0
1988-07-28,False,daily,76.5,77.5,76.0,77.25,465100.0,2.286026664891802,2.315909366393656,2.2710853141408753,2.308438691018192,7441600.0
1988-07-27,False,daily,77.75,77.75,76.25,76.25,258700.0,2.323380041769119,2.323380041769119,2.2785559895163385,2.2785559895163385,4139200.0
1988-07-26,False,daily,77.25,78.12,77.0,77.5,247600.0,2.308438691018192,2.334436641324805,2.300968015642729,2.315909366393656,3961600.0
1988-07-25,False,daily,77.5,78.0,76.62,77.75,318700.0,2.315909366393656,2.3308507171445827,2.2896125890720245,2.323380041769119,5099200.0
1988-07-22,False,daily,78.38,78.38,77.25,77.38,269600.0,2.342206143715287,2.342206143715287,2.308438691018192,2.312323442213433,4313600.0
1988-07-21,False,daily,79.38,79.38,78.62,78.62,220700.0,2.3720888452171405,2.3720888452171405,2.349377992075732,2.349377992075732,3531200.0
1988-07-20,False,daily,78.75,79.88,78.75,79.62,292000.0,2.3532627432709727,2.3870301959680673,2.3532627432709727,2.3792606935775855,4672000.0
1988-07-19,False,daily,78.62,79.25,78.25,79.0,288300.0,2.349377992075732,2.3682040940218996,2.338321392520046,2.3607334186464364,4612800.0
1988-07-18,False,daily,79.25,79.25,78.62,79.0,251400.0,2.3682040940218996,2.3682040940218996,2.349377992075732,2.3607334186464364,4022400.0
1988-07-15,False,daily,79.62,79.88,78.62,79.5,583700.0,2.3792606935775855,2.3870301959680673,2.349377992075732,2.3756747693973628,9339200.0
1988-07-14,False,daily,79.38,80.0,79.25,79.88,243500.0,2.3720888452171405,2.3906161201482896,2.3682040940218996,2.3870301959680673,3896000.0
1988-07-13,False,daily,78.25,79.38,78.0,79.38,448800.0,2.338321392520046,2.3720888452171405,2.3308507171445827,2.3720888452171405,7180800.0
1988-07-12,False,daily,78.38,78.88,77.88,78.12,352700.0,2.342206143715287,2.3571474944662136,2.32726479296436,2.334436641324805,5643200.0
1988-07-11,False,daily,77.75,78.75,77.38,78.62,230400.0,2.323380041769119,2.3532627432709727,2.312323442213433,2.349377992075732,3686400.0
1988-07-08,False,daily,77.5,77.75,77.12,77.25,340900.0,2.315909366393656,2.323380041769119,2.3045539398229513,2.308438691018192,5454400.0
1988-07-07,False,daily,77.5,78.0,77.0,77.5,594200.0,2.315909366393656,2.3308507171445827,2.300968015642729,2.315909366393656,9507200.0
1988-07-06,False,daily,79.5,79.88,77.12,78.0,406300.0,2.3756747693973628,2.3870301959680673,2.3045539398229513,2.3308507171445827,6500800.0
1988-07-05,False,daily,78.75,79.75,78.5,79.75,300900.0,2.3532627432709727,2.3831454447728264,2.3457920678955095,2.3831454447728264,4814400.0
1988-07-01,False,daily,79.5,79.5,78.75,79.0,211900.0,2.3756747693973628,2.3756747693973628,2.3532627432709727,2.3607334186464364,3390400.0
1988-06-30,False,daily,78.62,79.38,78.5,79.38,299600.0,2.349377992075732,2.3720888452171405,2.3457920678955095,2.3720888452171405,4793600.0
1988-06-29,False,daily,77.88,78.62,77.25,77.75,259600.0,2.32726479296436,2.349377992075732,2.308438691018192,2.323380041769119,4153600.0
1988-06-28,False,daily,77.38,78.0,77.12,77.62,282600.0,2.312323442213433,2.3308507171445827,2.3045539398229513,2.319495290573878,4521600.0
1988-06-27,False,daily,78.38,78.62,76.88,76.88,345600.0,2.342206143715287,2.349377992075732,2.2973820914625063,2.2973820914625063,5529600.0
1988-06-24,False,daily,79.5,79.62,78.62,78.88,240100.0,2.3756747693973628,2.3792606935775855,2.349377992075732,2.3571474944662136,3841600.0
1988-06-23,False,daily,79.38,79.88,79.25,79.62,259200.0,2.3720888452171405,2.3870301959680673,2.3682040940218996,2.3792606935775855,4147200.0
1988-06-22,False,daily,81.0,81.0,79.25,79.38,821400.0,2.4204988216501433,2.4204988216501433,2.3682040940218996,2.3720888452171405,13142400.0
1988-06-21,False,daily,80.88,81.0,79.5,80.5,405400.0,2.416912897469921,2.4204988216501433,2.3756747693973628,2.4055574708992165,6486400.0
1988-06-20,False,daily,80.75,80.75,79.75,80.38,1357800.0,2.41302814627468,2.41302814627468,2.3831454447728264,2.401971546718994,21724800.0
1988-06-17,False,daily,80.0,81.25,79.75,81.0,920500.0,2.3906161201482896,2.427969497025607,2.3831454447728264,2.4204988216501433,14728000.0
1988-06-16,False,daily,81.25,81.25,79.75,80.12,372600.0,2.427969497025607,2.427969497025607,2.3831454447728264,2.3942020443285124,5961600.0
1988-06-15,False,daily,80.75,81.75,80.62,81.75,283000.0,2.41302814627468,2.442910847776534,2.409143395079439,2.442910847776534,4528000.0
1988-06-14,False,daily,80.5,81.38,80.25,80.75,743300.0,2.4055574708992165,2.431854248220848,2.3980867955237533,2.41302814627468,11892800.0
1988-06-13,False,daily,78.5,79.25,78.25,79.12,447100.0,2.3457920678955095,2.3682040940218996,2.338321392520046,2.3643193428266587,7153600.0
1988-06-10,False,daily,79.25,79.62,77.5,77.5,553600.0,2.3682040940218996,2.3792606935775855,2.315909366393656,2.315909366393656,8857600.0
1988-06-09,False,daily,80.5,80.62,79.5,79.5,468900.0,2.4055574708992165,2.409143395079439,2.3756747693973628,2.3756747693973628,7502400.0
1988-06-08,False,daily,78.75,80.88,78.62,80.62,621500.0,2.3532627432709727,2.416912897469921,2.349377992075732,2.409143395079439,9944000.0
1988-06-07,False,daily,79.12,79.38,78.5,78.5,303000.0,2.3643193428266587,2.3720888452171405,2.3457920678955095,2.3457920678955095,4848000.0
1988-06-06,False,daily,79.5,79.88,78.75,79.38,317800.0,2.3756747693973628,2.3870301959680673,2.3532627432709727,2.3720888452171405,5084800.0
1988-06-03,False,daily,79.5,79.75,78.62,79.38,305100.0,2.3756747693973628,2.3831454447728264,2.349377992075732,2.3720888452171405,4881600.0
1988-06-02,False,daily,78.75,79.88,78.5,79.25,550300.0,2.3532627432709727,2.3870301959680673,2.3457920678955095,2.3682040940218996,8804800.0
1988-06-01,False,daily,78.25,80.12,78.0,79.38,981100.0,2.338321392520046,2.3942020443285124,2.3308507171445827,2.3720888452171405,15697600.0
1988-05-31,False,daily,75.12,78.0,75.0,77.75,586100.0,2.2447885368192444,2.3308507171445827,2.2412026126390217,2.323380041769119,9377600.0
1988-05-27,False,daily,74.75,75.25,74.38,74.62,298600.0,2.2337319372635585,2.2486732880144853,2.222675337707872,2.2298471860683176,4777600.0
1988-05-26,False,daily,73.88,75.0,73.75,74.62,463500.0,2.2077339869569457,2.2412026126390217,2.2038492357617048,2.2298471860683176,7416000.0
1988-05-25,False,daily,73.75,74.88,73.75,73.88,626800.0,2.2038492357617048,2.237616688458799,2.2038492357617048,2.2077339869569457,10028800.0
1988-05-24,False,daily,72.12,73.5,72.0,73.25,390700.0,2.1551404323136834,2.196378560386241,2.1515545081334606,2.188907885010778,6251200.0
1988-05-23,False,daily,71.5,72.12,71.12,71.88,186700.0,2.136613157382534,2.1551404323136834,2.1252577308118297,2.1479685839532383,2987200.0
1988-05-20,False,daily,71.5,72.0,71.12,71.25,478800.0,2.136613157382534,2.1515545081334606,2.1252577308118297,2.1291424820070706,7660800.0
1988-05-19,False,daily,69.75,71.38,69.5,70.75,541500.0,2.08431842975429,2.1330272332023115,2.076847754378827,2.1142011312561437,8664000.0
1988-05-18,False,daily,71.0,72.12,69.25,69.5,629100.0,2.1216718066316074,2.1551404323136834,2.069377079003363,2.076847754378827,10065600.0
1988-05-17,False,daily,74.12,74.25,71.5,71.5,438700.0,2.199085079350838,2.2029420823232555,2.121351634829802,2.121351634829802,7019200.0
1988-05-16,False,daily,73.5,73.62,72.5,73.5,299600.0,2.180690142097768,2.1842504525338464,2.151020888463785,2.180690142097768,4793600.0
1988-05-13,False,daily,73.0,73.62,72.62,73.25,211600.0,2.1658555152807764,2.1842504525338464,2.154581198899863,2.173272828689272,3385600.0
1988-05-12,False,daily,73.12,73.62,72.5,72.62,321100.0,2.1694158257168548,2.1842504525338464,2.151020888463785,2.154581198899863,5137600.0
1988-05-11,False,daily,71.75,73.25,71.75,72.88,657700.0,2.1287689482382977,2.173272828689272,2.1287689482382977,2.1622952048446984,10523200.0
1988-05-10,False,daily,73.0,73.88,72.25,73.12,432200.0,2.1658555152807764,2.1919644584786817,2.1436035750552893,2.1694158257168548,6915200.0
1988-05-09,False,daily,73.0,73.12,71.88,73.0,682800.0,2.1658555152807764,2.1694158257168548,2.132625951210715,2.1658555152807764,10924800.0
1988-05-06,False,daily,74.38,75.0,73.25,73.62,410800.0,2.2067990852956734,2.225194022548743,2.173272828689272,2.1842504525338464,6572800.0
1988-05-05,False,daily,74.75,74.88,74.25,74.62,476900.0,2.217776709140247,2.221633712112665,2.2029420823232555,2.2139197061678297,7630400.0
1988-05-04,False,daily,76.25,76.25,74.75,74.75,480900.0,2.262280589591222,2.262280589591222,2.217776709140247,2.217776709140247,7694400.0
1988-05-03,False,daily,76.25,77.0,76.12,76.5,330500.0,2.262280589591222,2.2845325298167096,2.2584235866188043,2.269697902999718,5288000.0
1988-05-02,False,daily,76.0,76.5,75.38,75.88,248100.0,2.2548632761827263,2.269697902999718,2.2364683389296567,2.2513029657466483,3969600.0
1988-04-29,False,daily,77.0,77.5,75.38,75.75,353700.0,2.2845325298167096,2.2993671566337013,2.2364683389296567,2.2474459627742305,5659200.0
1988-04-28,False,daily,77.62,79.12,76.38,77.12,664100.0,2.3029274670697792,2.347431347520754,2.2661375925636396,2.2880928402527876,10625600.0
1988-04-27,False,daily,79.0,79.25,77.62,77.75,343000.0,2.343871037084676,2.3512883504931716,2.3029274670697792,2.306784470042197,5488000.0
1988-04-26,False,daily,78.88,79.5,78.12,79.25,347800.0,2.340310726648598,2.3587056639016675,2.317762093886771,2.3512883504931716,5564800.0
1988-04-25,False,daily,77.5,79.38,77.25,79.12,463700.0,2.2993671566337013,2.3551453534655895,2.2919498432252055,2.347431347520754,7419200.0
1988-04-22,False,daily,76.0,77.75,75.62,77.5,556600.0,2.2548632761827263,2.306784470042197,2.2435889598018126,2.2993671566337013,8905600.0
1988-04-21,False,daily,77.5,78.62,75.62,76.38,584800.0,2.2993671566337013,2.3325967207037626,2.2435889598018126,2.2661375925636396,9356800.0
1988-04-20,False,daily,77.25,78.0,77.0,77.0,364000.0,2.2919498432252055,2.314201783450693,2.2845325298167096,2.2845325298167096,5824000.0
1988-04-19,False,daily,78.62,79.25,77.25,77.25,529400.0,2.3325967207037626,2.3512883504931716,2.2919498432252055,2.2919498432252055,8470400.0
1988-04-18,False,daily,79.62,79.62,78.5,78.62,317600.0,2.362265974337746,2.362265974337746,2.3290364102676846,2.3325967207037626,5081600.0
1988-04-15,False,daily,79.5,80.12,77.88,79.88,766700.0,2.3587056639016675,2.3771006011547375,2.3106414730146145,2.369979980282581,12267200.0
1988-04-14,False,daily,82.75,82.75,79.5,79.62,665300.0,2.4551307382121133,2.4551307382121133,2.3587056639016675,2.362265974337746,10644800.0
1988-04-13,False,daily,83.5,84.12,82.5,84.0,290700.0,2.4773826784376007,2.4957776156906704,2.4477134248036174,2.4922173052545924,4651200.0
1988-04-12,False,daily,82.12,84.12,82.0,84.0,381700.0,2.4364391084227037,2.4957776156906704,2.4328787979866258,2.4922173052545924,6107200.0
1988-04-11,False,daily,82.88,82.88,81.75,82.62,297800.0,2.4589877411845307,2.4589877411845307,2.42546148457813,2.4512737352396954,4764800.0
1988-04-08,False,daily,81.38,83.5,80.75,82.62,551500.0,2.414483860733556,2.4773826784376007,2.3957922309441466,2.4512737352396954,8824000.0
1988-04-07,False,daily,81.88,82.12,80.75,81.12,358800.0,2.429318487550548,2.4364391084227037,2.3957922309441466,2.4067698547887204,5740800.0
1988-04-06,False,daily,79.5,82.0,79.12,81.75,531400.0,2.3587056639016675,2.4328787979866258,2.347431347520754,2.42546148457813,8502400.0
1988-04-05,False,daily,78.12,79.38,78.12,78.62,335500.0,2.317762093886771,2.3551453534655895,2.317762093886771,2.3325967207037626,5368000.0
1988-04-04,False,daily,78.88,79.25,77.25,77.62,556600.0,2.340310726648598,2.3512883504931716,2.2919498432252055,2.3029274670697792,8905600.0
1988-03-31,False,daily,78.62,79.75,77.38,79.38,540300.0,2.3325967207037626,2.3661229773101633,2.295806846197623,2.3551453534655895,8644800.0
1988-03-30,False,daily,81.25,81.75,78.62,78.75,472500.0,2.4106268577611383,2.42546148457813,2.3325967207037626,2.33645372367618,7560000.0
1988-03-29,False,daily,80.75,81.12,80.12,80.75,361300.0,2.3957922309441466,2.4067698547887204,2.3771006011547375,2.3957922309441466,5780800.0
1988-03-28,False,daily,79.88,80.62,78.75,80.0,490700.0,2.369979980282581,2.391935227971729,2.33645372367618,2.373540290718659,7851200.0
1988-03-25,False,daily,82.0,82.5,80.88,80.88,363400.0,2.4328787979866258,2.4477134248036174,2.3996492339165645,2.3996492339165645,5814400.0
1988-03-24,False,daily,84.0,84.0,82.0,82.75,388600.0,2.4922173052545924,2.4922173052545924,2.4328787979866258,2.4551307382121133,6217600.0
1988-03-23,False,daily,85.25,85.25,84.12,84.62,301900.0,2.529303872297071,2.529303872297071,2.4957776156906704,2.510612242507662,4830400.0
1988-03-22,False,daily,85.25,85.25,84.25,85.0,281800.0,2.529303872297071,2.529303872297071,2.4996346186630882,2.5218865588885753,4508800.0
1988-03-21,False,daily,85.25,85.38,84.12,84.75,250500.0,2.529303872297071,2.533160875269489,2.4957776156906704,2.5144692454800794,4008000.0
1988-03-18,False,daily,86.5,86.62,85.5,85.5,814900.0,2.5663904393395502,2.569950749775628,2.536721185705567,2.536721185705567,13038400.0
1988-03-17,False,daily,85.25,86.62,84.75,86.38,480700.0,2.529303872297071,2.569950749775628,2.5144692454800794,2.5628301289034723,7691200.0
1988-03-16,False,daily,83.62,85.25,82.88,85.25,300900.0,2.4809429888736787,2.529303872297071,2.4589877411845307,2.529303872297071,4814400.0
1988-03-15,False,daily,84.5,84.88,83.88,84.12,279700.0,2.5070519320715836,2.5183262484524973,2.488656994818514,2.4957776156906704,4475200.0
1988-03-14,False,daily,83.75,84.5,83.12,84.5,237200.0,2.4847999918460966,2.5070519320715836,2.466108362056687,2.5070519320715836,3795200.0
1988-03-11,False,daily,84.0,84.12,81.0,83.88,897500.0,2.4922173052545924,2.4957776156906704,2.4032095443526424,2.488656994818514,14360000.0
1988-03-10,False,daily,85.25,85.88,83.62,84.12,580500.0,2.529303872297071,2.5479955020864806,2.4809429888736787,2.4957776156906704,9288000.0
1988-03-09,False,daily,84.5,86.5,84.5,85.25,1050000.0,2.5070519320715836,2.5663904393395502,2.5070519320715836,2.529303872297071,16800000.0
1988-03-08,False,daily,82.88,83.88,82.5,83.5,307800.0,2.4589877411845307,2.488656994818514,2.4477134248036174,2.4773826784376007,4924800.0
1988-03-07,False,daily,82.0,82.62,81.62,82.5,165000.0,2.4328787979866258,2.4512737352396954,2.421604481605712,2.4477134248036174,2640000.0
1988-03-04,False,daily,82.38,83.12,81.12,82.0,303600.0,2.444153114367539,2.466108362056687,2.4067698547887204,2.4328787979866258,4857600.0
1988-03-03,False,daily,83.25,83.38,82.5,82.75,248200.0,2.469965365029105,2.4738223680015223,2.4477134248036174,2.4551307382121133,3971200.0
1988-03-02,False,daily,83.5,84.25,83.12,83.25,314000.0,2.4773826784376007,2.4996346186630882,2.466108362056687,2.469965365029105,5024000.0
1988-03-01,False,daily,83.38,83.38,82.38,83.0,335300.0,2.4738223680015223,2.4738223680015223,2.444153114367539,2.462548051620609,5364800.0
1988-02-29,False,daily,82.0,83.5,81.25,83.25,373100.0,2.4328787979866258,2.4773826784376007,2.4106268577611383,2.469965365029105,5969600.0
1988-02-26,False,daily,81.0,81.75,80.5,81.25,242600.0,2.4032095443526424,2.42546148457813,2.388374917535651,2.4106268577611383,3881600.0
1988-02-25,False,daily,81.88,83.25,80.25,80.75,556200.0,2.429318487550548,2.469965365029105,2.380957604127155,2.3957922309441466,8899200.0
1988-02-24,False,daily,81.88,82.5,81.5,82.12,383000.0,2.429318487550548,2.4477134248036174,2.418044171169634,2.4364391084227037,6128000.0
1988-02-23,False,daily,82.75,83.25,81.75,82.0,459300.0,2.4551307382121133,2.469965365029105,2.42546148457813,2.4328787979866258,7348800.0
1988-02-22,False,daily,80.88,82.5,80.38,82.5,631100.0,2.3996492339165645,2.4477134248036174,2.384814607099573,2.4477134248036174,10097600.0
1988-02-19,False,daily,79.75,80.88,79.25,80.88,499500.0,2.3661229773101633,2.3996492339165645,2.3512883504931716,2.3996492339165645,7992000.0
1988-02-18,False,daily,80.0,80.75,79.12,79.5,356700.0,2.373540290718659,2.3957922309441466,2.347431347520754,2.3587056639016675,5707200.0
1988-02-17,False,daily,81.5,82.5,80.75,81.0,702300.0,2.418044171169634,2.4477134248036174,2.3957922309441466,2.4032095443526424,11236800.0
1988-02-16,False,daily,79.88,82.12,79.0,82.0,774100.0,2.3577545861322657,2.4238708889982687,2.3317803242920507,2.4203289442018754,12385600.0
1988-02-12,False,daily,79.25,80.38,79.0,79.75,604200.0,2.339159375951203,2.37251268945057,2.3317803242920507,2.353917479269507,9667200.0
1988-02-11,False,daily,79.88,80.12,78.5,78.88,497100.0,2.3577545861322657,2.364838475725052,2.3170222209737465,2.328238379495658,7953600.0
1988-02-10,False,daily,78.0,79.88,77.38,79.88,773100.0,2.3022641176554424,2.3577545861322657,2.2839640695407453,2.3577545861322657,12369600.0
1988-02-09,False,daily,77.0,78.0,76.75,77.88,276200.0,2.2727479110188344,2.3022641176554424,2.265368859359682,2.2987221728590495,4419200.0
1988-02-08,False,daily,76.5,76.88,76.25,76.75,267300.0,2.2579898077005303,2.269205966222441,2.250610756041378,2.265368859359682,4276800.0
1988-02-05,False,daily,77.5,78.5,77.12,77.12,279300.0,2.2875060143371386,2.3170222209737465,2.2762898558152274,2.2762898558152274,4468800.0
1988-02-04,False,daily,76.38,77.5,76.12,77.38,363400.0,2.254447862904137,2.2875060143371386,2.246773649178619,2.2839640695407453,5814400.0
1988-02-03,False,daily,78.25,78.5,76.0,76.25,545300.0,2.3096431693145947,2.3170222209737465,2.243231704382226,2.250610756041378,8724800.0
1988-02-02,False,daily,77.5,78.5,77.12,77.62,330100.0,2.2875060143371386,2.3170222209737465,2.2762898558152274,2.2910479591335315,5281600.0
1988-02-01,False,daily,79.0,79.12,77.62,77.75,331600.0,2.3317803242920507,2.335322269088444,2.2910479591335315,2.2948850659962905,5305600.0
1988-01-29,False,daily,77.62,78.75,77.12,78.38,528800.0,2.2910479591335315,2.324401272632899,2.2762898558152274,2.3134802761773536,8460800.0
1988-01-28,False,daily,75.75,77.5,75.62,76.75,487500.0,2.235852652723074,2.2875060143371386,2.2320155458603153,2.265368859359682,7800000.0
1988-01-27,False,daily,77.88,78.0,75.12,75.38,837100.0,2.2987221728590495,2.3022641176554424,2.217257442542011,2.224931656267529,13393600.0
1988-01-26,False,daily,78.12,78.62,77.0,77.62,530300.0,2.3058060624518357,2.32056416577014,2.2727479110188344,2.2910479591335315,8484800.0
1988-01-25,False,daily,79.88,79.88,78.0,78.75,1230000.0,2.3577545861322657,2.3577545861322657,2.3022641176554424,2.324401272632899,19680000.0
1988-01-22,False,daily,76.75,79.88,76.5,79.88,2298000.0,2.265368859359682,2.3577545861322657,2.2579898077005303,2.3577545861322657,36768000.0
1988-01-21,False,daily,72.25,77.0,71.12,74.75,1742900.0,2.1325459294949454,2.2727479110188344,2.099192615995578,2.206336446086466,27886400.0
1988-01-20,False,daily,73.5,73.88,70.62,71.75,866300.0,2.1694411877907056,2.1806573463126164,2.084434512677274,2.117787826176641,13860800.0
1988-01-19,False,daily,74.0,75.62,72.88,74.25,458200.0,2.18419929110901,2.2320155458603153,2.151141139676008,2.1915783427681617,7331200.0
1988-01-18,False,daily,74.25,74.62,73.5,74.25,313700.0,2.1915783427681617,2.202499339223707,2.1694411877907056,2.1915783427681617,5019200.0
1988-01-15,False,daily,74.0,75.12,73.62,73.88,747100.0,2.18419929110901,2.217257442542011,2.1729831325870985,2.1806573463126164,11953600.0
1988-01-14,False,daily,71.88,72.25,71.25,72.25,346100.0,2.1216249330394,2.1325459294949454,2.103029722858337,2.1325459294949454,5537600.0
1988-01-13,False,daily,71.25,72.5,69.62,71.5,666800.0,2.103029722858337,2.1399249811540972,2.0549183060406655,2.110408774517489,10668800.0
1988-01-12,False,daily,72.5,72.5,70.62,71.75,586900.0,2.1399249811540972,2.1399249811540972,2.084434512677274,2.117787826176641,9390400.0
1988-01-11,False,daily,73.25,73.62,70.0,72.25,716100.0,2.1620621361315533,2.1729831325870985,2.0661344645625768,2.1325459294949454,11457600.0
1988-01-08,False,daily,77.38,77.88,72.25,72.5,784400.0,2.2839640695407453,2.2987221728590495,2.1325459294949454,2.1399249811540972,12550400.0
1988-01-07,False,daily,77.38,77.88,77.0,77.62,475500.0,2.2839640695407453,2.2987221728590495,2.2727479110188344,2.2910479591335315,7608000.0
1988-01-06,False,daily,78.75,78.88,77.62,78.0,533300.0,2.324401272632899,2.328238379495658,2.2910479591335315,2.3022641176554424,8532800.0
1988-01-05,False,daily,79.75,79.88,78.5,78.5,520500.0,2.353917479269507,2.3577545861322657,2.3170222209737465,2.3170222209737465,8328000.0
1988-01-04,False,daily,75.88,78.12,75.88,78.12,495000.0,2.239689759585833,2.3058060624518357,2.239689759585833,2.3058060624518357,7920000.0
1989-12-29,False,daily,59.0,59.5,59.0,59.38,328000.0,3.6496727394790427,3.680602169474628,3.6496727394790427,3.6731791062756876,2624000.0
1989-12-28,False,daily,58.38,59.25,57.88,59.12,473300.0,3.6113202462845173,3.6651374544768354,3.5803908162889324,3.657095802677983,3786400.0
1989-12-27,False,daily,57.38,58.5,57.25,58.5,395600.0,3.549461386293347,3.618743309483458,3.541419734494495,3.618743309483458,3164800.0
1989-12-26,False,daily,57.12,57.5,56.88,57.0,225200.0,3.5333780826956427,3.5568844494922875,3.518531956297762,3.525955019496702,1801600.0
1989-12-22,False,daily,56.25,57.25,56.25,56.88,346700.0,3.4795608745033246,3.541419734494495,3.4795608745033246,3.518531956297762,2773600.0
1989-12-21,False,daily,56.62,56.75,56.38,56.62,518100.0,3.5024486527000573,3.51049030449891,3.487602526302177,3.5024486527000573,4144800.0
1989-12-20,False,daily,56.88,57.0,55.88,56.38,466800.0,3.518531956297762,3.525955019496702,3.456673096306592,3.487602526302177,3734400.0
1989-12-19,False,daily,56.25,56.5,55.75,56.12,912200.0,3.4795608745033246,3.4950255895011173,3.4486314445077397,3.4715192227044724,7297600.0
1989-12-18,False,daily,57.25,57.75,55.5,56.12,866200.0,3.541419734494495,3.57234916449008,3.433166729509947,3.4715192227044724,6929600.0
1989-12-15,False,daily,58.0,58.0,56.62,57.38,1203100.0,3.5878138794878724,3.5878138794878724,3.5024486527000573,3.549461386293347,9624800.0
1989-12-14,False,daily,58.0,58.12,57.75,58.0,546400.0,3.5878138794878724,3.595236942686813,3.57234916449008,3.5878138794878724,4371200.0
1989-12-13,False,daily,58.0,58.88,58.0,58.5,866000.0,3.5878138794878724,3.6422496762801027,3.5878138794878724,3.618743309483458,6928000.0
1989-12-12,False,daily,57.75,58.25,57.5,58.0,448900.0,3.57234916449008,3.603278594485665,3.5568844494922875,3.5878138794878724,3591200.0
1989-12-11,False,daily,58.25,58.38,57.75,58.25,651600.0,3.603278594485665,3.6113202462845173,3.57234916449008,3.603278594485665,5212800.0
1989-12-08,False,daily,57.88,58.12,57.75,58.12,533400.0,3.5803908162889324,3.595236942686813,3.57234916449008,3.595236942686813,4267200.0
1989-12-07,False,daily,58.0,58.25,57.5,57.88,471600.0,3.5878138794878724,3.603278594485665,3.5568844494922875,3.5803908162889324,3772800.0
1989-12-06,False,daily,57.75,58.12,57.62,57.88,453700.0,3.57234916449008,3.595236942686813,3.5643075126912276,3.5803908162889324,3629600.0
1989-12-05,False,daily,58.0,58.25,57.25,57.5,506200.0,3.5878138794878724,3.603278594485665,3.541419734494495,3.5568844494922875,4049600.0
1989-12-04,False,daily,57.5,58.5,57.38,58.0,820700.0,3.5568844494922875,3.618743309483458,3.549461386293347,3.5878138794878724,6565600.0
1989-12-01,False,daily,57.0,57.88,56.88,57.38,734600.0,3.525955019496702,3.5803908162889324,3.518531956297762,3.549461386293347,5876800.0
1989-11-30,False,daily,56.25,57.0,56.0,56.5,505900.0,3.4795608745033246,3.525955019496702,3.464096159505532,3.4950255895011173,4047200.0
1989-11-29,False,daily,56.25,56.25,55.62,55.88,398300.0,3.4795608745033246,3.4795608745033246,3.4405897927088875,3.456673096306592,3186400.0
1989-11-28,False,daily,56.38,56.5,55.75,56.12,605600.0,3.487602526302177,3.4950255895011173,3.4486314445077397,3.4715192227044724,4844800.0
1989-11-27,False,daily,56.75,57.25,56.38,56.38,649200.0,3.51049030449891,3.541419734494495,3.487602526302177,3.487602526302177,5193600.0
1989-11-24,False,daily,56.75,57.0,56.38,56.75,324600.0,3.51049030449891,3.525955019496702,3.487602526302177,3.51049030449891,2596800.0
1989-11-22,False,daily,55.38,56.5,55.25,56.38,504800.0,3.425743666311007,3.4950255895011173,3.4177020145121544,3.487602526302177,4038400.0
1989-11-21,False,daily,55.0,55.5,54.5,55.25,509600.0,3.402237299514362,3.433166729509947,3.371307869518777,3.4177020145121544,4076800.0
1989-11-20,False,daily,55.0,55.12,54.5,55.0,400200.0,3.402237299514362,3.409660362713302,3.371307869518777,3.402237299514362,3201600.0
1989-11-17,False,daily,55.5,55.75,55.12,55.25,645200.0,3.433166729509947,3.4486314445077397,3.409660362713302,3.4177020145121544,5161600.0
1989-11-16,False,daily,56.12,56.12,55.25,55.38,492800.0,3.4715192227044724,3.4715192227044724,3.4177020145121544,3.425743666311007,3942400.0
1989-11-15,False,daily,55.62,56.12,55.0,56.12,627500.0,3.4405897927088875,3.4715192227044724,3.402237299514362,3.4715192227044724,5020000.0
1989-11-14,False,daily,55.62,56.12,55.25,55.38,645000.0,3.42290195296619,3.453672376851179,3.400131839291298,3.4081321495013954,5160000.0
1989-11-13,False,daily,56.0,56.38,55.62,56.0,438000.0,3.4462874751187815,3.4696729972713736,3.42290195296619,3.4462874751187815,3504000.0
1989-11-10,False,daily,55.5,56.0,55.38,56.0,734400.0,3.4155170512337927,3.4462874751187815,3.4081321495013954,3.4462874751187815,5875200.0
1989-11-09,False,daily,55.5,56.25,54.88,55.0,937100.0,3.4155170512337927,3.4616726870612764,3.377361725616406,3.3847466273488034,7496800.0
1989-11-08,False,daily,55.0,55.5,54.75,55.25,646600.0,3.3847466273488034,3.4155170512337927,3.369361415406309,3.400131839291298,5172800.0
1989-11-07,False,daily,52.38,54.25,52.38,54.12,719100.0,3.2235096061914605,3.3385909915213197,3.2235096061914605,3.3305906813112225,5752800.0
1989-11-06,False,daily,54.38,54.38,53.25,53.38,407300.0,3.346591301731417,3.346591301731417,3.2770501437513415,3.2850504539614387,3258400.0
1989-11-03,False,daily,54.25,55.12,54.12,54.38,334900.0,3.3385909915213197,3.3921315290812006,3.3305906813112225,3.346591301731417,2679200.0
1989-11-02,False,daily,55.62,55.62,54.12,54.75,547700.0,3.42290195296619,3.42290195296619,3.3305906813112225,3.369361415406309,4381600.0
1989-11-01,False,daily,55.0,55.62,54.62,55.62,683700.0,3.3847466273488034,3.42290195296619,3.3613611051962113,3.42290195296619,5469600.0
1989-10-31,False,daily,54.25,55.75,54.12,55.38,805200.0,3.3385909915213197,3.430902263176287,3.3305906813112225,3.4081321495013954,6441600.0
1989-10-30,False,daily,54.5,54.5,53.25,53.75,398800.0,3.353976203463814,3.353976203463814,3.2770501437513415,3.307820567636331,3190400.0
1989-10-27,False,daily,54.0,54.25,53.0,53.5,438100.0,3.3232057795788252,3.3385909915213197,3.261664931808847,3.292435355693836,3504800.0
1989-10-26,False,daily,54.0,54.88,53.62,54.25,480800.0,3.3232057795788252,3.377361725616406,3.299820257426233,3.3385909915213197,3846400.0
1989-10-25,False,daily,54.12,55.12,54.12,54.5,394000.0,3.3305906813112225,3.3921315290812006,3.3305906813112225,3.353976203463814,3152000.0
1989-10-24,False,daily,55.12,55.25,52.25,54.62,996900.0,3.3921315290812006,3.400131839291298,3.2155092959813634,3.3613611051962113,7975200.0
1989-10-23,False,daily,54.88,55.5,54.75,55.0,388000.0,3.377361725616406,3.4155170512337927,3.369361415406309,3.3847466273488034,3104000.0
1989-10-20,False,daily,55.62,55.62,55.0,55.38,888500.0,3.42290195296619,3.42290195296619,3.3847466273488034,3.4081321495013954,7108000.0
1989-10-19,False,daily,54.62,55.5,54.5,55.0,661300.0,3.3613611051962113,3.4155170512337927,3.353976203463814,3.3847466273488034,5290400.0
1989-10-18,False,daily,54.5,55.62,53.88,54.5,852000.0,3.353976203463814,3.42290195296619,3.315820877846428,3.353976203463814,6816000.0
1989-10-17,False,daily,53.75,54.75,52.25,54.75,853400.0,3.307820567636331,3.369361415406309,3.2155092959813634,3.369361415406309,6827200.0
1989-10-16,False,daily,50.75,54.25,50.62,54.25,1969900.0,3.123198024326396,3.3385909915213197,3.1151977141162983,3.3385909915213197,15759200.0
1989-10-13,False,daily,55.38,55.75,50.5,50.62,1030600.0,3.4081321495013954,3.430902263176287,3.1078128123839015,3.1151977141162983,8244800.0
1989-10-12,False,daily,55.88,56.5,54.88,55.12,583400.0,3.4389025733863843,3.477057899003771,3.377361725616406,3.3921315290812006,4667200.0
1989-10-11,False,daily,56.25,56.38,55.62,55.88,671300.0,3.4616726870612764,3.4696729972713736,3.42290195296619,3.4389025733863843,5370400.0
1989-10-10,False,daily,56.12,56.62,55.75,56.25,447700.0,3.453672376851179,3.484442800736168,3.430902263176287,3.4616726870612764,3581600.0
1989-10-09,False,daily,56.25,56.25,55.75,56.25,296400.0,3.4616726870612764,3.4616726870612764,3.430902263176287,3.4616726870612764,2371200.0
1989-10-06,False,daily,55.88,56.25,55.62,56.0,765600.0,3.4389025733863843,3.4616726870612764,3.42290195296619,3.4462874751187815,6124800.0
1989-10-05,False,daily,55.75,56.5,55.12,55.38,912300.0,3.430902263176287,3.477057899003771,3.3921315290812006,3.4081321495013954,7298400.0
1989-10-04,False,daily,55.25,56.0,54.75,55.75,1195000.0,3.400131839291298,3.4462874751187815,3.369361415406309,3.430902263176287,9560000.0
1989-10-03,False,daily,55.38,55.38,54.38,55.0,958100.0,3.4081321495013954,3.4081321495013954,3.346591301731417,3.3847466273488034,7664800.0
1989-10-02,False,daily,54.25,55.0,54.0,54.75,607000.0,3.3385909915213197,3.3847466273488034,3.3232057795788252,3.369361415406309,4856000.0
1989-09-29,False,daily,54.25,54.88,53.88,54.75,1054300.0,3.3385909915213197,3.377361725616406,3.315820877846428,3.369361415406309,8434400.0
1989-09-28,False,daily,53.38,54.0,53.25,54.0,792000.0,3.2850504539614387,3.3232057795788252,3.2770501437513415,3.3232057795788252,6336000.0
1989-09-27,False,daily,52.25,53.12,51.88,53.0,690900.0,3.2155092959813634,3.2690498335412443,3.1927391823064712,3.261664931808847,5527200.0
1989-09-26,False,daily,52.38,52.75,52.0,52.25,497400.0,3.2235096061914605,3.246279719866352,3.2001240840388685,3.2155092959813634,3979200.0
1989-09-25,False,daily,52.25,52.75,52.0,52.25,488100.0,3.2155092959813634,3.246279719866352,3.2001240840388685,3.2155092959813634,3904800.0
1989-09-22,False,daily,51.88,52.5,51.88,52.12,547300.0,3.1927391823064712,3.230894507923858,3.1927391823064712,3.2075089857712658,4378400.0
1989-09-21,False,daily,52.75,53.0,51.62,52.12,438900.0,3.246279719866352,3.261664931808847,3.176738561886277,3.2075089857712658,3511200.0
1989-09-20,False,daily,52.12,52.88,51.88,52.75,640700.0,3.2075089857712658,3.25428003007645,3.1927391823064712,3.246279719866352,5125600.0
1989-09-19,False,daily,52.25,52.75,52.0,52.25,414300.0,3.2155092959813634,3.246279719866352,3.2001240840388685,3.2155092959813634,3314400.0
1989-09-18,False,daily,50.88,52.5,50.75,52.5,509500.0,3.131198334536493,3.230894507923858,3.123198024326396,3.230894507923858,4076000.0
1989-09-15,False,daily,50.5,51.0,50.0,50.62,1360400.0,3.1078128123839015,3.1385832362688904,3.077042388498912,3.1151977141162983,10883200.0
1989-09-14,False,daily,51.25,51.25,50.5,50.62,469900.0,3.153968448211385,3.153968448211385,3.1078128123839015,3.1151977141162983,3759200.0
1989-09-13,False,daily,51.0,51.62,50.25,50.62,523900.0,3.1385832362688904,3.176738561886277,3.0924276004414066,3.1151977141162983,4191200.0
1989-09-12,False,daily,51.0,51.88,50.88,51.0,483100.0,3.1385832362688904,3.1927391823064712,3.131198334536493,3.1385832362688904,3864800.0
1989-09-11,False,daily,51.75,51.75,51.0,51.25,450700.0,3.184738872096374,3.184738872096374,3.1385832362688904,3.153968448211385,3605600.0
1989-09-08,False,daily,52.12,52.38,50.5,52.0,533700.0,3.2075089857712658,3.2235096061914605,3.1078128123839015,3.2001240840388685,4269600.0
1989-09-07,False,daily,53.0,53.0,51.62,52.12,458600.0,3.261664931808847,3.261664931808847,3.176738561886277,3.2075089857712658,3668800.0
1989-09-06,False,daily,52.88,53.0,51.88,52.75,602100.0,3.25428003007645,3.261664931808847,3.1927391823064712,3.246279719866352,4816800.0
1989-09-05,False,daily,53.88,54.5,52.88,53.12,974400.0,3.315820877846428,3.353976203463814,3.25428003007645,3.2690498335412443,7795200.0
1989-09-01,False,daily,52.62,53.75,52.62,53.5,1340600.0,3.238279409656255,3.307820567636331,3.238279409656255,3.292435355693836,10724800.0
1989-08-31,False,daily,51.88,52.5,51.62,52.38,1172100.0,3.1927391823064712,3.230894507923858,3.176738561886277,3.2235096061914605,9376800.0
1989-08-30,False,daily,51.0,51.5,50.62,51.38,903600.0,3.1385832362688904,3.1693536601538796,3.1151977141162983,3.1619687584214824,7228800.0
1989-08-29,False,daily,51.25,51.38,50.5,50.75,610400.0,3.153968448211385,3.1619687584214824,3.1078128123839015,3.123198024326396,4883200.0
1989-08-28,False,daily,50.5,51.38,50.25,51.25,936300.0,3.1078128123839015,3.1619687584214824,3.0924276004414066,3.153968448211385,7490400.0
1989-08-25,False,daily,50.75,51.12,50.5,50.62,557000.0,3.123198024326396,3.1459681380012876,3.1078128123839015,3.1151977141162983,4456000.0
1989-08-24,False,daily,50.0,50.75,49.5,50.75,1280300.0,3.077042388498912,3.123198024326396,3.046271964613923,3.123198024326396,10242400.0
1989-08-23,False,daily,50.0,50.38,49.75,50.25,1016000.0,3.077042388498912,3.1004279106515042,3.061657176556418,3.0924276004414066,8128000.0
1989-08-22,False,daily,49.88,50.5,49.75,50.0,704600.0,3.069657486766515,3.1078128123839015,3.061657176556418,3.077042388498912,5636800.0
1989-08-21,False,daily,51.88,52.0,49.38,49.38,931700.0,3.1927391823064712,3.2001240840388685,3.0388870628815257,3.0388870628815257,7453600.0
1989-08-18,False,daily,51.62,51.62,50.88,51.62,775500.0,3.176738561886277,3.176738561886277,3.131198334536493,3.176738561886277,6204000.0
1989-08-17,False,daily,51.0,51.75,50.88,51.5,532700.0,3.1385832362688904,3.184738872096374,3.131198334536493,3.1693536601538796,4261600.0
1989-08-16,False,daily,51.0,51.12,50.62,51.0,1067500.0,3.1385832362688904,3.1459681380012876,3.1151977141162983,3.1385832362688904,8540000.0
1989-08-15,False,daily,52.5,52.75,51.75,51.88,487600.0,3.2126266310024714,3.227924853054864,3.166731964845293,3.1746870403125373,3900800.0
1989-08-14,False,daily,51.5,52.62,51.38,52.0,617300.0,3.1514337427929004,3.2199697775876195,3.144090596207752,3.182030186897686,4938400.0
1989-08-11,False,daily,52.0,52.5,51.38,51.5,712400.0,3.182030186897686,3.2126266310024714,3.144090596207752,3.1514337427929004,5699200.0
1989-08-10,False,daily,51.25,51.75,51.12,51.75,631100.0,3.1361355207405075,3.166731964845293,3.1281804452732636,3.166731964845293,5048800.0
1989-08-09,False,daily,51.75,52.62,50.88,51.38,720200.0,3.166731964845293,3.2199697775876195,3.1134941521029664,3.144090596207752,5761600.0
1989-08-08,False,daily,53.0,53.0,52.0,52.0,544200.0,3.243223075107257,3.243223075107257,3.182030186897686,3.182030186897686,4353600.0
1989-08-07,False,daily,52.25,53.0,52.0,53.0,516700.0,3.1973284089500784,3.243223075107257,3.182030186897686,3.243223075107257,4133600.0
1989-08-04,False,daily,52.62,52.88,52.25,52.75,639300.0,3.2199697775876195,3.2358799285221083,3.1973284089500784,3.227924853054864,5114400.0
1989-08-03,False,daily,52.62,53.12,52.5,52.88,513700.0,3.2199697775876195,3.250566221692405,3.2126266310024714,3.2358799285221083,4109600.0
1989-08-02,False,daily,52.12,52.75,51.75,52.62,505600.0,3.189373333482834,3.227924853054864,3.166731964845293,3.2199697775876195,4044800.0
1989-08-01,False,daily,53.25,53.38,51.88,52.38,838700.0,3.2585212971596493,3.2664763726268937,3.1746870403125373,3.205283484417323,6709600.0
1989-07-31,False,daily,53.12,53.38,52.38,53.38,627700.0,3.250566221692405,3.2664763726268937,3.205283484417323,3.2664763726268937,5021600.0
1989-07-28,False,daily,53.62,54.25,53.38,53.62,755200.0,3.2811626657971904,3.3197141853692202,3.2664763726268937,3.2811626657971904,6041600.0
1989-07-27,False,daily,53.25,53.5,52.75,53.38,1073900.0,3.2585212971596493,3.2738195192120423,3.227924853054864,3.2664763726268937,8591200.0
1989-07-26,False,daily,50.0,52.88,49.88,52.38,871200.0,3.059644410478544,3.2358799285221083,3.052301263893396,3.205283484417323,6969600.0
1989-07-25,False,daily,49.88,50.5,49.62,49.88,590600.0,3.052301263893396,3.0902408545833295,3.036391112958907,3.052301263893396,4724800.0
1989-07-24,False,daily,50.25,50.62,49.88,50.12,457700.0,3.074942632530937,3.097584001168478,3.052301263893396,3.0669875570636926,3661600.0
1989-07-21,False,daily,50.25,50.5,49.88,50.5,1124500.0,3.074942632530937,3.0902408545833295,3.052301263893396,3.0902408545833295,8996000.0
1989-07-20,False,daily,50.38,51.38,50.0,50.12,789700.0,3.0828977079981814,3.144090596207752,3.059644410478544,3.0669875570636926,6317600.0
1989-07-19,False,daily,49.0,50.25,49.0,50.12,881400.0,2.998451522268973,3.074942632530937,2.998451522268973,3.0669875570636926,7051200.0
1989-07-18,False,daily,49.0,49.25,48.25,48.75,790300.0,2.998451522268973,3.013749744321366,2.952556856111795,2.9831533002165807,6322400.0
1989-07-17,False,daily,49.38,49.62,48.62,48.88,582700.0,3.0217048197886105,3.036391112958907,2.9751982247493363,2.991108375683825,4661600.0
1989-07-14,False,daily,49.62,49.75,48.38,49.62,976600.0,3.036391112958907,3.0443461884261516,2.9605119315790396,3.036391112958907,7812800.0
1989-07-13,False,daily,49.5,50.25,49.5,49.62,485100.0,3.0290479663737586,3.074942632530937,3.0290479663737586,3.036391112958907,3880800.0
1989-07-12,False,daily,50.38,50.88,50.0,50.25,639800.0,3.0828977079981814,3.1134941521029664,3.059644410478544,3.074942632530937,5118400.0
1989-07-11,False,daily,50.12,51.0,50.12,50.75,597000.0,3.0669875570636926,3.120837298688115,3.0669875570636926,3.1055390766357225,4776000.0
1989-07-10,False,daily,50.25,50.5,49.75,50.38,428700.0,3.074942632530937,3.0902408545833295,3.0443461884261516,3.0828977079981814,3429600.0
1989-07-07,False,daily,49.38,50.25,48.62,49.88,540400.0,3.0217048197886105,3.074942632530937,2.9751982247493363,3.052301263893396,4323200.0
1989-07-06,False,daily,48.75,49.38,48.5,49.0,417000.0,2.9831533002165807,3.0217048197886105,2.9678550781641877,2.998451522268973,3336000.0
1989-07-05,False,daily,48.75,49.38,48.25,49.0,378000.0,2.9831533002165807,3.0217048197886105,2.952556856111795,2.998451522268973,3024000.0
1989-07-03,False,daily,48.75,48.75,47.88,48.62,260800.0,2.9831533002165807,2.9831533002165807,2.929915487474254,2.9751982247493363,2086400.0
1989-06-30,False,daily,48.38,48.75,47.12,47.88,637500.0,2.9605119315790396,2.9831533002165807,2.88340889243498,2.929915487474254,5100000.0
1989-06-29,False,daily,49.12,49.25,48.62,48.62,564500.0,3.0057946688541217,3.013749744321366,2.9751982247493363,2.9751982247493363,4516000.0
1989-06-28,False,daily,50.38,50.5,49.5,49.88,448800.0,3.0828977079981814,3.0902408545833295,3.0290479663737586,3.052301263893396,3590400.0
1989-06-27,False,daily,50.25,51.0,50.12,50.75,434600.0,3.074942632530937,3.120837298688115,3.0669875570636926,3.1055390766357225,3476800.0
1989-06-26,False,daily,51.12,51.5,50.12,50.25,664200.0,3.1281804452732636,3.1514337427929004,3.0669875570636926,3.074942632530937,5313600.0
1989-06-23,False,daily,50.0,50.88,49.62,50.88,854300.0,3.059644410478544,3.1134941521029664,3.036391112958907,3.1134941521029664,6834400.0
1989-06-22,False,daily,48.25,49.75,48.25,49.0,734300.0,2.952556856111795,3.0443461884261516,2.952556856111795,2.998451522268973,5874400.0
1989-06-21,False,daily,49.0,49.25,48.38,48.62,600100.0,2.998451522268973,3.013749744321366,2.9605119315790396,2.9751982247493363,4800800.0
1989-06-20,False,daily,50.0,50.12,48.88,49.0,621100.0,3.059644410478544,3.0669875570636926,2.991108375683825,2.998451522268973,4968800.0
1989-06-19,False,daily,49.62,50.12,49.25,49.5,619800.0,3.036391112958907,3.0669875570636926,3.013749744321366,3.0290479663737586,4958400.0
1989-06-16,False,daily,49.12,50.12,49.0,49.88,1338700.0,3.0057946688541217,3.0669875570636926,2.998451522268973,3.052301263893396,10709600.0
1989-06-15,False,daily,49.75,49.75,48.88,49.38,1104300.0,3.0443461884261516,3.0443461884261516,2.991108375683825,3.0217048197886105,8834400.0
1989-06-14,False,daily,50.88,50.88,50.0,50.12,893800.0,3.1134941521029664,3.1134941521029664,3.059644410478544,3.0669875570636926,7150400.0
1989-06-13,False,daily,51.0,51.5,49.88,50.5,1249800.0,3.120837298688115,3.1514337427929004,3.052301263893396,3.0902408545833295,9998400.0
1989-06-12,False,daily,53.5,53.75,52.0,52.62,956000.0,3.2738195192120423,3.289117741264435,3.182030186897686,3.2199697775876195,7648000.0
1989-06-09,False,daily,52.0,53.75,52.0,53.75,1295100.0,3.182030186897686,3.289117741264435,3.182030186897686,3.289117741264435,10360800.0
1989-06-08,False,daily,52.25,52.38,51.5,51.5,513500.0,3.1973284089500784,3.205283484417323,3.1514337427929004,3.1514337427929004,4108000.0
1989-06-07,False,daily,52.38,52.38,51.88,51.88,401900.0,3.205283484417323,3.205283484417323,3.1746870403125373,3.1746870403125373,3215200.0
1989-06-06,False,daily,51.5,52.38,50.88,52.0,853900.0,3.1514337427929004,3.205283484417323,3.1134941521029664,3.182030186897686,6831200.0
1989-06-05,False,daily,51.88,52.38,51.0,51.12,534500.0,3.1746870403125373,3.205283484417323,3.120837298688115,3.1281804452732636,4276000.0
1989-06-02,False,daily,51.0,51.75,51.0,51.62,481500.0,3.120837298688115,3.166731964845293,3.120837298688115,3.1587768893780486,3852000.0
1989-06-01,False,daily,49.75,50.62,49.62,50.25,617700.0,3.0443461884261516,3.097584001168478,3.036391112958907,3.074942632530937,4941600.0
1989-05-31,False,daily,49.0,49.88,48.75,49.38,448600.0,2.998451522268973,3.052301263893396,2.9831533002165807,3.0217048197886105,3588800.0
1989-05-30,False,daily,50.0,50.12,49.0,49.12,486600.0,3.059644410478544,3.0669875570636926,2.998451522268973,3.0057946688541217,3892800.0
1989-05-26,False,daily,49.88,50.0,49.0,49.75,869900.0,3.052301263893396,3.059644410478544,2.998451522268973,3.0443461884261516,6959200.0
1989-05-25,False,daily,49.38,50.38,49.25,49.88,599400.0,3.0217048197886105,3.0828977079981814,3.013749744321366,3.052301263893396,4795200.0
1989-05-24,False,daily,49.62,50.0,48.75,49.12,937000.0,3.036391112958907,3.059644410478544,2.9831533002165807,3.0057946688541217,7496000.0
1989-05-23,False,daily,51.25,51.25,50.12,50.12,817500.0,3.1361355207405075,3.1361355207405075,3.0669875570636926,3.0669875570636926,6540000.0
1989-05-22,False,daily,51.38,51.75,50.38,51.5,1004600.0,3.144090596207752,3.166731964845293,3.0828977079981814,3.1514337427929004,8036800.0
1989-05-19,False,daily,50.0,50.88,49.75,50.5,1891700.0,3.0425118196494503,3.0960600276752808,3.027299260551203,3.072936937845945,15133600.0
1989-05-18,False,daily,49.88,50.12,49.62,49.88,837300.0,3.0352097912822917,3.049813848016609,3.0193887298201143,3.0352097912822917,6698400.0
1989-05-17,False,daily,50.5,50.62,49.5,49.88,756700.0,3.072936937845945,3.0802389662131033,3.0120867014529558,3.0352097912822917,6053600.0
1989-05-16,False,daily,49.75,50.25,49.5,50.12,792400.0,3.027299260551203,3.0577243787476975,3.0120867014529558,3.049813848016609,6339200.0
1989-05-15,False,daily,49.25,50.0,49.0,49.88,658500.0,2.9968741423547085,3.0425118196494503,2.9816615832564612,3.0352097912822917,5268000.0
1989-05-12,False,daily,49.0,49.12,48.12,49.12,1214100.0,2.9816615832564612,2.98896361162362,2.9281133752306308,2.98896361162362,9712800.0
1989-05-11,False,daily,47.25,47.88,47.12,47.5,617000.0,2.8751736695687304,2.9135093184963137,2.8672631388376417,2.8903862286669777,4936000.0
1989-05-10,False,daily,95.5,96.0,94.5,95.75,337000.0,2.905598787765225,2.920811346863472,2.8751736695687304,2.913205067314349,5392000.0
1989-05-09,False,daily,95.5,96.0,94.62,95.12,366000.0,2.905598787765225,2.920811346863472,2.87882468375231,2.894037242850557,5856000.0
1989-05-08,False,daily,94.62,95.25,93.75,95.25,279200.0,2.87882468375231,2.8979925082161015,2.8523548309213598,2.8979925082161015,4467200.0
1989-05-05,False,daily,97.0,97.25,94.75,94.88,382200.0,2.9512364650599667,2.95884274460909,2.8827799491178543,2.8867352144833984,6115200.0
1989-05-04,False,daily,95.5,96.0,95.5,96.0,145200.0,2.905598787765225,2.920811346863472,2.905598787765225,2.920811346863472,2323200.0
1989-05-03,False,daily,95.62,95.88,95.25,95.62,230700.0,2.9092498019488042,2.917160332679893,2.8979925082161015,2.9092498019488042,3691200.0
1989-05-02,False,daily,95.75,96.38,95.62,95.75,288300.0,2.913205067314349,2.93237289177814,2.9092498019488042,2.913205067314349,4612800.0
1989-05-01,False,daily,95.5,95.75,94.5,95.5,289800.0,2.905598787765225,2.913205067314349,2.8751736695687304,2.905598787765225,4636800.0
1989-04-28,False,daily,96.62,96.62,95.75,96.12,231300.0,2.9396749201452987,2.9396749201452987,2.913205067314349,2.9244623610470515,3700800.0
1989-04-27,False,daily,95.38,96.88,94.75,96.25,389500.0,2.9019477735816457,2.9475854508763875,2.8827799491178543,2.9284176264125956,6232000.0
1989-04-26,False,daily,94.75,95.38,94.5,95.38,281500.0,2.8827799491178543,2.9019477735816457,2.8751736695687304,2.9019477735816457,4504000.0
1989-04-25,False,daily,95.88,96.25,95.0,95.0,348800.0,2.917160332679893,2.9284176264125956,2.8903862286669777,2.8903862286669777,5580800.0
1989-04-24,False,daily,95.5,95.88,95.38,95.5,271400.0,2.905598787765225,2.917160332679893,2.9019477735816457,2.905598787765225,4342400.0
1989-04-21,False,daily,95.0,96.0,94.75,96.0,809600.0,2.8903862286669777,2.920811346863472,2.8827799491178543,2.920811346863472,12953600.0
1989-04-20,False,daily,95.88,95.88,93.88,95.12,566500.0,2.917160332679893,2.917160332679893,2.856310096286904,2.894037242850557,9064000.0
1989-04-19,False,daily,94.88,95.62,94.5,95.62,415600.0,2.8867352144833984,2.9092498019488042,2.8751736695687304,2.9092498019488042,6649600.0
1989-04-18,False,daily,94.38,94.88,94.0,94.88,460100.0,2.871522655385151,2.8867352144833984,2.859961110470483,2.8867352144833984,7361600.0
1989-04-17,False,daily,93.12,93.88,92.88,93.12,390800.0,2.8331870064575684,2.856310096286904,2.8258849780904094,2.8331870064575684,6252800.0
1989-04-14,False,daily,92.5,93.25,92.0,93.0,371100.0,2.8143234331757414,2.8371422718231125,2.799110874077494,2.8295359922739887,5937600.0
1989-04-13,False,daily,92.5,92.62,91.5,91.62,224600.0,2.8143234331757414,2.817974447359321,2.783898314979247,2.7875493291628266,3593600.0
1989-04-12,False,daily,93.25,93.5,92.5,92.75,291500.0,2.8371422718231125,2.844748551372236,2.8143234331757414,2.8219297127248653,4664000.0
1989-04-11,False,daily,91.5,92.88,91.38,92.5,308400.0,2.783898314979247,2.8258849780904094,2.7802473007956676,2.8143234331757414,4934400.0
1989-04-10,False,daily,91.62,91.62,91.0,91.12,179500.0,2.7875493291628266,2.7875493291628266,2.7686857558809996,2.7723367700645793,2872000.0
1989-04-07,False,daily,90.25,91.5,89.88,91.0,214600.0,2.745866917233629,2.783898314979247,2.734609623500926,2.7686857558809996,3433600.0
1989-04-06,False,daily,90.5,91.0,90.25,90.5,241900.0,2.7534731967827524,2.7686857558809996,2.745866917233629,2.7534731967827524,3870400.0
1989-04-05,False,daily,90.25,90.88,90.12,90.62,275400.0,2.745866917233629,2.7650347416974204,2.741911651868085,2.757124210966332,4406400.0
1989-04-04,False,daily,90.62,90.62,90.0,90.25,228300.0,2.757124210966332,2.757124210966332,2.738260637684505,2.745866917233629,3652800.0
1989-04-03,False,daily,90.88,91.75,90.62,90.75,278800.0,2.7650347416974204,2.7915045945283707,2.757124210966332,2.7610794763318762,4460800.0
1989-03-31,False,daily,90.75,91.12,90.38,90.75,167200.0,2.7610794763318762,2.7723367700645793,2.749822182599173,2.7610794763318762,2675200.0
1989-03-30,False,daily,90.5,91.12,89.88,90.5,290000.0,2.7534731967827524,2.7723367700645793,2.734609623500926,2.7534731967827524,4640000.0
1989-03-29,False,daily,90.62,91.5,90.62,90.75,289500.0,2.757124210966332,2.783898314979247,2.757124210966332,2.7610794763318762,4632000.0
1989-03-28,False,daily,89.25,90.25,89.12,90.25,350100.0,2.7154417990371345,2.745866917233629,2.7114865336715903,2.745866917233629,5601600.0
1989-03-27,False,daily,87.88,89.0,87.62,88.88,189200.0,2.673759387107937,2.7078355194880106,2.6658488563768485,2.7041845053044313,3027200.0
1989-03-23,False,daily,87.88,88.62,87.38,87.62,320600.0,2.673759387107937,2.696273974573343,2.6585468280096896,2.6658488563768485,5129600.0
1989-03-22,False,daily,88.5,88.5,87.5,87.88,500400.0,2.6926229603897633,2.6926229603897633,2.662197842193269,2.673759387107937,8006400.0
1989-03-21,False,daily,89.12,89.38,88.5,88.75,369000.0,2.7114865336715903,2.7193970644026786,2.6926229603897633,2.700229239938887,5904000.0
1989-03-20,False,daily,90.0,90.0,88.12,88.5,570700.0,2.738260637684505,2.738260637684505,2.681061415475096,2.6926229603897633,9131200.0
1989-03-17,False,daily,90.25,90.88,89.88,90.5,1143500.0,2.745866917233629,2.7650347416974204,2.734609623500926,2.7534731967827524,18296000.0
1989-03-16,False,daily,91.38,93.5,91.38,93.0,633500.0,2.7802473007956676,2.844748551372236,2.7802473007956676,2.8295359922739887,10136000.0
1989-03-15,False,daily,90.25,91.62,89.88,91.38,480900.0,2.745866917233629,2.7875493291628266,2.734609623500926,2.7802473007956676,7694400.0
1989-03-14,False,daily,89.5,90.25,89.12,89.75,498100.0,2.723048078586258,2.745866917233629,2.7114865336715903,2.7306543581353817,7969600.0
1989-03-13,False,daily,87.62,89.5,87.5,88.5,382800.0,2.6658488563768485,2.723048078586258,2.662197842193269,2.6926229603897633,6124800.0
1989-03-10,False,daily,87.75,87.75,87.0,87.5,372600.0,2.6698041217423927,2.6698041217423927,2.6469852830950216,2.662197842193269,5961600.0
1989-03-09,False,daily,87.25,88.12,87.12,87.75,320800.0,2.6545915626441454,2.681061415475096,2.6506362972786013,2.6698041217423927,5132800.0
1989-03-08,False,daily,87.25,88.25,86.75,87.12,426400.0,2.6545915626441454,2.68501668084064,2.639379003545898,2.6506362972786013,6822400.0
1989-03-07,False,daily,87.75,88.0,87.0,87.12,325500.0,2.6698041217423927,2.677410401291516,2.6469852830950216,2.6506362972786013,5208000.0
1989-03-06,False,daily,87.75,87.75,87.12,87.38,328900.0,2.6698041217423927,2.6698041217423927,2.6506362972786013,2.6585468280096896,5262400.0
1989-03-03,False,daily,86.88,87.25,86.5,87.12,289900.0,2.6433342689114423,2.6545915626441454,2.6317727239967743,2.6506362972786013,4638400.0
1989-03-02,False,daily,85.5,87.0,85.25,86.62,332600.0,2.60134760580028,2.6469852830950216,2.5937413262511564,2.635423738180354,5321600.0
1989-03-01,False,daily,86.75,86.88,85.12,85.62,457300.0,2.639379003545898,2.6433342689114423,2.5897860608856123,2.6049986199838595,7316800.0
1989-02-28,False,daily,87.0,87.12,85.5,86.12,448100.0,2.6469852830950216,2.6506362972786013,2.60134760580028,2.6202111790821068,7169600.0
1989-02-27,False,daily,86.12,87.12,85.88,86.88,216500.0,2.6202111790821068,2.6506362972786013,2.612909150714948,2.6433342689114423,3464000.0
1989-02-24,False,daily,87.5,87.5,86.12,86.25,407200.0,2.662197842193269,2.662197842193269,2.6202111790821068,2.624166444447651,6515200.0
1989-02-23,False,daily,87.25,87.75,86.75,87.38,369000.0,2.6545915626441454,2.6698041217423927,2.639379003545898,2.6585468280096896,5904000.0
1989-02-22,False,daily,89.62,89.62,87.25,87.25,361100.0,2.7266990927698376,2.7266990927698376,2.6545915626441454,2.6545915626441454,5777600.0
1989-02-21,False,daily,90.12,90.25,89.12,89.38,269100.0,2.741911651868085,2.745866917233629,2.7114865336715903,2.7193970644026786,4305600.0
1989-02-17,False,daily,89.62,90.5,89.5,90.38,395800.0,2.7266990927698376,2.7534731967827524,2.723048078586258,2.749822182599173,6332800.0
1989-02-16,False,daily,90.0,90.12,89.25,89.5,312500.0,2.738260637684505,2.741911651868085,2.7154417990371345,2.723048078586258,5000000.0
1989-02-15,False,daily,88.12,89.75,88.0,89.75,449000.0,2.681061415475096,2.7306543581353817,2.677410401291516,2.7306543581353817,7184000.0
1989-02-14,False,daily,89.25,89.38,88.0,88.5,438600.0,2.7154417990371345,2.7193970644026786,2.677410401291516,2.6926229603897633,7017600.0
1989-02-13,False,daily,88.5,90.25,88.25,89.0,511700.0,2.6774958651066747,2.7304406985974845,2.6699323174651304,2.6926229603897633,8187200.0
1989-02-10,False,daily,89.25,90.12,88.5,88.5,368000.0,2.7001865080313077,2.726507653823882,2.6774958651066747,2.6774958651066747,5888000.0
1989-02-09,False,daily,90.75,91.5,89.12,90.0,426400.0,2.745567793880573,2.768258436805206,2.6962534632577047,2.7228771509559406,6822400.0
1989-02-08,False,daily,91.75,92.25,91.5,91.5,397100.0,2.7758219844467504,2.790949079729839,2.768258436805206,2.768258436805206,6353600.0
1989-02-07,False,daily,90.12,92.25,90.12,91.38,445200.0,2.726507653823882,2.790949079729839,2.726507653823882,2.764627933937265,7123200.0
1989-02-06,False,daily,90.25,90.75,89.88,90.38,186700.0,2.7304406985974845,2.745567793880573,2.719246648087999,2.7343737433710875,2987200.0
1989-02-03,False,daily,89.62,90.5,89.5,90.5,285300.0,2.7113805585407933,2.738004246239029,2.707750055672852,2.738004246239029,4564800.0
1989-02-02,False,daily,91.25,91.25,90.12,90.12,268300.0,2.760694889163662,2.760694889163662,2.726507653823882,2.726507653823882,4292800.0
1989-02-01,False,daily,91.62,92.0,90.5,90.62,384400.0,2.7718889396731474,2.7833855320882948,2.738004246239029,2.7416347491069706,6150400.0
1989-01-31,False,daily,91.0,91.88,90.12,91.62,403600.0,2.7531313415221175,2.7797550292203534,2.726507653823882,2.7718889396731474,6457600.0
1989-01-30,False,daily,90.25,90.88,89.62,90.38,414800.0,2.7304406985974845,2.749500838654176,2.7113805585407933,2.7343737433710875,6636800.0
1989-01-27,False,daily,88.75,92.0,88.38,90.75,1062700.0,2.685059412748219,2.7833855320882948,2.6738653622387334,2.745567793880573,17003200.0
1989-01-26,False,daily,86.62,88.0,86.0,87.88,464300.0,2.620617986842262,2.662368769823586,2.601860388691232,2.6587382669556447,7428800.0
1989-01-25,False,daily,87.0,87.0,86.12,86.62,387500.0,2.632114579257409,2.632114579257409,2.6054908915591732,2.620617986842262,6200000.0
1989-01-24,False,daily,85.75,87.0,85.62,87.0,434900.0,2.5942968410496876,2.632114579257409,2.5903637962760846,2.632114579257409,6958400.0
1989-01-23,False,daily,86.12,86.88,85.5,85.5,289700.0,2.6054908915591732,2.628484076389468,2.5867332934081433,2.5867332934081433,4635200.0
1989-01-20,False,daily,86.0,86.25,85.75,86.12,416300.0,2.601860388691232,2.6094239363327763,2.5942968410496876,2.6054908915591732,6660800.0
1989-01-19,False,daily,86.62,86.62,85.75,86.0,240300.0,2.620617986842262,2.620617986842262,2.5942968410496876,2.601860388691232,3844800.0
1989-01-18,False,daily,85.75,86.62,85.5,86.62,527000.0,2.5942968410496876,2.620617986842262,2.5867332934081433,2.620617986842262,8432000.0
1989-01-17,False,daily,85.0,86.0,84.88,85.75,283600.0,2.5716061981250546,2.601860388691232,2.5679756952571133,2.5942968410496876,4537600.0
1989-01-16,False,daily,84.75,85.38,84.5,85.38,200000.0,2.5640426504835108,2.583102790540202,2.5564791028419664,2.583102790540202,3200000.0
1989-01-13,False,daily,84.62,84.62,84.25,84.5,302900.0,2.5601096057099078,2.5601096057099078,2.548915555200422,2.5564791028419664,4846400.0
1989-01-12,False,daily,85.5,85.5,84.5,84.5,449400.0,2.5867332934081433,2.5867332934081433,2.5564791028419664,2.5564791028419664,7190400.0
1989-01-11,False,daily,84.88,85.38,84.62,85.12,316200.0,2.5679756952571133,2.583102790540202,2.5601096057099078,2.5752367009929964,5059200.0
1989-01-10,False,daily,85.5,85.62,84.5,84.75,327400.0,2.5867332934081433,2.5903637962760846,2.5564791028419664,2.5640426504835108,5238400.0
1989-01-09,False,daily,85.62,86.0,85.12,85.5,421500.0,2.5903637962760846,2.601860388691232,2.5752367009929964,2.5867332934081433,6744000.0
1989-01-06,False,daily,86.25,86.25,85.62,85.62,247800.0,2.6094239363327763,2.6094239363327763,2.5903637962760846,2.5903637962760846,3964800.0
1989-01-05,False,daily,85.38,85.88,84.62,85.75,261400.0,2.583102790540202,2.5982298858232906,2.5601096057099078,2.5942968410496876,4182400.0
1989-01-04,False,daily,84.12,85.5,83.88,85.25,344100.0,2.544982510426819,2.5867332934081433,2.5377215046909365,2.579169745766599,5505600.0
1989-01-03,False,daily,85.0,85.0,83.0,83.62,401100.0,2.5716061981250546,2.5716061981250546,2.5110978169927005,2.5298554151437305,6417600.0
1990-12-31,False,daily,71.12,71.75,70.75,71.75,292700.0,4.492348383309673,4.532142807964975,4.468977054543861,4.532142807964975,2341600.0
1990-12-28,False,daily,70.62,71.0,70.5,71.0,213400.0,4.460765506599116,4.484768492899139,4.453185616188581,4.484768492899139,1707200.0
1990-12-27,False,daily,71.38,71.88,70.75,70.75,296900.0,4.508771479199162,4.540354355909719,4.468977054543861,4.468977054543861,2375200.0
1990-12-26,False,daily,71.25,71.62,71.12,71.38,154000.0,4.500559931254418,4.52393126002023,4.492348383309673,4.508771479199162,1232000.0
1990-12-24,False,daily,71.0,71.38,70.88,71.12,99500.0,4.484768492899139,4.508771479199162,4.477188602488605,4.492348383309673,796000.0
1990-12-21,False,daily,71.62,71.62,70.75,71.12,1443400.0,4.52393126002023,4.52393126002023,4.468977054543861,4.492348383309673,11547200.0
1990-12-20,False,daily,71.0,71.75,70.88,71.5,599600.0,4.484768492899139,4.532142807964975,4.477188602488605,4.516351369609696,4796800.0
1990-12-19,False,daily,71.62,72.12,71.12,71.62,687500.0,4.52393126002023,4.555514136730788,4.492348383309673,4.52393126002023,5500000.0
1990-12-18,False,daily,70.25,71.75,70.25,71.62,722200.0,4.437394177833303,4.532142807964975,4.437394177833303,4.52393126002023,5777600.0
1990-12-17,False,daily,70.12,70.38,69.62,70.38,353500.0,4.429182629888558,4.445605725778048,4.397599753178001,4.445605725778048,2828000.0
1990-12-14,False,daily,70.38,70.5,69.5,70.12,469800.0,4.445605725778048,4.453185616188581,4.390019862767467,4.429182629888558,3758400.0
1990-12-13,False,daily,71.12,71.5,70.38,70.75,590600.0,4.492348383309673,4.516351369609696,4.445605725778048,4.468977054543861,4724800.0
1990-12-12,False,daily,70.38,71.5,70.25,71.38,571000.0,4.445605725778048,4.516351369609696,4.437394177833303,4.508771479199162,4568000.0
1990-12-11,False,daily,70.12,70.5,69.88,70.25,386700.0,4.429182629888558,4.453185616188581,4.41402284906749,4.437394177833303,3093600.0
1990-12-10,False,daily,70.62,70.75,69.88,70.38,439200.0,4.460765506599116,4.468977054543861,4.41402284906749,4.445605725778048,3513600.0
1990-12-07,False,daily,70.5,70.88,69.88,70.75,802000.0,4.453185616188581,4.477188602488605,4.41402284906749,4.468977054543861,6416000.0
1990-12-06,False,daily,70.88,72.0,70.62,70.62,1233200.0,4.477188602488605,4.547934246320254,4.460765506599116,4.460765506599116,9865600.0
1990-12-05,False,daily,70.75,70.88,70.12,70.5,575700.0,4.468977054543861,4.477188602488605,4.429182629888558,4.453185616188581,4605600.0
1990-12-04,False,daily,71.0,71.5,70.25,71.0,793200.0,4.484768492899139,4.516351369609696,4.437394177833303,4.484768492899139,6345600.0
1990-12-03,False,daily,70.75,71.12,70.5,71.0,993700.0,4.468977054543861,4.492348383309673,4.453185616188581,4.484768492899139,7949600.0
1990-11-30,False,daily,68.0,70.38,68.0,69.75,1247800.0,4.295271232635795,4.445605725778048,4.295271232635795,4.405811301122745,9982400.0
1990-11-29,False,daily,67.25,68.38,67.12,68.0,1253500.0,4.2478969175699595,4.319274218935818,4.239685369625215,4.295271232635795,10028000.0
1990-11-28,False,daily,66.0,67.25,66.0,67.0,891800.0,4.168939725793566,4.2478969175699595,4.168939725793566,4.23210547921468,7134400.0
1990-11-27,False,daily,65.88,66.38,65.5,65.62,627800.0,4.161359835383032,4.192942712093589,4.137356849083009,4.144936739493542,5022400.0
1990-11-26,False,daily,64.88,65.5,64.62,65.38,514600.0,4.098194081961918,4.137356849083009,4.081770986072428,4.129776958672474,4116800.0
1990-11-23,False,daily,66.12,66.5,65.5,65.5,197300.0,4.1765196162041,4.200522602504123,4.137356849083009,4.137356849083009,1578400.0
1990-11-21,False,daily,65.88,66.25,65.75,66.0,499500.0,4.161359835383032,4.184731164148845,4.153148287438287,4.168939725793566,3996000.0
1990-11-20,False,daily,66.0,66.62,66.0,66.0,562800.0,4.168939725793566,4.208102492914657,4.168939725793566,4.168939725793566,4502400.0
1990-11-19,False,daily,66.62,66.75,65.88,66.5,544100.0,4.208102492914657,4.216314040859402,4.161359835383032,4.200522602504123,4352800.0
1990-11-16,False,daily,66.0,66.62,65.38,65.62,930100.0,4.168939725793566,4.208102492914657,4.129776958672474,4.144936739493542,7440800.0
1990-11-15,False,daily,65.88,66.5,65.38,65.75,794900.0,4.161359835383032,4.200522602504123,4.129776958672474,4.153148287438287,6359200.0
1990-11-14,False,daily,65.88,66.75,65.5,66.25,631100.0,4.161359835383032,4.216314040859402,4.137356849083009,4.184731164148845,5048800.0
1990-11-13,False,daily,66.5,66.75,66.0,66.25,768800.0,4.179075272802194,4.194786082098443,4.147653654209696,4.163364463505945,6150400.0
1990-11-12,False,daily,65.88,66.88,65.75,66.75,968100.0,4.140112465747497,4.202955702932492,4.131942844913448,4.194786082098443,7744800.0
1990-11-09,False,daily,65.0,66.12,64.62,65.5,1010500.0,4.084810417024701,4.1551948426718965,4.060929986894403,4.116232035617199,8084000.0
1990-11-08,False,daily,65.25,66.0,64.5,65.0,659200.0,4.10052122632095,4.147653654209696,4.053388798432204,4.084810417024701,5273600.0
1990-11-07,False,daily,66.25,66.5,65.25,65.38,463000.0,4.163364463505945,4.179075272802194,4.10052122632095,4.108690847155,3704000.0
1990-11-06,False,daily,67.12,67.38,66.25,66.38,319400.0,4.218038079856892,4.23437732152499,4.163364463505945,4.171534084339995,2555200.0
1990-11-05,False,daily,66.62,67.75,66.62,67.5,421400.0,4.186616461264394,4.2576293192834385,4.186616461264394,4.2419185099871894,3371200.0
1990-11-02,False,daily,65.75,66.75,65.38,66.62,636600.0,4.131942844913448,4.194786082098443,4.108690847155,4.186616461264394,5092800.0
1990-11-01,False,daily,64.25,65.88,63.75,65.75,748000.0,4.037677989135955,4.140112465747497,4.006256370543457,4.131942844913448,5984000.0
1990-10-31,False,daily,66.0,66.25,63.88,64.38,556200.0,4.147653654209696,4.163364463505945,4.014425991377506,4.045847609970004,4449600.0
1990-10-30,False,daily,65.38,66.0,64.38,65.75,774000.0,4.108690847155,4.147653654209696,4.045847609970004,4.131942844913448,6192000.0
1990-10-29,False,daily,66.0,66.75,65.0,65.5,508900.0,4.147653654209696,4.194786082098443,4.084810417024701,4.116232035617199,4071200.0
1990-10-26,False,daily,67.25,67.5,65.75,66.12,422500.0,4.226207700690941,4.2419185099871894,4.131942844913448,4.1551948426718965,3380000.0
1990-10-25,False,daily,67.62,68.25,66.88,67.62,712300.0,4.24945969844939,4.2890509378759365,4.202955702932492,4.24945969844939,5698400.0
1990-10-24,False,daily,68.5,68.62,67.62,67.88,469700.0,4.3047617471721855,4.312302935634385,4.24945969844939,4.265798940117488,3757600.0
1990-10-23,False,daily,68.12,69.5,68.0,68.62,698400.0,4.280881317041887,4.367604984357181,4.2733401285796875,4.312302935634385,5587200.0
1990-10-22,False,daily,67.62,69.0,67.25,68.25,1448900.0,4.24945969844939,4.336183365764683,4.226207700690941,4.2890509378759365,11591200.0
1990-10-19,False,daily,67.62,67.75,66.25,67.38,1356600.0,4.24945969844939,4.2576293192834385,4.163364463505945,4.23437732152499,10852800.0
1990-10-18,False,daily,65.25,67.0,65.25,66.88,944100.0,4.10052122632095,4.210496891394692,4.10052122632095,4.202955702932492,7552800.0
1990-10-17,False,daily,64.5,65.62,64.38,65.12,381500.0,4.053388798432204,4.1237732240793985,4.045847609970004,4.092351605486901,3052000.0
1990-10-16,False,daily,65.75,65.88,64.62,64.75,549900.0,4.131942844913448,4.140112465747497,4.060929986894403,4.069099607728452,4399200.0
1990-10-15,False,daily,64.75,66.12,64.12,65.38,757200.0,4.069099607728452,4.1551948426718965,4.029508368301905,4.108690847155,6057600.0
1990-10-12,False,daily,63.62,64.5,63.38,64.25,708600.0,3.9980867497094073,4.053388798432204,3.983004372785009,4.037677989135955,5668800.0
1990-10-11,False,daily,64.38,64.62,63.38,63.38,755800.0,4.045847609970004,4.060929986894403,3.983004372785009,3.983004372785009,6046400.0
1990-10-10,False,daily,64.5,65.25,64.12,64.5,747600.0,4.053388798432204,4.10052122632095,4.029508368301905,4.053388798432204,5980800.0
1990-10-09,False,daily,66.0,66.5,65.12,65.12,675200.0,4.147653654209696,4.179075272802194,4.092351605486901,4.092351605486901,5401600.0
1990-10-08,False,daily,66.0,66.5,65.75,66.5,387900.0,4.147653654209696,4.179075272802194,4.131942844913448,4.179075272802194,3103200.0
1990-10-05,False,daily,64.0,66.25,64.0,65.5,809100.0,4.021967179839706,4.163364463505945,4.021967179839706,4.116232035617199,6472800.0
1990-10-04,False,daily,65.38,65.88,64.75,65.5,552200.0,4.108690847155,4.140112465747497,4.069099607728452,4.116232035617199,4417600.0
1990-10-03,False,daily,66.12,66.62,64.88,65.38,581900.0,4.1551948426718965,4.186616461264394,4.077269228562502,4.108690847155,4655200.0
1990-10-02,False,daily,66.88,67.75,66.38,66.38,1037900.0,4.202955702932492,4.2576293192834385,4.171534084339995,4.171534084339995,8303200.0
1990-10-01,False,daily,64.0,66.12,63.75,65.88,1220400.0,4.021967179839706,4.1551948426718965,4.006256370543457,4.140112465747497,9763200.0
1990-09-28,False,daily,61.0,63.25,60.88,63.25,823700.0,3.8334374682847194,3.9748347519509593,3.8258962798225205,3.9748347519509593,6589600.0
1990-09-27,False,daily,63.38,63.62,62.0,62.38,679300.0,3.983004372785009,3.9980867497094073,3.896280705469715,3.9201611356000137,5434400.0
1990-09-26,False,daily,62.62,63.12,61.88,62.75,849700.0,3.935243512524412,3.9666651311169097,3.8887395170075156,3.9434131333584617,6797600.0
1990-09-25,False,daily,61.5,63.0,61.25,63.0,745500.0,3.8648590868772175,3.9591239426547107,3.8491482775809684,3.9591239426547107,5964000.0
1990-09-24,False,daily,61.25,62.0,60.5,61.38,725300.0,3.8491482775809684,3.896280705469715,3.802015849692222,3.857317898415018,5802400.0
1990-09-21,False,daily,62.12,62.75,61.62,62.5,1143500.0,3.9038218939319145,3.9434131333584617,3.8724002753394164,3.9277023240622126,9148000.0
1990-09-20,False,daily,63.5,63.5,62.25,62.25,631400.0,3.9905455612472083,3.9905455612472083,3.911991514765964,3.911991514765964,5051200.0
1990-09-19,False,daily,65.0,65.12,64.0,64.0,504700.0,4.084810417024701,4.092351605486901,4.021967179839706,4.021967179839706,4037600.0
1990-09-18,False,daily,63.62,64.88,63.0,64.75,733000.0,3.9980867497094073,4.077269228562502,3.9591239426547107,4.069099607728452,5864000.0
1990-09-17,False,daily,63.62,64.62,63.25,64.12,557800.0,3.9980867497094073,4.060929986894403,3.9748347519509593,4.029508368301905,4462400.0
1990-09-14,False,daily,63.5,63.75,63.0,63.75,559100.0,3.9905455612472083,4.006256370543457,3.9591239426547107,4.006256370543457,4472800.0
1990-09-13,False,daily,64.75,64.88,63.38,63.62,447000.0,4.069099607728452,4.077269228562502,3.983004372785009,3.9980867497094073,3576000.0
1990-09-12,False,daily,65.38,65.38,64.75,65.0,436000.0,4.108690847155,4.108690847155,4.069099607728452,4.084810417024701,3488000.0
1990-09-11,False,daily,65.5,65.5,64.75,65.0,436900.0,4.116232035617199,4.116232035617199,4.069099607728452,4.084810417024701,3495200.0
1990-09-10,False,daily,66.0,66.12,64.75,65.25,655300.0,4.147653654209696,4.1551948426718965,4.069099607728452,4.10052122632095,5242400.0
1990-09-07,False,daily,64.75,65.62,64.5,65.62,695300.0,4.069099607728452,4.1237732240793985,4.053388798432204,4.1237732240793985,5562400.0
1990-09-06,False,daily,65.75,65.75,64.0,64.75,751300.0,4.131942844913448,4.131942844913448,4.021967179839706,4.069099607728452,6010400.0
1990-09-05,False,daily,66.38,66.75,65.75,66.12,922900.0,4.171534084339995,4.194786082098443,4.131942844913448,4.1551948426718965,7383200.0
1990-09-04,False,daily,64.62,66.12,64.5,66.12,544600.0,4.060929986894403,4.1551948426718965,4.053388798432204,4.1551948426718965,4356800.0
1990-08-31,False,daily,65.25,65.62,64.5,65.62,362500.0,4.10052122632095,4.1237732240793985,4.053388798432204,4.1237732240793985,2900000.0
1990-08-30,False,daily,66.12,66.38,64.88,65.12,613500.0,4.1551948426718965,4.171534084339995,4.077269228562502,4.092351605486901,4908000.0
1990-08-29,False,daily,64.25,66.5,64.25,66.0,593400.0,4.037677989135955,4.179075272802194,4.037677989135955,4.147653654209696,4747200.0
1990-08-28,False,daily,64.5,65.62,64.25,64.75,498800.0,4.053388798432204,4.1237732240793985,4.037677989135955,4.069099607728452,3990400.0
1990-08-27,False,daily,64.5,65.0,64.0,64.62,726400.0,4.053388798432204,4.084810417024701,4.021967179839706,4.060929986894403,5811200.0
1990-08-24,False,daily,62.25,62.5,60.75,62.0,815100.0,3.911991514765964,3.9277023240622126,3.817726658988471,3.896280705469715,6520800.0
1990-08-23,False,daily,60.5,61.75,60.0,60.88,1431900.0,3.802015849692222,3.880569896173466,3.7705942310997242,3.8258962798225205,11455200.0
1990-08-22,False,daily,64.5,65.0,62.38,62.75,769700.0,4.053388798432204,4.084810417024701,3.9201611356000137,3.9434131333584617,6157600.0
1990-08-21,False,daily,63.75,64.75,62.25,63.88,1219700.0,4.006256370543457,4.069099607728452,3.911991514765964,4.014425991377506,9757600.0
1990-08-20,False,daily,65.75,66.5,64.88,65.0,404500.0,4.131942844913448,4.179075272802194,4.077269228562502,4.084810417024701,3236000.0
1990-08-17,False,daily,66.25,67.0,64.12,65.88,1557400.0,4.163364463505945,4.210496891394692,4.029508368301905,4.140112465747497,12459200.0
1990-08-16,False,daily,68.0,68.12,66.88,66.88,910700.0,4.2733401285796875,4.280881317041887,4.202955702932492,4.202955702932492,7285600.0
1990-08-15,False,daily,68.5,69.38,68.12,68.38,928900.0,4.3047617471721855,4.360063795894981,4.280881317041887,4.297220558709985,7431200.0
1990-08-14,False,daily,67.0,68.12,66.62,67.62,1111400.0,4.189664980115964,4.259701170828351,4.165902701124262,4.228435014260321,8891200.0
1990-08-13,False,daily,65.38,67.38,65.25,67.38,621200.0,4.0883626328355485,4.213427259107666,4.080233432127861,4.213427259107666,4969600.0
1990-08-10,False,daily,67.5,67.5,65.0,66.12,597100.0,4.220931136683994,4.220931136683994,4.064600353843846,4.1346365445562325,4776800.0
1990-08-09,False,daily,67.25,67.62,66.62,66.88,689500.0,4.205298058399979,4.228435014260321,4.165902701124262,4.182161102539637,5516000.0
1990-08-08,False,daily,65.75,67.88,65.38,67.12,1155900.0,4.1114995886958905,4.244693415675696,4.0883626328355485,4.197168857692292,9247200.0
1990-08-07,False,daily,65.5,65.75,64.38,65.25,1225400.0,4.095866510411875,4.1114995886958905,4.025830319699489,4.080233432127861,9803200.0
1990-08-06,False,daily,63.5,64.88,63.0,64.0,1343800.0,3.970801884139757,4.057096476267518,3.9395357275717275,4.002068040707787,10750400.0
1990-08-03,False,daily,68.25,68.25,64.38,67.25,1772600.0,4.267830371536038,4.267830371536038,4.025830319699489,4.205298058399979,14180800.0
1990-08-02,False,daily,69.0,69.5,68.5,68.75,1055200.0,4.314729606388083,4.345995762956112,4.2834634498200534,4.299096528104068,8441600.0
1990-08-01,False,daily,70.38,70.75,69.88,70.5,648700.0,4.401024198515844,4.424161154376186,4.369758041947814,4.408528076092171,5189600.0
1990-07-31,False,daily,71.62,71.75,70.38,70.62,737700.0,4.478564266804558,4.486693467512246,4.401024198515844,4.416031953668499,5901600.0
1990-07-30,False,daily,71.88,72.12,70.62,71.62,827500.0,4.494822668219933,4.509830423372588,4.416031953668499,4.478564266804558,6620000.0
1990-07-27,False,daily,73.25,73.38,72.12,72.38,477700.0,4.580491937216334,4.588621137924021,4.509830423372588,4.526088824787962,3821600.0
1990-07-26,False,daily,73.12,73.88,72.88,73.38,765900.0,4.572362736508647,4.6198872944920515,4.557354981355992,4.588621137924021,6127200.0
1990-07-25,False,daily,72.0,73.5,72.0,73.25,799100.0,4.50232654579626,4.596125015500349,4.50232654579626,4.580491937216334,6392800.0
1990-07-24,False,daily,71.5,72.0,70.5,72.0,1107700.0,4.471060389228231,4.50232654579626,4.408528076092171,4.50232654579626,8861600.0
1990-07-23,False,daily,72.0,72.25,69.25,71.0,1298600.0,4.50232654579626,4.517959624080275,4.330362684672098,4.439794232660201,10388800.0
1990-07-20,False,daily,72.62,74.12,72.5,73.0,1219400.0,4.541096579940617,4.634895049644706,4.53359270236429,4.564858858932319,9755200.0
1990-07-19,False,daily,71.0,72.75,71.0,72.75,717400.0,4.439794232660201,4.549225780648305,4.439794232660201,4.549225780648305,5739200.0
1990-07-18,False,daily,71.12,71.75,70.75,71.38,683900.0,4.447298110236528,4.486693467512246,4.424161154376186,4.463556511651904,5471200.0
1990-07-17,False,daily,71.38,71.38,70.12,71.12,595900.0,4.463556511651904,4.463556511651904,4.384765797100469,4.447298110236528,4767200.0
1990-07-16,False,daily,71.0,71.5,70.62,70.88,602900.0,4.439794232660201,4.471060389228231,4.416031953668499,4.4322903550838735,4823200.0
1990-07-13,False,daily,71.0,71.88,70.5,70.5,711200.0,4.439794232660201,4.494822668219933,4.408528076092171,4.408528076092171,5689600.0
1990-07-12,False,daily,70.0,70.88,69.5,70.88,727900.0,4.377261919524142,4.4322903550838735,4.345995762956112,4.4322903550838735,5823200.0
1990-07-11,False,daily,68.5,70.25,68.25,69.62,601000.0,4.2834634498200534,4.392894997808157,4.267830371536038,4.35349964053244,4808000.0
1990-07-10,False,daily,68.38,68.5,67.75,68.0,334300.0,4.275959572243726,4.2834634498200534,4.236564214968009,4.252197293252023,2674400.0
1990-07-09,False,daily,69.0,69.0,68.25,68.38,543600.0,4.314729606388083,4.314729606388083,4.267830371536038,4.275959572243726,4348800.0
1990-07-06,False,daily,68.0,69.25,67.88,68.88,400400.0,4.252197293252023,4.330362684672098,4.244693415675696,4.307225728811756,3203200.0
1990-07-05,False,daily,69.25,69.38,67.88,68.38,431000.0,4.330362684672098,4.338491885379785,4.244693415675696,4.275959572243726,3448000.0
1990-07-03,False,daily,69.88,69.88,69.25,69.25,509800.0,4.369758041947814,4.369758041947814,4.330362684672098,4.330362684672098,4078400.0
1990-07-02,False,daily,67.75,69.62,67.5,69.62,409500.0,4.236564214968009,4.35349964053244,4.220931136683994,4.35349964053244,3276000.0
1990-06-29,False,daily,67.88,68.25,67.12,67.75,605900.0,4.244693415675696,4.267830371536038,4.197168857692292,4.236564214968009,4847200.0
1990-06-28,False,daily,66.75,68.12,66.75,67.88,626600.0,4.17403190183195,4.259701170828351,4.17403190183195,4.244693415675696,5012800.0
1990-06-27,False,daily,65.12,66.75,65.12,66.62,617900.0,4.072104231420173,4.17403190183195,4.072104231420173,4.165902701124262,4943200.0
1990-06-26,False,daily,65.75,65.88,64.88,64.88,627200.0,4.1114995886958905,4.119628789403578,4.057096476267518,4.057096476267518,5017600.0
1990-06-25,False,daily,65.5,66.0,64.5,64.75,448900.0,4.095866510411875,4.1271326669799056,4.033334197275816,4.048967275559831,3591200.0
1990-06-22,False,daily,66.88,67.25,65.38,65.38,649600.0,4.182161102539637,4.205298058399979,4.0883626328355485,4.0883626328355485,5196800.0
1990-06-21,False,daily,65.12,67.12,65.0,66.62,984600.0,4.072104231420173,4.197168857692292,4.064600353843846,4.165902701124262,7876800.0
1990-06-20,False,daily,64.12,65.12,63.88,64.62,744500.0,4.009571918284114,4.072104231420173,3.99456416313146,4.040838074852144,5956000.0
1990-06-19,False,daily,63.25,63.88,63.25,63.75,526100.0,3.9551688058557426,3.99456416313146,3.9551688058557426,3.9864349624237723,4208800.0
1990-06-18,False,daily,64.0,64.12,63.25,63.38,483100.0,4.002068040707787,4.009571918284114,3.9551688058557426,3.9632980065634302,3864800.0
1990-06-15,False,daily,63.5,64.38,63.38,64.38,1376200.0,3.970801884139757,4.025830319699489,3.9632980065634302,4.025830319699489,11009600.0
1990-06-14,False,daily,64.5,64.5,63.88,63.88,423200.0,4.033334197275816,4.033334197275816,3.99456416313146,3.99456416313146,3385600.0
1990-06-13,False,daily,65.0,65.25,64.38,64.75,529000.0,4.064600353843846,4.080233432127861,4.025830319699489,4.048967275559831,4232000.0
1990-06-12,False,daily,64.25,65.0,63.38,65.0,784600.0,4.017701118991802,4.064600353843846,3.9632980065634302,4.064600353843846,6276800.0
1990-06-11,False,daily,63.12,64.0,63.12,64.0,582800.0,3.9470396051480545,4.002068040707787,3.9470396051480545,4.002068040707787,4662400.0
1990-06-08,False,daily,64.25,64.38,62.88,63.0,399100.0,4.017701118991802,4.025830319699489,3.9320318499954006,3.9395357275717275,3192800.0
1990-06-07,False,daily,64.5,64.75,64.0,64.25,512900.0,4.033334197275816,4.048967275559831,4.002068040707787,4.017701118991802,4103200.0
1990-06-06,False,daily,65.0,65.12,64.25,64.62,636300.0,4.064600353843846,4.072104231420173,4.017701118991802,4.040838074852144,5090400.0
1990-06-05,False,daily,65.25,65.75,65.12,65.25,929100.0,4.080233432127861,4.1114995886958905,4.072104231420173,4.080233432127861,7432800.0
1990-06-04,False,daily,64.25,65.25,63.75,65.12,582800.0,4.017701118991802,4.080233432127861,3.9864349624237723,4.072104231420173,4662400.0
1990-06-01,False,daily,64.5,64.5,63.75,64.25,484300.0,4.033334197275816,4.033334197275816,3.9864349624237723,4.017701118991802,3874400.0
1990-05-31,False,daily,63.88,64.12,63.75,63.88,539600.0,3.99456416313146,4.009571918284114,3.9864349624237723,3.99456416313146,4316800.0
1990-05-30,False,daily,64.0,64.38,63.5,64.12,670400.0,4.002068040707787,4.025830319699489,3.970801884139757,4.009571918284114,5363200.0
1990-05-29,False,daily,63.0,63.88,62.75,63.75,512700.0,3.9395357275717275,3.99456416313146,3.923902649287713,3.9864349624237723,4101600.0
1990-05-25,False,daily,63.0,63.12,62.5,62.62,517200.0,3.9395357275717275,3.9470396051480545,3.9082695710036983,3.915773448580025,4137600.0
1990-05-24,False,daily,62.5,63.5,62.0,63.5,948300.0,3.9082695710036983,3.970801884139757,3.8770034144356686,3.970801884139757,7586400.0
1990-05-23,False,daily,62.12,62.38,61.62,62.25,571000.0,3.8845072920119956,3.9007656934273713,3.853241135443966,3.8926364927196833,4568000.0
1990-05-22,False,daily,62.0,62.62,61.25,62.12,1006000.0,3.8770034144356686,3.915773448580025,3.8301041795836244,3.8845072920119956,8048000.0
1990-05-21,False,daily,60.62,61.88,60.5,61.75,656600.0,3.7907088223079066,3.8694995368593417,3.7832049447315796,3.8613703361516536,5252800.0
1990-05-18,False,daily,61.25,61.25,60.38,60.75,972300.0,3.8301041795836244,3.8301041795836244,3.7757010671552527,3.7988380230155947,7778400.0
1990-05-17,False,daily,61.0,61.5,60.75,61.25,647200.0,3.8144711012996093,3.845737257867639,3.7988380230155947,3.8301041795836244,5177600.0
1990-05-16,False,daily,61.0,61.25,60.12,60.88,728600.0,3.8144711012996093,3.8301041795836244,3.759442665739877,3.8069672237232823,5828800.0
1990-05-15,False,daily,60.62,61.12,60.25,61.0,571100.0,3.7696562087896983,3.800748721234351,3.746647749580655,3.7932865182476343,4568800.0
1990-05-14,False,daily,60.0,61.25,60.0,60.62,1340800.0,3.731101493358329,3.808832774469961,3.731101493358329,3.7696562087896983,10726400.0
1990-05-11,False,daily,59.12,60.25,58.75,60.0,1393100.0,3.67637867145574,3.746647749580655,3.653370212246697,3.731101493358329,11144800.0
1990-05-10,False,daily,58.62,59.12,58.25,58.75,661200.0,3.645286159011087,3.67637867145574,3.6222776998020443,3.653370212246697,5289600.0
1990-05-09,False,daily,59.12,59.38,58.25,58.38,868300.0,3.67637867145574,3.69254677792696,3.6222776998020443,3.630361753037654,6946400.0
1990-05-08,False,daily,59.5,59.5,59.0,59.25,484400.0,3.700008980913676,3.700008980913676,3.6689164684690234,3.68446272469135,3875200.0
1990-05-07,False,daily,59.0,59.5,58.75,59.38,420000.0,3.6689164684690234,3.700008980913676,3.653370212246697,3.69254677792696,3360000.0
1990-05-04,False,daily,58.75,59.12,58.12,59.0,591400.0,3.653370212246697,3.67637867145574,3.6141936465664344,3.6689164684690234,4731200.0
1990-05-03,False,daily,58.38,58.75,57.88,58.0,641300.0,3.630361753037654,3.653370212246697,3.5992692405930016,3.6067314435797178,5130400.0
1990-05-02,False,daily,57.12,58.25,57.0,58.25,557500.0,3.552008621677129,3.6222776998020443,3.5445464186904125,3.6222776998020443,4460000.0
1990-05-01,False,daily,57.0,57.62,56.75,57.25,561400.0,3.5445464186904125,3.5831011341217818,3.529000162468086,3.5600926749127386,4491200.0
1990-04-30,False,daily,56.0,56.62,55.62,56.62,639900.0,3.482361393801107,3.520916109232476,3.458731084343171,3.520916109232476,5119200.0
1990-04-27,False,daily,57.25,57.5,56.0,56.38,539000.0,3.5600926749127386,3.575638931135065,3.482361393801107,3.5059917032590433,4312000.0
1990-04-26,False,daily,56.75,57.25,56.25,57.12,589000.0,3.529000162468086,3.5600926749127386,3.4979076500234334,3.552008621677129,4712000.0
1990-04-25,False,daily,56.75,57.12,56.25,56.5,657200.0,3.529000162468086,3.552008621677129,3.4979076500234334,3.51345390624576,5257600.0
1990-04-24,False,daily,57.38,57.62,56.38,56.62,549400.0,3.5681767281483485,3.5831011341217818,3.5059917032590433,3.520916109232476,4395200.0
1990-04-23,False,daily,58.25,58.25,57.0,57.12,504000.0,3.6222776998020443,3.6222776998020443,3.5445464186904125,3.552008621677129,4032000.0
1990-04-20,False,daily,58.38,58.5,57.75,58.25,1022100.0,3.630361753037654,3.637823956024371,3.5911851873573917,3.6222776998020443,8176800.0
1990-04-19,False,daily,57.5,58.62,57.5,58.12,584500.0,3.575638931135065,3.645286159011087,3.575638931135065,3.6141936465664344,4676000.0
1990-04-18,False,daily,59.0,59.25,58.38,58.62,658300.0,3.6689164684690234,3.68446272469135,3.630361753037654,3.645286159011087,5266400.0
1990-04-17,False,daily,58.0,59.38,57.88,59.12,505700.0,3.6067314435797178,3.69254677792696,3.5992692405930016,3.67637867145574,4045600.0
1990-04-16,False,daily,59.25,59.38,58.25,58.38,602800.0,3.68446272469135,3.69254677792696,3.6222776998020443,3.630361753037654,4822400.0
1990-04-12,False,daily,57.62,58.62,57.38,58.62,950600.0,3.5831011341217818,3.645286159011087,3.5681767281483485,3.645286159011087,7604800.0
1990-04-11,False,daily,58.5,59.0,58.25,58.25,445700.0,3.637823956024371,3.6689164684690234,3.6222776998020443,3.6222776998020443,3565600.0
1990-04-10,False,daily,57.5,58.38,57.38,58.12,386200.0,3.575638931135065,3.630361753037654,3.5681767281483485,3.6141936465664344,3089600.0
1990-04-09,False,daily,57.12,58.38,57.0,58.12,518000.0,3.552008621677129,3.630361753037654,3.5445464186904125,3.6141936465664344,4144000.0
1990-04-06,False,daily,57.38,57.5,56.12,57.12,375500.0,3.5681767281483485,3.575638931135065,3.4898235967878235,3.552008621677129,3004000.0
1990-04-05,False,daily,57.38,57.88,57.0,57.12,666000.0,3.5681767281483485,3.5992692405930016,3.5445464186904125,3.552008621677129,5328000.0
1990-04-04,False,daily,57.88,58.38,56.5,56.75,638700.0,3.5992692405930016,3.630361753037654,3.51345390624576,3.529000162468086,5109600.0
1990-04-03,False,daily,56.38,57.75,56.12,57.62,555100.0,3.5059917032590433,3.5911851873573917,3.4898235967878235,3.5831011341217818,4440800.0
1990-04-02,False,daily,55.75,56.25,55.5,56.12,401500.0,3.466815137578781,3.4979076500234334,3.4512688813564543,3.4898235967878235,3212000.0
1990-03-30,False,daily,56.75,56.75,56.0,56.12,424100.0,3.529000162468086,3.529000162468086,3.482361393801107,3.4898235967878235,3392800.0
1990-03-29,False,daily,57.12,57.25,56.5,56.62,508200.0,3.552008621677129,3.5600926749127386,3.51345390624576,3.520916109232476,4065600.0
1990-03-28,False,daily,57.38,57.5,56.75,57.12,339500.0,3.5681767281483485,3.575638931135065,3.529000162468086,3.552008621677129,2716000.0
1990-03-27,False,daily,55.88,57.5,55.5,57.12,449500.0,3.4748991908143907,3.575638931135065,3.4512688813564543,3.552008621677129,3596000.0
1990-03-26,False,daily,55.88,56.25,55.75,55.88,425500.0,3.4748991908143907,3.4979076500234334,3.466815137578781,3.4748991908143907,3404000.0
1990-03-23,False,daily,55.25,55.88,55.0,55.75,392900.0,3.4357226251341277,3.4748991908143907,3.4201763689118017,3.466815137578781,3143200.0
1990-03-22,False,daily,56.12,56.38,54.62,54.88,618200.0,3.4898235967878235,3.5059917032590433,3.3965460594538652,3.412714165925085,4945600.0
1990-03-21,False,daily,56.12,56.75,55.88,55.88,280000.0,3.4898235967878235,3.529000162468086,3.4748991908143907,3.4748991908143907,2240000.0
1990-03-20,False,daily,57.0,57.0,56.12,56.38,556600.0,3.5445464186904125,3.5445464186904125,3.4898235967878235,3.5059917032590433,4452800.0
1990-03-19,False,daily,56.62,57.25,56.62,57.0,513800.0,3.520916109232476,3.5600926749127386,3.520916109232476,3.5445464186904125,4110400.0
1990-03-16,False,daily,57.12,57.5,56.75,57.25,1696800.0,3.552008621677129,3.575638931135065,3.529000162468086,3.5600926749127386,13574400.0
1990-03-15,False,daily,55.25,57.25,55.0,56.88,1025800.0,3.4357226251341277,3.5600926749127386,3.4201763689118017,3.537084215703696,8206400.0
1990-03-14,False,daily,54.62,55.25,54.5,55.12,530200.0,3.3965460594538652,3.4357226251341277,3.3890838564671486,3.427638571898518,4241600.0
1990-03-13,False,daily,55.25,55.38,54.25,54.38,404400.0,3.4357226251341277,3.4438066783697376,3.3735376002448225,3.3816216534804324,3235200.0
1990-03-12,False,daily,55.25,55.5,54.62,55.38,362400.0,3.4357226251341277,3.4512688813564543,3.3965460594538652,3.4438066783697376,2899200.0
1990-03-09,False,daily,55.62,55.75,55.25,55.62,385900.0,3.458731084343171,3.466815137578781,3.4357226251341277,3.458731084343171,3087200.0
1990-03-08,False,daily,55.75,56.0,55.38,55.88,416200.0,3.466815137578781,3.482361393801107,3.4438066783697376,3.4748991908143907,3329600.0
1990-03-07,False,daily,55.75,55.75,55.0,55.25,394700.0,3.466815137578781,3.466815137578781,3.4201763689118017,3.4357226251341277,3157600.0
1990-03-06,False,daily,54.38,55.38,54.38,55.25,514700.0,3.3816216534804324,3.4438066783697376,3.3816216534804324,3.4357226251341277,4117600.0
1990-03-05,False,daily,55.0,55.5,54.12,54.12,567000.0,3.4201763689118017,3.4512688813564543,3.3654535470092126,3.3654535470092126,4536000.0
1990-03-02,False,daily,54.5,55.0,54.12,55.0,544200.0,3.3890838564671486,3.4201763689118017,3.3654535470092126,3.4201763689118017,4353600.0
1990-03-01,False,daily,53.88,54.62,53.75,54.0,380100.0,3.3505291410357794,3.3965460594538652,3.3424450878001695,3.357991344022496,3040800.0
1990-02-28,False,daily,53.12,54.12,53.12,53.62,762700.0,3.303268522119907,3.3654535470092126,3.303268522119907,3.3343610345645596,6101600.0
1990-02-27,False,daily,53.5,54.0,53.25,53.38,601900.0,3.3268988315778434,3.357991344022496,3.311352575355517,3.3194366285911268,4815200.0
1990-02-26,False,daily,52.5,53.5,52.0,53.38,519600.0,3.2647138066885377,3.3268988315778434,3.233621294243885,3.3194366285911268,4156800.0
1990-02-23,False,daily,53.12,53.25,52.0,52.12,1046100.0,3.303268522119907,3.311352575355517,3.233621294243885,3.2410834972306017,8368800.0
1990-02-22,False,daily,54.0,54.25,53.12,53.12,449200.0,3.357991344022496,3.3735376002448225,3.303268522119907,3.303268522119907,3593600.0
1990-02-21,False,daily,53.5,54.0,53.5,53.75,708000.0,3.3268988315778434,3.357991344022496,3.3268988315778434,3.3424450878001695,5664000.0
1990-02-20,False,daily,55.25,55.25,53.5,54.5,605500.0,3.4357226251341277,3.4357226251341277,3.3268988315778434,3.3890838564671486,4844000.0
1990-02-16,False,daily,56.38,56.38,55.25,55.5,710700.0,3.5059917032590433,3.5059917032590433,3.4357226251341277,3.4512688813564543,5685600.0
1990-02-15,False,daily,55.25,56.38,55.25,56.38,413300.0,3.4357226251341277,3.5059917032590433,3.4357226251341277,3.5059917032590433,3306400.0
1990-02-14,False,daily,55.25,55.62,55.0,55.5,462100.0,3.4357226251341277,3.458731084343171,3.4201763689118017,3.4512688813564543,3696800.0
1990-02-13,False,daily,55.62,55.62,54.62,55.0,449200.0,3.458731084343171,3.458731084343171,3.3965460594538652,3.4201763689118017,3593600.0
1990-02-12,False,daily,56.25,56.25,55.5,55.75,320400.0,3.4795608745033246,3.4795608745033246,3.433166729509947,3.4486314445077397,2563200.0
1990-02-09,False,daily,56.0,56.62,55.88,56.12,406200.0,3.464096159505532,3.5024486527000573,3.456673096306592,3.4715192227044724,3249600.0
1990-02-08,False,daily,55.38,56.25,55.12,55.75,1082400.0,3.425743666311007,3.4795608745033246,3.409660362713302,3.4486314445077397,8659200.0
1990-02-07,False,daily,53.88,55.25,53.38,54.75,681500.0,3.3329553763242514,3.4177020145121544,3.3020259463286665,3.3867725845165695,5452000.0
1990-02-06,False,daily,54.5,54.5,53.25,54.0,470100.0,3.371307869518777,3.371307869518777,3.293984294529814,3.340378439523192,3760800.0
1990-02-05,False,daily,54.38,54.62,54.0,54.25,488800.0,3.3638848063198368,3.3787309327177173,3.340378439523192,3.355843154520984,3910400.0
1990-02-02,False,daily,53.5,55.0,53.38,54.62,591000.0,3.3094490095276066,3.402237299514362,3.3020259463286665,3.3787309327177173,4728000.0
1990-02-01,False,daily,54.25,54.25,53.12,53.38,741800.0,3.355843154520984,3.355843154520984,3.2859426427309617,3.3020259463286665,5934400.0
1990-01-31,False,daily,52.25,52.88,51.88,52.38,642800.0,3.2321254345386436,3.271096516333081,3.209237656341911,3.2401670863374963,5142400.0
1990-01-30,False,daily,53.25,53.38,51.12,52.0,809400.0,3.293984294529814,3.3020259463286665,3.162224922748621,3.2166607195408514,6475200.0
1990-01-29,False,daily,53.5,53.62,52.5,52.88,558700.0,3.3094490095276066,3.316872072726547,3.2475901495364363,3.271096516333081,4469600.0
1990-01-26,False,daily,53.0,53.88,51.5,52.88,810700.0,3.2785195795320217,3.3329553763242514,3.185731289545266,3.271096516333081,6485600.0
1990-01-25,False,daily,53.88,54.62,52.75,53.0,640500.0,3.3329553763242514,3.3787309327177173,3.263054864534229,3.2785195795320217,5124000.0
1990-01-24,False,daily,54.0,54.75,52.62,54.25,1468000.0,3.340378439523192,3.3867725845165695,3.255013212735377,3.355843154520984,11744000.0
1990-01-23,False,daily,56.38,56.38,55.0,55.25,777400.0,3.487602526302177,3.487602526302177,3.402237299514362,3.4177020145121544,6219200.0
1990-01-22,False,daily,57.12,57.25,55.38,55.38,500400.0,3.5333780826956427,3.541419734494495,3.425743666311007,3.425743666311007,4003200.0
1990-01-19,False,daily,56.62,57.5,56.5,57.38,749000.0,3.5024486527000573,3.5568844494922875,3.4950255895011173,3.549461386293347,5992000.0
1990-01-18,False,daily,55.75,56.75,55.62,56.62,575200.0,3.4486314445077397,3.51049030449891,3.4405897927088875,3.5024486527000573,4601600.0
1990-01-17,False,daily,56.5,56.88,56.12,56.12,935300.0,3.4950255895011173,3.518531956297762,3.4715192227044724,3.4715192227044724,7482400.0
1990-01-16,False,daily,56.25,56.62,55.75,56.62,1007100.0,3.4795608745033246,3.5024486527000573,3.4486314445077397,3.5024486527000573,8056800.0
1990-01-15,False,daily,56.5,57.12,56.38,56.62,531900.0,3.4950255895011173,3.5333780826956427,3.487602526302177,3.5024486527000573,4255200.0
1990-01-12,False,daily,58.0,58.38,56.62,56.88,1018100.0,3.5878138794878724,3.6113202462845173,3.5024486527000573,3.518531956297762,8144800.0
1990-01-11,False,daily,58.5,58.88,58.25,58.62,414900.0,3.618743309483458,3.6422496762801027,3.603278594485665,3.626166372682398,3319200.0
1990-01-10,False,daily,58.88,59.5,57.5,57.88,1077600.0,3.6422496762801027,3.680602169474628,3.5568844494922875,3.5803908162889324,8620800.0
1990-01-09,False,daily,60.62,60.62,58.75,58.75,928900.0,3.7498840926647383,3.7498840926647383,3.6342080244812505,3.6342080244812505,7431200.0
1990-01-08,False,daily,59.62,60.62,59.5,60.62,896700.0,3.688025232673568,3.7498840926647383,3.680602169474628,3.7498840926647383,7173600.0
1990-01-05,False,daily,60.0,60.75,59.62,59.62,608000.0,3.711531599470213,3.7579257444635905,3.688025232673568,3.688025232673568,4864000.0
1990-01-04,False,daily,60.12,60.38,59.5,60.25,516500.0,3.7189546626691534,3.735037966266858,3.680602169474628,3.7269963144680056,4132000.0
1990-01-03,False,daily,59.88,60.25,59.25,60.12,875900.0,3.704108536271273,3.7269963144680056,3.6651374544768354,3.7189546626691534,7007200.0
1990-01-02,False,daily,58.75,59.88,58.5,59.88,672000.0,3.6342080244812505,3.704108536271273,3.618743309483458,3.704108536271273,5376000.0
1991-12-31,False,daily,115.5,116.25,113.75,114.5,603700.0,7.421841921608989,7.470035700320735,7.309389771281579,7.357583549993326,4829600.0
1991-12-30,False,daily,113.5,115.5,113.25,115.5,658900.0,7.293325178377664,7.421841921608989,7.277260585473749,7.421841921608989,5271200.0
1991-12-27,False,daily,113.0,114.62,112.75,113.75,324500.0,7.261195992569833,7.365294554587206,7.245131399665917,7.309389771281579,2596000.0
1991-12-26,False,daily,110.75,113.25,110.75,112.5,315000.0,7.116614656434593,7.277260585473749,7.116614656434593,7.229066806762002,2520000.0
1991-12-24,False,daily,110.25,111.25,108.88,110.5,403900.0,7.0844854706267615,7.148743842242424,6.996451501513304,7.100550063530678,3231200.0
1991-12-23,False,daily,108.0,111.25,107.88,110.75,563800.0,6.939904134491521,7.148743842242424,6.932193129897642,7.116614656434593,4510400.0
1991-12-20,False,daily,107.75,108.62,106.75,108.5,1453900.0,6.923839541587606,6.9797443248932325,6.859581169971944,6.972033320299353,11631200.0
1991-12-19,False,daily,106.0,106.62,105.75,106.62,417800.0,6.811387391260197,6.851227581661908,6.795322798356282,6.851227581661908,3342400.0
1991-12-18,False,daily,105.62,106.25,105.0,106.25,569000.0,6.786969210046246,6.827451984164113,6.747129019644535,6.827451984164113,4552000.0
1991-12-17,False,daily,106.75,107.25,105.75,106.62,459600.0,6.859581169971944,6.891710355779775,6.795322798356282,6.851227581661908,3676800.0
1991-12-16,False,daily,104.5,107.0,104.38,106.25,506100.0,6.714999833836704,6.87564576287586,6.707288829242824,6.827451984164113,4048800.0
1991-12-13,False,daily,104.0,104.62,104.0,104.5,475700.0,6.682870648028873,6.722710838430584,6.682870648028873,6.714999833836704,3805600.0
1991-12-12,False,daily,103.12,104.0,102.75,103.75,608800.0,6.626323281007091,6.682870648028873,6.602547683509295,6.666806055124957,4870400.0
1991-12-11,False,daily,104.5,105.0,102.62,102.62,1002100.0,6.714999833836704,6.747129019644535,6.594194095199259,6.594194095199259,8016800.0
1991-12-10,False,daily,101.12,104.5,100.75,104.38,1004500.0,6.497806537775766,6.714999833836704,6.47403094027797,6.707288829242824,8036000.0
1991-12-09,False,daily,103.5,104.0,101.0,101.0,754100.0,6.650741462221042,6.682870648028873,6.490095533181886,6.490095533181886,6032800.0
1991-12-06,False,daily,99.75,103.62,99.75,102.62,1119200.0,6.409772568662309,6.658452466814921,6.409772568662309,6.594194095199259,8953600.0
1991-12-05,False,daily,100.62,101.25,99.88,100.0,622600.0,6.465677351967934,6.506160126085802,6.4181261569723445,6.425837161566224,4980800.0
1991-12-04,False,daily,100.25,102.12,99.5,101.25,1122400.0,6.441901754470139,6.562064909391428,6.393707975758392,6.506160126085802,8979200.0
1991-12-03,False,daily,98.75,100.25,98.5,99.62,965200.0,6.345514197046646,6.441901754470139,6.329449604142731,6.401418980352273,7721600.0
1991-12-02,False,daily,95.25,99.0,95.25,98.75,805400.0,6.120609896391828,6.361578789950562,6.120609896391828,6.345514197046646,6443200.0
1991-11-29,False,daily,95.62,96.75,95.25,96.38,336500.0,6.144385493889623,6.216997453815321,6.120609896391828,6.1932218563175265,2692000.0
1991-11-27,False,daily,94.0,95.75,94.0,95.75,438300.0,6.0402869318722505,6.152739082199659,6.0402869318722505,6.152739082199659,3506400.0
1991-11-26,False,daily,94.5,95.38,92.5,94.0,782900.0,6.072416117680081,6.128963484701864,5.943899374448757,6.0402869318722505,6263200.0
1991-11-25,False,daily,94.38,94.75,93.62,94.25,468700.0,6.064705113086202,6.088480710583997,6.015868750658299,6.056351524776166,3749600.0
1991-11-22,False,daily,95.25,95.25,94.0,94.88,406800.0,6.120609896391828,6.120609896391828,6.0402869318722505,6.0968342988940325,3254400.0
1991-11-21,False,daily,94.12,95.5,93.75,95.25,368300.0,6.04799793646613,6.136674489295744,6.024222338968335,6.120609896391828,2946400.0
1991-11-20,False,daily,95.25,95.5,93.62,94.25,619400.0,6.120609896391828,6.136674489295744,6.015868750658299,6.056351524776166,4955200.0
1991-11-19,False,daily,95.75,95.75,93.88,95.25,793900.0,6.152739082199659,6.152739082199659,6.032575927278371,6.120609896391828,6351200.0
1991-11-18,False,daily,94.38,96.88,92.75,96.75,1232800.0,6.064705113086202,6.225351042125357,5.959963967352673,6.216997453815321,9862400.0
1991-11-15,False,daily,98.5,98.88,94.25,94.25,907600.0,6.329449604142731,6.353867785356682,6.056351524776166,6.056351524776166,7260800.0
1991-11-14,False,daily,98.75,99.38,97.88,98.88,765000.0,6.345514197046646,6.385996971164513,6.28960941374102,6.353867785356682,6120000.0
1991-11-13,False,daily,98.38,98.75,98.0,98.12,526700.0,6.32173859954885,6.345514197046646,6.297320418334899,6.305031422928779,4213600.0
1991-11-12,False,daily,97.75,100.12,97.75,99.5,1049400.0,6.25575336572562,6.407427385948328,6.25575336572562,6.367748950278252,8395200.0
1991-11-11,False,daily,96.25,98.0,96.12,98.0,539300.0,6.159757150394792,6.271752734947424,6.151437478399454,6.271752734947424,4314400.0
1991-11-08,False,daily,96.5,96.88,95.88,96.0,353000.0,6.175756519616597,6.2000755608337395,6.13607808394652,6.143757781172987,2824000.0
1991-11-07,False,daily,95.62,96.12,95.12,96.12,318800.0,6.119438739955845,6.151437478399454,6.087440001512235,6.151437478399454,2550400.0
1991-11-06,False,daily,96.0,96.12,95.38,95.88,389300.0,6.143757781172987,6.151437478399454,6.104079345502911,6.13607808394652,3114400.0
1991-11-05,False,daily,96.62,97.38,95.75,96.25,644900.0,6.183436216843063,6.232074299277349,6.1277584119511825,6.159757150394792,5159200.0
1991-11-04,False,daily,95.38,96.62,94.5,96.62,365800.0,6.104079345502911,6.183436216843063,6.047761565842159,6.183436216843063,2926400.0
1991-11-01,False,daily,94.88,96.5,94.0,95.38,772000.0,6.072080607059302,6.175756519616597,6.01576282739855,6.104079345502911,6176000.0
1991-10-31,False,daily,95.38,95.5,94.75,95.12,582200.0,6.104079345502911,6.1117590427293775,6.063760935063963,6.087440001512235,4657600.0
1991-10-30,False,daily,95.12,95.38,94.0,95.25,673100.0,6.087440001512235,6.104079345502911,6.01576282739855,6.095759673507573,5384800.0
1991-10-29,False,daily,94.62,95.38,93.25,95.12,1071700.0,6.055441263068626,6.104079345502911,5.967764719733136,6.087440001512235,8573600.0
1991-10-28,False,daily,92.88,95.0,92.62,94.5,583900.0,5.944085653284865,6.079760304285768,5.927446309294188,6.047761565842159,4671200.0
1991-10-25,False,daily,92.62,93.25,92.12,92.88,559700.0,5.927446309294188,5.967764719733136,5.895447570850579,5.944085653284865,4477600.0
1991-10-24,False,daily,94.0,94.25,92.5,92.88,543600.0,6.01576282739855,6.031762196620354,5.919766612067722,5.944085653284865,4348800.0
1991-10-23,False,daily,94.25,95.25,93.75,94.25,1008100.0,6.031762196620354,6.095759673507573,5.999763458176745,6.031762196620354,8064800.0
1991-10-22,False,daily,88.88,93.25,88.38,93.25,1499900.0,5.68809574573599,5.967764719733136,5.656097007292381,5.967764719733136,11999200.0
1991-10-21,False,daily,90.62,90.75,88.88,88.88,396900.0,5.799451355519751,5.80777102751509,5.68809574573599,5.68809574573599,3175200.0
1991-10-18,False,daily,90.25,91.0,89.88,91.0,809800.0,5.77577228907148,5.823770396736894,5.752093222623209,5.823770396736894,6478400.0
1991-10-17,False,daily,89.25,90.25,88.88,89.88,893300.0,5.711774812184261,5.77577228907148,5.68809574573599,5.752093222623209,7146400.0
1991-10-16,False,daily,88.0,88.75,87.75,88.62,556700.0,5.631777966075238,5.679776073740652,5.615778596853434,5.671456401745314,4453600.0
1991-10-15,False,daily,87.12,88.0,86.88,87.88,648100.0,5.575460186414486,5.631777966075238,5.560100791961553,5.624098268848772,5184800.0
1991-10-14,False,daily,86.38,87.88,86.38,87.0,404600.0,5.5281020535179435,5.624098268848772,5.5281020535179435,5.56778048918802,3236800.0
1991-10-11,False,daily,86.38,86.62,85.75,86.38,290300.0,5.5281020535179435,5.543461447970877,5.487783643078997,5.5281020535179435,2322400.0
1991-10-10,False,daily,86.25,86.5,84.75,86.38,777200.0,5.519782381522606,5.53578175074441,5.4237861661917774,5.5281020535179435,6217600.0
1991-10-09,False,daily,86.62,86.88,85.88,86.25,405300.0,5.543461447970877,5.560100791961553,5.496103315074334,5.519782381522606,3242400.0
1991-10-08,False,daily,87.0,87.38,86.5,86.88,443500.0,5.56778048918802,5.592099530405163,5.53578175074441,5.560100791961553,3548000.0
1991-10-07,False,daily,86.38,86.88,86.12,86.62,389200.0,5.5281020535179435,5.560100791961553,5.511462709527267,5.543461447970877,3113600.0
1991-10-04,False,daily,87.0,87.25,86.62,86.75,702600.0,5.56778048918802,5.583779858409824,5.543461447970877,5.551781119966215,5620800.0
1991-10-03,False,daily,87.25,87.38,86.75,87.12,572400.0,5.583779858409824,5.592099530405163,5.551781119966215,5.575460186414486,4579200.0
1991-10-02,False,daily,88.75,89.38,87.38,87.5,545900.0,5.679776073740652,5.7200944841796,5.592099530405163,5.599779227631629,4367200.0
1991-10-01,False,daily,88.5,88.88,88.38,88.75,343800.0,5.663776704518847,5.68809574573599,5.656097007292381,5.679776073740652,2750400.0
1991-09-30,False,daily,88.62,88.88,88.25,88.38,364800.0,5.671456401745314,5.68809574573599,5.647777335297043,5.656097007292381,2918400.0
1991-09-27,False,daily,89.75,90.0,88.25,88.5,384600.0,5.74377355062787,5.759772919849675,5.647777335297043,5.663776704518847,3076800.0
1991-09-26,False,daily,89.38,90.25,88.5,89.5,423200.0,5.7200944841796,5.77577228907148,5.663776704518847,5.727774181406066,3385600.0
1991-09-25,False,daily,90.75,91.0,89.62,89.75,430100.0,5.80777102751509,5.823770396736894,5.735453878632533,5.74377355062787,3440800.0
1991-09-24,False,daily,89.12,90.62,88.38,90.62,481900.0,5.7034551401889235,5.799451355519751,5.656097007292381,5.799451355519751,3855200.0
1991-09-23,False,daily,88.12,89.5,88.12,89.0,492900.0,5.639457663301704,5.727774181406066,5.639457663301704,5.695775442962457,3943200.0
1991-09-20,False,daily,90.0,90.12,88.62,88.62,857600.0,5.759772919849675,5.767452617076142,5.671456401745314,5.671456401745314,6860800.0
1991-09-19,False,daily,88.75,90.12,88.5,89.62,522700.0,5.679776073740652,5.767452617076142,5.663776704518847,5.735453878632533,4181600.0
1991-09-18,False,daily,89.62,90.25,89.25,89.38,414100.0,5.735453878632533,5.77577228907148,5.711774812184261,5.7200944841796,3312800.0
1991-09-17,False,daily,90.25,91.0,89.62,89.75,523200.0,5.77577228907148,5.823770396736894,5.735453878632533,5.74377355062787,4185600.0
1991-09-16,False,daily,89.25,90.38,89.0,90.25,503800.0,5.711774812184261,5.784091961066818,5.695775442962457,5.77577228907148,4030400.0
1991-09-13,False,daily,89.88,90.5,89.0,89.12,484300.0,5.752093222623209,5.7917716582932846,5.695775442962457,5.7034551401889235,3874400.0
1991-09-12,False,daily,89.0,89.88,88.75,89.88,568300.0,5.695775442962457,5.752093222623209,5.679776073740652,5.752093222623209,4546400.0
1991-09-11,False,daily,89.25,89.38,88.0,88.25,418900.0,5.711774812184261,5.7200944841796,5.631777966075238,5.647777335297043,3351200.0
1991-09-10,False,daily,89.62,89.62,88.12,88.5,621700.0,5.735453878632533,5.735453878632533,5.639457663301704,5.663776704518847,4973600.0
1991-09-09,False,daily,90.0,90.12,89.0,89.38,458900.0,5.759772919849675,5.767452617076142,5.695775442962457,5.7200944841796,3671200.0
1991-09-06,False,daily,90.5,90.75,89.62,89.88,434100.0,5.7917716582932846,5.80777102751509,5.735453878632533,5.752093222623209,3472800.0
1991-09-05,False,daily,90.5,91.0,90.25,90.38,397700.0,5.7917716582932846,5.823770396736894,5.77577228907148,5.784091961066818,3181600.0
1991-09-04,False,daily,92.12,92.5,90.75,91.12,385800.0,5.895447570850579,5.919766612067722,5.80777102751509,5.831450093963361,3086400.0
1991-09-03,False,daily,93.12,93.62,92.0,92.0,444700.0,5.959445047737797,5.991443786181407,5.887767873624113,5.887767873624113,3557600.0
1991-08-30,False,daily,93.0,93.25,92.62,92.88,247900.0,5.951765350511331,5.967764719733136,5.927446309294188,5.944085653284865,1983200.0
1991-08-29,False,daily,92.88,93.0,91.75,93.0,430000.0,5.944085653284865,5.951765350511331,5.871768504402308,5.951765350511331,3440000.0
1991-08-28,False,daily,92.12,93.12,92.0,92.88,420600.0,5.895447570850579,5.959445047737797,5.887767873624113,5.944085653284865,3364800.0
1991-08-27,False,daily,92.38,92.75,91.62,91.88,478800.0,5.912086914841256,5.935765981289527,5.86344883240697,5.8800881763976465,3830400.0
1991-08-26,False,daily,92.12,92.5,91.62,92.38,245500.0,5.895447570850579,5.919766612067722,5.86344883240697,5.912086914841256,1964000.0
1991-08-23,False,daily,90.62,92.38,90.62,92.12,625700.0,5.799451355519751,5.912086914841256,5.799451355519751,5.895447570850579,5005600.0
1991-08-22,False,daily,90.12,91.25,89.62,91.12,510700.0,5.767452617076142,5.839769765958699,5.735453878632533,5.831450093963361,4085600.0
1991-08-21,False,daily,88.38,90.38,88.25,90.38,827900.0,5.656097007292381,5.784091961066818,5.647777335297043,5.784091961066818,6623200.0
1991-08-20,False,daily,88.25,88.25,87.0,87.25,899600.0,5.647777335297043,5.647777335297043,5.56778048918802,5.583779858409824,7196800.0
1991-08-19,False,daily,85.0,87.88,85.0,87.0,1038200.0,5.4397855354135825,5.624098268848772,5.4397855354135825,5.56778048918802,8305600.0
1991-08-16,False,daily,91.25,91.5,89.0,89.25,752600.0,5.839769765958699,5.855769135180504,5.695775442962457,5.711774812184261,6020800.0
1991-08-15,False,daily,91.0,91.62,90.88,91.12,319500.0,5.823770396736894,5.86344883240697,5.816090699510427,5.831450093963361,2556000.0
1991-08-14,False,daily,92.12,92.25,90.62,90.88,398000.0,5.895447570850579,5.903767242845917,5.799451355519751,5.816090699510427,3184000.0
1991-08-13,False,daily,91.88,93.38,91.5,92.25,405900.0,5.854320918832363,5.949896467137201,5.830108446595137,5.877896220747556,3247200.0
1991-08-12,False,daily,92.0,92.0,91.0,91.5,387400.0,5.86196696269675,5.86196696269675,5.798249930493524,5.830108446595137,3099200.0
1991-08-09,False,daily,92.12,92.88,91.25,92.25,458100.0,5.869613006561137,5.918037951035588,5.814179188544331,5.877896220747556,3664800.0
1991-08-08,False,daily,92.38,92.75,91.62,92.12,358100.0,5.886179434933975,5.909754736849169,5.837754490459524,5.869613006561137,2864800.0
1991-08-07,False,daily,92.5,93.0,92.25,92.75,505700.0,5.893825478798362,5.925683994899975,5.877896220747556,5.909754736849169,4045600.0
1991-08-06,False,daily,91.25,92.88,90.88,92.5,567800.0,5.814179188544331,5.918037951035588,5.790603886629137,5.893825478798362,4542400.0
1991-08-05,False,daily,91.38,91.62,90.62,91.12,248200.0,5.82246240273075,5.837754490459524,5.7740374582562985,5.805895974357911,1985600.0
1991-08-02,False,daily,91.75,91.75,90.75,91.5,487200.0,5.846037704645943,5.846037704645943,5.782320672442718,5.830108446595137,3897600.0
1991-08-01,False,daily,91.62,91.62,90.62,91.0,422800.0,5.837754490459524,5.837754490459524,5.7740374582562985,5.798249930493524,3382400.0
1991-07-31,False,daily,91.25,91.62,90.75,91.62,485900.0,5.814179188544331,5.837754490459524,5.782320672442718,5.837754490459524,3887200.0
1991-07-30,False,daily,90.38,91.0,89.62,90.88,656000.0,5.758745370527524,5.798249930493524,5.710320426053073,5.790603886629137,5248000.0
1991-07-29,False,daily,87.88,89.75,87.88,89.75,478900.0,5.59945279001946,5.718603640239492,5.59945279001946,5.718603640239492,3831200.0
1991-07-26,False,daily,87.5,88.12,87.0,87.88,337000.0,5.575240317782235,5.614744877748235,5.5433818016806224,5.59945279001946,2696000.0
1991-07-25,False,daily,86.88,87.62,86.62,87.5,292100.0,5.5357357578162345,5.582886361646622,5.519169329443397,5.575240317782235,2336800.0
1991-07-24,False,daily,87.5,87.5,86.5,86.75,428700.0,5.575240317782235,5.575240317782235,5.511523285579009,5.527452543629815,3429600.0
1991-07-23,False,daily,88.25,88.62,86.88,87.12,526400.0,5.623028091934654,5.646603393849848,5.5357357578162345,5.5510278455450095,4211200.0
1991-07-22,False,daily,87.25,87.75,87.25,87.75,337700.0,5.559311059731429,5.5911695758330415,5.559311059731429,5.5911695758330415,2701600.0
1991-07-19,False,daily,88.88,88.88,87.5,87.62,883500.0,5.663169822222685,5.663169822222685,5.575240317782235,5.582886361646622,7068000.0
1991-07-18,False,daily,86.75,87.88,86.25,87.88,564200.0,5.527452543629815,5.59945279001946,5.4955940275282025,5.59945279001946,4513600.0
1991-07-17,False,daily,87.5,87.88,86.25,86.5,450600.0,5.575240317782235,5.59945279001946,5.4955940275282025,5.511523285579009,3604800.0
1991-07-16,False,daily,87.38,87.75,86.62,87.62,483400.0,5.567594273917847,5.5911695758330415,5.519169329443397,5.582886361646622,3867200.0
1991-07-15,False,daily,87.38,88.12,86.25,86.88,653900.0,5.567594273917847,5.614744877748235,5.4955940275282025,5.5357357578162345,5231200.0
1991-07-12,False,daily,87.25,87.62,86.12,87.25,683100.0,5.559311059731429,5.582886361646622,5.487310813341784,5.559311059731429,5464800.0
1991-07-11,False,daily,87.75,87.75,86.62,87.12,597800.0,5.5911695758330415,5.5911695758330415,5.519169329443397,5.5510278455450095,4782400.0
1991-07-10,False,daily,86.25,87.62,86.12,86.5,1286400.0,5.4955940275282025,5.582886361646622,5.487310813341784,5.511523285579009,10291200.0
1991-07-09,False,daily,86.12,87.0,85.25,85.62,658300.0,5.487310813341784,5.5433818016806224,5.431876995324977,5.455452297240171,5266400.0
1991-07-08,False,daily,84.0,86.0,83.88,85.12,715600.0,5.352230705070945,5.479664769477396,5.344584661206558,5.423593781138559,5724800.0
1991-07-05,False,daily,82.0,84.5,82.0,84.5,439600.0,5.224796640664494,5.384089221172558,5.224796640664494,5.384089221172558,3516800.0
1991-07-03,False,daily,82.5,82.62,81.75,82.0,944600.0,5.256655156766107,5.264301200630494,5.208867382613688,5.224796640664494,7556800.0
1991-07-02,False,daily,84.25,84.62,82.62,83.0,909500.0,5.368159963121752,5.391735265036946,5.264301200630494,5.28851367286772,7276000.0
1991-07-01,False,daily,84.5,84.75,83.88,84.5,740800.0,5.384089221172558,5.400018479223364,5.344584661206558,5.384089221172558,5926400.0
1991-06-28,False,daily,83.88,83.88,82.25,83.5,736000.0,5.344584661206558,5.344584661206558,5.240725898715301,5.3203721889693325,5888000.0
1991-06-27,False,daily,83.88,84.38,83.62,84.12,832600.0,5.344584661206558,5.376443177308171,5.32801823283372,5.359876748935333,6660800.0
1991-06-26,False,daily,83.38,83.5,82.0,82.88,1193800.0,5.3127261451049455,5.3203721889693325,5.224796640664494,5.280867629003333,9550400.0
1991-06-25,False,daily,84.5,84.5,83.62,83.75,602500.0,5.384089221172558,5.384089221172558,5.32801823283372,5.336301447020139,4820000.0
1991-06-24,False,daily,84.88,85.0,83.75,84.0,616000.0,5.408301693409784,5.415947737274171,5.336301447020139,5.352230705070945,4928000.0
1991-06-21,False,daily,84.88,85.5,84.62,85.5,1382400.0,5.408301693409784,5.447806253375783,5.391735265036946,5.447806253375783,11059200.0
1991-06-20,False,daily,84.0,85.12,83.88,84.88,1366900.0,5.352230705070945,5.423593781138559,5.344584661206558,5.408301693409784,10935200.0
1991-06-19,False,daily,84.5,84.62,83.12,83.62,945300.0,5.384089221172558,5.391735265036946,5.296159716732107,5.32801823283372,7562400.0
1991-06-18,False,daily,85.5,86.0,84.25,84.75,649900.0,5.447806253375783,5.479664769477396,5.368159963121752,5.400018479223364,5199200.0
1991-06-17,False,daily,85.25,85.62,85.0,85.25,477700.0,5.431876995324977,5.455452297240171,5.415947737274171,5.431876995324977,3821600.0
1991-06-14,False,daily,85.12,85.75,85.12,85.5,899300.0,5.423593781138559,5.46373551142659,5.423593781138559,5.447806253375783,7194400.0
1991-06-13,False,daily,85.38,86.0,84.75,84.88,850600.0,5.440160209511396,5.479664769477396,5.400018479223364,5.408301693409784,6804800.0
1991-06-12,False,daily,86.0,86.12,84.75,85.25,1316500.0,5.479664769477396,5.487310813341784,5.400018479223364,5.431876995324977,10532000.0
1991-06-11,False,daily,86.62,87.38,86.25,86.88,972200.0,5.519169329443397,5.567594273917847,5.4955940275282025,5.5357357578162345,7777600.0
1991-06-10,False,daily,86.62,86.75,85.12,86.75,1381900.0,5.519169329443397,5.527452543629815,5.423593781138559,5.527452543629815,11055200.0
1991-06-07,False,daily,87.62,87.75,86.25,86.75,753300.0,5.582886361646622,5.5911695758330415,5.4955940275282025,5.527452543629815,6026400.0
1991-06-06,False,daily,89.0,89.25,88.0,88.38,468400.0,5.670815866087073,5.68674512413788,5.607098833883848,5.631311306121073,3747200.0
1991-06-05,False,daily,89.12,89.62,88.38,88.5,758700.0,5.67846190995146,5.710320426053073,5.631311306121073,5.638957349985461,6069600.0
1991-06-04,False,daily,88.5,89.38,88.0,88.75,937900.0,5.638957349985461,5.695028338324298,5.607098833883848,5.654886608036267,7503200.0
1991-06-03,False,daily,89.25,90.0,87.38,88.38,1328700.0,5.68674512413788,5.734532898290299,5.567594273917847,5.631311306121073,10629600.0
1991-05-31,False,daily,91.12,91.5,88.88,90.62,1433800.0,5.805895974357911,5.830108446595137,5.663169822222685,5.7740374582562985,11470400.0
1991-05-30,False,daily,93.5,93.5,91.75,92.0,723600.0,5.957542511001588,5.957542511001588,5.846037704645943,5.86196696269675,5788800.0
1991-05-29,False,daily,94.38,94.38,92.88,93.62,454000.0,6.013613499340426,6.013613499340426,5.918037951035588,5.965188554865976,3632000.0
1991-05-28,False,daily,92.62,94.38,92.62,94.38,545800.0,5.901471522662749,6.013613499340426,5.901471522662749,6.013613499340426,4366400.0
1991-05-24,False,daily,94.12,94.25,92.5,92.62,387000.0,5.9970470709675885,6.005330285154007,5.893825478798362,5.901471522662749,3096000.0
1991-05-23,False,daily,94.75,94.88,93.38,93.62,517700.0,6.03718880125562,6.045472015442039,5.949896467137201,5.965188554865976,4141600.0
1991-05-22,False,daily,94.38,94.88,93.62,94.25,467800.0,6.013613499340426,6.045472015442039,5.965188554865976,6.005330285154007,3742400.0
1991-05-21,False,daily,91.75,93.75,91.62,93.62,682700.0,5.846037704645943,5.973471769052394,5.837754490459524,5.965188554865976,5461600.0
1991-05-20,False,daily,90.25,91.5,90.25,91.25,675100.0,5.750462156341105,5.830108446595137,5.750462156341105,5.814179188544331,5400800.0
1991-05-17,False,daily,91.12,91.5,90.0,90.0,1472100.0,5.805895974357911,5.830108446595137,5.734532898290299,5.734532898290299,11776800.0
1991-05-16,False,daily,92.12,92.62,91.75,92.0,427200.0,5.869613006561137,5.901471522662749,5.846037704645943,5.86196696269675,3417600.0
1991-05-15,False,daily,91.88,92.88,90.75,91.38,724000.0,5.854320918832363,5.918037951035588,5.782320672442718,5.82246240273075,5792000.0
1991-05-14,False,daily,93.0,93.0,91.25,92.38,784400.0,5.899858394573543,5.899858394573543,5.788839553815438,5.860526005276386,6275200.0
1991-05-13,False,daily,93.5,93.5,92.62,93.0,558100.0,5.931578063361573,5.931578063361573,5.8757514462946405,5.899858394573543,4464800.0
1991-05-10,False,daily,95.5,95.62,93.25,93.25,634100.0,6.058456738513692,6.0660694590228195,5.915718228967558,5.915718228967558,5072800.0
1991-05-09,False,daily,94.0,95.38,93.88,95.25,800200.0,5.963297732149602,6.050844018004565,5.955685011640475,6.042596904119677,6401600.0
1991-05-08,False,daily,93.88,94.12,93.5,93.62,617900.0,5.955685011640475,5.97091045265873,5.931578063361573,5.9391907838707,4943200.0
1991-05-07,False,daily,94.0,95.0,93.88,94.12,555300.0,5.963297732149602,6.026737069725662,5.955685011640475,5.97091045265873,4442400.0
1991-05-06,False,daily,94.0,94.62,93.38,94.0,339600.0,5.963297732149602,6.00263012144676,5.923965342852445,5.963297732149602,2716800.0
1991-05-03,False,daily,94.25,94.88,94.12,94.25,544600.0,5.979157566543617,6.0191243492165345,5.97091045265873,5.979157566543617,4356800.0
1991-05-02,False,daily,96.25,96.25,94.25,94.25,783500.0,6.106036241695737,6.106036241695737,5.979157566543617,5.979157566543617,6268000.0
1991-05-01,False,daily,94.25,96.25,94.0,96.25,924400.0,5.979157566543617,6.106036241695737,5.963297732149602,6.106036241695737,7395200.0
1991-04-30,False,daily,94.62,96.0,93.75,94.5,980700.0,6.00263012144676,6.090176407301722,5.947437897755588,5.995017400937632,7845600.0
1991-04-29,False,daily,95.75,96.38,94.5,94.75,843700.0,6.074316572907707,6.114283355580624,5.995017400937632,6.010877235331647,6749600.0
1991-04-26,False,daily,94.5,95.38,94.38,94.88,553500.0,5.995017400937632,6.050844018004565,5.987404680428505,6.0191243492165345,4428000.0
1991-04-25,False,daily,94.12,95.25,93.88,95.0,748900.0,5.97091045265873,6.042596904119677,5.955685011640475,6.026737069725662,5991200.0
1991-04-24,False,daily,95.5,95.62,93.5,93.88,1068600.0,6.058456738513692,6.0660694590228195,5.931578063361573,5.955685011640475,8548800.0
1991-04-23,False,daily,97.0,97.12,95.12,95.75,790600.0,6.153615744877781,6.161228465386909,6.034349790234789,6.074316572907707,6324800.0
1991-04-22,False,daily,96.75,96.75,95.5,96.5,995800.0,6.137755910483766,6.137755910483766,6.058456738513692,6.121896076089752,7966400.0
1991-04-19,False,daily,98.38,98.38,96.62,97.25,1646100.0,6.241162030732744,6.241162030732744,6.129508796598879,6.169475579271796,13168800.0
1991-04-18,False,daily,98.25,98.88,97.5,98.38,621800.0,6.2329149168478555,6.272881699520773,6.185335413665811,6.241162030732744,4974400.0
1991-04-17,False,daily,99.75,100.38,98.5,99.5,984800.0,6.328073923211945,6.368040705884862,6.2487747512418705,6.31221408881793,7878400.0
1991-04-16,False,daily,96.0,100.25,96.0,100.25,866300.0,6.090176407301722,6.359793591999975,6.090176407301722,6.359793591999975,6930400.0
1991-04-15,False,daily,97.88,98.12,96.62,97.0,502600.0,6.209442361944713,6.224667802962968,6.129508796598879,6.153615744877781,4020800.0
1991-04-12,False,daily,98.38,98.88,96.88,97.75,756100.0,6.241162030732744,6.272881699520773,6.146003024368654,6.201195248059826,6048800.0
1991-04-11,False,daily,96.25,97.88,96.12,97.38,714700.0,6.106036241695737,6.209442361944713,6.09778912781085,6.177722693156683,5717600.0
1991-04-10,False,daily,95.5,96.0,94.75,95.12,902000.0,6.058456738513692,6.090176407301722,6.010877235331647,6.034349790234789,7216000.0
1991-04-09,False,daily,96.75,97.5,95.5,95.62,870100.0,6.137755910483766,6.185335413665811,6.058456738513692,6.0660694590228195,6960800.0
1991-04-08,False,daily,94.5,97.25,94.5,96.88,1022700.0,5.995017400937632,6.169475579271796,5.995017400937632,6.146003024368654,8181600.0
1991-04-05,False,daily,95.25,95.62,93.12,93.38,895000.0,6.042596904119677,6.0660694590228195,5.907471115082671,5.923965342852445,7160000.0
1991-04-04,False,daily,96.12,96.62,94.0,94.88,804100.0,6.09778912781085,6.129508796598879,5.963297732149602,6.0191243492165345,6432800.0
1991-04-03,False,daily,96.75,97.25,96.12,96.38,790400.0,6.137755910483766,6.169475579271796,6.09778912781085,6.114283355580624,6323200.0
1991-04-02,False,daily,94.38,97.12,94.38,96.5,974700.0,5.987404680428505,6.161228465386909,5.987404680428505,6.121896076089752,7797600.0
1991-04-01,False,daily,95.62,95.75,94.25,94.38,573300.0,6.0660694590228195,6.074316572907707,5.979157566543617,5.987404680428505,4586400.0
1991-03-28,False,daily,97.5,97.5,95.38,95.88,672800.0,6.185335413665811,6.185335413665811,6.050844018004565,6.082563686792594,5382400.0
1991-03-27,False,daily,99.0,99.5,96.5,96.75,1220400.0,6.280494420029901,6.31221408881793,6.121896076089752,6.137755910483766,9763200.0
1991-03-26,False,daily,94.62,97.75,94.0,97.62,1388200.0,6.00263012144676,6.201195248059826,5.963297732149602,6.192948134174938,11105600.0
1991-03-25,False,daily,92.5,95.38,92.25,95.0,1121800.0,5.8681387257855135,6.050844018004565,5.8522788913914985,6.026737069725662,8974400.0
1991-03-22,False,daily,90.25,91.62,90.0,91.38,935800.0,5.725400216239379,5.812312108718581,5.709540381845364,5.797086667700326,7486400.0
1991-03-21,False,daily,90.5,91.0,89.62,90.12,1056500.0,5.741260050633394,5.772979719421424,5.685433433566462,5.717153102354492,8452000.0
1991-03-20,False,daily,90.25,90.5,89.62,90.0,1152500.0,5.725400216239379,5.741260050633394,5.685433433566462,5.709540381845364,9220000.0
1991-03-19,False,daily,91.0,91.75,90.25,90.62,940600.0,5.772979719421424,5.820559222603468,5.725400216239379,5.748872771142521,7524800.0
1991-03-18,False,daily,91.88,93.62,91.88,92.75,1080200.0,5.8288063364883556,5.9391907838707,5.8288063364883556,5.883998560179528,8641600.0
1991-03-15,False,daily,92.0,93.75,91.5,93.62,1686300.0,5.836419056997483,5.947437897755588,5.804699388209453,5.9391907838707,13490400.0
1991-03-14,False,daily,89.5,92.75,89.5,91.75,1486100.0,5.677820713057335,5.883998560179528,5.677820713057335,5.820559222603468,11888800.0
1991-03-13,False,daily,87.25,89.0,86.62,89.0,932200.0,5.5350822035112,5.6461010442693045,5.495115420838283,5.6461010442693045,7457600.0
1991-03-12,False,daily,88.25,88.88,87.25,87.5,614200.0,5.59852154108726,5.6384883237601775,5.5350822035112,5.550942037905215,4913600.0
1991-03-11,False,daily,90.12,90.12,88.0,88.25,780700.0,5.717153102354492,5.717153102354492,5.582661706693245,5.59852154108726,6245600.0
1991-03-08,False,daily,90.38,91.38,89.0,89.75,1726600.0,5.733647330124266,5.797086667700326,5.6461010442693045,5.693680547451349,13812800.0
1991-03-07,False,daily,88.0,91.75,88.0,90.38,2004200.0,5.582661706693245,5.820559222603468,5.582661706693245,5.733647330124266,16033600.0
1991-03-06,False,daily,83.5,89.12,83.12,87.62,1928100.0,5.297184687600977,5.653713764778432,5.2730777393220745,5.558554758414343,15424800.0
1991-03-05,False,daily,81.12,83.38,81.12,83.38,623800.0,5.146199064169955,5.289571967091849,5.146199064169955,5.289571967091849,4990400.0
1991-03-04,False,daily,82.0,82.0,81.12,81.12,391900.0,5.202025681236887,5.202025681236887,5.146199064169955,5.146199064169955,3135200.0
1991-03-01,False,daily,81.12,82.25,81.0,82.0,571600.0,5.146199064169955,5.217885515630902,5.138586343660828,5.202025681236887,4572800.0
1991-02-28,False,daily,82.75,82.88,82.12,82.12,580300.0,5.249605184418932,5.25785229830382,5.209638401746015,5.209638401746015,4642400.0
1991-02-27,False,daily,80.88,82.75,80.62,82.38,620000.0,5.1309736231517,5.249605184418932,5.114479395381926,5.2261326295157895,4960000.0
1991-02-26,False,daily,81.88,82.12,80.75,80.88,514500.0,5.19441296072776,5.209638401746015,5.122726509266813,5.1309736231517,4116000.0
1991-02-25,False,daily,81.5,82.38,80.62,82.25,642000.0,5.170306012448857,5.2261326295157895,5.114479395381926,5.217885515630902,5136000.0
1991-02-22,False,daily,80.12,82.38,80.0,80.5,913600.0,5.0827597265938955,5.2261326295157895,5.075147006084768,5.106866674872798,7308800.0
1991-02-21,False,daily,80.25,80.75,79.62,80.38,576100.0,5.091006840478783,5.122726509266813,5.051040057805865,5.099253954363671,4608800.0
1991-02-20,False,daily,79.62,80.0,79.25,80.0,464700.0,5.051040057805865,5.075147006084768,5.027567502902723,5.075147006084768,3717600.0
1991-02-19,False,daily,81.0,81.5,80.38,80.88,961700.0,5.138586343660828,5.170306012448857,5.099253954363671,5.1309736231517,7693600.0
1991-02-15,False,daily,79.0,81.5,78.88,81.0,1753900.0,5.011707668508708,5.170306012448857,5.004094947999581,5.138586343660828,14031200.0
1991-02-14,False,daily,79.25,80.12,77.88,78.0,707100.0,5.027567502902723,5.0827597265938955,4.940655610423521,4.948268330932649,5656800.0
1991-02-13,False,daily,78.25,79.38,78.12,79.12,651000.0,4.964128165326664,5.0358146167876106,4.955881051441776,5.019320389017836,5208000.0
1991-02-12,False,daily,78.62,79.62,78.38,78.5,975800.0,4.987600720229806,5.051040057805865,4.972375279211551,4.979987999720679,7806400.0
1991-02-11,False,daily,77.38,79.88,77.25,79.88,784200.0,4.8877659997258505,5.045680383278636,4.879554451781106,5.045680383278636,6273600.0
1991-02-08,False,daily,76.0,77.5,75.75,77.25,714100.0,4.800597260004713,4.895345890136384,4.784805821649433,4.879554451781106,5712800.0
1991-02-07,False,daily,77.12,79.0,76.25,76.38,1171900.0,4.871342903836361,4.990094520268056,4.816388698359991,4.824600246304735,9375200.0
1991-02-06,False,daily,76.25,77.25,76.0,77.25,1141300.0,4.816388698359991,4.879554451781106,4.800597260004713,4.879554451781106,9130400.0
1991-02-05,False,daily,76.5,77.25,75.88,76.25,846800.0,4.8321801367152695,4.879554451781106,4.793017369594178,4.816388698359991,6774400.0
1991-02-04,False,daily,75.0,76.62,75.0,76.38,738800.0,4.737431506583597,4.839760027125804,4.737431506583597,4.824600246304735,5910400.0
1991-02-01,False,daily,76.25,76.38,75.0,75.12,945900.0,4.816388698359991,4.824600246304735,4.737431506583597,4.745011396994132,7567200.0
1991-01-31,False,daily,76.38,76.5,75.38,76.5,864800.0,4.824600246304735,4.8321801367152695,4.7614344928836205,4.8321801367152695,6918400.0
1991-01-30,False,daily,75.0,76.62,74.88,76.38,724500.0,4.737431506583597,4.839760027125804,4.729851616173064,4.824600246304735,5796000.0
1991-01-29,False,daily,75.25,75.62,74.62,75.25,556100.0,4.7532229449388765,4.776594273704689,4.713428520283574,4.7532229449388765,4448800.0
1991-01-28,False,daily,74.88,75.0,74.5,74.75,577900.0,4.729851616173064,4.737431506583597,4.70584862987304,4.721640068228319,4623200.0
1991-01-25,False,daily,74.88,75.25,74.38,74.62,891000.0,4.729851616173064,4.7532229449388765,4.698268739462506,4.713428520283574,7128000.0
1991-01-24,False,daily,73.12,75.0,73.12,74.75,751100.0,4.618679890151903,4.737431506583597,4.618679890151903,4.721640068228319,6008800.0
1991-01-23,False,daily,72.25,73.12,72.25,73.0,679100.0,4.563725684675532,4.618679890151903,4.563725684675532,4.611099999741368,5432800.0
1991-01-22,False,daily,72.0,72.62,71.38,71.75,576200.0,4.547934246320254,4.587097013441345,4.508771479199162,4.532142807964975,4609600.0
1991-01-21,False,daily,71.5,72.38,71.12,72.12,435700.0,4.516351369609696,4.571937232620277,4.492348383309673,4.555514136730788,3485600.0
1991-01-18,False,daily,71.12,72.25,70.5,71.88,2226200.0,4.492348383309673,4.563725684675532,4.453185616188581,4.540354355909719,17809600.0
1991-01-17,False,daily,71.5,72.0,70.25,71.5,1370800.0,4.516351369609696,4.547934246320254,4.437394177833303,4.516351369609696,10966400.0
1991-01-16,False,daily,68.0,70.0,68.0,69.38,552400.0,4.295271232635795,4.421602739478025,4.295271232635795,4.382439972356933,4419200.0
1991-01-15,False,daily,67.75,68.25,67.62,68.12,492000.0,4.279479794280516,4.311062670991074,4.271268246335772,4.302851123046329,3936000.0
1991-01-14,False,daily,67.0,68.25,66.88,68.0,929400.0,4.23210547921468,4.311062670991074,4.224525588804147,4.295271232635795,7435200.0
1991-01-11,False,daily,67.12,67.88,67.0,67.88,453000.0,4.239685369625215,4.287691342225261,4.23210547921468,4.287691342225261,3624000.0
1991-01-10,False,daily,66.62,67.38,66.0,67.38,635600.0,4.208102492914657,4.2561084655147035,4.168939725793566,4.2561084655147035,5084800.0
1991-01-09,False,daily,68.0,68.88,65.38,65.62,966000.0,4.295271232635795,4.350857095646376,4.129776958672474,4.144936739493542,7728000.0
1991-01-08,False,daily,66.88,68.5,66.5,67.25,789900.0,4.224525588804147,4.326854109346352,4.200522602504123,4.2478969175699595,6319200.0
1991-01-07,False,daily,67.88,68.5,66.62,66.62,738600.0,4.287691342225261,4.326854109346352,4.208102492914657,4.208102492914657,5908800.0
1991-01-04,False,daily,69.5,69.62,68.12,68.75,833000.0,4.390019862767467,4.397599753178001,4.302851123046329,4.342645547701631,6664000.0
1991-01-03,False,daily,70.0,70.62,69.12,69.25,1168800.0,4.421602739478025,4.460765506599116,4.366016876467444,4.3742284244121885,9350400.0
1991-01-02,False,daily,71.38,72.25,69.75,70.0,1325800.0,4.508771479199162,4.563725684675532,4.405811301122745,4.421602739478025,10606400.0
1992-12-31,False,daily,50.88,51.13,50.25,50.5,42800.0,6.657795247053434,6.690508470555073,6.575357923829305,6.608071147330944,171200.0
1992-12-30,False,daily,50.38,51.0,50.25,50.75,519500.0,6.592368800050157,6.67349759433422,6.575357923829305,6.6407843708325816,2078000.0
1992-12-29,False,daily,50.63,51.38,50.25,50.38,712300.0,6.625082023551796,6.72322169405671,6.575357923829305,6.592368800050157,2849200.0
1992-12-28,False,daily,51.63,51.63,50.38,50.63,678100.0,6.755934917558349,6.755934917558349,6.592368800050157,6.625082023551796,2712400.0
1992-12-24,False,daily,51.75,52.0,51.38,51.5,433700.0,6.771637264839136,6.8043504883407735,6.72322169405671,6.738924041337497,1734800.0
1992-12-23,False,daily,52.5,52.63,50.88,51.63,2079900.0,6.86977693534405,6.886787811564902,6.657795247053434,6.755934917558349,8319600.0
1992-12-22,False,daily,54.13,54.75,53.0,53.13,1398100.0,7.083067152574732,7.164195946858795,6.935203382347327,6.952214258568179,5592400.0
1992-12-21,False,daily,53.5,54.13,53.38,53.38,829800.0,7.000629829350603,7.083067152574732,6.984927482069818,6.984927482069818,3319200.0
1992-12-18,False,daily,53.13,54.5,52.88,53.88,2687300.0,6.952214258568179,7.131482723357157,6.919501035066541,7.050353929073094,10749200.0
1992-12-17,False,daily,51.88,52.88,51.75,52.75,1383300.0,6.788648141059988,6.919501035066541,6.771637264839136,6.902490158845689,5533200.0
1992-12-16,False,daily,51.5,52.13,51.25,51.63,996400.0,6.738924041337497,6.821361364561626,6.706210817835859,6.755934917558349,3985600.0
1992-12-15,False,daily,51.38,51.75,51.13,51.13,964900.0,6.72322169405671,6.771637264839136,6.690508470555073,6.690508470555073,3859600.0
1992-12-14,False,daily,50.75,51.5,50.63,51.25,768300.0,6.6407843708325816,6.738924041337497,6.625082023551796,6.706210817835859,3073200.0
1992-12-11,False,daily,51.25,51.63,50.88,51.0,718600.0,6.706210817835859,6.755934917558349,6.657795247053434,6.67349759433422,2874400.0
1992-12-10,False,daily,51.25,51.5,51.0,51.5,726400.0,6.706210817835859,6.738924041337497,6.67349759433422,6.738924041337497,2905600.0
1992-12-09,False,daily,51.25,51.5,50.63,51.25,1369000.0,6.706210817835859,6.738924041337497,6.625082023551796,6.706210817835859,5476000.0
1992-12-08,False,daily,52.0,52.13,51.63,52.0,975200.0,6.8043504883407735,6.821361364561626,6.755934917558349,6.8043504883407735,3900800.0
1992-12-07,False,daily,51.25,52.0,50.88,52.0,771300.0,6.706210817835859,6.8043504883407735,6.657795247053434,6.8043504883407735,3085200.0
1992-12-04,False,daily,50.75,51.25,50.38,51.13,737800.0,6.6407843708325816,6.706210817835859,6.592368800050157,6.690508470555073,2951200.0
1992-12-03,False,daily,50.25,50.38,50.0,50.25,468900.0,6.575357923829305,6.592368800050157,6.542644700327667,6.575357923829305,1875600.0
1992-12-02,False,daily,50.5,50.75,49.75,50.0,616900.0,6.608071147330944,6.6407843708325816,6.509931476826028,6.542644700327667,2467600.0
1992-12-01,False,daily,50.25,50.63,49.88,50.38,775100.0,6.575357923829305,6.625082023551796,6.526942353046881,6.592368800050157,3100400.0
1992-11-30,False,daily,51.0,51.13,49.63,50.38,817400.0,6.67349759433422,6.690508470555073,6.494229129545243,6.592368800050157,3269600.0
1992-11-27,False,daily,51.5,51.63,50.63,51.0,355700.0,6.738924041337497,6.755934917558349,6.625082023551796,6.67349759433422,1422800.0
1992-11-25,False,daily,51.63,51.88,51.13,51.38,585700.0,6.755934917558349,6.788648141059988,6.690508470555073,6.72322169405671,2342800.0
1992-11-24,False,daily,50.38,51.75,50.25,51.38,1048200.0,6.592368800050157,6.771637264839136,6.575357923829305,6.72322169405671,4192800.0
1992-11-23,False,daily,50.63,50.88,50.25,50.25,622900.0,6.625082023551796,6.657795247053434,6.575357923829305,6.575357923829305,2491600.0
1992-11-20,False,daily,50.38,50.75,50.25,50.5,1060300.0,6.592368800050157,6.6407843708325816,6.575357923829305,6.608071147330944,4241200.0
1992-11-19,False,daily,50.38,50.38,49.75,50.25,586400.0,6.592368800050157,6.592368800050157,6.509931476826028,6.575357923829305,2345600.0
1992-11-18,False,daily,50.0,50.75,50.0,50.38,910200.0,6.542644700327667,6.6407843708325816,6.542644700327667,6.592368800050157,3640800.0
1992-11-17,False,daily,50.0,50.13,49.63,49.88,660100.0,6.542644700327667,6.559655576548519,6.494229129545243,6.526942353046881,2640400.0
1992-11-16,False,daily,49.75,50.0,49.0,49.75,658900.0,6.509931476826028,6.542644700327667,6.411791806321114,6.509931476826028,2635600.0
1992-11-13,False,daily,50.5,50.5,49.63,49.88,826100.0,6.608071147330944,6.608071147330944,6.494229129545243,6.526942353046881,3304400.0
1992-11-12,False,daily,50.75,51.25,50.25,50.5,1109900.0,6.6407843708325816,6.706210817835859,6.575357923829305,6.608071147330944,4439600.0
1992-11-11,False,daily,49.25,50.63,49.0,50.38,1107400.0,6.444505029822752,6.625082023551796,6.411791806321114,6.592368800050157,4429600.0
1992-11-10,False,daily,49.38,49.5,49.0,49.38,886800.0,6.461515906043604,6.4772182533243905,6.411791806321114,6.461515906043604,3547200.0
1992-11-09,False,daily,49.25,49.5,48.63,49.25,904900.0,6.414627260081586,6.447188819777431,6.333874592035889,6.414627260081586,3619600.0
1992-11-06,False,daily,47.75,50.13,47.63,49.13,1390200.0,6.219257901906512,6.5292439502109625,6.2036283532525065,6.3989977114275804,5560800.0
1992-11-05,False,daily,48.88,49.0,48.13,48.25,872400.0,6.366436151731735,6.38206570038574,6.2687514726441975,6.284381021298204,3489600.0
1992-11-04,False,daily,49.75,50.5,49.0,49.13,787300.0,6.479750379473277,6.577435058560814,6.38206570038574,6.3989977114275804,3149200.0
1992-11-03,False,daily,50.88,50.88,49.5,49.75,734600.0,6.6269286292985,6.6269286292985,6.447188819777431,6.479750379473277,2938400.0
1992-11-02,False,daily,49.75,51.13,49.63,50.75,1049500.0,6.479750379473277,6.659490188994345,6.4641208308192715,6.60999661825666,4198000.0
1992-10-30,False,daily,49.75,50.63,49.63,50.0,1455100.0,6.479750379473277,6.594367069602654,6.4641208308192715,6.512311939169122,5820400.0
1992-10-29,False,daily,49.38,49.75,48.88,49.63,947900.0,6.431559271123426,6.479750379473277,6.366436151731735,6.4641208308192715,3791600.0
1992-10-28,False,daily,48.75,49.63,48.13,49.5,979000.0,6.349504140689895,6.4641208308192715,6.2687514726441975,6.447188819777431,3916000.0
1992-10-27,False,daily,49.88,49.88,48.88,49.13,855100.0,6.496682390515117,6.496682390515117,6.366436151731735,6.3989977114275804,3420400.0
1992-10-26,False,daily,49.63,50.13,49.38,49.63,926100.0,6.4641208308192715,6.5292439502109625,6.431559271123426,6.4641208308192715,3704400.0
1992-10-23,False,daily,50.13,50.25,49.13,49.25,872900.0,6.5292439502109625,6.544873498864969,6.3989977114275804,6.414627260081586,3491600.0
1992-10-22,False,daily,50.5,51.0,49.63,50.25,1129000.0,6.577435058560814,6.642558177952505,6.4641208308192715,6.544873498864969,4516000.0
1992-10-21,False,daily,49.5,50.63,49.38,50.38,827000.0,6.447188819777431,6.594367069602654,6.431559271123426,6.561805509906809,3308000.0
1992-10-20,False,daily,49.5,49.75,49.0,49.25,1323400.0,6.447188819777431,6.479750379473277,6.38206570038574,6.414627260081586,5293600.0
1992-10-19,False,daily,48.38,49.75,48.38,48.75,816200.0,6.301313032340044,6.479750379473277,6.301313032340044,6.349504140689895,3264800.0
1992-10-16,False,daily,49.5,49.5,48.38,48.75,1289600.0,6.447188819777431,6.447188819777431,6.301313032340044,6.349504140689895,5158400.0
1992-10-15,False,daily,47.88,49.88,47.75,49.0,1148400.0,6.236189912948352,6.496682390515117,6.219257901906512,6.38206570038574,4593600.0
1992-10-14,False,daily,48.0,48.13,47.5,48.0,953200.0,6.2518194616023575,6.2687514726441975,6.186696342210666,6.2518194616023575,3812800.0
1992-10-13,False,daily,48.25,48.88,47.88,48.13,889400.0,6.284381021298204,6.366436151731735,6.236189912948352,6.2687514726441975,3557600.0
1992-10-12,False,daily,47.0,48.13,47.0,48.13,769300.0,6.121573222818975,6.2687514726441975,6.121573222818975,6.2687514726441975,3077200.0
1992-10-09,False,daily,47.13,47.25,46.63,46.75,733100.0,6.1385052338608155,6.154134782514821,6.0733821144691245,6.08901166312313,2932400.0
1992-10-08,False,daily,45.75,47.5,45.75,47.0,1218100.0,5.958765424339747,6.186696342210666,5.958765424339747,6.121573222818975,4872400.0
1992-10-07,False,daily,45.38,46.5,45.25,45.25,1069900.0,5.910574315989896,6.056450103427284,5.893642304948056,5.893642304948056,4279600.0
1992-10-06,False,daily,45.63,45.88,44.88,45.0,1168300.0,5.9431358756857415,5.975697435381587,5.845451196598205,5.8610807452522105,4673200.0
1992-10-05,False,daily,45.13,46.0,43.25,46.0,1566100.0,5.8780127562940505,5.991326984035593,5.633149827381291,5.991326984035593,6264400.0
1992-10-02,False,daily,46.75,47.13,45.63,45.88,993700.0,6.08901166312313,6.1385052338608155,5.9431358756857415,5.975697435381587,3974800.0
1992-10-01,False,daily,47.38,47.63,46.5,46.75,1109000.0,6.171066793556661,6.2036283532525065,6.056450103427284,6.08901166312313,4436000.0
1992-09-30,False,daily,47.5,48.0,47.13,47.13,840400.0,6.186696342210666,6.2518194616023575,6.1385052338608155,6.1385052338608155,3361600.0
1992-09-29,False,daily,47.5,48.25,46.88,47.63,999800.0,6.186696342210666,6.284381021298204,6.10594367416497,6.2036283532525065,3999200.0
1992-09-28,False,daily,47.63,48.63,46.5,47.5,1135200.0,6.2036283532525065,6.333874592035889,6.056450103427284,6.186696342210666,4540800.0
1992-09-25,False,daily,50.38,50.5,47.0,47.63,1990500.0,6.561805509906809,6.577435058560814,6.121573222818975,6.2036283532525065,7962000.0
1992-09-24,False,daily,51.0,51.0,50.13,50.5,632100.0,6.642558177952505,6.642558177952505,6.5292439502109625,6.577435058560814,2528400.0
1992-09-23,False,daily,50.63,51.25,50.63,51.0,747600.0,6.594367069602654,6.675119737648351,6.594367069602654,6.642558177952505,2990400.0
1992-09-22,False,daily,51.0,51.13,50.63,50.63,736600.0,6.642558177952505,6.659490188994345,6.594367069602654,6.594367069602654,2946400.0
1992-09-21,False,daily,51.38,51.38,50.88,51.38,554500.0,6.692051748690191,6.692051748690191,6.6269286292985,6.692051748690191,2218000.0
1992-09-18,False,daily,50.88,51.75,50.63,51.38,1407300.0,6.6269286292985,6.740242857040042,6.594367069602654,6.692051748690191,5629200.0
1992-09-17,False,daily,51.0,51.38,50.38,50.5,610800.0,6.642558177952505,6.692051748690191,6.561805509906809,6.577435058560814,2443200.0
1992-09-16,False,daily,50.13,51.75,50.13,50.88,1135200.0,6.5292439502109625,6.740242857040042,6.5292439502109625,6.6269286292985,4540800.0
1992-09-15,False,daily,50.75,51.63,50.5,50.5,967700.0,6.60999661825666,6.724613308386036,6.577435058560814,6.577435058560814,3870800.0
1992-09-14,False,daily,51.75,52.13,51.0,51.75,1026600.0,6.740242857040042,6.7897364277777275,6.642558177952505,6.740242857040042,4106400.0
1992-09-11,False,daily,52.38,52.38,51.5,51.75,734900.0,6.822297987473573,6.822297987473573,6.707681297344196,6.740242857040042,2939600.0
1992-09-10,False,daily,51.75,52.88,51.25,52.38,960100.0,6.740242857040042,6.887421106865265,6.675119737648351,6.822297987473573,3840400.0
1992-09-09,False,daily,52.0,52.13,51.13,52.0,1023200.0,6.772804416735887,6.7897364277777275,6.659490188994345,6.772804416735887,4092800.0
1992-09-08,False,daily,52.0,52.63,51.5,52.5,821300.0,6.772804416735887,6.854859547169419,6.707681297344196,6.837927536127579,3285200.0
1992-09-04,False,daily,52.13,52.63,51.88,52.38,835000.0,6.7897364277777275,6.854859547169419,6.757174868081882,6.822297987473573,3340000.0
1992-09-03,False,daily,50.75,52.63,50.75,52.63,1812200.0,6.60999661825666,6.854859547169419,6.60999661825666,6.854859547169419,7248800.0
1992-09-02,False,daily,50.13,50.5,49.75,50.5,742500.0,6.5292439502109625,6.577435058560814,6.479750379473277,6.577435058560814,2970000.0
1992-09-01,False,daily,49.25,50.38,49.25,50.38,516000.0,6.414627260081586,6.561805509906809,6.414627260081586,6.561805509906809,2064000.0
1992-08-31,False,daily,50.13,50.13,49.13,49.38,592000.0,6.5292439502109625,6.5292439502109625,6.3989977114275804,6.431559271123426,2368000.0
1992-08-28,False,daily,50.38,50.63,50.0,50.0,550600.0,6.561805509906809,6.594367069602654,6.512311939169122,6.512311939169122,2202400.0
1992-08-27,False,daily,50.75,51.25,50.25,50.38,958800.0,6.60999661825666,6.675119737648351,6.544873498864969,6.561805509906809,3835200.0
1992-08-26,False,daily,49.38,50.63,49.13,50.5,855900.0,6.431559271123426,6.594367069602654,6.3989977114275804,6.577435058560814,3423600.0
1992-08-25,False,daily,48.88,49.13,48.5,49.13,913100.0,6.366436151731735,6.3989977114275804,6.316942580994049,6.3989977114275804,3652400.0
1992-08-24,False,daily,48.25,49.38,48.13,49.13,710500.0,6.284381021298204,6.431559271123426,6.2687514726441975,6.3989977114275804,2842000.0
1992-08-21,False,daily,50.38,50.5,48.38,48.38,1138800.0,6.561805509906809,6.577435058560814,6.301313032340044,6.301313032340044,4555200.0
1992-08-20,False,daily,50.38,50.63,49.88,50.25,724000.0,6.561805509906809,6.594367069602654,6.496682390515117,6.544873498864969,2896000.0
1992-08-19,False,daily,51.0,51.13,50.5,50.63,727900.0,6.642558177952505,6.659490188994345,6.577435058560814,6.594367069602654,2911600.0
1992-08-18,False,daily,50.5,51.25,50.5,50.88,1180200.0,6.577435058560814,6.675119737648351,6.577435058560814,6.6269286292985,4720800.0
1992-08-17,False,daily,49.13,50.63,49.0,50.5,1015200.0,6.3989977114275804,6.594367069602654,6.38206570038574,6.577435058560814,4060800.0
1992-08-14,False,daily,48.63,49.75,48.5,49.63,775500.0,6.333874592035889,6.479750379473277,6.316942580994049,6.4641208308192715,3102000.0
1992-08-13,False,daily,49.0,49.38,48.13,48.5,720300.0,6.38206570038574,6.431559271123426,6.2687514726441975,6.316942580994049,2881200.0
1992-08-12,False,daily,48.88,49.63,48.5,48.63,789900.0,6.366436151731735,6.4641208308192715,6.316942580994049,6.333874592035889,3159600.0
1992-08-11,False,daily,50.0,50.13,49.13,49.13,649500.0,6.481656356974917,6.498508663503053,6.368875536363554,6.368875536363554,2598000.0
1992-08-10,False,daily,49.38,50.0,49.25,49.88,461800.0,6.401283818148428,6.481656356974917,6.384431511620294,6.466100381718178,1847200.0
1992-08-07,False,daily,49.75,51.13,49.75,49.88,1084100.0,6.4492480751900425,6.628141790642551,6.4492480751900425,6.466100381718178,4336400.0
1992-08-06,False,daily,49.75,50.5,49.75,49.75,681000.0,6.4492480751900425,6.546472920544667,6.4492480751900425,6.4492480751900425,2724000.0
1992-08-05,False,daily,49.5,50.0,49.38,49.75,588500.0,6.416839793405168,6.481656356974917,6.401283818148428,6.4492480751900425,2354000.0
1992-08-04,False,daily,50.0,50.38,49.5,49.75,1012700.0,6.481656356974917,6.5309169452879265,6.416839793405168,6.4492480751900425,4050800.0
1992-08-03,False,daily,48.88,50.0,48.75,50.0,828300.0,6.33646725457868,6.481656356974917,6.319614948050544,6.481656356974917,3313200.0
1992-07-31,False,daily,49.63,49.63,49.13,49.25,593300.0,6.433692099933303,6.433692099933303,6.368875536363554,6.384431511620294,2373200.0
1992-07-30,False,daily,49.13,49.63,49.0,49.63,866400.0,6.368875536363554,6.433692099933303,6.352023229835419,6.433692099933303,3465600.0
1992-07-29,False,daily,49.0,49.5,48.5,49.0,1442400.0,6.352023229835419,6.416839793405168,6.28720666626567,6.352023229835419,5769600.0
1992-07-28,False,daily,47.38,48.88,47.25,48.75,1527000.0,6.142017563869432,6.33646725457868,6.125165257341297,6.319614948050544,6108000.0
1992-07-27,False,daily,45.88,47.5,45.88,47.13,738700.0,5.947567873160184,6.1575735391261714,5.947567873160184,6.109609282084557,2954800.0
1992-07-24,False,daily,45.38,46.25,45.25,46.0,646600.0,5.882751309590435,5.9955321302017985,5.8658990030623,5.963123848416924,2586400.0
1992-07-23,False,daily,45.88,46.25,45.25,45.75,886700.0,5.947567873160184,5.9955321302017985,5.8658990030623,5.930715566632049,3546800.0
1992-07-22,False,daily,45.5,46.13,45.38,45.63,798100.0,5.898307284847174,5.979976154945059,5.882751309590435,5.91515959137531,3192400.0
1992-07-21,False,daily,46.0,46.13,45.5,45.63,947500.0,5.963123848416924,5.979976154945059,5.898307284847174,5.91515959137531,3790000.0
1992-07-20,False,daily,45.63,46.38,45.5,45.88,1002100.0,5.91515959137531,6.012384436729934,5.898307284847174,5.947567873160184,4008400.0
1992-07-17,False,daily,46.63,46.63,45.88,46.38,1153900.0,6.044792718514808,6.044792718514808,5.947567873160184,6.012384436729934,4615600.0
1992-07-16,False,daily,46.38,47.0,46.25,46.75,712400.0,6.012384436729934,6.092756975556422,5.9955321302017985,6.060348693771547,2849600.0
1992-07-15,False,daily,46.0,46.63,45.5,46.5,1046900.0,5.963123848416924,6.044792718514808,5.898307284847174,6.027940411986673,4187600.0
1992-07-14,False,daily,47.0,47.25,45.88,46.25,1006300.0,6.092756975556422,6.125165257341297,5.947567873160184,5.9955321302017985,4025200.0
1992-07-13,False,daily,46.63,47.38,46.5,46.88,525600.0,6.044792718514808,6.142017563869432,6.027940411986673,6.077201000299683,2102400.0
1992-07-10,False,daily,47.25,47.88,46.75,46.88,507300.0,6.125165257341297,6.206834127439181,6.060348693771547,6.077201000299683,2029200.0
1992-07-09,False,daily,47.25,47.88,46.75,47.13,1135700.0,6.125165257341297,6.206834127439181,6.060348693771547,6.109609282084557,4542800.0
1992-07-08,False,daily,46.25,47.25,46.13,47.25,914900.0,5.9955321302017985,6.125165257341297,5.979976154945059,6.125165257341297,3659600.0
1992-07-07,False,daily,47.0,47.13,46.25,46.25,1323300.0,6.092756975556422,6.109609282084557,5.9955321302017985,5.9955321302017985,5293200.0
1992-07-06,False,daily,45.75,46.75,45.63,46.75,972700.0,5.930715566632049,6.060348693771547,5.91515959137531,6.060348693771547,3890800.0
1992-07-02,False,daily,45.63,46.0,45.13,45.63,1334700.0,5.91515959137531,5.963123848416924,5.850343027805561,5.91515959137531,5338800.0
1992-07-01,False,daily,44.63,45.88,44.63,45.63,1149700.0,5.7855264642358115,5.947567873160184,5.7855264642358115,5.91515959137531,4598800.0
1992-06-30,False,daily,45.5,45.63,44.0,44.75,1378400.0,5.898307284847174,5.91515959137531,5.7038575941379275,5.801082439492551,5513600.0
1992-06-29,False,daily,44.88,45.5,44.75,45.5,929700.0,5.817934746020686,5.898307284847174,5.801082439492551,5.898307284847174,3718800.0
1992-06-26,False,daily,43.38,44.75,43.38,44.75,582100.0,5.623485055311439,5.801082439492551,5.623485055311439,5.801082439492551,2328400.0
1992-06-25,False,daily,44.0,44.38,43.5,43.75,995400.0,5.7038575941379275,5.753118182450937,5.639041030568178,5.671449312353053,3981600.0
1992-06-24,False,daily,44.88,44.88,43.63,43.75,1128900.0,5.817934746020686,5.817934746020686,5.655893337096313,5.671449312353053,4515600.0
1992-06-23,False,daily,45.13,45.5,44.75,44.88,1012600.0,5.850343027805561,5.898307284847174,5.801082439492551,5.817934746020686,4050400.0
1992-06-22,False,daily,44.25,45.25,43.75,45.13,953800.0,5.736265875922801,5.8658990030623,5.671449312353053,5.850343027805561,3815200.0
1992-06-19,False,daily,44.0,44.5,44.0,44.38,2022300.0,5.7038575941379275,5.768674157707676,5.7038575941379275,5.753118182450937,8089200.0
1992-06-18,False,daily,43.13,44.13,43.0,43.75,1203900.0,5.591076773526564,5.720709900666062,5.574224466998428,5.671449312353053,4815600.0
1992-06-17,False,daily,43.5,44.0,43.13,43.13,1128700.0,5.639041030568178,5.7038575941379275,5.591076773526564,5.591076773526564,4514800.0
1992-06-16,False,daily,44.63,44.88,44.0,44.13,1031200.0,5.7855264642358115,5.817934746020686,5.7038575941379275,5.720709900666062,4124800.0
1992-06-15,False,daily,44.88,44.88,44.25,44.25,1126900.0,5.817934746020686,5.817934746020686,5.736265875922801,5.736265875922801,4507600.0
1992-06-12,False,daily,45.63,45.63,44.88,45.0,1038300.0,5.91515959137531,5.91515959137531,5.817934746020686,5.833490721277426,4153200.0
1992-06-11,False,daily,44.25,45.25,43.88,45.13,1587000.0,5.736265875922801,5.8658990030623,5.688301618881187,5.850343027805561,6348000.0
1992-06-10,False,daily,45.0,45.0,43.75,44.0,774250.0,5.833490721277426,5.833490721277426,5.671449312353053,5.7038575941379275,3097000.0
1992-06-09,False,daily,91.25,91.38,89.62,90.25,1325800.0,5.914511425739612,5.922937579003679,5.808860427120921,5.849694862169863,10606400.0
1992-06-08,False,daily,89.25,90.88,88.75,90.5,1002900.0,5.7848782986001135,5.890529297218804,5.752470016815239,5.8658990030623,8023200.0
1992-06-05,False,daily,89.88,90.5,89.25,90.12,1099500.0,5.8257127336490555,5.8658990030623,5.7848782986001135,5.841268708905796,8796000.0
1992-06-04,False,daily,90.12,90.25,88.62,90.0,1536200.0,5.841268708905796,5.849694862169863,5.744043863551172,5.833490721277426,12289600.0
1992-06-03,False,daily,92.62,93.0,90.0,90.12,1828900.0,6.003310117830169,6.027940411986673,5.833490721277426,5.841268708905796,14631200.0
1992-06-02,False,daily,93.5,94.0,92.25,92.38,1805700.0,6.060348693771547,6.092756975556422,5.979327989309361,5.987754142573428,14445600.0
1992-06-01,False,daily,96.5,98.0,96.25,98.0,471900.0,6.254798384480795,6.352023229835419,6.2385942435883575,6.352023229835419,3775200.0
1992-05-29,False,daily,97.12,97.5,96.62,96.88,665700.0,6.29498465389404,6.319614948050544,6.262576372109165,6.2794286786372995,5325600.0
1992-05-28,False,daily,94.38,97.5,94.0,97.25,805100.0,6.117387269712927,6.319614948050544,6.092756975556422,6.303410807158107,6440800.0
1992-05-27,False,daily,92.0,94.38,92.0,94.38,566400.0,5.963123848416924,6.117387269712927,5.963123848416924,6.117387269712927,4531200.0
1992-05-26,False,daily,94.88,94.88,92.12,92.12,822200.0,6.149795551497801,6.149795551497801,5.970901836045294,5.970901836045294,6577600.0
1992-05-22,False,daily,94.12,95.38,93.62,94.88,537000.0,6.100534963184792,6.182203833282676,6.068126681399918,6.149795551497801,4296000.0
1992-05-21,False,daily,94.12,94.38,93.5,94.0,556200.0,6.100534963184792,6.117387269712927,6.060348693771547,6.092756975556422,4449600.0
1992-05-20,False,daily,95.25,95.38,94.0,94.12,604100.0,6.173777680018609,6.182203833282676,6.092756975556422,6.100534963184792,4832800.0
1992-05-19,False,daily,94.38,95.38,94.12,95.25,644000.0,6.117387269712927,6.182203833282676,6.100534963184792,6.173777680018609,5152000.0
1992-05-18,False,daily,93.5,93.88,93.38,93.88,389400.0,6.060348693771547,6.084978987928052,6.052570706143177,6.084978987928052,3115200.0
1992-05-15,False,daily,93.5,93.62,93.0,93.12,1122600.0,6.060348693771547,6.068126681399918,6.027940411986673,6.035718399615043,8980800.0
1992-05-14,False,daily,95.0,95.0,93.38,93.75,565100.0,6.1575735391261714,6.1575735391261714,6.052570706143177,6.0765528346639845,4520800.0
1992-05-13,False,daily,94.5,95.38,94.38,95.12,429900.0,6.125165257341297,6.182203833282676,6.117387269712927,6.165351526754542,3439200.0
1992-05-12,False,daily,96.88,96.88,94.5,95.0,564400.0,6.249207532035781,6.249207532035781,6.095686537751666,6.127938847475219,4515200.0
1992-05-11,False,daily,95.75,96.75,95.62,96.62,407800.0,6.17631731206055,6.240821931507657,6.167931711532426,6.232436330979534,3262400.0
1992-05-08,False,daily,96.25,96.38,95.12,95.38,561200.0,6.208569621784104,6.216955222312228,6.135679401808873,6.15245060286512,4489600.0
1992-05-07,False,daily,95.12,96.0,94.75,95.75,551400.0,6.135679401808873,6.192443466922327,6.111812692613443,6.17631731206055,4411200.0
1992-05-06,False,daily,97.5,97.5,95.0,95.0,663100.0,6.289200396092988,6.289200396092988,6.127938847475219,6.127938847475219,5304800.0
1992-05-05,False,daily,97.25,97.75,96.75,97.12,464100.0,6.273074241231211,6.305326550954765,6.240821931507657,6.2646886407030875,3712800.0
1992-05-04,False,daily,96.0,97.38,96.0,97.38,608500.0,6.192443466922327,6.281459841759335,6.192443466922327,6.281459841759335,4868000.0
1992-05-01,False,daily,94.38,96.0,94.25,95.75,884700.0,6.087945983418012,6.192443466922327,6.0795603828898885,6.17631731206055,7077600.0
1992-04-30,False,daily,95.0,95.12,93.75,94.88,960100.0,6.127938847475219,6.135679401808873,6.047308073166335,6.120198293141566,7680800.0
1992-04-29,False,daily,94.75,95.25,94.12,94.5,778300.0,6.111812692613443,6.144065002336997,6.071174782361765,6.095686537751666,6226400.0
1992-04-28,False,daily,93.25,94.25,92.5,94.25,982000.0,6.015055763442781,6.0795603828898885,5.966677298857451,6.0795603828898885,7856000.0
1992-04-27,False,daily,92.62,94.0,92.25,93.62,939100.0,5.974417853191103,6.063434228028112,5.950551143995674,6.038922472638212,7512800.0
1992-04-24,False,daily,91.38,93.0,90.88,92.12,1489100.0,5.89443212507669,5.998929608581005,5.8621798153531355,5.94216554346755,11912800.0
1992-04-23,False,daily,91.5,91.62,88.88,90.88,3994000.0,5.902172679410343,5.909913233743996,5.733170576458921,5.8621798153531355,31952000.0
1992-04-22,False,daily,95.88,96.0,93.0,93.0,1043900.0,6.184702912588674,6.192443466922327,5.998929608581005,5.998929608581005,8351200.0
1992-04-21,False,daily,96.75,97.25,95.5,96.0,582200.0,6.240821931507657,6.273074241231211,6.160191157198773,6.192443466922327,4657600.0
1992-04-20,False,daily,98.88,99.25,95.88,96.75,863900.0,6.378216770929996,6.402083480125427,6.184702912588674,6.240821931507657,6911200.0
1992-04-16,False,daily,100.38,100.38,98.62,99.38,1099100.0,6.474973700100658,6.474973700100658,6.361445569873749,6.4104690806535505,8792800.0
1992-04-15,False,daily,102.12,102.12,99.75,100.5,651800.0,6.587211737938626,6.587211737938626,6.43433578984898,6.482714254434311,5214400.0
1992-04-14,False,daily,101.0,102.75,100.12,102.25,682600.0,6.514966564157865,6.627849648190303,6.45820249904441,6.5955973384667494,5460800.0
1992-04-13,False,daily,100.12,101.0,99.5,101.0,498500.0,6.45820249904441,6.514966564157865,6.418209634987203,6.514966564157865,3988000.0
1992-04-10,False,daily,98.5,100.88,98.38,100.75,979100.0,6.353705015540096,6.507226009824212,6.345964461206442,6.498840409296088,7832800.0
1992-04-09,False,daily,96.62,98.88,96.62,97.62,710200.0,6.232436330979534,6.378216770929996,6.232436330979534,6.296940950426642,5681600.0
1992-04-08,False,daily,95.38,96.62,95.25,96.38,1013100.0,6.15245060286512,6.232436330979534,6.144065002336997,6.216955222312228,8104800.0
1992-04-07,False,daily,97.5,97.62,95.75,95.88,491900.0,6.289200396092988,6.296940950426642,6.17631731206055,6.184702912588674,3935200.0
1992-04-06,False,daily,98.62,99.0,97.62,97.62,497900.0,6.361445569873749,6.385957325263649,6.296940950426642,6.296940950426642,3983200.0
1992-04-03,False,daily,97.0,98.75,96.62,98.5,940400.0,6.256948086369435,6.369831170401873,6.232436330979534,6.353705015540096,7523200.0
1992-04-02,False,daily,98.12,98.5,97.0,97.0,762400.0,6.329193260150196,6.353705015540096,6.256948086369435,6.256948086369435,6099200.0
1992-04-01,False,daily,97.0,98.75,96.88,98.12,564200.0,6.256948086369435,6.369831170401873,6.249207532035781,6.329193260150196,4513600.0
1992-03-31,False,daily,96.12,97.88,95.88,97.5,529100.0,6.20018402125598,6.313712151482889,6.184702912588674,6.289200396092988,4232800.0
1992-03-30,False,daily,96.0,97.12,95.5,95.62,459500.0,6.192443466922327,6.2646886407030875,6.160191157198773,6.167931711532426,3676000.0
1992-03-27,False,daily,97.88,98.12,96.0,96.25,562200.0,6.313712151482889,6.329193260150196,6.192443466922327,6.208569621784104,4497600.0
1992-03-26,False,daily,97.75,98.12,97.0,98.0,460600.0,6.305326550954765,6.329193260150196,6.256948086369435,6.321452705816542,3684800.0
1992-03-25,False,daily,98.38,98.38,97.0,97.38,487300.0,6.345964461206442,6.345964461206442,6.256948086369435,6.281459841759335,3898400.0
1992-03-24,False,daily,95.25,97.0,95.12,96.88,681700.0,6.144065002336997,6.256948086369435,6.135679401808873,6.249207532035781,5453600.0
1992-03-23,False,daily,95.62,95.62,94.0,94.62,774200.0,6.167931711532426,6.167931711532426,6.063434228028112,6.103427092085319,6193600.0
1992-03-20,False,daily,96.0,96.62,95.5,96.0,1364600.0,6.192443466922327,6.232436330979534,6.160191157198773,6.192443466922327,10916800.0
1992-03-19,False,daily,96.38,97.25,96.25,96.25,639700.0,6.216955222312228,6.273074241231211,6.208569621784104,6.208569621784104,5117600.0
1992-03-18,False,daily,97.12,97.25,96.0,96.12,570200.0,6.2646886407030875,6.273074241231211,6.192443466922327,6.20018402125598,4561600.0
1992-03-17,False,daily,97.25,97.5,96.5,97.38,455200.0,6.273074241231211,6.289200396092988,6.224695776645881,6.281459841759335,3641600.0
1992-03-16,False,daily,96.0,97.38,95.38,97.25,559000.0,6.192443466922327,6.281459841759335,6.15245060286512,6.273074241231211,4472000.0
1992-03-13,False,daily,96.75,96.88,94.75,96.0,498700.0,6.240821931507657,6.249207532035781,6.111812692613443,6.192443466922327,3989600.0
1992-03-12,False,daily,96.62,96.88,95.5,96.0,556000.0,6.232436330979534,6.249207532035781,6.160191157198773,6.192443466922327,4448000.0
1992-03-11,False,daily,97.0,97.75,95.5,96.25,663300.0,6.256948086369435,6.305326550954765,6.160191157198773,6.208569621784104,5306400.0
1992-03-10,False,daily,98.12,98.88,96.25,96.62,1028400.0,6.329193260150196,6.378216770929996,6.208569621784104,6.232436330979534,8227200.0
1992-03-09,False,daily,96.38,98.12,96.38,98.0,605000.0,6.216955222312228,6.329193260150196,6.216955222312228,6.321452705816542,4840000.0
1992-03-06,False,daily,97.12,97.25,95.5,96.12,675600.0,6.2646886407030875,6.273074241231211,6.160191157198773,6.20018402125598,5404800.0
1992-03-05,False,daily,97.75,97.88,96.62,97.25,524200.0,6.305326550954765,6.313712151482889,6.232436330979534,6.273074241231211,4193600.0
1992-03-04,False,daily,99.88,99.88,97.5,97.75,714600.0,6.442721390377104,6.442721390377104,6.289200396092988,6.305326550954765,5716800.0
1992-03-03,False,daily,100.88,101.38,99.62,99.75,422100.0,6.507226009824212,6.539478319547765,6.425950189320857,6.43433578984898,3376800.0
1992-03-02,False,daily,100.75,102.62,100.38,100.88,383400.0,6.498840409296088,6.61946404766218,6.474973700100658,6.507226009824212,3067200.0
1992-02-28,False,daily,102.5,103.5,101.0,101.25,442700.0,6.611723493328526,6.676228112775633,6.514966564157865,6.531092719019641,3541600.0
1992-02-27,False,daily,104.62,104.62,102.88,102.88,488800.0,6.748473286556394,6.748473286556394,6.636235248718426,6.636235248718426,3910400.0
1992-02-26,False,daily,101.38,104.0,100.75,103.5,894900.0,6.539478319547765,6.708480422499187,6.498840409296088,6.676228112775633,7159200.0
1992-02-25,False,daily,100.62,101.75,98.75,101.0,781900.0,6.490454808767964,6.563345028743195,6.369831170401873,6.514966564157865,6255200.0
1992-02-24,False,daily,98.88,100.88,98.62,100.75,620200.0,6.378216770929996,6.507226009824212,6.361445569873749,6.498840409296088,4961600.0
1992-02-21,False,daily,99.38,99.62,97.75,99.5,844200.0,6.4104690806535505,6.425950189320857,6.305326550954765,6.418209634987203,6753600.0
1992-02-20,False,daily,98.5,100.12,98.38,99.75,1024900.0,6.353705015540096,6.45820249904441,6.345964461206442,6.43433578984898,8199200.0
1992-02-19,False,daily,97.0,98.62,96.5,98.62,1534400.0,6.256948086369435,6.361445569873749,6.224695776645881,6.361445569873749,12275200.0
1992-02-18,False,daily,99.25,99.75,97.0,97.62,1558700.0,6.402083480125427,6.43433578984898,6.256948086369435,6.296940950426642,12469600.0
1992-02-14,False,daily,101.0,102.38,100.5,101.0,931100.0,6.514966564157865,6.603982938994873,6.482714254434311,6.514966564157865,7448800.0
1992-02-13,False,daily,105.88,105.88,101.88,102.88,725600.0,6.829749107059749,6.829749107059749,6.571730629271319,6.636235248718426,5804800.0
1992-02-12,False,daily,103.62,106.5,103.38,105.88,537600.0,6.683968667109287,6.869741971116956,6.6684875584419805,6.829749107059749,4300800.0
1992-02-11,False,daily,105.62,105.75,104.12,104.38,512800.0,6.8129779060035025,6.821363506531625,6.716220976832841,6.732992177889088,4102400.0
1992-02-10,False,daily,106.12,106.62,105.5,106.5,279700.0,6.819098395854077,6.851227581661908,6.779258205452366,6.843516577068028,2237600.0
1992-02-07,False,daily,108.0,108.0,105.0,106.12,755600.0,6.939904134491521,6.939904134491521,6.747129019644535,6.819098395854077,6044800.0
1992-02-06,False,daily,108.75,109.75,107.75,108.0,562400.0,6.988097913203268,7.052356284818931,6.923839541587606,6.939904134491521,4499200.0
1992-02-05,False,daily,107.38,108.88,106.88,108.0,512300.0,6.900063944089811,6.996451501513304,6.867934758281979,6.939904134491521,4098400.0
1992-02-04,False,daily,106.25,107.75,105.62,107.5,530300.0,6.827451984164113,6.923839541587606,6.786969210046246,6.907774948683691,4242400.0
1992-02-03,False,daily,106.75,107.38,105.5,106.0,526200.0,6.859581169971944,6.900063944089811,6.779258205452366,6.811387391260197,4209600.0
1992-01-31,False,daily,106.75,108.62,106.62,107.5,726200.0,6.859581169971944,6.9797443248932325,6.851227581661908,6.907774948683691,5809600.0
1992-01-30,False,daily,104.0,106.0,103.62,106.0,585800.0,6.682870648028873,6.811387391260197,6.658452466814921,6.811387391260197,4686400.0
1992-01-29,False,daily,106.0,106.75,102.25,103.25,692400.0,6.811387391260197,6.859581169971944,6.570418497701464,6.6346768693171265,5539200.0
1992-01-28,False,daily,106.0,106.88,105.5,105.5,523900.0,6.811387391260197,6.867934758281979,6.779258205452366,6.779258205452366,4191200.0
1992-01-27,False,daily,107.5,107.88,105.75,106.25,446100.0,6.907774948683691,6.932193129897642,6.795322798356282,6.827451984164113,3568800.0
1992-01-24,False,daily,106.38,107.88,106.25,107.25,474600.0,6.835805572474149,6.932193129897642,6.827451984164113,6.891710355779775,3796800.0
1992-01-23,False,daily,107.5,108.38,105.75,106.62,783700.0,6.907774948683691,6.964322315705473,6.795322798356282,6.851227581661908,6269600.0
1992-01-22,False,daily,105.0,107.5,104.62,107.5,857700.0,6.747129019644535,6.907774948683691,6.722710838430584,6.907774948683691,6861600.0
1992-01-21,False,daily,104.88,105.38,103.88,104.12,550200.0,6.7394180150506555,6.771547200858486,6.675159643434993,6.690581652622752,4401600.0
1992-01-20,False,daily,106.75,106.75,104.75,105.0,567800.0,6.859581169971944,6.859581169971944,6.73106442674062,6.747129019644535,4542400.0
1992-01-17,False,daily,106.0,108.0,104.88,107.25,1499900.0,6.811387391260197,6.939904134491521,6.7394180150506555,6.891710355779775,11999200.0
1992-01-16,False,daily,105.5,106.12,104.25,104.62,2129000.0,6.779258205452366,6.819098395854077,6.698935240932788,6.722710838430584,17032000.0
1992-01-15,False,daily,113.62,113.88,107.88,108.38,1500900.0,7.3010361829715436,7.317743359591615,6.932193129897642,6.964322315705473,12007200.0
1992-01-14,False,daily,114.5,114.88,112.75,113.62,971600.0,7.357583549993326,7.382001731207278,7.245131399665917,7.3010361829715436,7772800.0
1992-01-13,False,daily,115.0,115.38,114.12,115.0,443600.0,7.389712735801157,7.414130917015108,7.333165368779375,7.389712735801157,3548800.0
1992-01-10,False,daily,114.75,115.75,114.5,115.0,736600.0,7.373648142897242,7.437906514512904,7.357583549993326,7.389712735801157,5892800.0
1992-01-09,False,daily,115.62,117.38,115.62,116.12,743000.0,7.429552926202868,7.542647660246433,7.429552926202868,7.461682112010699,5944000.0
1992-01-08,False,daily,113.62,117.38,113.62,116.38,1023700.0,7.3010361829715436,7.542647660246433,7.3010361829715436,7.478389288630771,8189600.0
1992-01-07,False,daily,112.88,114.25,112.38,114.25,515600.0,7.253484987975953,7.341518957089411,7.221355802168122,7.341518957089411,4124800.0
1992-01-06,False,daily,111.75,113.0,111.25,112.75,794100.0,7.1808730280502555,7.261195992569833,7.148743842242424,7.245131399665917,6352800.0
1992-01-03,False,daily,111.75,112.0,110.12,111.75,686400.0,7.1808730280502555,7.196937620954171,7.076131882316726,7.1808730280502555,5491200.0
1992-01-02,False,daily,112.5,112.62,109.5,112.25,716600.0,7.229066806762002,7.236777811355881,7.036291691915015,7.213002213858086,5732800.0
1993-12-31,False,daily,44.88,45.13,44.75,44.88,722800.0,6.017825901441928,6.0513476589143105,6.00039458755629,6.017825901441928,2891200.0
1993-12-30,False,daily,45.0,45.0,44.63,45.0,816500.0,6.033916345028672,6.033916345028672,5.984304143969547,6.033916345028672,3266000.0
1993-12-29,False,daily,44.88,45.13,44.63,44.75,835300.0,6.017825901441928,6.0513476589143105,5.984304143969547,6.00039458755629,3341200.0
1993-12-28,False,daily,44.13,44.88,44.13,44.63,936100.0,5.917260629024784,6.017825901441928,5.917260629024784,5.984304143969547,3744400.0
1993-12-27,False,daily,43.38,44.5,43.25,44.38,728700.0,5.81669535660764,5.966872830083909,5.799264042722001,5.950782386497166,2914800.0
1993-12-23,False,daily,43.0,43.88,42.88,43.5,988800.0,5.765742285249619,5.883738871552403,5.749651841662876,5.832785800194382,3955200.0
1993-12-22,False,daily,42.63,43.0,42.38,42.88,909000.0,5.716130084190495,5.765742285249619,5.682608326718114,5.749651841662876,3636000.0
1993-12-21,False,daily,42.63,43.13,42.5,42.63,1034500.0,5.716130084190495,5.783173599135258,5.698698770304857,5.716130084190495,4138000.0
1993-12-20,False,daily,42.63,43.0,42.38,42.63,1101100.0,5.716130084190495,5.765742285249619,5.682608326718114,5.716130084190495,4404400.0
1993-12-17,False,daily,42.75,43.13,42.38,43.13,1818500.0,5.732220527777238,5.783173599135258,5.682608326718114,5.783173599135258,7274000.0
1993-12-16,False,daily,43.63,43.75,42.63,43.0,1495700.0,5.850217114080021,5.866307557666764,5.716130084190495,5.765742285249619,5982800.0
1993-12-15,False,daily,42.38,43.75,42.38,43.25,1169200.0,5.682608326718114,5.866307557666764,5.682608326718114,5.799264042722001,4676800.0
1993-12-14,False,daily,43.0,43.13,42.5,42.63,1005900.0,5.765742285249619,5.783173599135258,5.698698770304857,5.716130084190495,4023600.0
1993-12-13,False,daily,43.25,43.38,42.75,43.0,982000.0,5.799264042722001,5.81669535660764,5.732220527777238,5.765742285249619,3928000.0
1993-12-10,False,daily,44.25,44.38,43.5,43.5,962900.0,5.933351072611527,5.950782386497166,5.832785800194382,5.832785800194382,3851600.0
1993-12-09,False,daily,45.38,45.5,44.13,44.25,1254500.0,6.084869416386692,6.100959859973434,5.917260629024784,5.933351072611527,5018000.0
1993-12-08,False,daily,45.0,45.5,44.63,45.38,840000.0,6.033916345028672,6.100959859973434,5.984304143969547,6.084869416386692,3360000.0
1993-12-07,False,daily,45.5,45.5,45.0,45.13,903700.0,6.100959859973434,6.100959859973434,6.033916345028672,6.0513476589143105,3614800.0
1993-12-06,False,daily,44.75,45.5,44.75,45.38,921700.0,6.00039458755629,6.100959859973434,6.00039458755629,6.084869416386692,3686800.0
1993-12-03,False,daily,44.0,44.75,43.75,44.75,683500.0,5.899829315139145,6.00039458755629,5.866307557666764,6.00039458755629,2734000.0
1993-12-02,False,daily,43.88,44.63,43.88,44.25,759800.0,5.883738871552403,5.984304143969547,5.883738871552403,5.933351072611527,3039200.0
1993-12-01,False,daily,43.75,44.25,43.5,44.0,815300.0,5.866307557666764,5.933351072611527,5.832785800194382,5.899829315139145,3261200.0
1993-11-30,False,daily,43.88,44.0,43.5,43.63,946600.0,5.883738871552403,5.899829315139145,5.832785800194382,5.850217114080021,3786400.0
1993-11-29,False,daily,44.25,44.63,43.88,44.25,909500.0,5.933351072611527,5.984304143969547,5.883738871552403,5.933351072611527,3638000.0
1993-11-26,False,daily,44.5,44.63,44.0,44.13,304500.0,5.966872830083909,5.984304143969547,5.899829315139145,5.917260629024784,1218000.0
1993-11-24,False,daily,45.5,45.63,44.5,44.75,1122600.0,6.100959859973434,6.118391173859073,5.966872830083909,6.00039458755629,4490400.0
1993-11-23,False,daily,45.0,45.38,44.25,45.13,1900500.0,6.033916345028672,6.084869416386692,5.933351072611527,6.0513476589143105,7602000.0
1993-11-22,False,daily,44.0,44.88,43.75,44.75,1302300.0,5.899829315139145,6.017825901441928,5.866307557666764,6.00039458755629,5209200.0
1993-11-19,False,daily,44.25,44.63,43.63,44.5,1794900.0,5.933351072611527,5.984304143969547,5.850217114080021,5.966872830083909,7179600.0
1993-11-18,False,daily,43.38,44.5,43.25,44.5,1056600.0,5.81669535660764,5.966872830083909,5.799264042722001,5.966872830083909,4226400.0
1993-11-17,False,daily,44.13,44.25,43.38,43.88,897200.0,5.917260629024784,5.933351072611527,5.81669535660764,5.883738871552403,3588800.0
1993-11-16,False,daily,43.63,44.38,43.63,44.25,1043900.0,5.850217114080021,5.950782386497166,5.850217114080021,5.933351072611527,4175600.0
1993-11-15,False,daily,43.38,43.75,43.0,43.63,867500.0,5.81669535660764,5.866307557666764,5.765742285249619,5.850217114080021,3470000.0
1993-11-12,False,daily,43.25,43.75,43.13,43.38,939400.0,5.799264042722001,5.866307557666764,5.783173599135258,5.81669535660764,3757600.0
1993-11-11,False,daily,43.75,43.88,42.88,43.13,1044200.0,5.866307557666764,5.883738871552403,5.749651841662876,5.783173599135258,4176800.0
1993-11-10,False,daily,42.63,43.63,42.5,43.5,964700.0,5.716130084190495,5.850217114080021,5.698698770304857,5.832785800194382,3858800.0
1993-11-09,False,daily,42.88,43.13,42.5,42.88,1098100.0,5.749651841662876,5.783173599135258,5.698698770304857,5.749651841662876,4392400.0
1993-11-08,False,daily,42.75,43.38,42.38,43.13,932400.0,5.697673069798053,5.781638778195076,5.648359875977579,5.748319052640702,3729600.0
1993-11-05,False,daily,42.13,42.75,41.88,42.63,1080200.0,5.615040150423204,5.697673069798053,5.581720424868829,5.681679601531953,4320800.0
1993-11-04,False,daily,42.88,42.88,42.38,42.38,879600.0,5.7149993270863275,5.7149993270863275,5.648359875977579,5.648359875977579,3518400.0
1993-11-03,False,daily,43.0,43.5,42.63,42.75,1599100.0,5.730992795352427,5.797632246461176,5.681679601531953,5.697673069798053,6396400.0
1993-11-02,False,daily,42.63,42.88,42.38,42.75,893100.0,5.681679601531953,5.7149993270863275,5.648359875977579,5.697673069798053,3572400.0
1993-11-01,False,daily,42.13,43.13,42.0,42.75,1146400.0,5.615040150423204,5.748319052640702,5.597713893134928,5.697673069798053,4585600.0
1993-10-29,False,daily,41.75,42.38,41.63,42.13,1043100.0,5.564394167580554,5.648359875977579,5.548400699314454,5.615040150423204,4172400.0
1993-10-28,False,daily,41.63,42.13,41.38,41.75,925400.0,5.548400699314454,5.615040150423204,5.51508097376008,5.564394167580554,3701600.0
1993-10-27,False,daily,41.5,41.63,41.13,41.63,629300.0,5.5310744420261795,5.548400699314454,5.481761248205705,5.548400699314454,2517200.0
1993-10-26,False,daily,42.0,42.0,41.38,41.5,523100.0,5.597713893134928,5.597713893134928,5.51508097376008,5.5310744420261795,2092400.0
1993-10-25,False,daily,41.5,42.13,41.25,42.0,766000.0,5.5310744420261795,5.615040150423204,5.497754716471805,5.597713893134928,3064000.0
1993-10-22,False,daily,42.63,42.63,41.38,41.75,1320200.0,5.681679601531953,5.681679601531953,5.51508097376008,5.564394167580554,5280800.0
1993-10-21,False,daily,42.38,42.63,42.13,42.63,1362400.0,5.648359875977579,5.681679601531953,5.615040150423204,5.681679601531953,5449600.0
1993-10-20,False,daily,41.38,42.13,40.88,42.13,1170300.0,5.51508097376008,5.615040150423204,5.448441522651331,5.615040150423204,4681200.0
1993-10-19,False,daily,41.75,41.88,41.13,41.38,886100.0,5.564394167580554,5.581720424868829,5.481761248205705,5.51508097376008,3544400.0
1993-10-18,False,daily,41.38,42.38,41.25,41.63,1881600.0,5.51508097376008,5.648359875977579,5.497754716471805,5.548400699314454,7526400.0
1993-10-15,False,daily,40.75,41.38,40.63,41.25,1899700.0,5.431115265363056,5.51508097376008,5.4151217970969565,5.497754716471805,7598800.0
1993-10-14,False,daily,40.5,40.88,40.25,40.75,1173300.0,5.397795539808682,5.448441522651331,5.364475814254306,5.431115265363056,4693200.0
1993-10-13,False,daily,40.0,40.75,39.88,40.25,946100.0,5.331156088699932,5.431115265363056,5.315162620433832,5.364475814254306,3784400.0
1993-10-12,False,daily,40.25,40.25,39.75,40.0,1317300.0,5.364475814254306,5.364475814254306,5.297836363145557,5.331156088699932,5269200.0
1993-10-11,False,daily,39.25,40.38,39.25,39.88,1164400.0,5.2311969120368085,5.381802071542582,5.2311969120368085,5.315162620433832,4657600.0
1993-10-08,False,daily,39.75,39.75,39.13,39.38,604000.0,5.297836363145557,5.297836363145557,5.215203443770709,5.248523169325083,2416000.0
1993-10-07,False,daily,39.38,39.63,39.25,39.63,1036300.0,5.248523169325083,5.281842894879458,5.2311969120368085,5.281842894879458,4145200.0
1993-10-06,False,daily,39.5,39.88,39.38,39.38,1110700.0,5.264516637591183,5.315162620433832,5.248523169325083,5.248523169325083,4442800.0
1993-10-05,False,daily,38.75,39.75,38.63,39.5,1001600.0,5.16455746092806,5.297836363145557,5.14856399266196,5.264516637591183,4006400.0
1993-10-04,False,daily,39.13,39.25,38.5,38.63,1067300.0,5.215203443770709,5.2311969120368085,5.131237735373684,5.14856399266196,4269200.0
1993-10-01,False,daily,39.25,39.63,38.88,39.13,813900.0,5.2311969120368085,5.281842894879458,5.181883718216334,5.215203443770709,3255600.0
1993-09-30,False,daily,39.38,40.0,39.25,39.38,937100.0,5.248523169325083,5.331156088699932,5.2311969120368085,5.248523169325083,3748400.0
1993-09-29,False,daily,39.0,39.63,38.75,39.5,871400.0,5.197877186482434,5.281842894879458,5.16455746092806,5.264516637591183,3485600.0
1993-09-28,False,daily,39.63,39.88,39.13,39.25,850000.0,5.281842894879458,5.315162620433832,5.215203443770709,5.2311969120368085,3400000.0
1993-09-27,False,daily,39.25,39.63,38.88,39.63,1037200.0,5.2311969120368085,5.281842894879458,5.181883718216334,5.281842894879458,4148800.0
1993-09-24,False,daily,39.38,39.75,39.0,39.13,1142900.0,5.248523169325083,5.297836363145557,5.197877186482434,5.215203443770709,4571600.0
1993-09-23,False,daily,39.5,40.0,39.13,39.63,1947600.0,5.264516637591183,5.331156088699932,5.215203443770709,5.281842894879458,7790400.0
1993-09-22,False,daily,39.13,39.38,38.5,39.25,1217900.0,5.215203443770709,5.248523169325083,5.131237735373684,5.2311969120368085,4871600.0
1993-09-21,False,daily,37.63,39.38,37.63,38.88,1728000.0,5.015285090444461,5.248523169325083,5.015285090444461,5.181883718216334,6912000.0
1993-09-20,False,daily,39.0,39.38,37.75,37.88,1186100.0,5.197877186482434,5.248523169325083,5.031278558710561,5.048604815998836,4744400.0
1993-09-17,False,daily,38.13,39.5,38.13,39.13,2696800.0,5.08192454155321,5.264516637591183,5.08192454155321,5.215203443770709,10787200.0
1993-09-16,False,daily,39.0,39.13,38.5,38.75,811900.0,5.197877186482434,5.215203443770709,5.131237735373684,5.16455746092806,3247600.0
1993-09-15,False,daily,38.75,39.13,38.38,39.0,1266400.0,5.16455746092806,5.215203443770709,5.1152442671075855,5.197877186482434,5065600.0
1993-09-14,False,daily,38.38,39.5,38.25,39.38,1680500.0,5.1152442671075855,5.264516637591183,5.09791800981931,5.248523169325083,6722000.0
1993-09-13,False,daily,38.88,39.0,38.5,38.63,1025400.0,5.181883718216334,5.197877186482434,5.131237735373684,5.14856399266196,4101600.0
1993-09-10,False,daily,38.75,39.0,38.38,38.75,849100.0,5.16455746092806,5.197877186482434,5.1152442671075855,5.16455746092806,3396400.0
1993-09-09,False,daily,38.38,39.13,38.38,38.75,1368200.0,5.1152442671075855,5.215203443770709,5.1152442671075855,5.16455746092806,5472800.0
1993-09-08,False,daily,38.63,38.88,38.0,38.38,2457200.0,5.14856399266196,5.181883718216334,5.064598284264935,5.1152442671075855,9828800.0
1993-09-07,False,daily,39.75,39.88,39.38,39.38,927700.0,5.297836363145557,5.315162620433832,5.248523169325083,5.248523169325083,3710800.0
1993-09-03,False,daily,40.75,40.88,39.88,39.88,1093100.0,5.431115265363056,5.448441522651331,5.315162620433832,5.315162620433832,4372400.0
1993-09-02,False,daily,41.25,41.75,40.75,40.88,2532600.0,5.497754716471805,5.564394167580554,5.431115265363056,5.448441522651331,10130400.0
1993-09-01,False,daily,40.63,40.75,40.25,40.38,1203800.0,5.4151217970969565,5.431115265363056,5.364475814254306,5.381802071542582,4815200.0
1993-08-31,False,daily,40.5,41.0,40.38,40.75,1088400.0,5.397795539808682,5.464434990917431,5.381802071542582,5.431115265363056,4353600.0
1993-08-30,False,daily,40.25,40.88,40.25,40.5,890800.0,5.364475814254306,5.448441522651331,5.364475814254306,5.397795539808682,3563200.0
1993-08-27,False,daily,40.25,40.38,40.0,40.38,670300.0,5.364475814254306,5.381802071542582,5.331156088699932,5.381802071542582,2681200.0
1993-08-26,False,daily,39.63,40.5,39.5,40.38,1120000.0,5.281842894879458,5.397795539808682,5.264516637591183,5.381802071542582,4480000.0
1993-08-25,False,daily,40.0,40.0,39.38,39.75,1616400.0,5.331156088699932,5.331156088699932,5.248523169325083,5.297836363145557,6465600.0
1993-08-24,False,daily,40.0,40.5,39.63,40.0,1553700.0,5.331156088699932,5.397795539808682,5.281842894879458,5.331156088699932,6214800.0
1993-08-23,False,daily,40.38,40.38,39.38,40.38,1490800.0,5.381802071542582,5.381802071542582,5.248523169325083,5.381802071542582,5963200.0
1993-08-20,False,daily,40.38,41.0,39.75,41.0,1980000.0,5.381802071542582,5.464434990917431,5.297836363145557,5.464434990917431,7920000.0
1993-08-19,False,daily,40.0,40.75,39.75,40.38,2638000.0,5.331156088699932,5.431115265363056,5.297836363145557,5.381802071542582,10552000.0
1993-08-18,False,daily,39.5,40.13,39.13,40.0,2895000.0,5.264516637591183,5.348482345988208,5.215203443770709,5.331156088699932,11580000.0
1993-08-17,False,daily,37.38,38.5,37.25,38.5,2150100.0,4.981965364890087,5.131237735373684,4.964639107601812,5.131237735373684,8600400.0
1993-08-16,False,daily,37.0,37.5,36.88,37.25,1373200.0,4.9313193820474375,4.997958833156186,4.915325913781338,4.964639107601812,5492800.0
1993-08-13,False,daily,36.38,37.13,36.38,36.88,1479000.0,4.848686462672589,4.948645639335712,4.848686462672589,4.915325913781338,5916000.0
1993-08-12,False,daily,35.75,36.75,35.75,36.38,2452700.0,4.764720754275564,4.897999656493063,4.764720754275564,4.848686462672589,9810800.0
1993-08-11,False,daily,36.13,36.38,35.63,35.63,1384400.0,4.815366737118214,4.848686462672589,4.748727286009465,4.748727286009465,5537600.0
1993-08-10,False,daily,36.5,36.75,36.38,36.5,863000.0,4.829438449131944,4.862516794673943,4.813560843271784,4.829438449131944,3452000.0
1993-08-09,False,daily,37.38,37.75,36.13,36.75,1628800.0,4.945874225439782,4.994830176841941,4.780482497729785,4.862516794673943,6515200.0
1993-08-06,False,daily,37.0,37.75,36.63,37.5,1207200.0,4.895595140215943,4.994830176841941,4.846639188813784,4.961751831299942,4828800.0
1993-08-05,False,daily,37.63,38.0,36.75,37.0,1356200.0,4.978952570981782,5.0279085223839415,4.862516794673943,4.895595140215943,5424800.0
1993-08-04,False,daily,37.63,38.0,37.5,37.63,949100.0,4.978952570981782,5.0279085223839415,4.961751831299942,4.978952570981782,3796400.0
1993-08-03,False,daily,37.75,38.13,37.5,37.75,1957900.0,4.994830176841941,5.045109262065782,4.961751831299942,4.994830176841941,7831600.0
1993-08-02,False,daily,36.63,37.38,36.63,37.38,1674700.0,4.846639188813784,4.945874225439782,4.846639188813784,4.945874225439782,6698800.0
1993-07-30,False,daily,36.5,37.0,36.13,36.5,2129800.0,4.829438449131944,4.895595140215943,4.780482497729785,4.829438449131944,8519200.0
1993-07-29,False,daily,37.0,37.25,36.25,36.75,2442700.0,4.895595140215943,4.928673485757942,4.796360103589944,4.862516794673943,9770800.0
1993-07-28,False,daily,37.75,38.0,37.5,37.63,1295300.0,4.994830176841941,5.0279085223839415,4.961751831299942,4.978952570981782,5181200.0
1993-07-27,False,daily,38.38,38.75,37.75,38.0,1131500.0,5.078187607607781,5.12714355900994,4.994830176841941,5.0279085223839415,4526000.0
1993-07-26,False,daily,38.5,38.88,38.25,38.25,1002900.0,5.094065213467941,5.14434429869178,5.060986867925941,5.060986867925941,4011600.0
1993-07-23,False,daily,38.0,38.38,37.88,38.38,1492700.0,5.0279085223839415,5.078187607607781,5.0120309165237815,5.078187607607781,5970800.0
1993-07-22,False,daily,38.25,38.25,37.63,38.0,2774600.0,5.060986867925941,5.060986867925941,4.978952570981782,5.0279085223839415,11098400.0
1993-07-21,False,daily,39.88,39.88,38.0,38.25,2278500.0,5.2766576808597785,5.2766576808597785,5.0279085223839415,5.060986867925941,9114000.0
1993-07-20,False,daily,39.63,40.25,39.38,39.75,1872000.0,5.243579335317779,5.325613632261938,5.210500989775779,5.259456941177938,7488000.0
1993-07-19,False,daily,39.5,39.75,38.5,39.5,1392900.0,5.226378595635939,5.259456941177938,5.094065213467941,5.226378595635939,5571600.0
1993-07-16,False,daily,39.38,39.5,38.88,39.25,2070900.0,5.210500989775779,5.226378595635939,5.14434429869178,5.193300250093939,8283600.0
1993-07-15,False,daily,39.75,39.88,39.5,39.63,1633900.0,5.259456941177938,5.2766576808597785,5.226378595635939,5.243579335317779,6535600.0
1993-07-14,False,daily,40.88,41.25,40.0,40.5,969900.0,5.408971063027777,5.457927014429936,5.2925352867199384,5.358691977803938,3879600.0
1993-07-13,False,daily,39.75,40.63,39.75,40.63,991000.0,5.259456941177938,5.375892717485778,5.259456941177938,5.375892717485778,3964000.0
1993-07-12,False,daily,39.75,40.0,39.63,39.88,732700.0,5.259456941177938,5.2925352867199384,5.243579335317779,5.2766576808597785,2930800.0
1993-07-09,False,daily,40.13,40.25,39.63,39.75,944300.0,5.3097360264017786,5.325613632261938,5.243579335317779,5.259456941177938,3777200.0
1993-07-08,False,daily,39.63,40.75,39.5,40.13,1309500.0,5.243579335317779,5.391770323345937,5.226378595635939,5.3097360264017786,5238000.0
1993-07-07,False,daily,39.5,40.13,39.25,39.63,1603600.0,5.226378595635939,5.3097360264017786,5.193300250093939,5.243579335317779,6414400.0
1993-07-06,False,daily,39.88,40.13,39.63,39.63,1329600.0,5.2766576808597785,5.3097360264017786,5.243579335317779,5.243579335317779,5318400.0
1993-07-02,False,daily,40.13,40.25,39.63,39.88,1540900.0,5.3097360264017786,5.325613632261938,5.243579335317779,5.2766576808597785,6163600.0
1993-07-01,False,daily,41.25,41.38,40.25,40.38,1380900.0,5.457927014429936,5.475127754111776,5.325613632261938,5.342814371943778,5523600.0
1993-06-30,False,daily,41.5,41.88,41.25,41.5,1062700.0,5.491005359971936,5.5412844451957755,5.457927014429936,5.491005359971936,4250800.0
1993-06-29,False,daily,41.25,42.38,41.0,42.0,1561300.0,5.457927014429936,5.607441136279775,5.424848668887937,5.557162051055935,6245200.0
1993-06-28,False,daily,42.0,42.25,41.13,41.25,1297300.0,5.557162051055935,5.590240396597935,5.442049408569777,5.457927014429936,5189200.0
1993-06-25,False,daily,41.75,42.13,41.63,42.0,931700.0,5.524083705513935,5.5743627907377755,5.508206099653776,5.557162051055935,3726800.0
1993-06-24,False,daily,40.88,42.13,40.5,41.88,2839400.0,5.408971063027777,5.5743627907377755,5.358691977803938,5.5412844451957755,11357600.0
1993-06-23,False,daily,41.25,41.5,40.75,41.0,1827900.0,5.457927014429936,5.491005359971936,5.391770323345937,5.424848668887937,7311600.0
1993-06-22,False,daily,42.38,42.38,41.25,41.5,1393400.0,5.607441136279775,5.607441136279775,5.457927014429936,5.491005359971936,5573600.0
1993-06-21,False,daily,43.0,43.0,42.25,42.5,1101700.0,5.689475433223934,5.689475433223934,5.590240396597935,5.623318742139935,4406800.0
1993-06-18,False,daily,44.5,44.63,42.88,42.88,2923500.0,5.887945506475932,5.905146246157772,5.673597827363774,5.673597827363774,11694000.0
1993-06-17,False,daily,45.13,45.75,45.13,45.75,850700.0,5.971302937241771,6.053337234185929,5.971302937241771,6.053337234185929,3402800.0
1993-06-16,False,daily,44.63,45.5,44.63,45.25,1195100.0,5.905146246157772,6.02025888864393,5.905146246157772,5.98718054310193,4780400.0
1993-06-15,False,daily,44.63,45.25,44.38,45.0,1189200.0,5.905146246157772,5.98718054310193,5.872067900615772,5.954102197559931,4756800.0
1993-06-14,False,daily,44.88,44.88,44.38,44.88,1376200.0,5.938224591699771,5.938224591699771,5.872067900615772,5.938224591699771,5504800.0
1993-06-11,False,daily,44.63,44.88,44.38,44.75,947100.0,5.905146246157772,5.938224591699771,5.872067900615772,5.921023852017931,3788400.0
1993-06-10,False,daily,43.13,44.63,43.13,44.5,1181800.0,5.706676172905774,5.905146246157772,5.706676172905774,5.887945506475932,4727200.0
1993-06-09,False,daily,43.25,43.88,43.0,43.38,1159900.0,5.722553778765933,5.805911209531772,5.689475433223934,5.739754518447773,4639600.0
1993-06-08,False,daily,42.88,43.38,42.63,43.0,921500.0,5.673597827363774,5.739754518447773,5.640519481821775,5.689475433223934,3686000.0
1993-06-07,False,daily,43.25,43.63,42.88,42.88,732200.0,5.722553778765933,5.772832863989773,5.673597827363774,5.673597827363774,2928800.0
1993-06-04,False,daily,43.25,43.5,42.75,42.88,786400.0,5.722553778765933,5.755632124307933,5.656397087681934,5.673597827363774,3145600.0
1993-06-03,False,daily,43.88,44.0,43.5,43.63,710500.0,5.805911209531772,5.821788815391932,5.755632124307933,5.772832863989773,2842000.0
1993-06-02,False,daily,44.38,44.5,43.88,44.25,718100.0,5.872067900615772,5.887945506475932,5.805911209531772,5.854867160933932,2872400.0
1993-06-01,False,daily,44.5,45.0,44.13,44.75,527300.0,5.887945506475932,5.954102197559931,5.8389895550737725,5.921023852017931,2109200.0
1993-05-28,False,daily,43.88,45.0,43.88,44.63,829500.0,5.805911209531772,5.954102197559931,5.805911209531772,5.905146246157772,3318000.0
1993-05-27,False,daily,45.5,45.5,44.25,44.25,1026000.0,6.02025888864393,6.02025888864393,5.854867160933932,5.854867160933932,4104000.0
1993-05-26,False,daily,45.13,45.63,44.38,45.38,883500.0,5.971302937241771,6.03745962832577,5.872067900615772,6.00438128278377,3534000.0
1993-05-25,False,daily,45.13,45.63,44.63,44.63,635700.0,5.971302937241771,6.03745962832577,5.905146246157772,5.905146246157772,2542800.0
1993-05-24,False,daily,45.0,45.63,44.75,45.13,785000.0,5.954102197559931,6.03745962832577,5.921023852017931,5.971302937241771,3140000.0
1993-05-21,False,daily,44.88,45.5,44.75,45.13,1711600.0,5.938224591699771,6.02025888864393,5.921023852017931,5.971302937241771,6846400.0
1993-05-20,False,daily,44.88,45.75,44.5,45.5,1102900.0,5.938224591699771,6.053337234185929,5.887945506475932,6.02025888864393,4411600.0
1993-05-19,False,daily,43.75,45.0,43.25,44.88,1791200.0,5.788710469849932,5.954102197559931,5.722553778765933,5.938224591699771,7164800.0
1993-05-18,False,daily,44.0,44.0,42.88,43.75,1238900.0,5.821788815391932,5.821788815391932,5.673597827363774,5.788710469849932,4955600.0
1993-05-17,False,daily,43.5,44.0,43.25,43.75,1520800.0,5.755632124307933,5.821788815391932,5.722553778765933,5.788710469849932,6083200.0
1993-05-14,False,daily,42.25,43.38,42.25,43.25,873300.0,5.590240396597935,5.739754518447773,5.590240396597935,5.722553778765933,3493200.0
1993-05-13,False,daily,43.38,43.5,42.25,42.38,1190400.0,5.739754518447773,5.755632124307933,5.590240396597935,5.607441136279775,4761600.0
1993-05-12,False,daily,44.25,44.38,43.25,43.5,1106800.0,5.854867160933932,5.872067900615772,5.722553778765933,5.755632124307933,4427200.0
1993-05-11,False,daily,44.13,44.88,43.75,44.88,944500.0,5.804297203969587,5.9029426357161805,5.754316851884646,5.9029426357161805,3778000.0
1993-05-10,False,daily,43.38,44.38,43.38,43.88,1109900.0,5.705651772222993,5.837179014551785,5.705651772222993,5.771415393387389,4439600.0
1993-05-07,False,daily,43.88,44.0,43.25,43.25,654800.0,5.771415393387389,5.787198662466843,5.68855323072025,5.68855323072025,2619200.0
1993-05-06,False,daily,44.63,44.75,43.63,43.63,1141700.0,5.870060825133983,5.885844094213438,5.738533582805191,5.738533582805191,4566800.0
1993-05-05,False,daily,44.25,44.88,44.13,44.63,1159300.0,5.820080473049042,5.9029426357161805,5.804297203969587,5.870060825133983,4637200.0
1993-05-04,False,daily,44.0,44.63,43.75,44.0,1350100.0,5.787198662466843,5.870060825133983,5.754316851884646,5.787198662466843,5400400.0
1993-05-03,False,daily,44.0,45.0,43.75,44.88,2032600.0,5.787198662466843,5.918725904795635,5.754316851884646,5.9029426357161805,8130400.0
1993-04-30,False,daily,43.13,43.88,42.75,43.63,1601000.0,5.672769961640795,5.771415393387389,5.622789609555854,5.738533582805191,6404000.0
1993-04-29,False,daily,43.5,43.63,42.13,42.38,1028100.0,5.721435041302447,5.738533582805191,5.541242719312003,5.574124529894201,4112400.0
1993-04-28,False,daily,42.5,43.25,41.88,42.63,1425800.0,5.589907798973655,5.68855323072025,5.508360908729805,5.607006340476399,5703200.0
1993-04-27,False,daily,40.0,42.75,39.88,42.75,168600.0,5.261089693151676,5.622789609555854,5.245306424072221,5.622789609555854,674400.0
1993-04-26,False,daily,39.88,40.75,38.63,39.63,1176800.0,5.245306424072221,5.35973512489827,5.080897371161232,5.212424613490024,4707200.0
1993-04-23,False,daily,40.25,41.0,39.5,39.88,1480700.0,5.293971503733874,5.392616935480468,5.19532607198728,5.245306424072221,5922800.0
1993-04-22,False,daily,42.38,42.38,40.5,40.63,1282100.0,5.574124529894201,5.574124529894201,5.326853314316072,5.3439518558188155,5128400.0
1993-04-21,False,daily,42.5,42.75,42.13,42.25,1211600.0,5.589907798973655,5.622789609555854,5.541242719312003,5.557025988391458,4846400.0
1993-04-20,False,daily,41.13,42.88,41.0,42.5,1954800.0,5.409715476983211,5.639888151058597,5.392616935480468,5.589907798973655,7819200.0
1993-04-19,False,daily,39.5,41.5,39.5,41.5,1285700.0,5.19532607198728,5.4583805566448635,5.19532607198728,5.4583805566448635,5142800.0
1993-04-16,False,daily,39.0,39.5,38.63,39.38,2079100.0,5.129562450822884,5.19532607198728,5.080897371161232,5.179542802907825,8316400.0
1993-04-15,False,daily,39.5,39.5,38.38,38.75,1633000.0,5.19532607198728,5.19532607198728,5.048015560579033,5.096680640240686,6532000.0
1993-04-14,False,daily,39.63,40.13,39.0,39.25,1286700.0,5.212424613490024,5.2781882346544196,5.129562450822884,5.162444261405082,5146800.0
1993-04-13,False,daily,40.25,40.25,39.0,39.38,1107700.0,5.293971503733874,5.293971503733874,5.129562450822884,5.179542802907825,4430800.0
1993-04-12,False,daily,39.63,40.5,39.5,40.0,1522100.0,5.212424613490024,5.326853314316072,5.19532607198728,5.261089693151676,6088400.0
1993-04-08,False,daily,39.63,39.63,38.38,38.5,2426100.0,5.212424613490024,5.212424613490024,5.048015560579033,5.063798829658488,9704400.0
1993-04-07,False,daily,40.13,40.5,39.75,39.75,1057600.0,5.2781882346544196,5.326853314316072,5.228207882569478,5.228207882569478,4230400.0
1993-04-06,False,daily,41.63,41.88,39.75,40.0,1326100.0,5.475479098147607,5.508360908729805,5.228207882569478,5.261089693151676,5304400.0
1993-04-05,False,daily,40.5,41.63,40.13,41.38,1021400.0,5.326853314316072,5.475479098147607,5.2781882346544196,5.442597287565409,4085600.0
1993-04-02,False,daily,40.25,40.63,39.75,40.13,1818700.0,5.293971503733874,5.3439518558188155,5.228207882569478,5.2781882346544196,7274800.0
1993-04-01,False,daily,42.63,42.63,40.75,40.75,1043500.0,5.607006340476399,5.607006340476399,5.35973512489827,5.35973512489827,4174000.0
1993-03-31,False,daily,42.75,43.25,42.5,42.63,2288600.0,5.622789609555854,5.68855323072025,5.589907798973655,5.607006340476399,9154400.0
1993-03-30,False,daily,40.13,42.5,40.13,42.0,1163400.0,5.2781882346544196,5.589907798973655,5.2781882346544196,5.5241441778092595,4653600.0
1993-03-29,False,daily,39.63,40.75,39.63,40.0,1339100.0,5.212424613490024,5.35973512489827,5.212424613490024,5.261089693151676,5356400.0
1993-03-26,False,daily,40.88,41.5,39.5,39.5,1062000.0,5.376833666401013,5.4583805566448635,5.19532607198728,5.19532607198728,4248000.0
1993-03-25,False,daily,39.75,41.0,39.25,41.0,1376200.0,5.228207882569478,5.392616935480468,5.162444261405082,5.392616935480468,5504800.0
1993-03-24,False,daily,39.5,40.0,39.13,39.5,2301100.0,5.19532607198728,5.261089693151676,5.146660992325628,5.19532607198728,9204400.0
1993-03-23,False,daily,39.75,41.0,39.75,40.63,1545500.0,5.228207882569478,5.392616935480468,5.228207882569478,5.3439518558188155,6182000.0
1993-03-22,False,daily,39.38,39.75,38.63,39.5,2351900.0,5.179542802907825,5.228207882569478,5.080897371161232,5.19532607198728,9407600.0
1993-03-19,False,daily,40.25,40.38,39.25,39.25,2914500.0,5.293971503733874,5.311070045236617,5.162444261405082,5.162444261405082,11658000.0
1993-03-18,False,daily,40.5,41.0,40.0,40.25,1876300.0,5.326853314316072,5.392616935480468,5.261089693151676,5.293971503733874,7505200.0
1993-03-17,False,daily,41.38,41.5,40.0,40.38,3294600.0,5.442597287565409,5.4583805566448635,5.261089693151676,5.311070045236617,13178400.0
1993-03-16,False,daily,43.0,43.0,41.88,42.0,1019800.0,5.655671420138051,5.655671420138051,5.508360908729805,5.5241441778092595,4079200.0
1993-03-15,False,daily,44.0,44.13,43.13,43.5,595400.0,5.787198662466843,5.804297203969587,5.672769961640795,5.721435041302447,2381600.0
1993-03-12,False,daily,43.38,43.75,43.0,43.63,1158800.0,5.705651772222993,5.754316851884646,5.655671420138051,5.738533582805191,4635200.0
1993-03-11,False,daily,44.63,44.75,43.75,44.13,1284000.0,5.870060825133983,5.885844094213438,5.754316851884646,5.804297203969587,5136000.0
1993-03-10,False,daily,44.0,44.75,43.38,44.75,2136900.0,5.787198662466843,5.885844094213438,5.705651772222993,5.885844094213438,8547600.0
1993-03-09,False,daily,42.0,43.25,42.0,43.13,2029000.0,5.5241441778092595,5.68855323072025,5.5241441778092595,5.672769961640795,8116000.0
1993-03-08,False,daily,40.88,42.38,40.5,42.38,1871100.0,5.376833666401013,5.574124529894201,5.326853314316072,5.574124529894201,7484400.0
1993-03-05,False,daily,41.38,41.88,40.25,40.38,2274900.0,5.442597287565409,5.508360908729805,5.293971503733874,5.311070045236617,9099600.0
1993-03-04,False,daily,42.63,42.63,40.88,41.38,1953900.0,5.607006340476399,5.607006340476399,5.376833666401013,5.442597287565409,7815600.0
1993-03-03,False,daily,43.5,43.75,42.5,42.5,1494800.0,5.721435041302447,5.754316851884646,5.589907798973655,5.589907798973655,5979200.0
1993-03-02,False,daily,43.25,43.75,42.88,43.5,1592500.0,5.68855323072025,5.754316851884646,5.639888151058597,5.721435041302447,6370000.0
1993-03-01,False,daily,42.88,43.38,42.63,42.88,1195000.0,5.639888151058597,5.705651772222993,5.607006340476399,5.639888151058597,4780000.0
1993-02-26,False,daily,41.88,42.88,41.5,42.5,1306900.0,5.508360908729805,5.639888151058597,5.4583805566448635,5.589907798973655,5227600.0
1993-02-25,False,daily,41.75,42.63,41.25,41.63,1671400.0,5.491262367227062,5.607006340476399,5.425498746062666,5.475479098147607,6685600.0
1993-02-24,False,daily,40.5,42.75,40.25,42.25,3265900.0,5.326853314316072,5.622789609555854,5.293971503733874,5.557025988391458,13063600.0
1993-02-23,False,daily,39.0,40.25,38.38,40.13,3044300.0,5.129562450822884,5.293971503733874,5.048015560579033,5.2781882346544196,12177200.0
1993-02-22,False,daily,40.75,40.75,37.63,39.13,4120100.0,5.35973512489827,5.35973512489827,4.94937012883244,5.146660992325628,16480400.0
1993-02-19,False,daily,41.88,41.88,40.0,40.63,3330500.0,5.508360908729805,5.508360908729805,5.261089693151676,5.3439518558188155,13322000.0
1993-02-18,False,daily,43.5,43.5,40.0,41.5,2568700.0,5.721435041302447,5.721435041302447,5.261089693151676,5.4583805566448635,10274800.0
1993-02-17,False,daily,42.5,42.88,41.25,42.0,2607400.0,5.589907798973655,5.639888151058597,5.425498746062666,5.5241441778092595,10429600.0
1993-02-16,False,daily,44.0,44.25,42.0,42.63,2871000.0,5.787198662466843,5.820080473049042,5.5241441778092595,5.607006340476399,11484000.0
1993-02-12,False,daily,45.25,45.38,44.88,45.0,1229700.0,5.9516077153778335,5.968706256880576,5.9029426357161805,5.918725904795635,4918800.0
1993-02-11,False,daily,45.75,45.75,44.88,45.0,1776100.0,6.017371336542229,6.017371336542229,5.9029426357161805,5.918725904795635,7104400.0
1993-02-10,False,daily,45.25,45.75,45.0,45.5,1139200.0,5.9516077153778335,6.017371336542229,5.918725904795635,5.984489525960031,4556800.0
1993-02-09,False,daily,44.75,45.0,44.38,44.63,1282800.0,5.885844094213438,5.918725904795635,5.837179014551785,5.870060825133983,5131200.0
1993-02-08,False,daily,45.13,45.38,44.75,44.88,1057500.0,5.9053911065157525,5.938104330017391,5.8556670067932615,5.872677883014114,4230000.0
1993-02-05,False,daily,45.88,46.13,44.63,45.0,1622500.0,6.003530777020668,6.036244000522306,5.839964659512476,5.8883802302949,6490000.0
1993-02-04,False,daily,45.5,45.88,45.0,45.63,1664600.0,5.953806677298177,6.003530777020668,5.8883802302949,5.970817553519029,6658400.0
1993-02-03,False,daily,43.5,45.25,43.0,45.25,1977100.0,5.69210088928507,5.921093453796539,5.626674442281794,5.921093453796539,7908400.0
1993-02-02,False,daily,43.63,44.13,43.13,43.5,2674000.0,5.709111765505923,5.774538212509199,5.643685318502646,5.69210088928507,10696000.0
1993-02-01,False,daily,44.38,44.88,43.88,44.0,1187500.0,5.807251436010837,5.872677883014114,5.7418249890075606,5.757527336288347,4750000.0
1993-01-29,False,daily,43.88,44.13,43.63,44.0,1177900.0,5.7418249890075606,5.774538212509199,5.709111765505923,5.757527336288347,4711600.0
1993-01-28,False,daily,44.38,45.25,43.63,43.88,1478500.0,5.807251436010837,5.921093453796539,5.709111765505923,5.7418249890075606,5914000.0
1993-01-27,False,daily,44.0,44.5,43.63,44.25,1340000.0,5.757527336288347,5.822953783291624,5.709111765505923,5.790240559789985,5360000.0
1993-01-26,False,daily,45.25,45.38,43.5,43.63,2164600.0,5.921093453796539,5.938104330017391,5.69210088928507,5.709111765505923,8658400.0
1993-01-25,False,daily,46.0,46.0,45.0,45.0,1503500.0,6.019233124301453,6.019233124301453,5.8883802302949,5.8883802302949,6014000.0
1993-01-22,False,daily,46.38,46.75,45.75,45.88,1096200.0,6.068957224023944,6.117372794806369,5.9865199007998156,6.003530777020668,4384800.0
1993-01-21,False,daily,46.13,46.75,45.75,46.0,849000.0,6.036244000522306,6.117372794806369,5.9865199007998156,6.019233124301453,3396000.0
1993-01-20,False,daily,45.38,46.5,45.38,45.75,1176700.0,5.938104330017391,6.08465957130473,5.938104330017391,5.9865199007998156,4706800.0
1993-01-19,False,daily,46.88,47.0,45.25,45.38,1328900.0,6.134383671027221,6.150086018308007,5.921093453796539,5.938104330017391,5315600.0
1993-01-18,False,daily,47.0,47.5,46.5,46.75,925000.0,6.150086018308007,6.215512465311283,6.08465957130473,6.117372794806369,3700000.0
1993-01-15,False,daily,46.25,47.5,46.13,46.88,1770000.0,6.051946347803092,6.215512465311283,6.036244000522306,6.134383671027221,7080000.0
1993-01-14,False,daily,47.13,47.13,45.75,46.25,1347600.0,6.167096894528859,6.167096894528859,5.9865199007998156,6.051946347803092,5390400.0
1993-01-13,False,daily,46.88,47.25,46.13,46.75,1135600.0,6.134383671027221,6.182799241809645,6.036244000522306,6.117372794806369,4542400.0
1993-01-12,False,daily,46.75,47.13,46.13,46.88,810100.0,6.117372794806369,6.167096894528859,6.036244000522306,6.134383671027221,3240400.0
1993-01-11,False,daily,47.13,47.63,46.75,46.75,950300.0,6.167096894528859,6.2325233415321355,6.117372794806369,6.117372794806369,3801200.0
1993-01-08,False,daily,45.5,46.88,45.25,46.75,2535700.0,5.953806677298177,6.134383671027221,5.921093453796539,6.117372794806369,10142800.0
1993-01-07,False,daily,46.88,47.0,45.5,45.63,1530200.0,6.134383671027221,6.150086018308007,5.953806677298177,5.970817553519029,6120800.0
1993-01-06,False,daily,47.88,48.0,46.5,46.88,2333600.0,6.265236565033774,6.280938912314561,6.08465957130473,6.134383671027221,9334400.0
1993-01-05,False,daily,49.5,49.63,47.75,48.38,1837800.0,6.4772182533243905,6.494229129545243,6.248225688812922,6.330663012037051,7351200.0
1993-01-04,False,daily,50.25,50.38,49.25,49.5,1191500.0,6.575357923829305,6.592368800050157,6.444505029822752,6.4772182533243905,4766000.0
1994-12-30,False,daily,55.25,55.5,54.63,54.75,490800.0,7.590643080922322,7.624989882193464,7.505463013769892,7.521949478380039,1963200.0
1994-12-29,False,daily,55.0,55.38,55.0,55.0,619200.0,7.556296279651181,7.608503417583316,7.556296279651181,7.556296279651181,2476800.0
1994-12-28,False,daily,55.5,55.63,55.13,55.13,772800.0,7.624989882193464,7.642850218854458,7.574156616312175,7.574156616312175,3091200.0
1994-12-27,False,daily,55.25,55.75,55.25,55.63,658800.0,7.590643080922322,7.6593366834646055,7.590643080922322,7.642850218854458,2635200.0
1994-12-23,False,daily,54.88,55.63,54.75,55.25,608400.0,7.539809815041033,7.642850218854458,7.521949478380039,7.590643080922322,2433600.0
1994-12-22,False,daily,54.25,55.13,53.88,54.63,1408000.0,7.453255875837756,7.574156616312175,7.402422609956466,7.505463013769892,5632000.0
1994-12-21,False,daily,54.75,54.75,54.38,54.38,1561600.0,7.521949478380039,7.521949478380039,7.47111621249875,7.47111621249875,6246400.0
1994-12-20,False,daily,55.13,55.25,54.5,54.63,1372000.0,7.574156616312175,7.590643080922322,7.487602677108897,7.505463013769892,5488000.0
1994-12-19,False,daily,55.25,55.38,54.75,55.38,849400.0,7.590643080922322,7.608503417583316,7.521949478380039,7.608503417583316,3397600.0
1994-12-16,False,daily,54.88,55.38,54.63,55.25,2543000.0,7.539809815041033,7.608503417583316,7.505463013769892,7.590643080922322,10172000.0
1994-12-15,False,daily,54.63,55.0,54.5,54.75,1127300.0,7.505463013769892,7.556296279651181,7.487602677108897,7.521949478380039,4509200.0
1994-12-14,False,daily,53.38,54.38,53.38,54.38,1460700.0,7.333729007414183,7.47111621249875,7.333729007414183,7.47111621249875,5842800.0
1994-12-13,False,daily,53.13,53.5,53.13,53.38,729400.0,7.299382206143041,7.35021547202433,7.299382206143041,7.333729007414183,2917600.0
1994-12-12,False,daily,52.63,53.38,52.25,53.25,757800.0,7.230688603600758,7.333729007414183,7.1784814656686216,7.315868670753188,3031200.0
1994-12-09,False,daily,52.38,53.0,52.13,52.88,804500.0,7.1963418023296155,7.281521869482047,7.161995001058474,7.265035404871899,3218000.0
1994-12-08,False,daily,53.5,53.63,52.5,52.63,791900.0,7.35021547202433,7.368075808685324,7.212828266939764,7.230688603600758,3167600.0
1994-12-07,False,daily,53.0,53.75,52.88,53.5,1157500.0,7.281521869482047,7.384562273295472,7.265035404871899,7.35021547202433,4630000.0
1994-12-06,False,daily,53.5,53.88,53.25,53.63,872600.0,7.35021547202433,7.402422609956466,7.315868670753188,7.368075808685324,3490400.0
1994-12-05,False,daily,53.88,53.88,53.38,53.63,671900.0,7.402422609956466,7.402422609956466,7.333729007414183,7.368075808685324,2687600.0
1994-12-02,False,daily,53.13,53.75,52.63,53.75,1311000.0,7.299382206143041,7.384562273295472,7.230688603600758,7.384562273295472,5244000.0
1994-12-01,False,daily,53.63,54.0,53.25,53.5,1319300.0,7.368075808685324,7.4189090745666135,7.315868670753188,7.35021547202433,5277200.0
1994-11-30,False,daily,54.25,54.25,52.88,53.38,1387700.0,7.453255875837756,7.453255875837756,7.265035404871899,7.333729007414183,5550800.0
1994-11-29,False,daily,53.25,53.38,52.5,53.25,838800.0,7.315868670753188,7.333729007414183,7.212828266939764,7.315868670753188,3355200.0
1994-11-28,False,daily,52.88,53.5,52.38,53.38,952100.0,7.265035404871899,7.35021547202433,7.1963418023296155,7.333729007414183,3808400.0
1994-11-25,False,daily,53.0,53.25,52.63,52.88,367400.0,7.281521869482047,7.315868670753188,7.230688603600758,7.265035404871899,1469600.0
1994-11-23,False,daily,52.0,53.13,51.25,53.0,1832600.0,7.14413466439748,7.299382206143041,7.041094260584055,7.281521869482047,7330400.0
1994-11-22,False,daily,53.75,54.0,52.5,52.5,1282500.0,7.384562273295472,7.4189090745666135,7.212828266939764,7.212828266939764,5130000.0
1994-11-21,False,daily,55.0,55.0,53.5,54.0,1368500.0,7.556296279651181,7.556296279651181,7.35021547202433,7.4189090745666135,5474000.0
1994-11-18,False,daily,53.88,55.13,53.75,55.0,2262100.0,7.402422609956466,7.574156616312175,7.384562273295472,7.556296279651181,9048400.0
1994-11-17,False,daily,54.38,54.63,53.5,54.13,1275300.0,7.47111621249875,7.505463013769892,7.35021547202433,7.4367694112276075,5101200.0
1994-11-16,False,daily,54.25,54.38,53.63,54.25,1023300.0,7.453255875837756,7.47111621249875,7.368075808685324,7.453255875837756,4093200.0
1994-11-15,False,daily,54.63,55.38,53.5,54.25,1333600.0,7.505463013769892,7.608503417583316,7.35021547202433,7.453255875837756,5334400.0
1994-11-14,False,daily,54.13,54.88,53.88,54.75,903200.0,7.4367694112276075,7.539809815041033,7.402422609956466,7.521949478380039,3612800.0
1994-11-11,False,daily,54.38,54.5,53.38,54.0,1088900.0,7.47111621249875,7.487602677108897,7.333729007414183,7.4189090745666135,4355600.0
1994-11-10,False,daily,55.13,55.38,54.25,54.63,1279300.0,7.574156616312175,7.608503417583316,7.453255875837756,7.505463013769892,5117200.0
1994-11-09,False,daily,55.0,55.25,54.0,54.75,1603700.0,7.556296279651181,7.590643080922322,7.4189090745666135,7.521949478380039,6414800.0
1994-11-08,False,daily,53.0,55.0,52.75,54.5,1785200.0,7.281521869482047,7.556296279651181,7.247175068210905,7.487602677108897,7140800.0
1994-11-07,False,daily,53.13,53.5,52.75,53.0,1402900.0,7.260747038415691,7.311311247040081,7.20881622955821,7.2429812353855,5611600.0
1994-11-04,False,daily,54.75,54.88,52.63,52.63,1422900.0,7.482136276176531,7.499902079206723,7.192417026761111,7.192417026761111,5691600.0
1994-11-03,False,daily,55.5,55.5,54.5,54.5,997600.0,7.5846312936584015,7.5846312936584015,7.447971270349241,7.447971270349241,3990400.0
1994-11-02,False,daily,55.5,56.5,55.25,55.5,1493800.0,7.5846312936584015,7.721291316967561,7.550466287831111,7.5846312936584015,5975200.0
1994-11-01,False,daily,54.25,55.88,54.25,55.75,1467100.0,7.413806264521951,7.6365621025158825,7.413806264521951,7.618796299485691,5868400.0
1994-10-31,False,daily,55.25,56.13,54.63,54.75,1162300.0,7.550466287831111,7.670727108343173,7.465737073379432,7.482136276176531,4649200.0
1994-10-28,False,daily,54.25,55.25,54.25,55.13,1398500.0,7.413806264521951,7.550466287831111,7.413806264521951,7.534067085034012,5594000.0
1994-10-27,False,daily,54.38,54.63,54.25,54.38,954600.0,7.431572067552142,7.465737073379432,7.413806264521951,7.431572067552142,3818400.0
1994-10-26,False,daily,54.38,54.5,54.13,54.38,826600.0,7.431572067552142,7.447971270349241,7.397407061724852,7.431572067552142,3306400.0
1994-10-25,False,daily,53.88,54.5,53.75,54.25,1224400.0,7.363242055897562,7.447971270349241,7.34547625286737,7.413806264521951,4897600.0
1994-10-24,False,daily,54.5,54.88,53.88,54.0,1172700.0,7.447971270349241,7.499902079206723,7.363242055897562,7.379641258694661,4690800.0
1994-10-21,False,daily,54.88,54.88,54.38,54.63,2389600.0,7.499902079206723,7.499902079206723,7.431572067552142,7.465737073379432,9558400.0
1994-10-20,False,daily,55.0,55.13,54.0,54.88,1696200.0,7.5163012820038215,7.534067085034012,7.379641258694661,7.499902079206723,6784800.0
1994-10-19,False,daily,53.75,54.88,53.63,54.5,2613500.0,7.34547625286737,7.499902079206723,7.329077050070271,7.447971270349241,10454000.0
1994-10-18,False,daily,53.25,53.25,52.5,53.25,1237500.0,7.27714624121279,7.27714624121279,7.17465122373092,7.27714624121279,4950000.0
1994-10-17,False,daily,52.63,53.25,52.5,53.13,915900.0,7.192417026761111,7.27714624121279,7.17465122373092,7.260747038415691,3663600.0
1994-10-14,False,daily,52.25,52.5,52.25,52.25,1226200.0,7.14048621790363,7.17465122373092,7.14048621790363,7.14048621790363,4904800.0
1994-10-13,False,daily,52.75,53.38,52.63,52.75,1241800.0,7.20881622955821,7.294912044242982,7.192417026761111,7.20881622955821,4967200.0
1994-10-12,False,daily,52.25,52.63,52.13,52.5,923800.0,7.14048621790363,7.192417026761111,7.124087015106531,7.17465122373092,3695200.0
1994-10-11,False,daily,51.0,52.38,50.88,52.13,1446200.0,6.96966118876718,7.158252020933821,6.953261985970081,7.124087015106531,5784800.0
1994-10-10,False,daily,50.75,51.13,50.75,50.75,599000.0,6.93549618293989,6.987426991797371,6.93549618293989,6.93549618293989,2396000.0
1994-10-07,False,daily,50.38,50.88,50.0,50.88,683600.0,6.8849319743155,6.953261985970081,6.833001165458019,6.953261985970081,2734400.0
1994-10-06,False,daily,50.63,50.75,50.25,50.5,686100.0,6.919096980142791,6.93549618293989,6.86716617128531,6.901331177112599,2744400.0
1994-10-05,False,daily,49.88,50.88,49.5,50.38,1434300.0,6.81660196266092,6.953261985970081,6.764671153803439,6.8849319743155,5737200.0
1994-10-04,False,daily,51.38,51.63,50.0,50.13,1210600.0,7.021591997624661,7.055757003451951,6.833001165458019,6.850766968488211,4842400.0
1994-10-03,False,daily,51.88,51.88,51.25,51.38,860900.0,7.089922009279241,7.089922009279241,7.0038261945944695,7.021591997624661,3443600.0
1994-09-30,False,daily,51.25,52.38,51.25,51.75,1230300.0,7.0038261945944695,7.158252020933821,7.0038261945944695,7.0721562062490495,4921200.0
1994-09-29,False,daily,51.63,51.88,51.13,51.13,1337200.0,7.055757003451951,7.089922009279241,6.987426991797371,6.987426991797371,5348800.0
1994-09-28,False,daily,51.13,52.13,50.75,51.75,1894800.0,6.987426991797371,7.124087015106531,6.93549618293989,7.0721562062490495,7579200.0
1994-09-27,False,daily,49.25,51.25,49.13,51.25,1913900.0,6.730506147976149,7.0038261945944695,6.71410694517905,7.0038261945944695,7655600.0
1994-09-26,False,daily,49.25,49.5,49.0,49.13,646700.0,6.730506147976149,6.764671153803439,6.696341142148858,6.71410694517905,2586800.0
1994-09-23,False,daily,48.88,49.38,48.38,49.38,860600.0,6.67994193935176,6.74827195100634,6.611611927697179,6.74827195100634,3442400.0
1994-09-22,False,daily,49.63,49.63,48.5,49.0,1399500.0,6.78243695683363,6.78243695683363,6.628011130494278,6.696341142148858,5598000.0
1994-09-21,False,daily,49.38,49.63,49.0,49.38,1365200.0,6.74827195100634,6.78243695683363,6.696341142148858,6.74827195100634,5460800.0
1994-09-20,False,daily,49.63,49.88,49.38,49.38,1113000.0,6.78243695683363,6.81660196266092,6.74827195100634,6.74827195100634,4452000.0
1994-09-19,False,daily,49.75,50.13,49.63,49.88,762900.0,6.798836159630729,6.850766968488211,6.78243695683363,6.81660196266092,3051600.0
1994-09-16,False,daily,49.75,50.0,49.5,49.88,1988400.0,6.798836159630729,6.833001165458019,6.764671153803439,6.81660196266092,7953600.0
1994-09-15,False,daily,49.25,49.88,49.13,49.88,992400.0,6.730506147976149,6.81660196266092,6.71410694517905,6.81660196266092,3969600.0
1994-09-14,False,daily,49.5,49.63,49.0,49.0,643700.0,6.764671153803439,6.78243695683363,6.696341142148858,6.696341142148858,2574800.0
1994-09-13,False,daily,49.63,49.63,49.25,49.63,855600.0,6.78243695683363,6.78243695683363,6.730506147976149,6.78243695683363,3422400.0
1994-09-12,False,daily,49.25,49.5,49.13,49.38,679400.0,6.730506147976149,6.764671153803439,6.71410694517905,6.74827195100634,2717600.0
1994-09-09,False,daily,49.63,49.88,48.63,49.38,935000.0,6.78243695683363,6.81660196266092,6.64577693352447,6.74827195100634,3740000.0
1994-09-08,False,daily,49.38,49.88,49.25,49.88,1330200.0,6.74827195100634,6.81660196266092,6.730506147976149,6.81660196266092,5320800.0
1994-09-07,False,daily,50.13,50.13,49.25,49.38,1139700.0,6.850766968488211,6.850766968488211,6.730506147976149,6.74827195100634,4558800.0
1994-09-06,False,daily,50.0,50.13,49.5,50.0,1047500.0,6.833001165458019,6.850766968488211,6.764671153803439,6.833001165458019,4190000.0
1994-09-02,False,daily,50.38,50.5,50.0,50.13,583000.0,6.8849319743155,6.901331177112599,6.833001165458019,6.850766968488211,2332000.0
1994-09-01,False,daily,50.13,50.75,50.13,50.5,1228500.0,6.850766968488211,6.93549618293989,6.850766968488211,6.901331177112599,4914000.0
1994-08-31,False,daily,49.25,50.63,49.25,50.13,2070600.0,6.730506147976149,6.919096980142791,6.730506147976149,6.850766968488211,8282400.0
1994-08-30,False,daily,49.5,49.5,49.0,49.13,797600.0,6.764671153803439,6.764671153803439,6.696341142148858,6.71410694517905,3190400.0
1994-08-29,False,daily,49.5,49.63,49.38,49.5,755900.0,6.764671153803439,6.78243695683363,6.74827195100634,6.764671153803439,3023600.0
1994-08-26,False,daily,49.0,49.5,48.5,49.5,1128100.0,6.696341142148858,6.764671153803439,6.628011130494278,6.764671153803439,4512400.0
1994-08-25,False,daily,49.25,49.38,48.88,49.0,2494000.0,6.730506147976149,6.74827195100634,6.67994193935176,6.696341142148858,9976000.0
1994-08-24,False,daily,48.63,49.38,48.25,49.25,1682300.0,6.64577693352447,6.74827195100634,6.593846124666989,6.730506147976149,6729200.0
1994-08-23,False,daily,49.0,49.0,48.38,48.63,1129700.0,6.696341142148858,6.696341142148858,6.611611927697179,6.64577693352447,4518800.0
1994-08-22,False,daily,48.75,49.13,48.63,49.13,984400.0,6.662176136321569,6.71410694517905,6.64577693352447,6.71410694517905,3937600.0
1994-08-19,False,daily,48.38,49.13,48.25,49.0,1524300.0,6.611611927697179,6.71410694517905,6.593846124666989,6.696341142148858,6097200.0
1994-08-18,False,daily,49.0,49.13,48.13,48.13,1106700.0,6.696341142148858,6.71410694517905,6.57744692186989,6.57744692186989,4426800.0
1994-08-17,False,daily,49.5,49.5,49.13,49.25,2162900.0,6.764671153803439,6.764671153803439,6.71410694517905,6.730506147976149,8651600.0
1994-08-16,False,daily,49.5,49.88,48.88,49.5,3166100.0,6.764671153803439,6.81660196266092,6.67994193935176,6.764671153803439,12664400.0
1994-08-15,False,daily,48.63,49.5,48.38,49.5,1793000.0,6.64577693352447,6.764671153803439,6.611611927697179,6.764671153803439,7172000.0
1994-08-12,False,daily,47.75,48.63,47.75,48.63,1164400.0,6.525516113012408,6.64577693352447,6.525516113012408,6.64577693352447,4657600.0
1994-08-11,False,daily,48.38,48.75,47.63,47.75,1413700.0,6.611611927697179,6.662176136321569,6.509116910215309,6.525516113012408,5654800.0
1994-08-10,False,daily,47.88,48.5,47.75,48.5,1352200.0,6.5432819160425995,6.628011130494278,6.525516113012408,6.628011130494278,5408800.0
1994-08-09,False,daily,47.63,48.0,47.5,47.5,1018300.0,6.47042775456943,6.5206914175799415,6.4527675486468175,6.4527675486468175,4073200.0
1994-08-08,False,daily,48.0,48.0,47.5,47.63,1068000.0,6.5206914175799415,6.5206914175799415,6.4527675486468175,6.47042775456943,4272000.0
1994-08-05,False,daily,48.5,48.5,47.88,48.13,1045400.0,6.5886152865130665,6.5886152865130665,6.5043896890359925,6.538351623502555,4181600.0
1994-08-04,False,daily,48.0,48.75,48.0,48.5,1620100.0,6.5206914175799415,6.622577220979629,6.5206914175799415,6.5886152865130665,6480400.0
1994-08-03,False,daily,47.25,48.25,47.25,48.0,2118100.0,6.418805614180255,6.554653352046504,6.418805614180255,6.5206914175799415,8472400.0
1994-08-02,False,daily,46.88,47.25,46.63,47.13,1288500.0,6.368541951169743,6.418805614180255,6.334580016703182,6.402503885636306,5154000.0
1994-08-01,False,daily,47.0,47.25,46.88,47.0,1158700.0,6.384843679713693,6.418805614180255,6.368541951169743,6.384843679713693,4634800.0
1994-07-29,False,daily,47.0,47.13,46.5,47.0,1289500.0,6.384843679713693,6.402503885636306,6.316919810780568,6.384843679713693,5158000.0
1994-07-28,False,daily,47.25,47.63,46.88,47.0,1664800.0,6.418805614180255,6.47042775456943,6.368541951169743,6.384843679713693,6659200.0
1994-07-27,False,daily,46.63,47.38,46.25,47.38,2059800.0,6.334580016703182,6.436465820102868,6.282957876314007,6.436465820102868,8239200.0
1994-07-26,False,daily,46.75,46.88,46.38,46.63,1517800.0,6.350881745247131,6.368541951169743,6.300618082236619,6.334580016703182,6071200.0
1994-07-25,False,daily,45.5,46.88,45.38,46.75,1951900.0,6.18107207291432,6.368541951169743,6.16477034437037,6.350881745247131,7807600.0
1994-07-22,False,daily,46.5,46.5,45.38,45.38,1901900.0,6.316919810780568,6.316919810780568,6.16477034437037,6.16477034437037,7607600.0
1994-07-21,False,daily,44.75,46.5,44.38,46.38,2793800.0,6.079186269514634,6.316919810780568,6.028922606504121,6.300618082236619,11175200.0
1994-07-20,False,daily,44.38,44.88,44.25,44.75,2118400.0,6.028922606504121,6.096846475437246,6.011262400581509,6.079186269514634,8473600.0
1994-07-19,False,daily,43.63,43.75,43.38,43.63,532200.0,5.927036803104435,5.943338531648385,5.893074868637873,5.927036803104435,2128800.0
1994-07-18,False,daily,43.75,44.0,43.63,43.63,761900.0,5.943338531648385,5.977300466114947,5.927036803104435,5.927036803104435,3047600.0
1994-07-15,False,daily,42.75,43.75,42.75,43.75,1617900.0,5.807490793782136,5.943338531648385,5.807490793782136,5.943338531648385,6471600.0
1994-07-14,False,daily,42.38,43.13,42.25,43.0,671800.0,5.757227130771624,5.859112934171311,5.7395669248490115,5.841452728248698,2687200.0
1994-07-13,False,daily,42.5,42.63,42.25,42.38,949500.0,5.773528859315574,5.7911890652381866,5.7395669248490115,5.757227130771624,3798000.0
1994-07-12,False,daily,43.0,43.13,42.5,42.63,1018900.0,5.841452728248698,5.859112934171311,5.773528859315574,5.7911890652381866,4075600.0
1994-07-11,False,daily,42.75,43.13,42.5,43.0,697900.0,5.807490793782136,5.859112934171311,5.773528859315574,5.841452728248698,2791600.0
1994-07-08,False,daily,42.38,42.75,42.38,42.75,784300.0,5.757227130771624,5.807490793782136,5.757227130771624,5.807490793782136,3137200.0
1994-07-07,False,daily,42.5,43.25,42.25,42.5,900200.0,5.773528859315574,5.875414662715261,5.7395669248490115,5.773528859315574,3600800.0
1994-07-06,False,daily,42.63,42.75,42.38,42.38,707300.0,5.7911890652381866,5.807490793782136,5.757227130771624,5.757227130771624,2829200.0
1994-07-05,False,daily,42.63,43.13,42.63,42.75,656800.0,5.7911890652381866,5.859112934171311,5.7911890652381866,5.807490793782136,2627200.0
1994-07-01,False,daily,43.13,43.13,42.63,42.88,466400.0,5.859112934171311,5.859112934171311,5.7911890652381866,5.825150999704748,1865600.0
1994-06-30,False,daily,43.63,43.75,42.75,42.88,889500.0,5.927036803104435,5.943338531648385,5.807490793782136,5.825150999704748,3558000.0
1994-06-29,False,daily,43.0,43.88,43.0,43.5,851800.0,5.841452728248698,5.960998737570997,5.841452728248698,5.909376597181822,3407200.0
1994-06-28,False,daily,42.63,43.25,42.5,43.25,818800.0,5.7911890652381866,5.875414662715261,5.773528859315574,5.875414662715261,3275200.0
1994-06-27,False,daily,42.5,43.0,42.25,42.75,685300.0,5.773528859315574,5.841452728248698,5.7395669248490115,5.807490793782136,2741200.0
1994-06-24,False,daily,43.38,43.38,42.5,42.63,743000.0,5.893074868637873,5.893074868637873,5.773528859315574,5.7911890652381866,2972000.0
1994-06-23,False,daily,43.38,43.5,43.0,43.25,780300.0,5.893074868637873,5.909376597181822,5.841452728248698,5.875414662715261,3121200.0
1994-06-22,False,daily,43.75,43.88,43.38,43.38,761500.0,5.943338531648385,5.960998737570997,5.893074868637873,5.893074868637873,3046000.0
1994-06-21,False,daily,43.63,44.13,43.38,43.88,1093000.0,5.927036803104435,5.99496067203756,5.893074868637873,5.960998737570997,4372000.0
1994-06-20,False,daily,43.38,43.75,43.25,43.63,741400.0,5.893074868637873,5.943338531648385,5.875414662715261,5.927036803104435,2965600.0
1994-06-17,False,daily,43.75,43.88,43.5,43.63,2618500.0,5.943338531648385,5.960998737570997,5.909376597181822,5.927036803104435,10474000.0
1994-06-16,False,daily,43.63,43.75,43.38,43.75,583100.0,5.927036803104435,5.943338531648385,5.893074868637873,5.943338531648385,2332400.0
1994-06-15,False,daily,43.88,44.0,43.25,43.38,785200.0,5.960998737570997,5.977300466114947,5.875414662715261,5.893074868637873,3140800.0
1994-06-14,False,daily,43.75,44.0,43.63,43.75,878300.0,5.943338531648385,5.977300466114947,5.927036803104435,5.943338531648385,3513200.0
1994-06-13,False,daily,43.25,43.75,43.25,43.63,548100.0,5.875414662715261,5.943338531648385,5.875414662715261,5.927036803104435,2192400.0
1994-06-10,False,daily,44.0,44.13,43.38,43.38,732200.0,5.977300466114947,5.99496067203756,5.893074868637873,5.893074868637873,2928800.0
1994-06-09,False,daily,43.63,44.13,43.5,43.88,1093200.0,5.927036803104435,5.99496067203756,5.909376597181822,5.960998737570997,4372800.0
1994-06-08,False,daily,43.63,43.88,43.25,43.38,572600.0,5.927036803104435,5.960998737570997,5.875414662715261,5.893074868637873,2290400.0
1994-06-07,False,daily,42.5,43.63,42.5,43.5,727200.0,5.773528859315574,5.927036803104435,5.773528859315574,5.909376597181822,2908800.0
1994-06-06,False,daily,44.0,44.0,42.75,42.75,936700.0,5.977300466114947,5.977300466114947,5.807490793782136,5.807490793782136,3746800.0
1994-06-03,False,daily,43.63,43.88,43.5,43.75,550000.0,5.927036803104435,5.960998737570997,5.909376597181822,5.943338531648385,2200000.0
1994-06-02,False,daily,44.13,44.25,43.75,43.75,704500.0,5.99496067203756,6.011262400581509,5.943338531648385,5.943338531648385,2818000.0
1994-06-01,False,daily,44.13,44.25,43.63,44.0,1346700.0,5.99496067203756,6.011262400581509,5.927036803104435,5.977300466114947,5386800.0
1994-05-31,False,daily,44.38,44.5,44.13,44.25,794600.0,6.028922606504121,6.045224335048071,5.99496067203756,6.011262400581509,3178400.0
1994-05-27,False,daily,44.13,44.63,44.13,44.5,845000.0,5.99496067203756,6.062884540970684,5.99496067203756,6.045224335048071,3380000.0
1994-05-26,False,daily,44.0,44.88,43.75,44.13,882600.0,5.977300466114947,6.096846475437246,5.943338531648385,5.99496067203756,3530400.0
1994-05-25,False,daily,43.25,44.13,43.25,44.0,1095700.0,5.875414662715261,5.99496067203756,5.875414662715261,5.977300466114947,4382800.0
1994-05-24,False,daily,43.5,43.88,43.25,43.63,1385800.0,5.909376597181822,5.960998737570997,5.875414662715261,5.927036803104435,5543200.0
1994-05-23,False,daily,43.38,43.88,43.25,43.75,902800.0,5.893074868637873,5.960998737570997,5.875414662715261,5.943338531648385,3611200.0
1994-05-20,False,daily,43.0,43.38,42.75,43.25,2152500.0,5.841452728248698,5.893074868637873,5.807490793782136,5.875414662715261,8610000.0
1994-05-19,False,daily,43.38,43.5,43.0,43.38,750300.0,5.893074868637873,5.909376597181822,5.841452728248698,5.893074868637873,3001200.0
1994-05-18,False,daily,43.13,43.5,42.5,43.25,929100.0,5.859112934171311,5.909376597181822,5.773528859315574,5.875414662715261,3716400.0
1994-05-17,False,daily,42.63,43.5,42.25,43.25,1078300.0,5.7911890652381866,5.909376597181822,5.7395669248490115,5.875414662715261,4313200.0
1994-05-16,False,daily,42.75,43.13,42.5,42.75,662800.0,5.807490793782136,5.859112934171311,5.773528859315574,5.807490793782136,2651200.0
1994-05-13,False,daily,42.0,42.75,41.88,42.5,897800.0,5.705604990382449,5.807490793782136,5.6893032618385,5.773528859315574,3591200.0
1994-05-12,False,daily,42.5,43.25,42.0,42.0,1727200.0,5.773528859315574,5.875414662715261,5.705604990382449,5.705604990382449,6908800.0
1994-05-11,False,daily,41.38,42.63,41.25,42.38,1773100.0,5.621379392905375,5.7911890652381866,5.6037191869827625,5.757227130771624,7092400.0
1994-05-10,False,daily,41.0,41.88,40.88,41.25,1168700.0,5.531903266033199,5.6506367995480575,5.515712329644809,5.5656343835090105,4674800.0
1994-05-09,False,daily,40.63,41.13,40.5,40.75,542700.0,5.481981212168997,5.5494434471206215,5.4644410310815745,5.498172148557386,2170800.0
1994-05-06,False,daily,41.13,41.38,40.75,40.75,927400.0,5.5494434471206215,5.583174564596433,5.498172148557386,5.498172148557386,3709600.0
1994-05-05,False,daily,41.75,41.75,41.25,41.38,737600.0,5.633096618460635,5.633096618460635,5.5656343835090105,5.583174564596433,2950400.0
1994-05-04,False,daily,41.63,42.13,41.63,41.75,806700.0,5.616905682072246,5.68436791702387,5.616905682072246,5.633096618460635,3226800.0
1994-05-03,False,daily,42.38,42.38,41.63,41.63,1207100.0,5.718099034499682,5.718099034499682,5.616905682072246,5.616905682072246,4828400.0
1994-05-02,False,daily,41.38,42.38,41.25,42.0,1430900.0,5.583174564596433,5.718099034499682,5.5656343835090105,5.666827735936447,5723600.0
1994-04-29,False,daily,41.5,41.75,41.13,41.38,1014300.0,5.599365500984823,5.633096618460635,5.5494434471206215,5.583174564596433,4057200.0
1994-04-28,False,daily,40.88,41.88,40.75,41.63,1775500.0,5.515712329644809,5.6506367995480575,5.498172148557386,5.616905682072246,7102000.0
1994-04-26,False,daily,40.13,40.5,39.5,40.25,888800.0,5.414518977217372,5.4644410310815745,5.329516561178325,5.430709913605762,3555200.0
1994-04-25,False,daily,40.13,40.25,39.88,40.13,648800.0,5.414518977217372,5.430709913605762,5.38078785974156,5.414518977217372,2595200.0
1994-04-22,False,daily,40.88,40.88,40.13,40.25,1057700.0,5.515712329644809,5.515712329644809,5.414518977217372,5.430709913605762,4230800.0
1994-04-21,False,daily,40.63,41.13,40.38,40.88,1248700.0,5.481981212168997,5.5494434471206215,5.448250094693185,5.515712329644809,4994800.0
1994-04-20,False,daily,40.25,40.63,40.0,40.5,1590400.0,5.430709913605762,5.481981212168997,5.39697879612995,5.4644410310815745,6361600.0
1994-04-19,False,daily,38.88,40.38,38.63,40.38,1426400.0,5.245863389838312,5.448250094693185,5.212132272362499,5.448250094693185,5705600.0
1994-04-18,False,daily,39.25,39.5,38.5,38.88,1036800.0,5.295785443702513,5.329516561178325,5.1945920912750765,5.245863389838312,4147200.0
1994-04-15,False,daily,39.0,39.5,38.88,39.25,1290800.0,5.262054326226701,5.329516561178325,5.245863389838312,5.295785443702513,5163200.0
1994-04-14,False,daily,39.63,39.88,39.0,39.0,1067200.0,5.347056742265748,5.38078785974156,5.262054326226701,5.262054326226701,4268800.0
1994-04-13,False,daily,39.63,39.75,39.13,39.75,1338900.0,5.347056742265748,5.363247678654138,5.2795945073141235,5.363247678654138,5355600.0
1994-04-12,False,daily,38.75,39.75,38.63,39.5,1841100.0,5.228323208750889,5.363247678654138,5.212132272362499,5.329516561178325,7364400.0
1994-04-11,False,daily,38.75,39.5,38.5,38.75,3101400.0,5.228323208750889,5.329516561178325,5.1945920912750765,5.228323208750889,12405600.0
1994-04-08,False,daily,36.75,37.38,36.63,37.38,1022900.0,4.958474268944391,5.043476684983438,4.942283332556002,5.043476684983438,4091600.0
1994-04-07,False,daily,36.88,37.25,36.25,37.13,1063500.0,4.976014450031814,5.025936503896015,4.891012033992767,5.009745567507626,4254000.0
1994-04-06,False,daily,37.25,37.25,36.63,36.75,1018600.0,5.025936503896015,5.025936503896015,4.942283332556002,4.958474268944391,4074400.0
1994-04-05,False,daily,37.13,37.75,36.88,37.13,1305600.0,5.009745567507626,5.0933987388476405,4.976014450031814,5.009745567507626,5222400.0
1994-04-04,False,daily,36.5,37.63,36.5,36.88,1843300.0,4.924743151468579,5.077207802459251,4.924743151468579,4.976014450031814,7373200.0
1994-03-31,False,daily,37.13,38.0,36.0,37.75,1941900.0,5.009745567507626,5.127129856323452,4.857280916516955,5.0933987388476405,7767600.0
1994-03-30,False,daily,38.0,38.5,37.13,37.13,1598500.0,5.127129856323452,5.1945920912750765,5.009745567507626,5.009745567507626,6394000.0
1994-03-29,False,daily,38.75,39.0,38.0,38.0,1260000.0,5.228323208750889,5.262054326226701,5.127129856323452,5.127129856323452,5040000.0
1994-03-28,False,daily,38.63,38.88,38.63,38.88,844300.0,5.212132272362499,5.245863389838312,5.212132272362499,5.245863389838312,3377200.0
1994-03-25,False,daily,39.13,39.5,38.63,38.63,1163400.0,5.2795945073141235,5.329516561178325,5.212132272362499,5.212132272362499,4653600.0
1994-03-24,False,daily,38.5,39.13,38.5,38.63,1675000.0,5.1945920912750765,5.2795945073141235,5.1945920912750765,5.212132272362499,6700000.0
1994-03-23,False,daily,39.13,39.38,38.5,38.5,1101600.0,5.2795945073141235,5.313325624789936,5.1945920912750765,5.1945920912750765,4406400.0
1994-03-22,False,daily,39.25,39.5,39.0,39.13,1048500.0,5.295785443702513,5.329516561178325,5.262054326226701,5.2795945073141235,4194000.0
1994-03-21,False,daily,39.5,40.0,39.13,39.5,1198800.0,5.329516561178325,5.39697879612995,5.2795945073141235,5.329516561178325,4795200.0
1994-03-18,False,daily,39.38,39.63,39.0,39.5,2866100.0,5.313325624789936,5.347056742265748,5.262054326226701,5.329516561178325,11464400.0
1994-03-17,False,daily,39.25,39.5,38.88,39.38,813400.0,5.295785443702513,5.329516561178325,5.245863389838312,5.313325624789936,3253600.0
1994-03-16,False,daily,39.88,39.88,39.38,39.5,878000.0,5.38078785974156,5.38078785974156,5.313325624789936,5.329516561178325,3512000.0
1994-03-15,False,daily,39.63,39.88,39.5,39.88,886700.0,5.347056742265748,5.38078785974156,5.329516561178325,5.38078785974156,3546800.0
1994-03-14,False,daily,39.63,39.88,39.38,39.75,723500.0,5.347056742265748,5.38078785974156,5.313325624789936,5.363247678654138,2894000.0
1994-03-11,False,daily,39.88,40.0,39.5,39.63,701700.0,5.38078785974156,5.39697879612995,5.329516561178325,5.347056742265748,2806800.0
1994-03-10,False,daily,40.25,40.5,39.63,39.63,976400.0,5.430709913605762,5.4644410310815745,5.347056742265748,5.347056742265748,3905600.0
1994-03-09,False,daily,39.88,40.38,39.63,40.13,1140000.0,5.38078785974156,5.448250094693185,5.347056742265748,5.414518977217372,4560000.0
1994-03-08,False,daily,39.75,40.38,39.63,39.75,1081400.0,5.363247678654138,5.448250094693185,5.347056742265748,5.363247678654138,4325600.0
1994-03-07,False,daily,39.75,40.13,39.63,39.63,967700.0,5.363247678654138,5.414518977217372,5.347056742265748,5.347056742265748,3870800.0
1994-03-04,False,daily,39.5,39.88,39.38,39.75,762500.0,5.329516561178325,5.38078785974156,5.313325624789936,5.363247678654138,3050000.0
1994-03-03,False,daily,40.13,40.25,39.63,39.75,981500.0,5.414518977217372,5.430709913605762,5.347056742265748,5.363247678654138,3926000.0
1994-03-02,False,daily,40.0,40.88,39.88,40.25,982500.0,5.39697879612995,5.515712329644809,5.38078785974156,5.430709913605762,3930000.0
1994-03-01,False,daily,40.13,40.38,39.88,40.38,1023500.0,5.414518977217372,5.448250094693185,5.38078785974156,5.448250094693185,4094000.0
1994-02-28,False,daily,40.88,41.0,40.0,40.13,1029400.0,5.515712329644809,5.531903266033199,5.39697879612995,5.414518977217372,4117600.0
1994-02-25,False,daily,40.63,41.13,40.38,40.63,1026100.0,5.481981212168997,5.5494434471206215,5.448250094693185,5.481981212168997,4104400.0
1994-02-24,False,daily,40.88,41.5,40.38,40.5,1416800.0,5.515712329644809,5.599365500984823,5.448250094693185,5.4644410310815745,5667200.0
1994-02-23,False,daily,41.25,41.88,40.63,41.0,1258100.0,5.5656343835090105,5.6506367995480575,5.481981212168997,5.531903266033199,5032400.0
1994-02-22,False,daily,41.25,41.63,40.88,41.25,970600.0,5.5656343835090105,5.616905682072246,5.515712329644809,5.5656343835090105,3882400.0
1994-02-18,False,daily,41.25,41.88,41.13,41.5,1428300.0,5.5656343835090105,5.6506367995480575,5.5494434471206215,5.599365500984823,5713200.0
1994-02-17,False,daily,42.0,42.5,41.25,41.25,1303000.0,5.666827735936447,5.734289970888072,5.5656343835090105,5.5656343835090105,5212000.0
1994-02-16,False,daily,42.0,43.13,41.5,41.75,1594600.0,5.666827735936447,5.819292386927119,5.599365500984823,5.633096618460635,6378400.0
1994-02-15,False,daily,42.13,42.5,42.0,42.25,667900.0,5.68436791702387,5.734289970888072,5.666827735936447,5.700558853412259,2671600.0
1994-02-14,False,daily,41.63,42.25,41.63,42.13,1164900.0,5.616905682072246,5.700558853412259,5.616905682072246,5.68436791702387,4659600.0
1994-02-11,False,daily,41.25,41.88,41.13,41.88,729400.0,5.5656343835090105,5.6506367995480575,5.5494434471206215,5.6506367995480575,2917600.0
1994-02-10,False,daily,41.5,42.0,41.25,41.38,94900.0,5.599365500984823,5.666827735936447,5.5656343835090105,5.583174564596433,379600.0
1994-02-09,False,daily,41.88,42.38,41.38,41.63,1040500.0,5.6506367995480575,5.718099034499682,5.583174564596433,5.616905682072246,4162000.0
1994-02-08,False,daily,41.75,42.75,40.88,42.63,1409500.0,5.598133497887712,5.732220527777238,5.481477781883824,5.716130084190495,5638000.0
1994-02-07,False,daily,41.75,42.25,41.5,41.63,1432100.0,5.598133497887712,5.6651770128324745,5.56461174041533,5.582043054300969,5728400.0
1994-02-04,False,daily,42.38,42.75,41.88,42.0,1238900.0,5.682608326718114,5.732220527777238,5.615564811773351,5.631655255360093,4955600.0
1994-02-03,False,daily,42.5,42.63,42.13,42.38,1386900.0,5.698698770304857,5.716130084190495,5.649086569245732,5.682608326718114,5547600.0
1994-02-02,False,daily,42.13,42.75,42.0,42.63,1146000.0,5.649086569245732,5.732220527777238,5.631655255360093,5.716130084190495,4584000.0
1994-02-01,False,daily,42.25,42.63,41.63,42.13,1143900.0,5.6651770128324745,5.716130084190495,5.582043054300969,5.649086569245732,4575600.0
1994-01-31,False,daily,42.38,42.88,42.0,42.38,1150500.0,5.682608326718114,5.749651841662876,5.631655255360093,5.682608326718114,4602000.0
1994-01-28,False,daily,42.38,42.75,41.75,42.5,1010900.0,5.682608326718114,5.732220527777238,5.598133497887712,5.698698770304857,4043600.0
1994-01-27,False,daily,42.13,42.5,41.63,42.38,941800.0,5.649086569245732,5.698698770304857,5.582043054300969,5.682608326718114,3767200.0
1994-01-26,False,daily,41.0,42.0,41.0,41.88,868900.0,5.497568225470568,5.631655255360093,5.497568225470568,5.615564811773351,3475600.0
1994-01-25,False,daily,40.5,41.5,40.13,40.88,1910800.0,5.4305247105258045,5.56461174041533,5.38091250946668,5.481477781883824,7643200.0
1994-01-24,False,daily,41.75,41.75,40.38,40.38,1495800.0,5.598133497887712,5.598133497887712,5.414434266939062,5.414434266939062,5983200.0
1994-01-21,False,daily,41.5,42.0,41.38,41.88,1988300.0,5.56461174041533,5.631655255360093,5.5485212968285875,5.615564811773351,7953200.0
1994-01-20,False,daily,42.25,42.38,41.38,41.63,1475800.0,5.6651770128324745,5.682608326718114,5.5485212968285875,5.582043054300969,5903200.0
1994-01-19,False,daily,43.5,43.63,42.25,42.88,1600300.0,5.832785800194382,5.850217114080021,5.6651770128324745,5.749651841662876,6401200.0
1994-01-18,False,daily,44.38,44.38,43.63,43.63,1119900.0,5.950782386497166,5.950782386497166,5.850217114080021,5.850217114080021,4479600.0
1994-01-17,False,daily,43.63,44.5,43.63,44.13,744500.0,5.850217114080021,5.966872830083909,5.850217114080021,5.917260629024784,2978000.0
1994-01-14,False,daily,43.75,44.25,43.75,43.75,781700.0,5.866307557666764,5.933351072611527,5.866307557666764,5.866307557666764,3126800.0
1994-01-13,False,daily,44.13,44.25,43.75,43.75,829600.0,5.917260629024784,5.933351072611527,5.866307557666764,5.866307557666764,3318400.0
1994-01-12,False,daily,44.75,44.88,44.13,44.38,1017600.0,6.00039458755629,6.017825901441928,5.917260629024784,5.950782386497166,4070400.0
1994-01-11,False,daily,45.25,45.38,44.5,44.5,1032800.0,6.067438102501053,6.084869416386692,5.966872830083909,5.966872830083909,4131200.0
1994-01-10,False,daily,44.5,45.75,44.5,45.5,1524200.0,5.966872830083909,6.134481617445816,5.966872830083909,6.100959859973434,6096800.0
1994-01-07,False,daily,44.13,44.63,43.75,44.63,894700.0,5.917260629024784,5.984304143969547,5.866307557666764,5.984304143969547,3578800.0
1994-01-06,False,daily,45.0,45.0,44.0,44.13,957500.0,6.033916345028672,6.033916345028672,5.899829315139145,5.917260629024784,3830000.0
1994-01-05,False,daily,45.0,45.0,44.5,45.0,1101100.0,6.033916345028672,6.033916345028672,5.966872830083909,6.033916345028672,4404400.0
1994-01-04,False,daily,45.13,45.38,44.75,45.13,981800.0,6.0513476589143105,6.084869416386692,6.00039458755629,6.0513476589143105,3927200.0
1994-01-03,False,daily,44.75,45.25,44.5,45.25,1172200.0,6.00039458755629,6.067438102501053,5.966872830083909,6.067438102501053,4688800.0
1995-12-29,False,daily,86.0,86.0,85.13,85.5,1074600.0,12.040703109544966,12.040703109544966,11.918895996692592,11.970699021698774,4298400.0
1995-12-28,False,daily,86.38,86.5,85.88,86.0,893600.0,12.09390621630807,12.110707197391157,12.023902128461879,12.040703109544966,3574400.0
1995-12-27,False,daily,86.63,86.88,85.5,86.88,1123400.0,12.128908260231167,12.163910304154262,11.970699021698774,12.163910304154262,4493600.0
1995-12-26,False,daily,86.63,86.75,86.25,86.5,539600.0,12.128908260231167,12.145709241314254,12.075705153468062,12.110707197391157,2158400.0
1995-12-22,False,daily,88.13,88.25,86.13,86.5,1101300.0,12.338920523769742,12.355721504852829,12.058904172384976,12.110707197391157,4405200.0
1995-12-21,False,daily,87.13,88.5,87.0,88.38,1660500.0,12.198912348077359,12.390723548775926,12.180711285237349,12.373922567692839,6642000.0
1995-12-20,False,daily,87.13,88.75,86.5,87.25,1333500.0,12.198912348077359,12.42572559269902,12.110707197391157,12.215713329160446,5334000.0
1995-12-19,False,daily,89.0,89.5,86.38,87.0,1589900.0,12.460727636622117,12.530731724468309,12.09390621630807,12.180711285237349,6359600.0
1995-12-18,False,daily,90.88,90.88,89.0,89.13,1226800.0,12.723943006923797,12.723943006923797,12.460727636622117,12.478928699462125,4907200.0
1995-12-15,False,daily,91.5,91.88,90.63,91.38,2593700.0,12.810748075853075,12.86395118261618,12.6889409630007,12.793947094769988,10374800.0
1995-12-14,False,daily,90.88,92.38,90.88,91.5,793500.0,12.723943006923797,12.933955270462372,12.723943006923797,12.810748075853075,3174000.0
1995-12-13,False,daily,90.75,91.5,90.63,90.88,1100500.0,12.705741944083787,12.810748075853075,12.6889409630007,12.723943006923797,4402000.0
1995-12-12,False,daily,90.25,91.13,90.13,90.75,741000.0,12.635737856237595,12.758945050846892,12.618936875154509,12.705741944083787,2964000.0
1995-12-11,False,daily,90.0,91.13,89.75,90.13,964300.0,12.6007358123145,12.758945050846892,12.565733768391404,12.618936875154509,3857200.0
1995-12-08,False,daily,91.0,91.25,89.63,90.25,813300.0,12.740743988006884,12.775746031929978,12.548932787308317,12.635737856237595,3253200.0
1995-12-07,False,daily,90.5,91.0,90.25,90.88,1230100.0,12.670739900160692,12.740743988006884,12.635737856237595,12.723943006923797,4920400.0
1995-12-06,False,daily,90.13,91.13,90.0,90.75,1442500.0,12.618936875154509,12.758945050846892,12.6007358123145,12.705741944083787,5770000.0
1995-12-05,False,daily,87.5,90.25,87.5,89.5,1372900.0,12.25071537308354,12.635737856237595,12.25071537308354,12.530731724468309,5491600.0
1995-12-04,False,daily,86.0,87.75,85.38,87.75,1142900.0,12.040703109544966,12.285717417006637,11.953898040615687,12.285717417006637,4571600.0
1995-12-01,False,daily,86.88,87.13,85.75,85.88,1109700.0,12.163910304154262,12.198912348077359,12.00570106562187,12.023902128461879,4438800.0
1995-11-30,False,daily,86.13,87.25,85.13,86.63,801000.0,12.058904172384976,12.215713329160446,11.918895996692592,12.128908260231167,3204000.0
1995-11-29,False,daily,85.25,86.38,85.0,86.0,664000.0,11.93569697777568,12.09390621630807,11.900694933852582,12.040703109544966,2656000.0
1995-11-28,False,daily,84.63,85.25,84.25,85.25,868800.0,11.8488919088464,11.93569697777568,11.795688802083296,11.93569697777568,3475200.0
1995-11-27,False,daily,84.63,85.25,84.0,84.38,981900.0,11.8488919088464,11.93569697777568,11.7606867581602,11.813889864923304,3927600.0
1995-11-24,False,daily,84.38,84.88,84.38,84.5,283700.0,11.813889864923304,11.883893952769496,11.813889864923304,11.83069084600639,1134800.0
1995-11-22,False,daily,85.0,85.25,84.13,84.75,857500.0,11.900694933852582,11.93569697777568,11.77888782100021,11.865692889929488,3430000.0
1995-11-21,False,daily,83.75,85.5,83.75,85.38,587600.0,11.725684714237104,11.970699021698774,11.725684714237104,11.953898040615687,2350400.0
1995-11-20,False,daily,84.38,85.0,83.5,83.63,546500.0,11.813889864923304,11.900694933852582,11.690682670314008,11.708883733154018,2186000.0
1995-11-17,False,daily,84.25,84.75,83.75,84.38,1270100.0,11.795688802083296,11.865692889929488,11.725684714237104,11.813889864923304,5080400.0
1995-11-16,False,daily,85.63,85.88,84.13,84.25,1029100.0,11.988900084538784,12.023902128461879,11.77888782100021,11.795688802083296,4116400.0
1995-11-15,False,daily,83.25,86.0,83.13,85.88,828300.0,11.655680626390913,12.040703109544966,11.638879645307826,12.023902128461879,3313200.0
1995-11-14,False,daily,83.5,84.88,83.13,83.13,1731600.0,11.690682670314008,11.883893952769496,11.638879645307826,11.638879645307826,6926400.0
1995-11-13,False,daily,80.5,81.75,80.0,81.75,1008400.0,11.270658143236858,11.445668362852338,11.200654055390666,11.445668362852338,4033600.0
1995-11-10,False,daily,80.38,80.63,79.63,79.75,542800.0,11.253857162153771,11.288859206076868,11.148851030384485,11.16565201146757,2171200.0
1995-11-09,False,daily,82.0,82.0,81.0,81.38,718700.0,11.433359951802458,11.433359951802458,11.293928732878038,11.346912596069318,2874800.0
1995-11-08,False,daily,82.0,82.25,81.38,82.13,918900.0,11.433359951802458,11.468217756533564,11.346912596069318,11.451486010262633,3675600.0
1995-11-07,False,daily,80.25,81.75,80.13,81.75,1243200.0,11.189355318684724,11.398502147071353,11.172623572413793,11.398502147071353,4972800.0
1995-11-06,False,daily,80.0,80.63,80.0,80.13,692200.0,11.154497513953618,11.242339181876002,11.154497513953618,11.172623572413793,2768800.0
1995-11-03,False,daily,81.25,81.25,80.0,80.25,908300.0,11.328786537609144,11.328786537609144,11.154497513953618,11.189355318684724,3633200.0
1995-11-02,False,daily,81.75,81.88,80.88,81.25,773400.0,11.398502147071353,11.416628205531527,11.277196986607107,11.328786537609144,3093600.0
1995-11-01,False,daily,81.25,82.0,81.0,81.75,939300.0,11.328786537609144,11.433359951802458,11.293928732878038,11.398502147071353,3757200.0
1995-10-31,False,daily,81.38,82.0,81.13,81.5,677100.0,11.346912596069318,11.433359951802458,11.312054791338213,11.36364434234025,2708400.0
1995-10-30,False,daily,80.75,81.88,80.63,81.63,954000.0,11.259070928146933,11.416628205531527,11.242339181876002,11.381770400800423,3816000.0
1995-10-27,False,daily,80.13,81.13,79.13,80.75,1226700.0,11.172623572413793,11.312054791338213,11.033192353489373,11.259070928146933,4906800.0
1995-10-26,False,daily,81.5,82.25,80.25,80.38,1490800.0,11.36364434234025,11.468217756533564,11.189355318684724,11.207481377144898,5963200.0
1995-10-25,False,daily,82.88,84.13,81.75,82.0,1674700.0,11.556059424455949,11.730348448111473,11.398502147071353,11.433359951802458,6698800.0
1995-10-24,False,daily,81.0,82.75,80.88,82.75,1487600.0,11.293928732878038,11.537933365995775,11.277196986607107,11.537933365995775,5950400.0
1995-10-23,False,daily,79.5,80.88,79.38,80.75,1003200.0,11.084781904491408,11.277196986607107,11.068050158220478,11.259070928146933,4012800.0
1995-10-20,False,daily,78.88,79.75,78.13,79.75,1461200.0,10.998334548758267,11.119639709222513,10.893761134564953,11.119639709222513,5844800.0
1995-10-19,False,daily,78.25,79.38,78.25,79.0,1474500.0,10.910492880835884,11.068050158220478,10.910492880835884,11.015066295029198,5898000.0
1995-10-18,False,daily,77.5,78.88,77.13,78.13,692900.0,10.805919466642568,10.998334548758267,10.754329915640533,10.893761134564953,2771600.0
1995-10-17,False,daily,77.5,77.63,76.75,77.5,532800.0,10.805919466642568,10.824045525102742,10.701346052449253,10.805919466642568,2131200.0
1995-10-16,False,daily,77.63,77.75,77.25,77.63,469500.0,10.824045525102742,10.840777271373673,10.771061661911462,10.824045525102742,1878000.0
1995-10-13,False,daily,77.0,78.0,77.0,77.63,840200.0,10.736203857180358,10.875635076104778,10.736203857180358,10.824045525102742,3360800.0
1995-10-12,False,daily,76.25,76.75,76.25,76.5,863700.0,10.631630442987042,10.701346052449253,10.631630442987042,10.666488247718148,3454800.0
1995-10-11,False,daily,76.13,76.38,75.75,76.13,890000.0,10.61489869671611,10.649756501447216,10.561914833524833,10.61489869671611,3560000.0
1995-10-10,False,daily,75.75,76.88,75.75,76.13,969500.0,10.561914833524833,10.719472110909427,10.561914833524833,10.61489869671611,3878000.0
1995-10-09,False,daily,77.13,77.25,76.25,76.63,707200.0,10.754329915640533,10.771061661911462,10.631630442987042,10.684614306178322,2828800.0
1995-10-06,False,daily,75.75,77.38,75.5,77.25,1059800.0,10.561914833524833,10.789187720371636,10.527057028793728,10.771061661911462,4239200.0
1995-10-05,False,daily,75.5,76.25,74.75,75.5,1334800.0,10.527057028793728,10.631630442987042,10.422483614600413,10.527057028793728,5339200.0
1995-10-04,False,daily,74.75,75.88,74.75,75.5,1638600.0,10.422483614600413,10.580040891985007,10.422483614600413,10.527057028793728,6554400.0
1995-10-03,False,daily,73.63,74.88,73.63,74.75,1074600.0,10.266320649405062,10.440609673060587,10.266320649405062,10.422483614600413,4298400.0
1995-10-02,False,daily,73.63,74.25,73.13,73.5,612200.0,10.266320649405062,10.352768005138202,10.19660503994285,10.248194590944887,2448800.0
1995-09-29,False,daily,73.5,74.25,73.13,74.13,763500.0,10.248194590944887,10.352768005138202,10.19660503994285,10.33603625886727,3054000.0
1995-09-28,False,daily,74.38,74.5,73.25,73.5,684600.0,10.370894063598376,10.387625809869308,10.213336786213782,10.248194590944887,2738400.0
1995-09-27,False,daily,74.0,74.88,73.38,74.63,1007600.0,10.317910200407097,10.440609673060587,10.231462844673956,10.405751868329482,4030400.0
1995-09-26,False,daily,73.88,74.88,73.63,74.38,759000.0,10.301178454136165,10.440609673060587,10.266320649405062,10.370894063598376,3036000.0
1995-09-25,False,daily,72.88,74.0,72.75,73.88,780100.0,10.161747235211745,10.317910200407097,10.143621176751571,10.301178454136165,3120400.0
1995-09-22,False,daily,72.88,73.63,72.63,72.75,1134500.0,10.161747235211745,10.266320649405062,10.12688943048064,10.143621176751571,4538000.0
1995-09-21,False,daily,71.75,74.13,71.63,73.75,1903700.0,10.004189957827151,10.33603625886727,9.98745821155622,10.283052395675991,7614800.0
1995-09-20,False,daily,72.13,72.25,71.5,71.63,564500.0,10.05717382101843,10.073905567289362,9.969332153096046,9.98745821155622,2258000.0
1995-09-19,False,daily,71.63,72.38,71.5,72.13,1027100.0,9.98745821155622,10.092031625749536,9.969332153096046,10.05717382101843,4108400.0
1995-09-18,False,daily,71.38,71.88,70.88,71.38,825500.0,9.952600406825116,10.022316016287325,9.882884797362905,9.952600406825116,3302000.0
1995-09-15,False,daily,72.0,72.0,71.0,71.5,1664700.0,10.039047762558257,10.039047762558257,9.899616543633837,9.969332153096046,6658800.0
1995-09-14,False,daily,70.5,71.88,70.38,71.88,1065100.0,9.829900934171626,10.022316016287325,9.813169187900694,10.022316016287325,4260400.0
1995-09-13,False,daily,69.75,70.38,69.5,70.25,767700.0,9.725327519978311,9.813169187900694,9.690469715247206,9.795043129440522,3070800.0
1995-09-12,False,daily,70.25,70.25,69.63,69.75,484700.0,9.795043129440522,9.795043129440522,9.70859577370738,9.725327519978311,1938800.0
1995-09-11,False,daily,70.0,70.38,69.88,70.0,783100.0,9.760185324709417,9.813169187900694,9.743453578438485,9.760185324709417,3132400.0
1995-09-08,False,daily,69.63,70.0,69.38,69.75,637400.0,9.70859577370738,9.760185324709417,9.673737968976274,9.725327519978311,2549600.0
1995-09-07,False,daily,69.5,69.75,69.38,69.63,395300.0,9.690469715247206,9.725327519978311,9.673737968976274,9.70859577370738,1581200.0
1995-09-06,False,daily,69.13,69.75,69.13,69.5,763500.0,9.63888016424517,9.725327519978311,9.63888016424517,9.690469715247206,3054000.0
1995-09-05,False,daily,69.25,69.63,68.38,69.38,712600.0,9.6556119105161,9.70859577370738,9.534306750051854,9.673737968976274,2850400.0
1995-09-01,False,daily,69.0,69.38,68.63,68.75,385500.0,9.620754105784997,9.673737968976274,9.56916455478296,9.585896301053891,1542000.0
1995-08-31,False,daily,69.25,69.38,68.88,69.0,502300.0,9.6556119105161,9.673737968976274,9.604022359514065,9.620754105784997,2009200.0
1995-08-30,False,daily,69.25,69.25,68.38,69.0,426200.0,9.6556119105161,9.6556119105161,9.534306750051854,9.620754105784997,1704800.0
1995-08-29,False,daily,69.13,69.88,69.0,69.0,791400.0,9.63888016424517,9.743453578438485,9.620754105784997,9.620754105784997,3165600.0
1995-08-28,False,daily,68.25,68.88,68.0,68.88,444600.0,9.51618069159168,9.604022359514065,9.481322886860575,9.604022359514065,1778400.0
1995-08-25,False,daily,68.0,68.63,67.88,68.0,552000.0,9.481322886860575,9.56916455478296,9.464591140589645,9.481322886860575,2208000.0
1995-08-24,False,daily,68.13,68.5,67.63,68.0,630100.0,9.499448945320749,9.551038496322786,9.42973333585854,9.481322886860575,2520400.0
1995-08-23,False,daily,68.0,68.88,68.0,68.25,767600.0,9.481322886860575,9.604022359514065,9.481322886860575,9.51618069159168,3070400.0
1995-08-22,False,daily,67.63,68.25,67.38,68.0,619500.0,9.42973333585854,9.51618069159168,9.394875531127434,9.481322886860575,2478000.0
1995-08-21,False,daily,67.5,68.0,67.38,67.63,1004000.0,9.411607277398366,9.481322886860575,9.394875531127434,9.42973333585854,4016000.0
1995-08-18,False,daily,67.5,67.88,67.13,67.38,1488200.0,9.411607277398366,9.464591140589645,9.360017726396329,9.394875531127434,5952800.0
1995-08-17,False,daily,67.88,68.25,66.88,67.5,835300.0,9.464591140589645,9.51618069159168,9.325159921665225,9.411607277398366,3341200.0
1995-08-16,False,daily,68.38,68.75,67.5,68.0,967000.0,9.534306750051854,9.585896301053891,9.411607277398366,9.481322886860575,3868000.0
1995-08-15,False,daily,68.88,69.13,67.25,69.0,797700.0,9.604022359514065,9.63888016424517,9.37674947266726,9.620754105784997,3190800.0
1995-08-14,False,daily,68.75,69.63,68.5,69.5,502100.0,9.585896301053891,9.70859577370738,9.551038496322786,9.690469715247206,2008400.0
1995-08-11,False,daily,69.75,69.75,68.5,68.63,704100.0,9.725327519978311,9.725327519978311,9.551038496322786,9.56916455478296,2816400.0
1995-08-10,False,daily,70.25,70.5,69.88,70.25,454800.0,9.748170098223651,9.782861095014482,9.69682742297322,9.748170098223651,1819200.0
1995-08-09,False,daily,70.63,70.63,70.13,70.38,476000.0,9.800900413345715,9.800900413345715,9.731518419764052,9.766209416554883,1904000.0
1995-08-08,False,daily,70.88,71.13,70.25,70.63,576800.0,9.835591410136546,9.870282406927377,9.748170098223651,9.800900413345715,2307200.0
1995-08-07,False,daily,70.88,71.13,70.5,70.75,504000.0,9.835591410136546,9.870282406927377,9.782861095014482,9.817552091805315,2016000.0
1995-08-04,False,daily,69.75,71.13,69.5,70.63,769800.0,9.678788104641988,9.870282406927377,9.644097107851156,9.800900413345715,3079200.0
1995-08-03,False,daily,70.0,70.0,69.5,69.88,820000.0,9.713479101432819,9.713479101432819,9.644097107851156,9.69682742297322,3280000.0
1995-08-02,False,daily,71.13,71.13,70.25,70.5,1068700.0,9.870282406927377,9.870282406927377,9.748170098223651,9.782861095014482,4274800.0
1995-08-01,False,daily,71.5,71.5,70.75,71.13,647500.0,9.921625082177808,9.921625082177808,9.817552091805315,9.870282406927377,2590000.0
1995-07-31,False,daily,71.25,71.75,71.13,71.75,537700.0,9.886934085386978,9.95631607896864,9.870282406927377,9.95631607896864,2150800.0
1995-07-28,False,daily,71.75,71.75,70.75,71.75,637600.0,9.95631607896864,9.95631607896864,9.817552091805315,9.95631607896864,2550400.0
1995-07-27,False,daily,71.0,71.75,70.88,71.5,766600.0,9.852243088596145,9.95631607896864,9.835591410136546,9.921625082177808,3066400.0
1995-07-26,False,daily,69.75,70.75,69.38,70.5,1111200.0,9.678788104641988,9.817552091805315,9.627445429391557,9.782861095014482,4444800.0
1995-07-25,False,daily,69.63,70.13,69.5,70.0,928000.0,9.66213642618239,9.731518419764052,9.644097107851156,9.713479101432819,3712000.0
1995-07-24,False,daily,69.38,69.88,69.0,69.75,764000.0,9.627445429391557,9.69682742297322,9.574715114269495,9.678788104641988,3056000.0
1995-07-21,False,daily,68.38,69.38,68.38,69.13,1687000.0,9.48868144222823,9.627445429391557,9.48868144222823,9.592754432600726,6748000.0
1995-07-20,False,daily,69.0,69.38,68.25,68.63,889400.0,9.574715114269495,9.627445429391557,9.470642123896999,9.523372439019063,3557600.0
1995-07-19,False,daily,68.75,69.75,68.0,69.0,1457000.0,9.540024117478662,9.678788104641988,9.435951127106168,9.574715114269495,5828000.0
1995-07-18,False,daily,67.63,68.88,66.63,68.63,1337300.0,9.384608451855737,9.558063435809894,9.24584446469241,9.523372439019063,5349200.0
1995-07-17,False,daily,67.38,67.75,66.63,67.25,1185100.0,9.349917455064904,9.401260130315336,9.24584446469241,9.331878136733673,4740400.0
1995-07-14,False,daily,66.13,66.88,66.13,66.88,661600.0,9.176462471110748,9.280535461483241,9.176462471110748,9.280535461483241,2646400.0
1995-07-13,False,daily,66.0,66.63,65.88,66.5,1041600.0,9.158423152779516,9.24584446469241,9.141771474319915,9.22780514636118,4166400.0
1995-07-12,False,daily,66.25,66.75,65.88,66.0,921000.0,9.193114149570347,9.26249614315201,9.141771474319915,9.158423152779516,3684000.0
1995-07-11,False,daily,65.5,66.75,65.5,66.38,1322700.0,9.089041159197853,9.26249614315201,9.089041159197853,9.211153467901578,5290800.0
1995-07-10,False,daily,65.0,65.63,64.63,65.25,1543200.0,9.01965916561619,9.107080477529085,8.968316490365758,9.05435016240702,6172800.0
1995-07-07,False,daily,67.5,67.5,64.38,64.88,3179900.0,9.366569133524505,9.366569133524505,8.933625493574928,9.00300748715659,12719600.0
1995-07-06,False,daily,66.88,67.5,66.5,67.38,740500.0,9.280535461483241,9.366569133524505,9.22780514636118,9.349917455064904,2962000.0
1995-07-05,False,daily,67.75,68.0,66.38,66.5,633600.0,9.401260130315336,9.435951127106168,9.211153467901578,9.22780514636118,2534400.0
1995-07-03,False,daily,67.25,67.88,67.0,67.69,433100.0,9.331878136733673,9.419299448646568,9.297187139942842,9.392934291085536,1732400.0
1995-06-30,False,daily,68.63,68.88,66.38,67.5,737100.0,9.523372439019063,9.558063435809894,9.211153467901578,9.366569133524505,2948400.0
1995-06-29,False,daily,68.38,68.5,67.5,68.38,757300.0,9.48868144222823,9.505333120687832,9.366569133524505,9.48868144222823,3029200.0
1995-06-28,False,daily,67.63,69.0,67.63,68.25,897100.0,9.384608451855737,9.574715114269495,9.384608451855737,9.470642123896999,3588400.0
1995-06-27,False,daily,69.25,69.75,67.38,67.63,1460000.0,9.609406111060325,9.678788104641988,9.349917455064904,9.384608451855737,5840000.0
1995-06-26,False,daily,71.13,71.25,69.5,69.5,636500.0,9.870282406927377,9.886934085386978,9.644097107851156,9.644097107851156,2546000.0
1995-06-23,False,daily,70.75,71.13,70.0,71.13,952700.0,9.817552091805315,9.870282406927377,9.713479101432819,9.870282406927377,3810800.0
1995-06-22,False,daily,69.75,71.13,69.5,71.13,1087000.0,9.678788104641988,9.870282406927377,9.644097107851156,9.870282406927377,4348000.0
1995-06-21,False,daily,68.5,70.0,68.25,69.63,682300.0,9.505333120687832,9.713479101432819,9.470642123896999,9.66213642618239,2729200.0
1995-06-20,False,daily,69.13,69.13,68.13,68.38,740600.0,9.592754432600726,9.592754432600726,9.4539904454374,9.48868144222823,2962400.0
1995-06-19,False,daily,68.63,69.25,68.63,69.25,602700.0,9.523372439019063,9.609406111060325,9.523372439019063,9.609406111060325,2410800.0
1995-06-16,False,daily,67.75,68.75,67.63,68.75,1913500.0,9.401260130315336,9.540024117478662,9.384608451855737,9.540024117478662,7654000.0
1995-06-15,False,daily,67.88,68.5,67.63,67.75,807000.0,9.419299448646568,9.505333120687832,9.384608451855737,9.401260130315336,3228000.0
1995-06-14,False,daily,67.13,68.38,67.13,68.13,822300.0,9.315226458274074,9.48868144222823,9.315226458274074,9.4539904454374,3289200.0
1995-06-13,False,daily,66.63,67.5,66.63,67.5,631100.0,9.24584446469241,9.366569133524505,9.24584446469241,9.366569133524505,2524400.0
1995-06-12,False,daily,66.13,66.38,65.75,66.25,513100.0,9.176462471110748,9.211153467901578,9.123732155988684,9.193114149570347,2052400.0
1995-06-09,False,daily,66.25,66.5,65.63,66.13,601500.0,9.193114149570347,9.22780514636118,9.107080477529085,9.176462471110748,2406000.0
1995-06-08,False,daily,65.75,66.75,65.63,66.38,584100.0,9.123732155988684,9.26249614315201,9.107080477529085,9.211153467901578,2336400.0
1995-06-07,False,daily,66.25,66.38,65.63,66.25,535500.0,9.193114149570347,9.211153467901578,9.107080477529085,9.193114149570347,2142000.0
1995-06-06,False,daily,65.88,66.75,65.88,66.38,1075500.0,9.141771474319915,9.26249614315201,9.141771474319915,9.211153467901578,4302000.0
1995-06-05,False,daily,66.13,66.38,65.38,65.88,665300.0,9.176462471110748,9.211153467901578,9.072389480738254,9.141771474319915,2661200.0
1995-06-02,False,daily,66.25,66.75,65.75,65.88,702200.0,9.193114149570347,9.26249614315201,9.123732155988684,9.141771474319915,2808800.0
1995-06-01,False,daily,66.0,66.63,65.75,66.5,1355100.0,9.158423152779516,9.24584446469241,9.123732155988684,9.22780514636118,5420400.0
1995-05-31,False,daily,64.25,66.25,64.13,66.13,1086400.0,8.915586175243694,9.193114149570347,8.898934496784095,9.176462471110748,4345600.0
1995-05-30,False,daily,64.25,64.5,64.13,64.13,576900.0,8.915586175243694,8.950277172034527,8.898934496784095,8.898934496784095,2307600.0
1995-05-26,False,daily,64.75,65.13,63.75,64.13,871300.0,8.984968168825358,9.037698483947421,8.846204181662033,8.898934496784095,3485200.0
1995-05-25,False,daily,64.5,65.5,64.38,64.88,1068300.0,8.950277172034527,9.089041159197853,8.933625493574928,9.00300748715659,4273200.0
1995-05-24,False,daily,65.13,66.25,64.38,65.0,1757600.0,9.037698483947421,9.193114149570347,8.933625493574928,9.01965916561619,7030400.0
1995-05-23,False,daily,63.75,64.75,63.63,64.75,1046200.0,8.846204181662033,8.984968168825358,8.829552503202434,8.984968168825358,4184800.0
1995-05-22,False,daily,63.13,63.75,62.63,63.63,854800.0,8.760170509620771,8.846204181662033,8.690788516039108,8.829552503202434,3419200.0
1995-05-19,False,daily,61.63,63.13,61.63,62.63,2117500.0,8.552024528875782,8.760170509620771,8.552024528875782,8.690788516039108,8470000.0
1995-05-18,False,daily,62.75,62.88,61.63,62.0,2979300.0,8.707440194498707,8.725479512829938,8.552024528875782,8.603367204126211,11917200.0
1995-05-17,False,daily,63.75,64.38,63.63,64.25,875300.0,8.846204181662033,8.933625493574928,8.829552503202434,8.915586175243694,3501200.0
1995-05-16,False,daily,63.75,64.38,63.38,63.5,1359100.0,8.846204181662033,8.933625493574928,8.794861506411602,8.8115131848712,5436400.0
1995-05-15,False,daily,63.5,64.0,62.38,63.63,3081300.0,8.8115131848712,8.880895178452864,8.656097519248275,8.829552503202434,12325200.0
1995-05-12,False,daily,67.0,67.38,64.75,64.75,2099600.0,9.297187139942842,9.349917455064904,8.984968168825358,8.984968168825358,8398400.0
1995-05-11,False,daily,66.5,67.63,66.38,67.5,1311700.0,9.22780514636118,9.384608451855737,9.211153467901578,9.366569133524505,5246800.0
1995-05-10,False,daily,66.25,66.75,65.75,66.63,1563900.0,9.193114149570347,9.26249614315201,9.123732155988684,9.24584446469241,6255600.0
1995-05-09,False,daily,66.75,67.13,66.25,66.5,660700.0,9.216847640654397,9.269318084151756,9.14780758342103,9.182327612037714,2642800.0
1995-05-08,False,daily,65.25,67.0,65.25,66.5,626700.0,9.0097274689543,9.251367669271081,9.0097274689543,9.182327612037714,2506800.0
1995-05-05,False,daily,66.5,66.5,65.13,65.5,749700.0,9.182327612037714,9.182327612037714,8.993157855218291,9.044247497570982,2998800.0
1995-05-04,False,daily,66.0,67.25,65.88,66.13,1156400.0,9.113287554804348,9.285887697887764,9.09671794106834,9.131237969685023,4625600.0
1995-05-03,False,daily,65.13,65.88,65.13,65.75,709900.0,8.993157855218291,9.09671794106834,8.993157855218291,9.078767526187665,2839600.0
1995-05-02,False,daily,65.0,65.5,64.75,65.0,719400.0,8.975207440337616,9.044247497570982,8.940687411720932,8.975207440337616,2877600.0
1995-05-01,False,daily,64.75,65.38,64.0,64.88,939600.0,8.940687411720932,9.027677883834974,8.837127325870883,8.958637826601606,3758400.0
1995-04-28,False,daily,63.25,65.13,62.88,65.0,1332200.0,8.733567240020834,8.993157855218291,8.682477597668143,8.975207440337616,5328800.0
1995-04-27,False,daily,64.0,64.5,63.38,63.38,1045500.0,8.837127325870883,8.906167383104249,8.751517654901509,8.751517654901509,4182000.0
1995-04-26,False,daily,63.63,64.13,63.25,64.13,1008200.0,8.786037683518192,8.855077740751558,8.733567240020834,8.855077740751558,4032800.0
1995-04-25,False,daily,64.0,64.0,63.63,63.75,877600.0,8.837127325870883,8.837127325870883,8.786037683518192,8.8026072972542,3510400.0
1995-04-24,False,daily,63.25,64.5,63.0,64.0,1131000.0,8.733567240020834,8.906167383104249,8.69904721140415,8.837127325870883,4524000.0
1995-04-21,False,daily,63.0,63.38,62.5,63.25,1688300.0,8.69904721140415,8.751517654901509,8.630007154170784,8.733567240020834,6753200.0
1995-04-20,False,daily,62.63,63.13,62.13,63.0,1284200.0,8.64795756905146,8.716997626284826,8.578917511818094,8.69904721140415,5136800.0
1995-04-19,False,daily,62.75,63.0,62.25,62.75,1615200.0,8.664527182787467,8.69904721140415,8.5954871255541,8.664527182787467,6460800.0
1995-04-18,False,daily,61.88,63.0,61.63,62.63,2426100.0,8.54439748320141,8.69904721140415,8.509877454584727,8.64795756905146,9704400.0
1995-04-17,False,daily,62.0,62.38,60.38,60.5,800100.0,8.560967096937418,8.613437540434777,8.337277311501312,8.353846925237319,3200400.0
1995-04-13,False,daily,60.25,61.63,60.0,61.63,863500.0,8.319326896620636,8.509877454584727,8.284806868003953,8.509877454584727,3454000.0
1995-04-12,False,daily,60.25,60.5,60.0,60.13,976700.0,8.319326896620636,8.353846925237319,8.284806868003953,8.302757282884627,3906800.0
1995-04-11,False,daily,60.38,60.63,59.63,60.13,974900.0,8.337277311501312,8.371797340117995,8.233717225651262,8.302757282884627,3899600.0
1995-04-10,False,daily,58.75,60.13,58.75,60.0,990400.0,8.112206724920537,8.302757282884627,8.112206724920537,8.284806868003953,3961600.0
1995-04-07,False,daily,59.38,59.38,58.63,59.0,1109800.0,8.199197197034579,8.199197197034579,8.09563711118453,8.14672675353722,4439200.0
1995-04-06,False,daily,59.5,59.5,58.63,59.25,1287400.0,8.215766810770587,8.215766810770587,8.09563711118453,8.181246782153904,5149600.0
1995-04-05,False,daily,59.88,59.88,59.25,59.66,848900.0,8.268237254267945,8.268237254267945,8.181246782153904,8.237859629085262,3395600.0
1995-04-04,False,daily,59.5,59.88,58.38,59.88,1197300.0,8.215766810770587,8.268237254267945,8.061117082567847,8.268237254267945,4789200.0
1995-04-03,False,daily,59.38,59.75,59.25,59.5,1294000.0,8.199197197034579,8.25028683938727,8.181246782153904,8.215766810770587,5176000.0
1995-03-31,False,daily,59.75,59.88,59.38,59.5,979200.0,8.25028683938727,8.268237254267945,8.199197197034579,8.215766810770587,3916800.0
1995-03-30,False,daily,60.5,60.5,59.5,60.0,1242600.0,8.353846925237319,8.353846925237319,8.215766810770587,8.284806868003953,4970400.0
1995-03-29,False,daily,61.5,62.13,59.5,60.0,1461600.0,8.491927039704052,8.578917511818094,8.215766810770587,8.284806868003953,5846400.0
1995-03-28,False,daily,61.75,61.88,61.38,61.75,682200.0,8.526447068320735,8.54439748320141,8.475357425968044,8.526447068320735,2728800.0
1995-03-27,False,daily,62.13,62.13,61.5,61.88,499400.0,8.578917511818094,8.578917511818094,8.491927039704052,8.54439748320141,1997600.0
1995-03-24,False,daily,61.25,62.0,61.13,61.88,800300.0,8.45740701108737,8.560967096937418,8.44083739735136,8.54439748320141,3201200.0
1995-03-23,False,daily,61.5,61.5,61.0,61.13,862400.0,8.491927039704052,8.491927039704052,8.422886982470684,8.44083739735136,3449600.0
1995-03-22,False,daily,61.88,62.25,61.25,61.5,1073500.0,8.54439748320141,8.5954871255541,8.45740701108737,8.491927039704052,4294000.0
1995-03-21,False,daily,61.75,63.0,61.63,61.75,921700.0,8.526447068320735,8.69904721140415,8.509877454584727,8.526447068320735,3686800.0
1995-03-20,False,daily,62.38,62.5,61.63,62.0,970800.0,8.613437540434777,8.630007154170784,8.509877454584727,8.560967096937418,3883200.0
1995-03-17,False,daily,62.0,62.75,61.88,62.38,2657300.0,8.560967096937418,8.664527182787467,8.54439748320141,8.613437540434777,10629200.0
1995-03-16,False,daily,61.5,62.13,61.13,61.63,1921200.0,8.491927039704052,8.578917511818094,8.44083739735136,8.509877454584727,7684800.0
1995-03-15,False,daily,60.38,61.5,60.38,61.38,1279000.0,8.337277311501312,8.491927039704052,8.337277311501312,8.475357425968044,5116000.0
1995-03-14,False,daily,60.25,60.88,60.25,60.25,1105700.0,8.319326896620636,8.406317368734678,8.319326896620636,8.319326896620636,4422800.0
1995-03-13,False,daily,59.5,60.38,59.38,60.25,985000.0,8.215766810770587,8.337277311501312,8.199197197034579,8.319326896620636,3940000.0
1995-03-10,False,daily,58.38,59.5,58.13,59.0,1206700.0,8.061117082567847,8.215766810770587,8.026597053951162,8.14672675353722,4826800.0
1995-03-09,False,daily,58.0,58.25,57.63,58.0,854800.0,8.008646639070488,8.04316666768717,7.957556996717797,8.008646639070488,3419200.0
1995-03-08,False,daily,58.5,58.63,57.5,58.13,1181700.0,8.077686696303854,8.09563711118453,7.939606581837121,8.026597053951162,4726800.0
1995-03-07,False,daily,57.75,58.25,56.88,58.0,1044500.0,7.974126610453805,8.04316666768717,7.853996910867748,8.008646639070488,4178000.0
1995-03-06,False,daily,57.63,58.5,56.88,58.0,870800.0,7.957556996717797,8.077686696303854,7.853996910867748,8.008646639070488,3483200.0
1995-03-03,False,daily,57.88,58.0,57.5,57.75,819600.0,7.99207702533448,8.008646639070488,7.939606581837121,7.974126610453805,3278400.0
1995-03-02,False,daily,57.0,58.13,56.63,58.13,914700.0,7.870566524603755,8.026597053951162,7.819476882251064,8.026597053951162,3658800.0
1995-03-01,False,daily,56.63,57.0,56.38,56.63,1085600.0,7.819476882251064,7.870566524603755,7.784956853634381,7.819476882251064,4342400.0
1995-02-28,False,daily,56.63,57.38,56.5,56.75,912700.0,7.819476882251064,7.923036968101114,7.801526467370389,7.836046495987072,3650800.0
1995-02-27,False,daily,57.13,57.63,56.75,56.88,673000.0,7.888516939484431,7.957556996717797,7.836046495987072,7.853996910867748,2692000.0
1995-02-24,False,daily,57.13,57.63,56.88,57.13,1010300.0,7.888516939484431,7.957556996717797,7.853996910867748,7.888516939484431,4041200.0
1995-02-23,False,daily,57.0,57.25,56.75,57.0,981400.0,7.870566524603755,7.905086553220438,7.836046495987072,7.870566524603755,3925600.0
1995-02-22,False,daily,56.0,57.13,56.0,56.75,998900.0,7.732486410137023,7.888516939484431,7.732486410137023,7.836046495987072,3995600.0
1995-02-21,False,daily,55.75,56.13,55.63,55.88,936700.0,7.697966381520339,7.750436825017698,7.681396767784332,7.715916796401015,3746800.0
1995-02-17,False,daily,56.38,57.13,55.5,55.63,2585800.0,7.784956853634381,7.888516939484431,7.663446352903656,7.681396767784332,10343200.0
1995-02-16,False,daily,56.13,56.5,55.88,56.5,907600.0,7.750436825017698,7.801526467370389,7.715916796401015,7.801526467370389,3630400.0
1995-02-15,False,daily,57.25,57.38,56.38,56.5,1425800.0,7.905086553220438,7.923036968101114,7.784956853634381,7.801526467370389,5703200.0
1995-02-14,False,daily,57.38,57.5,56.88,57.0,712800.0,7.923036968101114,7.939606581837121,7.853996910867748,7.870566524603755,2851200.0
1995-02-13,False,daily,57.25,57.5,56.38,57.13,1723000.0,7.905086553220438,7.939606581837121,7.784956853634381,7.888516939484431,6892000.0
1995-02-10,False,daily,56.88,57.5,56.25,57.13,1345000.0,7.853996910867748,7.939606581837121,7.767006438753706,7.888516939484431,5380000.0
1995-02-09,False,daily,57.38,57.5,56.75,56.75,1065400.0,7.923036968101114,7.939606581837121,7.836046495987072,7.836046495987072,4261600.0
1995-02-08,False,daily,57.13,57.63,57.0,57.5,890500.0,7.888516939484431,7.957556996717797,7.870566524603755,7.939606581837121,3562000.0
1995-02-07,False,daily,57.5,58.0,57.38,57.88,801400.0,7.899764292362598,7.968457894904882,7.88327782775245,7.9519714302947335,3205600.0
1995-02-06,False,daily,57.5,58.38,57.5,57.75,1169100.0,7.899764292362598,8.020665032837018,7.899764292362598,7.93411109363374,4676400.0
1995-02-03,False,daily,57.0,57.63,57.0,57.38,932300.0,7.831070689820314,7.917624629023592,7.831070689820314,7.88327782775245,3729200.0
1995-02-02,False,daily,57.0,57.5,56.63,56.88,1165800.0,7.831070689820314,7.899764292362598,7.780237423939025,7.814584225210167,4663200.0
1995-02-01,False,daily,58.38,58.38,56.63,56.88,1287600.0,8.020665032837018,8.020665032837018,7.780237423939025,7.814584225210167,5150400.0
1995-01-31,False,daily,58.38,58.38,58.13,58.25,2268200.0,8.020665032837018,8.020665032837018,7.986318231565876,8.002804696176023,9072800.0
1995-01-30,False,daily,56.5,57.63,56.5,57.63,1207300.0,7.762377087278031,7.917624629023592,7.762377087278031,7.917624629023592,4829200.0
1995-01-27,False,daily,56.25,57.25,55.88,57.13,1230700.0,7.72803028600689,7.865417491091456,7.6771970201256,7.848931026481308,4922800.0
1995-01-26,False,daily,54.75,56.13,54.75,55.88,1286400.0,7.521949478380039,7.7115438213967415,7.521949478380039,7.6771970201256,5145600.0
1995-01-25,False,daily,55.13,55.13,54.63,54.75,852900.0,7.574156616312175,7.574156616312175,7.505463013769892,7.521949478380039,3411600.0
1995-01-24,False,daily,55.88,55.88,55.13,55.13,1005800.0,7.6771970201256,7.6771970201256,7.574156616312175,7.574156616312175,4023200.0
1995-01-23,False,daily,54.13,56.0,54.13,55.88,1063400.0,7.4367694112276075,7.693683484735748,7.4367694112276075,7.6771970201256,4253600.0
1995-01-20,False,daily,54.25,54.75,54.0,54.5,1737600.0,7.453255875837756,7.521949478380039,7.4189090745666135,7.487602677108897,6950400.0
1995-01-19,False,daily,54.5,54.63,54.5,54.63,1205500.0,7.487602677108897,7.505463013769892,7.487602677108897,7.505463013769892,4822000.0
1995-01-18,False,daily,54.5,55.0,54.5,54.88,1049000.0,7.487602677108897,7.556296279651181,7.487602677108897,7.539809815041033,4196000.0
1995-01-17,False,daily,54.88,55.0,54.5,55.0,829600.0,7.539809815041033,7.556296279651181,7.487602677108897,7.556296279651181,3318400.0
1995-01-16,False,daily,54.25,54.88,54.25,54.75,660100.0,7.453255875837756,7.539809815041033,7.453255875837756,7.521949478380039,2640400.0
1995-01-13,False,daily,54.38,54.63,54.13,54.25,776700.0,7.47111621249875,7.505463013769892,7.4367694112276075,7.453255875837756,3106800.0
1995-01-12,False,daily,54.75,55.25,54.25,54.38,1039700.0,7.521949478380039,7.590643080922322,7.453255875837756,7.47111621249875,4158800.0
1995-01-11,False,daily,54.75,54.88,54.0,54.88,1023000.0,7.521949478380039,7.539809815041033,7.4189090745666135,7.539809815041033,4092000.0
1995-01-10,False,daily,53.63,54.88,53.63,54.88,1171800.0,7.368075808685324,7.539809815041033,7.368075808685324,7.539809815041033,4687200.0
1995-01-09,False,daily,54.13,54.5,53.63,53.75,1126400.0,7.4367694112276075,7.487602677108897,7.368075808685324,7.384562273295472,4505600.0
1995-01-06,False,daily,54.5,54.75,54.25,54.38,529700.0,7.487602677108897,7.521949478380039,7.453255875837756,7.47111621249875,2118800.0
1995-01-05,False,daily,54.88,55.0,54.5,54.75,791100.0,7.539809815041033,7.556296279651181,7.487602677108897,7.521949478380039,3164400.0
1995-01-04,False,daily,54.0,55.0,54.0,54.88,1040400.0,7.4189090745666135,7.556296279651181,7.4189090745666135,7.539809815041033,4161600.0
1995-01-03,False,daily,54.63,55.0,53.88,54.5,907100.0,7.505463013769892,7.556296279651181,7.402422609956466,7.487602677108897,3628400.0
1996-12-31,False,daily,51.12,51.31,49.75,49.75,1275400.0,14.527874584491547,14.58187098846364,14.138532092692772,14.138532092692772,2550800.0
1996-12-30,False,daily,50.62,51.75,50.5,51.12,1447100.0,14.385778784564986,14.706915292399014,14.351675792582613,14.527874584491547,2894200.0
1996-12-27,False,daily,50.25,51.0,50.25,50.5,888700.0,14.280627892619332,14.493771592509173,14.280627892619332,14.351675792582613,1777400.0
1996-12-26,False,daily,49.75,50.75,49.75,50.12,1321600.0,14.138532092692772,14.422723692545892,14.138532092692772,14.243682984638426,2643200.0
1996-12-24,False,daily,50.0,50.12,49.88,50.0,722400.0,14.209579992656051,14.243682984638426,14.175477000673679,14.209579992656051,1444800.0
1996-12-23,False,daily,50.12,50.62,49.75,49.88,1729800.0,14.243682984638426,14.385778784564986,14.138532092692772,14.175477000673679,3459600.0
1996-12-20,False,daily,52.25,52.25,49.62,49.88,5319700.0,14.849011092325574,14.849011092325574,14.101587184711866,14.175477000673679,10639400.0
1996-12-19,False,daily,49.88,50.88,49.62,50.62,1886800.0,14.175477000673679,14.459668600526799,14.101587184711866,14.385778784564986,3773600.0
1996-12-18,False,daily,49.0,50.0,48.88,49.12,2636200.0,13.925388392802931,14.209579992656051,13.891285400820557,13.959491384785304,5272400.0
1996-12-17,False,daily,48.38,49.12,48.0,48.62,3584200.0,13.749189600893997,13.959491384785304,13.64119679294981,13.817395584858744,7168400.0
1996-12-16,False,daily,50.0,50.38,48.5,48.88,2540300.0,14.209579992656051,14.317572800600239,13.78329259287637,13.891285400820557,5080600.0
1996-12-13,False,daily,50.0,50.38,49.62,49.75,3088100.0,14.209579992656051,14.317572800600239,14.101587184711866,14.138532092692772,6176200.0
1996-12-12,False,daily,51.75,51.75,50.38,50.5,1960400.0,14.706915292399014,14.706915292399014,14.317572800600239,14.351675792582613,3920800.0
1996-12-11,False,daily,51.5,52.25,51.12,51.75,1845200.0,14.635867392435733,14.849011092325574,14.527874584491547,14.706915292399014,3690400.0
1996-12-10,False,daily,52.12,53.0,52.0,52.5,1270000.0,14.812066184344667,15.062154792215415,14.777963192362293,14.920058992288855,2540000.0
1996-12-09,False,daily,52.0,52.38,51.25,52.38,1227100.0,14.777963192362293,14.88595600030648,14.564819492472454,14.88595600030648,2454200.0
1996-12-06,False,daily,50.12,52.38,50.0,51.75,2267100.0,14.243682984638426,14.88595600030648,14.209579992656051,14.706915292399014,4534200.0
1996-12-05,False,daily,52.25,52.5,51.5,51.62,1771400.0,14.849011092325574,14.920058992288855,14.635867392435733,14.669970384418107,3542800.0
1996-12-04,False,daily,51.5,52.25,51.38,52.0,2292900.0,14.635867392435733,14.849011092325574,14.601764400453359,14.777963192362293,4585800.0
1996-12-03,False,daily,52.88,53.75,51.5,51.75,1664700.0,15.02805180023304,15.275298492105255,14.635867392435733,14.706915292399014,3329400.0
1996-12-02,False,daily,53.12,53.12,52.75,52.88,1292400.0,15.096257784197789,15.096257784197789,14.991106892252134,15.02805180023304,2584800.0
1996-11-29,False,daily,53.38,53.62,53.12,53.25,590900.0,15.170147600159602,15.238353584124349,15.096257784197789,15.133202692178696,1181800.0
1996-11-27,False,daily,53.5,54.0,53.375,53.625,1262500.0,15.204250592141975,15.346346392068536,15.168726642160335,15.239774542123616,2525000.0
1996-11-26,False,daily,52.0,53.75,52.0,53.75,2370200.0,14.777963192362293,15.275298492105255,14.777963192362293,15.275298492105255,4740400.0
1996-11-25,False,daily,52.0,53.75,52.0,53.75,2339500.0,14.777963192362293,15.275298492105255,14.777963192362293,15.275298492105255,4679000.0
1996-11-22,False,daily,52.0,52.375,51.625,52.125,1629700.0,14.777963192362293,14.884535042307213,14.671391342417374,14.813487142343934,3259400.0
1996-11-21,False,daily,51.5,51.875,51.125,51.375,2076400.0,14.635867392435733,14.742439242380653,14.529295542490813,14.600343442454093,4152800.0
1996-11-20,False,daily,51.125,51.625,50.875,51.625,2341400.0,14.529295542490813,14.671391342417374,14.458247642527533,14.671391342417374,4682800.0
1996-11-19,False,daily,50.75,51.0,50.5,50.625,1600500.0,14.422723692545892,14.493771592509173,14.351675792582613,14.387199742564253,3201000.0
1996-11-18,False,daily,50.75,51.0,50.5,50.62,1549500.0,14.422723692545892,14.493771592509173,14.351675792582613,14.385778784564986,3099000.0
1996-11-15,False,daily,50.75,51.0,50.375,50.875,2463600.0,14.422723692545892,14.493771592509173,14.316151842600972,14.458247642527533,4927200.0
1996-11-14,False,daily,50.875,51.5,50.75,50.875,2475900.0,14.404452145571101,14.581411017138313,14.369060371257659,14.404452145571101,4951800.0
1996-11-13,False,daily,51.0,51.5,50.75,50.875,1720000.0,14.439843919884543,14.581411017138313,14.369060371257659,14.404452145571101,3440000.0
1996-11-12,False,daily,51.5,51.875,51.375,51.5,2237400.0,14.581411017138313,14.68758634007864,14.54601924282487,14.581411017138313,4474800.0
1996-11-11,False,daily,51.5,51.88,51.38,51.5,1388200.0,14.581411017138313,14.68900201105118,14.54743491379741,14.581411017138313,2776400.0
1996-11-08,False,daily,52.0,52.375,51.5,51.5,2140000.0,14.722978114392085,14.829153437332412,14.581411017138313,14.581411017138313,4280000.0
1996-11-07,False,daily,50.75,52.625,50.375,52.0,2352800.0,14.369060371257659,14.899936985959297,14.262885048317331,14.722978114392085,4705600.0
1996-11-06,False,daily,49.125,50.75,49.0,50.0,3364100.0,13.908967305182905,14.369060371257659,13.873575530869463,14.156709725377004,6728200.0
1996-11-05,False,daily,49.25,49.5,48.875,48.875,2942000.0,13.944359079496348,14.015142628123234,13.83818375655602,13.83818375655602,5884000.0
1996-11-04,False,daily,49.5,49.5,48.88,48.88,2585000.0,14.015142628123234,14.015142628123234,13.83959942752856,13.83959942752856,5170000.0
1996-11-01,False,daily,48.25,48.375,47.875,48.0,1638500.0,13.661224884988808,13.69661665930225,13.555049562048481,13.590441336361923,3277000.0
1996-10-31,False,daily,48.625,49.0,47.875,48.25,1971500.0,13.767400207929136,13.873575530869463,13.555049562048481,13.661224884988808,3943000.0
1996-10-30,False,daily,48.0,48.25,47.5,47.625,2140900.0,13.590441336361923,13.661224884988808,13.448874239108154,13.484266013421596,4281800.0
1996-10-29,False,daily,48.0,49.0,47.88,48.25,2822800.0,13.590441336361923,13.873575530869463,13.556465233021019,13.661224884988808,5645600.0
1996-10-28,False,daily,48.0,48.25,47.5,47.62,3114200.0,13.590441336361923,13.661224884988808,13.448874239108154,13.482850342449057,6228400.0
1996-10-25,False,daily,49.75,50.125,49.25,49.75,2429400.0,14.08592617675012,14.192101499690446,13.944359079496348,14.08592617675012,4858800.0
1996-10-24,False,daily,50.5,50.625,49.625,49.75,2927700.0,14.298276822630774,14.333668596944216,14.050534402436677,14.08592617675012,5855400.0
1996-10-23,False,daily,52.0,52.0,50.5,50.75,2576400.0,14.722978114392085,14.722978114392085,14.298276822630774,14.369060371257659,5152800.0
1996-10-22,False,daily,50.5,50.62,49.62,49.75,3069000.0,14.298276822630774,14.332252925971678,14.049118731464137,14.08592617675012,6138000.0
1996-10-21,False,daily,52.0,52.0,50.5,50.75,2980000.0,14.722978114392085,14.722978114392085,14.298276822630774,14.369060371257659,5960000.0
1996-10-18,False,daily,51.5,51.5,50.625,51.25,3874500.0,14.581411017138313,14.581411017138313,14.333668596944216,14.510627468511428,7749000.0
1996-10-17,False,daily,52.25,52.625,51.0,51.25,2033300.0,14.79376166301897,14.899936985959297,14.439843919884543,14.510627468511428,4066600.0
1996-10-16,False,daily,51.5,52.875,51.5,52.5,2063600.0,14.581411017138313,14.970720534586182,14.581411017138313,14.864545211645854,4127200.0
1996-10-15,False,daily,52.25,52.62,51.0,51.25,1991500.0,14.79376166301897,14.898521314986757,14.439843919884543,14.510627468511428,3983000.0
1996-10-14,False,daily,51.5,52.88,51.5,52.5,1363600.0,14.581411017138313,14.97213620555872,14.581411017138313,14.864545211645854,2727200.0
1996-10-11,False,daily,51.875,52.0,50.5,51.25,1007300.0,14.68758634007864,14.722978114392085,14.298276822630774,14.510627468511428,2014600.0
1996-10-10,False,daily,51.5,52.25,51.375,51.875,811100.0,14.581411017138313,14.79376166301897,14.54601924282487,14.68758634007864,1622200.0
1996-10-09,False,daily,52.125,52.375,51.875,52.0,1541600.0,14.758369888705527,14.829153437332412,14.68758634007864,14.722978114392085,3083200.0
1996-10-08,False,daily,51.5,52.25,51.38,51.88,1438900.0,14.581411017138313,14.79376166301897,14.54743491379741,14.68900201105118,2877800.0
1996-10-07,False,daily,52.12,52.38,51.88,52.0,1353800.0,14.756954217732988,14.83056910830495,14.68900201105118,14.722978114392085,2707600.0
1996-10-04,False,daily,51.375,51.5,51.125,51.25,1665600.0,14.54601924282487,14.581411017138313,14.475235694197986,14.510627468511428,3331200.0
1996-10-03,False,daily,51.25,51.375,50.625,51.125,1056300.0,14.510627468511428,14.54601924282487,14.333668596944216,14.475235694197986,2112600.0
1996-10-02,False,daily,51.38,51.5,51.12,51.25,1143400.0,14.54743491379741,14.581411017138313,14.473820023225448,14.510627468511428,2286800.0
1996-10-01,False,daily,51.625,51.75,51.0,51.25,1291500.0,14.616802791451756,14.652194565765198,14.439843919884543,14.510627468511428,2583000.0
1996-09-30,False,daily,51.62,51.75,51.0,51.25,1345600.0,14.615387120479218,14.652194565765198,14.439843919884543,14.510627468511428,2691200.0
1996-09-27,False,daily,50.625,51.625,50.25,51.0,1345600.0,14.333668596944216,14.616802791451756,14.227493274003889,14.439843919884543,2691200.0
1996-09-26,False,daily,50.625,50.75,50.125,50.25,2527900.0,14.333668596944216,14.369060371257659,14.192101499690446,14.227493274003889,5055800.0
1996-09-25,False,daily,50.75,50.875,50.125,50.375,1249600.0,14.369060371257659,14.404452145571101,14.192101499690446,14.262885048317331,2499200.0
1996-09-24,False,daily,50.375,50.75,50.125,50.75,1728600.0,14.262885048317331,14.369060371257659,14.192101499690446,14.369060371257659,3457200.0
1996-09-23,False,daily,50.38,50.75,50.12,50.75,1405100.0,14.264300719289869,14.369060371257659,14.190685828717907,14.369060371257659,2810200.0
1996-09-20,False,daily,49.375,50.375,49.125,50.0,3158500.0,13.979750853809792,14.262885048317331,13.908967305182905,14.156709725377004,6317000.0
1996-09-19,False,daily,50.0,50.125,49.5,49.625,1060100.0,14.156709725377004,14.192101499690446,14.015142628123234,14.050534402436677,2120200.0
1996-09-18,False,daily,50.25,50.375,49.625,50.0,879900.0,14.227493274003889,14.262885048317331,14.050534402436677,14.156709725377004,1759800.0
1996-09-17,False,daily,50.375,50.875,50.125,50.125,1176700.0,14.262885048317331,14.404452145571101,14.192101499690446,14.192101499690446,2353400.0
1996-09-16,False,daily,50.38,50.88,50.12,50.12,2322600.0,14.264300719289869,14.405867816543639,14.190685828717907,14.190685828717907,4645200.0
1996-09-13,False,daily,49.5,50.0,48.875,49.25,1969300.0,14.015142628123234,14.156709725377004,13.83818375655602,13.944359079496348,3938600.0
1996-09-12,False,daily,49.5,49.75,49.0,49.25,1452600.0,14.015142628123234,14.08592617675012,13.873575530869463,13.944359079496348,2905200.0
1996-09-11,False,daily,50.375,50.5,49.25,49.375,1718900.0,14.262885048317331,14.298276822630774,13.944359079496348,13.979750853809792,3437800.0
1996-09-10,False,daily,50.0,50.25,49.75,49.875,1884600.0,14.156709725377004,14.227493274003889,14.08592617675012,14.121317951063562,3769200.0
1996-09-09,False,daily,50.0,50.25,49.75,49.88,1407900.0,14.156709725377004,14.227493274003889,14.08592617675012,14.1227336220361,2815800.0
1996-09-06,False,daily,48.75,49.625,48.375,48.5,1208100.0,13.802791982242578,14.050534402436677,13.69661665930225,13.732008433615693,2416200.0
1996-09-05,False,daily,48.875,49.25,48.625,49.125,1178100.0,13.83818375655602,13.944359079496348,13.767400207929136,13.908967305182905,2356200.0
1996-09-04,False,daily,48.625,49.625,48.25,49.125,1055800.0,13.767400207929136,14.050534402436677,13.661224884988808,13.908967305182905,2111600.0
1996-09-03,False,daily,48.62,49.62,48.25,49.12,1288300.0,13.765984536956598,14.049118731464137,13.661224884988808,13.907551634210368,2576600.0
1996-08-30,False,daily,50.75,50.75,50.375,50.375,1804800.0,14.369060371257659,14.369060371257659,14.262885048317331,14.262885048317331,3609600.0
1996-08-29,False,daily,50.5,51.0,50.5,50.875,1252000.0,14.298276822630774,14.439843919884543,14.298276822630774,14.404452145571101,2504000.0
1996-08-28,False,daily,51.0,51.0,50.25,50.5,759300.0,14.439843919884543,14.439843919884543,14.227493274003889,14.298276822630774,1518600.0
1996-08-27,False,daily,50.5,51.0,50.5,50.88,1013600.0,14.298276822630774,14.439843919884543,14.298276822630774,14.405867816543639,2027200.0
1996-08-26,False,daily,51.0,51.0,50.25,50.5,1360300.0,14.439843919884543,14.439843919884543,14.227493274003889,14.298276822630774,2720600.0
1996-08-23,False,daily,51.875,52.25,51.375,51.875,1326500.0,14.68758634007864,14.79376166301897,14.54601924282487,14.68758634007864,2653000.0
1996-08-22,False,daily,52.125,52.375,51.625,51.75,1296700.0,14.758369888705527,14.829153437332412,14.616802791451756,14.652194565765198,2593400.0
1996-08-21,False,daily,52.125,52.875,52.0,52.125,944500.0,14.758369888705527,14.970720534586182,14.722978114392085,14.758369888705527,1889000.0
1996-08-20,False,daily,52.12,52.38,51.62,51.75,1085300.0,14.756954217732988,14.83056910830495,14.615387120479218,14.652194565765198,2170600.0
1996-08-19,False,daily,52.12,52.88,52.0,52.12,1115600.0,14.756954217732988,14.97213620555872,14.722978114392085,14.756954217732988,2231200.0
1996-08-16,False,daily,52.75,53.125,52.5,53.125,2058800.0,14.93532876027274,15.041504083213066,14.864545211645854,15.041504083213066,4117600.0
1996-08-15,False,daily,52.375,53.125,52.125,52.5,1539900.0,14.776306412046972,14.987900298615665,14.705775116524077,14.811572059808421,3079800.0
1996-08-14,False,daily,51.125,52.625,50.75,52.625,2253900.0,14.423649934432486,14.84683770756987,14.317852991148142,14.84683770756987,4507800.0
1996-08-13,False,daily,52.38,53.12,52.12,52.5,2103400.0,14.777717037957432,14.986489672705206,14.704364490613617,14.811572059808421,4206800.0
1996-08-12,False,daily,51.12,52.62,50.75,52.62,1781700.0,14.422239308522029,14.845427081659412,14.317852991148142,14.845427081659412,3563400.0
1996-08-09,False,daily,50.625,51.5,50.125,51.5,1379900.0,14.282587343386693,14.529446877716833,14.141524752340898,14.529446877716833,2759800.0
1996-08-08,False,daily,50.375,50.5,50.0,50.5,1263400.0,14.212056047863795,14.247321695625244,14.106259104579449,14.247321695625244,2526800.0
1996-08-07,False,daily,50.125,50.75,50.0,50.375,1921400.0,14.141524752340898,14.317852991148142,14.106259104579449,14.212056047863795,3842800.0
1996-08-06,False,daily,50.38,50.5,50.0,50.5,1444800.0,14.213466673774255,14.247321695625244,14.106259104579449,14.247321695625244,2889600.0
1996-08-05,False,daily,50.12,50.75,50.0,50.38,1402100.0,14.14011412643044,14.317852991148142,14.106259104579449,14.213466673774255,2804200.0
1996-08-02,False,daily,49.5,50.25,49.5,49.62,1776700.0,13.965196513533655,14.176790400102346,13.965196513533655,13.999051535384645,3553400.0
1996-08-01,False,daily,48.0,48.25,47.25,48.25,1717300.0,13.542008740396271,13.612540035919169,13.33041485382758,13.612540035919169,3434600.0
1996-07-31,False,daily,48.0,48.125,47.5,47.625,1514200.0,13.542008740396271,13.57727438815772,13.400946149350476,13.436211797111925,3028400.0
1996-07-30,False,daily,48.0,48.25,47.25,48.25,1586700.0,13.542008740396271,13.612540035919169,13.33041485382758,13.612540035919169,3173400.0
1996-07-29,False,daily,48.0,48.12,47.5,47.62,981900.0,13.542008740396271,13.57586376224726,13.400946149350476,13.434801171201467,1963800.0
1996-07-26,False,daily,47.25,48.25,45.5,47.5,1287900.0,13.33041485382758,13.612540035919169,12.836695785167299,13.400946149350476,2575800.0
1996-07-25,False,daily,49.0,49.0,47.125,47.375,1705000.0,13.82413392248786,13.82413392248786,13.295149206066132,13.36568050158903,3410000.0
1996-07-24,False,daily,48.75,49.125,47.625,48.875,2536300.0,13.753602626964962,13.859399570249309,13.436211797111925,13.788868274726411,5072600.0
1996-07-23,False,daily,49.0,49.0,47.12,47.38,1423500.0,13.82413392248786,13.82413392248786,13.293738580155672,13.367091127499487,2847000.0
1996-07-22,False,daily,48.75,49.12,47.62,48.88,1551900.0,13.753602626964962,13.85798894433885,13.434801171201467,13.79027890063687,3103800.0
1996-07-19,False,daily,47.625,48.875,47.5,47.5,2109500.0,13.436211797111925,13.788868274726411,13.400946149350476,13.400946149350476,4219000.0
1996-07-18,False,daily,45.75,48.5,44.125,48.25,2111900.0,12.907227080690197,13.683071331442067,12.448773659791364,13.612540035919169,4223800.0
1996-07-17,False,daily,47.0,47.25,45.5,46.0,2131500.0,13.259883558304683,13.33041485382758,12.836695785167299,12.977758376213094,4263000.0
1996-07-16,False,daily,45.75,48.5,44.12,48.25,4240500.0,12.907227080690197,13.683071331442067,12.447363033880906,13.612540035919169,8481000.0
1996-07-15,False,daily,47.0,47.25,45.5,46.0,2255300.0,13.259883558304683,13.33041485382758,12.836695785167299,12.977758376213094,4510600.0
1996-07-12,False,daily,47.5,48.0,46.75,48.0,1489400.0,13.400946149350476,13.542008740396271,13.189352262781785,13.542008740396271,2978800.0
1996-07-11,False,daily,48.25,48.25,47.25,47.25,1792100.0,13.612540035919169,13.612540035919169,13.33041485382758,13.33041485382758,3584200.0
1996-07-10,False,daily,48.25,48.75,47.875,48.0,1908900.0,13.612540035919169,13.753602626964962,13.506743092634823,13.542008740396271,3817800.0
1996-07-09,False,daily,48.25,48.25,47.25,47.25,1695700.0,13.612540035919169,13.612540035919169,13.33041485382758,13.33041485382758,3391400.0
1996-07-08,False,daily,48.25,48.75,47.88,48.0,1905300.0,13.612540035919169,13.753602626964962,13.508153718545282,13.542008740396271,3810600.0
1996-07-05,False,daily,49.75,49.75,49.125,49.375,946100.0,14.035727809056553,14.035727809056553,13.859399570249309,13.929930865772207,1892200.0
1996-07-03,False,daily,49.75,49.75,49.375,49.625,1483500.0,14.035727809056553,14.035727809056553,13.929930865772207,14.000462161295104,2967000.0
1996-07-02,False,daily,49.88,50.0,49.25,49.75,1661800.0,14.07240408272846,14.106259104579449,13.894665218010758,14.035727809056553,3323600.0
1996-07-01,False,daily,49.75,49.75,49.38,49.62,1205500.0,14.035727809056553,14.035727809056553,13.931341491682664,13.999051535384645,2411000.0
1996-06-28,False,daily,49.125,49.5,48.25,49.125,1473500.0,13.859399570249309,13.965196513533655,13.612540035919169,13.859399570249309,2947000.0
1996-06-27,False,daily,49.25,49.375,49.125,49.375,1685000.0,13.894665218010758,13.929930865772207,13.859399570249309,13.929930865772207,3370000.0
1996-06-26,False,daily,48.75,49.375,48.625,49.375,1676400.0,13.753602626964962,13.929930865772207,13.718336979203514,13.929930865772207,3352800.0
1996-06-25,False,daily,48.125,48.75,47.875,48.375,2130400.0,13.57727438815772,13.753602626964962,13.506743092634823,13.647805683680618,4260800.0
1996-06-24,False,daily,48.12,48.75,47.88,48.38,1932300.0,13.57586376224726,13.753602626964962,13.508153718545282,13.649216309591075,3864600.0
1996-06-21,False,daily,48.125,48.375,47.5,47.875,3901500.0,13.57727438815772,13.647805683680618,13.400946149350476,13.506743092634823,7803000.0
1996-06-20,False,daily,48.0,48.25,47.875,48.0,2425800.0,13.542008740396271,13.612540035919169,13.506743092634823,13.542008740396271,4851600.0
1996-06-19,False,daily,48.5,48.625,47.75,47.875,1895900.0,13.683071331442067,13.718336979203514,13.471477444873374,13.506743092634823,3791800.0
1996-06-18,False,daily,48.75,49.5,48.25,48.75,2148700.0,13.753602626964962,13.965196513533655,13.612540035919169,13.753602626964962,4297400.0
1996-06-17,False,daily,49.38,49.5,48.25,48.75,1778600.0,13.931341491682664,13.965196513533655,13.612540035919169,13.753602626964962,3557200.0
1996-06-14,False,daily,50.0,50.0,48.875,48.875,1755400.0,14.106259104579449,14.106259104579449,13.788868274726411,13.788868274726411,3510800.0
1996-06-13,False,daily,50.375,50.75,49.625,50.0,2482100.0,14.212056047863795,14.317852991148142,14.000462161295104,14.106259104579449,4964200.0
1996-06-12,False,daily,50.38,50.75,49.62,50.0,1215700.0,14.213466673774255,14.317852991148142,13.999051535384645,14.106259104579449,2431400.0
1996-06-11,False,daily,100.0,100.38,99.5,100.0,1564300.0,14.106259104579449,14.15986288917685,14.035727809056553,14.106259104579449,6257200.0
1996-06-10,False,daily,99.12,99.75,98.75,99.38,824200.0,13.98212402445915,14.070993456818,13.929930865772207,14.018800298131056,3296800.0
1996-06-07,False,daily,99.75,99.75,98.25,98.25,1171100.0,14.070993456818,14.070993456818,13.859399570249309,13.859399570249309,4684400.0
1996-06-06,False,daily,98.5,99.25,97.875,99.25,935500.0,13.894665218010758,14.000462161295104,13.806501098607136,14.000462161295104,3742000.0
1996-06-05,False,daily,97.75,98.5,97.625,98.25,818300.0,13.788868274726411,13.894665218010758,13.771235450845687,13.859399570249309,3273200.0
1996-06-04,False,daily,97.0,97.625,96.75,97.0,794200.0,13.683071331442067,13.771235450845687,13.647805683680618,13.683071331442067,3176800.0
1996-06-03,False,daily,97.0,97.62,96.75,97.0,837200.0,13.683071331442067,13.770530137890459,13.647805683680618,13.683071331442067,3348800.0
1996-05-31,False,daily,97.875,97.875,95.625,96.25,1088200.0,13.806501098607136,13.806501098607136,13.489110268754098,13.57727438815772,4352800.0
1996-05-30,False,daily,98.0,98.25,96.0,97.375,1169900.0,13.82413392248786,13.859399570249309,13.542008740396271,13.735969803084238,4679600.0
1996-05-29,False,daily,97.88,97.88,95.62,96.25,1200000.0,13.807206411562364,13.807206411562364,13.48840495579887,13.57727438815772,4800000.0
1996-05-28,False,daily,98.0,98.25,96.0,97.38,1055500.0,13.82413392248786,13.859399570249309,13.542008740396271,13.736675116039468,4222000.0
1996-05-24,False,daily,95.5,97.125,95.375,97.0,814200.0,13.471477444873374,13.700704155322791,13.45384462099265,13.683071331442067,3256800.0
1996-05-23,False,daily,95.375,95.875,95.0,95.625,1145900.0,13.45384462099265,13.524375916515547,13.400946149350476,13.489110268754098,4583600.0
1996-05-22,False,daily,95.25,95.875,94.5,95.25,1064300.0,13.436211797111925,13.524375916515547,13.33041485382758,13.436211797111925,4257200.0
1996-05-21,False,daily,95.38,95.88,95.0,95.62,664200.0,13.454549933947877,13.525081229470775,13.400946149350476,13.48840495579887,2656800.0
1996-05-20,False,daily,95.25,95.88,94.5,95.25,922000.0,13.436211797111925,13.525081229470775,13.33041485382758,13.436211797111925,3688000.0
1996-05-17,False,daily,92.75,94.375,92.625,93.875,1325200.0,13.083555319497439,13.312782029946856,13.065922495616714,13.242250734423958,5300800.0
1996-05-16,False,daily,92.625,93.25,92.125,92.5,1623600.0,13.013245708726531,13.10105438422401,12.942998768328547,12.995683973627035,6494400.0
1996-05-15,False,daily,91.875,92.625,91.125,92.625,1366900.0,12.907875298129555,13.013245708726531,12.80250488753258,13.013245708726531,5467600.0
1996-05-14,False,daily,92.62,93.25,92.12,92.5,1128900.0,13.012543239322552,13.10105438422401,12.942296298924568,12.995683973627035,4515600.0
1996-05-13,False,daily,91.88,92.62,91.12,92.62,1087000.0,12.908577767533535,13.012543239322552,12.8018024181286,13.012543239322552,4348000.0
1996-05-10,False,daily,89.25,91.875,88.375,91.875,1157000.0,12.539078861040139,12.907875298129555,12.416146715343666,12.907875298129555,4628000.0
1996-05-09,False,daily,89.75,90.125,89.0,89.75,795200.0,12.609325801438123,12.662011006736611,12.503955390841147,12.609325801438123,3180800.0
1996-05-08,False,daily,90.0,90.375,88.75,89.75,1208700.0,12.644449271637114,12.697134476935602,12.468831920642156,12.609325801438123,4834800.0
1996-05-07,False,daily,89.75,90.12,89.0,89.75,914600.0,12.609325801438123,12.661308537332632,12.503955390841147,12.609325801438123,3658400.0
1996-05-06,False,daily,90.0,90.38,88.75,89.75,1019500.0,12.644449271637114,12.697836946339581,12.468831920642156,12.609325801438123,4078000.0
1996-05-03,False,daily,92.0,93.75,92.0,92.75,1360500.0,12.92543703322905,13.171301324621995,12.92543703322905,13.030807443826028,5442000.0
1996-05-02,False,daily,92.12,92.25,89.5,89.5,1534300.0,12.942296298924568,12.960560503428043,12.574202331239132,12.574202331239132,6137200.0
1996-05-01,False,daily,91.75,92.625,91.0,92.5,962100.0,12.890313563030059,13.013245708726531,12.784943152433083,12.995683973627035,3848400.0
1996-04-30,False,daily,90.625,92.25,90.5,91.875,999100.0,12.732257947134595,12.960560503428043,12.714696212035099,12.907875298129555,3996400.0
1996-04-29,False,daily,90.62,92.25,90.5,91.88,908900.0,12.731555477730616,12.960560503428043,12.714696212035099,12.908577767533535,3635600.0
1996-04-26,False,daily,89.75,91.125,89.0,90.125,1260600.0,12.609325801438123,12.80250488753258,12.503955390841147,12.662011006736611,5042400.0
1996-04-25,False,daily,90.625,90.625,88.0,89.75,1615900.0,12.732257947134595,12.732257947134595,12.363461510045179,12.609325801438123,6463600.0
1996-04-24,False,daily,90.5,91.375,90.25,90.5,1691500.0,12.714696212035099,12.837628357731571,12.679572741836107,12.714696212035099,6766000.0
1996-04-23,False,daily,91.375,91.875,88.625,90.0,1194100.0,12.837628357731571,12.907875298129555,12.45127018554266,12.644449271637114,4776400.0
1996-04-22,False,daily,91.38,91.88,88.62,90.0,1062800.0,12.83833082713555,12.908577767533535,12.45056771613868,12.644449271637114,4251200.0
1996-04-19,False,daily,90.75,92.0,90.625,91.625,1132200.0,12.749819682234092,12.92543703322905,12.732257947134595,12.872751827930562,4528800.0
1996-04-18,False,daily,91.25,91.5,90.25,90.625,1134100.0,12.820066622632075,12.855190092831068,12.679572741836107,12.732257947134595,4536400.0
1996-04-17,False,daily,89.875,91.75,89.75,91.125,1236900.0,12.62688753653762,12.890313563030059,12.609325801438123,12.80250488753258,4947600.0
1996-04-16,False,daily,89.0,90.25,88.5,89.75,1915800.0,12.503955390841147,12.679572741836107,12.433708450443163,12.609325801438123,7663200.0
1996-04-15,False,daily,89.0,90.25,88.5,89.75,1187900.0,12.503955390841147,12.679572741836107,12.433708450443163,12.609325801438123,4751600.0
1996-04-12,False,daily,88.5,88.875,85.625,87.5,2389100.0,12.433708450443163,12.48639365574165,12.029788543154755,12.293214569647196,9556400.0
1996-04-11,False,daily,91.0,91.25,87.875,88.25,2604400.0,12.784943152433083,12.820066622632075,12.345899774945684,12.398584980244172,10417600.0
1996-04-10,False,daily,93.0,93.125,90.5,91.25,1543700.0,13.065930914025019,13.083492649124516,12.714696212035099,12.820066622632075,6174800.0
1996-04-09,False,daily,92.0,92.875,90.375,92.125,1142100.0,12.92543703322905,13.048369178925523,12.697134476935602,12.942998768328547,4568400.0
1996-04-08,False,daily,92.0,92.88,90.38,92.12,1788900.0,12.92543703322905,13.049071648329502,12.697836946339581,12.942296298924568,7155600.0
1996-04-04,False,daily,94.875,94.875,93.875,94.125,800300.0,13.329356940517458,13.329356940517458,13.188863059721491,13.223986529920483,3201200.0
1996-04-03,False,daily,93.625,95.25,93.0,95.25,777300.0,13.153739589522498,13.382042145815946,13.065930914025019,13.382042145815946,3109200.0
1996-04-02,False,daily,93.125,93.5,92.75,93.25,1312900.0,13.083492649124516,13.136177854423003,13.030807443826028,13.10105438422401,5251600.0
1996-04-01,False,daily,93.12,93.5,92.75,93.25,1894000.0,13.082790179720536,13.136177854423003,13.030807443826028,13.10105438422401,7576000.0
1996-03-29,False,daily,94.75,94.75,93.125,93.125,872600.0,13.311795205417964,13.311795205417964,13.083492649124516,13.083492649124516,3490400.0
1996-03-28,False,daily,93.5,95.25,93.375,94.625,858200.0,13.136177854423003,13.382042145815946,13.118616119323507,13.294233470318467,3432800.0
1996-03-27,False,daily,95.25,95.5,93.625,93.625,1036900.0,13.382042145815946,13.41716561601494,13.153739589522498,13.153739589522498,4147600.0
1996-03-26,False,daily,93.5,95.25,93.38,94.62,1038000.0,13.136177854423003,13.382042145815946,13.119318588727486,13.293531000914488,4152000.0
1996-03-25,False,daily,95.25,95.5,93.62,93.62,1045200.0,13.382042145815946,13.41716561601494,13.153037120118519,13.153037120118519,4180800.0
1996-03-22,False,daily,93.125,94.0,92.5,93.75,1378500.0,13.083492649124516,13.206424794820986,12.995683973627035,13.171301324621995,5514000.0
1996-03-21,False,daily,94.875,95.25,91.875,92.5,1663700.0,13.329356940517458,13.382042145815946,12.907875298129555,12.995683973627035,6654800.0
1996-03-20,False,daily,95.0,95.75,93.75,94.375,1176700.0,13.346918675616955,13.45228908621393,13.171301324621995,13.259110000119476,4706800.0
1996-03-19,False,daily,95.0,95.25,91.88,92.5,2094300.0,13.346918675616955,13.382042145815946,12.908577767533535,12.995683973627035,8377200.0
1996-03-18,False,daily,95.0,95.75,93.75,94.38,1196200.0,13.346918675616955,13.45228908621393,13.171301324621995,13.259812469523455,4784800.0
1996-03-15,False,daily,94.25,94.375,92.5,92.875,2006900.0,13.24154826501998,13.259110000119476,12.995683973627035,13.048369178925523,8027600.0
1996-03-14,False,daily,94.625,94.875,93.0,94.125,1325800.0,13.294233470318467,13.329356940517458,13.065930914025019,13.223986529920483,5303200.0
1996-03-13,False,daily,94.5,95.375,93.125,95.25,1341800.0,13.27667173521897,13.399603880915443,13.083492649124516,13.382042145815946,5367200.0
1996-03-12,False,daily,94.62,94.88,93.0,94.12,1510700.0,13.293531000914488,13.330059409921438,13.065930914025019,13.223284060516503,6042800.0
1996-03-11,False,daily,94.5,95.38,93.12,95.25,1604200.0,13.27667173521897,13.400306350319422,13.082790179720536,13.382042145815946,6416800.0
1996-03-08,False,daily,96.875,97.75,95.75,95.875,3743100.0,13.610344702109394,13.733276847805866,13.45228908621393,13.469850821313427,14972400.0
1996-03-07,False,daily,96.125,96.625,95.625,96.25,1664100.0,13.504974291512418,13.575221231910403,13.434727351114434,13.522536026611915,6656400.0
1996-03-06,False,daily,96.0,97.625,95.5,96.75,993300.0,13.487412556412924,13.71571511270637,13.41716561601494,13.5927829670099,3973200.0
1996-03-05,False,daily,96.12,96.62,95.62,96.25,905200.0,13.50427182210844,13.574518762506424,13.434024881710455,13.522536026611915,3620800.0
1996-03-04,False,daily,96.0,97.62,95.5,96.75,1618700.0,13.487412556412924,13.71501264330239,13.41716561601494,13.5927829670099,6474800.0
1996-03-01,False,daily,94.25,96.25,93.62,96.0,1433600.0,13.24154826501998,13.522536026611915,13.153037120118519,13.487412556412924,5734400.0
1996-02-29,False,daily,92.875,95.875,92.875,93.5,1923500.0,13.048369178925523,13.469850821313427,13.048369178925523,13.136177854423003,7694000.0
1996-02-28,False,daily,94.25,96.375,93.875,93.875,1762700.0,13.24154826501998,13.540097761711412,13.188863059721491,13.188863059721491,7050800.0
1996-02-27,False,daily,94.0,94.875,93.125,93.5,1570000.0,13.206424794820986,13.329356940517458,13.083492649124516,13.136177854423003,6280000.0
1996-02-26,False,daily,93.625,94.875,93.5,93.75,1600000.0,13.153739589522498,13.329356940517458,13.136177854423003,13.171301324621995,6400000.0
1996-02-23,False,daily,95.375,95.875,93.5,93.5,1753900.0,13.399603880915443,13.469850821313427,13.136177854423003,13.136177854423003,7015600.0
1996-02-22,False,daily,95.0,96.25,94.875,95.125,2051700.0,13.346918675616955,13.522536026611915,13.329356940517458,13.364480410716451,8206800.0
1996-02-21,False,daily,92.75,95.375,92.75,94.875,2481800.0,13.030807443826028,13.399603880915443,13.030807443826028,13.329356940517458,9927200.0
1996-02-20,False,daily,93.0,93.625,92.375,92.625,1776100.0,13.065930914025019,13.153739589522498,12.97812223852754,13.013245708726531,7104400.0
1996-02-16,False,daily,95.25,95.5,93.875,94.125,2651100.0,13.382042145815946,13.41716561601494,13.188863059721491,13.223986529920483,10604400.0
1996-02-15,False,daily,96.75,97.25,94.875,95.125,4415400.0,13.5927829670099,13.663029907407882,13.329356940517458,13.364480410716451,17661600.0
1996-02-14,False,daily,99.0,99.0,97.375,97.625,1653900.0,13.86080939354595,13.86080939354595,13.633296108045826,13.668298151968923,6615600.0
1996-02-13,False,daily,98.75,99.625,98.75,99.0,2820600.0,13.825807349622854,13.94831450335369,13.825807349622854,13.86080939354595,11282400.0
1996-02-12,False,daily,99.125,99.375,98.375,98.875,1909800.0,13.878310415507498,13.913312459430593,13.77330428373821,13.843308371584401,7639200.0
1996-02-09,False,daily,98.875,100.375,98.5,99.125,2157600.0,13.843308371584401,14.053320635122978,13.790805305699758,13.878310415507498,8630400.0
1996-02-08,False,daily,97.125,99.125,97.125,98.75,2196400.0,13.598294064122731,13.878310415507498,13.598294064122731,13.825807349622854,8785600.0
1996-02-07,False,daily,96.75,97.0,95.875,97.0,1622600.0,13.545790998238088,13.580793042161183,13.423283844507251,13.580793042161183,6490400.0
1996-02-06,False,daily,97.875,98.25,96.625,97.125,1321400.0,13.703300195892018,13.755803261776663,13.52828997627654,13.598294064122731,5285600.0
1996-02-05,False,daily,95.0,98.125,95.0,97.875,1034800.0,13.300776690776416,13.738302239815114,13.300776690776416,13.703300195892018,4139200.0
1996-02-02,False,daily,96.125,96.5,95.625,96.0,1512000.0,13.458285888430348,13.510788954314991,13.388281800584156,13.4407848664688,6048000.0
1996-02-01,False,daily,93.75,96.375,93.5,96.375,939300.0,13.125766471160937,13.493287932353443,13.090764427237842,13.493287932353443,3757200.0
1996-01-31,False,daily,93.375,95.25,93.375,94.25,1218900.0,13.073263405276293,13.335778734699511,13.073263405276293,13.195770559007128,4875600.0
1996-01-30,False,daily,93.75,96.38,93.5,96.38,1029700.0,13.125766471160937,13.493987973231905,13.090764427237842,13.493987973231905,4118800.0
1996-01-29,False,daily,93.38,95.25,93.38,94.25,1158000.0,13.073963446154755,13.335778734699511,13.073963446154755,13.195770559007128,4632000.0
1996-01-26,False,daily,90.0,93.75,89.25,93.75,1086200.0,12.6007358123145,13.125766471160937,12.495729680545212,13.125766471160937,4344800.0
1996-01-25,False,daily,86.75,87.875,86.5,87.75,1919400.0,12.145709241314254,12.303218438968186,12.110707197391157,12.285717417006637,7677600.0
1996-01-24,False,daily,86.625,87.625,86.125,86.75,2160800.0,12.128208219352706,12.268216395045089,12.058204131506514,12.145709241314254,8643200.0
1996-01-23,False,daily,86.75,87.88,86.5,87.75,828400.0,12.145709241314254,12.303918479846647,12.110707197391157,12.285717417006637,3313600.0
1996-01-22,False,daily,86.62,87.62,86.12,86.75,869800.0,12.127508178474244,12.267516354166627,12.057504090628052,12.145709241314254,3479200.0
1996-01-19,False,daily,86.75,87.875,86.375,87.375,1259800.0,12.145709241314254,12.303218438968186,12.09320617542961,12.233214351121994,5039200.0
1996-01-18,False,daily,86.75,87.25,86.25,86.75,991800.0,12.145709241314254,12.215713329160446,12.075705153468062,12.145709241314254,3967200.0
1996-01-17,False,daily,85.625,86.875,85.375,86.5,1037000.0,11.988200043660322,12.163210263275802,11.953197999737228,12.110707197391157,4148000.0
1996-01-16,False,daily,86.75,87.25,86.25,86.75,1533200.0,12.145709241314254,12.215713329160446,12.075705153468062,12.145709241314254,6132800.0
1996-01-15,False,daily,85.62,86.88,85.38,86.5,1079000.0,11.98750000278186,12.163910304154262,11.953898040615687,12.110707197391157,4316000.0
1996-01-12,False,daily,87.625,87.75,83.125,85.5,1947600.0,12.268216395045089,12.285717417006637,11.638179604429364,11.970699021698774,7790400.0
1996-01-11,False,daily,88.875,90.25,88.25,88.375,1879800.0,12.443226614660569,12.635737856237595,12.355721504852829,12.373222526814377,7519200.0
1996-01-10,False,daily,86.875,87.875,86.75,87.875,2224400.0,12.163210263275802,12.303218438968186,12.145709241314254,12.303218438968186,8897600.0
1996-01-09,False,daily,88.88,90.25,88.25,88.38,1599800.0,12.44392665553903,12.635737856237595,12.355721504852829,12.373922567692839,6399200.0
1996-01-08,False,daily,86.88,87.88,86.75,87.88,496300.0,12.163910304154262,12.303918479846647,12.145709241314254,12.303918479846647,1985200.0
1996-01-05,False,daily,85.25,88.125,85.25,87.625,1459600.0,11.93569697777568,12.33822048289128,11.93569697777568,12.268216395045089,5838400.0
1996-01-04,False,daily,85.5,85.5,83.5,84.25,1625600.0,11.970699021698774,11.970699021698774,11.690682670314008,11.795688802083296,6502400.0
1996-01-03,False,daily,85.25,88.12,85.25,87.62,2120400.0,11.93569697777568,12.337520442012819,11.93569697777568,12.267516354166627,8481600.0
1996-01-02,False,daily,85.5,85.5,83.5,84.25,1294600.0,11.970699021698774,11.970699021698774,11.690682670314008,11.795688802083296,5178400.0
1997-12-31,False,daily,66.0,66.38,65.69,65.88,1290600.0,19.02392695871697,19.133458659388367,18.93457215027451,18.98933800061021,2581200.0
1997-12-30,False,daily,65.5,66.25,65.25,66.25,1283000.0,18.87980629993881,19.09598728810605,18.807745970549732,19.09598728810605,2566000.0
1997-12-29,False,daily,65.25,65.44,64.88,65.31,2047400.0,18.807745970549732,18.86251182088543,18.70109668305389,18.82504044960311,4094800.0
1997-12-26,False,daily,65.44,65.5,64.81,64.88,619600.0,18.86251182088543,18.87980629993881,18.68091979082495,18.70109668305389,1239200.0
1997-12-24,False,daily,66.19,66.25,64.94,65.06,1051000.0,19.07869280905267,19.09598728810605,18.71839116210727,18.75298012021403,2102000.0
1997-12-23,False,daily,66.94,67.31,66.0,66.06,1695100.0,19.294873797219907,19.401523084715745,19.02392695871697,19.04122143777035,3390200.0
1997-12-22,False,daily,66.5,67.06,65.5,66.94,2022100.0,19.168047617495127,19.329462755326666,18.87980629993881,19.294873797219907,4044200.0
1997-12-19,False,daily,66.06,66.75,64.88,66.25,3560000.0,19.04122143777035,19.24010794688421,18.70109668305389,19.09598728810605,7120000.0
1997-12-18,False,daily,67.0,67.0,65.63,66.81,3010000.0,19.312168276273287,19.312168276273287,18.91727767122113,19.257402425937588,6020000.0
1997-12-17,False,daily,65.44,66.44,65.31,66.38,2298600.0,18.86251182088543,19.150753138441747,18.82504044960311,19.133458659388367,4597200.0
1997-12-16,False,daily,65.25,65.5,64.81,65.31,1592300.0,18.807745970549732,18.87980629993881,18.68091979082495,18.82504044960311,3184600.0
1997-12-15,False,daily,64.06,65.5,64.06,65.0,1731300.0,18.464738802657713,18.87980629993881,18.464738802657713,18.73568564116065,3462600.0
1997-12-12,False,daily,65.25,65.38,63.94,64.0,1844100.0,18.807745970549732,18.84521734183205,18.430149844550954,18.447444323604334,3688200.0
1997-12-11,False,daily,65.81,65.81,64.88,65.19,2728600.0,18.969161108381268,18.969161108381268,18.70109668305389,18.790451491496352,5457200.0
1997-12-10,False,daily,65.06,66.19,64.75,66.0,3023200.0,18.75298012021403,19.07869280905267,18.663625311771572,19.02392695871697,6046400.0
1997-12-09,False,daily,65.06,66.19,64.88,65.0,3020900.0,18.75298012021403,19.07869280905267,18.70109668305389,18.73568564116065,6041800.0
1997-12-08,False,daily,65.19,65.44,64.69,65.19,2346600.0,18.790451491496352,18.86251182088543,18.646330832718192,18.790451491496352,4693200.0
1997-12-05,False,daily,63.94,65.38,63.81,65.19,2362600.0,18.430149844550954,18.84521734183205,18.392678473268635,18.790451491496352,4725200.0
1997-12-04,False,daily,64.94,65.5,64.0,64.38,3248900.0,18.71839116210727,18.87980629993881,18.447444323604334,18.556976024275734,6497800.0
1997-12-03,False,daily,64.38,64.75,63.94,64.5,2432800.0,18.556976024275734,18.663625311771572,18.430149844550954,18.591564982382494,4865600.0
1997-12-02,False,daily,64.38,64.81,64.0,64.38,2312000.0,18.556976024275734,18.68091979082495,18.447444323604334,18.556976024275734,4624000.0
1997-12-01,False,daily,63.38,64.81,63.13,64.69,2312800.0,18.268734706719417,18.68091979082495,18.19667437733034,18.646330832718192,4625600.0
1997-11-28,False,daily,63.5,63.63,62.94,62.94,844200.0,18.303323664826173,18.340795036108496,18.141908526994637,18.141908526994637,1688400.0
1997-11-26,False,daily,63.75,63.94,62.69,62.69,2339000.0,18.375383994215255,18.430149844550954,18.069848197605555,18.069848197605555,4678000.0
1997-11-25,False,daily,64.0,64.88,63.75,64.0,2172000.0,18.447444323604334,18.70109668305389,18.375383994215255,18.447444323604334,4344000.0
1997-11-24,False,daily,64.69,65.0,63.69,64.13,2224800.0,18.646330832718192,18.73568564116065,18.358089515161875,18.484915694886652,4449600.0
1997-11-21,False,daily,64.88,65.0,63.69,64.94,2616200.0,18.70109668305389,18.73568564116065,18.358089515161875,18.71839116210727,5232400.0
1997-11-20,False,daily,63.75,64.75,63.63,64.25,2589600.0,18.375383994215255,18.663625311771572,18.340795036108496,18.51950465299341,5179200.0
1997-11-19,False,daily,62.56,63.78,62.5,63.13,1936800.0,18.032376826323237,18.384031233741943,18.015082347269857,18.19667437733034,3873600.0
1997-11-18,False,daily,63.44,64.19,62.69,63.0,2474700.0,18.286029185772794,18.502210173940032,18.069848197605555,18.159203006048017,4949400.0
1997-11-17,False,daily,63.0,64.13,62.81,63.44,3549100.0,18.159203006048017,18.484915694886652,18.104437155712315,18.286029185772794,7098200.0
1997-11-14,False,daily,60.25,62.56,60.13,62.38,4348100.0,17.366539382768142,18.032376826323237,17.331950424661386,17.9804933891631,8696200.0
1997-11-13,False,daily,59.0,60.19,58.69,59.94,2782300.0,16.946471405121773,17.28827311651321,16.857430623162657,17.216466034288118,5564600.0
1997-11-12,False,daily,60.0,60.25,58.19,58.38,2375400.0,17.233699734022142,17.305506816247235,16.713816458712472,16.768389841203543,4750800.0
1997-11-11,False,daily,60.13,61.13,60.06,60.56,1866600.0,17.271039416779193,17.55826774567956,17.250933433756163,17.394547598206348,3733200.0
1997-11-10,False,daily,60.0,60.38,59.63,59.69,2262100.0,17.233699734022142,17.342846499004285,17.127425252329004,17.144658952063025,4524200.0
1997-11-07,False,daily,59.13,59.81,58.81,59.81,3013200.0,16.98381108787882,17.17912635153107,16.891898022630702,17.17912635153107,6026400.0
1997-11-06,False,daily,60.0,60.31,59.88,60.19,2135000.0,17.233699734022142,17.322740515981256,17.1992323345541,17.28827311651321,4270000.0
1997-11-05,False,daily,60.13,60.38,60.0,60.25,2313300.0,17.271039416779193,17.342846499004285,17.233699734022142,17.305506816247235,4626600.0
1997-11-04,False,daily,59.5,60.38,59.13,60.13,2738900.0,17.090085569571958,17.342846499004285,16.98381108787882,17.271039416779193,5477800.0
1997-11-03,False,daily,58.5,59.25,58.25,59.0,2229500.0,16.80285724067159,17.018278487346866,16.731050158446497,16.946471405121773,4459000.0
1997-10-31,False,daily,57.38,57.88,56.13,57.38,2536400.0,16.481161512303174,16.62477567675336,16.122126101177713,16.481161512303174,5072800.0
1997-10-30,False,daily,56.63,57.63,56.5,56.5,3156700.0,16.265740265627898,16.552968594528267,16.22840058287085,16.22840058287085,6313400.0
1997-10-29,False,daily,57.25,58.0,56.63,57.13,3629000.0,16.443821829546128,16.659243076221404,16.265740265627898,16.409354430078082,7258000.0
1997-10-28,False,daily,54.0,58.0,53.0,56.0,5974300.0,15.510329760619928,16.659243076221404,15.22310143171956,16.084786418420666,11948600.0
1997-10-27,False,daily,57.63,57.75,55.0,55.0,3521500.0,16.552968594528267,16.587435993996312,15.797558089520297,15.797558089520297,7043000.0
1997-10-24,False,daily,59.25,59.5,57.25,58.38,2917600.0,17.018278487346866,17.090085569571958,16.443821829546128,16.768389841203543,5835200.0
1997-10-23,False,daily,58.5,59.5,58.0,58.5,3061800.0,16.80285724067159,17.090085569571958,16.659243076221404,16.80285724067159,6123600.0
1997-10-22,False,daily,60.25,60.5,59.5,60.0,1949200.0,17.305506816247235,17.377313898472327,17.090085569571958,17.233699734022142,3898400.0
1997-10-21,False,daily,59.13,60.38,59.13,59.88,2616800.0,16.98381108787882,17.342846499004285,16.98381108787882,17.1992323345541,5233600.0
1997-10-20,False,daily,58.38,59.13,57.63,59.0,2370800.0,16.768389841203543,16.98381108787882,16.552968594528267,16.946471405121773,4741600.0
1997-10-17,False,daily,58.63,59.0,57.25,58.38,2406000.0,16.840196923428636,16.946471405121773,16.443821829546128,16.768389841203543,4812000.0
1997-10-16,False,daily,59.5,60.13,58.63,58.88,2869300.0,17.090085569571958,17.271039416779193,16.840196923428636,16.912004005653728,5738600.0
1997-10-15,False,daily,60.13,60.13,59.25,59.38,2864200.0,17.271039416779193,17.271039416779193,17.018278487346866,17.055618170103912,5728400.0
1997-10-14,False,daily,60.88,61.13,59.25,60.5,3560300.0,17.48646066345447,17.55826774567956,17.018278487346866,17.377313898472327,7120600.0
1997-10-13,False,daily,60.63,61.0,60.5,60.63,1074600.0,17.414653581229377,17.52092806292251,17.377313898472327,17.414653581229377,2149200.0
1997-10-10,False,daily,60.38,60.38,59.63,60.13,1361400.0,17.342846499004285,17.342846499004285,17.127425252329004,17.271039416779193,2722800.0
1997-10-09,False,daily,60.5,60.75,59.75,60.5,1839700.0,17.377313898472327,17.44912098069742,17.16189265179705,17.377313898472327,3679400.0
1997-10-08,False,daily,61.75,62.13,60.38,61.0,3055000.0,17.736349309597788,17.84549607457993,17.342846499004285,17.52092806292251,6110000.0
1997-10-07,False,daily,60.5,61.5,59.75,61.5,2667800.0,17.377313898472327,17.664542227372696,17.16189265179705,17.664542227372696,5335600.0
1997-10-06,False,daily,60.38,60.5,59.75,59.88,1975000.0,17.342846499004285,17.377313898472327,17.16189265179705,17.1992323345541,3950000.0
1997-10-03,False,daily,60.13,60.25,59.5,59.63,4422100.0,17.271039416779193,17.305506816247235,17.090085569571958,17.127425252329004,8844200.0
1997-10-02,False,daily,58.0,58.63,57.63,58.63,2181300.0,16.659243076221404,16.840196923428636,16.552968594528267,16.840196923428636,4362600.0
1997-10-01,False,daily,58.13,58.25,57.25,57.88,2610200.0,16.69658275897845,16.731050158446497,16.443821829546128,16.62477567675336,5220400.0
1997-09-30,False,daily,58.13,58.38,57.5,57.75,2780300.0,16.69658275897845,16.768389841203543,16.51562891177122,16.587435993996312,5560600.0
1997-09-29,False,daily,57.5,58.38,57.5,58.0,2415900.0,16.51562891177122,16.768389841203543,16.51562891177122,16.659243076221404,4831800.0
1997-09-26,False,daily,58.0,58.63,57.38,57.63,3088300.0,16.659243076221404,16.840196923428636,16.481161512303174,16.552968594528267,6176600.0
1997-09-25,False,daily,58.13,58.38,57.38,57.63,3448900.0,16.69658275897845,16.768389841203543,16.481161512303174,16.552968594528267,6897800.0
1997-09-24,False,daily,59.13,59.63,58.25,58.63,2456900.0,16.98381108787882,17.127425252329004,16.731050158446497,16.840196923428636,4913800.0
1997-09-23,False,daily,60.0,60.25,59.0,59.25,2725400.0,17.233699734022142,17.305506816247235,16.946471405121773,17.018278487346866,5450800.0
1997-09-22,False,daily,59.25,60.63,58.88,60.25,2935300.0,17.018278487346866,17.414653581229377,16.912004005653728,17.305506816247235,5870600.0
1997-09-19,False,daily,57.13,58.75,57.13,58.63,4106600.0,16.409354430078082,16.87466432289668,16.409354430078082,16.840196923428636,8213200.0
1997-09-18,False,daily,58.25,59.38,57.75,57.75,2922000.0,16.731050158446497,17.055618170103912,16.587435993996312,16.587435993996312,5844000.0
1997-09-17,False,daily,58.5,59.0,57.63,57.88,2646700.0,16.80285724067159,16.946471405121773,16.552968594528267,16.62477567675336,5293400.0
1997-09-16,False,daily,58.63,58.88,58.25,58.75,2501900.0,16.840196923428636,16.912004005653728,16.731050158446497,16.87466432289668,5003800.0
1997-09-15,False,daily,57.88,58.25,57.75,57.88,2616100.0,16.62477567675336,16.731050158446497,16.587435993996312,16.62477567675336,5232200.0
1997-09-12,False,daily,57.25,57.75,56.25,57.5,3572200.0,16.443821829546128,16.587435993996312,16.15659350064576,16.51562891177122,7144400.0
1997-09-11,False,daily,55.88,57.13,55.13,56.63,3652200.0,16.05031901895262,16.409354430078082,15.834897772277346,16.265740265627898,7304400.0
1997-09-10,False,daily,57.75,57.75,56.13,56.25,2481200.0,16.587435993996312,16.587435993996312,16.122126101177713,16.15659350064576,4962400.0
1997-09-09,False,daily,57.38,58.0,56.88,57.75,3232500.0,16.481161512303174,16.659243076221404,16.33754734785299,16.587435993996312,6465000.0
1997-09-08,False,daily,58.5,58.75,57.5,57.5,2013700.0,16.80285724067159,16.87466432289668,16.51562891177122,16.51562891177122,4027400.0
1997-09-05,False,daily,59.0,59.63,57.63,58.13,2452100.0,16.946471405121773,17.127425252329004,16.552968594528267,16.69658275897845,4904200.0
1997-09-04,False,daily,58.0,59.13,58.0,58.75,2014200.0,16.659243076221404,16.98381108787882,16.659243076221404,16.87466432289668,4028400.0
1997-09-03,False,daily,58.5,58.75,57.88,58.0,2550900.0,16.80285724067159,16.87466432289668,16.62477567675336,16.659243076221404,5101800.0
1997-09-02,False,daily,57.0,58.5,56.75,58.38,3339000.0,16.372014747321035,16.80285724067159,16.300207665095943,16.768389841203543,6678000.0
1997-08-29,False,daily,57.13,57.25,56.25,56.75,2231900.0,16.409354430078082,16.443821829546128,16.15659350064576,16.300207665095943,4463800.0
1997-08-28,False,daily,57.13,57.75,56.38,57.0,3306800.0,16.409354430078082,16.587435993996312,16.193933183402805,16.372014747321035,6613600.0
1997-08-27,False,daily,57.13,58.25,57.0,58.0,2699600.0,16.409354430078082,16.731050158446497,16.372014747321035,16.659243076221404,5399200.0
1997-08-26,False,daily,57.38,58.0,57.13,57.25,2151400.0,16.481161512303174,16.659243076221404,16.409354430078082,16.443821829546128,4302800.0
1997-08-25,False,daily,58.75,59.5,57.5,57.75,1921900.0,16.87466432289668,17.090085569571958,16.51562891177122,16.587435993996312,3843800.0
1997-08-22,False,daily,58.0,58.88,57.38,58.75,2688200.0,16.659243076221404,16.912004005653728,16.481161512303174,16.87466432289668,5376400.0
1997-08-21,False,daily,59.75,60.13,58.75,59.13,2247700.0,17.16189265179705,17.271039416779193,16.87466432289668,16.98381108787882,4495400.0
1997-08-20,False,daily,59.63,59.88,58.75,59.63,2699900.0,17.127425252329004,17.1992323345541,16.87466432289668,17.127425252329004,5399800.0
1997-08-19,False,daily,59.0,59.38,58.25,59.13,3129300.0,16.946471405121773,17.055618170103912,16.731050158446497,16.98381108787882,6258600.0
1997-08-18,False,daily,57.0,58.25,56.0,58.13,3843800.0,16.372014747321035,16.731050158446497,16.084786418420666,16.69658275897845,7687600.0
1997-08-15,False,daily,57.0,58.0,56.0,56.13,3996000.0,16.372014747321035,16.659243076221404,16.084786418420666,16.122126101177713,7992000.0
1997-08-14,False,daily,57.5,59.13,57.38,59.0,4608800.0,16.4511490828344,16.917503395965188,16.41681624996588,16.88030949369095,9217600.0
1997-08-13,False,daily,58.63,58.75,56.63,57.13,5027200.0,16.774449925679672,16.808782758548194,16.202236044537603,16.345289514823122,10054400.0
1997-08-12,False,daily,59.63,59.75,57.38,57.63,3109800.0,17.060556866250703,17.09488969911923,16.41681624996588,16.488342985108638,6219600.0
1997-08-11,False,daily,59.25,59.63,57.5,58.38,4406300.0,16.95183622883371,17.060556866250703,16.4511490828344,16.70292319053691,8812600.0
1997-08-08,False,daily,60.13,60.25,58.88,59.38,4377400.0,17.20361033653622,17.237943169404744,16.84597666082243,16.989030131107945,8754800.0
1997-08-07,False,daily,62.25,62.5,60.5,60.75,2854500.0,17.81015705054681,17.881683785689567,17.309469904547502,17.38099663969026,5709000.0
1997-08-06,False,daily,61.63,62.5,61.25,62.25,1874300.0,17.63277074739277,17.881683785689567,17.524050109975775,17.81015705054681,3748600.0
1997-08-05,False,daily,61.5,61.88,61.13,61.5,1706700.0,17.595576845118536,17.704297482535527,17.489717277107253,17.595576845118536,3413400.0
1997-08-04,False,daily,61.25,61.63,60.63,61.0,2017300.0,17.524050109975775,17.63277074739277,17.346663806821738,17.452523374833017,4034600.0
1997-08-01,False,daily,62.0,62.44,60.69,61.06,2314000.0,17.738630315404052,17.864517369255307,17.363830223256,17.46968979126728,4628000.0
1997-07-31,False,daily,62.25,62.56,61.38,62.13,2647200.0,17.81015705054681,17.898850202123832,17.56124401225001,17.775824217678288,5294400.0
1997-07-30,False,daily,60.38,61.25,60.13,61.13,2146200.0,17.27513707167898,17.524050109975775,17.20361033653622,17.489717277107253,4292400.0
1997-07-29,False,daily,60.38,60.63,60.13,60.5,2686600.0,17.27513707167898,17.346663806821738,17.20361033653622,17.309469904547502,5373200.0
1997-07-28,False,daily,61.0,61.38,60.88,61.13,2768800.0,17.452523374833017,17.56124401225001,17.418190541964496,17.489717277107253,5537600.0
1997-07-25,False,daily,62.0,62.38,60.63,61.63,2778200.0,17.738630315404052,17.847350952821046,17.346663806821738,17.63277074739277,5556400.0
1997-07-24,False,daily,62.88,62.88,60.75,61.88,3137800.0,17.99040442310656,17.99040442310656,17.38099663969026,17.704297482535527,6275600.0
1997-07-23,False,daily,63.25,64.0,63.25,63.5,2470500.0,18.096263991117844,18.310844196546118,18.096263991117844,18.167790726260602,4941000.0
1997-07-22,False,daily,61.88,62.25,61.13,62.13,2399000.0,17.704297482535527,17.81015705054681,17.489717277107253,17.775824217678288,4798000.0
1997-07-21,False,daily,60.25,61.63,60.0,61.13,2298200.0,17.237943169404744,17.63277074739277,17.166416434261986,17.489717277107253,4596400.0
1997-07-18,False,daily,62.5,62.63,60.25,60.25,3594900.0,17.881683785689567,17.918877687963803,17.237943169404744,17.237943169404744,7189800.0
1997-07-17,False,daily,62.5,63.13,62.25,63.13,2878300.0,17.881683785689567,18.06193115824932,17.81015705054681,18.06193115824932,5756600.0
1997-07-16,False,daily,62.0,62.75,61.88,62.75,3098300.0,17.738630315404052,17.953210520832325,17.704297482535527,17.953210520832325,6196600.0
1997-07-15,False,daily,63.88,64.38,62.25,62.5,3827900.0,18.276511363677596,18.419564833963108,17.81015705054681,17.881683785689567,7655800.0
1997-07-14,False,daily,63.5,63.88,63.25,63.75,1995900.0,18.167790726260602,18.276511363677596,18.096263991117844,18.23931746140336,3991800.0
1997-07-11,False,daily,63.25,63.25,62.0,62.25,2345200.0,18.096263991117844,18.096263991117844,17.738630315404052,17.81015705054681,4690400.0
1997-07-10,False,daily,63.25,63.5,63.0,63.13,4821100.0,18.096263991117844,18.167790726260602,18.024737255975083,18.06193115824932,9642200.0
1997-07-09,False,daily,65.25,65.63,64.13,64.25,2540300.0,18.66847787225991,18.7771985096769,18.34803809882035,18.382370931688875,5080600.0
1997-07-08,False,daily,65.0,65.63,64.63,65.5,1891200.0,18.596951137117152,18.7771985096769,18.491091569105865,18.740004607402668,3782400.0
1997-07-07,False,daily,64.88,65.88,64.25,64.75,2387300.0,18.562618304248627,18.848725244819658,18.382370931688875,18.52542440197439,4774600.0
1997-07-03,False,daily,64.5,64.75,63.88,64.25,1674500.0,18.453897666831633,18.52542440197439,18.276511363677596,18.382370931688875,3349000.0
1997-07-02,False,daily,63.38,63.63,62.75,63.5,2720800.0,18.133457893392077,18.204984628534834,17.953210520832325,18.167790726260602,5441600.0
1997-07-01,False,daily,64.38,64.75,63.13,63.13,2180500.0,18.419564833963108,18.52542440197439,18.06193115824932,18.06193115824932,4361000.0
1997-06-30,False,daily,64.25,64.88,63.25,64.38,2636000.0,18.382370931688875,18.562618304248627,18.096263991117844,18.419564833963108,5272000.0
1997-06-27,False,daily,64.38,65.38,63.5,64.38,1828500.0,18.419564833963108,18.705671774534142,18.167790726260602,18.419564833963108,3657000.0
1997-06-26,False,daily,65.25,65.5,62.63,63.88,3167300.0,18.66847787225991,18.740004607402668,17.918877687963803,18.276511363677596,6334600.0
1997-06-25,False,daily,66.13,66.5,64.0,65.25,2769500.0,18.920251979962416,19.0261115479737,18.310844196546118,18.66847787225991,5539000.0
1997-06-24,False,daily,64.63,66.38,63.88,66.38,3114900.0,18.491091569105865,18.991778715105173,18.276511363677596,18.991778715105173,6229800.0
1997-06-23,False,daily,65.63,65.88,63.88,64.0,1518100.0,18.7771985096769,18.848725244819658,18.276511363677596,18.310844196546118,3036200.0
1997-06-20,False,daily,65.63,66.25,65.5,65.88,3611100.0,18.7771985096769,18.95458481283094,18.740004607402668,18.848725244819658,7222200.0
1997-06-19,False,daily,64.75,65.88,64.5,65.75,2314900.0,18.52542440197439,18.848725244819658,18.453897666831633,18.811531342545425,4629800.0
1997-06-18,False,daily,64.88,65.5,64.0,64.25,2053300.0,18.562618304248627,18.740004607402668,18.310844196546118,18.382370931688875,4106600.0
1997-06-17,False,daily,65.75,65.88,64.63,65.0,2754400.0,18.811531342545425,18.848725244819658,18.491091569105865,18.596951137117152,5508800.0
1997-06-16,False,daily,66.38,66.5,65.88,66.25,2035100.0,18.991778715105173,19.0261115479737,18.848725244819658,18.95458481283094,4070200.0
1997-06-13,False,daily,65.88,66.5,65.5,66.38,2762900.0,18.848725244819658,19.0261115479737,18.740004607402668,18.991778715105173,5525800.0
1997-06-12,False,daily,64.25,65.5,63.88,65.5,2982000.0,18.382370931688875,18.740004607402668,18.276511363677596,18.740004607402668,5964000.0
1997-06-11,False,daily,62.38,64.38,62.0,63.88,4198900.0,17.847350952821046,18.419564833963108,17.738630315404052,18.276511363677596,8397800.0
1997-06-10,False,daily,61.75,62.13,61.63,61.88,2080400.0,17.667103580261294,17.775824217678288,17.63277074739277,17.704297482535527,4160800.0
1997-06-09,False,daily,60.13,61.75,60.13,61.63,2483000.0,17.20361033653622,17.667103580261294,17.20361033653622,17.63277074739277,4966000.0
1997-06-06,False,daily,59.63,60.63,59.63,60.13,2378500.0,17.060556866250703,17.346663806821738,17.060556866250703,17.20361033653622,4757000.0
1997-06-05,False,daily,59.63,60.13,59.25,59.25,1984900.0,17.060556866250703,17.20361033653622,16.95183622883371,16.95183622883371,3969800.0
1997-06-04,False,daily,59.5,59.75,59.25,59.38,1159800.0,17.023362963976467,17.09488969911923,16.95183622883371,16.989030131107945,2319600.0
1997-06-03,False,daily,59.25,60.0,59.25,59.75,1548400.0,16.95183622883371,17.166416434261986,16.95183622883371,17.09488969911923,3096800.0
1997-06-02,False,daily,60.25,60.38,58.75,59.38,2052400.0,17.237943169404744,17.27513707167898,16.808782758548194,16.989030131107945,4104800.0
1997-05-30,False,daily,58.75,60.13,58.5,60.0,2279400.0,16.808782758548194,17.20361033653622,16.737256023405436,17.166416434261986,4558800.0
1997-05-29,False,daily,59.38,59.88,58.25,58.88,2056800.0,16.989030131107945,17.13208360139346,16.66572928826268,16.84597666082243,4113600.0
1997-05-28,False,daily,60.0,60.0,58.88,59.38,1816000.0,17.166416434261986,17.166416434261986,16.84597666082243,16.989030131107945,3632000.0
1997-05-27,False,daily,60.0,60.38,59.13,59.88,1900000.0,17.166416434261986,17.27513707167898,16.917503395965188,17.13208360139346,3800000.0
1997-05-23,False,daily,60.0,60.38,59.38,59.88,1611800.0,17.166416434261986,17.27513707167898,16.989030131107945,17.13208360139346,3223600.0
1997-05-22,False,daily,59.75,59.88,59.0,59.5,2015600.0,17.09488969911923,17.13208360139346,16.88030949369095,17.023362963976467,4031200.0
1997-05-21,False,daily,60.5,60.63,58.88,59.38,4033000.0,17.309469904547502,17.346663806821738,16.84597666082243,16.989030131107945,8066000.0
1997-05-20,False,daily,60.0,60.88,59.88,60.88,2178300.0,17.166416434261986,17.418190541964496,17.13208360139346,17.418190541964496,4356600.0
1997-05-19,False,daily,60.63,61.5,60.25,61.25,1157800.0,17.346663806821738,17.595576845118536,17.237943169404744,17.524050109975775,2315600.0
1997-05-16,False,daily,61.25,61.75,60.13,60.25,2545000.0,17.524050109975775,17.667103580261294,17.20361033653622,17.237943169404744,5090000.0
1997-05-15,False,daily,61.13,61.75,60.75,61.75,2471300.0,17.426086752864432,17.602827694902317,17.31776165935734,17.602827694902317,4942600.0
1997-05-14,False,daily,62.25,62.63,61.13,61.25,2023100.0,17.745360712674806,17.853685806181897,17.426086752864432,17.460294677129827,4046200.0
1997-05-13,False,daily,62.0,62.38,61.63,62.25,2651500.0,17.67409420378856,17.782419297295654,17.56861977063692,17.745360712674806,5303000.0
1997-05-12,False,daily,61.63,62.0,61.13,62.0,1889500.0,17.56861977063692,17.67409420378856,17.426086752864432,17.67409420378856,3779000.0
1997-05-09,False,daily,60.75,61.25,59.75,61.13,1477000.0,17.31776165935734,17.460294677129827,17.032695623812362,17.426086752864432,2954000.0
1997-05-08,False,daily,59.88,61.5,59.63,60.0,2250200.0,17.06975420843321,17.531561186016074,16.998487699546967,17.103962132698605,4500400.0
1997-05-07,False,daily,60.5,61.25,60.25,60.38,2238800.0,17.246495150471095,17.460294677129827,17.17522864158485,17.2122872262057,4477600.0
1997-05-06,False,daily,61.75,62.25,60.88,61.5,2692800.0,17.602827694902317,17.745360712674806,17.35482024397819,17.531561186016074,5385600.0
1997-05-05,False,daily,61.88,62.5,61.25,62.38,2090800.0,17.639886279523164,17.81662722156105,17.460294677129827,17.782419297295654,4181600.0
1997-05-02,False,daily,60.25,61.88,59.88,61.38,1734000.0,17.17522864158485,17.639886279523164,17.06975420843321,17.497353261750675,3468000.0
1997-05-01,False,daily,60.63,60.75,58.88,59.63,1762400.0,17.283553735091942,17.31776165935734,16.784688172888234,16.998487699546967,3524800.0
1997-04-30,False,daily,60.0,61.5,60.0,61.13,2252300.0,17.103962132698605,17.531561186016074,17.103962132698605,17.426086752864432,4504600.0
1997-04-29,False,daily,60.0,60.25,59.13,60.0,2728200.0,17.103962132698605,17.17522864158485,16.855954681774477,17.103962132698605,5456400.0
1997-04-28,False,daily,58.75,59.63,58.0,59.5,1926500.0,16.747629588267387,16.998487699546967,16.533830061608654,16.96142911492612,3853000.0
1997-04-25,False,daily,57.88,58.63,57.5,58.13,1265100.0,16.499622137343255,16.713421664001988,16.391297043836165,16.570888646229502,2530200.0
1997-04-24,False,daily,58.63,58.88,58.13,58.13,1676200.0,16.713421664001988,16.784688172888234,16.570888646229502,16.570888646229502,3352400.0
1997-04-23,False,daily,58.75,59.0,57.75,58.0,2109400.0,16.747629588267387,16.81889609715363,16.462563552722408,16.533830061608654,4218800.0
1997-04-22,False,daily,57.75,59.25,57.25,59.0,4108500.0,16.462563552722408,16.890162606039873,16.32003053494992,16.81889609715363,8217000.0
1997-04-21,False,daily,55.88,57.38,55.38,57.25,2572200.0,15.929490066253303,16.35708911957077,15.786957048480815,16.32003053494992,5144400.0
1997-04-18,False,daily,55.5,56.25,55.38,55.75,2408500.0,15.821164972746212,16.034964499404943,15.786957048480815,15.892431481632455,4817000.0
1997-04-17,False,daily,56.38,56.5,55.13,55.25,1891300.0,16.07202308402579,16.10623100829119,15.71569053959457,15.749898463859967,3782600.0
1997-04-16,False,daily,54.63,55.88,54.13,55.88,2752900.0,15.573157521822083,15.929490066253303,15.430624504049593,15.929490066253303,5505800.0
1997-04-15,False,daily,54.25,55.13,53.88,55.0,2459700.0,15.46483242831499,15.71569053959457,15.35935799516335,15.678631954973723,4919400.0
1997-04-14,False,daily,52.25,53.0,51.13,53.0,2496900.0,14.894700357225037,15.10849988388377,14.575426397414663,15.10849988388377,4993800.0
1997-04-11,False,daily,53.75,53.88,52.25,52.25,2146800.0,15.322299410542502,15.35935799516335,14.894700357225037,14.894700357225037,4293600.0
1997-04-10,False,daily,53.0,54.88,53.0,54.38,2038000.0,15.10849988388377,15.644424030708327,15.10849988388377,15.501891012935838,4076000.0
1997-04-09,False,daily,54.88,55.13,53.38,53.63,2247900.0,15.644424030708327,15.71569053959457,15.21682497739086,15.288091486277105,4495800.0
1997-04-08,False,daily,54.5,54.75,53.63,54.5,2040100.0,15.536098937201235,15.60736544608748,15.288091486277105,15.536098937201235,4080200.0
1997-04-07,False,daily,54.63,55.5,54.38,54.5,2389100.0,15.573157521822083,15.821164972746212,15.501891012935838,15.536098937201235,4778200.0
1997-04-04,False,daily,53.25,55.0,52.5,54.63,3027100.0,15.179766392770013,15.678631954973723,14.96596686611128,15.573157521822083,6054200.0
1997-04-03,False,daily,54.38,55.0,52.88,54.0,2503300.0,15.501891012935838,15.678631954973723,15.074291959618373,15.393565919428745,5006600.0
1997-04-02,False,daily,54.13,55.5,53.63,54.38,2391300.0,15.430624504049593,15.821164972746212,15.288091486277105,15.501891012935838,4782600.0
1997-04-01,False,daily,53.75,55.13,52.63,54.88,3494300.0,15.322299410542502,15.71569053959457,15.003025450732128,15.644424030708327,6988600.0
1997-03-31,False,daily,55.0,55.38,52.75,52.88,4000200.0,15.678631954973723,15.786957048480815,15.037233374997525,15.074291959618373,8000400.0
1997-03-27,False,daily,57.5,57.63,54.25,55.13,2629300.0,16.391297043836165,16.428355628457012,15.46483242831499,15.71569053959457,5258600.0
1997-03-26,False,daily,57.13,58.25,56.63,57.13,2266200.0,16.285822610684523,16.605096570494897,16.143289592912037,16.285822610684523,4532400.0
1997-03-25,False,daily,58.25,58.88,57.25,57.5,1898000.0,16.605096570494897,16.784688172888234,16.32003053494992,16.391297043836165,3796000.0
1997-03-24,False,daily,57.0,58.0,56.5,57.88,1757900.0,16.248764026063675,16.533830061608654,16.10623100829119,16.499622137343255,3515800.0
1997-03-21,False,daily,57.63,57.75,56.25,56.63,3143400.0,16.428355628457012,16.462563552722408,16.034964499404943,16.143289592912037,6286800.0
1997-03-20,False,daily,57.75,58.0,56.13,57.13,2208800.0,16.462563552722408,16.533830061608654,16.000756575139548,16.285822610684523,4417600.0
1997-03-19,False,daily,58.0,59.0,55.63,57.38,4128200.0,16.533830061608654,16.81889609715363,15.85822355736706,16.35708911957077,8256400.0
1997-03-18,False,daily,58.13,59.13,57.38,57.63,2260400.0,16.570888646229502,16.855954681774477,16.35708911957077,16.428355628457012,4520800.0
1997-03-17,False,daily,56.75,58.25,56.5,57.88,3614100.0,16.177497517177432,16.605096570494897,16.10623100829119,16.499622137343255,7228200.0
1997-03-14,False,daily,58.88,59.38,57.5,57.88,3332300.0,16.784688172888234,16.92722119066072,16.391297043836165,16.499622137343255,6664600.0
1997-03-13,False,daily,59.75,61.0,57.88,58.75,4433600.0,17.032695623812362,17.389028168243584,16.499622137343255,16.747629588267387,8867200.0
1997-03-12,False,daily,61.25,61.25,58.88,59.63,2151300.0,17.460294677129827,17.460294677129827,16.784688172888234,16.998487699546967,4302600.0
1997-03-11,False,daily,61.25,61.38,60.75,60.88,1713600.0,17.460294677129827,17.497353261750675,17.31776165935734,17.35482024397819,3427200.0
1997-03-10,False,daily,61.38,61.38,60.88,61.25,1644900.0,17.497353261750675,17.497353261750675,17.35482024397819,17.460294677129827,3289800.0
1997-03-07,False,daily,59.5,61.0,59.25,60.63,2788800.0,16.96142911492612,17.389028168243584,16.890162606039873,17.283553735091942,5577600.0
1997-03-06,False,daily,59.13,59.5,58.63,59.13,2256900.0,16.855954681774477,16.96142911492612,16.713421664001988,16.855954681774477,4513800.0
1997-03-05,False,daily,58.13,59.38,57.75,59.38,2689600.0,16.570888646229502,16.92722119066072,16.462563552722408,16.92722119066072,5379200.0
1997-03-04,False,daily,58.38,58.38,57.25,57.38,2130800.0,16.642155155115745,16.642155155115745,16.32003053494992,16.35708911957077,4261600.0
1997-03-03,False,daily,57.0,58.5,56.75,58.38,1779000.0,16.248764026063675,16.67636307938114,16.177497517177432,16.642155155115745,3558000.0
1997-02-28,False,daily,57.25,58.38,56.63,57.5,2498600.0,16.32003053494992,16.642155155115745,16.143289592912037,16.391297043836165,4997200.0
1997-02-27,False,daily,58.75,58.75,57.63,57.63,2220800.0,16.747629588267387,16.747629588267387,16.428355628457012,16.428355628457012,4441600.0
1997-02-26,False,daily,59.75,60.13,58.0,58.75,3258900.0,17.032695623812362,17.141020717319453,16.533830061608654,16.747629588267387,6517800.0
1997-02-25,False,daily,60.5,60.88,59.38,60.0,2652500.0,17.246495150471095,17.35482024397819,16.92722119066072,17.103962132698605,5305000.0
1997-02-24,False,daily,60.25,61.25,60.0,60.75,2007600.0,17.17522864158485,17.460294677129827,17.103962132698605,17.31776165935734,4015200.0
1997-02-21,False,daily,60.13,60.5,59.88,60.25,2771300.0,17.141020717319453,17.246495150471095,17.06975420843321,17.17522864158485,5542600.0
1997-02-20,False,daily,60.63,60.88,59.75,60.25,2545400.0,17.283553735091942,17.35482024397819,17.032695623812362,17.17522864158485,5090800.0
1997-02-19,False,daily,62.63,62.75,61.5,61.63,1821200.0,17.853685806181897,17.887893730447292,17.531561186016074,17.56861977063692,3642400.0
1997-02-18,False,daily,61.63,62.75,61.0,62.75,2334600.0,17.56861977063692,17.887893730447292,17.389028168243584,17.887893730447292,4669200.0
1997-02-14,False,daily,61.88,62.0,61.38,61.38,2506900.0,17.639886279523164,17.67409420378856,17.497353261750675,17.497353261750675,5013800.0
1997-02-13,False,daily,61.13,62.0,61.13,61.75,3373400.0,17.426086752864432,17.67409420378856,17.426086752864432,17.602827694902317,6746800.0
1997-02-12,False,daily,60.0,60.88,60.0,60.88,3228900.0,17.051495991187263,17.30158459905801,17.051495991187263,17.30158459905801,6457800.0
1997-02-11,False,daily,59.75,60.13,59.63,60.0,1963100.0,16.98044809122398,17.08844089916817,16.946345099241608,17.051495991187263,3926200.0
1997-02-10,False,daily,60.0,60.63,59.5,59.63,2878200.0,17.051495991187263,17.230536699094728,16.9094001912607,16.946345099241608,5756400.0
1997-02-07,False,daily,59.5,59.88,59.13,59.75,2732800.0,16.9094001912607,17.017392999204887,16.804249299315046,16.98044809122398,5465600.0
1997-02-06,False,daily,57.63,58.88,57.13,58.88,2208200.0,16.377961899535364,16.733201399351767,16.235866099608806,16.733201399351767,4416400.0
1997-02-05,False,daily,58.88,59.63,56.63,57.38,2436800.0,16.733201399351767,16.946345099241608,16.093770299682244,16.306913999572085,4873600.0
1997-02-04,False,daily,57.88,58.88,57.13,58.88,1870100.0,16.449009799498647,16.733201399351767,16.235866099608806,16.733201399351767,3740200.0
1997-02-03,False,daily,57.5,58.0,57.0,57.25,1761300.0,16.341016991554458,16.48311279148102,16.1989211916279,16.26996909159118,3522600.0
1997-01-31,False,daily,57.63,58.5,57.0,57.75,2738900.0,16.377961899535364,16.62520859140758,16.1989211916279,16.41206489151774,5477800.0
1997-01-30,False,daily,55.75,57.0,55.63,56.88,2747800.0,15.843681691811497,16.1989211916279,15.809578699829125,16.164818199645524,5495600.0
1997-01-29,False,daily,54.75,55.25,54.25,55.0,1797500.0,15.559490091958377,15.701585891884937,15.417394292031815,15.630537991921656,3595000.0
1997-01-28,False,daily,55.38,55.75,54.13,54.38,2851800.0,15.738530799865844,15.843681691811497,15.383291300049443,15.454339200012722,5703600.0
1997-01-27,False,daily,55.13,55.38,54.25,54.63,1888100.0,15.667482899902563,15.738530799865844,15.417394292031815,15.525387099976003,3776200.0
1997-01-24,False,daily,56.0,56.25,54.5,55.13,3065200.0,15.914729591774778,15.985777491738059,15.488442191995096,15.667482899902563,6130400.0
1997-01-23,False,daily,57.63,57.88,56.13,56.13,3082000.0,16.377961899535364,16.449009799498647,15.951674499755685,15.951674499755685,6164000.0
1997-01-22,False,daily,55.13,58.0,54.63,57.38,6617500.0,15.667482899902563,16.48311279148102,15.525387099976003,16.306913999572085,13235000.0
1997-01-21,False,daily,51.38,53.63,50.75,53.5,4945300.0,14.601764400453359,15.241195500122881,14.422723692545892,15.204250592141975,9890600.0
1997-01-20,False,daily,51.5,51.75,50.88,51.0,2617500.0,14.635867392435733,14.706915292399014,14.459668600526799,14.493771592509173,5235000.0
1997-01-17,False,daily,51.63,52.13,51.0,51.38,4887000.0,14.67281230041664,14.8149081003432,14.493771592509173,14.601764400453359,9774000.0
1997-01-16,False,daily,52.75,53.13,51.63,51.63,2833800.0,14.991106892252134,15.099099700196321,14.67281230041664,14.67281230041664,5667600.0
1997-01-15,False,daily,51.88,52.5,51.38,52.13,3327100.0,14.74386020037992,14.920058992288855,14.601764400453359,14.8149081003432,6654200.0
1997-01-14,False,daily,50.63,51.63,50.63,51.25,2430000.0,14.38862070056352,14.67281230041664,14.38862070056352,14.564819492472454,4860000.0
1997-01-13,False,daily,50.75,51.0,50.13,50.25,2627800.0,14.422723692545892,14.493771592509173,14.246524900636958,14.280627892619332,5255600.0
1997-01-10,False,daily,50.75,51.5,50.63,51.13,2838800.0,14.422723692545892,14.635867392435733,14.38862070056352,14.53071650049008,5677600.0
1997-01-09,False,daily,51.38,51.88,51.13,51.5,1954400.0,14.601764400453359,14.74386020037992,14.53071650049008,14.635867392435733,3908800.0
1997-01-08,False,daily,51.25,51.75,50.88,51.13,2048100.0,14.564819492472454,14.706915292399014,14.459668600526799,14.53071650049008,4096200.0
1997-01-07,False,daily,50.63,50.75,50.0,50.75,1902600.0,14.38862070056352,14.422723692545892,14.209579992656051,14.422723692545892,3805200.0
1997-01-06,False,daily,50.75,51.38,50.5,50.63,2330800.0,14.422723692545892,14.601764400453359,14.351675792582613,14.38862070056352,4661600.0
1997-01-03,False,daily,50.13,50.63,49.75,50.25,1497100.0,14.246524900636958,14.38862070056352,14.138532092692772,14.280627892619332,2994200.0
1997-01-02,False,daily,49.88,50.0,48.63,49.75,2096000.0,14.175477000673679,14.209579992656051,13.820237500857276,14.138532092692772,4192000.0
1998-12-31,False,daily,84.19,84.25,83.25,83.88,1509700.0,24.584102061280188,24.60162250460691,24.309615115828198,24.493579770758785,3019400.0
1998-12-30,False,daily,83.63,84.38,83.25,84.0,2144200.0,24.420577923564107,24.639583465148146,24.309615115828198,24.528620657412233,4288400.0
1998-12-29,False,daily,80.75,84.06,80.69,83.75,2683800.0,23.579596643881402,24.546141100738957,23.562076200554678,24.455618810217555,5367600.0
1998-12-28,False,daily,79.88,80.81,79.75,80.56,1874400.0,23.32555021564392,23.597117087208126,23.287589255102688,23.524115240013447,3748800.0
1998-12-24,False,daily,79.0,79.75,78.88,79.38,795800.0,23.06858371351865,23.287589255102688,23.0335428268652,23.179546521254558,1591600.0
1998-12-23,False,daily,78.0,78.81,77.88,78.81,2354700.0,22.77657632473993,23.013102309650694,22.741535438086483,23.013102309650694,4709400.0
1998-12-22,False,daily,77.25,77.94,76.81,77.0,3705600.0,22.557570783155892,22.759055881413207,22.42908753209326,22.484568935961214,7411200.0
1998-12-21,False,daily,76.25,77.19,76.19,76.88,9490900.0,22.26556339437718,22.54005033982917,22.248042951050454,22.449528049307766,18981800.0
1998-12-18,False,daily,80.31,80.38,78.94,79.5,3821700.0,23.45111339281877,23.471553910033276,23.051063270191925,23.214587407908006,7643400.0
1998-12-17,False,daily,80.5,81.38,79.94,80.0,1670600.0,23.506594796686723,23.763561298811993,23.343070658970642,23.360591102297366,3341200.0
1998-12-16,False,daily,81.75,81.81,79.19,80.13,2441200.0,23.87160403266012,23.889124475986844,23.124065117386603,23.398552062838597,4882400.0
1998-12-15,False,daily,79.25,81.19,78.13,80.75,2149900.0,23.141585560713327,23.70807989494404,22.814537285281162,23.579596643881402,4299800.0
1998-12-14,False,daily,79.75,80.13,78.75,78.88,1971900.0,23.287589255102688,23.398552062838597,22.99558186632397,23.0335428268652,3943800.0
1998-12-11,False,daily,79.06,79.81,78.63,79.81,2356600.0,23.086104156845373,23.30510969842941,22.960540979670522,23.30510969842941,4713200.0
1998-12-10,False,daily,79.75,79.75,78.88,79.25,2337500.0,23.287589255102688,23.287589255102688,23.0335428268652,23.141585560713327,4675000.0
1998-12-09,False,daily,79.94,80.19,79.13,79.88,3064700.0,23.343070658970642,23.41607250616532,23.10654467405988,23.32555021564392,6129400.0
1998-12-08,False,daily,80.75,80.81,78.63,79.56,5157100.0,23.579596643881402,23.597117087208126,22.960540979670522,23.23210785123473,10314200.0
1998-12-07,False,daily,82.0,82.25,81.56,81.63,2878600.0,23.944605879854798,24.01760772704948,23.816122628792165,23.83656314600667,5757200.0
1998-12-04,False,daily,81.75,82.69,80.56,81.75,4972700.0,23.87160403266012,24.146090978112113,23.524115240013447,23.87160403266012,9945400.0
1998-12-03,False,daily,80.5,81.13,79.5,79.56,2540600.0,23.506594796686723,23.690559451617315,23.214587407908006,23.23210785123473,5081200.0
1998-12-02,False,daily,80.19,80.75,79.81,80.5,2829800.0,23.41607250616532,23.579596643881402,23.30510969842941,23.506594796686723,5659600.0
1998-12-01,False,daily,81.06,81.5,80.25,81.0,2860600.0,23.670118934402808,23.79860218546544,23.433592949492045,23.652598491076084,5721200.0
1998-11-30,False,daily,82.94,83.44,81.25,81.25,3197400.0,24.21909282530679,24.365096519696152,23.725600338270763,23.725600338270763,6394800.0
1998-11-27,False,daily,82.56,82.69,81.25,82.25,1828900.0,24.108130017570883,24.146090978112113,23.725600338270763,24.01760772704948,3657800.0
1998-11-25,False,daily,84.0,84.06,81.75,82.81,5418700.0,24.528620657412233,24.546141100738957,23.87160403266012,24.18113186476556,10837400.0
1998-11-24,False,daily,86.13,86.94,85.19,85.25,3004600.0,25.1505963955109,25.387122380421662,24.876109450058905,24.89362989338563,6009200.0
1998-11-23,False,daily,89.13,89.75,87.38,88.0,2853700.0,26.02661856184705,26.207663142889857,25.515605631484295,25.696650212527103,5707400.0
1998-11-20,False,daily,87.5,89.0,87.38,89.0,1924700.0,25.550646518137743,25.988657601305817,25.515605631484295,25.988657601305817,3849400.0
1998-11-19,False,daily,86.25,87.25,86.06,86.63,1713600.0,25.185637282164347,25.477644670943064,25.130155878296392,25.29660008990026,3427200.0
1998-11-18,False,daily,84.38,85.94,83.75,85.94,1710500.0,24.639583465148146,25.095114991642944,24.455618810217555,25.095114991642944,3421000.0
1998-11-17,False,daily,85.44,86.19,84.38,84.88,1879300.0,24.949111297253587,25.168116838837623,24.639583465148146,24.785587159537503,3758600.0
1998-11-16,False,daily,84.88,85.44,83.88,85.25,1677600.0,24.785587159537503,24.949111297253587,24.493579770758785,24.89362989338563,3355200.0
1998-11-13,False,daily,84.81,85.0,83.88,84.63,1414600.0,24.765146642322996,24.82062804619095,24.493579770758785,24.712585312342824,2829200.0
1998-11-12,False,daily,83.0,84.88,83.0,84.44,1680000.0,24.16522833322873,24.712585312342824,24.16522833322873,24.58448048744378,3360000.0
1998-11-11,False,daily,83.31,83.5,82.31,83.19,1274600.0,24.255484005316692,24.310801997886735,23.964336676000684,24.22054632579877,2549200.0
1998-11-10,False,daily,82.75,84.25,82.56,83.31,1972400.0,24.092441500899728,24.52916249487374,24.037123508329685,24.255484005316692,3944800.0
1998-11-09,False,daily,82.5,83.13,81.75,82.19,1917800.0,24.019654668570723,24.20307748603981,23.801294171583717,23.92939899648276,3835600.0
1998-11-06,False,daily,81.06,82.25,80.81,81.94,1810200.0,23.60040251435567,23.946867836241722,23.52761568202667,23.85661216415376,3620400.0
1998-11-05,False,daily,81.25,82.25,80.75,81.69,1998100.0,23.655720506925714,23.946867836241722,23.51014684226771,23.783825331824758,3996200.0
1998-11-04,False,daily,83.06,83.88,80.63,81.88,2067800.0,24.18269717298769,24.421437983026816,23.47520916274979,23.839143324394797,4135600.0
1998-11-03,False,daily,82.19,83.13,81.06,82.19,1703400.0,23.92939899648276,24.20307748603981,23.60040251435567,23.92939899648276,3406800.0
1998-11-02,False,daily,81.44,82.75,80.75,81.56,1695800.0,23.711038499495753,24.092441500899728,23.51014684226771,23.745976179013677,3391600.0
1998-10-30,False,daily,82.94,82.94,81.31,81.5,2093900.0,24.147759493469767,24.147759493469767,23.673189346684676,23.728507339254715,4187800.0
1998-10-29,False,daily,80.81,82.44,80.5,82.38,1468200.0,23.52761568202667,24.002185828811765,23.437360009938708,23.984716989052803,2936400.0
1998-10-28,False,daily,81.94,82.88,80.75,80.81,1630000.0,23.85661216415376,24.130290653710805,23.51014684226771,23.52761568202667,3260000.0
1998-10-27,False,daily,82.88,82.88,80.75,81.56,2173200.0,24.130290653710805,24.130290653710805,23.51014684226771,23.745976179013677,4346400.0
1998-10-26,False,daily,83.63,83.63,82.0,82.0,1886400.0,24.348651150697812,24.348651150697812,23.87408100391272,23.87408100391272,3772800.0
1998-10-23,False,daily,82.75,84.69,82.56,83.75,2323900.0,24.092441500899728,24.65726731977278,24.037123508329685,24.383588830215736,4647800.0
1998-10-22,False,daily,80.75,83.31,80.13,83.13,1951700.0,23.51014684226771,24.255484005316692,23.329635498091783,24.20307748603981,3903400.0
1998-10-21,False,daily,81.0,81.75,79.69,80.81,2564200.0,23.582933674596713,23.801294171583717,23.20153067319274,23.52761568202667,5128400.0
1998-10-20,False,daily,83.81,83.81,80.5,81.25,3044400.0,24.401057669974698,24.401057669974698,23.437360009938708,23.655720506925714,6088800.0
1998-10-19,False,daily,82.5,84.25,82.44,82.81,2657600.0,24.019654668570723,24.52916249487374,24.002185828811765,24.10991034065869,5315200.0
1998-10-16,False,daily,82.63,83.13,80.69,83.13,3674800.0,24.057503821381804,24.20307748603981,23.492678002508747,24.20307748603981,7349600.0
1998-10-15,False,daily,79.31,82.75,79.19,82.63,3566600.0,23.090894688052657,24.092441500899728,23.055957008534737,24.057503821381804,7133200.0
1998-10-14,False,daily,77.13,80.75,76.94,79.88,3442600.0,22.456193510143756,23.51014684226771,22.400875517573716,23.25684866576278,6885200.0
1998-10-13,False,daily,76.31,78.19,76.0,77.75,2519400.0,22.21745270010463,22.764809679218725,22.127197028016667,22.63670485431968,5038800.0
1998-10-12,False,daily,77.25,77.63,76.44,76.44,2166600.0,22.49113118966168,22.60176717480176,22.25530185291571,22.25530185291571,4333200.0
1998-10-09,False,daily,75.94,76.0,73.69,76.0,2685700.0,22.109728188257705,22.127197028016667,21.45464669729669,22.127197028016667,5371400.0
1998-10-08,False,daily,75.94,76.44,72.63,75.81,4469100.0,22.109728188257705,22.25530185291571,21.14603052822172,22.071879035446628,8938200.0
1998-10-07,False,daily,79.56,79.75,76.25,77.31,3726400.0,23.163681520381658,23.2189995129517,22.19998386034567,22.50860002942064,7452800.0
1998-10-06,False,daily,80.0,80.19,77.69,79.56,3388000.0,23.291786345280702,23.347104337850745,22.619236014560723,23.163681520381658,6776000.0
1998-10-05,False,daily,77.0,80.38,75.56,79.44,3908700.0,22.418344357332675,23.402422330420784,21.999092203117623,23.128743840863738,7817400.0
1998-10-02,False,daily,75.0,78.44,73.19,77.13,3543600.0,21.83604969870066,22.83759651154773,21.309073032638683,22.456193510143756,7087200.0
1998-10-01,False,daily,77.13,77.63,75.06,76.38,3056800.0,22.456193510143756,22.60176717480176,21.85351853845962,22.23783301315675,6113600.0
1998-09-30,False,daily,78.81,80.81,78.25,78.25,2477700.0,22.94532102339465,23.52761568202667,22.782278518977687,22.782278518977687,4955400.0
1998-09-29,False,daily,79.88,80.31,78.31,79.31,2958900.0,23.25684866576278,23.382042017368665,22.79974735873665,23.090894688052657,5917800.0
1998-09-28,False,daily,78.69,80.38,78.56,80.0,2883700.0,22.91038334387673,23.402422330420784,22.87253419106565,23.291786345280702,5767400.0
1998-09-25,False,daily,77.5,79.0,77.38,77.81,2058700.0,22.56391802199068,23.000639015964694,22.52898034247276,22.654173694078644,4117400.0
1998-09-24,False,daily,79.0,79.44,78.0,78.75,2168600.0,23.000639015964694,23.128743840863738,22.709491686648686,22.927852183635693,4337200.0
1998-09-23,False,daily,78.69,79.44,78.19,79.44,3296900.0,22.91038334387673,23.128743840863738,22.764809679218725,23.128743840863738,6593800.0
1998-09-22,False,daily,79.06,79.19,77.31,78.25,2261300.0,23.018107855723656,23.055957008534737,22.50860002942064,22.782278518977687,4522600.0
1998-09-21,False,daily,75.06,79.44,74.75,79.31,2689600.0,21.85351853845962,23.128743840863738,21.763262866371658,23.090894688052657,5379200.0
1998-09-18,False,daily,76.81,76.88,75.44,76.75,2934800.0,22.363026364762636,22.383406677814754,21.964154523599703,22.345557525003674,5869600.0
1998-09-17,False,daily,75.13,76.81,75.0,76.25,2127200.0,21.87389885151174,22.363026364762636,21.83604969870066,22.19998386034567,4254400.0
1998-09-16,False,daily,77.81,77.88,75.5,76.88,2426100.0,22.654173694078644,22.674554007130762,21.981623363358665,22.383406677814754,4852200.0
1998-09-15,False,daily,78.5,79.0,77.81,78.06,1957300.0,22.85506535130669,23.000639015964694,22.654173694078644,22.726960526407648,3914600.0
1998-09-14,False,daily,77.5,79.75,77.5,79.0,2836200.0,22.56391802199068,23.2189995129517,22.56391802199068,23.000639015964694,5672400.0
1998-09-11,False,daily,75.19,77.0,74.88,76.38,2281800.0,21.8913676912707,22.418344357332675,21.801112019182735,22.23783301315675,4563600.0
1998-09-10,False,daily,75.06,76.56,74.25,75.63,2480900.0,21.85351853845962,22.290239532433635,21.617689201713652,22.019472516169742,4961800.0
1998-09-09,False,daily,77.5,78.69,76.13,76.63,2910500.0,22.56391802199068,22.91038334387673,22.165046180827748,22.310619845485753,5821000.0
1998-09-08,False,daily,77.5,79.19,76.31,78.94,3536000.0,22.56391802199068,23.055957008534737,22.21745270010463,22.983170176205732,7072000.0
1998-09-04,False,daily,75.69,76.19,74.81,76.13,3390400.0,22.036941355928704,22.18251502058671,21.780731706130616,22.165046180827748,6780800.0
1998-09-03,False,daily,71.63,75.69,71.25,74.88,3700300.0,20.854883198905707,22.036941355928704,20.744247213765625,21.801112019182735,7400600.0
1998-09-02,False,daily,73.0,74.19,72.38,72.69,2788900.0,21.25375504006864,21.60022036195469,21.073243695892714,21.163499367980677,5577800.0
1998-09-01,False,daily,69.13,73.0,68.13,72.38,3949300.0,20.127014875615686,21.25375504006864,19.835867546299678,21.073243695892714,7898600.0
1998-08-31,False,daily,74.25,74.63,68.88,69.0,4099000.0,21.617689201713652,21.728325186853734,20.054228043286685,20.089165722804605,8198000.0
1998-08-28,False,daily,73.5,75.38,72.5,74.19,2579800.0,21.399328704726646,21.94668568384074,21.108181375410638,21.60022036195469,5159600.0
1998-08-27,False,daily,75.81,76.5,73.63,73.94,2604300.0,22.071879035446628,22.272770692674673,21.437177857537726,21.52743352962569,5208600.0
1998-08-26,False,daily,75.0,77.44,75.0,76.88,2515500.0,21.83604969870066,22.54644918223172,21.83604969870066,22.383406677814754,5031000.0
1998-08-25,False,daily,77.31,77.81,75.06,76.0,2109000.0,22.50860002942064,22.654173694078644,21.85351853845962,22.127197028016667,4218000.0
1998-08-24,False,daily,77.0,77.06,75.69,76.56,1771500.0,22.418344357332675,22.435813197091637,22.036941355928704,22.290239532433635,3543000.0
1998-08-21,False,daily,74.75,76.31,72.5,76.13,2386000.0,21.763262866371658,22.21745270010463,21.108181375410638,22.165046180827748,4772000.0
1998-08-20,False,daily,74.06,76.0,74.06,75.5,2219100.0,21.56237120914361,22.127197028016667,21.56237120914361,21.981623363358665,4438200.0
1998-08-19,False,daily,76.44,76.56,75.5,75.94,1537100.0,22.25530185291571,22.290239532433635,21.981623363358665,22.109728188257705,3074200.0
1998-08-18,False,daily,76.5,76.63,75.44,76.19,1662100.0,22.272770692674673,22.310619845485753,21.964154523599703,22.18251502058671,3324200.0
1998-08-17,False,daily,74.63,76.5,74.38,76.44,2105600.0,21.728325186853734,22.272770692674673,21.655538354524733,22.25530185291571,4211200.0
1998-08-14,False,daily,75.88,76.44,74.69,75.0,1723900.0,22.092259348498747,22.25530185291571,21.745794026612696,21.83604969870066,3447800.0
1998-08-13,False,daily,75.06,76.63,75.06,75.75,1534500.0,21.78091548683683,22.236498184869518,21.78091548683683,21.98113972992126,3069000.0
1998-08-12,False,daily,72.31,76.0,72.13,76.0,2182100.0,20.982920315123515,22.053684745531562,20.9306879038841,22.053684745531562,4364200.0
1998-08-11,False,daily,72.31,74.31,72.13,74.0,2092500.0,20.982920315123515,21.563280440005926,20.9306879038841,21.47332462064915,4185000.0
1998-08-10,False,daily,75.25,76.06,74.19,74.38,1529800.0,21.83604969870066,22.071095549278034,21.52845883251298,21.58359304437681,3059600.0
1998-08-07,False,daily,74.75,76.25,74.13,75.94,1674700.0,21.690959667480055,22.12622976114186,21.511048028766506,22.036273941785087,3349400.0
1998-08-06,False,daily,74.31,75.94,74.06,75.5,1537800.0,21.563280440005926,22.036273941785087,21.490735424395623,21.908594714310958,3075600.0
1998-08-05,False,daily,73.56,75.19,73.0,74.94,2313000.0,21.345645393175023,21.818638894954184,21.183144558207946,21.746093879343885,4626000.0
1998-08-04,False,daily,76.25,76.69,73.31,73.5,2165000.0,22.12622976114186,22.253908988615994,21.27310037756472,21.32823458942855,4330000.0
1998-08-03,False,daily,77.19,77.38,75.63,75.63,1607600.0,22.398999019836594,22.45413323170042,21.946318122428313,21.946318122428313,3215200.0
1998-07-31,False,daily,79.38,79.38,76.5,77.25,1583500.0,23.034493356582832,23.034493356582832,22.198774776752163,22.416409823583066,3167000.0
1998-07-30,False,daily,78.75,79.38,78.31,79.38,2091500.0,22.851679917244873,23.034493356582832,22.724000689770744,23.034493356582832,4183000.0
1998-07-29,False,daily,77.63,78.88,77.38,78.44,2372900.0,22.526678247310723,22.88940332536223,22.45413323170042,22.761724097888102,4745800.0
1998-07-28,False,daily,77.56,78.25,75.88,77.19,3321400.0,22.50636564293984,22.706589886024272,22.018863138038615,22.398999019836594,6642800.0
1998-07-27,False,daily,75.81,77.44,75.63,77.0,2094900.0,21.998550533667732,22.471544035446897,21.946318122428313,22.343864807972768,4189800.0
1998-07-24,False,daily,75.25,76.75,74.31,76.56,2201200.0,21.83604969870066,22.271319792362466,21.563280440005926,22.216185580498635,4402400.0
1998-07-23,False,daily,76.94,78.19,74.75,75.0,1963100.0,22.326454004226292,22.6891790822778,21.690959667480055,21.763504683090357,3926200.0
1998-07-22,False,daily,76.25,78.31,75.94,77.63,2996600.0,22.12622976114186,22.724000689770744,22.036273941785087,22.526678247310723,5993200.0
1998-07-21,False,daily,76.88,77.13,75.69,76.25,2657600.0,22.30904320047982,22.381588216090123,21.963728926174788,22.12622976114186,5315200.0
1998-07-20,False,daily,77.75,78.38,76.31,77.13,2022100.0,22.56149985480367,22.744313294141627,22.143640564888337,22.381588216090123,4044200.0
1998-07-17,False,daily,77.25,77.88,76.69,77.56,1986300.0,22.416409823583066,22.599223262921026,22.253908988615994,22.50636564293984,3972600.0
1998-07-16,False,daily,76.19,77.38,75.56,77.38,2630300.0,22.10881895739539,22.45413323170042,21.926005518057433,22.45413323170042,5260600.0
1998-07-15,False,daily,77.44,77.44,75.81,75.88,3494100.0,22.471544035446897,22.471544035446897,21.998550533667732,22.018863138038615,6988200.0
1998-07-14,False,daily,72.38,74.63,72.31,74.25,3020700.0,21.003232919494398,21.65613805998711,20.982920315123515,21.545869636259454,6041400.0
1998-07-13,False,daily,71.88,71.94,70.81,71.81,2414300.0,20.858142888273797,20.87555369202027,20.54765022146171,20.837830283902914,4828600.0
1998-07-10,False,daily,72.5,72.75,71.06,71.88,2857100.0,21.038054526987345,21.110599542597647,20.62019523707201,20.858142888273797,5714200.0
1998-07-09,False,daily,73.0,73.25,72.13,72.44,2218500.0,21.183144558207946,21.25568957381825,20.9306879038841,21.020643723240873,4437000.0
1998-07-08,False,daily,74.5,74.56,72.25,73.06,3044000.0,21.618414651869756,21.635825455616228,20.965509511377043,21.20055536195442,6088000.0
1998-07-07,False,daily,72.19,74.94,72.19,74.56,2573100.0,20.94809870763057,21.746093879343885,20.94809870763057,21.635825455616228,5146200.0
1998-07-06,False,daily,72.0,73.0,71.5,72.38,2976300.0,20.89296449576674,21.183144558207946,20.74787446454614,21.003232919494398,5952600.0
1998-07-02,False,daily,74.0,74.56,73.38,73.69,1593000.0,21.47332462064915,21.635825455616228,21.293412981935603,21.383368801292377,3186000.0
1998-07-01,False,daily,73.75,73.75,72.5,73.25,2677700.0,21.40077960503885,21.40077960503885,21.038054526987345,21.25568957381825,5355400.0
1998-06-30,False,daily,75.06,75.38,73.69,74.0,4052100.0,21.78091548683683,21.873773106818014,21.383368801292377,21.47332462064915,8104200.0
1998-06-29,False,daily,77.38,77.88,76.56,77.0,1440300.0,22.45413323170042,22.599223262921026,22.216185580498635,22.343864807972768,2880600.0
1998-06-26,False,daily,77.0,77.63,76.38,76.94,1075900.0,22.343864807972768,22.526678247310723,22.16395316925922,22.326454004226292,2151800.0
1998-06-25,False,daily,77.69,77.69,76.69,76.94,1583800.0,22.544089051057195,22.544089051057195,22.253908988615994,22.326454004226292,3167600.0
1998-06-24,False,daily,76.44,77.88,75.88,77.75,2228800.0,22.18136397300569,22.599223262921026,22.018863138038615,22.56149985480367,4457600.0
1998-06-23,False,daily,74.81,76.5,74.81,76.38,2473300.0,21.70837047122653,22.198774776752163,21.70837047122653,22.16395316925922,4946600.0
1998-06-22,False,daily,75.44,75.69,74.75,74.75,1880300.0,21.891183910564486,21.963728926174788,21.690959667480055,21.690959667480055,3760600.0
1998-06-19,False,daily,75.19,75.69,74.81,75.63,3385600.0,21.818638894954184,21.963728926174788,21.70837047122653,21.946318122428313,6771200.0
1998-06-18,False,daily,74.44,75.0,74.06,74.88,1539300.0,21.60100384812328,21.763504683090357,21.490735424395623,21.72868307559741,3078600.0
1998-06-17,False,daily,73.5,74.25,73.19,74.25,2453800.0,21.32823458942855,21.545869636259454,21.238278770071776,21.545869636259454,4907600.0
1998-06-16,False,daily,72.38,73.19,70.56,73.0,2061600.0,21.003232919494398,21.238278770071776,20.47510520585141,21.183144558207946,4123200.0
1998-06-15,False,daily,72.31,73.0,71.38,71.38,1650400.0,20.982920315123515,21.183144558207946,20.713052857053196,20.713052857053196,3300800.0
1998-06-12,False,daily,73.0,73.25,71.81,73.0,1955000.0,21.183144558207946,21.25568957381825,20.837830283902914,21.183144558207946,3910000.0
1998-06-11,False,daily,73.25,73.44,72.31,72.88,1830500.0,21.25568957381825,21.310823785682075,20.982920315123515,21.148322950715002,3661000.0
1998-06-10,False,daily,72.19,73.94,72.12,72.81,3140000.0,20.94809870763057,21.45591381690268,20.927786103259688,21.12801034634412,6280000.0
1998-06-09,False,daily,71.06,72.25,70.69,72.06,2283100.0,20.62019523707201,20.965509511377043,20.512828613968765,20.910375299513216,4566200.0
1998-06-08,False,daily,71.5,71.69,70.31,70.75,1946400.0,20.74787446454614,20.80300867640997,20.402560190241108,20.530239417715237,3892800.0
1998-06-05,False,daily,69.94,71.5,69.38,71.5,1981700.0,20.29519356713786,20.74787446454614,20.132692732170785,20.74787446454614,3963400.0
1998-06-04,False,daily,67.88,70.13,67.06,69.38,2049100.0,19.69742263850898,20.350327779001688,19.459474987307193,20.132692732170785,4098200.0
1998-06-03,False,daily,68.63,69.06,67.31,67.75,1956200.0,19.91505768533988,20.0398351121896,19.53202000291749,19.659699230391624,3912400.0
1998-06-02,False,daily,69.44,69.81,68.25,68.44,2094700.0,20.150103535917257,20.257470159020503,19.804789261612225,19.85992347347605,4189400.0
1998-06-01,False,daily,69.88,70.63,68.0,68.94,2103100.0,20.277782763391386,20.49541781022229,19.732244246001923,20.005013504696656,4206200.0
1998-05-29,False,daily,70.63,70.69,69.06,69.06,1710100.0,20.49541781022229,20.512828613968765,20.0398351121896,20.0398351121896,3420200.0
1998-05-28,False,daily,69.69,70.5,69.56,70.0,2020000.0,20.22264855152756,20.457694402104934,20.184925143410204,20.312604370884333,4040000.0
1998-05-27,False,daily,69.0,69.63,68.13,69.44,2515800.0,20.022424308443128,20.205237747781087,19.769967654119277,20.150103535917257,5031600.0
1998-05-26,False,daily,71.19,71.25,69.63,69.88,1782900.0,20.657918645189365,20.675329448935837,20.205237747781087,20.277782763391386,3565800.0
1998-05-22,False,daily,70.94,71.44,70.13,70.5,1258400.0,20.585373629579063,20.730463660799668,20.350327779001688,20.457694402104934,2516800.0
1998-05-21,False,daily,71.56,72.0,70.56,70.94,2066300.0,20.76528526829261,20.89296449576674,20.47510520585141,20.585373629579063,4132600.0
1998-05-20,False,daily,70.94,71.31,69.69,71.19,1987500.0,20.585373629579063,20.692740252682313,20.22264855152756,20.657918645189365,3975000.0
1998-05-19,False,daily,71.0,71.88,70.06,70.69,1434100.0,20.60278443332554,20.858142888273797,20.330015174630805,20.512828613968765,2868200.0
1998-05-18,False,daily,71.25,71.88,70.13,71.0,1308600.0,20.675329448935837,20.858142888273797,20.350327779001688,20.60278443332554,2617200.0
1998-05-15,False,daily,71.88,72.19,70.38,70.38,1660500.0,20.858142888273797,20.94809870763057,20.42287279461199,20.42287279461199,3321000.0
1998-05-14,False,daily,72.19,72.69,71.5,72.19,1725600.0,20.873951395200898,21.018527869748624,20.674435860325033,20.873951395200898,3451200.0
1998-05-13,False,daily,71.44,72.5,71.25,72.44,1658200.0,20.657086683379305,20.96358880942049,20.60214762305117,20.94623963247476,3316400.0
1998-05-12,False,daily,70.06,71.19,69.94,70.88,1440300.0,20.25805561362758,20.58479844610544,20.223357259736122,20.49516103188585,2880600.0
1998-05-11,False,daily,71.75,72.38,69.81,70.13,2059300.0,20.746724097598896,20.928890455529032,20.185767376353716,20.27829632006426,4118600.0
1998-05-08,False,daily,69.69,71.44,69.69,71.13,1748600.0,20.15106902246226,20.657086683379305,20.15106902246226,20.567449269159713,3497200.0
1998-05-07,False,daily,69.31,70.19,69.13,69.56,1841500.0,20.04119090180599,20.29564549700999,19.989143370968804,20.113479139079853,3683000.0
1998-05-06,False,daily,70.88,70.88,69.25,69.31,1506400.0,20.49516103188585,20.49516103188585,20.02384172486026,20.04119090180599,3012800.0
1998-05-05,False,daily,70.75,70.94,70.0,70.38,1367300.0,20.457571148503444,20.51251020883158,20.24070643668185,20.350584557338124,2734600.0
1998-05-04,False,daily,70.44,71.5,70.44,70.75,1461700.0,20.367933734283852,20.674435860325033,20.367933734283852,20.457571148503444,2923400.0
1998-05-01,False,daily,72.5,72.5,70.13,70.19,2020100.0,20.96358880942049,20.96358880942049,20.27829632006426,20.29564549700999,4040200.0
1998-04-30,False,daily,69.88,72.0,69.63,71.5,2554800.0,20.206008082790397,20.819012334872763,20.13371984551653,20.674435860325033,5109600.0
1998-04-29,False,daily,69.75,69.94,68.75,69.19,1996100.0,20.168418199407988,20.223357259736122,19.879265250312532,20.006492547914533,3992200.0
1998-04-28,False,daily,69.75,69.88,68.06,69.0,2419100.0,20.168418199407988,20.206008082790397,19.67974971543667,19.9515534875864,4838200.0
1998-04-27,False,daily,69.88,70.44,68.31,69.38,2637200.0,20.206008082790397,20.367933734283852,19.752037952710534,20.061431608242668,5274400.0
1998-04-24,False,daily,70.81,71.06,69.94,70.63,2079900.0,20.474920325449173,20.547208562723036,20.223357259736122,20.422872794611987,4159800.0
1998-04-23,False,daily,70.25,71.88,70.13,70.88,2182100.0,20.312994673955714,20.784313980981306,20.27829632006426,20.49516103188585,4364200.0
1998-04-22,False,daily,70.63,71.5,70.5,71.38,1924800.0,20.422872794611987,20.674435860325033,20.38528291122958,20.63973750643358,3849600.0
1998-04-21,False,daily,70.13,72.06,70.06,70.75,2967900.0,20.27829632006426,20.836361511818488,20.25805561362758,20.457571148503444,5935800.0
1998-04-20,False,daily,72.31,72.31,70.88,71.38,2332700.0,20.908649749092355,20.908649749092355,20.49516103188585,20.63973750643358,4665400.0
1998-04-17,False,daily,70.44,72.75,70.25,72.56,2999600.0,20.367933734283852,21.035877046694353,20.312994673955714,20.980937986366218,5999200.0
1998-04-16,False,daily,70.75,70.88,69.81,70.0,4262500.0,20.457571148503444,20.49516103188585,20.185767376353716,20.24070643668185,8525000.0
1998-04-15,False,daily,72.38,72.44,70.44,71.56,3455600.0,20.928890455529032,20.94623963247476,20.367933734283852,20.691785037270762,6911200.0
1998-04-14,False,daily,73.75,73.75,72.13,72.56,2105200.0,21.32502999578981,21.32502999578981,20.85660221825517,20.980937986366218,4210400.0
1998-04-13,False,daily,74.31,74.31,72.88,73.75,1422900.0,21.486955647283263,21.486955647283263,21.073466930076762,21.32502999578981,2845800.0
1998-04-09,False,daily,74.5,74.94,73.88,74.44,1172400.0,21.541894707611398,21.6691220052134,21.362619879172215,21.524545530665673,2344800.0
1998-04-08,False,daily,75.5,75.56,73.5,73.69,1723700.0,21.831047656706854,21.848396833652583,21.252741758515945,21.30768081884408,3447400.0
1998-04-07,False,daily,75.75,75.81,74.63,75.25,1844400.0,21.903335893980717,21.920685070926446,21.579484590993808,21.75875941943299,3688800.0
1998-04-06,False,daily,77.5,77.5,75.69,76.19,2071700.0,22.409353554897763,22.409353554897763,21.88598671703499,22.03056319158272,4143400.0
1998-04-03,False,daily,76.5,77.5,75.56,77.0,2750800.0,22.12020060580231,22.409353554897763,21.848396833652583,22.264777080350036,5501600.0
1998-04-02,False,daily,74.44,76.38,74.31,76.25,3521600.0,21.524545530665673,22.085502251910853,21.486955647283263,22.047912368528447,7043200.0
1998-04-01,False,daily,73.31,73.5,72.31,73.38,2332900.0,21.197802698187807,21.252741758515945,20.908649749092355,21.21804340462449,4665800.0
1998-03-31,False,daily,72.88,73.75,72.44,73.44,1966000.0,21.073466930076762,21.32502999578981,20.94623963247476,21.235392581570217,3932000.0
1998-03-30,False,daily,71.75,72.63,71.56,71.69,1702100.0,20.746724097598896,21.001178692802895,20.691785037270762,20.72937492065317,3404200.0
1998-03-27,False,daily,73.81,73.81,71.19,71.5,2021400.0,21.342379172735537,21.342379172735537,20.58479844610544,20.674435860325033,4042800.0
1998-03-26,False,daily,73.06,73.44,72.69,72.69,1593000.0,21.125514460913944,21.235392581570217,21.018527869748624,21.018527869748624,3186000.0
1998-03-25,False,daily,74.0,74.13,71.06,73.19,2668900.0,21.39731823306367,21.43490811644608,20.547208562723036,21.163104344296354,5337800.0
1998-03-24,False,daily,74.38,74.63,73.69,73.88,1718900.0,21.507196353719944,21.579484590993808,21.30768081884408,21.362619879172215,3437800.0
1998-03-23,False,daily,75.06,75.13,74.13,74.19,2043000.0,21.703820359104856,21.724061065541534,21.43490811644608,21.452257293391806,4086000.0
1998-03-20,False,daily,75.06,75.75,74.38,75.75,2716500.0,21.703820359104856,21.903335893980717,21.507196353719944,21.903335893980717,5433000.0
1998-03-19,False,daily,74.56,74.81,73.94,74.5,1504200.0,21.559243884557127,21.63153212183099,21.379969056117943,21.541894707611398,3008400.0
1998-03-18,False,daily,75.63,75.63,74.44,74.81,1764200.0,21.868637540089264,21.868637540089264,21.524545530665673,21.63153212183099,3528400.0
1998-03-17,False,daily,75.06,75.31,74.63,75.06,1453700.0,21.703820359104856,21.77610859637872,21.579484590993808,21.703820359104856,2907400.0
1998-03-16,False,daily,75.25,75.5,74.5,74.88,1893100.0,21.75875941943299,21.831047656706854,21.541894707611398,21.65177282826767,3786200.0
1998-03-13,False,daily,76.0,76.44,74.88,75.13,1648500.0,21.97562413125458,22.10285142885658,21.65177282826767,21.724061065541534,3297000.0
1998-03-12,False,daily,75.81,76.0,75.56,76.0,1383300.0,21.920685070926446,21.97562413125458,21.848396833652583,21.97562413125458,2766600.0
1998-03-11,False,daily,75.25,76.0,75.13,75.94,1855300.0,21.75875941943299,21.97562413125458,21.724061065541534,21.958274954308855,3710600.0
1998-03-10,False,daily,74.56,75.31,74.56,75.0,1804900.0,21.559243884557127,21.77610859637872,21.559243884557127,21.686471182159128,3609800.0
1998-03-09,False,daily,74.0,74.44,73.63,74.19,1681900.0,21.39731823306367,21.524545530665673,21.29033164189835,21.452257293391806,3363800.0
1998-03-06,False,daily,72.38,74.0,72.25,73.88,2288000.0,20.928890455529032,21.39731823306367,20.891300572146626,21.362619879172215,4576000.0
1998-03-05,False,daily,73.0,73.25,71.75,72.25,2319400.0,21.108165283968216,21.180453521242082,20.746724097598896,20.891300572146626,4638800.0
1998-03-04,False,daily,74.06,74.19,72.31,73.31,1911300.0,21.4146674100094,21.452257293391806,20.908649749092355,21.197802698187807,3822600.0
1998-03-03,False,daily,74.88,75.25,74.19,74.5,2170400.0,21.65177282826767,21.75875941943299,21.452257293391806,21.541894707611398,4340800.0
1998-03-02,False,daily,75.19,75.56,74.5,74.75,1589500.0,21.741410242487262,21.848396833652583,21.541894707611398,21.614182944885265,3179000.0
1998-02-27,False,daily,74.5,75.5,74.44,75.38,2307700.0,21.541894707611398,21.831047656706854,21.524545530665673,21.796349302815397,4615400.0
1998-02-26,False,daily,74.94,75.25,73.94,74.38,2402500.0,21.6691220052134,21.75875941943299,21.379969056117943,21.507196353719944,4805000.0
1998-02-25,False,daily,73.63,74.69,73.56,74.25,2565500.0,21.29033164189835,21.596833767939536,21.270090935461674,21.469606470337535,5131000.0
1998-02-24,False,daily,71.63,73.75,71.13,73.13,3583900.0,20.712025743707443,21.32502999578981,20.567449269159713,21.145755167350625,7167800.0
1998-02-23,False,daily,70.5,72.19,70.0,72.0,2795500.0,20.38528291122958,20.873951395200898,20.24070643668185,20.819012334872763,5591000.0
1998-02-20,False,daily,70.56,70.56,68.88,70.06,2363900.0,20.402632088175306,20.402632088175306,19.91685513369494,20.25805561362758,4727800.0
1998-02-19,False,daily,70.5,70.56,69.88,70.56,1831900.0,20.38528291122958,20.402632088175306,20.206008082790397,20.402632088175306,3663800.0
1998-02-18,False,daily,69.75,70.5,69.69,70.5,2361500.0,20.168418199407988,20.38528291122958,20.15106902246226,20.38528291122958,4723000.0
1998-02-17,False,daily,69.5,69.75,68.75,69.5,2123400.0,20.096129962134125,20.168418199407988,19.879265250312532,20.096129962134125,4246800.0
1998-02-13,False,daily,68.06,69.31,68.06,69.06,1659200.0,19.67974971543667,20.04119090180599,19.67974971543667,19.968902664532123,3318400.0
1998-02-12,False,daily,69.19,69.69,68.5,69.56,1769700.0,20.006492547914533,20.15106902246226,19.80697701303867,20.113479139079853,3539400.0
1998-02-11,False,daily,69.88,69.94,69.19,69.19,1481900.0,20.14230327083548,20.15959774988886,19.943416761721622,19.943416761721622,2963800.0
1998-02-10,False,daily,68.94,70.0,68.94,69.75,1801700.0,19.871356432332544,20.17689222894224,19.871356432332544,20.10483189955316,3603400.0
1998-02-09,False,daily,69.81,69.81,68.44,68.88,1971200.0,20.12212637860654,20.12212637860654,19.727235773554384,19.854061953279164,3942400.0
1998-02-06,False,daily,69.31,69.88,69.13,69.75,1738700.0,19.97800571982838,20.14230327083548,19.926122282668242,20.10483189955316,3477400.0
1998-02-05,False,daily,69.19,69.44,68.25,68.88,1832700.0,19.943416761721622,20.0154770911107,19.672469923218685,19.854061953279164,3665400.0
1998-02-04,False,daily,69.25,69.25,68.5,68.63,2102300.0,19.960711240775,19.960711240775,19.744530252607763,19.782001623890082,4204600.0
1998-02-03,False,daily,68.81,69.5,68.31,69.5,2367400.0,19.83388506105022,20.03277157016408,19.689764402272065,20.03277157016408,4734800.0
1998-02-02,False,daily,68.5,69.19,68.5,68.81,2336900.0,19.744530252607763,19.943416761721622,19.744530252607763,19.83388506105022,4673800.0
1998-01-30,False,daily,66.94,67.56,66.38,66.94,1982700.0,19.294873797219907,19.473583414104827,19.133458659388367,19.294873797219907,3965400.0
1998-01-29,False,daily,66.63,67.25,66.13,66.88,2473900.0,19.20551898877745,19.384228605662365,19.06139832999929,19.277579318166527,4947800.0
1998-01-28,False,daily,67.81,68.19,66.69,66.88,2248000.0,19.545643743493905,19.655175444165305,19.22281346783083,19.277579318166527,4496000.0
1998-01-27,False,daily,67.13,68.5,67.06,67.44,2239700.0,19.349639647555605,19.744530252607763,19.329462755326666,19.438994455998067,4479400.0
1998-01-26,False,daily,66.94,67.94,66.75,67.19,1447400.0,19.294873797219907,19.583115114776223,19.24010794688421,19.366934126608985,2894800.0
1998-01-23,False,daily,67.19,67.5,66.63,66.88,1747800.0,19.366934126608985,19.456288935051447,19.20551898877745,19.277579318166527,3495600.0
1998-01-22,False,daily,67.5,68.0,66.69,67.25,2205600.0,19.456288935051447,19.600409593829603,19.22281346783083,19.384228605662365,4411200.0
1998-01-21,False,daily,68.69,68.81,67.06,68.13,2802800.0,19.79929610294346,19.83388506105022,19.329462755326666,19.637880965111925,5605600.0
1998-01-20,False,daily,67.94,69.44,67.06,69.31,3004200.0,19.583115114776223,20.0154770911107,19.329462755326666,19.97800571982838,6008400.0
1998-01-16,False,daily,66.06,68.5,66.0,67.75,3671200.0,19.04122143777035,19.744530252607763,19.02392695871697,19.528349264440525,7342400.0
1998-01-15,False,daily,66.13,66.38,65.5,65.69,2231600.0,19.06139832999929,19.133458659388367,18.87980629993881,18.93457215027451,4463200.0
1998-01-14,False,daily,66.25,66.81,65.94,66.5,2493500.0,19.09598728810605,19.257402425937588,19.00663247966359,19.168047617495127,4987000.0
1998-01-13,False,daily,66.0,66.69,65.69,66.38,3147300.0,19.02392695871697,19.22281346783083,18.93457215027451,19.133458659388367,6294600.0
1998-01-12,False,daily,63.56,66.19,63.5,65.94,3863400.0,18.320618143879553,19.07869280905267,18.303323664826173,19.00663247966359,7726800.0
1998-01-09,False,daily,65.0,65.94,64.19,64.63,3459600.0,18.73568564116065,19.00663247966359,18.502210173940032,18.629036353664812,6919200.0
1998-01-08,False,daily,64.94,65.81,64.56,65.38,3043900.0,18.71839116210727,18.969161108381268,18.608859461435873,18.84521734183205,6087800.0
1998-01-07,False,daily,63.5,64.63,63.5,64.63,1884100.0,18.303323664826173,18.629036353664812,18.303323664826173,18.629036353664812,3768200.0
1998-01-06,False,daily,64.63,64.69,63.38,64.0,2485700.0,18.629036353664812,18.646330832718192,18.268734706719417,18.447444323604334,4971400.0
1998-01-05,False,daily,65.31,65.44,64.44,65.0,2654100.0,18.82504044960311,18.86251182088543,18.574270503329114,18.73568564116065,5308200.0
1998-01-02,False,daily,65.06,65.19,64.63,65.06,2328200.0,18.75298012021403,18.790451491496352,18.629036353664812,18.75298012021403,4656400.0
1999-12-31,False,daily,93.5,94.38,93.13,93.25,685600.0,27.61922768263573,27.87917335494289,27.509932343142946,27.54537948027574,1371200.0
1999-12-30,False,daily,93.0,94.5,93.0,93.5,1223900.0,27.47153127791575,27.914620492075684,27.47153127791575,27.61922768263573,2447800.0
1999-12-29,False,daily,96.19,96.19,92.25,92.44,1558000.0,28.413834340029208,28.413834340029208,27.24998667083579,27.30611130462938,3116000.0
1999-12-28,False,daily,97.75,97.75,94.38,95.44,1706700.0,28.874647122755537,28.874647122755537,27.87917335494289,28.19228973294924,3413400.0
1999-12-27,False,daily,95.44,97.75,94.75,97.75,2081200.0,28.19228973294924,28.874647122755537,27.988468694435674,28.874647122755537,4162400.0
1999-12-23,False,daily,92.63,95.88,92.0,95.56,2903600.0,27.36223593842297,28.32226256910282,27.1761384684758,28.227736870082037,5807200.0
1999-12-22,False,daily,90.88,92.75,90.81,91.56,2891200.0,26.845298521903047,27.397683075555765,26.824621025242255,27.046165632322218,5782400.0
1999-12-21,False,daily,91.63,91.69,90.13,91.0,2905800.0,27.066843128983013,27.084566697549413,26.623753914823084,26.880745659035846,5811600.0
1999-12-20,False,daily,93.94,94.0,90.44,91.98,3185500.0,27.74920051878931,27.766924087355708,26.71532568574947,27.170230612287,6371000.0
1999-12-17,False,daily,95.06,95.44,92.38,94.88,7296000.0,28.08004046536206,28.19228973294924,27.28838773606298,28.026869759662866,14592000.0
1999-12-16,False,daily,95.69,95.75,93.44,94.63,3238500.0,28.266137935309228,28.283861503875627,27.601504114069332,27.953021557302876,6477000.0
1999-12-15,False,daily,94.13,95.19,93.5,94.67,3021700.0,27.8053251525829,28.11844153058925,27.61922768263573,27.964837269680476,6043400.0
1999-12-14,False,daily,92.25,95.69,92.0,94.19,2887200.0,27.24998667083579,28.266137935309228,27.1761384684758,27.8230487211493,5774400.0
1999-12-13,False,daily,94.63,94.81,92.06,93.18,2713700.0,27.953021557302876,28.00619226300207,27.193862037042198,27.524701983614946,5427400.0
1999-12-10,False,daily,95.0,95.13,93.25,94.38,2925000.0,28.06231689679566,28.100717962022856,27.54537948027574,27.87917335494289,5850000.0
1999-12-09,False,daily,92.0,94.63,91.75,93.25,4335900.0,27.1761384684758,27.953021557302876,27.10229026611581,27.54537948027574,8671800.0
1999-12-08,False,daily,92.81,93.31,90.25,91.21,4971000.0,27.41540664412216,27.563103048842137,26.65920105195588,26.94277814901823,9942000.0
1999-12-07,False,daily,96.94,97.19,93.06,93.38,5460000.0,28.63537894710917,28.70922714946916,27.48925484648215,27.583780545502933,10920000.0
1999-12-06,False,daily,96.0,97.94,95.56,96.81,3373000.0,28.357709706235617,28.930771756549127,28.227736870082037,28.59697788188198,6746000.0
1999-12-03,False,daily,99.0,99.44,96.13,97.25,6360500.0,29.24388813455548,29.373860970709057,28.39611077146281,28.726950718035557,12721000.0
1999-12-02,False,daily,101.2,101.3,99.0,100.1,3267000.0,29.89375231532338,29.923291596267372,29.24388813455548,29.568820224939426,6534000.0
1999-12-01,False,daily,103.3,103.4,101.1,102.5,2292600.0,30.51407721514728,30.54361649609128,29.864213034379382,30.27776296759532,4585200.0
1999-11-30,False,daily,104.3,104.7,103.6,103.8,1730500.0,30.809470024587235,30.927627148363218,30.60269505797927,30.661773619867258,3461000.0
1999-11-29,False,daily,103.0,105.3,101.8,105.1,2038400.0,30.425459372315295,31.10486283402719,30.07098800098735,31.045784272139198,4076800.0
1999-11-26,False,daily,105.0,105.1,103.2,103.2,671200.0,31.016244991195205,31.045784272139198,30.48453793420329,30.48453793420329,1342400.0
1999-11-24,False,daily,103.6,104.9,103.6,104.8,1801200.0,30.60269505797927,30.98670571025121,30.60269505797927,30.957166429307215,3602400.0
1999-11-23,False,daily,104.9,104.9,103.5,104.0,2105600.0,30.98670571025121,30.98670571025121,30.57315577703527,30.72085218175525,4211200.0
1999-11-22,False,daily,105.1,105.8,104.4,105.3,1644500.0,31.045784272139198,31.252559238747168,30.839009305531235,31.10486283402719,3289000.0
1999-11-19,False,daily,104.4,105.2,103.8,105.2,1531500.0,30.839009305531235,31.075323553083198,30.661773619867258,31.075323553083198,3063000.0
1999-11-18,False,daily,104.9,105.0,103.6,104.4,1733200.0,30.98670571025121,31.016244991195205,30.60269505797927,30.839009305531235,3466400.0
1999-11-17,False,daily,105.9,106.9,105.4,105.6,2457200.0,31.282098519691164,31.57749132913112,31.134402114971188,31.193480676859174,4914400.0
1999-11-16,False,daily,104.3,106.1,104.1,106.1,2940000.0,30.809470024587235,31.341177081579154,30.750391462699245,31.341177081579154,5880000.0
1999-11-15,False,daily,103.8,103.9,102.6,103.5,1611500.0,30.661773619867258,30.691312900811255,30.30730224853931,30.57315577703527,3223000.0
1999-11-12,False,daily,104.0,104.3,102.3,103.8,1496700.0,30.72085218175525,30.809470024587235,30.21868440570733,30.661773619867258,2993400.0
1999-11-11,False,daily,103.1,104.0,102.9,103.8,1388400.0,30.37306745011832,30.638205769275512,30.314147823638947,30.579286142796136,2776800.0
1999-11-10,False,daily,102.5,103.5,102.3,103.0,2689100.0,30.19630857068019,30.490906703077073,30.137388944200815,30.343607636878634,5378200.0
1999-11-09,False,daily,105.4,105.4,103.3,103.6,2106400.0,31.050643154631146,31.050643154631146,30.431987076597697,30.52036651631676,4212800.0
1999-11-08,False,daily,105.6,105.9,103.9,104.4,2241800.0,31.10956278111052,31.197942220829585,30.608745956035825,30.756045022234268,4483600.0
1999-11-05,False,daily,106.0,106.7,105.3,105.5,3442600.0,31.22740203406927,31.43362072674709,31.021183341391456,31.080102967870832,6885200.0
1999-11-04,False,daily,105.0,106.0,104.9,105.3,3183100.0,30.932803901672393,31.22740203406927,30.903344088432707,31.021183341391456,6366200.0
1999-11-03,False,daily,104.0,105.1,103.5,104.3,2498800.0,30.638205769275512,30.96226371491208,30.490906703077073,30.726585208994575,4997600.0
1999-11-02,False,daily,105.1,106.1,102.3,102.5,3691300.0,30.96226371491208,31.256861847308958,30.137388944200815,30.19630857068019,7382600.0
1999-11-01,False,daily,105.3,106.7,105.0,105.1,2852100.0,31.021183341391456,31.43362072674709,30.932803901672393,30.96226371491208,5704200.0
1999-10-29,False,daily,104.9,106.4,104.5,104.8,3082800.0,30.903344088432707,31.345241287028028,30.785504835473954,30.873884275193017,6165600.0
1999-10-28,False,daily,105.3,106.0,104.0,104.0,3563400.0,31.021183341391456,31.22740203406927,30.638205769275512,30.638205769275512,7126800.0
1999-10-27,False,daily,105.2,105.2,103.3,104.3,2365800.0,30.99172352815177,30.99172352815177,30.431987076597697,30.726585208994575,4731600.0
1999-10-26,False,daily,104.9,106.1,104.5,105.3,3540200.0,30.903344088432707,31.256861847308958,30.785504835473954,31.021183341391456,7080400.0
1999-10-25,False,daily,104.0,105.4,103.0,105.3,2348800.0,30.638205769275512,31.050643154631146,30.343607636878634,31.021183341391456,4697600.0
1999-10-22,False,daily,105.0,105.5,104.1,104.8,2584400.0,30.932803901672393,31.080102967870832,30.6676655825152,30.873884275193017,5168800.0
1999-10-21,False,daily,102.5,105.6,101.7,104.8,4900400.0,30.19630857068019,31.10956278111052,29.96063006476269,30.873884275193017,9800800.0
1999-10-20,False,daily,100.0,102.8,99.5,102.5,4574100.0,29.459813239687993,30.284688010399258,29.312514173489554,30.19630857068019,9148200.0
1999-10-19,False,daily,97.44,100.0,97.06,99.75,4046800.0,28.70564202075198,29.459813239687993,28.593694730441168,29.38616370658877,8093600.0
1999-10-18,False,daily,93.81,94.88,93.0,94.5,2451300.0,27.636250800151306,27.951470801815965,27.397626312909832,27.839523511505153,4902600.0
1999-10-15,False,daily,94.5,94.69,93.0,93.31,2321400.0,27.839523511505153,27.89549715666056,27.397626312909832,27.488951733952867,4642800.0
1999-10-14,False,daily,95.06,96.38,94.0,94.63,2296800.0,28.00449846564741,28.393368000411286,27.692224445306714,27.877821268716747,4593600.0
1999-10-13,False,daily,96.81,97.56,95.0,95.31,2553900.0,28.520045197341947,28.740993796639607,27.98682257770359,28.078147998746626,5107800.0
1999-10-12,False,daily,98.19,98.19,96.44,96.75,2307100.0,28.92659062004964,28.92659062004964,28.4110438883551,28.502369309398134,4614200.0
1999-10-11,False,daily,98.5,99.38,98.06,98.38,2056000.0,29.017916041092672,29.277162397601927,28.888292862838046,28.982564265205045,4112000.0
1999-10-08,False,daily,95.31,99.0,94.81,98.75,4034200.0,28.078147998746626,29.165215107291115,27.930848932548187,29.091565574191893,8068400.0
1999-10-07,False,daily,95.06,95.38,94.19,94.25,2363900.0,28.00449846564741,28.098769868014408,27.74819809046212,27.765873978405935,4727800.0
1999-10-06,False,daily,94.13,95.94,94.06,94.75,3463700.0,27.730522202518305,28.26374482215666,27.709900333250527,27.913173044604374,6927400.0
1999-10-05,False,daily,94.56,94.94,92.88,94.19,3014100.0,27.857199399448966,27.96914668975978,27.362274537022206,27.74819809046212,6028200.0
1999-10-04,False,daily,94.44,95.0,94.06,94.5,2102200.0,27.82184762356134,27.98682257770359,27.709900333250527,27.839523511505153,4204400.0
1999-10-01,False,daily,92.13,94.19,92.13,94.0,3321100.0,27.141325937724545,27.74819809046212,27.141325937724545,27.692224445306714,6642200.0
1999-09-30,False,daily,91.88,93.25,91.81,91.88,3149900.0,27.067676404625328,27.471275846009053,27.047054535357546,27.067676404625328,6299800.0
1999-09-29,False,daily,92.0,93.25,91.56,91.69,2352700.0,27.103028180512954,27.471275846009053,26.97340500225833,27.01170275946992,4705400.0
1999-09-28,False,daily,91.88,92.19,90.06,91.5,2718600.0,27.067676404625328,27.15900182566836,26.531507803663008,26.955729114314515,5437200.0
1999-09-27,False,daily,91.25,92.69,91.06,92.0,2955700.0,26.882079581215294,27.3063008918668,26.826105936059886,27.103028180512954,5911400.0
1999-09-24,False,daily,91.06,91.5,90.0,90.0,3274800.0,26.826105936059886,26.955729114314515,26.513831915719194,26.513831915719194,6549600.0
1999-09-23,False,daily,93.75,93.75,91.13,91.13,3220500.0,27.618574912207492,27.618574912207492,26.846727805327667,26.846727805327667,6441000.0
1999-09-22,False,daily,94.38,94.38,93.06,93.25,3047900.0,27.804171735617526,27.804171735617526,27.415302200853645,27.471275846009053,6095800.0
1999-09-21,False,daily,96.0,96.06,93.88,94.0,2676300.0,28.281420710100473,28.299096598044287,27.656872669419087,27.692224445306714,5352600.0
1999-09-20,False,daily,96.63,97.06,96.44,96.5,1665100.0,28.467017533510507,28.593694730441168,28.4110438883551,28.428719776298912,3330200.0
1999-09-17,False,daily,96.69,96.69,96.0,96.06,3094300.0,28.48469342145432,28.48469342145432,28.281420710100473,28.299096598044287,6188600.0
1999-09-16,False,daily,97.0,97.31,95.25,95.75,2541300.0,28.576018842497355,28.667344263540386,28.060472110802813,28.207771177001252,5082600.0
1999-09-15,False,daily,98.94,99.25,97.13,97.19,2240100.0,29.1475392193473,29.238864640390332,28.614316599708946,28.63199248765276,4480200.0
1999-09-14,False,daily,98.81,99.13,97.69,97.94,1798200.0,29.109241462135707,29.203512864502706,28.7792915538512,28.85294108695042,3596400.0
1999-09-13,False,daily,99.0,100.3,99.0,99.31,1550800.0,29.165215107291115,29.548192679407055,29.165215107291115,29.256540528334146,3101600.0
1999-09-10,False,daily,101.1,101.3,99.5,99.5,1583800.0,29.78387118532456,29.842790811803937,29.312514173489554,29.312514173489554,3167600.0
1999-09-09,False,daily,99.88,101.3,99.63,100.8,2240100.0,29.424461463800366,29.842790811803937,29.350811930701145,29.695491745605498,4480200.0
1999-09-08,False,daily,100.9,101.7,100.1,100.5,1898200.0,29.724951558845188,29.96063006476269,29.48927305292768,29.60711230588643,3796400.0
1999-09-07,False,daily,101.6,102.6,101.4,101.8,2298600.0,29.931170251523,30.225768383919878,29.872250625043627,29.990089878002376,4597200.0
1999-09-03,False,daily,100.5,102.4,100.5,101.4,2280400.0,29.60711230588643,30.166848757440505,29.60711230588643,29.872250625043627,4560800.0
1999-09-02,False,daily,99.88,100.3,99.56,100.0,2482700.0,29.424461463800366,29.548192679407055,29.330190061433367,29.459813239687993,4965400.0
1999-09-01,False,daily,102.3,102.4,100.9,101.5,1850000.0,30.137388944200815,30.166848757440505,29.724951558845188,29.901710438283313,3700000.0
1999-08-31,False,daily,102.7,104.4,102.1,102.3,2287700.0,30.25522819715957,30.756045022234268,30.07846931772144,30.137388944200815,4575400.0
1999-08-30,False,daily,102.3,102.9,101.4,102.4,1870700.0,30.137388944200815,30.314147823638947,29.872250625043627,30.166848757440505,3741400.0
1999-08-27,False,daily,103.5,103.9,102.1,102.2,2311500.0,30.490906703077073,30.608745956035825,30.07846931772144,30.10792913096113,4623000.0
1999-08-26,False,daily,105.4,105.4,103.6,104.4,2230300.0,31.050643154631146,31.050643154631146,30.52036651631676,30.756045022234268,4460600.0
1999-08-25,False,daily,102.9,105.9,102.9,105.8,2989500.0,30.314147823638947,31.197942220829585,30.314147823638947,31.168482407589895,5979000.0
1999-08-24,False,daily,101.2,103.4,100.7,103.2,3056500.0,29.81333099856425,30.461446889837386,29.66603193236581,30.40252726335801,6113000.0
1999-08-23,False,daily,99.5,101.4,99.44,101.3,3757800.0,29.312514173489554,29.872250625043627,29.29483828554574,29.842790811803937,7515600.0
1999-08-20,False,daily,95.81,99.13,95.69,98.63,2818300.0,28.225447064945065,29.203512864502706,28.19009528905744,29.056213798304267,5636600.0
1999-08-19,False,daily,96.0,96.0,94.63,95.81,2272000.0,28.281420710100473,28.281420710100473,27.877821268716747,28.225447064945065,4544000.0
1999-08-18,False,daily,98.06,98.31,96.19,96.19,2199300.0,28.888292862838046,28.961942395937267,28.33739435525588,28.33739435525588,4398600.0
1999-08-17,False,daily,98.0,98.44,97.25,98.31,2117200.0,28.870616974894233,29.00024015314886,28.649668375596573,28.961942395937267,4234400.0
1999-08-16,False,daily,96.94,97.56,96.13,97.56,2395400.0,28.558342954553538,28.740993796639607,28.319718467312068,28.740993796639607,4790800.0
1999-08-13,False,daily,95.63,97.31,95.44,97.31,2903500.0,28.172419401113626,28.667344263540386,28.11644575595822,28.667344263540386,5807000.0
1999-08-12,False,daily,92.44,95.06,92.38,94.75,2724900.0,27.154516894371078,27.924149458880514,27.13689172113804,27.833086063843137,5449800.0
1999-08-11,False,daily,92.25,93.31,92.13,92.5,2082500.0,27.098703845799783,27.410081906250166,27.0634534993337,27.17214206760412,4165000.0
1999-08-10,False,daily,94.0,94.0,91.19,92.25,2483300.0,27.612771398430134,27.612771398430134,26.787325785349402,27.098703845799783,4966600.0
1999-08-09,False,daily,92.06,93.44,92.06,93.06,1826400.0,27.04289079722849,27.44826978158842,27.04289079722849,27.336643684445832,3652800.0
1999-08-06,False,daily,90.5,92.94,90.31,91.94,1774500.0,26.584636293169435,27.30139333797975,26.52882324459814,27.007640450762405,3549000.0
1999-08-05,False,daily,91.81,91.88,90.56,90.81,1732300.0,26.969452575424153,26.990015277529366,26.602261466402478,26.675699688206812,3464600.0
1999-08-04,False,daily,93.94,94.0,91.75,92.0,2307700.0,27.59514622519709,27.612771398430134,26.951827402191114,27.02526562399545,4615400.0
1999-08-03,False,daily,93.88,95.0,93.06,94.19,2022600.0,27.577521051964048,27.906524285647475,27.336643684445832,27.668584447001425,4045200.0
1999-08-02,False,daily,91.94,92.94,91.5,91.94,1779900.0,27.007640450762405,27.30139333797975,26.878389180386776,27.007640450762405,3559800.0
1999-07-30,False,daily,93.31,93.38,91.06,91.06,1740900.0,27.410081906250166,27.43064460835538,26.749137910011147,26.749137910011147,3481800.0
1999-07-29,False,daily,93.88,94.44,92.63,93.25,2551200.0,27.577521051964048,27.742022668805763,27.210329942942373,27.392456733017127,5102400.0
1999-07-28,False,daily,96.0,96.25,95.38,95.75,1494500.0,28.200277172864816,28.27371539466915,28.01815038279006,28.12683895106048,2989000.0
1999-07-27,False,daily,97.94,97.94,96.44,96.75,1565400.0,28.77015777406646,28.77015777406646,28.329528443240445,28.420591838277822,3130800.0
1999-07-26,False,daily,97.56,97.75,96.81,97.25,1850400.0,28.658531676923868,28.714344725495163,28.43821701151086,28.567468281886494,3700800.0
1999-07-23,False,daily,98.63,98.69,97.0,97.81,1666000.0,28.972847266246422,28.990472439479465,28.494030060082157,28.731969898728206,3332000.0
1999-07-22,False,daily,97.81,99.5,97.56,98.38,5347100.0,28.731969898728206,29.22841227812551,28.658531676923868,28.899409044442088,10694200.0
1999-07-21,False,daily,95.88,97.44,95.0,97.44,4696300.0,28.165026826398734,28.623281330457786,27.906524285647475,28.623281330457786,9392600.0
1999-07-20,False,daily,96.0,96.75,95.38,96.44,3412100.0,28.200277172864816,28.420591838277822,28.01815038279006,28.329528443240445,6824200.0
1999-07-19,False,daily,97.5,97.75,94.94,95.94,1679300.0,28.64090650369083,28.714344725495163,27.888899112414432,28.182651999631773,3358600.0
1999-07-16,False,daily,96.81,97.5,95.81,97.5,1868000.0,28.43821701151086,28.64090650369083,28.14446412429352,28.64090650369083,3736000.0
1999-07-15,False,daily,96.19,97.56,95.5,96.75,1976700.0,28.25609022143611,28.658531676923868,28.053400729256143,28.420591838277822,3953400.0
1999-07-14,False,daily,96.75,96.81,95.31,96.13,1268500.0,28.420591838277822,28.43821701151086,27.997587680684852,28.238465048203068,2537000.0
1999-07-13,False,daily,97.06,98.0,96.0,96.75,1562700.0,28.5116552333152,28.787782947299497,28.200277172864816,28.420591838277822,3125400.0
1999-07-12,False,daily,96.81,97.5,96.5,97.44,1216600.0,28.43821701151086,28.64090650369083,28.347153616473488,28.623281330457786,2433200.0
1999-07-09,False,daily,95.75,96.44,95.31,96.06,983800.0,28.12683895106048,28.329528443240445,27.997587680684852,28.21790234609786,1967600.0
1999-07-08,False,daily,96.88,97.19,95.69,95.69,1950100.0,28.458779713616075,28.54984310865345,28.10921377782744,28.10921377782744,3900200.0
1999-07-07,False,daily,97.13,98.38,96.75,97.88,1484300.0,28.53221793542041,28.899409044442088,28.420591838277822,28.752532600833415,2968600.0
1999-07-06,False,daily,96.5,98.31,95.88,96.88,1734100.0,28.347153616473488,28.878846342336875,28.165026826398734,28.458779713616075,3468200.0
1999-07-02,False,daily,97.44,97.81,96.94,97.44,963200.0,28.623281330457786,28.731969898728206,28.476404886849117,28.623281330457786,1926400.0
1999-07-01,False,daily,97.38,97.5,95.88,97.44,1892900.0,28.605656157224747,28.64090650369083,28.165026826398734,28.623281330457786,3785800.0
1999-06-30,False,daily,94.0,98.0,92.81,98.0,2793200.0,27.612771398430134,28.787782947299497,27.263205462641494,28.787782947299497,5586400.0
1999-06-29,False,daily,90.94,94.0,90.88,94.0,2051600.0,26.713887563545065,27.612771398430134,26.696262390312025,27.612771398430134,4103200.0
1999-06-28,False,daily,90.44,91.56,90.44,90.88,1330200.0,26.567011119936396,26.89601435361982,26.567011119936396,26.696262390312025,2660400.0
1999-06-25,False,daily,91.63,92.25,90.44,90.63,1760800.0,26.916577055725032,27.098703845799783,26.567011119936396,26.622824168507687,3521600.0
1999-06-24,False,daily,90.5,91.94,90.44,91.56,1734900.0,26.584636293169435,27.007640450762405,26.567011119936396,26.89601435361982,3469800.0
1999-06-23,False,daily,90.13,90.56,89.56,90.5,1121200.0,26.47594772489902,26.602261466402478,26.308508579185133,26.584636293169435,2242400.0
1999-06-22,False,daily,90.38,91.38,90.13,90.81,2095700.0,26.549385946703353,26.843138833920694,26.47594772489902,26.675699688206812,4191400.0
1999-06-21,False,daily,90.75,90.75,89.81,90.06,1177900.0,26.65807451497377,26.65807451497377,26.38194680098947,26.455385022793806,2355800.0
1999-06-18,False,daily,91.81,92.44,90.5,90.75,2482800.0,26.969452575424153,27.154516894371078,26.584636293169435,26.65807451497377,4965600.0
1999-06-17,False,daily,90.13,92.38,89.88,91.94,1316000.0,26.47594772489902,27.13689172113804,26.40250950309468,27.007640450762405,2632000.0
1999-06-16,False,daily,91.56,92.13,90.5,90.88,1721500.0,26.89601435361982,27.0634534993337,26.584636293169435,26.696262390312025,3443000.0
1999-06-15,False,daily,90.63,91.63,90.13,90.69,1150500.0,26.622824168507687,26.916577055725032,26.47594772489902,26.64044934174073,2301000.0
1999-06-14,False,daily,91.44,91.81,90.56,90.63,1663800.0,26.860764007153737,26.969452575424153,26.602261466402478,26.622824168507687,3327600.0
1999-06-11,False,daily,90.0,92.0,89.94,90.63,2099300.0,26.437759849560763,27.02526562399545,26.420134676327724,26.622824168507687,4198600.0
1999-06-10,False,daily,90.5,91.19,89.25,89.5,2719800.0,26.584636293169435,26.787325785349402,26.21744518414776,26.290883405952094,5439600.0
1999-06-09,False,daily,93.19,93.19,91.69,91.81,1822100.0,27.374831559784084,27.374831559784084,26.93420222895807,26.969452575424153,3644200.0
1999-06-08,False,daily,95.0,95.44,92.5,92.75,2073500.0,27.906524285647475,28.035775556023104,27.17214206760412,27.245580289408455,4147000.0
1999-06-07,False,daily,96.0,96.56,95.25,95.94,1287700.0,28.200277172864816,28.364778789706527,27.97996250745181,28.182651999631773,2575400.0
1999-06-04,False,daily,94.5,96.81,93.13,96.69,3311500.0,27.759647842038802,28.43821701151086,27.35720638655104,28.40296666504478,6623000.0
1999-06-03,False,daily,92.44,93.69,92.25,93.69,2094900.0,27.154516894371078,27.521708003392757,27.098703845799783,27.521708003392757,4189800.0
1999-06-02,False,daily,92.19,92.94,91.44,91.69,2224500.0,27.081078672566743,27.30139333797975,26.860764007153737,26.93420222895807,4449000.0
1999-06-01,False,daily,92.44,93.56,91.81,92.63,1927200.0,27.154516894371078,27.4835201280545,26.969452575424153,27.210329942942373,3854400.0
1999-05-28,False,daily,91.0,93.81,90.88,92.63,2494800.0,26.731512736778107,27.55695834985884,26.696262390312025,27.210329942942373,4989600.0
1999-05-27,False,daily,90.44,91.25,89.63,90.25,2802000.0,26.567011119936396,26.80495095858244,26.329071281290346,26.5111980713651,5604000.0
1999-05-26,False,daily,89.13,91.13,88.38,90.0,2347500.0,26.182194837681674,26.76970061211636,25.96188017226867,26.437759849560763,4695000.0
1999-05-25,False,daily,89.0,90.75,87.81,87.81,2566700.0,26.144006962343422,26.65807451497377,25.794441026554786,25.794441026554786,5133400.0
1999-05-24,False,daily,92.56,92.94,90.0,90.5,1693800.0,27.18976724083716,27.30139333797975,26.437759849560763,26.584636293169435,3387600.0
1999-05-21,False,daily,95.0,95.0,92.0,92.5,1815600.0,27.906524285647475,27.906524285647475,27.02526562399545,27.17214206760412,3631200.0
1999-05-20,False,daily,94.19,95.38,93.75,95.0,2301100.0,27.668584447001425,28.01815038279006,27.539333176625796,27.906524285647475,4602200.0
1999-05-19,False,daily,91.38,93.38,91.38,93.38,2411200.0,26.843138833920694,27.43064460835538,26.843138833920694,27.43064460835538,4822400.0
1999-05-18,False,daily,91.75,91.75,90.13,90.38,2044500.0,26.951827402191114,26.951827402191114,26.47594772489902,26.549385946703353,4089000.0
1999-05-17,False,daily,92.13,92.44,91.25,91.75,1704300.0,27.0634534993337,27.154516894371078,26.80495095858244,26.951827402191114,3408600.0
1999-05-14,False,daily,93.63,94.25,92.25,92.88,1486300.0,27.504082830159714,27.686209620234468,27.098703845799783,27.283768164746707,2972600.0
1999-05-13,False,daily,94.69,95.63,92.81,95.25,1894600.0,27.731859247744374,28.007157037298494,27.181263668636134,27.8958664415213,3789200.0
1999-05-12,False,daily,92.94,95.13,92.0,94.69,2584300.0,27.21933676719149,27.860722042854814,26.94403897763737,27.731859247744374,5168600.0
1999-05-11,False,daily,93.44,93.56,92.56,92.81,2253700.0,27.36577176163517,27.400916160301655,27.108046171414294,27.181263668636134,4507400.0
1999-05-10,False,daily,95.75,95.88,93.0,93.38,2337700.0,28.04230143596498,28.080374534520335,27.23690896652473,27.34819956230193,4675400.0
1999-05-07,False,daily,97.56,97.63,95.5,96.13,1463300.0,28.572396115851106,28.59289701507322,27.96908393874314,28.153592031742175,2926600.0
1999-05-06,False,daily,94.0,97.63,93.63,97.63,3049300.0,27.529778955412095,28.59289701507322,27.42141705952377,28.59289701507322,6098600.0
1999-05-05,False,daily,95.13,95.44,92.81,94.0,3271100.0,27.860722042854814,27.951511739409895,27.181263668636134,27.529778955412095,6542200.0
1999-05-04,False,daily,97.31,97.38,94.75,95.0,3181400.0,28.499178618629266,28.51967951785138,27.749431447077615,27.82264894429946,6362800.0
1999-05-03,False,daily,97.44,98.0,96.31,97.75,4845500.0,28.53725171718462,28.701258910961545,28.206308629741905,28.628041413739705,9691000.0
1999-04-30,False,daily,98.69,98.75,96.69,97.5,2671500.0,28.903339203293825,28.920911402627066,28.3175992255191,28.554823916517865,5343000.0
1999-04-29,False,daily,99.19,99.94,98.19,98.69,2987600.0,29.049774197737506,29.26942668940303,28.756904208850145,28.903339203293825,5975200.0
1999-04-28,False,daily,101.7,102.3,99.0,99.5,3107700.0,29.784877869844788,29.960599863177205,28.99412889984891,29.14056389429259,6215400.0
1999-04-27,False,daily,101.2,103.0,100.3,101.9,2460800.0,29.638442875401108,30.16560885539836,29.37485988540248,29.84345186762226,4921600.0
1999-04-26,False,daily,101.6,101.9,99.44,100.2,2355600.0,29.75559087095605,29.84345186762226,29.122991694959346,29.345572886513743,4711200.0
1999-04-23,False,daily,102.0,102.5,101.3,101.8,1937300.0,29.872738866510996,30.019173860954677,29.66772987428984,29.814164868733524,3874600.0
1999-04-22,False,daily,100.8,102.5,99.38,102.5,2673900.0,29.52129487984616,30.019173860954677,29.105419495626105,30.019173860954677,5347800.0
1999-04-21,False,daily,96.25,100.8,96.19,100.8,3906100.0,28.18873643040866,29.52129487984616,28.17116423107542,29.52129487984616,7812200.0
1999-04-20,False,daily,90.44,96.38,90.38,96.25,4193200.0,26.487161794973083,28.226809528964015,26.46958959563984,28.18873643040866,8386400.0
1999-04-19,False,daily,93.25,93.75,88.88,90.25,3173100.0,27.310126463746574,27.456561458190254,26.030284612308797,26.431516497084484,6346200.0
1999-04-16,False,daily,93.0,93.88,92.0,93.13,2736500.0,27.23690896652473,27.49463455674561,26.94403897763737,27.27498206508009,5473000.0
1999-04-15,False,daily,94.69,94.88,92.0,92.19,3025100.0,27.731859247744374,27.787504545632974,26.94403897763737,26.99968427552597,6050200.0
1999-04-14,False,daily,98.5,98.56,94.31,94.69,1972900.0,28.847693905405226,28.86526610473847,27.62056865196718,27.731859247744374,3945800.0
1999-04-13,False,daily,98.81,99.0,98.06,98.63,2094500.0,28.93848360196031,28.99412889984891,28.718831110294786,28.885767003960584,4189000.0
1999-04-12,False,daily,97.25,99.69,97.19,99.63,1967800.0,28.481606419296025,29.196209192181186,28.46403421996278,29.178636992847945,3935600.0
1999-04-09,False,daily,96.88,98.0,96.24,98.0,1756100.0,28.3732445234077,28.701258910961545,28.185807730519784,28.701258910961545,3512200.0
1999-04-08,False,daily,94.31,97.25,94.31,97.25,2186100.0,27.62056865196718,28.481606419296025,27.62056865196718,28.481606419296025,4372200.0
1999-04-07,False,daily,94.25,95.25,93.88,94.88,1640400.0,27.602996452633935,27.8958664415213,27.49463455674561,27.787504545632974,3280800.0
1999-04-06,False,daily,94.75,95.0,93.75,94.25,1712000.0,27.749431447077615,27.82264894429946,27.456561458190254,27.602996452633935,3424000.0
1999-04-05,False,daily,94.31,94.94,94.06,94.88,1670100.0,27.62056865196718,27.805076744966215,27.547351154745336,27.787504545632974,3340200.0
1999-04-01,False,daily,93.25,94.31,92.75,94.13,2007100.0,27.310126463746574,27.62056865196718,27.16369146930289,27.56785205396745,4014200.0
1999-03-31,False,daily,93.25,94.0,93.13,93.5,2131200.0,27.310126463746574,27.529778955412095,27.27498206508009,27.383343960968414,4262400.0
1999-03-30,False,daily,93.0,93.25,92.75,93.06,1805300.0,27.23690896652473,27.310126463746574,27.16369146930289,27.254481165857975,3610600.0
1999-03-29,False,daily,91.5,93.94,91.5,93.94,2158600.0,26.79760398319369,27.512206756078854,26.79760398319369,27.512206756078854,4317200.0
1999-03-26,False,daily,91.31,91.5,90.75,91.31,1613600.0,26.74195868530509,26.79760398319369,26.577951491528164,26.74195868530509,3227200.0
1999-03-25,False,daily,90.69,92.69,90.63,92.0,2235100.0,26.560379292194924,27.14611926996965,26.542807092861683,26.94403897763737,4470200.0
1999-03-24,False,daily,90.31,90.81,89.63,90.69,2375800.0,26.44908869641773,26.59552369086141,26.249937103974318,26.560379292194924,4751600.0
1999-03-23,False,daily,92.06,92.56,90.0,90.25,3045400.0,26.96161117697061,27.108046171414294,26.358298999862644,26.431516497084484,6090800.0
1999-03-22,False,daily,90.63,92.25,90.5,91.63,1890100.0,26.542807092861683,27.01725647485921,26.504733994306324,26.835677081749044,3780200.0
1999-03-19,False,daily,90.44,91.69,90.06,91.06,3609900.0,26.487161794973083,26.853249281082284,26.375871199195885,26.66874118808325,7219800.0
1999-03-18,False,daily,89.38,90.25,89.19,89.81,1593700.0,26.176719606752478,26.431516497084484,26.12107430886388,26.302653701974045,3187400.0
1999-03-17,False,daily,90.06,90.25,89.38,89.94,1962600.0,26.375871199195885,26.431516497084484,26.176719606752478,26.340726800529403,3925200.0
1999-03-16,False,daily,90.69,91.19,90.19,90.25,1659200.0,26.560379292194924,26.706814286638604,26.413944297751243,26.431516497084484,3318400.0
1999-03-15,False,daily,89.88,91.13,89.56,90.94,3352100.0,26.32315460119616,26.689242087305363,26.229436204752204,26.633596789416764,6704200.0
1999-03-12,False,daily,88.88,89.19,88.0,88.56,1701600.0,26.030284612308797,26.12107430886388,25.77255902208792,25.936566215864843,3403200.0
1999-03-11,False,daily,87.75,89.13,87.63,88.81,1846700.0,25.699341524866078,26.103502109530638,25.664197126199593,26.009783713086684,3693400.0
1999-03-10,False,daily,87.94,87.94,86.38,87.5,1688800.0,25.754986822754677,25.754986822754677,25.298109640090388,25.626124027644238,3377600.0
1999-03-09,False,daily,88.31,89.88,87.63,87.63,2192400.0,25.863348718643003,26.32315460119616,25.664197126199593,25.664197126199593,4384800.0
1999-03-08,False,daily,89.0,89.19,87.44,89.06,2356800.0,26.06542901097528,26.12107430886388,25.608551828310993,26.083001210308524,4713600.0
1999-03-05,False,daily,87.0,89.13,87.0,89.0,3061700.0,25.479689033200557,26.103502109530638,25.479689033200557,26.06542901097528,6123400.0
1999-03-04,False,daily,84.75,87.0,84.5,86.94,1991600.0,24.82073155820399,25.479689033200557,24.747514060982148,25.462116833867313,3983200.0
1999-03-03,False,daily,84.81,85.25,83.69,84.69,1758100.0,24.838303757537233,24.967166552647672,24.510289369983383,24.803159358870747,3516200.0
1999-03-02,False,daily,85.31,85.63,84.56,85.06,1633300.0,24.984738751980913,25.078457148424867,24.765086260315393,24.911521254759073,3266600.0
1999-03-01,False,daily,84.75,85.5,84.31,85.44,1588100.0,24.82073155820399,25.040384049869512,24.691868763093552,25.022811850536268,3176200.0
1999-02-26,False,daily,84.63,85.88,83.5,85.38,1803600.0,24.785587159537506,25.151674645646708,24.454644072094787,25.005239651203027,3607200.0
1999-02-25,False,daily,84.75,85.0,83.38,84.44,2533600.0,24.82073155820399,24.89394905542583,24.4194996734283,24.729941861648907,5067200.0
1999-02-24,False,daily,87.0,87.69,85.75,85.75,1801300.0,25.479689033200557,25.681769325532834,25.113601547091353,25.113601547091353,3602600.0
1999-02-23,False,daily,87.69,87.88,86.63,87.38,1628800.0,25.681769325532834,25.737414623421433,25.37132713731223,25.590979628977752,3257600.0
1999-02-22,False,daily,86.88,88.13,86.63,87.94,2499400.0,25.444544634534072,25.810632120643273,25.37132713731223,25.754986822754677,4998800.0
1999-02-19,False,daily,86.44,86.88,85.75,86.63,1856300.0,25.315681839423632,25.444544634534072,25.113601547091353,25.37132713731223,3712600.0
1999-02-18,False,daily,85.63,86.75,85.5,86.31,2448500.0,25.078457148424867,25.406471535978714,25.040384049869512,25.277608740868278,4897000.0
1999-02-17,False,daily,86.38,86.56,85.38,85.75,3125400.0,25.298109640090388,25.350826238090118,25.005239651203027,25.113601547091353,6250800.0
1999-02-16,False,daily,85.75,86.63,85.25,86.63,3271500.0,25.113601547091353,25.37132713731223,24.967166552647672,25.37132713731223,6543000.0
1999-02-12,False,daily,84.63,85.19,83.69,84.63,2261900.0,24.785587159537506,24.949594353314428,24.510289369983383,24.785587159537506,4523800.0
1999-02-11,False,daily,83.5,85.44,83.19,84.63,2429600.0,24.454644072094787,25.022811850536268,24.363854375539702,24.785587159537506,4859200.0
1999-02-10,False,daily,82.69,83.94,82.56,83.81,1773500.0,24.146090978112113,24.51110021408551,24.108130017570883,24.47313925354428,3547000.0
1999-02-09,False,daily,83.31,83.5,82.31,82.69,1631900.0,24.327135559154918,24.382616963022876,24.035128170376204,24.146090978112113,3263800.0
1999-02-08,False,daily,83.5,84.81,83.0,84.0,1918900.0,24.382616963022876,24.765146642322996,24.236613268633516,24.528620657412233,3837800.0
1999-02-05,False,daily,84.5,85.0,83.31,84.0,1925400.0,24.674624351801594,24.82062804619095,24.327135559154918,24.528620657412233,3850800.0
1999-02-04,False,daily,84.31,84.31,82.63,83.88,2463000.0,24.619142947933636,24.619142947933636,24.12857053478539,24.493579770758785,4926000.0
1999-02-03,False,daily,82.81,85.0,82.69,84.38,3168100.0,24.18113186476556,24.82062804619095,24.146090978112113,24.639583465148146,6336200.0
1999-02-02,False,daily,83.25,83.31,81.63,82.94,2237000.0,24.309615115828198,24.327135559154918,23.83656314600667,24.21909282530679,4474000.0
1999-02-01,False,daily,84.88,84.94,83.38,83.69,1811000.0,24.785587159537503,24.803107602864227,24.347576076369428,24.43809836689083,3622000.0
1999-01-29,False,daily,84.63,86.31,84.06,85.13,3281200.0,24.712585312342824,25.20315772549107,24.546141100738957,24.85858900673218,6562400.0
1999-01-28,False,daily,83.88,84.94,82.88,84.75,2929100.0,24.493579770758785,24.803107602864227,24.201572381980068,24.747626198996272,5858200.0
1999-01-27,False,daily,83.94,84.69,83.0,83.63,3903900.0,24.51110021408551,24.73010575566955,24.236613268633516,24.420577923564107,7807800.0
1999-01-26,False,daily,79.06,83.19,79.0,82.5,4033400.0,23.086104156845373,24.292094672501474,23.06858371351865,24.09060957424416,8066800.0
1999-01-25,False,daily,78.5,78.75,77.75,78.75,2273300.0,22.92258001912929,22.99558186632397,22.703574477545253,22.99558186632397,4546600.0
1999-01-22,False,daily,79.5,79.88,78.0,78.5,3260000.0,23.214587407908006,23.32555021564392,22.77657632473993,22.92258001912929,6520000.0
1999-01-21,False,daily,80.94,81.25,79.69,80.0,1633000.0,23.63507804774936,23.725600338270763,23.270068811775964,23.360591102297366,3266000.0
1999-01-20,False,daily,80.44,81.88,79.81,81.0,2265100.0,23.48907435336,23.909564993201354,23.30510969842941,23.652598491076084,4530200.0
1999-01-19,False,daily,80.06,80.44,79.63,80.44,2235800.0,23.37811154562409,23.48907435336,23.25254836844924,23.48907435336,4471600.0
1999-01-15,False,daily,79.0,80.13,78.88,80.0,2611400.0,23.06858371351865,23.398552062838597,23.0335428268652,23.360591102297366,5222800.0
1999-01-14,False,daily,79.81,79.81,77.06,78.06,2788500.0,23.30510969842941,23.30510969842941,22.502089379287938,22.794096768066655,5577000.0
1999-01-13,False,daily,77.0,79.25,77.0,77.0,4469000.0,22.484568935961214,23.141585560713327,22.484568935961214,22.484568935961214,8938000.0
1999-01-12,False,daily,80.06,80.81,79.19,79.81,2730000.0,23.37811154562409,23.597117087208126,23.124065117386603,23.30510969842941,5460000.0
1999-01-11,False,daily,82.06,82.25,79.75,80.19,2477400.0,23.962126323181522,24.01760772704948,23.287589255102688,23.41607250616532,4954800.0
1999-01-08,False,daily,83.0,83.25,81.0,83.25,2390200.0,24.236613268633516,24.309615115828198,23.652598491076084,24.309615115828198,4780400.0
1999-01-07,False,daily,83.38,83.44,82.19,83.19,2480900.0,24.347576076369428,24.365096519696152,24.000087283722756,24.292094672501474,4961800.0
1999-01-06,False,daily,83.0,84.5,82.44,84.0,3119300.0,24.236613268633516,24.674624351801594,24.073089130917435,24.528620657412233,6238600.0
1999-01-05,False,daily,82.63,83.75,81.5,83.0,2870400.0,24.12857053478539,24.455618810217555,23.79860218546544,24.236613268633516,5740800.0
1999-01-04,False,daily,82.94,83.88,82.0,82.69,3048800.0,24.21909282530679,24.493579770758785,23.944605879854798,24.146090978112113,6097600.0
2000-12-29,False,daily,104.8,105.9,104.5,105.1,2481100.0,31.324069848778944,31.652853024672616,31.23440170989885,31.413737987659033,4962200.0
2000-12-28,False,daily,103.3,105.5,103.3,104.8,3321100.0,30.87572915437848,31.533295506165825,30.87572915437848,31.324069848778944,6642200.0
2000-12-27,False,daily,101.5,104.8,101.5,103.0,2974600.0,30.337720321097926,31.324069848778944,30.337720321097926,30.78606101549839,5949200.0
2000-12-26,False,daily,101.5,102.88,101.38,102.38,1754000.0,30.337720321097926,30.750193759946352,30.301853065545888,30.600746861812862,3508000.0
2000-12-22,False,daily,101.4,102.0,100.6,101.5,3490200.0,30.30783094147123,30.487167219231416,30.068715904457648,30.337720321097926,6980400.0
2000-12-21,False,daily,100.3,101.9,100.0,101.0,5449800.0,29.97904776557756,30.457277839604718,29.889379626697465,30.18827342296444,10899600.0
2000-12-20,False,daily,99.44,101.7,99.38,100.6,4800900.0,29.721999100787958,30.397499080351324,29.70406547301194,30.068715904457648,9601800.0
2000-12-19,False,daily,98.63,99.94,98.56,99.19,2251700.0,29.47989512581171,29.871445998921445,29.458972560073022,29.647275651721216,4503400.0
2000-12-18,False,daily,98.56,99.19,97.31,98.56,2937600.0,29.458972560073022,29.647275651721216,29.085355314739303,29.458972560073022,5875200.0
2000-12-15,False,daily,99.25,100.0,98.56,98.56,5795800.0,29.665209279497233,29.889379626697465,29.458972560073022,29.458972560073022,11591600.0
2000-12-14,False,daily,98.75,99.44,97.69,99.25,3500600.0,29.515762381363746,29.721999100787958,29.198934957320752,29.665209279497233,7001200.0
2000-12-13,False,daily,98.0,99.63,97.63,98.69,3767800.0,29.291592034163514,29.778788922078682,29.181001329544735,29.49782875358773,7535600.0
2000-12-12,False,daily,95.56,98.0,95.5,97.0,3262500.0,28.562291171272097,29.291592034163514,28.54435754349608,28.99269823789654,6525000.0
2000-12-11,False,daily,96.0,97.0,95.25,95.63,2916800.0,28.693804441629567,28.99269823789654,28.469634094429335,28.583213737010784,5833600.0
2000-12-08,False,daily,95.63,97.19,95.63,96.38,3186900.0,28.583213737010784,29.049488059187265,28.583213737010784,28.807384084211016,6373800.0
2000-12-07,False,daily,97.5,98.0,96.19,97.06,2498200.0,29.142145136030027,29.291592034163514,28.75059426292029,29.01063186567256,4996400.0
2000-12-06,False,daily,97.75,98.75,95.56,96.13,4185900.0,29.216868585096773,29.515762381363746,28.562291171272097,28.73266063514427,8371800.0
2000-12-05,False,daily,99.75,99.75,97.75,99.5,3130800.0,29.81465617763072,29.81465617763072,29.216868585096773,29.73993272856398,6261600.0
2000-12-04,False,daily,95.88,100.0,95.88,99.56,3031200.0,28.65793718607753,29.889379626697465,28.65793718607753,29.757866356339996,6062400.0
2000-12-01,False,daily,99.25,100.0,96.69,97.75,5212300.0,29.665209279497233,29.889379626697465,28.900041161053778,29.216868585096773,10424600.0
2000-11-30,False,daily,100.3,103.0,99.75,100.0,7464000.0,29.97904776557756,30.78606101549839,29.81465617763072,29.889379626697465,14928000.0
2000-11-29,False,daily,99.63,100.8,99.63,100.3,3774600.0,29.778788922078682,30.128494663711045,29.778788922078682,29.97904776557756,7549200.0
2000-11-28,False,daily,97.94,100.1,97.5,100.1,5592600.0,29.273658406387497,29.91926900632416,29.142145136030027,29.91926900632416,11185200.0
2000-11-27,False,daily,95.38,97.5,94.31,97.38,2738700.0,28.508490287944042,29.142145136030027,28.18867392593838,29.10627788047799,5477400.0
2000-11-24,False,daily,96.5,96.5,94.0,95.06,1498900.0,28.843251339763054,28.843251339763054,28.09601684909562,28.41284427313861,2997800.0
2000-11-22,False,daily,96.0,97.25,95.5,96.5,2747300.0,28.693804441629567,29.067421686963286,28.54435754349608,28.843251339763054,5494600.0
2000-11-21,False,daily,96.5,97.88,95.75,97.75,3617000.0,28.843251339763054,29.255724778611476,28.61908099256282,29.216868585096773,7234000.0
2000-11-20,False,daily,95.13,96.94,95.13,96.19,2754000.0,28.433766838877297,28.974764610120523,28.433766838877297,28.75059426292029,5508000.0
2000-11-17,False,daily,94.69,95.25,94.25,95.13,2645900.0,28.30225356851983,28.469634094429335,28.17074029816236,28.433766838877297,5291800.0
2000-11-16,False,daily,95.0,95.06,93.38,94.19,1796200.0,28.359137529588907,28.37704856381812,27.875539605400125,28.117338567494514,3592400.0
2000-11-15,False,daily,94.25,95.0,93.75,95.0,2092800.0,28.13524960172373,28.359137529588907,27.985990983146948,28.359137529588907,4185600.0
2000-11-14,False,daily,92.94,94.63,91.88,94.63,2672200.0,27.744192021052555,28.248686151842083,27.427763749669772,28.248686151842083,5344400.0
2000-11-13,False,daily,94.19,95.31,92.25,93.06,3179900.0,28.117338567494514,28.45167787310651,27.538215127416596,27.780014089510985,6359800.0
2000-11-10,False,daily,93.38,95.44,92.88,94.44,3034800.0,27.875539605400125,28.490485113936476,27.72628098682334,28.191967876782908,6069600.0
2000-11-09,False,daily,93.44,94.31,91.0,93.56,2833100.0,27.89345063962934,28.153160635952943,27.165068580974637,27.92927270808777,5666200.0
2000-11-08,False,daily,92.94,94.75,92.94,93.44,3068100.0,27.744192021052555,28.284508220300513,27.744192021052555,27.89345063962934,6136200.0
2000-11-07,False,daily,92.0,92.88,90.75,92.13,2461300.0,27.4635858181282,27.72628098682334,27.090439271686243,27.502393058958166,4922600.0
2000-11-06,False,daily,92.06,92.94,91.5,92.06,2911300.0,27.481496852357417,27.744192021052555,27.31432719955142,27.481496852357417,5822600.0
2000-11-03,False,daily,90.25,92.19,89.31,91.69,2916300.0,26.94118065310946,27.52030409318738,26.66057445018511,27.371045474610597,5832600.0
2000-11-02,False,daily,91.5,91.56,89.19,89.88,4693800.0,27.31432719955142,27.332238233780636,26.62475238172668,26.83072927536264,9387600.0
2000-11-01,False,daily,92.0,92.19,89.25,91.0,4723200.0,27.4635858181282,27.52030409318738,26.642663415955894,27.165068580974637,9446400.0
2000-10-31,False,daily,93.88,93.88,91.5,92.13,3487800.0,28.02479822397691,28.02479822397691,27.31432719955142,27.502393058958166,6975600.0
2000-10-30,False,daily,93.63,94.56,92.81,94.38,2194000.0,27.95016891468852,28.227789945241337,27.705384780222595,28.174056842553693,4388000.0
2000-10-27,False,daily,92.94,93.81,92.25,92.75,1953500.0,27.744192021052555,28.003902017376163,27.538215127416596,27.68747374599338,3907000.0
2000-10-26,False,daily,93.75,94.88,93.06,93.13,2484700.0,27.985990983146948,28.323315461130477,27.780014089510985,27.800910296111734,4969400.0
2000-10-25,False,daily,91.69,94.94,91.56,93.94,3819800.0,27.371045474610597,28.34122649535969,27.332238233780636,28.042709258206123,7639600.0
2000-10-24,False,daily,91.63,92.44,90.63,91.69,3074800.0,27.353134440381382,27.59493340247577,27.054617203227814,27.371045474610597,6149600.0
2000-10-23,False,daily,92.0,93.38,91.56,91.56,3605400.0,27.4635858181282,27.875539605400125,27.332238233780636,27.332238233780636,7210800.0
2000-10-20,False,daily,91.5,92.75,91.06,91.88,3126000.0,27.31432719955142,27.68747374599338,27.182979615203852,27.427763749669772,6252000.0
2000-10-19,False,daily,92.5,93.56,90.88,91.75,5479500.0,27.612844436704986,27.92927270808777,27.129246512516207,27.38895650883981,10959000.0
2000-10-18,False,daily,95.5,96.75,94.06,94.25,3524400.0,28.50839614816569,28.88154269460765,28.078531326664553,28.13524960172373,7048800.0
2000-10-17,False,daily,96.0,97.44,95.38,97.06,4512100.0,28.657654766742475,29.08751958824361,28.47257407970726,28.974083038125254,9024200.0
2000-10-16,False,daily,95.81,97.31,95.38,96.94,2800800.0,28.600936491683296,29.048712347413648,28.47257407970726,28.938260969666825,5601600.0
2000-10-13,False,daily,97.13,97.5,95.63,95.81,4552800.0,28.994979244726004,29.105430622472824,28.54720338899565,28.600936491683296,9105600.0
2000-10-12,False,daily,95.81,97.5,94.63,97.0,4639300.0,28.600936491683296,29.105430622472824,28.248686151842083,28.95617200389604,9278600.0
2000-10-11,False,daily,95.19,96.25,94.38,96.0,3941100.0,28.415855804648082,28.732284076030865,28.174056842553693,28.657654766742475,7882200.0
2000-10-10,False,daily,92.38,95.0,91.56,94.63,3051800.0,27.577022368246556,28.359137529588907,27.332238233780636,28.248686151842083,6103600.0
2000-10-09,False,daily,92.31,93.0,91.25,91.31,1457000.0,27.55612616164581,27.76210305528177,27.239697890263027,27.257608924492242,2914000.0
2000-10-06,False,daily,92.94,94.13,91.25,92.31,2336400.0,27.744192021052555,28.0994275332653,27.239697890263027,27.55612616164581,4672800.0
2000-10-05,False,daily,91.5,93.75,91.13,93.06,3236100.0,27.31432719955142,27.985990983146948,27.203875821804598,27.780014089510985,6472200.0
2000-10-04,False,daily,92.0,93.75,90.31,90.31,3425000.0,27.4635858181282,27.985990983146948,26.959091687338674,26.959091687338674,6850000.0
2000-10-03,False,daily,93.06,93.81,91.94,92.5,2198800.0,27.780014089510985,28.003902017376163,27.445674783898987,27.612844436704986,4397600.0
2000-10-02,False,daily,94.19,94.25,92.25,93.19,2103600.0,28.117338567494514,28.13524960172373,27.538215127416596,27.81882133034095,4207200.0
2000-09-29,False,daily,93.25,95.19,92.75,93.94,2630800.0,27.836732364570164,28.415855804648082,27.68747374599338,28.042709258206123,5261600.0
2000-09-28,False,daily,95.31,96.44,92.94,93.38,3150600.0,28.45167787310651,28.78900235109004,27.744192021052555,27.875539605400125,6301200.0
2000-09-27,False,daily,94.44,95.69,93.44,95.09,2153900.0,28.191967876782908,28.565114423224866,27.89345063962934,28.38600408093273,4307800.0
2000-09-26,False,daily,95.81,96.31,93.56,94.5,2276100.0,28.600936491683296,28.75019511026008,27.92927270808777,28.209878911012122,4552200.0
2000-09-25,False,daily,95.81,96.44,94.81,95.86,1989100.0,28.600936491683296,28.78900235109004,28.302419254529728,28.615862353540972,3978200.0
2000-09-22,False,daily,95.5,96.56,94.61,95.88,2757700.0,28.50839614816569,28.82482441954847,28.242715807099014,28.621832698284045,5515400.0
2000-09-21,False,daily,91.06,94.5,91.06,94.25,2924800.0,27.182979615203852,28.209878911012122,27.182979615203852,28.13524960172373,5849600.0
2000-09-20,False,daily,91.88,92.75,90.31,91.08,2728700.0,27.427763749669772,27.68747374599338,26.959091687338674,27.18894995994692,5457400.0
2000-09-19,False,daily,91.81,92.5,91.19,91.81,1969200.0,27.406867543069026,27.612844436704986,27.221786856033813,27.406867543069026,3938400.0
2000-09-18,False,daily,92.75,93.75,91.88,92.13,3821400.0,27.68747374599338,27.985990983146948,27.427763749669772,27.502393058958166,7642800.0
2000-09-15,False,daily,95.44,95.94,94.94,95.0,3132400.0,28.490485113936476,28.63974373251326,28.34122649535969,28.359137529588907,6264800.0
2000-09-14,False,daily,97.56,97.56,95.81,95.94,2079600.0,29.12334165670204,29.12334165670204,28.600936491683296,28.63974373251326,4159200.0
2000-09-13,False,daily,96.63,97.81,96.56,97.63,2447100.0,28.84572062614922,29.197970965990432,28.82482441954847,29.144237863302788,4894200.0
2000-09-12,False,daily,96.13,96.64,95.38,96.63,1958700.0,28.696462007572435,28.848705798520758,28.47257407970726,28.84572062614922,3917400.0
2000-09-11,False,daily,94.69,95.44,94.69,95.01,2047500.0,28.266597186071298,28.490485113936476,28.266597186071298,28.36212270196044,4095000.0
2000-09-08,False,daily,93.0,94.5,93.0,94.46,1904200.0,27.76210305528177,28.209878911012122,27.76210305528177,28.197938221525977,3808400.0
2000-09-07,False,daily,93.31,93.88,92.63,93.44,1319200.0,27.85464339879938,28.02479822397691,27.65165167753495,27.89345063962934,2638400.0
2000-09-06,False,daily,94.0,94.0,93.06,93.25,2807200.0,28.06062029243534,28.06062029243534,27.780014089510985,27.836732364570164,5614400.0
2000-09-05,False,daily,92.63,93.44,91.31,93.25,2649100.0,27.65165167753495,27.89345063962934,27.257608924492242,27.836732364570164,5298200.0
2000-09-01,False,daily,92.5,92.94,91.88,92.63,1520200.0,27.612844436704986,27.744192021052555,27.427763749669772,27.65165167753495,3040400.0
2000-08-31,False,daily,93.13,93.88,91.63,91.96,2351200.0,27.800910296111734,28.02479822397691,27.353134440381382,27.45164512864206,4702400.0
2000-08-30,False,daily,92.0,92.81,91.25,91.25,2098800.0,27.4635858181282,27.705384780222595,27.239697890263027,27.239697890263027,4197600.0
2000-08-29,False,daily,94.0,94.19,92.81,93.0,1950700.0,28.06062029243534,28.117338567494514,27.705384780222595,27.76210305528177,3901400.0
2000-08-28,False,daily,94.5,96.56,94.19,94.75,2580400.0,28.209878911012122,28.82482441954847,28.117338567494514,28.284508220300513,5160800.0
2000-08-25,False,daily,95.63,96.19,94.81,95.44,1850000.0,28.54720338899565,28.71437304180165,28.302419254529728,28.490485113936476,3700000.0
2000-08-24,False,daily,95.75,96.56,95.5,96.25,1651300.0,28.58302545745408,28.82482441954847,28.50839614816569,28.732284076030865,3302600.0
2000-08-23,False,daily,97.69,97.94,95.75,96.94,1717100.0,29.162148897532003,29.236778206820393,28.58302545745408,28.938260969666825,3434200.0
2000-08-22,False,daily,97.19,97.88,96.81,97.75,1609200.0,29.01289027895522,29.218867172591178,28.899453728836864,29.180059931761217,3218400.0
2000-08-21,False,daily,97.0,97.75,96.5,97.0,1833100.0,28.95617200389604,29.180059931761217,28.806913385319255,28.95617200389604,3666200.0
2000-08-18,False,daily,97.0,97.25,95.31,96.42,2738400.0,28.95617200389604,29.030801313184433,28.45167787310651,28.78303200634697,5476800.0
2000-08-17,False,daily,98.0,98.13,96.56,97.0,2360500.0,29.157919543332678,29.19659841619628,28.729476643920442,28.86038975207418,4721000.0
2000-08-16,False,daily,96.88,98.19,96.75,97.94,1610000.0,28.82468617712316,29.21445020367179,28.786007304259556,29.140067755857167,3220000.0
2000-08-15,False,daily,96.75,97.31,95.81,96.09,1646000.0,28.786007304259556,28.952623987364316,28.50632930047657,28.58963764202895,3292000.0
2000-08-14,False,daily,98.0,98.38,96.56,97.31,1427800.0,29.157919543332678,29.270980864010905,28.729476643920442,28.952623987364316,2855600.0
2000-08-11,False,daily,97.5,98.88,97.13,97.84,2243800.0,29.00915464770343,29.419745759640154,28.899068624937783,29.110314776731318,4487600.0
2000-08-10,False,daily,95.75,97.88,95.25,97.41,2869200.0,28.48847751300106,29.122215968381656,28.339712617371813,28.982376966490165,5738400.0
2000-08-09,False,daily,96.56,97.19,93.63,94.81,3543100.0,28.729476643920442,28.916920412413294,27.857714355533044,28.208799509218075,7086200.0
2000-08-08,False,daily,96.5,97.5,95.69,96.67,2297500.0,28.71162485644493,29.00915464770343,28.47062572552555,28.762204920958876,4595000.0
2000-08-07,False,daily,97.5,97.5,95.94,96.86,1905600.0,29.00915464770343,29.00915464770343,28.545008173340175,28.818735581297993,3811200.0
2000-08-04,False,daily,96.63,96.69,95.31,96.56,2031300.0,28.750303729308534,28.768155516784045,28.357564404847324,28.729476643920442,4062600.0
2000-08-03,False,daily,96.25,97.38,96.13,97.0,2855300.0,28.637242408630307,28.973451072752407,28.60153883367929,28.86038975207418,5710600.0
2000-08-02,False,daily,94.94,96.69,94.25,96.5,2487100.0,28.247478382081677,28.768155516784045,28.042182826113315,28.71162485644493,4974200.0
2000-08-01,False,daily,92.5,95.0,92.38,94.81,2519900.0,27.521505691410947,28.26533016955719,27.485802116459926,28.208799509218075,5039800.0
2000-07-31,False,daily,93.69,93.94,92.5,93.06,3165800.0,27.875566143008555,27.94994859082318,27.521505691410947,27.688122374515704,6331600.0
2000-07-28,False,daily,92.88,93.69,92.19,93.66,2418600.0,27.634567012089175,27.875566143008555,27.429271456120812,27.8666402492708,4837200.0
2000-07-27,False,daily,90.75,92.94,90.63,91.86,3289400.0,27.000828556708576,27.652418799564682,26.965124981757555,27.331086625005508,6578800.0
2000-07-26,False,daily,93.5,93.5,90.25,90.25,3675500.0,27.81903548266944,27.81903548266944,26.852063661079328,26.852063661079328,7351000.0
2000-07-25,False,daily,94.56,94.75,92.75,93.5,2936600.0,28.13441706140345,28.190947721742564,27.59588813922557,27.81903548266944,5873200.0
2000-07-24,False,daily,92.31,95.38,92.31,94.45,2838000.0,27.464975031071834,28.378391490235416,27.464975031071834,28.101688784365017,5676000.0
2000-07-21,False,daily,91.88,93.44,91.0,92.25,3808900.0,27.337037220830677,27.80118369519393,27.0752110045232,27.447123243596323,7617800.0
2000-07-20,False,daily,93.25,93.25,91.63,91.88,2969600.0,27.744653034854817,27.744653034854817,27.262654773016052,27.337037220830677,5939200.0
2000-07-19,False,daily,94.88,95.69,92.75,93.19,2682300.0,28.229626594606167,28.47062572552555,27.59588813922557,27.726801247379306,5364600.0
2000-07-18,False,daily,94.44,95.44,94.38,95.0,4142400.0,28.09871348645243,28.396243277710926,28.080861698976918,28.26533016955719,8284800.0
2000-07-17,False,daily,93.0,95.75,92.5,94.34,4401600.0,27.670270587040193,28.48847751300106,27.521505691410947,28.06896050732658,8803200.0
2000-07-14,False,daily,92.75,92.81,91.06,91.81,6288800.0,27.59588813922557,27.61373992670108,27.09306279199871,27.316210135442585,12577600.0
2000-07-13,False,daily,97.5,97.56,95.0,95.25,3825300.0,29.00915464770343,29.02700643517894,28.26533016955719,28.339712617371813,7650600.0
2000-07-12,False,daily,99.25,99.56,98.0,98.06,2835900.0,29.5298317824058,29.622066017695932,29.157919543332678,29.17577133080819,5671800.0
2000-07-11,False,daily,99.38,100.4,99.0,100.2,3390900.0,29.568510655269403,29.87199104235307,29.455449334591176,29.81248508410137,6781800.0
2000-07-10,False,daily,100.8,100.9,99.81,100.2,2173000.0,29.991002958856466,30.02075593798232,29.696448465510557,29.81248508410137,4346000.0
2000-07-07,False,daily,99.5,100.9,99.31,99.75,3249100.0,29.60421423022042,30.02075593798232,29.547683569881308,29.678596678035046,6498200.0
2000-07-06,False,daily,100.0,100.4,99.19,99.69,2894900.0,29.75297912584967,29.87199104235307,29.51197999493029,29.660744890559535,5789800.0
2000-07-05,False,daily,100.8,101.4,99.88,101.0,3652200.0,29.991002958856466,30.169520833611568,29.717275550898652,30.050508917108168,7304400.0
2000-07-03,False,daily,101.3,101.3,99.94,101.1,2385100.0,30.139767854485715,30.139767854485715,29.73512733837416,30.080261896234017,4770200.0
2000-06-30,False,daily,98.0,102.0,96.44,101.9,8043300.0,29.157919543332678,30.348038708366666,28.69377306896942,30.318285729240817,16086600.0
2000-06-29,False,daily,98.0,99.38,97.31,98.56,4303700.0,29.157919543332678,29.568510655269403,28.952623987364316,29.324536226437438,8607400.0
2000-06-28,False,daily,97.0,98.31,96.81,98.08,4391600.0,28.86038975207418,29.250153778622813,28.803859091735067,29.181721926633358,8783200.0
2000-06-27,False,daily,95.31,98.19,95.25,97.94,7392000.0,28.357564404847324,29.21445020367179,28.339712617371813,29.140067755857167,14784000.0
2000-06-26,False,daily,92.38,95.5,92.06,95.5,7892100.0,27.485802116459926,28.414095065186437,27.39059258325721,28.414095065186437,15784200.0
2000-06-23,False,daily,88.81,89.94,88.69,89.75,1919000.0,26.423620761667095,26.759829425789192,26.387917186716074,26.70329876545008,3838000.0
2000-06-22,False,daily,89.75,89.75,88.25,88.56,1994300.0,26.70329876545008,26.70329876545008,26.257004078562336,26.34923831385247,3988600.0
2000-06-21,False,daily,88.75,90.44,88.75,89.88,2554600.0,26.405768974191584,26.90859432141844,26.405768974191584,26.74197763831368,5109200.0
2000-06-20,False,daily,90.38,90.44,88.06,88.56,2178200.0,26.89074253394293,26.90859432141844,26.200473418223222,26.34923831385247,4356400.0
2000-06-19,False,daily,89.75,90.31,89.06,90.19,1782400.0,26.70329876545008,26.86991544855484,26.498003209481716,26.834211873603817,3564800.0
2000-06-16,False,daily,90.06,90.44,89.38,89.56,3671700.0,26.795533000740214,26.90859432141844,26.593212742684436,26.646768105110965,7343400.0
2000-06-15,False,daily,90.0,91.0,89.44,90.63,3984800.0,26.777681213264703,27.0752110045232,26.611064530159947,26.965124981757555,7969600.0
2000-06-14,False,daily,89.38,89.88,88.63,89.75,2745100.0,26.593212742684436,26.74197763831368,26.370065399240563,26.70329876545008,5490200.0
2000-06-13,False,daily,85.75,88.5,85.56,88.0,2698300.0,25.513179600416095,26.33138652637696,25.45664894007698,26.18262163074771,5396600.0
2000-06-12,False,daily,86.75,87.38,84.69,84.77,1899100.0,25.81070939167459,25.99815316016744,25.197798021682086,25.221600404982766,3798200.0
2000-06-09,False,daily,85.0,87.5,84.81,86.13,2052600.0,25.29003225697222,26.033856735118462,25.233501596633108,25.626240921094322,4105200.0
2000-06-08,False,daily,83.69,84.94,82.88,84.88,1842700.0,24.90026823042359,25.27218046949671,24.659269099504208,25.2543286820212,3685400.0
2000-06-07,False,daily,85.06,85.44,83.69,83.69,2049100.0,25.307884044447732,25.42094536512596,24.90026823042359,24.90026823042359,4098200.0
2000-06-06,False,daily,83.5,84.75,83.0,84.13,1598300.0,24.843737570084475,25.215649809157597,24.694972674455226,25.031181338577326,3196600.0
2000-06-05,False,daily,83.5,85.25,82.56,84.0,2658300.0,24.843737570084475,25.364414704786846,24.564059566301488,24.992502465713724,5316600.0
2000-06-02,False,daily,87.5,87.5,82.5,84.0,4675700.0,26.033856735118462,26.033856735118462,24.54620777882598,24.992502465713724,9351400.0
2000-06-01,False,daily,89.25,89.5,87.25,87.69,2615900.0,26.554533869820833,26.628916317635454,25.959474287303838,26.090387395457576,5231800.0
2000-05-31,False,daily,89.19,89.5,88.25,89.5,2195600.0,26.536682082345322,26.628916317635454,26.257004078562336,26.628916317635454,4391200.0
2000-05-30,False,daily,88.19,88.94,87.13,88.94,2107200.0,26.239152291086825,26.462299634530698,25.923770712352816,26.462299634530698,4214400.0
2000-05-26,False,daily,89.5,89.81,87.88,88.13,1547600.0,26.628916317635454,26.72115055292559,26.14691805579669,26.221300503611314,3095200.0
2000-05-25,False,daily,89.25,89.5,87.69,89.31,2264000.0,26.554533869820833,26.628916317635454,26.090387395457576,26.57238565729634,4528000.0
2000-05-24,False,daily,87.69,90.0,87.25,89.94,4107200.0,26.090387395457576,26.777681213264703,25.959474287303838,26.759829425789192,8214400.0
2000-05-23,False,daily,87.88,88.19,86.13,87.0,2805500.0,26.14691805579669,26.239152291086825,25.626240921094322,25.885091839489213,5611000.0
2000-05-22,False,daily,89.63,89.69,85.19,86.88,3067400.0,26.66759519049906,26.685446977974568,25.346562917311335,25.84938826453819,6134800.0
2000-05-19,False,daily,88.81,89.63,86.88,88.75,3537000.0,26.423620761667095,26.66759519049906,25.84938826453819,26.405768974191584,7074000.0
2000-05-18,False,daily,86.88,89.0,86.81,88.5,3044400.0,25.756519686513585,26.385016713854846,25.735767426176846,26.236786282878136,6088800.0
2000-05-17,False,daily,87.06,87.69,85.63,87.06,1753600.0,25.8098826416652,25.99665298469586,25.385943609071802,25.8098826416652,3507200.0
2000-05-16,False,daily,86.5,87.44,86.25,87.31,2582700.0,25.643864558971284,25.9225377692075,25.56974934348293,25.88399785715356,5165400.0
2000-05-15,False,daily,85.25,87.0,85.13,86.25,2238600.0,25.2732884815295,25.792094989947998,25.23771317809509,25.56974934348293,4477200.0
2000-05-12,False,daily,86.13,86.19,84.69,85.5,2037100.0,25.534174040048516,25.551961691765722,25.107270398835585,25.34740369701786,4074200.0
2000-05-11,False,daily,86.38,86.94,85.88,86.06,2318100.0,25.60828925553687,25.77430733823079,25.46005882456016,25.513421779711777,4636200.0
2000-05-10,False,daily,87.0,87.0,85.13,85.5,4156500.0,25.792094989947998,25.792094989947998,25.23771317809509,25.34740369701786,8313000.0
2000-05-09,False,daily,87.5,88.44,86.75,87.0,4079500.0,25.940325420924708,26.21899863116093,25.71797977445964,25.792094989947998,8159000.0
2000-05-08,False,daily,84.94,87.75,84.13,87.75,4589400.0,25.18138561432394,26.014440636413067,24.941252316141664,26.014440636413067,9178800.0
2000-05-05,False,daily,83.19,84.25,82.69,84.0,2120600.0,24.662579105905447,24.976827619576078,24.514348674928733,24.902712404087723,4241200.0
2000-05-04,False,daily,83.0,84.06,82.31,83.06,1524400.0,24.606251542134295,24.920500055804926,24.401693547386433,24.6240391938515,3048800.0
2000-05-03,False,daily,84.13,84.94,83.0,83.25,2539500.0,24.941252316141664,25.18138561432394,24.606251542134295,24.68036675762265,5079000.0
2000-05-02,False,daily,82.13,84.56,82.06,84.19,2578400.0,24.348330592234813,25.06873048678164,24.327578331898078,24.95903996785887,5156800.0
2000-05-01,False,daily,82.25,84.44,81.88,82.69,2909800.0,24.383905895669226,25.033155183347226,24.274215376746458,24.514348674928733,5819600.0
2000-04-28,False,daily,82.75,83.0,81.94,82.5,2574700.0,24.53213632664594,24.606251542134295,24.292003028463665,24.45802111115758,5149400.0
2000-04-27,False,daily,82.25,83.38,81.81,83.0,2378300.0,24.383905895669226,24.718906669676596,24.25346311640972,24.606251542134295,4756600.0
2000-04-26,False,daily,84.06,84.06,82.0,82.75,2740000.0,24.920500055804926,24.920500055804926,24.30979068018087,24.53213632664594,5480000.0
2000-04-25,False,daily,83.69,84.44,82.63,84.31,2817800.0,24.810809536882157,25.033155183347226,24.496561023211527,24.994615271293284,5635600.0
2000-04-24,False,daily,81.5,84.44,81.5,83.88,3602800.0,24.161560249204157,25.033155183347226,24.161560249204157,24.86713710065331,7205600.0
2000-04-20,False,daily,82.13,82.94,81.25,81.63,2817700.0,24.348330592234813,24.58846389041709,24.087445033715802,24.200100161258103,5635400.0
2000-04-19,False,daily,81.5,82.63,80.69,82.25,3898800.0,24.161560249204157,24.496561023211527,23.921426951021882,24.383905895669226,7797600.0
2000-04-18,False,daily,80.0,82.0,79.25,81.5,7497500.0,23.71686895627402,24.30979068018087,23.49452330980895,24.161560249204157,14995000.0
2000-04-17,False,daily,75.63,78.0,75.5,77.5,5989100.0,22.42133498953755,23.12394723236717,22.382795077483607,22.97571680139046,11978200.0
2000-04-14,False,daily,75.13,75.63,72.56,73.31,4234600.0,22.27310455856084,22.42133498953755,21.511200143340538,21.733545789805607,8469200.0
2000-04-13,False,daily,76.06,76.94,74.75,76.25,3535700.0,22.548813160177524,22.809698718696538,22.160449431018538,22.605140723948676,7071400.0
2000-04-12,False,daily,77.69,79.38,76.06,77.0,3764100.0,23.032044365161607,23.533063221862896,22.548813160177524,22.827486370413745,7528200.0
2000-04-11,False,daily,76.0,78.38,75.63,78.25,4451900.0,22.531025508460317,23.23660235990947,22.42133498953755,23.198062447855527,8903800.0
2000-04-10,False,daily,74.81,76.5,74.69,76.0,4196800.0,22.178237082735745,22.67925593943703,22.14266177930133,22.531025508460317,8393600.0
2000-04-07,False,daily,76.25,76.38,73.81,74.06,3157500.0,22.605140723948676,22.643680636002617,21.881776220782317,21.955891436270676,6315000.0
2000-04-06,False,daily,77.25,77.31,74.31,74.88,4148500.0,22.9016015859021,22.919389237619306,22.03000665175903,22.19898934307248,8297000.0
2000-04-05,False,daily,76.0,77.5,74.75,77.5,7022400.0,22.531025508460317,22.97571680139046,22.160449431018538,22.97571680139046,14044800.0
2000-04-04,False,daily,73.19,76.75,73.06,76.5,11012100.0,21.697970486371194,22.75337115492539,21.65943057431725,22.67925593943703,22024200.0
2000-04-03,False,daily,70.63,72.75,70.0,72.25,5553400.0,20.939030679770426,21.567527707111687,20.752260336739766,21.419297276134973,11106800.0
2000-03-31,False,daily,71.0,71.13,70.06,70.25,4006700.0,21.048721198693194,21.087261110747136,20.770047988456973,20.826375552228125,8013400.0
2000-03-30,False,daily,70.56,71.63,70.31,70.75,5169100.0,20.918278419433687,21.23549154172385,20.844163203945328,20.974605983204835,10338200.0
2000-03-29,False,daily,70.06,72.13,70.06,71.06,7348000.0,20.770047988456973,21.383721972700563,20.770047988456973,21.066508850410397,14696000.0
2000-03-28,False,daily,69.44,72.0,69.38,72.0,9187800.0,20.58624225404585,21.345182060646618,20.568454602328643,21.345182060646618,18375600.0
2000-03-27,False,daily,71.0,71.25,68.63,69.75,11303800.0,21.048721198693194,21.12283641418155,20.346108955863574,20.67814512125141,22607600.0
2000-03-24,False,daily,73.0,74.0,70.19,72.25,19381800.0,21.64164292260004,21.93810378455347,20.80858790051092,21.419297276134973,38763600.0
2000-03-23,False,daily,81.25,81.94,79.94,80.0,5195000.0,24.087445033715802,24.292003028463665,23.699081304556813,23.71686895627402,10390000.0
2000-03-22,False,daily,80.88,82.25,79.69,82.25,4991500.0,23.977754514793034,24.383905895669226,23.624966089068458,24.383905895669226,9983000.0
2000-03-21,False,daily,78.13,81.0,78.13,80.25,4013800.0,23.162487144421114,24.013329818227444,23.162487144421114,23.790984171762375,8027600.0
2000-03-20,False,daily,79.69,79.94,78.56,79.31,3377600.0,23.624966089068458,23.699081304556813,23.28996531506109,23.512310961526158,6755200.0
2000-03-17,False,daily,79.31,79.94,78.19,79.56,5502100.0,23.512310961526158,23.699081304556813,23.18027479613832,23.586426177014513,11004200.0
2000-03-16,False,daily,79.88,80.5,78.94,79.81,7679500.0,23.681293652839607,23.865099387250734,23.40262044260339,23.66054139250287,15359000.0
2000-03-15,False,daily,72.25,78.19,71.81,76.94,6010100.0,21.419297276134973,23.18027479613832,21.28885449687547,22.809698718696538,12020200.0
2000-03-14,False,daily,71.81,74.63,71.75,72.75,5171100.0,21.28885449687547,22.124874127584125,21.271066845158263,21.567527707111687,10342200.0
2000-03-13,False,daily,69.63,71.56,69.31,70.0,2881300.0,20.642569817816998,21.21473928138711,20.547702341991904,20.752260336739766,5762600.0
2000-03-10,False,daily,72.69,73.75,69.88,70.88,4361100.0,21.54974005539448,21.86398856906511,20.716685033305357,21.01314589525878,8722200.0
2000-03-09,False,daily,71.0,73.0,69.94,72.69,4832700.0,21.048721198693194,21.64164292260004,20.73447268502256,21.54974005539448,9665400.0
2000-03-08,False,daily,67.69,71.75,67.25,71.0,6418400.0,20.067435745627353,21.271066845158263,19.936992966367846,21.048721198693194,12836800.0
2000-03-07,False,daily,70.5,70.5,66.13,68.5,8263200.0,20.90049076771648,20.90049076771648,19.60495680098001,20.30756904380963,16526400.0
2000-03-06,False,daily,72.94,72.94,70.25,70.5,3815700.0,21.62385527088284,21.62385527088284,20.826375552228125,20.90049076771648,7631400.0
2000-03-03,False,daily,74.25,74.25,72.25,73.5,2897300.0,22.012219000041824,22.012219000041824,21.419297276134973,21.789873353576755,5794600.0
2000-03-02,False,daily,73.0,74.94,72.63,73.69,3396500.0,21.64164292260004,22.216776994789686,21.531952403677273,21.846200917347907,6793000.0
2000-03-01,False,daily,72.25,73.38,71.06,73.38,4698600.0,21.419297276134973,21.754298050142342,21.066508850410397,21.754298050142342,9397200.0
2000-02-29,False,daily,73.25,73.44,71.25,72.0,5091600.0,21.7157581380884,21.77208570185955,21.12283641418155,21.345182060646618,10183200.0
2000-02-28,False,daily,72.0,72.94,70.06,72.75,6768900.0,21.345182060646618,21.62385527088284,20.770047988456973,21.567527707111687,13537800.0
2000-02-25,False,daily,72.56,72.63,70.31,72.0,6610700.0,21.511200143340538,21.531952403677273,20.844163203945328,21.345182060646618,13221400.0
2000-02-24,False,daily,75.0,75.25,72.0,73.75,9256400.0,22.234564646506893,22.308679861995248,21.345182060646618,21.86398856906511,18512800.0
2000-02-23,False,daily,78.13,78.31,76.13,76.13,4146600.0,23.162487144421114,23.21585009957273,22.569565420514262,22.569565420514262,8293200.0
2000-02-22,False,daily,78.0,79.06,76.75,78.63,3653700.0,23.12394723236717,23.4381957460378,22.75337115492539,23.310717575397828,7307400.0
2000-02-18,False,daily,78.5,78.94,76.88,77.44,4123100.0,23.272177663343882,23.40262044260339,22.79191106697933,22.95792914967325,8246200.0
2000-02-17,False,daily,80.94,81.13,78.75,79.19,2887200.0,23.99554216651024,24.05186973028139,23.346292878832237,23.476735658091744,5774400.0
2000-02-16,False,daily,80.25,80.63,78.94,79.81,4623600.0,23.790984171762375,23.903639299304675,23.40262044260339,23.66054139250287,9247200.0
2000-02-15,False,daily,77.69,80.25,77.5,79.69,4931700.0,23.032044365161607,23.790984171762375,22.97571680139046,23.624966089068458,9863400.0
2000-02-14,False,daily,76.94,78.25,76.69,77.63,3686500.0,22.809698718696538,23.198062447855527,22.735583503208183,23.0142567134444,7373000.0
2000-02-11,False,daily,77.75,78.44,75.94,77.44,5116600.0,23.049832016878813,23.254390011626676,22.513237856743114,22.95792914967325,10233200.0
2000-02-10,False,daily,79.81,80.38,77.5,78.0,5672400.0,23.575300121402755,23.743674022783527,22.89294273159646,23.040639136316436,11344800.0
2000-02-09,False,daily,82.06,82.13,79.69,80.0,6211300.0,24.239933942642654,24.260611439303446,23.53985298426996,23.631424755196345,12422600.0
2000-02-08,False,daily,82.44,83.0,81.25,82.06,3062700.0,24.352183210229835,24.517603183516208,24.00066576699629,24.239933942642654,6125400.0
2000-02-07,False,daily,81.56,82.0,81.0,81.44,2911000.0,24.092237537922674,24.222210374076255,23.926817564636302,24.05679040078988,5822000.0
2000-02-04,False,daily,82.13,83.63,81.81,82.13,3453000.0,24.260611439303446,24.70370065346338,24.166085740282664,24.260611439303446,6906000.0
2000-02-03,False,daily,85.0,85.0,81.88,83.31,5118600.0,25.108388802396117,25.108388802396117,24.18676323694346,24.609174954442597,10237200.0
2000-02-02,False,daily,85.5,86.31,84.94,85.25,2895800.0,25.256085207116094,25.49535338276246,25.09066523382972,25.182237004756107,5791600.0
2000-02-01,False,daily,85.44,85.5,84.38,84.81,3039600.0,25.238361638549698,25.256085207116094,24.925245260543345,25.052264168602527,6079200.0
2000-01-31,False,daily,85.19,86.75,82.81,86.06,4527600.0,25.164513436189708,25.625326218916037,24.461478549722617,25.42150518040247,9055200.0
2000-01-28,False,daily,80.88,85.19,80.88,84.5,6170000.0,23.891370427503503,25.164513436189708,23.891370427503503,24.96069239767614,12340000.0
2000-01-27,False,daily,83.75,83.94,80.5,80.5,6203300.0,24.739147790596174,24.795272424389765,23.779121159916322,23.779121159916322,12406600.0
2000-01-26,False,daily,86.25,86.88,83.06,83.5,4745700.0,25.47762981419606,25.66372728414323,24.535326752082607,24.665299588236188,9491400.0
2000-01-25,False,daily,83.88,86.94,83.56,85.25,6478400.0,24.77754885582337,25.681450852709627,24.683023156802584,25.182237004756107,12956800.0
2000-01-24,False,daily,90.13,90.19,83.56,83.69,5652100.0,26.623753914823084,26.64147748338948,24.683023156802584,24.72142422202978,11304200.0
2000-01-21,False,daily,91.75,91.75,89.63,89.88,4269000.0,27.10229026611581,27.10229026611581,26.476057510103104,26.549905712463094,8538000.0
2000-01-20,False,daily,92.25,92.31,90.06,91.94,2411700.0,27.24998667083579,27.267710239402184,26.60307641816229,27.1584148999094,4823400.0
2000-01-19,False,daily,91.0,92.06,90.63,91.63,2753700.0,26.880745659035846,27.193862037042198,26.77145031954306,27.066843128983013,5507400.0
2000-01-18,False,daily,92.0,93.06,91.06,91.31,2435000.0,27.1761384684758,27.48925484648215,26.89846922760224,26.97231742996223,4870000.0
2000-01-14,False,daily,93.94,94.38,92.81,93.69,2702400.0,27.74920051878931,27.87917335494289,27.41540664412216,27.675352316429322,5404800.0
2000-01-13,False,daily,93.94,96.0,93.06,93.38,2329600.0,27.74920051878931,28.357709706235617,27.48925484648215,27.583780545502933,4659200.0
2000-01-12,False,daily,93.88,95.06,93.19,93.5,2581600.0,27.731476950222913,28.08004046536206,27.527655911709342,27.61922768263573,5163200.0
2000-01-11,False,daily,93.0,94.94,92.94,94.06,3076500.0,27.47153127791575,28.044593328229265,27.453807709349356,27.784647655922104,6153000.0
2000-01-10,False,daily,96.69,96.94,94.06,94.06,2464300.0,28.561530744749184,28.63537894710917,27.784647655922104,27.784647655922104,4928600.0
2000-01-07,False,daily,94.13,96.94,93.63,96.5,4931900.0,27.8053251525829,28.63537894710917,27.657628747862923,28.505406110955594,9863800.0
2000-01-06,False,daily,90.31,93.94,90.13,92.56,2678200.0,26.676924620522275,27.74920051878931,26.623753914823084,27.341558441762174,5356400.0
2000-01-05,False,daily,88.81,90.81,88.44,90.19,4114800.0,26.233835406362346,26.824621025242255,26.12454006686956,26.64147748338948,8229600.0
2000-01-04,False,daily,91.13,91.56,88.75,88.81,3911100.0,26.919146724263037,27.046165632322218,26.216111837795946,26.233835406362346,7822200.0
2000-01-03,False,daily,93.13,93.75,91.69,92.19,2321200.0,27.509932343142946,27.693075884995718,27.084566697549413,27.23226310226939,4642400.0
2001-12-31,False,daily,59.7,59.82,58.88,59.1,4943700.0,36.165450984653425,36.23814535849192,35.66870609675701,35.80197911546093,4943700.0
2001-12-28,False,daily,60.02,60.15,59.76,59.86,4049800.0,36.35930264822276,36.438054886547796,36.20179817157267,36.26237681643809,4049800.0
2001-12-27,False,daily,59.34,60.09,59.34,60.02,4542900.0,35.94736786313793,36.401707699628545,35.94736786313793,36.35930264822276,4542900.0
2001-12-26,False,daily,59.06,60.18,59.05,59.67,3998300.0,35.77774765751476,36.45622848000742,35.771689793028216,36.1472773911938,3998300.0
2001-12-24,False,daily,59.71,59.75,59.41,59.46,2423800.0,36.17150884913997,36.19574030708613,35.989772914543714,36.02006223697643,2423800.0
2001-12-21,False,daily,58.86,59.78,58.55,59.71,13791800.0,35.65659036778393,36.213913900545755,35.46879656870114,36.17150884913997,13791800.0
2001-12-20,False,daily,57.88,58.83,57.73,58.31,8230200.0,35.06291964810285,35.638416774324305,34.972051680804725,35.32340782102414,8230200.0
2001-12-19,False,daily,56.95,57.99,56.82,57.7,6978500.0,34.499538250854485,35.12955615745481,34.42078601252944,34.9538780873451,6978500.0
2001-12-18,False,daily,57.2,57.24,56.64,56.79,7417100.0,34.650984863018024,34.67521632096419,34.31174445177169,34.40261241906981,7417100.0
2001-12-17,False,daily,56.55,57.6,56.4,56.45,8157500.0,34.257223671392815,34.89329944247969,34.16635570409469,34.1966450265274,8157500.0
2001-12-14,False,daily,56.55,56.71,56.23,56.3,6716500.0,34.257223671392815,34.35414950317748,34.06337200782348,34.105777059229275,6716500.0
2001-12-13,False,daily,56.06,56.76,55.85,56.23,9149800.0,33.96038831155228,34.38443882561019,33.833173157334905,34.06337200782348,9149800.0
2001-12-12,False,daily,56.39,56.43,55.76,56.05,11153800.0,34.16029783960815,34.18452929755431,33.778652376956025,33.954330447065736,11153800.0
2001-12-11,False,daily,55.9,56.93,55.75,56.14,11586400.0,33.86346247976761,34.4874225218814,33.77259451246949,34.00885122744461,11586400.0
2001-12-10,False,daily,56.5,56.54,55.52,55.52,8982900.0,34.22693434896011,34.25116580690627,33.63326362927903,33.63326362927903,8982900.0
2001-12-07,False,daily,56.83,56.83,55.42,56.65,10532600.0,34.42684387701598,34.42684387701598,33.57268498441361,34.31780231625823,10532600.0
2001-12-06,False,daily,56.9,56.9,55.51,55.67,12811100.0,34.46924892842177,34.46924892842177,33.627205764792485,33.72413159657715,12811100.0
2001-12-05,False,daily,57.48,57.48,56.5,56.6,13067300.0,34.820605068641186,34.820605068641186,34.22693434896011,34.28751299382552,13067300.0
2001-12-04,False,daily,57.5,57.65,56.95,57.23,12444800.0,34.83272079761427,34.923588764912395,34.499538250854485,34.669158456477646,12444800.0
2001-12-03,False,daily,58.74,58.74,57.8,58.31,8216700.0,35.58389599394543,35.58389599394543,35.01445673221052,35.32340782102414,8216700.0
2001-11-30,False,daily,58.23,58.3,57.51,58.25,13867800.0,35.274944905131804,35.3173499565376,34.83877866210081,35.28706063410489,13867800.0
2001-11-29,False,daily,58.85,59.21,58.0,58.48,12480300.0,35.650532503297384,35.86861562481288,35.13561402194135,35.42639151729534,12480300.0
2001-11-28,False,daily,60.23,60.23,59.9,59.99,7277100.0,36.486517802440126,36.486517802440126,36.28660827438426,36.34112905476313,7277100.0
2001-11-27,False,daily,60.0,60.73,59.91,60.01,6893500.0,36.34718691924967,36.789411026767205,36.29266613887079,36.353244783736216,6893500.0
2001-11-26,False,daily,60.71,60.8,60.01,60.5,6273100.0,36.777295297794126,36.831816078173,36.353244783736216,36.65008014357675,6273100.0
2001-11-23,False,daily,60.97,60.97,60.37,60.97,2482700.0,36.93479977444421,36.93479977444421,36.571327905251714,36.93479977444421,2482700.0
2001-11-21,False,daily,60.95,60.95,60.41,60.85,6139100.0,36.92268404547113,36.92268404547113,36.59555936319788,36.86210540060571,6139100.0
2001-11-20,False,daily,59.4,60.85,59.25,60.78,7344100.0,35.98371505005718,36.86210540060571,35.892847082759054,36.81970034919992,7344100.0
2001-11-19,False,daily,59.81,60.1,59.25,59.9,5998200.0,36.232087494005384,36.40776556411509,35.892847082759054,36.28660827438426,5998200.0
2001-11-16,False,daily,60.0,60.14,59.38,59.92,5750200.0,36.34718691924967,36.43199702206125,35.97159932108409,36.29872400335734,5750200.0
2001-11-15,False,daily,60.25,60.69,59.56,60.0,6663800.0,36.389319820337434,36.6550675501457,35.972579062229,36.23832679203728,6663800.0
2001-11-14,False,daily,59.65,60.25,59.31,60.07,6623500.0,36.026936552417055,36.389319820337434,35.82158603392885,36.28060483996132,6623500.0
2001-11-13,False,daily,59.1,59.79,59.08,59.65,5801700.0,35.69475189015672,36.11149264826515,35.682672447892706,36.026936552417055,5801700.0
2001-11-12,False,daily,59.1,59.79,58.84,59.02,4374800.0,35.69475189015672,36.11149264826515,35.537719140724555,35.64643412110067,4374800.0
2001-11-09,False,daily,59.0,59.78,58.92,59.56,5831400.0,35.63435467883666,36.10545292713314,35.58603690978061,35.972579062229,5831400.0
2001-11-08,False,daily,59.37,59.8,58.65,59.0,7511200.0,35.85782436072088,36.11753236939715,35.422964439216436,35.63435467883666,7511200.0
2001-11-07,False,daily,59.85,59.85,58.5,58.75,7599000.0,36.147730975057186,36.147730975057186,35.332368622236345,35.4833616505365,7599000.0
2001-11-06,False,daily,58.73,59.0,57.95,59.0,6896700.0,35.471282208272484,35.63435467883666,35.000183959976006,35.63435467883666,6896700.0
2001-11-05,False,daily,59.12,59.28,58.07,58.48,7607300.0,35.70683133242073,35.80346687053283,35.072660613560075,35.32028917997233,7607300.0
2001-11-02,False,daily,58.87,59.18,58.56,58.98,4489600.0,35.55583830412057,35.743069659212765,35.36860694902838,35.62227523657264,4489600.0
2001-11-01,False,daily,57.58,59.33,57.53,58.87,6926800.0,34.776714278091774,35.833665476192856,34.74651567243174,35.55583830412057,6926800.0
2001-10-31,False,daily,57.99,58.49,57.55,57.91,7082500.0,35.02434284450403,35.32632890110434,34.75859511469575,34.97602507544798,7082500.0
2001-10-30,False,daily,59.1,59.1,57.7,57.85,8137200.0,35.69475189015672,35.69475189015672,34.84919093167585,34.93978674865594,8137200.0
2001-10-29,False,daily,58.15,59.47,58.07,58.56,6316900.0,35.12097838261612,35.91822157204095,35.072660613560075,35.36860694902838,6316900.0
2001-10-26,False,daily,58.8,58.99,58.25,58.67,5503500.0,35.51356025619653,35.62831495770465,35.18137559393619,35.43504388148045,5503500.0
2001-10-25,False,daily,58.8,59.08,57.8,58.97,6093800.0,35.51356025619653,35.682672447892706,34.90958814299591,35.616235515440636,6093800.0
2001-10-24,False,daily,59.66,59.66,58.75,59.26,8644000.0,36.03297627354906,36.03297627354906,35.4833616505365,35.79138742826881,8644000.0
2001-10-23,False,daily,58.98,59.32,58.42,58.85,7230900.0,35.62227523657264,35.82762575506086,35.2840508531803,35.54375886185656,7230900.0
2001-10-22,False,daily,58.42,59.08,58.2,58.97,9164400.0,35.2840508531803,35.682672447892706,35.15117698827616,35.616235515440636,9164400.0
2001-10-19,False,daily,58.08,58.6,57.8,58.42,7054800.0,35.07870033469208,35.39276583355641,34.90958814299591,35.2840508531803,7054800.0
2001-10-18,False,daily,58.0,58.4,57.65,58.08,8906800.0,35.03038256563603,35.27197141091628,34.81899232601582,35.07870033469208,8906800.0
2001-10-17,False,daily,57.45,58.15,57.0,57.77,12369400.0,34.69819790337569,35.12097838261612,34.42641045243541,34.89146897959989,12369400.0
2001-10-16,False,daily,55.7,57.1,55.7,56.77,14154300.0,33.641246705274604,34.48680766375548,33.641246705274604,34.28749686639927,14154300.0
2001-10-15,False,daily,55.15,55.72,54.86,55.72,4815600.0,33.309062043014265,33.653326147538614,33.13391013018608,33.653326147538614,4815600.0
2001-10-12,False,daily,54.5,55.48,54.3,55.35,5597700.0,32.91648016943386,33.50837284037047,32.79568574679374,33.42985646565439,5597700.0
2001-10-11,False,daily,55.15,55.43,53.9,54.94,10660100.0,33.309062043014265,33.47817423471044,32.55409690151349,33.18222789924213,10660100.0
2001-10-10,False,daily,55.06,56.23,55.0,56.04,6301500.0,33.25470455282621,33.96135192527093,33.21846622603417,33.846597223762814,6301500.0
2001-10-09,False,daily,55.8,55.8,55.12,55.44,4072300.0,33.70164391659466,33.70164391659466,33.29094287961824,33.48421395584244,4072300.0
2001-10-08,False,daily,56.08,56.08,55.05,55.77,5459000.0,33.87075610829084,33.87075610829084,33.2486648316942,33.683524753198654,5459000.0
2001-10-05,False,daily,55.7,55.7,54.56,55.49,6698900.0,33.641246705274604,33.641246705274604,32.9527184962259,33.514412561502475,6698900.0
2001-10-04,False,daily,55.25,55.25,54.28,54.45,8284000.0,33.36945925433432,33.36945925433432,32.78360630452973,32.88628156377383,8284000.0
2001-10-03,False,daily,54.45,54.45,53.05,54.27,10885800.0,32.88628156377383,32.88628156377383,32.040720605292954,32.77756658339772,10885800.0
2001-10-02,False,daily,54.55,55.15,53.76,54.99,9826400.0,32.946678775093886,33.309062043014265,32.469540805665396,33.21242650490216,9826400.0
2001-10-01,False,daily,55.4,55.45,54.55,55.42,8417200.0,33.460055071314414,33.490253676974454,32.946678775093886,33.47213451357843,8417200.0
2001-09-28,False,daily,55.2,55.4,54.4,55.4,10683400.0,33.3392606486743,33.460055071314414,32.856082958113795,33.460055071314414,10683400.0
2001-09-27,False,daily,54.23,55.04,53.77,54.48,10007400.0,32.75340769886969,33.242625110562194,32.47558052679741,32.90440072716984,10007400.0
2001-09-26,False,daily,53.43,54.13,52.6,54.13,9099400.0,32.27023000830919,32.69301048754963,31.76893315435268,32.69301048754963,9099400.0
2001-09-25,False,daily,52.41,53.15,52.0,52.94,9199300.0,31.654178452844558,32.10111781661302,31.406549886432305,31.97428367284089,9199300.0
2001-09-24,False,daily,53.65,53.8,51.75,52.41,12970200.0,32.40310387321333,32.493699690193424,31.255556858132152,31.654178452844558,12970200.0
2001-09-21,False,daily,55.0,55.0,50.2,52.24,16859600.0,33.21846622603417,33.21846622603417,30.31940008267119,31.551503193600457,16859600.0
2001-09-20,False,daily,53.24,53.24,52.35,52.35,9463300.0,32.15547530680108,32.15547530680108,31.617940126052524,31.617940126052524,9463300.0
2001-09-19,False,daily,54.51,54.51,52.1,53.54,11933800.0,32.922519890565866,32.922519890565866,31.46694709775237,32.33666694076126,11933800.0
2001-09-18,False,daily,54.55,55.0,53.37,54.5,13398000.0,32.946678775093886,33.21846622603417,32.23399168151715,32.91648016943386,13398000.0
2001-09-17,False,daily,57.0,57.0,54.81,55.82,12235300.0,34.42641045243541,34.42641045243541,33.103711524526055,33.71372335885868,12235300.0
2001-09-10,False,daily,55.7,56.25,55.06,55.62,6714100.0,33.641246705274604,33.97343136753495,33.25470455282621,33.592928936218556,6714100.0
2001-09-07,False,daily,55.8,56.25,54.9,55.73,9129200.0,33.70164391659466,33.97343136753495,33.15806901471411,33.65936586867062,9129200.0
2001-09-06,False,daily,56.5,57.16,56.15,56.94,14478600.0,34.1244243958351,34.52304599054751,33.913034156214884,34.390172125643375,14478600.0
2001-09-05,False,daily,55.45,56.5,55.25,56.24,11788600.0,33.490253676974454,34.1244243958351,33.36945925433432,33.967391646402945,11788600.0
2001-09-04,False,daily,55.75,56.81,55.0,56.15,18472000.0,33.67144531093464,34.311655750927294,33.21846622603417,33.913034156214884,18472000.0
2001-08-31,False,daily,53.2,53.2,52.3,52.71,6947500.0,32.13131642227305,32.13131642227305,31.58774152039249,31.835370086804748,6947500.0
2001-08-30,False,daily,53.29,54.0,52.81,53.09,5855600.0,32.185673912461105,32.61449411283355,31.89576729812481,32.06487948982099,5855600.0
2001-08-29,False,daily,53.88,53.96,53.14,53.28,4759800.0,32.54201745924948,32.59033522830553,32.095078095481014,32.1796341913291,4759800.0
2001-08-28,False,daily,54.21,54.48,53.7,53.87,4415700.0,32.74132825660568,32.90440072716984,32.433302478873365,32.53597773811747,4415700.0
2001-08-27,False,daily,54.5,54.74,54.3,54.35,3922400.0,32.91648016943386,33.06143347660201,32.79568574679374,32.82588435245377,3922400.0
2001-08-24,False,daily,54.31,55.0,54.28,54.6,5730100.0,32.80172546792574,33.21846622603417,32.78360630452973,32.97687738075392,5730100.0
2001-08-23,False,daily,54.05,55.1,54.04,54.64,5555100.0,32.64469271849358,33.27886343735423,32.638652997361575,33.00103626528195,5555100.0
2001-08-22,False,daily,54.38,54.9,53.93,54.78,6658000.0,32.844003515849785,33.15806901471411,32.572216064909504,33.08559236113003,6658000.0
2001-08-21,False,daily,54.0,54.94,54.0,54.3,7946000.0,32.61449411283355,33.18222789924213,32.61449411283355,32.79568574679374,7946000.0
2001-08-20,False,daily,54.0,55.0,54.0,54.85,8908400.0,32.61449411283355,33.21846622603417,32.61449411283355,33.127870409054076,8908400.0
2001-08-17,False,daily,54.93,55.12,53.05,53.75,13234400.0,33.176188178110124,33.29094287961824,32.040720605292954,32.46350108453339,13234400.0
2001-08-16,False,daily,56.57,56.6,54.58,54.89,11491500.0,34.05266561008816,34.070724297878556,32.85477265332529,33.04137909382604,11491500.0
2001-08-15,False,daily,57.15,57.6,56.8,57.0,10725100.0,34.401800240702464,34.67268055755839,34.19111554981452,34.31150680175049,10725100.0
2001-08-14,False,daily,56.0,57.05,55.95,56.99,11513500.0,33.70955054207066,34.34160461473448,33.67945272908666,34.30548723915369,11513500.0
2001-08-13,False,daily,55.02,55.98,55.02,55.7,8773700.0,33.11963340758442,33.697511416877056,33.11963340758442,33.52896366416671,8773700.0
2001-08-10,False,daily,54.1,55.05,53.96,55.02,8399200.0,32.565833648678975,33.13769209537481,32.4815597723238,33.11963340758442,8399200.0
2001-08-09,False,daily,53.6,54.05,53.5,53.86,4991400.0,32.264855518839056,32.53573583569498,32.20465989287107,32.42136414635581,4991400.0
2001-08-08,False,daily,53.2,54.19,53.2,53.71,4329000.0,32.02407301496712,32.620009712050155,32.02407301496712,32.33107070740384,4329000.0
2001-08-07,False,daily,52.65,53.99,52.55,53.98,5419100.0,31.692997072143214,32.49961846011419,31.63280144617523,32.49359889751739,5419100.0
2001-08-06,False,daily,53.7,54.05,53.02,53.36,6292800.0,32.32505114480704,32.53573583569498,31.915720888224755,32.120386016515894,6292800.0
2001-08-03,False,daily,53.3,53.75,52.88,53.58,4769600.0,32.08426864093511,32.35514895779103,31.831447011869578,32.25281639364546,4769600.0
2001-08-02,False,daily,53.8,54.0,52.81,53.19,5775200.0,32.38524677077502,32.50563802271099,31.78931007369199,32.018053452370324,5775200.0
2001-08-01,False,daily,54.1,54.24,53.2,53.8,6722900.0,32.565833648678975,32.65010752503415,32.02407301496712,32.38524677077502,6722900.0
2001-07-31,False,daily,52.92,54.39,52.65,54.1,8646900.0,31.85552526225677,32.740400963986126,31.692997072143214,32.565833648678975,8646900.0
2001-07-30,False,daily,53.02,53.15,52.15,52.92,5332100.0,31.915720888224755,31.99397520198313,31.392018942303295,31.85552526225677,5332100.0
2001-07-27,False,daily,53.2,53.53,52.76,53.01,4689600.0,32.02407301496712,32.22271858066147,31.759212260707994,31.909701325627953,4689600.0
2001-07-26,False,daily,52.1,53.45,52.1,53.19,6024700.0,31.361921129319306,32.17456207988708,31.361921129319306,32.018053452370324,6024700.0
2001-07-25,False,daily,52.85,53.25,52.15,52.7,9277100.0,31.81338832407918,32.05417082795111,31.392018942303295,31.723094885127207,9277100.0
2001-07-24,False,daily,53.3,53.94,52.63,52.71,7183500.0,32.08426864093511,32.469520647130196,31.68095794694962,31.729114447724005,7183500.0
2001-07-23,False,daily,54.24,54.35,53.41,53.6,5013800.0,32.65010752503415,32.716322713598935,32.15048382949988,32.264855518839056,5013800.0
2001-07-20,False,daily,53.87,54.89,53.61,54.49,7102300.0,32.42738370895261,33.04137909382604,32.270875081435854,32.80059658995411,7102300.0
2001-07-19,False,daily,54.7,54.92,53.76,54.2,9300600.0,32.92700740448687,33.05943778161644,32.36116852038783,32.62602927464696,9300600.0
2001-07-18,False,daily,54.78,54.92,53.8,54.4,12274300.0,32.97516390526126,33.05943778161644,32.38524677077502,32.746420526582924,12274300.0
2001-07-17,False,daily,53.06,54.98,52.0,54.91,12244400.0,31.939799138611946,33.095555157197225,31.30172550335132,33.05341821901963,12244400.0
2001-07-16,False,daily,53.05,54.0,52.82,53.73,6763900.0,31.933779576015144,32.50563802271099,31.795329636288788,32.343109832597435,6763900.0
2001-07-13,False,daily,52.6,53.63,52.6,53.05,5603800.0,31.662899259159225,32.28291420662945,31.662899259159225,31.933779576015144,5603800.0
2001-07-12,False,daily,53.49,53.74,52.58,52.84,11805700.0,32.19864033027427,32.34912939519423,31.650860133965626,31.807368761482383,11805700.0
2001-07-11,False,daily,53.0,53.7,52.6,53.49,12541900.0,31.903681763031155,32.32505114480704,31.662899259159225,32.19864033027427,12541900.0
2001-07-10,False,daily,51.95,52.85,51.5,52.5,8461800.0,31.271627690367332,31.81338832407918,31.000747373511405,31.60270363319124,8461800.0
2001-07-09,False,daily,51.0,52.25,50.18,52.12,8930300.0,30.69976924367149,31.45221456827128,30.206165110734027,31.3739602545129,8930300.0
2001-07-06,False,daily,50.58,50.65,50.0,50.41,5774700.0,30.446947614605957,30.48908455278355,30.097812983991655,30.344615050460387,5774700.0
2001-07-05,False,daily,50.51,51.04,50.5,50.91,4802400.0,30.40481067642837,30.72384749405868,30.398791113831575,30.645593180300303,4802400.0
2001-07-03,False,daily,51.2,51.3,50.67,51.04,3207200.0,30.820160495607457,30.88035612157544,30.501123677977144,30.72384749405868,3207200.0
2001-07-02,False,daily,50.1,51.94,50.1,51.19,9186000.0,30.15800860995964,31.26560812777053,30.15800860995964,30.814140933010655,9186000.0
2001-06-29,False,daily,52.01,52.31,49.13,49.96,15867200.0,31.30774506594812,31.48833194385207,29.574111038070203,30.073734733604464,15867200.0
2001-06-28,False,daily,50.3,52.59,50.25,52.2,8411200.0,30.278399861895604,31.656879696562427,30.248302048911615,31.42211675528729,8411200.0
2001-06-27,False,daily,51.5,51.5,50.61,50.7,9671000.0,31.000747373511405,31.000747373511405,30.465006302396354,30.51918236576754,9671000.0
2001-06-26,False,daily,51.05,51.85,50.49,51.11,9282500.0,30.72986705665548,31.21143206439935,30.392771551234777,30.76598443223627,9282500.0
2001-06-25,False,daily,51.75,52.3,51.52,51.6,10655100.0,31.151236438431365,31.48231238125527,31.012786498705005,31.06094299947939,10655100.0
2001-06-22,False,daily,52.0,52.79,51.56,52.39,10476800.0,31.30172550335132,31.77727094849839,31.036864749092196,31.536488444626457,10476800.0
2001-06-21,False,daily,53.3,53.73,52.71,53.02,7974000.0,32.08426864093511,32.343109832597435,31.729114447724005,31.915720888224755,7974000.0
2001-06-20,False,daily,53.5,54.2,53.5,53.61,9369500.0,32.20465989287107,32.62602927464696,32.20465989287107,32.270875081435854,9369500.0
2001-06-19,False,daily,52.54,53.37,52.3,53.28,8909900.0,31.62678188357843,32.12640557911269,31.48231238125527,32.07222951574151,8909900.0
2001-06-18,False,daily,51.5,52.73,51.49,52.03,6622300.0,31.000747373511405,31.7411535729176,30.994727810914608,31.319784191141718,6622300.0
2001-06-15,False,daily,50.99,52.25,50.9,52.04,10441500.0,30.693749681074692,31.45221456827128,30.639573617703505,31.325803753738516,10441500.0
2001-06-14,False,daily,51.13,51.21,50.75,50.91,5440200.0,30.77802355742987,30.826180058204255,30.54928017875153,30.645593180300303,5440200.0
2001-06-13,False,daily,50.55,51.0,50.5,50.71,2931850.0,30.428888926815564,30.69976924367149,30.398791113831575,30.52520192836434,2931850.0
2001-06-12,False,daily,101.3,102.0,100.8,101.8,4719700.0,30.48908455278355,30.69976924367149,30.33859548786359,30.639573617703505,9439400.0
2001-06-11,False,daily,101.2,101.7,100.1,101.4,3146500.0,30.458986739799556,30.609475804719516,30.127910796975645,30.51918236576754,6293000.0
2001-06-08,False,daily,102.8,103.0,101.1,102.0,2731900.0,30.94055174754342,31.000747373511405,30.428888926815564,30.69976924367149,5463800.0
2001-06-07,False,daily,103.1,103.5,102.7,103.1,4515600.0,31.030845186495394,31.151236438431365,30.91045393455943,31.030845186495394,9031200.0
2001-06-06,False,daily,102.2,103.5,101.9,103.1,5292700.0,30.759964869639475,31.151236438431365,30.6696714306875,31.030845186495394,10585400.0
2001-06-05,False,daily,100.5,102.5,100.5,102.2,5312600.0,30.248302048911615,30.85025830859145,30.248302048911615,30.759964869639475,10625200.0
2001-06-04,False,daily,98.0,100.6,97.9,100.1,4591200.0,29.495856724311825,30.278399861895604,29.465758911327832,30.127910796975645,9182400.0
2001-06-01,False,daily,96.96,98.19,96.6,98.0,3997300.0,29.182839469278306,29.553042568981407,29.07448734253594,29.495856724311825,7994600.0
2001-05-31,False,daily,97.9,97.91,96.4,96.95,4192000.0,29.465758911327832,29.46876869262623,29.014291716567957,29.17982968797991,8384000.0
2001-05-30,False,daily,97.85,98.1,96.5,97.1,4857200.0,29.450710004835834,29.525954537295814,29.04438952955195,29.224976407455898,9714400.0
2001-05-29,False,daily,97.25,98.1,97.0,97.44,4243700.0,29.270123126931885,29.525954537295814,29.194878594471906,29.327308971601468,8487400.0
2001-05-25,False,daily,97.65,97.74,96.95,97.25,2194400.0,29.390514378867856,29.417602410553442,29.17982968797991,29.270123126931885,4388800.0
2001-05-24,False,daily,98.4,98.4,96.79,97.45,5298600.0,29.61624797624779,29.61624797624779,29.131673187205525,29.33031875289987,10597200.0
2001-05-23,False,daily,99.55,99.75,97.4,97.73,5113100.0,29.962372825563694,30.022568451531676,29.315269846407876,29.414592629255047,10226200.0
2001-05-22,False,daily,100.6,100.6,98.75,99.0,3296300.0,30.278399861895604,30.278399861895604,29.72159032169176,29.79683485415174,6592600.0
2001-05-21,False,daily,100.5,101.0,99.33,100.6,4043200.0,30.248302048911615,30.398791113831575,29.89615763699891,30.278399861895604,8086400.0
2001-05-18,False,daily,102.0,102.0,99.45,101.0,5889800.0,30.69976924367149,30.69976924367149,29.9322750125797,30.398791113831575,11779600.0
2001-05-17,False,daily,99.6,101.2,98.9,100.7,4972400.0,29.870951015564568,30.350805650352754,29.66101461284474,30.200851076981447,9944800.0
2001-05-16,False,daily,97.5,100.1,96.9,99.77,5659500.0,29.241141807405075,30.020905588935875,29.061196319359507,29.92193557051081,11319000.0
2001-05-15,False,daily,97.79,97.95,96.36,97.08,4516800.0,29.328115459960436,29.376100923439253,28.899245380118494,29.115179965773176,9033600.0
2001-05-14,False,daily,97.45,97.99,97.38,97.79,2040600.0,29.226146350067946,29.388097289308956,29.20515270979596,29.328115459960436,4081200.0
2001-05-11,False,daily,97.52,97.82,96.98,97.26,3560400.0,29.247139990339925,29.33711273436271,29.085189051098915,29.16916361218685,7120800.0
2001-05-10,False,daily,98.25,98.48,97.1,97.24,6233900.0,29.466073667462037,29.53505277121284,29.121178148708026,29.163165429251993,12467800.0
2001-05-09,False,daily,97.95,98.37,97.0,98.25,4544300.0,29.376100923439253,29.50206276507115,29.091187234033768,29.466073667462037,9088600.0
2001-05-08,False,daily,98.1,98.1,97.0,97.95,2623400.0,29.421087295450643,29.421087295450643,29.091187234033768,29.376100923439253,5246800.0
2001-05-07,False,daily,98.2,98.4,97.36,98.1,3125600.0,29.45107821012491,29.51106003947343,29.199154526861108,29.421087295450643,6251200.0
2001-05-04,False,daily,96.77,97.86,96.6,97.76,2823800.0,29.022208130282962,29.349109100232415,28.97122357533672,29.319118185558157,5647600.0
2001-05-03,False,daily,97.72,97.72,96.06,96.76,3181600.0,29.30712181968845,29.30712181968845,28.80927263609571,29.01920903881554,6363200.0
2001-05-02,False,daily,96.8,98.0,95.82,97.5,5336400.0,29.03120540468524,29.391096380776382,28.737294440877477,29.241141807405075,10672800.0
2001-05-01,False,daily,96.6,97.59,96.25,96.8,4573700.0,28.97122357533672,29.26813363061191,28.866255373976806,29.03120540468524,9147400.0
2001-04-30,False,daily,95.9,96.7,95.8,96.48,4331500.0,28.76128717261689,29.001214490010984,28.731296257942628,28.935234477727608,8663000.0
2001-04-27,False,daily,95.55,95.7,94.4,95.38,4373500.0,28.656318971256972,28.701305343268366,28.311423452502968,28.605334416310725,8747000.0
2001-04-26,False,daily,93.75,95.7,92.58,95.55,5425000.0,28.116482507120264,28.701305343268366,27.765588805431403,28.656318971256972,10850000.0
2001-04-25,False,daily,92.52,94.18,92.5,94.0,3247000.0,27.747594256626844,28.245443440219592,27.741596073691994,28.19145979380592,6494000.0
2001-04-24,False,daily,92.5,92.89,92.05,92.51,3934700.0,27.741596073691994,27.858560640921613,27.606636957657816,27.74459516515942,7869400.0
2001-04-23,False,daily,92.35,93.1,90.87,91.9,3230600.0,27.6966097016806,27.921541561737563,27.252744164501532,27.561650585646426,6461200.0
2001-04-20,False,daily,91.92,92.7,90.91,92.11,4259100.0,27.56764876858128,27.801577903040517,27.264740530371235,27.624631506462375,8518200.0
2001-04-19,False,daily,93.26,93.27,91.72,92.85,3685800.0,27.969527025216383,27.972526116683806,27.507666939232752,27.846564275051907,7371600.0
2001-04-18,False,daily,94.45,94.45,91.68,93.95,6417000.0,28.326418909840097,28.326418909840097,27.49567057336305,28.17646433646879,12834000.0
2001-04-17,False,daily,92.85,94.65,92.82,94.45,5043800.0,27.846564275051907,28.38640073918862,27.837567000649628,28.326418909840097,10087600.0
2001-04-16,False,daily,91.5,92.9,91.01,92.6,3131300.0,27.441686926949377,27.861559732389043,27.294731445045496,27.771586988366256,6262600.0
2001-04-12,False,daily,90.15,91.4,90.13,90.95,5434100.0,27.03680957884685,27.41169601227512,27.030811395911993,27.27673689624094,10868200.0
2001-04-11,False,daily,91.51,92.06,90.31,90.84,7649500.0,27.444686018416807,27.609636049125243,27.084795042325666,27.243746890099253,15299000.0
2001-04-10,False,daily,92.4,92.5,90.9,92.03,8144900.0,27.711605159017733,27.741596073691994,27.261741438903808,27.600638774722963,16289800.0
2001-04-09,False,daily,90.85,91.24,90.18,91.24,5073500.0,27.246745981566676,27.363710548796295,27.045806853249125,27.363710548796295,10147000.0
2001-04-06,False,daily,88.7,91.5,88.51,90.39,7207600.0,26.601941316070054,27.441686926949377,26.544958578188957,27.108787774065075,14415200.0
2001-04-05,False,daily,86.91,89.0,86.09,88.88,6727600.0,26.065103943400768,26.691914060092838,25.819178443071827,26.655924962483724,13455200.0
2001-04-04,False,daily,86.12,87.48,85.19,86.91,6189400.0,25.828175717474103,26.23605215704406,25.549260211003467,26.065103943400768,12378800.0
2001-04-03,False,daily,86.7,87.7,85.8,86.11,5558200.0,26.002123022584822,26.302032169327436,25.732204790516466,25.825176626006677,11116400.0
2001-04-02,False,daily,87.5,87.6,86.01,87.32,5736300.0,26.242050339978913,26.272041254653175,25.795185711332415,26.18806669356524,11472600.0
2001-03-30,False,daily,89.0,89.23,87.22,87.47,7810300.0,26.691914060092838,26.76089316384364,26.15807577889098,26.233053065576634,15620600.0
2001-03-29,False,daily,86.28,88.6,86.1,88.38,9989600.0,25.876161180952924,26.57195040139579,25.82217753453925,26.505970389112413,19979200.0
2001-03-28,False,daily,83.5,86.34,83.5,86.28,17227500.0,25.04241375300845,25.89415572975748,25.04241375300845,25.876161180952924,34455000.0
2001-03-27,False,daily,83.3,83.3,80.5,83.25,33022700.0,24.982431923659924,24.982431923659924,24.1426863127806,24.967436466322795,66045400.0
2001-03-26,False,daily,86.25,87.5,85.02,85.38,8504100.0,25.867163906550644,26.242050339978913,25.498275656057224,25.606242948884567,17008200.0
2001-03-23,False,daily,87.65,88.8,86.9,88.21,5745100.0,26.287036711990307,26.63193223074431,26.062104851933345,26.45498583416617,11490200.0
2001-03-22,False,daily,86.1,88.0,83.68,87.8,6782500.0,25.82217753453925,26.39200491335022,25.09639739942212,26.332023084001698,13565000.0
2001-03-21,False,daily,90.5,90.55,86.35,87.23,5932900.0,27.141777780206763,27.15677323754389,25.897154821224902,26.16107487035841,11865800.0
2001-03-20,False,daily,91.85,92.32,90.68,90.8,3194500.0,27.546655128309293,27.68761242727832,27.195761426620436,27.231750524229547,6389000.0
2001-03-19,False,daily,91.2,92.45,90.9,91.95,2879300.0,27.351714182926592,27.726600616354865,27.261741438903808,27.576646042983555,5758600.0
2001-03-16,False,daily,93.0,94.1,91.5,91.99,5641300.0,27.8915506470633,28.221450708480177,27.441686926949377,27.588642408853257,11282600.0
2001-03-15,False,daily,93.0,93.35,92.01,93.35,3735900.0,27.8915506470633,27.996518848423214,27.594640591788114,27.996518848423214,7471800.0
2001-03-14,False,daily,93.9,94.07,92.08,93.25,3472200.0,28.161468879131657,28.2124534340779,27.615634232060096,27.966527933748957,6944400.0
2001-03-13,False,daily,94.9,94.91,92.49,94.15,4983400.0,28.461378025874275,28.464377117341698,27.738596982224568,28.236446165817313,9966800.0
2001-03-12,False,daily,96.7,97.0,94.55,94.95,3373100.0,29.001214490010984,29.091187234033768,28.356409824514355,28.476373483211404,6746200.0
2001-03-09,False,daily,98.0,98.25,95.42,96.7,4145800.0,29.391096380776382,29.466073667462037,28.617330782180435,29.001214490010984,8291600.0
2001-03-08,False,daily,94.8,98.0,94.45,97.87,3948700.0,28.43138711120001,29.391096380776382,28.326418909840097,29.352108191699845,7897400.0
2001-03-07,False,daily,96.8,96.8,94.2,94.8,3476300.0,29.03120540468524,29.03120540468524,28.25144162315444,28.43138711120001,6952600.0
2001-03-06,False,daily,98.25,98.25,96.45,96.8,3023000.0,29.466073667462037,29.466073667462037,28.92623720332533,29.03120540468524,6046000.0
2001-03-05,False,daily,98.25,98.75,97.35,98.48,2140200.0,29.466073667462037,29.616028240833344,29.19615543539368,29.53505277121284,4280400.0
2001-03-02,False,daily,99.3,99.85,97.4,99.15,3481700.0,29.780978271541784,29.94592830225022,29.211150892730814,29.735991899530394,6963400.0
2001-03-01,False,daily,97.8,99.45,97.79,99.08,5137900.0,29.33111455142786,29.825964643553178,29.328115459960436,29.714998259258408,10275800.0
2001-02-28,False,daily,96.15,97.92,96.1,97.33,3456400.0,28.836264459302544,29.367103649036974,28.821269001965412,29.190157252458828,6912800.0
2001-02-27,False,daily,95.75,96.45,95.4,95.95,2213300.0,28.716300800605495,28.92623720332533,28.611332599245582,28.77628262995402,4426600.0
2001-02-26,False,daily,95.51,95.98,94.3,95.75,2561400.0,28.64432260538727,28.7852799043563,28.281432537828703,28.716300800605495,5122800.0
2001-02-23,False,daily,95.2,95.8,94.61,95.49,2773600.0,28.55135076989706,28.731296257942628,28.374404373318914,28.638324422452413,5547200.0
2001-02-22,False,daily,96.92,97.64,95.1,96.52,2792900.0,29.067194502294356,29.283129087949042,28.521359855222794,28.94723084359731,5585800.0
2001-02-21,False,daily,96.83,97.85,96.36,96.91,2803400.0,29.04020267908752,29.346110008764988,28.899245380118494,29.06419541082693,5606800.0
2001-02-20,False,daily,94.6,96.05,94.6,96.03,2677000.0,28.371405281851487,28.80627354462828,28.371405281851487,28.80027536169343,5354000.0
2001-02-16,False,daily,93.5,94.77,93.24,94.53,3942900.0,28.041505220434612,28.42238983679773,27.96352884228153,28.350411641579505,7885800.0
2001-02-15,False,daily,95.45,95.7,93.65,94.2,4038600.0,28.62632805658271,28.701305343268366,28.086491592446006,28.25144162315444,8077200.0
2001-02-14,False,daily,96.9,96.95,95.0,95.65,2880100.0,28.962808858269845,28.977753548083193,28.394910645362593,28.589191612936126,5760200.0
2001-02-13,False,daily,97.5,97.95,96.5,96.9,4123000.0,29.142145136030027,29.276647344350167,28.843251339763054,28.962808858269845,8246000.0
2001-02-12,False,daily,96.5,98.25,96.5,98.1,4473300.0,28.843251339763054,29.36631548323026,28.843251339763054,29.321481413790213,8946600.0
2001-02-09,False,daily,95.6,95.99,94.95,94.98,2900200.0,28.574246923122775,28.690815503666897,28.379965955549245,28.388932769437254,5800400.0
2001-02-08,False,daily,94.7,95.3,94.25,94.63,2351500.0,28.3052425064825,28.484578784242682,28.17074029816236,28.28431994074381,4703000.0
2001-02-07,False,daily,94.2,95.35,93.64,94.9,2716800.0,28.155795608349013,28.49952347405603,27.988415082439506,28.365021265735898,5433600.0
2001-02-06,False,daily,93.93,94.4,93.2,93.42,2576900.0,28.075094283356933,28.215574367602407,27.85690181208204,27.922658447260773,5153800.0
2001-02-05,False,daily,95.35,95.75,93.71,93.93,2835700.0,28.49952347405603,28.61908099256282,28.009337648178192,28.075094283356933,5671400.0
2001-02-02,False,daily,94.5,95.61,94.49,95.1,3262300.0,28.245463747229106,28.577235861085448,28.242474809266433,28.42480002498929,6524600.0
2001-02-01,False,daily,93.13,94.34,93.13,93.87,3106600.0,27.83597924634335,28.19764073982639,27.83597924634335,28.057160655580912,6213200.0
2001-01-31,False,daily,92.99,93.37,90.71,93.13,4297600.0,27.794134114865972,27.907713757447425,27.112656259377268,27.83597924634335,8595200.0
2001-01-30,False,daily,92.0,93.0,91.51,91.6,2511700.0,27.498229256561668,27.797123052828642,27.35177129639085,27.378671738054877,5023400.0
2001-01-29,False,daily,92.5,93.0,91.51,91.6,2600600.0,27.647676154695155,27.797123052828642,27.35177129639085,27.378671738054877,5201200.0
2001-01-26,False,daily,92.75,93.5,91.75,91.94,3319000.0,27.7223996037619,27.94656995096213,27.423505807494923,27.480295628785647,6638000.0
2001-01-25,False,daily,90.63,92.31,90.5,91.75,3952200.0,27.08874475567591,27.59088633340443,27.049888562161208,27.423505807494923,7904400.0
2001-01-24,False,daily,91.69,91.75,90.38,90.56,5531500.0,27.405572179718906,27.423505807494923,27.014021306609166,27.067822189937225,11063000.0
2001-01-23,False,daily,94.31,94.88,92.5,92.69,4243600.0,28.18867392593838,28.359043389810555,27.647676154695155,27.70446597598588,8487200.0
2001-01-22,False,daily,95.25,95.94,93.81,94.31,3688500.0,28.469634094429335,28.675870813853546,28.039227027804895,28.18867392593838,7377000.0
2001-01-19,False,daily,92.88,94.69,92.75,94.13,3942800.0,27.761255797276604,28.30225356851983,27.7223996037619,28.134873042610323,7885600.0
2001-01-18,False,daily,92.63,94.94,92.56,94.0,4670000.0,27.686532348209862,28.376977017586572,27.665609782471176,28.09601684909562,9340000.0
2001-01-17,False,daily,94.06,94.13,91.25,91.69,3913600.0,28.113950476871636,28.134873042610323,27.274058909361436,27.405572179718906,7827200.0
2001-01-16,False,daily,94.19,94.94,93.56,94.19,3050300.0,28.15280667038634,28.376977017586572,27.96450357873815,28.15280667038634,6100600.0
2001-01-12,False,daily,93.0,94.81,93.0,94.56,3386400.0,27.797123052828642,28.33812082407187,27.797123052828642,28.263397375005123,6772800.0
2001-01-11,False,daily,96.0,96.44,92.19,92.44,4205200.0,28.693804441629567,28.825317711987037,27.555019077852393,27.629742526919138,8410400.0
2001-01-10,False,daily,98.94,99.0,95.38,95.88,3762100.0,29.57255220265447,29.59048583043049,28.508490287944042,28.65793718607753,7524200.0
2001-01-09,False,daily,98.0,99.0,97.44,98.44,3188300.0,29.291592034163514,29.59048583043049,29.12421150825401,29.423105304520984,6376600.0
2001-01-08,False,daily,97.19,99.5,97.0,97.75,2760100.0,29.049488059187265,29.73993272856398,28.99269823789654,29.216868585096773,5520200.0
2001-01-05,False,daily,97.44,99.88,95.75,97.88,4638600.0,29.12421150825401,29.853512371145428,28.61908099256282,29.255724778611476,9277200.0
2001-01-04,False,daily,98.06,98.13,95.13,96.63,6470600.0,29.309525661939535,29.33044822767822,28.433766838877297,28.88210753327776,12941200.0
2001-01-03,False,daily,103.0,103.7,97.88,98.75,5663000.0,30.78606101549839,30.99528667288527,29.255724778611476,29.515762381363746,11326000.0
2001-01-02,False,daily,104.0,104.7,101.6,102.0,4427600.0,31.084954811765364,31.29418046915225,30.367609700724625,30.487167219231416,8855200.0
2002-12-31,False,daily,53.8,54.17,53.25,53.71,6322300.0,33.03649240338601,33.26369504630893,32.69875874498709,32.981226895648014,6322300.0
2002-12-30,False,daily,53.2,54.13,53.1,53.78,5465800.0,32.66805568513264,33.23913259842538,32.60664956542375,33.024211179444244,5465800.0
2002-12-27,False,daily,53.75,54.15,53.0,53.11,4307400.0,33.00578934353157,33.251413822367155,32.54524344571485,32.612790177394636,4307400.0
2002-12-26,False,daily,54.96,55.15,53.69,53.86,4564500.0,33.748803392009215,33.86547501945611,32.96894567170623,33.07333607521136,4564500.0
2002-12-24,False,daily,54.25,55.39,54.25,54.9,3333300.0,33.312819942076054,34.012849706757464,33.312819942076054,33.71195972018387,3333300.0
2002-12-23,False,daily,54.89,54.89,54.05,54.5,5118700.0,33.705819108212985,33.705819108212985,33.19000770265826,33.46633524134829,5118700.0
2002-12-20,False,daily,53.95,54.89,53.75,54.52,10787800.0,33.128601582949365,33.705819108212985,33.00578934353157,33.478616465290074,10787800.0
2002-12-19,False,daily,53.18,54.18,53.18,53.41,5661200.0,32.655774461190866,33.269835658279824,32.655774461190866,32.797008536521325,5661200.0
2002-12-18,False,daily,54.24,54.57,53.17,53.7,8207700.0,33.30667933010516,33.50931952514452,32.649633849219974,32.97508628367712,8207700.0
2002-12-17,False,daily,54.95,55.0,54.25,54.67,6540000.0,33.74266278003832,33.77336583989277,33.312819942076054,33.57072564485341,6540000.0
2002-12-16,False,daily,54.77,55.61,54.45,55.58,7184900.0,33.63213176456231,34.14794317011704,33.435632181493844,34.12952133420436,7184900.0
2002-12-13,False,daily,55.06,55.43,54.44,54.91,6102000.0,33.81020951171811,34.037412154641025,33.42949156952295,33.71810033215476,6102000.0
2002-12-12,False,daily,56.18,56.18,54.91,55.05,6618600.0,34.49795805245774,34.49795805245774,33.71810033215476,33.804068899747215,6618600.0
2002-12-11,False,daily,55.4,56.38,55.4,56.17,5503400.0,34.018990318728356,34.62077029187554,34.018990318728356,34.491817440486855,5503400.0
2002-12-10,False,daily,55.85,55.89,55.0,55.86,7587300.0,34.29531785741839,34.31988030530194,33.77336583989277,34.301458469389274,7587300.0
2002-12-09,False,daily,55.08,55.94,54.9,55.56,6364200.0,33.82249073565988,34.35058336515639,33.71195972018387,34.117240110262586,6364200.0
2002-12-06,False,daily,55.0,55.69,54.81,55.27,6843800.0,33.77336583989277,34.19706806588415,33.65669421244587,33.93916236310679,6843800.0
2002-12-05,False,daily,56.94,56.94,55.67,55.87,5608300.0,34.96464456224535,34.96464456224535,34.184786841942376,34.307599081360166,5608300.0
2002-12-04,False,daily,55.83,57.07,55.67,56.73,6885900.0,34.283036633476605,35.044472517866915,34.184786841942376,34.835691710856665,6885900.0
2002-12-03,False,daily,55.7,56.45,55.5,55.83,7983900.0,34.203208677855045,34.66375457567176,34.08039643843725,34.283036633476605,7983900.0
2002-12-02,False,daily,56.59,56.6,54.25,55.7,16267800.0,34.74972314326422,34.755863755235104,33.312819942076054,34.203208677855045,16267800.0
2002-11-29,False,daily,57.74,57.74,56.57,57.02,3977700.0,35.45589351991652,35.45589351991652,34.737441919322436,35.01376945801247,3977700.0
2002-11-27,False,daily,56.85,58.15,56.7,57.74,6314400.0,34.90937905450735,35.707658610722994,34.817269874944,35.45589351991652,6314400.0
2002-11-26,False,daily,57.76,58.25,56.3,56.41,9157600.0,35.4681747438583,35.769064730431886,34.571645396108416,34.6391921277882,9157600.0
2002-11-25,False,daily,58.16,59.09,57.75,58.64,6340100.0,35.71379922269388,36.284876135986615,35.46203413188741,36.00854859729658,6340100.0
2002-11-22,False,daily,59.48,59.88,58.49,58.55,8759000.0,36.5243600028513,36.76998448168689,35.91643941773324,35.953283089558575,8759000.0
2002-11-21,False,daily,60.0,60.3,59.07,59.48,7669300.0,36.843671825337566,37.027890184464255,36.27259491204484,36.5243600028513,7669300.0
2002-11-20,False,daily,58.6,60.0,58.36,60.0,5325100.0,35.98398614941303,36.843671825337566,35.83661146211168,36.843671825337566,5325100.0
2002-11-19,False,daily,59.0,59.25,58.42,58.8,7504500.0,36.22961062824861,36.38312592752085,35.873455133937014,36.10679838883081,7504500.0
2002-11-18,False,daily,59.9,60.2,59.08,59.08,6652200.0,36.78226570562867,36.96648406475536,36.27873552401572,36.27873552401572,6652200.0
2002-11-15,False,daily,60.25,60.38,59.8,60.15,6941400.0,36.99718712460981,37.07701508023138,36.720859585919776,36.93578100490091,6941400.0
2002-11-14,False,daily,60.37,60.77,60.0,60.46,4675100.0,36.94496063732695,37.18975083535463,36.71852970415136,37.00003843188318,4675100.0
2002-11-13,False,daily,60.0,60.53,59.0,59.93,7231900.0,36.71852970415136,37.042876716538025,36.10655420908216,36.67569141949651,7231900.0
2002-11-12,False,daily,60.2,60.61,59.7,60.02,6361700.0,36.840924803165194,37.09183475614356,36.5349370556306,36.73076921405274,6361700.0
2002-11-11,False,daily,60.27,60.99,59.51,60.0,7682300.0,36.883763087820036,37.32438544426985,36.41866171156745,36.71852970415136,7682300.0
2002-11-08,False,daily,60.1,60.94,59.95,60.27,7055300.0,36.77972725365827,37.29378666951639,36.6879309293979,36.883763087820036,7055300.0
2002-11-07,False,daily,60.28,60.4,59.41,59.89,5367900.0,36.88988284277073,36.96331990217903,36.35746416206053,36.65121239969375,5367900.0
2002-11-06,False,daily,59.9,61.25,59.1,60.27,9856400.0,36.657332154644436,37.48349907298784,36.167751758589084,36.883763087820036,9856400.0
2002-11-05,False,daily,58.72,60.0,58.72,59.89,5490000.0,35.93520107046279,36.71852970415136,35.93520107046279,36.65121239969375,5490000.0
2002-11-04,False,daily,59.5,59.6,58.37,58.71,5810000.0,36.412541956616764,36.47373950612368,35.72100964718857,35.9290813155121,5810000.0
2002-11-01,False,daily,58.33,59.0,57.46,58.59,6595400.0,35.696530627385805,36.10655420908216,35.16411194667562,35.8556442561038,6595400.0
2002-10-31,False,daily,57.34,59.0,57.33,58.75,10225200.0,35.09067488726731,36.10655420908216,35.084555132316616,35.95356033531487,10225200.0
2002-10-30,False,daily,56.72,57.64,56.56,57.3,6951100.0,34.71125008032441,35.27426753578807,34.613334001113344,35.06619586746454,6951100.0
2002-10-29,False,daily,57.02,57.38,55.86,56.25,7658100.0,34.89484272884517,35.11515390707008,34.184951154564914,34.4236215976419,7658100.0
2002-10-28,False,daily,57.98,58.16,56.9,57.27,4633100.0,35.48233920411159,35.59249479322404,34.82140566943687,35.04783660261247,4633100.0
2002-10-25,False,daily,57.72,58.15,57.09,57.76,6248800.0,35.3232255753936,35.58637503827335,34.93768101350002,35.34770459519637,6248800.0
2002-10-24,False,daily,57.95,58.77,56.7,57.71,7484100.0,35.46397993925952,35.96579984521625,34.699010570423034,35.31710582044291,7484100.0
2002-10-23,False,daily,58.82,59.1,56.75,57.95,12622700.0,35.99639861996971,36.167751758589084,34.72960934517649,35.46397993925952,12622700.0
2002-10-22,False,daily,60.67,61.11,58.2,59.82,13097000.0,37.128553285847715,37.39782250367816,35.61697381302682,36.6083741150389,13097000.0
2002-10-21,False,daily,59.5,61.3,59.41,61.11,9120500.0,36.412541956616764,37.5140978477413,36.35746416206053,37.39782250367816,9120500.0
2002-10-18,False,daily,59.4,60.0,59.2,59.35,8034900.0,36.35134440710984,36.71852970415136,36.228949308096006,36.320745632356385,8034900.0
2002-10-17,False,daily,59.5,60.2,59.05,60.2,7710900.0,36.412541956616764,36.840924803165194,36.13715298383563,36.840924803165194,7710900.0
2002-10-16,False,daily,59.3,59.8,58.35,58.9,8431200.0,36.29014685760292,36.596134605137514,35.708770137287196,36.04535665957525,8431200.0
2002-10-15,False,daily,58.85,59.78,57.44,59.56,16208800.0,36.01475788482179,36.58389509523614,35.15187243677423,36.44926048632091,16208800.0
2002-10-14,False,daily,56.71,57.9,56.71,57.83,8537200.0,34.70513032537372,35.43338116450606,34.70513032537372,35.39054287985121,8537200.0
2002-10-11,False,daily,57.03,57.25,55.31,56.7,11088200.0,34.900962483795865,35.035597092711086,33.84836463227686,34.699010570423034,11088200.0
2002-10-10,False,daily,55.5,57.06,54.6,56.8,10439800.0,33.96463997634,34.91932174864794,33.413862030777736,34.76020811992995,10439800.0
2002-10-09,False,daily,57.5,57.75,55.66,56.2,13585700.0,35.18859096647838,35.34158484024568,34.06255605555107,34.39302282288844,13585700.0
2002-10-08,False,daily,57.4,58.95,56.88,58.49,9291600.0,35.127393416971465,36.075955434328705,34.809166159535486,35.79444670659688,9291600.0
2002-10-07,False,daily,56.95,58.23,56.51,56.7,7987000.0,34.85200444419033,35.63533307787889,34.58273522635988,34.699010570423034,7987000.0
2002-10-04,False,daily,57.98,58.08,56.49,56.95,8789500.0,35.48233920411159,35.54353675361851,34.5704957164585,34.85200444419033,8789500.0
2002-10-03,False,daily,58.45,59.11,57.25,57.98,9910400.0,35.76996768679411,36.17387151353977,35.035597092711086,35.48233920411159,9910400.0
2002-10-02,False,daily,57.51,58.9,57.51,58.3,14252400.0,35.194710721429075,36.04535665957525,35.194710721429075,35.67817136253373,14252400.0
2002-10-01,False,daily,54.95,56.3,54.3,56.3,10937400.0,33.62805345405195,34.454220372395355,33.23026938225697,34.454220372395355,10937400.0
2002-09-30,False,daily,54.25,54.79,53.7,54.08,9658600.0,33.19967060750351,33.530137374840876,32.86308408521546,33.09563477334175,9658600.0
2002-09-27,False,daily,55.29,56.15,54.8,55.1,9142200.0,33.83612512237547,34.362424048134976,33.53625712979157,33.71984977831233,9142200.0
2002-09-26,False,daily,54.19,55.65,53.88,55.54,8433500.0,33.16295207779936,34.05643630060038,32.97323967432792,33.98911899614277,8433500.0
2002-09-25,False,daily,54.25,54.3,52.95,53.65,8673100.0,33.19967060750351,33.23026938225697,32.404102463913574,32.832485310462005,8673100.0
2002-09-24,False,daily,51.9,54.1,51.86,53.61,9870800.0,31.76152819409092,33.10787428324314,31.737049174288153,32.808006290659236,9870800.0
2002-09-23,False,daily,51.5,53.1,51.45,52.85,6307600.0,31.516737996063245,32.49589878817395,31.486139221309788,32.34290491440665,6307600.0
2002-09-20,False,daily,51.96,52.75,51.95,52.3,14184300.0,31.798246723795074,32.28170736489973,31.792126968844382,32.006318392118594,14184300.0
2002-09-19,False,daily,53.0,53.7,51.8,51.96,7171100.0,32.43470123866703,32.86308408521546,31.700330644584,31.798246723795074,7171100.0
2002-09-18,False,daily,53.08,54.62,53.06,53.85,6092900.0,32.48365927827256,33.42610154067911,32.471419768371184,32.95488040947584,6092900.0
2002-09-17,False,daily,54.9,55.29,53.39,53.59,6619100.0,33.59745467929849,33.83612512237547,32.673371681744015,32.79576678075785,6619100.0
2002-09-16,False,daily,54.14,54.99,53.65,54.9,4178000.0,33.1323533030459,33.65253247385472,32.832485310462005,33.59745467929849,4178000.0
2002-09-13,False,daily,53.55,54.48,53.35,54.14,5852500.0,32.77128776095508,33.34042497136943,32.64889266194125,33.1323533030459,5852500.0
2002-09-12,False,daily,54.5,54.9,53.72,53.97,6020300.0,33.352664481270814,33.59745467929849,32.875323595116846,33.02831746888414,6020300.0
2002-09-11,False,daily,56.25,56.25,55.45,55.48,3514300.0,34.4236215976419,34.4236215976419,33.934041201586545,33.95240046643862,3514300.0
2002-09-10,False,daily,55.35,55.5,54.65,55.39,5240400.0,33.872843652079624,33.96463997634,33.44446080553119,33.89732267188239,5240400.0
2002-09-09,False,daily,54.25,55.71,54.2,55.2,7212600.0,33.19967060750351,34.093154830304535,33.169071832750056,33.781047327819245,7212600.0
2002-09-06,False,daily,55.1,55.19,54.5,54.92,5497900.0,33.71984977831233,33.774927572868556,33.352664481270814,33.60969418919987,5497900.0
2002-09-05,False,daily,54.34,54.97,53.35,54.42,6751900.0,33.25474840205975,33.640292963953335,32.64889266194125,33.30370644166528,6751900.0
2002-09-04,False,daily,53.25,54.66,52.9,54.34,8110000.0,32.587695112434325,33.45058056048188,32.37350368916011,33.25474840205975,8110000.0
2002-09-03,False,daily,53.88,54.15,52.52,52.68,8362000.0,32.97323967432792,33.1384730579966,32.14095300103382,32.23886908024489,8362000.0
2002-08-30,False,daily,53.57,54.93,53.42,54.31,5920800.0,32.78352727085647,33.61581394415057,32.69173094659609,33.23638913720767,5920800.0
2002-08-29,False,daily,53.85,54.67,53.65,54.16,5092100.0,32.95488040947584,33.45670031543258,32.832485310462005,33.14459281294729,5092100.0
2002-08-28,False,daily,54.5,54.87,54.0,54.36,5038700.0,33.352664481270814,33.579095414446414,33.04667673373622,33.266987911961124,5038700.0
2002-08-27,False,daily,55.94,56.5,54.37,54.75,5939300.0,34.233909194170444,34.57661547140919,33.27310766691182,33.50565835503811,5939300.0
2002-08-26,False,daily,54.99,55.82,54.3,55.71,4402400.0,33.65253247385472,34.160472134762145,33.23026938225697,34.093154830304535,4402400.0
2002-08-23,False,daily,56.2,56.35,54.5,54.82,4753800.0,34.39302282288844,34.48481914714881,33.352664481270814,33.54849663969296,4753800.0
2002-08-22,False,daily,55.1,56.39,54.75,56.2,5719100.0,33.71984977831233,34.50929816695158,33.50565835503811,34.39302282288844,5719100.0
2002-08-21,False,daily,55.29,55.88,53.55,54.89,8392800.0,33.83612512237547,34.1971906644663,32.77128776095508,33.5913349243478,8392800.0
2002-08-20,False,daily,55.4,55.73,54.33,54.9,6432000.0,33.90344242683308,34.10539434020591,33.24862864710905,33.59745467929849,6432000.0
2002-08-19,False,daily,55.01,56.38,55.0,55.9,6412600.0,33.6647719837561,34.50317841200089,33.65865222880541,34.209430174367675,6412600.0
2002-08-16,False,daily,55.99,56.27,55.15,55.32,7837000.0,34.26450796892391,34.43586110754328,33.75044855306579,33.85448438722755,7837000.0
2002-08-15,False,daily,56.0,56.49,55.38,55.97,8894600.0,34.14409951705976,34.44286038783403,33.76607555812088,34.125808035175616,8894600.0
2002-08-14,False,daily,53.49,55.5,52.52,55.5,8291800.0,32.613712199420114,33.83924148565744,32.02228761849962,33.83924148565744,8291800.0
2002-08-13,False,daily,54.1,54.95,53.3,53.37,6109900.0,32.985638997730945,33.50389765111489,32.49786614748723,32.54054627188356,6109900.0
2002-08-12,False,daily,53.9,54.95,53.4,54.58,5477200.0,32.863695785170016,33.50389765111489,32.5588377537677,33.27830270787717,5477200.0
2002-08-09,False,daily,54.1,54.98,53.4,54.51,6758600.0,32.985638997730945,33.522189132999024,32.5588377537677,33.23562258348085,6758600.0
2002-08-08,False,daily,52.93,54.78,52.2,54.57,9260200.0,32.27227120424952,33.4002459204381,31.827178478402132,33.27220554724912,9260200.0
2002-08-07,False,daily,51.5,52.54,50.97,52.51,9141000.0,31.400377234438885,32.03448193975571,31.077227721152425,32.016190457871566,9141000.0
2002-08-06,False,daily,50.75,52.4,50.7,51.08,7914300.0,30.943090187335404,31.949121690963057,30.912604384195173,31.144296488060935,7914300.0
2002-08-05,False,daily,52.5,52.5,49.75,50.1,9156700.0,32.01009329724352,32.01009329724352,30.333374124530767,30.54677474651239,9156700.0
2002-08-02,False,daily,52.1,53.49,51.41,52.25,10881400.0,31.766206872121668,32.613712199420114,31.345502788786465,31.857664281542363,10881400.0
2002-08-01,False,daily,53.0,53.01,51.2,51.42,11427200.0,32.31495132864584,32.321048489273885,31.217462415597495,31.351599949414513,11427200.0
2002-07-31,False,daily,50.85,53.0,49.45,53.0,16838000.0,31.00406179361587,32.31495132864584,30.150459305689377,32.31495132864584,16838000.0
2002-07-30,False,daily,50.55,52.0,50.2,50.94,15269400.0,30.821146974774475,31.705235265841203,30.607746352792855,31.058936239268284,15269400.0
2002-07-29,False,daily,50.0,51.4,48.9,51.26,14282100.0,30.485803140231926,31.33940562815842,29.81511547114682,31.25404537936577,14282100.0
2002-07-26,False,daily,49.45,49.7,48.4,49.61,10629900.0,30.150459305689377,30.302888321390537,29.510257439744503,30.248013875738117,10629900.0
2002-07-25,False,daily,47.65,49.95,46.85,48.7,14378200.0,29.052970392641026,30.455317337091696,28.565197542397314,29.693172258585896,14378200.0
2002-07-24,False,daily,44.16,48.8,44.0,47.7,21613600.0,26.925061333452835,29.754143864866357,26.827506763404095,29.08345619578126,21613600.0
2002-07-23,False,daily,43.1,45.7,42.9,44.08,20166800.0,26.278762306879923,27.864024070171983,26.15681909431899,26.876284048428467,20166800.0
2002-07-22,False,daily,41.6,43.6,41.4,42.53,26346200.0,25.364188212672964,26.58362033828224,25.242245000112035,25.931224151081278,26346200.0
2002-07-19,False,daily,41.5,44.1,41.02,41.85,50702400.0,25.3032166063925,26.88847836968456,25.010552896246274,25.516617228374123,50702400.0
2002-07-18,False,daily,50.82,51.35,49.55,49.73,10158700.0,30.98577031173173,31.30891982501819,30.21143091196984,30.32117980327467,10158700.0
2002-07-17,False,daily,51.7,52.3,50.11,51.24,9856000.0,31.522320446999814,31.888150084682593,30.552871907140435,31.241851058109678,9856000.0
2002-07-16,False,daily,49.4,51.85,48.8,50.1,13834600.0,30.119973502549144,31.61377785642051,29.754143864866357,30.54677474651239,13834600.0
2002-07-15,False,daily,49.5,49.69,45.56,49.0,20573100.0,30.180945108829608,30.29679116076249,27.778663821379332,29.876087077427286,20573100.0
2002-07-12,False,daily,51.38,51.38,49.44,50.5,9013200.0,31.327211306902328,31.327211306902328,30.144362145061326,30.790661171634245,9013200.0
2002-07-11,False,daily,49.1,51.15,49.1,50.98,15809200.0,29.937058683707754,31.18697661245726,29.937058683707754,31.08332488178047,15809200.0
2002-07-10,False,daily,52.1,52.1,49.79,50.3,16242700.0,31.766206872121668,31.766206872121668,30.357762767042953,30.668717959073316,16242700.0
2002-07-09,False,daily,53.68,54.0,52.1,52.62,9961700.0,32.729558251353,32.924667391450484,31.766206872121668,32.08325922478008,9961700.0
2002-07-08,False,daily,54.6,54.75,53.45,53.58,9284600.0,33.29049702913326,33.38195443855396,32.58932355690793,32.66858664507253,9284600.0
2002-07-05,False,daily,52.95,54.85,52.79,54.59,4462400.0,32.28446552550561,33.44292604483442,32.18691095545687,33.28439986850522,4462400.0
2002-07-03,False,daily,52.0,53.1,51.55,52.95,9639300.0,31.705235265841203,32.37592293492631,31.430863037579115,32.28446552550561,9639300.0
2002-07-02,False,daily,51.35,52.0,50.55,51.61,13270100.0,31.30891982501819,31.705235265841203,30.821146974774475,31.467446001347394,13270100.0
2002-07-01,False,daily,51.7,52.25,50.26,50.5,11162500.0,31.522320446999814,31.857664281542363,30.64432931656113,30.790661171634245,11162500.0
2002-06-28,False,daily,53.85,54.33,52.25,52.26,14696800.0,32.833209982029786,33.12587369217601,31.857664281542363,31.863761442170407,14696800.0
2002-06-27,False,daily,54.14,54.48,53.2,54.41,9805300.0,33.01002764024313,33.217331101596706,32.43689454120677,33.17465097720038,9805300.0
2002-06-26,False,daily,52.1,54.7,52.0,54.14,10219700.0,31.766206872121668,33.35146863541373,31.705235265841203,33.01002764024313,10219700.0
2002-06-25,False,daily,54.54,55.3,53.02,53.34,9529700.0,33.25391406536499,33.71729827309651,32.32714564990194,32.52225478999942,9529700.0
2002-06-24,False,daily,53.1,54.82,52.15,54.13,10291000.0,32.37592293492631,33.42463456295028,31.796692675261898,33.003930479615086,10291000.0
2002-06-21,False,daily,54.25,54.85,52.5,53.0,19734200.0,33.07709640715164,33.44292604483442,32.01009329724352,32.31495132864584,19734200.0
2002-06-20,False,daily,55.9,56.25,54.93,55.04,10125100.0,34.08312791077929,34.29652853276092,33.491703329858794,33.558772096767306,10125100.0
2002-06-19,False,daily,56.1,56.95,56.07,56.37,9376000.0,34.205071123340225,34.723329776724164,34.186779641456084,34.369694460297474,9376000.0
2002-06-18,False,daily,57.0,57.25,56.14,56.46,9990800.0,34.753815579864394,34.90624459556555,34.229459765852404,34.42456890594989,9990800.0
2002-06-17,False,daily,56.81,57.64,56.71,57.45,5789700.0,34.63796952793152,35.144033860059366,34.57699792165105,35.02818780812648,5789700.0
2002-06-14,False,daily,57.0,57.63,56.31,56.82,8495000.0,34.753815579864394,35.13793669943132,34.3331114965292,34.64406668855956,8495000.0
2002-06-13,False,daily,56.65,58.28,56.55,57.41,6887100.0,34.540414957882774,35.53425214025433,34.479443351602306,35.003799165614296,6887100.0
2002-06-12,False,daily,57.85,57.98,56.2,57.24,8400400.0,35.27207423324834,35.35133732141294,34.266042729620686,34.90014743493751,8400400.0
2002-06-11,False,daily,58.75,58.75,56.99,57.49,8911200.0,35.820818689772516,35.820818689772516,34.74771841923635,35.05257645063867,8911200.0
2002-06-10,False,daily,58.56,59.47,58.15,59.0,5136700.0,35.70497263783963,36.25981425499185,35.45498905208973,35.973247705473675,5136700.0
2002-06-07,False,daily,57.9,58.66,57.73,58.31,8501800.0,35.30256003638857,35.76594424412009,35.19890830571178,35.55254362213847,8501800.0
2002-06-06,False,daily,59.86,59.99,58.35,58.75,6153800.0,36.497603519485665,36.57686660765027,35.57693226465066,35.820818689772516,6153800.0
2002-06-05,False,daily,59.18,59.75,58.81,59.61,6962200.0,36.08299659677851,36.43053475257715,35.85740165354079,36.3451745037845,6962200.0
2002-06-04,False,daily,59.5,59.93,58.79,59.4,10291000.0,36.27810573687599,36.540283643881985,35.8452073322847,36.217134130595525,10291000.0
2002-06-03,False,daily,61.1,61.74,60.0,60.05,6301700.0,37.253651437363416,37.64386971755838,36.58296376827831,36.61344957141854,6301700.0
2002-05-31,False,daily,61.63,62.19,61.33,61.35,5661300.0,37.576800950649876,37.91824194582047,37.39388613180848,37.406080453064575,5661300.0
2002-05-30,False,daily,60.65,61.84,60.62,61.37,7590400.0,36.97927920910133,37.70484132383885,36.96098772721719,37.418274774320665,7590400.0
2002-05-29,False,daily,61.46,61.65,61.25,61.36,4892400.0,37.47314921997308,37.588995271905965,37.34510884678411,37.41217761369262,4892400.0
2002-05-28,False,daily,61.35,61.6,61.05,61.21,5106500.0,37.406080453064575,37.558509468765735,37.22316563422318,37.32072020427192,5106500.0
2002-05-24,False,daily,61.75,62.12,61.23,61.4,5640200.0,37.649966878186426,37.87556182142414,37.33291452552802,37.436566256204806,5640200.0
2002-05-23,False,daily,62.0,62.4,61.1,61.75,9079300.0,37.80239589388759,38.04628231900944,37.253651437363416,37.649966878186426,9079300.0
2002-05-22,False,daily,61.9,62.59,61.28,62.0,9556600.0,37.741424287607124,38.16212837094233,37.36340032866825,37.80239589388759,9556600.0
2002-05-21,False,daily,60.65,61.17,60.52,60.64,5296300.0,36.97927920910133,37.29633156175974,36.900016120936726,36.973182048473284,5296300.0
2002-05-20,False,daily,61.47,61.47,60.2,60.45,6951500.0,37.47924638060113,37.47924638060113,36.70490698083924,36.8573359965404,6951500.0
2002-05-17,False,daily,59.7,61.6,59.7,61.47,6402100.0,36.40004894943692,37.558509468765735,36.40004894943692,37.47924638060113,6402100.0
2002-05-16,False,daily,60.48,60.85,60.25,60.55,7215100.0,36.75305749653436,36.977902590345835,36.61328892470561,36.79559575752572,7215100.0
2002-05-15,False,daily,60.28,60.75,60.0,60.24,9889700.0,36.63151960798762,36.917133646072465,36.461366564022185,36.607212030278276,9889700.0
2002-05-14,False,daily,61.25,61.45,60.21,61.04,11451100.0,37.220978367439315,37.342516255986055,36.58898134699626,37.09336358446524,11451100.0
2002-05-13,False,daily,61.77,62.6,61.4,61.84,6086000.0,37.53697687766084,38.041359115129815,37.31213178384937,37.5795151386522,6086000.0
2002-05-10,False,daily,61.1,62.66,61.1,61.85,5920600.0,37.129824951029256,38.077820481693834,37.129824951029256,37.585592033079536,5920600.0
2002-05-09,False,daily,60.75,61.88,60.54,61.37,6005600.0,36.917133646072465,37.60382271636155,36.78951886309838,37.29390110056735,6005600.0
2002-05-08,False,daily,60.58,61.23,59.16,60.9,12847100.0,36.81382644080773,37.20882457858464,35.950907432125874,37.008287062482516,12847100.0
2002-05-07,False,daily,62.1,62.3,60.23,60.42,12821700.0,37.737514393762964,37.8590522823097,36.60113513585093,36.71659612997034,12821700.0
2002-05-06,False,daily,63.65,63.93,62.05,62.1,5620600.0,38.6794330300002,38.84958607396564,37.707129921626276,37.737514393762964,5620600.0
2002-05-03,False,daily,64.08,64.17,63.05,63.43,6039500.0,38.94073949037569,38.99543154022172,38.31481936435998,38.54574135259879,6039500.0
2002-05-02,False,daily,63.75,64.2,63.55,64.2,5380500.0,38.74020197427357,39.01366222350374,38.61866408572683,39.01366222350374,5380500.0
2002-05-01,False,daily,63.97,64.63,63.87,63.95,7117100.0,38.87389365167498,39.27496868387922,38.81312470740161,38.861739862820315,7117100.0
2002-04-30,False,daily,62.92,64.3,62.83,63.86,8313800.0,38.2358197368046,39.07443116777711,38.18112768695856,38.807047812974275,8313800.0
2002-04-29,False,daily,63.3,63.9,62.91,62.91,6343300.0,38.466741725043406,38.831355390683626,38.229742842377256,38.229742842377256,6343300.0
2002-04-26,False,daily,63.24,64.44,63.15,63.61,5438400.0,38.430280358479386,39.15950768975983,38.37558830863335,38.655125452290854,5438400.0
2002-04-25,False,daily,63.45,64.4,63.3,63.4,6789100.0,38.557895141453464,39.135200112050484,38.466741725043406,38.527510669316776,6789100.0
2002-04-24,False,daily,63.19,64.83,63.13,63.61,6929700.0,38.3998958863427,39.39650657242597,38.36343451977868,38.655125452290854,6929700.0
2002-04-23,False,daily,63.59,63.95,62.71,62.8,6699100.0,38.64297166343618,38.861739862820315,38.10820495383052,38.16289700367655,6699100.0
2002-04-22,False,daily,64.21,64.34,63.07,63.34,7123600.0,39.01973911793107,39.09873874548646,38.32697315321465,38.49104930275276,7123600.0
2002-04-19,False,daily,64.7,64.75,64.1,64.49,6608500.0,39.31750694487059,39.347891417007276,38.952893279230366,39.18989216189651,6608500.0
2002-04-18,False,daily,62.52,64.49,62.4,64.29,8094900.0,37.99274395971112,39.18989216189651,37.91982122658307,39.068354273349776,8094900.0
2002-04-17,False,daily,62.8,63.47,62.06,62.52,9971400.0,38.16289700367655,38.57004893030813,37.713206816053614,37.99274395971112,9971400.0
2002-04-16,False,daily,63.0,63.95,62.02,63.26,9999000.0,38.284434892223295,38.861739862820315,37.68889923834426,38.442434147334055,9999000.0
2002-04-15,False,daily,63.1,63.2,61.78,62.16,6677300.0,38.345203836496665,38.405972780770036,37.54305377208818,37.773975760326984,6677300.0
2002-04-12,False,daily,62.7,62.85,61.9,62.67,6372500.0,38.102128059403185,38.19328147581324,37.61597650521622,38.08389737612117,6372500.0
2002-04-11,False,daily,63.24,63.69,62.7,62.7,7491900.0,38.430280358479386,38.70374060770955,38.102128059403185,38.102128059403185,7491900.0
2002-04-10,False,daily,62.91,63.5,62.8,63.44,7254400.0,38.229742842377256,38.588279613590146,38.16289700367655,38.55181824702612,7254400.0
2002-04-09,False,daily,63.74,63.8,62.91,63.0,7770700.0,38.73412507984624,38.770586446410256,38.229742842377256,38.284434892223295,7770700.0
2002-04-08,False,daily,62.8,63.54,62.55,63.38,6099300.0,38.16289700367655,38.61258719129949,38.010974642993126,38.5153568804621,6099300.0
2002-04-05,False,daily,63.48,63.73,62.8,63.05,7208300.0,38.57612582473547,38.72804818541889,38.16289700367655,38.31481936435998,7208300.0
2002-04-04,False,daily,63.52,64.25,63.02,63.48,8472200.0,38.60043340244482,39.044046695640425,38.29658868107797,38.57612582473547,8472200.0
2002-04-03,False,daily,64.7,64.8,63.8,64.02,6996500.0,39.31750694487059,39.37827588914396,38.770586446410256,38.904278123811665,6996500.0
2002-04-02,False,daily,64.4,65.04,64.16,64.45,5218200.0,39.135200112050484,39.52412135540005,38.989354645794386,39.165584584187165,5218200.0
2002-04-01,False,daily,65.29,65.29,64.15,64.61,8185800.0,39.67604371608348,39.67604371608348,38.983277751367055,39.262814895024555,8185800.0
2002-03-28,False,daily,65.14,65.5,64.83,64.95,5604700.0,39.58489029967342,39.80365849905755,39.39650657242597,39.469429305554016,5604700.0
2002-03-27,False,daily,65.47,65.47,64.82,65.14,6347900.0,39.78542781577554,39.78542781577554,39.390429677998625,39.58489029967342,6347900.0
2002-03-26,False,daily,64.55,65.14,64.36,64.71,6034100.0,39.22635352846053,39.58489029967342,39.110892534341126,39.323583839297925,6034100.0
2002-03-25,False,daily,64.85,65.89,64.35,64.35,6519100.0,39.40866036128064,40.0406573817237,39.10481563991379,39.10481563991379,6519100.0
2002-03-22,False,daily,64.55,65.38,64.37,64.85,5583600.0,39.22635352846053,39.7307357659295,39.11696942876847,39.40866036128064,5583600.0
2002-03-21,False,daily,64.98,64.98,63.69,64.8,6192500.0,39.48765998883603,39.48765998883603,38.70374060770955,39.37827588914396,6192500.0
2002-03-20,False,daily,64.71,65.49,64.34,64.49,7227800.0,39.323583839297925,39.79758160463021,39.09873874548646,39.18989216189651,7227800.0
2002-03-19,False,daily,64.75,65.7,64.7,65.49,6706300.0,39.347891417007276,39.925196387604295,39.31750694487059,39.79758160463021,6706300.0
2002-03-18,False,daily,64.7,65.15,64.3,64.66,8274600.0,39.31750694487059,39.590967194100756,39.07443116777711,39.293199367161236,8274600.0
2002-03-15,False,daily,64.8,65.47,64.45,64.6,13573000.0,39.37827588914396,39.78542781577554,39.165584584187165,39.25673800059722,13573000.0
2002-03-14,False,daily,64.69,64.69,63.7,64.38,7572700.0,39.31143005044325,39.31143005044325,38.709817502136886,39.1230463231958,7572700.0
2002-03-13,False,daily,63.65,64.01,63.25,63.9,6200600.0,38.6794330300002,38.898201229384334,38.43635725290672,38.831355390683626,6200600.0
2002-03-12,False,daily,63.81,63.81,62.97,63.65,7505800.0,38.776663340837594,38.776663340837594,38.26620420894128,38.6794330300002,7505800.0
2002-03-11,False,daily,63.66,64.4,63.41,63.81,7239000.0,38.685509924427535,39.135200112050484,38.533587563744106,38.776663340837594,7239000.0
2002-03-08,False,daily,64.4,64.49,63.1,63.66,10364300.0,39.135200112050484,39.18989216189651,38.345203836496665,38.685509924427535,10364300.0
2002-03-07,False,daily,63.5,64.1,63.28,63.62,11207800.0,38.588279613590146,38.952893279230366,38.45458793618873,38.661202346718184,11207800.0
2002-03-06,False,daily,61.79,62.79,61.6,62.52,7264800.0,37.54913066651551,38.15682010924922,37.43366967239611,37.99274395971112,7264800.0
2002-03-05,False,daily,61.92,62.16,61.11,61.31,7700000.0,37.62813029407089,37.773975760326984,37.135901845456594,37.257439734003334,7700000.0
2002-03-04,False,daily,62.5,62.5,61.9,61.92,8455600.0,37.980590170856445,37.980590170856445,37.61597650521622,37.62813029407089,8455600.0
2002-03-01,False,daily,60.9,62.4,60.6,62.1,9202100.0,37.008287062482516,37.91982122658307,36.825980229662406,37.737514393762964,9202100.0
2002-02-28,False,daily,60.24,60.97,60.12,60.9,6439200.0,36.607212030278276,37.05082532347387,36.534289297150224,37.008287062482516,6439200.0
2002-02-27,False,daily,60.22,60.54,59.96,60.23,6807400.0,36.5950582414236,36.78951886309838,36.437058986312834,36.60113513585093,6807400.0
2002-02-26,False,daily,59.7,60.25,59.25,60.01,7768000.0,36.279059731202075,36.61328892470561,36.005599481971906,36.46744345844952,7768000.0
2002-02-25,False,daily,59.96,60.03,59.4,59.7,8391700.0,36.437058986312834,36.4795972473042,36.096752898381965,36.279059731202075,8391700.0
2002-02-22,False,daily,58.0,59.51,57.95,59.4,7805400.0,35.245987678554776,36.163598737082665,35.215603206418095,36.096752898381965,7805400.0
2002-02-21,False,daily,58.25,58.95,57.93,58.0,7052500.0,35.397910039238205,35.823292649151796,35.20344941756342,35.245987678554776,7052500.0
2002-02-20,False,daily,58.5,58.5,57.16,58.12,5536600.0,35.54983239992163,35.54983239992163,34.735528546658465,35.31891041168282,5536600.0
2002-02-19,False,daily,57.49,57.6,56.75,56.92,5012900.0,34.93606606276059,35.002911901461296,34.48637587513765,34.58968308040238,5012900.0
2002-02-15,False,daily,58.09,58.09,57.0,57.24,6148300.0,35.300679728400816,35.300679728400816,34.638298235821075,34.784143702077166,6148300.0
2002-02-14,False,daily,58.0,58.05,57.05,57.3,7137300.0,35.245987678554776,35.27637215069146,34.66868270795776,34.820605068641186,7137300.0
2002-02-13,False,daily,58.2,58.89,57.95,58.09,7287500.0,35.25677131167218,35.674763961243556,35.10532469950864,35.19013480232022,7287500.0
2002-02-12,False,daily,57.05,57.38,56.6,57.3,4910200.0,34.560116895719894,34.76002642377577,34.28751299382552,34.71156350788343,4910200.0
2002-02-11,False,daily,56.88,57.85,56.75,57.05,4444000.0,34.45713319944869,35.04474605464323,34.378380961123646,34.560116895719894,4444000.0
2002-02-08,False,daily,56.06,57.06,55.25,56.88,6542900.0,33.96038831155228,34.56617476020644,33.4697012881424,34.45713319944869,6542900.0
2002-02-07,False,daily,55.88,57.1,55.8,56.49,6952400.0,33.85134675079453,34.59040621815261,33.8028838349022,34.220876484473564,6952400.0
2002-02-06,False,daily,55.5,56.5,55.5,55.88,7157900.0,33.62114790030595,34.22693434896011,33.62114790030595,33.85134675079453,7157900.0
2002-02-05,False,daily,55.51,56.35,54.7,55.5,12762300.0,33.627205764792485,34.13606638166198,33.136518741382616,33.62114790030595,12762300.0
2002-02-04,False,daily,57.55,57.71,56.0,56.31,7657400.0,34.86301012004697,34.959935951831646,33.92404112463303,34.11183492371582,7657400.0
2002-02-01,False,daily,58.33,58.33,57.26,57.6,5901100.0,35.33552354999722,35.33552354999722,34.68733204993727,34.89329944247969,5901100.0
2002-01-31,False,daily,57.21,57.55,56.81,57.51,6754000.0,34.65704272750456,34.86301012004697,34.4147281480429,34.83877866210081,6754000.0
2002-01-30,False,daily,57.2,57.69,56.9,57.2,7920200.0,34.650984863018024,34.94782022285856,34.46924892842177,34.650984863018024,7920200.0
2002-01-29,False,daily,57.9,58.74,56.82,57.18,5898700.0,35.075035377075935,35.58389599394543,34.42078601252944,34.63886913404494,5898700.0
2002-01-28,False,daily,57.98,57.98,57.37,57.81,5286700.0,35.123498292968264,35.123498292968264,34.75396855928923,35.02051459669706,5286700.0
2002-01-25,False,daily,58.05,58.2,57.6,57.65,5527000.0,35.16590334437406,35.25677131167218,34.89329944247969,34.923588764912395,5527000.0
2002-01-24,False,daily,58.0,58.21,57.74,58.04,6873700.0,35.13561402194135,35.262829176158725,34.97810954529127,35.159845479887515,6873700.0
2002-01-23,False,daily,59.27,59.27,58.38,58.78,7261200.0,35.90496281173213,35.90496281173213,35.365812872429935,35.6081274518916,7261200.0
2002-01-22,False,daily,59.71,59.85,58.52,59.12,9612600.0,36.17150884913997,36.25631895195155,35.450622975241515,35.81409484443401,9612600.0
2002-01-18,False,daily,59.83,60.1,59.62,59.7,8949200.0,36.24420322297846,36.40776556411509,36.11698806876109,36.165450984653425,8949200.0
2002-01-17,False,daily,59.58,59.98,59.22,59.83,5591900.0,36.092756610814924,36.33507119027659,35.874673489299425,36.24420322297846,5591900.0
2002-01-16,False,daily,59.34,59.99,59.18,59.58,6373800.0,35.94736786313793,36.34112905476313,35.85044203135326,36.092756610814924,6373800.0
2002-01-15,False,daily,59.13,59.43,58.64,59.17,6218100.0,35.82015270892055,36.0018886435168,35.52331734908001,35.84438416686672,6218100.0
2002-01-14,False,daily,58.68,59.32,58.46,58.92,5401200.0,35.54754880702618,35.93525213416484,35.414275788322264,35.69293755470318,5401200.0
2002-01-11,False,daily,58.08,58.42,57.75,58.23,5158500.0,35.18407693783368,35.3900443303761,34.98416740977781,35.274944905131804,5158500.0
2002-01-10,False,daily,56.67,58.39,56.6,58.28,5305900.0,34.32991804523132,35.37187073691647,34.28751299382552,35.30523422756452,5305900.0
2002-01-09,False,daily,56.95,57.8,56.75,56.91,6491400.0,34.499538250854485,35.01445673221052,34.378380961123646,34.47530679290831,6491400.0
2002-01-08,False,daily,58.08,58.1,57.0,57.49,4505900.0,35.18407693783368,35.196192666806766,34.529827573287186,34.82666293312773,4505900.0
2002-01-07,False,daily,57.9,58.5,57.76,57.87,4509300.0,35.075035377075935,35.43850724626843,34.99022527426435,35.056861783616306,4509300.0
2002-01-04,False,daily,58.9,58.9,57.95,58.14,4778400.0,35.68082182573009,35.68082182573009,35.10532469950864,35.22042412475293,4778400.0
2002-01-03,False,daily,58.73,58.73,57.88,58.68,6413100.0,35.57783812945888,35.57783812945888,35.06291964810285,35.54754880702618,6413100.0
2002-01-02,False,daily,58.9,59.3,57.58,58.7,7054600.0,35.68082182573009,35.923136405191755,34.8811837135066,35.55966453599927,7054600.0
2003-12-31,False,daily,51.29,51.74,51.21,51.66,5580900.0,32.052668291351885,32.333886866729316,32.00267387795145,32.28389245332888,5580900.0
2003-12-30,False,daily,51.25,51.62,51.0,51.37,5881800.0,32.02767108465167,32.25889524662867,31.87143854277532,32.10266270475231,5881800.0
2003-12-29,False,daily,50.85,51.25,50.74,51.25,6589200.0,31.77769901764951,32.02767108465167,31.70895669922392,32.02767108465167,6589200.0
2003-12-26,False,daily,50.56,50.71,50.5,50.62,1279600.0,31.596469269072944,31.690208794198753,31.55897345902262,31.633965079123268,1279600.0
2003-12-24,False,daily,50.55,50.74,50.3,50.73,2983100.0,31.59021996739789,31.70895669922392,31.43398742552154,31.70270739754886,2983100.0
2003-12-23,False,daily,50.23,50.77,50.2,50.55,8099500.0,31.39024231379616,31.72770460424908,31.371494408771003,31.59021996739789,8099500.0
2003-12-22,False,daily,50.08,50.48,49.89,50.48,7724500.0,31.296502788670352,31.54647485567251,31.177766056844327,31.54647485567251,7724500.0
2003-12-19,False,daily,50.2,50.2,49.89,50.1,12128400.0,31.371494408771003,31.371494408771003,31.177766056844327,31.309001392020463,12128400.0
2003-12-18,False,daily,49.2,49.97,49.2,49.97,9461900.0,30.746564241265606,31.227760470244757,30.746564241265606,31.227760470244757,9461900.0
2003-12-17,False,daily,49.3,49.53,49.13,49.35,7847100.0,30.80905725801614,30.952791196542385,30.702819129540227,30.840303766391415,7847100.0
2003-12-16,False,daily,49.33,49.73,49.12,49.42,10641600.0,30.827805163041305,31.077777230043463,30.69656982786517,30.88404887811679,10641600.0
2003-12-15,False,daily,50.1,50.1,49.25,49.46,12387200.0,31.309001392020463,31.309001392020463,30.77781074964087,30.909046084817007,12387200.0
2003-12-12,False,daily,48.79,49.85,48.79,49.39,10924400.0,30.49034287258839,31.152768850144113,30.49034287258839,30.865300973091628,10924400.0
2003-12-11,False,daily,49.9,50.24,49.9,50.0,7535700.0,31.184015358519382,31.39649161547122,31.184015358519382,31.246508375269922,7535700.0
2003-12-10,False,daily,50.01,50.3,49.9,50.25,8141400.0,31.252757676944974,31.43398742552154,31.184015358519382,31.40274091714627,8141400.0
2003-12-09,False,daily,50.15,50.27,49.85,50.01,10652200.0,31.34024790039573,31.41523952049638,31.152768850144113,31.252757676944974,10652200.0
2003-12-08,False,daily,49.36,50.28,49.3,49.85,11066100.0,30.846553068066466,31.421488822171433,30.80905725801614,31.152768850144113,11066100.0
2003-12-05,False,daily,49.58,49.69,48.99,49.16,7078800.0,30.984037704917654,31.052780023343246,30.61532890608947,30.721567034565386,7078800.0
2003-12-04,False,daily,49.27,49.55,49.11,49.33,7913700.0,30.79030935299098,30.96528979989249,30.690320526190117,30.827805163041305,7913700.0
2003-12-03,False,daily,49.2,49.45,49.01,49.16,10067000.0,30.746564241265606,30.902796783141955,30.627827509439577,30.721567034565386,10067000.0
2003-12-02,False,daily,49.49,49.495,48.93,48.95,11245300.0,30.92779398984217,30.930918640679693,30.577833096039146,30.590331699389253,11245300.0
2003-12-01,False,daily,50.3,50.3,49.3,49.5,10666100.0,31.43398742552154,31.43398742552154,30.80905725801614,30.934043291517224,10666100.0
2003-11-28,False,daily,49.25,49.55,49.2,49.3,5466300.0,30.77781074964087,30.96528979989249,30.746564241265606,30.80905725801614,5466300.0
2003-11-26,False,daily,50.72,50.72,49.2,49.7,16251300.0,31.69645809587381,31.69645809587381,30.746564241265606,31.059029325018304,16251300.0
2003-11-25,False,daily,51.23,51.23,50.43,50.69,11494200.0,32.01517248130156,32.01517248130156,31.515228347297242,31.677710190848646,11494200.0
2003-11-24,False,daily,50.13,51.5,50.13,51.48,7948700.0,31.327749297045624,32.18390362652802,31.327749297045624,32.17140502317791,7948700.0
2003-11-21,False,daily,51.49,51.496,50.6,50.88,7780800.0,32.177654324852966,32.181403905858,31.62146647577316,31.796446922674672,7780800.0
2003-11-20,False,daily,52.05,52.25,51.38,51.49,6020100.0,32.52761521865599,32.65260125215707,32.108912006427374,32.177654324852966,6020100.0
2003-11-19,False,daily,51.9,52.49,51.9,52.26,6516900.0,32.433875693530176,32.80258449235836,32.433875693530176,32.65885055383212,6516900.0
2003-11-18,False,daily,51.93,52.89,51.68,51.94,10571900.0,32.45262359855534,33.052556559360525,32.29639105667899,32.45887290023039,10571900.0
2003-11-17,False,daily,51.5,52.06,51.33,51.67,6821900.0,32.18390362652802,32.53386452033104,32.0776654980521,32.29014175500394,6821900.0
2003-11-14,False,daily,50.68,52.45,50.59,52.12,21457900.0,31.67146088917359,32.77758728565815,31.61521717409811,32.57136033038137,21457900.0
2003-11-13,False,daily,49.41,50.67,49.27,50.34,11116400.0,30.73626649969716,31.52006928839618,30.64917730095283,31.314787605641676,11116400.0
2003-11-12,False,daily,49.44,49.5,49.12,49.5,5537300.0,30.754928470856658,30.79225241317566,30.55586744515532,30.79225241317566,5537300.0
2003-11-11,False,daily,48.74,49.24,48.536,49.08,6447100.0,30.319482477134986,30.630515329793326,30.192581073250384,30.530984816942656,6447100.0
2003-11-10,False,daily,48.8,48.98,48.26,48.73,6036000.0,30.356806419453985,30.468778246410988,30.020890938582976,30.313261820081816,6036000.0
2003-11-07,False,daily,48.97,49.79,48.75,48.81,6379700.0,30.46255758935782,30.972651467717498,30.325703134188153,30.363027076507155,6379700.0
2003-11-06,False,daily,49.1,49.25,48.75,49.17,6903000.0,30.543426131048992,30.636735986846492,30.325703134188153,30.586970730421157,6903000.0
2003-11-05,False,daily,48.95,49.65,48.76,49.15,7414600.0,30.45011627525149,30.885562268973164,30.331923791241316,30.574529416314824,7414600.0
2003-11-04,False,daily,49.35,49.66,49.0,49.15,7687600.0,30.69894255737816,30.89178292602633,30.48121956051732,30.574529416314824,7687600.0
2003-11-03,False,daily,50.08,50.2,49.74,49.78,6867700.0,31.153050522259335,31.22769840689734,30.941548182451665,30.966430810664335,6867700.0
2003-10-31,False,daily,49.6,50.33,49.59,50.33,10290300.0,30.85445898370733,31.308566948588506,30.848238326654165,31.308566948588506,10290300.0
2003-10-30,False,daily,49.48,49.94,49.29,49.48,10683700.0,30.779811099069327,31.065961323515,30.661618615059158,30.779811099069327,10683700.0
2003-10-29,False,daily,50.5,50.56,48.05,49.48,27913000.0,31.414318118492343,31.451642060811345,29.890257140466474,30.779811099069327,27913000.0
2003-10-28,False,daily,49.99,50.55,49.85,50.54,6850800.0,31.097064608780837,31.445421403758175,31.0099754100365,31.43920074670501,6850800.0
2003-10-27,False,daily,50.35,50.67,49.781,49.92,5234800.0,31.32100826269484,31.52006928839618,30.96705287636965,31.05352000940867,5234800.0
2003-10-24,False,daily,50.31,50.35,49.65,50.35,7064400.0,31.296125634482173,31.32100826269484,30.885562268973164,31.32100826269484,7064400.0
2003-10-23,False,daily,49.95,50.45,49.92,50.3,6739200.0,31.07218198056817,31.38321483322651,31.05352000940867,31.289904977429003,6739200.0
2003-10-22,False,daily,50.2,50.69,49.75,49.91,7735900.0,31.22769840689734,31.53251060250251,30.947768839504832,31.0472993523555,7735900.0
2003-10-21,False,daily,50.64,51.02,50.56,50.85,7156800.0,31.501407317236676,31.73779228525702,31.451642060811345,31.632041115353182,7156800.0
2003-10-20,False,daily,50.6,50.78,50.36,50.63,5039700.0,31.47652468902401,31.588496515981014,31.327228919748006,31.495186660183514,5039700.0
2003-10-17,False,daily,50.86,50.89,50.27,50.41,7347500.0,31.638261772406345,31.656923743565848,31.271243006269508,31.358332205013838,7347500.0
2003-10-16,False,daily,50.5,50.75,50.32,50.69,6534700.0,31.414318118492343,31.56983454482151,31.30234629153534,31.53251060250251,6534700.0
2003-10-15,False,daily,51.1,51.15,50.3,50.5,12480200.0,31.78755754168235,31.818660826948182,31.289904977429003,31.414318118492343,12480200.0
2003-10-14,False,daily,50.63,50.98,50.4,50.93,14548500.0,31.495186660183514,31.712909657044346,31.352111547960675,31.681806371778514,14548500.0
2003-10-13,False,daily,49.7,49.86,49.49,49.79,5346900.0,30.916665554239,31.016196067089666,30.786031756122497,30.972651467717498,5346900.0
2003-10-10,False,daily,49.39,49.39,49.07,49.24,6755200.0,30.723825185590826,30.723825185590826,30.52476415988949,30.630515329793326,6755200.0
2003-10-09,False,daily,50.2,50.23,49.18,49.39,10796700.0,31.22769840689734,31.246360378056835,30.593191387474324,30.723825185590826,10796700.0
2003-10-08,False,daily,50.06,50.1,49.6,49.78,6486900.0,31.140609208153005,31.16549183636567,30.85445898370733,30.966430810664335,6486900.0
2003-10-07,False,daily,50.04,50.22,49.802,50.1,7125000.0,31.12816789404667,31.240139721003672,30.9801162561813,31.16549183636567,7125000.0
2003-10-06,False,daily,50.12,50.44,49.76,50.16,5738500.0,31.177933150472,31.37699417617334,30.953989496558,31.20281577868467,5738500.0
2003-10-03,False,daily,50.73,50.95,50.0,50.11,6881200.0,31.557393230715178,31.69424768588485,31.103285265834003,31.171712493418838,6881200.0
2003-10-02,False,daily,50.39,50.39,49.95,50.3,6463400.0,31.34589089090751,31.34589089090751,31.07218198056817,31.289904977429003,6463400.0
2003-10-01,False,daily,49.71,50.27,49.4,50.27,9406600.0,30.922886211292166,31.271243006269508,30.730045842643992,31.271243006269508,9406600.0
2003-09-30,False,daily,49.71,49.82,49.28,49.52,8676900.0,30.922886211292166,30.991313438877,30.65539795800599,30.804693727281997,8676900.0
2003-09-29,False,daily,49.18,49.92,49.13,49.86,8355600.0,30.593191387474324,31.05352000940867,30.56208810220849,31.016196067089666,8355600.0
2003-09-26,False,daily,49.53,49.64,49.09,49.18,7817700.0,30.810914384335163,30.879341611919997,30.537205473995826,30.593191387474324,7817700.0
2003-09-25,False,daily,49.46,49.9,49.45,49.53,6957700.0,30.767369784962995,31.041078695302332,30.761149127909828,30.810914384335163,6957700.0
2003-09-24,False,daily,50.02,50.02,49.4,49.45,9569000.0,31.115726579940336,31.115726579940336,30.730045842643992,30.761149127909828,9569000.0
2003-09-23,False,daily,50.35,50.5,49.94,50.02,7070800.0,31.32100826269484,31.414318118492343,31.065961323515,31.115726579940336,7070800.0
2003-09-22,False,daily,50.1,50.19,49.81,50.18,6628000.0,31.16549183636567,31.22147774984417,30.985092781823834,31.215257092791003,6628000.0
2003-09-19,False,daily,50.74,50.74,50.14,50.31,9730000.0,31.563613887768348,31.563613887768348,31.190374464578337,31.296125634482173,9730000.0
2003-09-18,False,daily,50.2,50.9,50.18,50.74,7944300.0,31.22769840689734,31.663144400619014,31.215257092791003,31.563613887768348,7944300.0
2003-09-17,False,daily,50.63,50.83,50.1,50.22,9030800.0,31.495186660183514,31.619599801246846,31.16549183636567,31.240139721003672,9030800.0
2003-09-16,False,daily,50.85,51.06,50.45,50.85,11059100.0,31.632041115353182,31.762674913469684,31.38321483322651,31.632041115353182,11059100.0
2003-09-15,False,daily,51.04,52.4,50.15,50.84,21815700.0,31.750233599363348,32.59624295859403,31.196595121631503,31.625820458300016,21815700.0
2003-09-12,False,daily,52.03,52.04,51.37,51.63,9696900.0,32.366078647626864,32.37229930468003,31.95551528211785,32.11725236550019,9696900.0
2003-09-11,False,daily,52.3,52.5,51.94,52.25,8816200.0,32.53403638806236,32.658449529125704,32.31009273414836,32.50293310279653,8816200.0
2003-09-10,False,daily,51.25,52.32,51.18,52.04,12737700.0,31.880867397479854,32.5464777021687,31.837322798107685,32.37229930468003,12737700.0
2003-09-09,False,daily,51.25,51.44,50.98,51.25,6998800.0,31.880867397479854,31.99905988149002,31.712909657044346,31.880867397479854,6998800.0
2003-09-08,False,daily,50.98,51.48,50.9,51.3,9227800.0,31.712909657044346,32.023942509702685,31.663144400619014,31.911970682745686,9227800.0
2003-09-05,False,daily,50.87,51.11,50.29,50.5,6484500.0,31.64448242945951,31.793778198735517,31.283684320375837,31.414318118492343,6484500.0
2003-09-04,False,daily,50.49,51.28,50.18,51.12,10095200.0,31.408097461439176,31.899529368639353,31.215257092791003,31.799998855788683,10095200.0
2003-09-03,False,daily,50.0,50.27,49.48,50.24,10443900.0,31.103285265834003,31.271243006269508,30.779811099069327,31.252581035110005,10443900.0
2003-09-02,False,daily,49.78,50.13,49.41,50.0,8743800.0,30.966430810664335,31.18415380752517,30.73626649969716,31.103285265834003,8743800.0
2003-08-29,False,daily,49.14,49.77,49.01,49.58,9042400.0,30.568308759261658,30.96021015361117,30.487440217570487,30.842017669600995,9042400.0
2003-08-28,False,daily,49.26,49.35,49.0,49.14,6193000.0,30.64295664389966,30.69894255737816,30.48121956051732,30.568308759261658,6193000.0
2003-08-27,False,daily,49.31,49.57,49.2,49.26,6424000.0,30.674059929165495,30.83579701254783,30.60563270158066,30.64295664389966,6424000.0
2003-08-26,False,daily,49.67,49.92,49.02,49.67,7533700.0,30.8980035830795,31.05352000940867,30.493660874623657,30.8980035830795,7533700.0
2003-08-25,False,daily,49.71,49.83,49.31,49.57,5767800.0,30.922886211292166,30.997534095930167,30.674059929165495,30.83579701254783,5767800.0
2003-08-22,False,daily,49.08,49.99,49.0,49.54,11107900.0,30.530984816942656,31.097064608780837,30.48121956051732,30.81713504138833,11107900.0
2003-08-21,False,daily,49.8,50.23,49.2,49.4,9703700.0,30.978872124770664,31.246360378056835,30.60563270158066,30.730045842643992,9703700.0
2003-08-20,False,daily,50.0,50.5,49.77,50.03,7051600.0,31.103285265834003,31.414318118492343,30.96021015361117,31.121947236993503,7051600.0
2003-08-19,False,daily,50.9,50.9,49.74,50.06,9500600.0,31.663144400619014,31.663144400619014,30.941548182451665,31.140609208153005,9500600.0
2003-08-18,False,daily,50.87,51.09,50.35,50.42,5409600.0,31.64448242945951,31.781336884629184,31.32100826269484,31.364552862067008,5409600.0
2003-08-15,False,daily,51.05,51.19,50.7,51.05,3628500.0,31.756454256416514,31.843543455160848,31.53873125955568,31.756454256416514,3628500.0
2003-08-14,False,daily,51.1,51.3,50.7,51.0,5158600.0,31.638814827507975,31.76264580530644,31.391152871911046,31.576899338608744,5158600.0
2003-08-13,False,daily,51.3,51.42,50.62,50.99,5934200.0,31.76264580530644,31.836944391985522,31.341620480791658,31.57070778971882,5934200.0
2003-08-12,False,daily,51.6,51.67,50.28,51.26,9200300.0,31.948392272004142,31.991733114233604,31.131107818534268,31.73787960974675,9200300.0
2003-08-11,False,daily,51.5,51.93,51.35,51.68,4549400.0,31.886476783104907,32.152713385371605,31.79360354975606,31.997924663123527,4549400.0
2003-08-08,False,daily,52.0,52.25,51.25,51.75,5812500.0,32.196054227601074,32.35084294984915,31.731688060856825,32.04126550535299,5812500.0
2003-08-07,False,daily,50.07,51.92,50.03,51.8,8894900.0,31.00108529184588,32.14652183648169,30.976319096286186,32.072223249802605,8894900.0
2003-08-06,False,daily,49.99,50.78,49.71,50.21,9183800.0,30.951552900726494,31.44068526303043,30.77818953180864,31.087766976304803,9183800.0
2003-08-05,False,daily,50.74,50.75,49.78,49.78,6961000.0,31.41591906747074,31.422110616360662,30.821530374038105,30.821530374038105,6961000.0
2003-08-04,False,daily,50.43,51.0,49.97,50.6,7644700.0,31.223981051883115,31.576899338608744,30.939169802946644,31.32923738301181,7644700.0
2003-08-01,False,daily,50.95,50.95,50.15,50.43,9969800.0,31.545941594159128,31.545941594159128,31.050617682965264,31.223981051883115,9969800.0
2003-07-31,False,daily,51.6,52.65,51.29,51.79,9118200.0,31.948392272004142,32.598504905446084,31.756454256416518,32.06603170091268,9118200.0
2003-07-30,False,daily,50.95,51.12,50.63,51.07,7023400.0,31.545941594159128,31.65119792528782,31.347812029681585,31.620240180838206,7023400.0
2003-07-29,False,daily,51.5,51.64,50.55,50.63,9468700.0,31.886476783104907,31.973158467563835,31.298279638562192,31.347812029681585,9468700.0
2003-07-28,False,daily,51.76,51.94,51.29,51.46,7658800.0,32.04745705424291,32.15890493426153,31.756454256416518,31.861710587545215,7658800.0
2003-07-25,False,daily,51.25,52.25,51.25,52.23,5566800.0,31.731688060856825,32.35084294984915,31.731688060856825,32.338459852069306,5566800.0
2003-07-24,False,daily,52.5,52.72,51.58,51.7,5811500.0,32.50563167209724,32.641845747675546,31.936009174224292,32.01030776090337,5811500.0
2003-07-23,False,daily,51.97,52.41,51.23,52.26,6448400.0,32.1774795809313,32.44990773208792,31.719304963076976,32.357034498739075,6448400.0
2003-07-22,False,daily,51.3,51.98,51.06,51.76,5973400.0,31.76264580530644,32.18367112982122,31.614048631948283,32.04745705424291,5973400.0
2003-07-21,False,daily,52.68,52.74,51.25,51.38,7386400.0,32.617079552115854,32.65422884545539,31.731688060856825,31.81217819642583,7386400.0
2003-07-18,False,daily,52.45,52.75,51.85,52.74,7109900.0,32.47467392764762,32.660420394345316,32.10318099425222,32.65422884545539,7109900.0
2003-07-17,False,daily,52.85,52.9,52.02,52.27,7052000.0,32.722335883244554,32.75329362769416,32.20843732538092,32.363226047629,7052000.0
2003-07-16,False,daily,52.3,53.05,52.2,52.6,8439300.0,32.38180069429877,32.84616686104302,32.31988520539954,32.56754716099647,8439300.0
2003-07-15,False,daily,53.95,54.19,52.52,52.55,14243000.0,33.40340626113611,33.55200343449427,32.518014769877084,32.53658941654685,14243000.0
2003-07-14,False,daily,53.3,54.24,52.91,53.6,11927300.0,33.000955583291095,33.58296117894389,32.759485176584086,33.186702049988796,11927300.0
2003-07-11,False,daily,51.45,51.93,51.34,51.88,7078000.0,31.85551903865529,32.152713385371605,31.787412000866137,32.121755640922,7078000.0
2003-07-10,False,daily,51.4,52.0,51.21,51.25,7541400.0,31.824561294205672,32.196054227601074,31.706921865297133,31.731688060856825,7541400.0
2003-07-09,False,daily,52.15,52.49,51.75,51.92,10657100.0,32.28892746094992,32.499440123207314,32.04126550535299,32.14652183648169,10657100.0
2003-07-08,False,daily,52.47,53.0,52.0,52.48,10533000.0,32.48705702542746,32.8152091165934,32.196054227601074,32.493248574317384,10533000.0
2003-07-07,False,daily,53.23,53.68,52.6,52.98,8643500.0,32.95761474106163,33.23623444110818,32.56754716099647,32.80282601881355,8643500.0
2003-07-03,False,daily,52.9,53.25,52.34,52.99,5787000.0,32.75329362769416,32.96999783884148,32.40656688985847,32.80901756770348,5787000.0
2003-07-02,False,daily,52.16,53.06,52.15,52.9,8393800.0,32.295119009839844,32.85235840993294,32.28892746094992,32.75329362769416,8393800.0
2003-07-01,False,daily,51.7,52.64,51.49,52.42,9099000.0,32.01030776090337,32.59231335655616,31.880285234214984,32.45609928097785,9099000.0
2003-06-30,False,daily,52.08,52.37,51.61,51.7,10305900.0,32.24558661872046,32.42514153652823,31.95458382089406,32.01030776090337,10305900.0
2003-06-27,False,daily,51.25,52.45,50.75,51.54,16472200.0,31.731688060856825,32.47467392764762,31.422110616360662,31.9112429786646,16472200.0
2003-06-26,False,daily,52.22,53.86,52.2,52.3,8849400.0,32.33226830317938,33.347682321126804,32.31988520539954,32.38180069429877,8849400.0
2003-06-25,False,daily,52.5,53.18,52.38,52.47,6201700.0,32.50563167209724,32.92665699661202,32.43133308541816,32.48705702542746,6201700.0
2003-06-24,False,daily,53.35,53.789,52.6,52.6,9972900.0,33.03191332774072,33.30372232400835,32.56754716099647,32.56754716099647,9972900.0
2003-06-23,False,daily,54.1,54.35,52.85,53.35,9568500.0,33.49627949448496,33.651068216733044,32.722335883244554,33.03191332774072,9568500.0
2003-06-20,False,daily,54.85,55.0,54.4,54.45,9671000.0,33.96064566122921,34.053518894578055,33.68202596118266,33.712983705632276,9671000.0
2003-06-19,False,daily,55.5,55.57,54.05,54.41,7412300.0,34.36309633907422,34.40643718130368,33.46532175003534,33.68821751007258,7412300.0
2003-06-18,False,daily,54.75,55.19,54.62,54.95,8722200.0,33.89873017232998,34.171158323486594,33.81824003676097,34.02256115012844,8722200.0
2003-06-17,False,daily,54.55,55.24,54.36,54.76,10924900.0,33.77489919453151,34.20211606793622,33.65725976562297,33.90492172121989,10924900.0
2003-06-16,False,daily,53.0,54.09,52.87,53.7,9545300.0,32.8152091165934,33.490087945595036,32.73471898102439,33.248617538888034,9545300.0
2003-06-13,False,daily,53.45,53.8,52.4,52.56,7977500.0,33.09382881663995,33.31053302778726,32.443716183198,32.542780965436776,7977500.0
2003-06-12,False,daily,53.25,54.17,53.1,53.27,10491800.0,32.96999783884148,33.53962033671442,32.87712460549263,32.98238093662133,10491800.0
2003-06-11,False,daily,52.92,53.0,52.1,53.0,10413800.0,32.765676725474016,32.8152091165934,32.257969716500305,32.8152091165934,10413800.0
2003-06-10,False,daily,52.78,52.85,51.9,52.64,8865100.0,32.678995041015085,32.722335883244554,32.134138738701836,32.59231335655616,8865100.0
2003-06-09,False,daily,52.5,53.12,52.09,52.72,8017600.0,32.50563167209724,32.88950770327248,32.25177816761038,32.641845747675546,8017600.0
2003-06-06,False,daily,53.25,53.42,52.3,52.75,15792900.0,32.96999783884148,33.07525416997018,32.38180069429877,32.660420394345316,15792900.0
2003-06-05,False,daily,52.5,53.25,51.63,52.02,21248300.0,32.50563167209724,32.96999783884148,31.96696691867391,32.20843732538092,21248300.0
2003-06-04,False,daily,53.98,54.44,53.4,54.06,9262100.0,33.42198090780588,33.70679215674235,33.06287107219033,33.47151329892527,9262100.0
2003-06-03,False,daily,53.22,54.1,53.22,53.85,7575600.0,32.95142319217171,33.49627949448496,32.95142319217171,33.34149077223688,7575600.0
2003-06-02,False,daily,54.35,54.65,53.13,53.22,9658500.0,33.651068216733044,33.83681468343074,32.8956992521624,32.95142319217171,9658500.0
2003-05-30,False,daily,53.55,54.4,53.35,54.35,8080800.0,33.15574430553918,33.68202596118266,33.03191332774072,33.651068216733044,8080800.0
2003-05-29,False,daily,53.91,54.14,53.22,53.39,9358300.0,33.37864006557641,33.52104569004465,32.95142319217171,33.05667952330041,9358300.0
2003-05-28,False,daily,53.7,53.85,53.232,53.66,7836300.0,33.248617538888034,33.34149077223688,32.95885305083962,33.223851343328334,7836300.0
2003-05-27,False,daily,52.7,53.6,52.55,53.42,9297900.0,32.6294626498957,33.186702049988796,32.53658941654685,33.07525416997018,9297900.0
2003-05-23,False,daily,53.27,53.39,52.6,53.09,7360400.0,32.98238093662133,33.05667952330041,32.56754716099647,32.87093305660271,7360400.0
2003-05-22,False,daily,53.45,53.94,53.22,53.38,8354700.0,33.09382881663995,33.39721471224619,32.95142319217171,33.05048797441049,8354700.0
2003-05-21,False,daily,54.1,54.33,53.18,53.45,9953700.0,33.49627949448496,33.6386851189532,32.92665699661202,33.09382881663995,9953700.0
2003-05-20,False,daily,54.82,55.15,53.33,53.99,10068600.0,33.94207101455944,34.1463921279269,33.019530229960864,33.428172456695805,10068600.0
2003-05-19,False,daily,55.7,55.86,54.0,54.63,13579600.0,34.48692731687269,34.58599209911146,33.43436400558573,33.8244315856509,13579600.0
2003-05-16,False,daily,55.21,56.25,55.21,56.04,6511800.0,34.18354142126645,34.82746250581847,34.18354142126645,34.697439979130074,6511800.0
2003-05-15,False,daily,55.49,55.94,55.24,55.44,5033400.0,34.21039346911741,34.48782502545374,34.05626482670834,34.1795677406356,5033400.0
2003-05-14,False,daily,55.87,55.9,55.01,55.35,7506700.0,34.4446690055792,34.46316444266829,33.914466475691995,34.12408142936833,7506700.0
2003-05-13,False,daily,56.0,56.0,55.15,55.5,7999900.0,34.52481589963192,34.52481589963192,34.00077851544108,34.21655861481378,7999900.0
2003-05-12,False,daily,56.09,56.23,55.55,56.16,7878200.0,34.580302210899184,34.66661425064826,34.247384343295586,34.62345823077372,7878200.0
2003-05-09,False,daily,55.6,56.55,55.6,56.34,5803500.0,34.27821007177741,34.86389891293187,34.27821007177741,34.734430853308254,5803500.0
2003-05-08,False,daily,57.01,57.01,56.05,56.44,4605500.0,35.14749561496456,35.14749561496456,34.55564162811373,34.796082310271885,4605500.0
2003-05-07,False,daily,56.52,57.52,56.45,57.01,7731600.0,34.84540347584279,35.461918045479074,34.80224745596825,35.14749561496456,7731600.0
2003-05-06,False,daily,56.71,57.0,56.4,56.52,6477600.0,34.962541244073684,35.141330469268205,34.771421727486434,34.84540347584279,6477600.0
2003-05-05,False,daily,56.26,57.16,56.26,56.46,5830100.0,34.68510968773735,35.23997280041001,34.68510968773735,34.80841260166461,5830100.0
2003-05-02,False,daily,55.95,56.75,55.55,56.64,6287800.0,34.49399017115011,34.987201826859135,34.247384343295586,34.91938522419914,6287800.0
2003-05-01,False,daily,56.36,56.76,55.51,56.32,6119400.0,34.74676114470098,34.99336697255549,34.222723760510135,34.72210056191553,6119400.0
2003-04-30,False,daily,56.34,56.84,56.17,56.36,6948000.0,34.734430853308254,35.0426881381264,34.629623376470086,34.74676114470098,6948000.0
2003-04-29,False,daily,56.85,57.21,56.5,56.89,5867500.0,35.04885328382276,35.270798528891824,34.83307318445006,35.07351386660821,5867500.0
2003-04-28,False,daily,56.3,57.33,56.2,57.01,4361100.0,34.7097702705228,35.34478027724818,34.64811881355918,35.14749561496456,4361100.0
2003-04-25,False,daily,57.5,57.66,55.8,56.21,8366100.0,35.449587754086345,35.54823008522815,34.40151298570466,34.65428395925554,8366100.0
2003-04-24,False,daily,57.41,57.87,56.38,57.5,12304400.0,35.39410144281908,35.67769814485177,34.759091436093705,35.449587754086345,12304400.0
2003-04-23,False,daily,56.2,57.0,56.051,56.8,6474800.0,34.64811881355918,35.141330469268205,34.55625814268337,35.01802755534094,6474800.0
2003-04-22,False,daily,54.75,56.4,54.72,56.09,7359300.0,33.75417268758656,34.771421727486434,33.735677250497474,34.580302210899184,7359300.0
2003-04-21,False,daily,55.52,55.9,55.04,55.36,5406400.0,34.22888890620651,34.46316444266829,33.93296191278109,34.130246575064696,5406400.0
2003-04-17,False,daily,54.5,55.44,54.5,55.01,7654900.0,33.60004404517749,34.1795677406356,33.60004404517749,33.914466475691995,7654900.0
2003-04-16,False,daily,55.98,56.2,53.95,54.39,14857600.0,34.51248560823919,34.64811881355918,33.260961031877535,33.5322274425175,14857600.0
2003-04-15,False,daily,56.5,57.2,55.5,55.98,13151900.0,34.83307318445006,35.26463338319546,34.21655861481378,34.51248560823919,13151900.0
2003-04-14,False,daily,57.39,57.99,57.25,57.78,4927300.0,35.381771151426356,35.75167989320813,35.295459111677275,35.62221183358451,4927300.0
2003-04-11,False,daily,57.72,58.14,57.33,57.38,5898700.0,35.58522095940633,35.844157078653566,35.34478027724818,35.37560600572999,5898700.0
2003-04-10,False,daily,57.72,57.72,56.71,57.21,6612800.0,35.58522095940633,35.58522095940633,34.962541244073684,35.270798528891824,6612800.0
2003-04-09,False,daily,57.02,58.1,57.02,57.26,6111200.0,35.153660760660934,35.819496495868115,35.153660760660934,35.30162425737363,6111200.0
2003-04-08,False,daily,57.58,58.008,57.2,57.5,5420100.0,35.49890891965725,35.76277715546158,35.26463338319546,35.449587754086345,5420100.0
2003-04-07,False,daily,57.84,59.08,57.2,57.33,7225600.0,35.65920270776268,36.42368077411167,35.26463338319546,35.34478027724818,7225600.0
2003-04-04,False,daily,57.51,58.0,57.35,57.84,6748300.0,35.45575289978271,35.757845038904485,35.357110568640906,35.65920270776268,6748300.0
2003-04-03,False,daily,57.92,58.39,57.24,57.46,7423500.0,35.70852387333358,35.998285721062636,35.28929396598091,35.424927171300894,7423500.0
2003-04-02,False,daily,58.27,58.68,57.78,58.41,8450400.0,35.924303972706284,36.17707494625716,35.62221183358451,36.01061601245536,8450400.0
2003-04-01,False,daily,57.87,58.6,57.68,58.42,7793200.0,35.67769814485177,36.127753780686255,35.56056037662088,36.01678115815173,7793200.0
2003-03-31,False,daily,56.75,58.45,56.75,57.87,9597600.0,34.987201826859135,36.035276595240816,34.987201826859135,35.67769814485177,9597600.0
2003-03-28,False,daily,56.0,57.6,56.0,57.38,5706900.0,34.52481589963192,35.511239211049975,34.52481589963192,35.37560600572999,5706900.0
2003-03-27,False,daily,56.0,57.34,55.7,56.96,5517600.0,34.52481589963192,35.35094542294454,34.33986152874103,35.116669886482754,5517600.0
2003-03-26,False,daily,57.09,57.11,56.49,56.66,6640500.0,35.19681678053547,35.20914707192819,34.8269080387537,34.93171551559186,6640500.0
2003-03-25,False,daily,56.5,57.4,56.03,57.08,7645200.0,34.83307318445006,35.387936297122714,34.54331133672101,35.19065163483911,7645200.0
2003-03-24,False,daily,57.1,57.98,56.65,56.75,7233800.0,35.202981926231836,35.74551474751176,34.925550369895504,34.987201826859135,7233800.0
2003-03-21,False,daily,58.18,58.68,57.38,58.67,8689200.0,35.86881766143902,36.17707494625716,35.37560600572999,36.1709098005608,8689200.0
2003-03-20,False,daily,57.17,57.5,56.5,57.39,5865900.0,35.24613794610637,35.449587754086345,34.83307318445006,35.381771151426356,5865900.0
2003-03-19,False,daily,56.84,57.45,56.01,57.31,6828100.0,35.0426881381264,35.41876202560453,34.53098104532828,35.332449985855455,6828100.0
2003-03-18,False,daily,56.39,56.91,56.08,56.78,7218700.0,34.76525658179007,35.08584415800094,34.57413706520282,35.00569726394822,7218700.0
2003-03-17,False,daily,54.45,56.5,54.4,56.39,8218600.0,33.56921831669568,34.83307318445006,33.53839258821386,34.76525658179007,8218600.0
2003-03-14,False,daily,55.66,55.88,54.8,55.19,7588000.0,34.31520094595558,34.450834151275565,33.784998416068376,34.02543909822653,7588000.0
2003-03-13,False,daily,54.68,55.6,54.23,55.48,9637200.0,33.71101666771202,34.27821007177741,33.43358511137569,34.20422832342105,9637200.0
2003-03-12,False,daily,54.5,54.8,54.09,54.68,8918100.0,33.60004404517749,33.784998416068376,33.34727307162662,33.71101666771202,8918100.0
2003-03-11,False,daily,54.51,54.98,53.96,54.48,7362500.0,33.606209190873855,33.89597103860291,33.2671261775739,33.58771375378476,7362500.0
2003-03-10,False,daily,54.55,55.2,53.95,54.13,7114000.0,33.630869773659306,34.03160424392289,33.260961031877535,33.37193365441207,7114000.0
2003-03-07,False,daily,52.55,55.39,52.52,55.3,13278900.0,32.39784063438674,34.14874201215378,32.37934519729765,34.093255700886516,13278900.0
2003-03-06,False,daily,52.6,53.74,52.3,53.3,9287200.0,32.428666362868555,33.131492972253916,32.24371199197766,32.86022656161395,9287200.0
2003-03-05,False,daily,51.52,52.9,51.5,52.81,6676900.0,31.762830627661366,32.61362073375944,31.75050033626864,32.558134422492174,6676900.0
2003-03-04,False,daily,52.44,52.95,51.68,51.69,5474600.0,32.330024031726744,32.644446462241255,31.86147295880317,31.86763810449953,5474600.0
2003-03-03,False,daily,53.16,53.44,52.25,52.43,5654400.0,32.77391452186487,32.94653860136303,32.212886263495854,32.323858886030386,5654400.0
2003-02-28,False,daily,52.53,53.04,52.11,52.45,6438700.0,32.38551034299401,32.699932773508515,32.12657422374677,32.33618917742311,6438700.0
2003-02-27,False,daily,51.99,53.1,51.8,52.78,5478300.0,32.05259247539042,32.736923647686694,31.935454707159522,32.53963898540309,5478300.0
2003-02-26,False,daily,52.76,53.38,51.82,51.82,6069100.0,32.52730869401036,32.90954772718486,31.94778499855225,31.94778499855225,6069100.0
2003-02-25,False,daily,51.86,52.85,51.35,52.76,6165200.0,31.972445581337702,32.582795005277625,31.658023150823198,32.52730869401036,6165200.0
2003-02-24,False,daily,53.49,53.49,52.41,52.43,5483600.0,32.977364329844846,32.977364329844846,32.31152859463766,32.323858886030386,5483600.0
2003-02-21,False,daily,52.48,53.8,52.06,53.48,6473200.0,32.354684614512195,33.16848384643209,32.09574849526496,32.97119918414848,6473200.0
2003-02-20,False,daily,53.1,53.33,51.6,51.92,5525400.0,32.736923647686694,32.878721998703035,31.812151793232267,32.00943645551588,5525400.0
2003-02-19,False,daily,53.01,53.14,52.2,52.57,4490800.0,32.68143733641943,32.761584230472145,32.18206053501404,32.41017092577946,4490800.0
2003-02-18,False,daily,53.0,53.95,52.6,53.06,8027900.0,32.675272190723064,33.260961031877535,32.428666362868555,32.712263064901244,8027900.0
2003-02-14,False,daily,51.31,52.5,51.2,51.75,8432700.0,31.633362568037747,32.367014905904924,31.565545965377755,31.90462897867771,8432700.0
2003-02-13,False,daily,49.99,51.85,49.1,51.31,13309200.0,30.819563336117852,31.96628043564134,30.270865369141557,31.633362568037747,13309200.0
2003-02-12,False,daily,51.8,51.8,50.0,50.0,15589100.0,31.808370009208097,31.808370009208097,30.70305985444797,30.70305985444797,15589100.0
2003-02-11,False,daily,52.49,53.62,51.78,52.0,8016600.0,32.23207223519948,32.92596138791001,31.79608878526632,31.93118224862589,8016600.0
2003-02-10,False,daily,51.41,52.98,51.23,52.04,8070200.0,31.568886142343402,32.53296222177307,31.458355126867392,31.95574469650945,8070200.0
2003-02-07,False,daily,51.7,52.08,51.33,51.84,6270800.0,31.746963889499206,31.980307144393006,31.519761246576287,31.832932457091662,6270800.0
2003-02-06,False,daily,52.11,52.26,51.38,52.12,6356600.0,31.99872898030568,32.09083815986902,31.550464306430737,32.00486959227656,6356600.0
2003-02-05,False,daily,52.76,53.2,52.07,52.1,5935200.0,32.3978687584135,32.66805568513264,31.974166532422117,31.99258836833479,5935200.0
2003-02-04,False,daily,52.51,53.0,51.61,52.76,7022900.0,32.24435345914126,32.54524344571485,31.691698381761196,32.3978687584135,7022900.0
2003-02-03,False,daily,53.5,53.85,52.96,53.34,5852600.0,32.85227404425933,33.067195463240466,32.52068099783129,32.7540242527251,5852600.0
2003-01-31,False,daily,52.1,53.8,51.75,53.61,9962800.0,31.99258836833479,33.03649240338601,31.77766694935365,32.919820775939115,9962800.0
2003-01-30,False,daily,52.27,52.55,51.54,51.54,7733300.0,32.096978771839915,32.26891590702482,31.64871409796497,31.64871409796497,7733300.0
2003-01-29,False,daily,52.8,53.11,51.74,53.04,9095300.0,32.422431206297055,32.612790177394636,31.771526337382763,32.56980589359841,9095300.0
2003-01-28,False,daily,52.8,53.11,51.74,53.04,7595000.0,32.422431206297055,32.612790177394636,31.771526337382763,32.56980589359841,7595000.0
2003-01-27,False,daily,53.05,53.46,51.7,52.18,10544800.0,32.5759465055693,32.82771159637577,31.746963889499206,32.0417132641019,10544800.0
2003-01-24,False,daily,54.81,54.9,53.17,53.61,7866700.0,33.65669421244587,33.71195972018387,32.649633849219974,32.919820775939115,7866700.0
2003-01-23,False,daily,54.45,54.95,54.25,54.8,6783600.0,33.435632181493844,33.74266278003832,33.312819942076054,33.65055360047498,6783600.0
2003-01-22,False,daily,53.99,54.74,53.43,54.0,9650200.0,33.15316403083292,33.61370992864964,32.8092897604631,33.15930464280381,9650200.0
2003-01-21,False,daily,55.3,56.0,53.8,53.99,9805400.0,33.95758419901946,34.38742703698173,33.03649240338601,33.15316403083292,9805400.0
2003-01-17,False,daily,54.69,55.15,54.53,54.79,5628700.0,33.58300686879519,33.86547501945611,33.48475707726096,33.64441298850409,5628700.0
2003-01-16,False,daily,55.7,55.75,54.16,54.68,7760500.0,34.203208677855045,34.23391173770949,33.25755443433804,33.5768662568243,7760500.0
2003-01-15,False,daily,56.6,56.61,54.87,55.0,7758700.0,34.755863755235104,34.762004367205996,33.6935378842712,33.77336583989277,7758700.0
2003-01-14,False,daily,55.6,56.47,55.59,56.36,4987800.0,34.141802558146146,34.67603579961354,34.13566194617526,34.60848906793375,4987800.0
2003-01-13,False,daily,57.2,57.2,55.76,56.04,7579200.0,35.12430047348848,35.12430047348848,34.240052349680376,34.41198948486529,7579200.0
2003-01-10,False,daily,56.85,57.25,56.33,57.2,5190500.0,34.90937905450735,35.15500353334293,34.590067232021084,35.12430047348848,5190500.0
2003-01-09,False,daily,56.37,57.1,55.92,56.85,5949800.0,34.614629679904645,35.06289435377958,34.33830214121461,34.90937905450735,5949800.0
2003-01-08,False,daily,56.06,56.37,55.45,55.73,5548400.0,34.42427070880707,34.614629679904645,34.0496933785828,34.22163051376771,5548400.0
2003-01-07,False,daily,57.1,57.12,55.9,56.06,6527800.0,35.06289435377958,35.07517557772136,34.326020917272835,34.42427070880707,6527800.0
2003-01-06,False,daily,56.56,57.55,56.36,57.35,5920900.0,34.73130130735155,35.33922189246962,34.60848906793375,35.21640965305183,5920900.0
2003-01-03,False,daily,56.0,56.94,56.0,56.81,8743800.0,34.38742703698173,34.96464456224535,34.38742703698173,34.88481660662379,8743800.0
2003-01-02,False,daily,54.25,55.39,53.85,55.33,6483400.0,33.312819942076054,34.012849706757464,33.067195463240466,33.97600603493213,6483400.0
2004-12-31,False,daily,63.7,63.75,63.33,63.42,2949600.0,40.58702999620671,40.61888794753811,40.35128115635433,40.408625468750856,2949600.0
2004-12-30,False,daily,63.7,63.84,63.5,63.55,3206800.0,40.58702999620671,40.676232259934636,40.459598190881096,40.4914561422125,3206800.0
2004-12-29,False,daily,63.6,63.7,63.35,63.53,4583100.0,40.5233140935439,40.58702999620671,40.36402433688689,40.47871296167994,4583100.0
2004-12-28,False,daily,63.76,63.9,63.6,63.76,4089000.0,40.62525953780439,40.714461801532316,40.5233140935439,40.62525953780439,4089000.0
2004-12-27,False,daily,63.78,63.98,63.53,63.53,4677700.0,40.638002718336956,40.76543452366256,40.47871296167994,40.47871296167994,4677700.0
2004-12-23,False,daily,63.05,63.76,63.05,63.6,5552700.0,40.17287662889847,40.62525953780439,40.17287662889847,40.5233140935439,5552700.0
2004-12-22,False,daily,62.3,63.41,62.3,63.3,6678000.0,39.69500735892744,40.40225387848457,39.69500735892744,40.33216638555549,6678000.0
2004-12-21,False,daily,63.08,63.1,62.62,62.95,9117100.0,40.191991399697315,40.20473458022988,39.898898247448415,40.10916072623567,9117100.0
2004-12-20,False,daily,63.58,63.9,62.92,63.07,8646100.0,40.51057091301134,40.714461801532316,40.09004595543683,40.18561980943104,8646100.0
2004-12-17,False,daily,62.96,64.25,62.95,63.58,18006800.0,40.115532316501955,40.93746746085213,40.10916072623567,40.51057091301134,18006800.0
2004-12-16,False,daily,61.8,64.24,61.55,63.45,28705900.0,39.376427845613414,40.93109587058585,39.2171380889564,40.4277402395497,28705900.0
2004-12-15,False,daily,61.05,61.38,60.62,60.9,7329000.0,38.898558575642376,39.10882105442964,38.62458019419232,38.80298472164817,7329000.0
2004-12-14,False,daily,60.5,61.57,60.33,61.43,7057700.0,38.54812111099695,39.22988126948896,38.43980407647018,39.14067900576104,7057700.0
2004-12-13,False,daily,60.48,60.82,59.6,60.64,8681000.0,38.53537793046439,38.752011999517926,37.97467798703171,38.63732337472488,8681000.0
2004-12-10,False,daily,61.49,62.59,60.25,60.25,8732900.0,39.17890854735872,39.87978347664958,38.38883135433994,38.38883135433994,8732900.0
2004-12-09,False,daily,61.15,61.5,60.75,61.31,7539100.0,38.96227447830518,39.185280137625,38.70741086765396,39.06421992256567,7539100.0
2004-12-08,False,daily,60.93,61.45,60.8,61.15,5990700.0,38.822099492447016,39.153422186293604,38.739268818985366,38.96227447830518,5990700.0
2004-12-07,False,daily,61.05,62.81,60.35,60.41,11385900.0,38.898558575642376,40.019958462507745,38.45254725700275,38.49077679860043,11385900.0
2004-12-06,False,daily,61.66,61.99,61.66,61.83,3369400.0,39.28722558188549,39.497488060672744,39.28722558188549,39.39554261641226,3369400.0
2004-12-03,False,daily,61.74,62.3,61.51,61.91,6053700.0,39.338198304015734,39.69500735892744,39.19165172789128,39.4465153385425,6053700.0
2004-12-02,False,daily,60.98,62.0,60.9,61.75,6167000.0,38.85395744377841,39.50385965093903,38.80298472164817,39.34456989428201,6167000.0
2004-12-01,False,daily,60.33,61.29,60.22,61.19,5431500.0,38.43980407647018,39.05147674203311,38.3697165835411,38.9877608393703,5431500.0
2004-11-30,False,daily,60.1,60.75,60.0,60.32,8543200.0,38.29325750034573,38.70741086765396,38.229541597682925,38.433432486203905,8543200.0
2004-11-29,False,daily,60.49,60.91,59.9,60.2,5021800.0,38.541749520730676,38.80935631191445,38.165825695020125,38.35697340300854,5021800.0
2004-11-26,False,daily,60.3,60.79,60.29,60.45,1672900.0,38.42068930567134,38.73289722871909,38.41431771540506,38.51626315966555,1672900.0
2004-11-24,False,daily,60.67,60.89,60.4,60.51,4001300.0,38.65643814552372,38.79661313138189,38.484405208334145,38.55449270126323,4001300.0
2004-11-23,False,daily,60.84,60.89,60.28,60.57,5376000.0,38.76475518005049,38.79661313138189,38.407946125138785,38.592722242860916,5376000.0
2004-11-22,False,daily,60.55,61.07,60.55,60.87,4752300.0,38.579979062328356,38.91130175617494,38.579979062328356,38.78386995084933,4752300.0
2004-11-19,False,daily,61.02,61.1,60.39,60.54,5213900.0,38.87944380484354,38.93041652697378,38.47803361806787,38.57360747206207,5213900.0
2004-11-18,False,daily,60.9,61.36,60.85,61.12,4666700.0,38.80298472164817,39.09607787389707,38.77112677031677,38.94315970750634,4666700.0
2004-11-17,False,daily,60.9,61.44,60.75,60.9,6264900.0,38.80298472164817,39.14705059602732,38.70741086765396,38.80298472164817,6264900.0
2004-11-16,False,daily,61.1,61.39,61.01,61.03,3953700.0,38.93041652697378,39.11519264469592,38.873072214577256,38.885815395109816,3953700.0
2004-11-15,False,daily,61.0,61.49,60.52,61.16,5326500.0,38.86670062431098,39.17890854735872,38.56086429152951,38.96864606857146,5326500.0
2004-11-12,False,daily,60.6,61.0,60.44,61.0,6120300.0,38.61183701365976,38.86670062431098,38.509891569399265,38.86670062431098,6120300.0
2004-11-11,False,daily,60.0,60.85,59.87,60.6,5627500.0,38.05175879022043,38.590825373081884,37.969313312841614,38.43227637812264,5627500.0
2004-11-10,False,daily,59.97,60.64,59.88,60.12,6436700.0,38.03273291082532,38.457644217316115,37.97565527263999,38.12786230780087,6436700.0
2004-11-09,False,daily,59.84,60.227,59.53,59.83,5096600.0,37.95028743344651,38.19572127764343,37.75368667969703,37.943945473648135,5096600.0
2004-11-08,False,daily,59.3,60.26,59.25,59.84,6775000.0,37.607821604334525,38.21664974497805,37.57611180534268,37.95028743344651,6775000.0
2004-11-05,False,daily,59.15,59.75,59.0,59.18,6466200.0,37.512692207358974,37.89320979526118,37.41756281038342,37.53171808675408,6466200.0
2004-11-04,False,daily,59.25,59.5,58.82,59.22,9121900.0,37.57611180534268,37.734660800301924,37.30340753401276,37.55708592594756,9121900.0
2004-11-03,False,daily,59.23,59.98,59.18,59.45,9375800.0,37.56342788574593,38.039074870623686,37.53171808675408,37.702951001310076,9375800.0
2004-11-02,False,daily,57.81,59.0,57.81,58.04,7443800.0,36.66286959437738,37.41756281038342,36.66286959437738,36.80873466973989,7443800.0
2004-11-01,False,daily,58.35,58.89,58.1,58.44,6724200.0,37.00533542348937,37.34780125260135,36.846786428530116,37.0624130616747,6724200.0
2004-10-29,False,daily,57.93,58.48,57.91,58.38,6801500.0,36.738973111957826,37.087780900868175,36.72628919236108,37.02436130288448,6801500.0
2004-10-28,False,daily,57.57,58.08,57.49,58.01,5581200.0,36.5106625592165,36.83410250893338,36.45992688082954,36.78970879034478,5581200.0
2004-10-27,False,daily,56.99,57.8,56.9,57.77,5945100.0,36.14282889091104,36.656527634579014,36.08575125272571,36.637501755183905,5945100.0
2004-10-26,False,daily,57.01,57.34,56.7,57.23,6610400.0,36.15551281050778,36.36479748385399,35.95891205675831,36.29503592607192,6610400.0
2004-10-25,False,daily,57.1,57.31,56.95,57.08,6234900.0,36.212590448693106,36.34577160445888,36.11746105171756,36.19990652909637,6234900.0
2004-10-22,False,daily,57.78,57.99,57.24,57.29,5131100.0,36.643843714982275,36.77702487074804,36.30137788587029,36.333087684862136,5131100.0
2004-10-21,False,daily,57.3,57.96,57.18,57.78,6910700.0,36.339429644660505,36.757998991352935,36.26332612708007,36.643843714982275,6910700.0
2004-10-20,False,daily,56.35,57.5,56.33,57.5,6049000.0,35.73694346381535,36.46626884062791,35.72425954421861,36.46626884062791,6049000.0
2004-10-19,False,daily,56.84,57.42,56.47,56.61,5435400.0,36.04769949393549,36.415533162240955,35.81304698139579,35.901834418572975,5435400.0
2004-10-18,False,daily,56.2,57.47,56.2,57.32,6466400.0,35.64181406683981,36.4472429612328,35.64181406683981,36.35211356425725,6466400.0
2004-10-15,False,daily,56.73,57.01,56.5,56.58,7227200.0,35.97793793615342,36.15551281050778,35.8320728607909,35.882808539177866,7227200.0
2004-10-14,False,daily,56.49,56.98,56.49,56.52,5820600.0,35.82573090099253,36.136486931112664,35.82573090099253,35.84475678038765,5820600.0
2004-10-13,False,daily,56.92,57.2,56.31,56.51,7024600.0,36.098435172322446,36.27601004667681,35.71157562462187,35.83841482058927,7024600.0
2004-10-12,False,daily,55.5,56.88,55.36,56.82,11660700.0,35.1978768809539,36.07306733312897,35.10908944377672,36.03501557433874,11660700.0
2004-10-11,False,daily,55.19,55.46,54.81,55.36,7255600.0,35.00127612720442,35.172509041760414,34.76028165486636,35.10908944377672,7255600.0
2004-10-08,False,daily,55.42,55.9,55.21,55.32,8960900.0,35.147141202566935,35.4515552728887,35.01396004680117,35.08372160458324,8960900.0
2004-10-07,False,daily,57.65,57.68,55.55,55.92,10501300.0,36.56139823760346,36.58042411699857,35.22958667994575,35.464239192485444,10501300.0
2004-10-06,False,daily,57.5,57.76,57.27,57.75,3743100.0,36.46626884062791,36.63115979538553,36.320403765265404,36.624817835587166,3743100.0
2004-10-05,False,daily,57.37,57.55,57.15,57.46,3826700.0,36.3838233632491,36.49797863961976,36.244300247684954,36.44090100143443,3826700.0
2004-10-04,False,daily,57.0,57.45,56.96,57.25,6920300.0,36.14917085070941,36.434559041636064,36.123803011515925,36.30771984566866,6920300.0
2004-10-01,False,daily,56.39,57.0,56.12,57.0,5786400.0,35.762311303008836,36.14917085070941,35.59107838845284,36.14917085070941,5786400.0
2004-09-30,False,daily,57.22,57.49,56.09,56.33,7942900.0,36.28869396627355,36.45992688082954,35.572052509057734,35.72425954421861,7942900.0
2004-09-29,False,daily,56.93,57.04,56.67,57.03,4102400.0,36.104777132120816,36.17453868990289,35.9398861773632,36.16819673010452,4102400.0
2004-09-28,False,daily,56.68,57.43,56.27,57.1,4975300.0,35.94622813716156,36.42187512203932,35.686207785428394,36.212590448693106,4975300.0
2004-09-27,False,daily,56.35,56.96,56.35,56.53,4313000.0,35.73694346381535,36.123803011515925,35.73694346381535,35.85109874018602,4313000.0
2004-09-24,False,daily,56.45,56.97,56.25,56.55,4555900.0,35.800363061799054,36.130144971314294,35.673523865831655,35.86378265978275,4555900.0
2004-09-23,False,daily,57.0,57.22,56.52,56.56,6333600.0,36.14917085070941,36.28869396627355,35.84475678038765,35.87012461958113,6333600.0
2004-09-22,False,daily,57.58,57.65,57.19,57.3,4714500.0,36.51700451901487,36.56139823760346,36.26966808687844,36.339429644660505,4714500.0
2004-09-21,False,daily,57.9,57.95,57.4,57.9,5331500.0,36.71994723256271,36.751657031554565,36.40284924264421,36.71994723256271,5331500.0
2004-09-20,False,daily,57.75,58.16,57.75,57.92,4731500.0,36.624817835587166,36.884838187320334,36.624817835587166,36.732631152159456,4731500.0
2004-09-17,False,daily,58.36,58.8,58.33,58.52,5227100.0,37.01167738328774,37.29072361441602,36.992651503892624,37.11314874006166,5227100.0
2004-09-16,False,daily,58.14,58.38,58.1,58.12,3299700.0,36.872154267723595,37.02436130288448,36.846786428530116,36.859470348126855,3299700.0
2004-09-15,False,daily,58.25,58.512,58.1,58.18,4387000.0,36.94191582550567,37.10807517222296,36.846786428530116,36.89752210691707,4387000.0
2004-09-14,False,daily,58.03,58.68,58.03,58.35,5435500.0,36.80239270994153,37.21462009683558,36.80239270994153,37.00533542348937,5435500.0
2004-09-13,False,daily,57.8,58.15,57.35,58.15,5855000.0,36.656527634579014,36.878496227521964,36.37113944365236,36.878496227521964,5855000.0
2004-09-10,False,daily,57.41,57.64,57.07,57.57,5117200.0,36.40919120244258,36.55505627780509,36.193564569298,36.5106625592165,5117200.0
2004-09-09,False,daily,58.27,58.32,57.51,57.51,5118500.0,36.954599745102406,36.986309544094254,36.47261080042628,36.47261080042628,5118500.0
2004-09-08,False,daily,58.25,58.38,58.0,58.27,7263800.0,36.94191582550567,37.02436130288448,36.78336683054641,36.954599745102406,7263800.0
2004-09-07,False,daily,58.05,58.3,57.7,57.86,5706000.0,36.81507662953826,36.973625624497515,36.59310803659532,36.69457939336923,5706000.0
2004-09-03,False,daily,57.8,58.13,57.78,57.85,5102200.0,36.656527634579014,36.865812307925225,36.643843714982275,36.68823743357086,5102200.0
2004-09-02,False,daily,57.68,57.91,57.51,57.7,4948800.0,36.58042411699857,36.72628919236108,36.47261080042628,36.59310803659532,4948800.0
2004-09-01,False,daily,58.0,58.06,57.41,57.79,5949500.0,36.78336683054641,36.82141858933664,36.40919120244258,36.650185674780644,5949500.0
2004-08-31,False,daily,57.51,58.1,57.51,58.1,5775400.0,36.47261080042628,36.846786428530116,36.47261080042628,36.846786428530116,5775400.0
2004-08-30,False,daily,57.62,57.85,57.49,57.54,3327400.0,36.542372358208354,36.68823743357086,36.45992688082954,36.49163667982139,3327400.0
2004-08-27,False,daily,57.6,57.85,57.58,57.71,3488200.0,36.529688438611615,36.68823743357086,36.51700451901487,36.59944999639368,3488200.0
2004-08-26,False,daily,57.66,57.84,57.46,57.52,3930800.0,36.56774019740183,36.68189547377249,36.44090100143443,36.47895276022465,3930800.0
2004-08-25,False,daily,57.23,57.69,57.19,57.66,4701100.0,36.29503592607192,36.58676607679694,36.26966808687844,36.56774019740183,4701100.0
2004-08-24,False,daily,57.47,57.5,57.07,57.17,4028100.0,36.4472429612328,36.46626884062791,36.193564569298,36.2569841672817,4028100.0
2004-08-23,False,daily,57.13,57.61,57.04,57.05,4667300.0,36.23161632808822,36.536030398409984,36.17453868990289,36.18088064970126,4667300.0
2004-08-20,False,daily,56.67,57.12,56.66,57.04,3809300.0,35.9398861773632,36.225274368289845,35.93354421756482,36.17453868990289,3809300.0
2004-08-19,False,daily,56.7,57.01,56.64,56.78,4444400.0,35.95891205675831,36.15551281050778,35.92086029796808,36.009647735145265,4444400.0
2004-08-18,False,daily,56.54,57.06,56.52,57.03,4851600.0,35.85744069998439,36.18722260949963,35.84475678038765,36.16819673010452,4851600.0
2004-08-17,False,daily,56.15,56.55,56.05,56.54,6458700.0,35.61010426784795,35.86378265978275,35.54668466986425,35.85744069998439,6458700.0
2004-08-16,False,daily,55.54,56.25,55.53,56.09,4739500.0,35.22324472014738,35.673523865831655,35.21690276034901,35.572052509057734,4739500.0
2004-08-13,False,daily,56.25,56.35,55.25,55.54,6049000.0,35.673523865831655,35.73694346381535,35.039327885994645,35.22324472014738,6049000.0
2004-08-12,False,daily,56.15,56.75,56.1,56.3,7663000.0,35.42830615380699,35.80688110825551,35.396758240936286,35.52294989241912,7663000.0
2004-08-11,False,daily,54.7,56.14,54.7,56.0,6071100.0,34.51341668055641,35.42199657123285,34.51341668055641,35.333662415194866,6071100.0
2004-08-10,False,daily,54.48,55.0,54.37,54.99,3931800.0,34.37460586392529,34.702704157780666,34.30520045560972,34.696394575206526,3931800.0
2004-08-09,False,daily,54.66,54.9,54.46,54.49,3450200.0,34.488178350259844,34.63960833203925,34.361986698777,34.38091544649943,3450200.0
2004-08-06,False,daily,55.22,55.22,54.4,54.6,6053600.0,34.841514974411794,34.841514974411794,34.32412920333215,34.45032085481499,6053600.0
2004-08-05,False,daily,55.7,56.0,55.1,55.22,6130000.0,35.1443749379706,35.333662415194866,34.765799983522086,34.841514974411794,6130000.0
2004-08-04,False,daily,55.25,55.65,55.18,55.58,3438700.0,34.860443722134214,35.1128270250999,34.81627664411522,35.0686599470809,3438700.0
2004-08-03,False,daily,55.37,55.98,55.27,55.43,5934200.0,34.93615871302392,35.32104325004658,34.8730628872825,34.974016208468775,5934200.0
2004-08-02,False,daily,55.0,55.72,55.0,55.52,4140500.0,34.702704157780666,35.15699410311889,34.702704157780666,35.03080245163605,4140500.0
2004-07-30,False,daily,55.2,55.59,54.99,55.27,5033400.0,34.82889580926351,35.07496952965504,34.696394575206526,34.8730628872825,5033400.0
2004-07-29,False,daily,55.64,55.77,55.17,55.47,4832100.0,35.10651744252576,35.1885420159896,34.80996706154108,34.99925453876534,4832100.0
2004-07-28,False,daily,55.55,55.86,54.8,55.68,8636000.0,35.049731199358476,35.24532825915688,34.57651250629783,35.13175577282232,8636000.0
2004-07-27,False,daily,55.32,55.73,55.12,55.65,5083300.0,34.90461080015321,35.16330368569303,34.77841914867037,35.1128270250999,5083300.0
2004-07-26,False,daily,55.59,55.66,54.86,55.43,5885000.0,35.07496952965504,35.11913660767404,34.61437000174268,34.974016208468775,5885000.0
2004-07-23,False,daily,56.2,56.2,55.38,55.74,5245600.0,35.45985406667771,35.45985406667771,34.94246829559806,35.16961326826717,5245600.0
2004-07-22,False,daily,55.8,56.4,55.75,56.24,6924700.0,35.207470763712024,35.58604571816054,35.17592285084132,35.485092396974274,6924700.0
2004-07-21,False,daily,56.55,56.59,55.7,55.75,6014500.0,35.68068945677267,35.70592778706924,35.1443749379706,35.17592285084132,6014500.0
2004-07-20,False,daily,56.6,56.69,56.1,56.31,6541100.0,35.71223736964338,35.769023612810656,35.396758240936286,35.52925947499327,6541100.0
2004-07-19,False,daily,57.68,57.68,55.91,56.4,8860200.0,36.39367228765071,36.39367228765071,35.276876172027585,35.58604571816054,8860200.0
2004-07-16,False,daily,55.73,58.14,55.5,56.8,23213100.0,35.16330368569303,36.68391308606124,35.01818328648777,35.83842902112622,23213100.0
2004-07-15,False,daily,56.05,56.09,55.26,55.35,5474900.0,35.36521032806557,35.39044865836214,34.86675330470836,34.923539547875635,5474900.0
2004-07-14,False,daily,55.39,56.3,55.36,55.92,7503400.0,34.9487778781722,35.52294989241912,34.92984913044978,35.28318575460173,7503400.0
2004-07-13,False,daily,55.55,55.65,55.05,55.38,6372900.0,35.049731199358476,35.1128270250999,34.73425207065138,34.94246829559806,6372900.0
2004-07-12,False,daily,54.85,55.2,54.51,54.89,4227200.0,34.60806041916854,34.82889580926351,34.39353461164771,34.633298749465105,4227200.0
2004-07-09,False,daily,54.9,55.18,54.78,54.99,3899600.0,34.63960833203925,34.81627664411522,34.563893341149544,34.696394575206526,3899600.0
2004-07-08,False,daily,54.62,55.54,54.6,54.76,5780100.0,34.46294001996328,35.043421616784336,34.45032085481499,34.551274176001264,5780100.0
2004-07-07,False,daily,54.78,54.99,54.43,54.53,5457900.0,34.563893341149544,34.696394575206526,34.343057951054575,34.406153776795996,5457900.0
2004-07-06,False,daily,55.17,55.43,54.92,54.95,5752600.0,34.80996706154108,34.974016208468775,34.65222749718753,34.67115624490996,5752600.0
2004-07-02,False,daily,55.28,56.14,55.12,55.35,4800000.0,34.87937246985664,35.42199657123285,34.77841914867037,34.923539547875635,4800000.0
2004-07-01,False,daily,55.35,55.77,55.06,55.47,6363200.0,34.923539547875635,35.1885420159896,34.74056165322552,34.99925453876534,6363200.0
2004-06-30,False,daily,55.74,55.82,55.28,55.7,6122400.0,35.16961326826717,35.22008992886031,34.87937246985664,35.1443749379706,6122400.0
2004-06-29,False,daily,54.97,56.0,54.96,55.74,6198300.0,34.683775410058246,35.333662415194866,34.6774658274841,35.16961326826717,6198300.0
2004-06-28,False,daily,54.75,55.14,54.68,54.97,6590200.0,34.54496459342712,34.79103831381865,34.500797515408124,34.683775410058246,6590200.0
2004-06-25,False,daily,55.4,55.512,54.5,54.5,7932400.0,34.95508746074635,35.02575478557674,34.38722502907357,34.38722502907357,7932400.0
2004-06-24,False,daily,55.59,56.05,55.55,55.69,4445500.0,35.07496952965504,35.36521032806557,35.049731199358476,35.13806535539646,4445500.0
2004-06-23,False,daily,55.5,55.8,55.14,55.64,6199300.0,35.01818328648777,35.207470763712024,34.79103831381865,35.10651744252576,6199300.0
2004-06-22,False,daily,55.33,55.5,55.01,55.37,5235700.0,34.910920382727355,35.01818328648777,34.70901374035481,34.93615871302392,5235700.0
2004-06-21,False,daily,54.97,55.7,54.96,55.28,4514400.0,34.683775410058246,35.1443749379706,34.6774658274841,34.87937246985664,4514400.0
2004-06-18,False,daily,55.49,55.58,55.02,55.25,8467400.0,35.01187370391362,35.0686599470809,34.71532332292895,34.860443722134214,8467400.0
2004-06-17,False,daily,55.43,55.75,55.23,55.55,4750500.0,34.974016208468775,35.17592285084132,34.847824556985934,35.049731199358476,4750500.0
2004-06-16,False,daily,56.02,56.19,55.86,55.88,4471900.0,35.346281580343145,35.45354448410356,35.24532825915688,35.25794742430516,4471900.0
2004-06-15,False,daily,56.75,56.85,55.93,56.21,8312400.0,35.80688110825551,35.86997693399693,35.28949533717587,35.46616364925185,8312400.0
2004-06-14,False,daily,56.79,57.19,56.79,57.01,4257000.0,35.83211943855208,36.08450274151775,35.83211943855208,35.9709302551832,4257000.0
2004-06-10,False,daily,56.75,57.23,56.7,57.07,4404200.0,35.80688110825551,36.10974107181432,35.7753331953848,36.00878775062805,4404200.0
2004-06-09,False,daily,56.96,56.97,56.58,56.76,3891400.0,35.93938234231249,35.94569192488663,35.699618204495096,35.81319069082965,3891400.0
2004-06-08,False,daily,56.72,57.28,56.65,56.97,7499600.0,35.78795236053308,36.14128898468503,35.74378528251409,35.94569192488663,7499600.0
2004-06-07,False,daily,56.53,56.72,56.17,56.72,4924100.0,35.66807029162439,35.78795236053308,35.44092531895528,35.78795236053308,4924100.0
2004-06-04,False,daily,56.58,56.79,56.28,56.38,5193600.0,35.699618204495096,35.83211943855208,35.51033072727084,35.57342655301226,5193600.0
2004-06-03,False,daily,56.0,56.93,55.97,56.59,8850000.0,35.333662415194866,35.920453594590064,35.31473366747244,35.70592778706924,8850000.0
2004-06-02,False,daily,55.82,56.55,55.76,56.2,7907800.0,35.22008992886031,35.68068945677267,35.18223243341546,35.45985406667771,7907800.0
2004-06-01,False,daily,55.23,55.88,55.15,55.77,5164300.0,34.847824556985934,35.25794742430516,34.7973478963928,35.1885420159896,5164300.0
2004-05-28,False,daily,55.6,55.84,54.92,55.71,5505500.0,35.08127911222918,35.23270909400859,34.65222749718753,35.15068452054475,5505500.0
2004-05-27,False,daily,55.65,55.88,55.57,55.79,5652800.0,35.1128270250999,35.25794742430516,35.06235036450676,35.201161181137884,5652800.0
2004-05-26,False,daily,55.2,55.92,55.17,55.48,9073300.0,34.82889580926351,35.28318575460173,34.80996706154108,35.00556412133948,9073300.0
2004-05-25,False,daily,54.15,55.7,54.12,55.36,8148300.0,34.1663896389786,35.1443749379706,34.14746089125617,34.92984913044978,8148300.0
2004-05-24,False,daily,54.99,55.08,54.23,54.31,6242700.0,34.696394575206526,34.75318081837381,34.216866299571734,34.267342960164875,6242700.0
2004-05-21,False,daily,54.68,55.04,54.56,54.94,6605800.0,34.500797515408124,34.72794248807724,34.42508252451842,34.66484666233582,6605800.0
2004-05-20,False,daily,54.24,54.79,54.22,54.58,4560300.0,34.22317588214588,34.570202923723684,34.210556716997594,34.4377016896667,4560300.0
2004-05-19,False,daily,54.79,54.84,54.28,54.28,5748700.0,34.570202923723684,34.6017508365944,34.24841421244245,34.24841421244245,5748700.0
2004-05-18,False,daily,54.87,54.89,54.53,54.63,5361600.0,34.620679584316825,34.633298749465105,34.406153776795996,34.46924960253742,5361600.0
2004-05-17,False,daily,54.18,55.1,54.13,54.7,6229800.0,34.18531838670103,34.765799983522086,34.15377047383032,34.51341668055641,6229800.0
2004-05-14,False,daily,54.54,54.98,54.07,54.52,5393000.0,34.412463359370136,34.690084992632386,34.11591297838547,34.399844194221856,5393000.0
2004-05-13,False,daily,55.24,55.25,54.57,54.93,6619200.0,34.672883738505895,34.679160509638855,34.25234007259715,34.47830383338393,6619200.0
2004-05-12,False,daily,55.0,55.27,54.51,55.24,5798200.0,34.5222412313147,34.69171405190479,34.21467944579935,34.672883738505895,5798200.0
2004-05-11,False,daily,55.89,56.39,54.91,55.14,8244600.0,35.0808738621487,35.39471241879701,34.465750291118,34.610116027176225,8244600.0
2004-05-10,False,daily,54.77,55.95,54.77,55.45,11477400.0,34.377875495256475,35.1185344889465,34.377875495256475,34.80469593229819,11477400.0
2004-05-07,False,daily,55.02,55.98,54.96,55.3,11046000.0,34.534794773580636,35.137364802345395,34.497134146782834,34.71054436530369,11046000.0
2004-05-06,False,daily,54.04,55.04,54.02,54.84,8673000.0,33.919671202549935,34.54734831584656,33.907117660284,34.42181289318724,8673000.0
2004-05-05,False,daily,54.5,54.74,54.02,54.08,6399200.0,34.20840267466638,34.359045181857574,33.907117660284,33.944778287081796,6399200.0
2004-05-04,False,daily,54.78,55.01,54.42,54.8,6534900.0,34.38415226638944,34.52851800244766,34.15818850560265,34.39670580865537,6534900.0
2004-05-03,False,daily,54.22,54.99,54.14,54.93,7374300.0,34.03265308294333,34.515964460181735,33.9824389138796,34.47830383338393,7374300.0
2004-04-30,False,daily,54.03,54.55,53.88,54.03,7359100.0,33.91339443141697,34.239786530331216,33.81924286442248,33.91339443141697,7359100.0
2004-04-29,False,daily,54.15,54.26,53.68,54.1,6278100.0,33.988715685012565,34.057760167475195,33.693707441763145,33.95733182934773,6278100.0
2004-04-28,False,daily,54.25,54.47,53.91,54.19,6545900.0,34.05148339634223,34.18957236126749,33.83807317782137,34.013822769544426,6545900.0
2004-04-27,False,daily,53.9,54.65,53.89,54.36,8520100.0,33.831796406688404,34.30255424166088,33.82551963555544,34.12052787880486,8520100.0
2004-04-26,False,daily,53.69,53.98,53.57,53.9,5911500.0,33.69998421289611,33.88201057575213,33.624662959300515,33.831796406688404,5911500.0
2004-04-23,False,daily,53.54,53.86,53.35,53.68,5926700.0,33.605832645901614,33.80668932215654,33.486573994375256,33.693707441763145,5926700.0
2004-04-22,False,daily,53.43,53.98,53.21,53.64,7143200.0,33.53678816343899,33.88201057575213,33.39869919851373,33.668600357231284,7143200.0
2004-04-21,False,daily,53.05,53.95,53.02,53.68,7676200.0,33.29827086038627,33.86318026235324,33.279440546987374,33.693707441763145,7676200.0
2004-04-20,False,daily,53.71,53.78,53.04,53.13,7574100.0,33.712537755162046,33.75647515309281,33.2919940892533,33.34848502945,7574100.0
2004-04-19,False,daily,53.77,54.06,53.39,53.92,7614800.0,33.75019838195985,33.93222474481587,33.511681078907124,33.84434994895434,7614800.0
2004-04-16,False,daily,54.67,54.69,53.8,54.13,11372700.0,34.31510778392681,34.32766132619274,33.76902869535874,33.97616214274663,11372700.0
2004-04-15,False,daily,52.98,54.77,52.871,54.52,19346800.0,33.254333462455506,34.377875495256475,33.185916657106176,34.220956216932315,19346800.0
2004-04-14,False,daily,51.33,52.6,51.26,52.6,9254300.0,32.21866622551606,33.01581615940279,32.1747288275853,33.01581615940279,9254300.0
2004-04-13,False,daily,51.94,52.1,51.34,51.39,10773300.0,32.60154926462701,32.70197760275447,32.224942996649034,32.25632685231386,10773300.0
2004-04-12,False,daily,50.86,51.25,50.81,51.2,5346000.0,31.923657982266647,32.16845205645233,31.892274126601816,32.1370682007875,5346000.0
2004-04-08,False,daily,51.75,51.8,50.53,50.87,8022200.0,32.48229061310065,32.51367446876548,31.71652453487876,31.92993475339961,8022200.0
2004-04-07,False,daily,51.48,51.74,51.29,51.38,6221500.0,32.31281779251056,32.476013841967685,32.1935591409842,32.250050081180895,6221500.0
2004-04-06,False,daily,51.1,51.5,51.06,51.48,5042500.0,32.07430048945784,32.32537133477649,32.04919340492597,32.31281779251056,5042500.0
2004-04-05,False,daily,51.18,51.52,50.81,51.52,7122000.0,32.12451465852157,32.337924877042425,31.892274126601816,32.337924877042425,7122000.0
2004-04-02,False,daily,49.9,51.25,49.9,51.18,7411400.0,31.32108795350188,32.16845205645233,31.32108795350188,32.12451465852157,7411400.0
2004-04-01,False,daily,51.05,51.23,50.37,50.52,6380700.0,32.042916633793006,32.1558985141864,31.616096196751297,31.710247763745794,6380700.0
2004-03-31,False,daily,50.55,50.92,50.3,50.72,7201900.0,31.72907807714469,31.961318609064445,31.57215879882053,31.83578318640512,7201900.0
2004-03-30,False,daily,50.51,50.85,50.28,50.42,5754900.0,31.703970992612824,31.917381211133684,31.5596052565546,31.64748005241613,5754900.0
2004-03-29,False,daily,50.41,50.87,50.4,50.57,6578300.0,31.64120328128316,31.92993475339961,31.634926510150198,31.741631619410626,6578300.0
2004-03-26,False,daily,50.5,50.5,50.05,50.13,5767800.0,31.69769422147986,31.69769422147986,31.415239520496375,31.465453689560107,5767800.0
2004-03-25,False,daily,49.95,50.26,49.45,50.2,9804900.0,31.352471809166715,31.547051714288667,31.038633252518398,31.509391087490872,9804900.0
2004-03-24,False,daily,49.55,49.99,49.5,49.65,6845700.0,31.101400963848057,31.37757889369858,31.07001710818323,31.164168675177724,6845700.0
2004-03-23,False,daily,50.03,50.03,49.35,49.65,6573300.0,31.402685978230444,31.402685978230444,30.975865541188735,31.164168675177724,6573300.0
2004-03-22,False,daily,50.05,50.06,49.25,49.5,9306200.0,31.415239520496375,31.421516291629345,30.913097829859073,31.07001710818323,9306200.0
2004-03-19,False,daily,50.99,51.14,50.01,50.05,10158900.0,32.00525600699521,32.0994075739897,31.39013243596451,31.415239520496375,10158900.0
2004-03-18,False,daily,50.92,51.37,50.89,50.98,6196900.0,31.961318609064445,32.24377331004793,31.942488295665548,31.99897923586224,6196900.0
2004-03-17,False,daily,51.3,51.64,50.62,50.88,7599200.0,32.199835912117166,32.41324613063802,31.773015475075454,31.93621152453258,7599200.0
2004-03-16,False,daily,50.77,51.22,50.61,51.08,6583200.0,31.86716704206995,32.14962174305344,31.76673870394249,32.06174694719191,6583200.0
2004-03-15,False,daily,50.71,51.1,50.29,50.57,7877500.0,31.829506415272153,32.07430048945784,31.565882027687568,31.741631619410626,7877500.0
2004-03-12,False,daily,51.15,51.24,50.5,50.71,10039500.0,32.10568434512267,32.16217528531937,31.69769422147986,31.829506415272153,10039500.0
2004-03-11,False,daily,51.65,52.3,51.0,51.11,9841900.0,32.41952290177098,32.82751302541379,32.01153277812818,32.08057726059081,9841900.0
2004-03-10,False,daily,52.61,52.74,51.73,51.77,9345100.0,33.02209293053575,33.10369095526431,32.46973707083471,32.494844155366586,9345100.0
2004-03-09,False,daily,53.04,53.05,52.55,52.67,6423800.0,33.2919940892533,33.29827086038627,32.984432303737954,33.05975355733355,6423800.0
2004-03-08,False,daily,53.43,53.76,52.99,53.1,5588400.0,33.53678816343899,33.743921610826874,33.26061023358847,33.3296547160511,5588400.0
2004-03-05,False,daily,52.82,53.53,52.77,53.13,7141300.0,33.15390512432804,33.599555874768654,33.12252126866321,33.34848502945,7141300.0
2004-03-04,False,daily,53.05,53.22,52.84,53.03,3958000.0,33.29827086038627,33.40497596964669,33.166458666593975,33.285717318120334,3958000.0
2004-03-03,False,daily,52.7,53.4,52.7,53.22,6706500.0,33.07858387073245,33.51795785004009,33.07858387073245,33.40497596964669,6706500.0
2004-03-02,False,daily,53.52,53.7,52.81,52.87,10710000.0,33.59327910363569,33.70626098402908,33.14762835319508,33.185288979992876,10710000.0
2004-03-01,False,daily,54.49,54.49,53.51,53.76,6921500.0,34.20212590353342,34.20212590353342,33.58700233250272,33.743921610826874,6921500.0
2004-02-27,False,daily,54.0,54.4,53.9,53.91,4967100.0,33.89456411801807,34.14563496333672,33.831796406688404,33.83807317782137,4967100.0
2004-02-26,False,daily,53.68,54.29,53.68,53.97,4962700.0,33.693707441763145,34.07659048087409,33.693707441763145,33.875733804619166,4962700.0
2004-02-25,False,daily,53.95,54.32,53.75,54.06,7286100.0,33.86318026235324,34.09542079427299,33.737644839693914,33.93222474481587,7286100.0
2004-02-24,False,daily,53.51,54.32,53.51,54.18,12268600.0,33.58700233250272,34.09542079427299,33.58700233250272,34.00754599841146,12268600.0
2004-02-23,False,daily,53.49,53.49,52.79,53.05,7412800.0,33.57444879023679,33.57444879023679,33.13507481092915,33.29827086038627,7412800.0
2004-02-20,False,daily,53.75,53.79,53.25,53.3,7212400.0,33.737644839693914,33.762751924225775,33.42380628304559,33.45519013871043,7212400.0
2004-02-19,False,daily,54.0,54.15,53.56,53.57,8285800.0,33.89456411801807,33.988715685012565,33.618386188167555,33.624662959300515,8285800.0
2004-02-18,False,daily,54.1,54.22,53.82,53.89,4725700.0,33.95733182934773,34.03265308294333,33.781582237624676,33.82551963555544,4725700.0
2004-02-17,False,daily,54.48,54.631,54.19,54.41,4818400.0,34.19584913240045,34.290628376508245,34.013822769544426,34.151911734469685,4818400.0
2004-02-13,False,daily,54.62,54.86,54.09,54.23,4994700.0,34.28372392826198,34.43436643545317,33.95105505821477,34.038929854076294,4994700.0
2004-02-12,False,daily,54.49,54.9,54.31,54.6,5764400.0,34.20212590353342,34.45947351998503,34.08914402314002,34.27117038599605,5764400.0
2004-02-11,False,daily,54.28,54.84,54.0,54.65,7302400.0,33.92120949219303,34.27117038599605,33.746229045291514,34.152433654170025,7302400.0
2004-02-10,False,daily,54.11,54.65,54.07,54.43,5686200.0,33.814971363717106,34.152433654170025,33.78997415701689,34.014949017318834,5686200.0
2004-02-09,False,daily,54.23,54.3,53.62,54.11,6071800.0,33.88996298381775,33.93370809554313,33.50875558163946,33.814971363717106,6071800.0
2004-02-06,False,daily,54.49,54.65,54.07,54.15,6603100.0,34.052444827369165,34.152433654170025,33.78997415701689,33.83996857041733,6603100.0
2004-02-05,False,daily,54.55,54.85,54.36,54.5,7138300.0,34.08994063741948,34.277419687671106,33.971203905593455,34.05869412904421,7138300.0
2004-02-04,False,daily,53.98,54.82,53.85,54.48,9436700.0,33.733730441941404,34.25867178264594,33.65248952016571,34.0461955256941,9436700.0
2004-02-03,False,daily,53.65,53.91,53.41,53.84,5047600.0,33.52750348666463,33.689985330216025,33.37752024646333,33.646240218490654,5047600.0
2004-02-02,False,daily,53.41,53.89,53.05,53.53,7009400.0,33.37752024646333,33.67748672686592,33.152545386161385,33.45251186656398,7009400.0
2004-01-30,False,daily,53.82,53.92,53.35,53.42,6592900.0,33.63374161514054,33.69623463189109,33.34002443641301,33.38376954813838,6592900.0
2004-01-29,False,daily,53.2,54.04,53.03,53.89,7692000.0,33.2462849112872,33.77122625199173,33.14004678281128,33.67748672686592,7692000.0
2004-01-28,False,daily,53.4,53.62,53.11,53.16,8381300.0,33.37127094478827,33.50875558163946,33.19004119621171,33.22128770458698,8381300.0
2004-01-27,False,daily,53.35,53.7,53.28,53.28,8900400.0,33.34002443641301,33.558749995039896,33.29627932468763,33.29627932468763,8900400.0
2004-01-26,False,daily,53.0,53.61,52.88,53.5,7999100.0,33.12129887778612,33.50250627996441,33.04630725768547,33.433763961538816,7999100.0
2004-01-23,False,daily,53.3,53.55,52.75,53.0,9367400.0,33.308777928037735,33.465010469914084,32.96506633590977,33.12129887778612,9367400.0
2004-01-22,False,daily,52.65,53.21,52.62,53.05,8893500.0,32.902573319159224,33.25253421296225,32.883825414134066,33.152545386161385,8893500.0
2004-01-21,False,daily,51.51,52.65,51.5,52.56,11084500.0,32.19015292820307,32.902573319159224,32.18390362652802,32.84632960408374,11084500.0
2004-01-20,False,daily,50.8,51.95,50.8,51.5,14023400.0,31.74645250927424,32.46512220190545,31.74645250927424,32.18390362652802,14023400.0
2004-01-16,False,daily,51.49,51.49,50.43,50.45,15364000.0,32.177654324852966,32.177654324852966,31.515228347297242,31.527726950647352,15364000.0
2004-01-15,False,daily,52.07,52.75,51.66,51.84,7112400.0,32.5401138220061,32.96506633590977,32.28389245332888,32.39637988347986,7112400.0
2004-01-14,False,daily,52.18,52.41,51.89,52.0,6410600.0,32.60885614043169,32.75259007895793,32.42762639185513,32.49636871028072,6410600.0
2004-01-13,False,daily,52.4,52.75,52.04,52.25,7402800.0,32.746340777282875,32.96506633590977,32.52136591698093,32.65260125215707,7402800.0
2004-01-12,False,daily,51.49,52.5,51.48,52.39,10459500.0,32.177654324852966,32.80883379403342,32.17140502317791,32.74009147560783,10459500.0
2004-01-09,False,daily,51.9,51.9005,51.39,51.4,6427300.0,32.433875693530176,32.434188158613935,32.11516130810242,32.12141060977748,6427300.0
2004-01-08,False,daily,51.75,51.99,51.5,51.99,6464900.0,32.34013616840437,32.490119408605665,32.18390362652802,32.490119408605665,6464900.0
2004-01-07,False,daily,51.65,51.78,51.46,51.75,7279200.0,32.27764315165383,32.35888407342953,32.1589064198278,32.34013616840437,7279200.0
2004-01-06,False,daily,51.71,52.09,51.55,51.73,7298000.0,32.31513896170415,32.55261242535621,32.21515013490329,32.32763756505426,7298000.0
2004-01-05,False,daily,52.0,52.08,51.5,51.96,8433800.0,32.49636871028072,32.54636312368115,32.18390362652802,32.4713715035805,8433800.0
2004-01-02,False,daily,51.66,52.09,51.4,51.66,6463600.0,32.28389245332888,32.55261242535621,32.12141060977748,32.28389245332888,6463600.0
2005-12-30,False,daily,60.1,60.25,60.03,60.1,5261300.0,39.05182366349038,39.14929077745916,39.00633901030495,39.05182366349038,5261300.0
2005-12-29,False,daily,60.53,60.7,60.04,60.25,5325100.0,39.331229390200875,39.44169211936549,39.012836817902866,39.14929077745916,5325100.0
2005-12-28,False,daily,60.3,60.66,60.3,60.42,5603100.0,39.18177981544875,39.41570088897382,39.18177981544875,39.259753506623774,5603100.0
2005-12-27,False,daily,61.12,61.2,60.27,60.3,6324400.0,39.71460003847807,39.76658249926142,39.162286392655,39.18177981544875,6324400.0
2005-12-23,False,daily,61.3,61.51,61.01,61.11,3591100.0,39.8315605752406,39.96801453479689,39.64312415490097,39.70810223088015,3591100.0
2005-12-22,False,daily,60.96,61.32,60.56,61.32,5179100.0,39.610635116911375,39.84455619043644,39.35072281299463,39.84455619043644,5179100.0
2005-12-21,False,daily,60.98,61.2,60.7,60.88,6282100.0,39.62363073210721,39.76658249926142,39.44169211936549,39.558652656128025,6282100.0
2005-12-20,False,daily,60.92,61.19,60.67,60.78,6946700.0,39.5846438865197,39.7600846916635,39.42219869657173,39.49367458014884,6946700.0
2005-12-19,False,daily,61.55,62.0,61.1,61.19,10639100.0,39.99400576518857,40.2864071070949,39.701604423282234,39.7600846916635,10639100.0
2005-12-16,False,daily,60.33,61.35,60.19,60.86,13197200.0,39.20127323824251,39.86404961323019,39.11030393187164,39.545657040932184,13197200.0
2005-12-15,False,daily,60.15,60.35,60.0,60.16,6942500.0,39.08431270147997,39.21426885343834,38.9868455875112,39.09081050907789,6942500.0
2005-12-14,False,daily,60.4,60.48,60.06,60.11,10199000.0,39.24675789142793,39.29874035221128,39.02583243309871,39.0583214710883,10199000.0
2005-12-13,False,daily,60.13,60.5,59.99,60.25,12785500.0,39.07131708628414,39.311735967407124,38.980347779913274,39.14929077745916,12785500.0
2005-12-12,False,daily,60.15,60.26,60.01,60.15,7960900.0,39.08431270147997,39.155788585057074,38.993343395109115,39.08431270147997,7960900.0
2005-12-09,False,daily,60.0,60.35,59.98,60.1,8127100.0,38.9868455875112,39.21426885343834,38.97384997231536,39.05182366349038,8127100.0
2005-12-08,False,daily,60.04,60.75,59.87,60.08,10415400.0,39.012836817902866,39.47418115735508,38.90237408873825,39.03882804829454,10415400.0
2005-12-07,False,daily,60.39,60.45,59.76,60.04,14538400.0,39.240260083830016,39.27924692941753,38.83089820516115,39.012836817902866,14538400.0
2005-12-06,False,daily,61.25,61.25,60.4,60.47,14823200.0,39.79907153725101,39.79907153725101,39.24675789142793,39.292242544613366,14823200.0
2005-12-05,False,daily,61.6,62.0,60.73,61.05,21946800.0,40.02649480317816,40.2864071070949,39.46118554215924,39.669115385292635,21946800.0
2005-12-02,False,daily,61.61,61.8,61.2,61.21,6818000.0,40.03299261077608,40.15645095513653,39.76658249926142,39.773080306859335,6818000.0
2005-12-01,False,daily,61.85,62.06,61.63,61.69,6963600.0,40.18893999312613,40.32539395268241,40.04598822597192,40.08497507155943,6963600.0
2005-11-30,False,daily,62.0,62.63,61.72,61.75,7696000.0,40.2864071070949,40.69576898576377,40.10446849435318,40.123961917146936,7696000.0
2005-11-29,False,daily,62.8,62.81,61.96,62.0,8675700.0,40.80623171492838,40.812729522526304,40.26041587670323,40.2864071070949,8675700.0
2005-11-28,False,daily,62.75,62.95,62.2,62.4,12698500.0,40.77374267693879,40.90369882889716,40.41636325905327,40.54631941101164,12698500.0
2005-11-25,False,daily,62.1,62.34,61.95,62.15,5094100.0,40.351385183074086,40.507332565424136,40.25391806910531,40.38387422106368,5094100.0
2005-11-23,False,daily,61.45,61.839,61.3,61.67,7681900.0,39.929027689209384,40.18179240476841,39.8315605752406,40.07197945636359,7681900.0
2005-11-22,False,daily,61.72,61.8,61.15,61.61,10625600.0,40.10446849435318,40.15645095513653,39.734093461271826,40.03299261077608,10625600.0
2005-11-21,False,daily,62.55,62.55,61.7,61.99,11069200.0,40.64378652498042,40.64378652498042,40.091472879157344,40.279909299496985,11069200.0
2005-11-18,False,daily,63.75,63.77,62.34,62.55,11696000.0,41.42352343673064,41.43651905192648,40.507332565424136,40.64378652498042,11696000.0
2005-11-17,False,daily,63.62,63.66,63.0701,63.34,10596300.0,41.12210080660392,41.14795563263762,40.76666158570559,40.941117024368005,10596300.0
2005-11-16,False,daily,63.78,63.78,62.65,63.25,15168600.0,41.22552011073873,41.22552011073873,40.49512127528663,40.88294366579217,15168600.0
2005-11-15,False,daily,62.09,63.5,61.85,62.83,37611100.0,40.133153710814796,41.04453632850281,39.97802475461258,40.61146799243829,37611100.0
2005-11-14,False,daily,61.07,61.12,60.43,60.51,8901900.0,39.47385564695538,39.506174179497506,39.06017843041614,39.111888082483546,8901900.0
2005-11-11,False,daily,61.25,61.39,60.92,60.92,5902300.0,39.59020236410704,39.680694255225,39.376900049328995,39.376900049328995,5902300.0
2005-11-10,False,daily,61.02,61.6,60.59,61.41,6115400.0,39.44153711441326,39.81643209190194,39.163597734550954,39.69362166824185,6115400.0
2005-11-09,False,daily,60.92,61.4,60.59,61.02,7059600.0,39.376900049328995,39.687157961733426,39.163597734550954,39.44153711441326,7059600.0
2005-11-08,False,daily,60.95,61.2,60.64,60.77,7394800.0,39.396291168854276,39.557883831564915,39.195916267093075,39.27994445170261,7394800.0
2005-11-07,False,daily,60.5,61.58,60.2,61.43,9768400.0,39.10542437597512,39.80350467888509,38.91151318072235,39.7065490812587,9768400.0
2005-11-04,False,daily,61.2,61.33,60.0,60.88,15227200.0,39.557883831564915,39.641912016174444,38.78223905055384,39.351045223295294,15227200.0
2005-11-03,False,daily,61.3,61.55,60.96,61.2,16977300.0,39.62252089664917,39.78411355935981,39.402754875362696,39.557883831564915,16977300.0
2005-11-02,False,daily,61.86,62.7,61.05,61.3,15350500.0,39.984488461121,40.52743980782876,39.460928233938525,39.62252089664917,15350500.0
2005-11-01,False,daily,62.48,62.74,61.8,61.9,9859100.0,40.38523826464339,40.553294633862464,39.94570622207045,40.01034328715471,9859100.0
2005-10-31,False,daily,62.91,63.0,62.55,62.62,9769300.0,40.663177644505694,40.72135100308153,40.43048421020237,40.475730155761354,9769300.0
2005-10-28,False,daily,62.05,62.99,61.73,62.95,8903800.0,40.107298884781095,40.7148872965731,39.900460276511474,40.6890324705394,8903800.0
2005-10-27,False,daily,62.5,62.52,61.05,61.44,14097200.0,40.398165677660245,40.4110930906771,39.460928233938525,39.71301278776713,14097200.0
2005-10-26,False,daily,63.2,63.58,62.58,62.81,8961100.0,40.85062513325004,41.09624598057022,40.449875329727654,40.598540579421446,8961100.0
2005-10-25,False,daily,63.77,63.95,63.26,63.58,7066600.0,41.21905640423031,41.335403121381965,40.889407372300596,41.09624598057022,7066600.0
2005-10-24,False,daily,64.2,64.5,63.45,64.1,8744600.0,41.496995784092604,41.69090697934538,41.01221779596069,41.43235871900835,8744600.0
2005-10-21,False,daily,64.3,64.49,63.88,64.07,13887900.0,41.56163284917686,41.684443272836944,41.29015717582298,41.41296759948307,13887900.0
2005-10-20,False,daily,64.4,64.59,63.9,64.17,8621500.0,41.62626991426112,41.74908033792121,41.30308458883984,41.47760466456733,8621500.0
2005-10-19,False,daily,63.1,64.35,62.69,64.32,13733400.0,40.785988068165786,41.59395138171899,40.520976101320336,41.57456026219371,13733400.0
2005-10-18,False,daily,63.61,64.0,62.66,62.97,19695000.0,41.11563710009549,41.36772165392409,40.501584981795055,40.70195988355625,19695000.0
2005-10-17,False,daily,63.65,63.65,62.67,63.0,9214800.0,41.14149192612919,41.14149192612919,40.50804868830348,40.72135100308153,9214800.0
2005-10-14,False,daily,64.03,64.04,63.43,63.7,13318800.0,41.387112773449374,41.3935764799578,40.99929038294383,41.173810458671326,13318800.0
2005-10-13,False,daily,61.8,64.5999,61.77,64.02,19778100.0,39.94570622207045,41.755479407364554,39.926315102545175,41.38064906694094,19778100.0
2005-10-12,False,daily,61.43,62.1,61.145,61.8,8046500.0,39.7065490812587,40.13961741732322,39.522333445768574,39.94570622207045,8046500.0
2005-10-11,False,daily,61.57,61.68,61.08,61.29,7801000.0,39.797040972376664,39.868141743969346,39.480319353463805,39.616057190140744,7801000.0
2005-10-10,False,daily,61.28,62.17,60.53,61.47,7672600.0,39.60959348363232,40.184863362882204,39.1248154955004,39.73240390729241,7672600.0
2005-10-07,False,daily,61.8,61.8,61.12,61.34,11685000.0,39.94570622207045,39.94570622207045,39.506174179497506,39.64837572268288,11685000.0
2005-10-06,False,daily,62.57,62.59,61.18,61.57,12716200.0,40.44341162321923,40.45633903623608,39.54495641854806,39.797040972376664,12716200.0
2005-10-05,False,daily,62.9,63.19,62.22,62.25,6667700.0,40.656713937997274,40.844161426741614,40.217181895424325,40.236573014949606,6667700.0
2005-10-04,False,daily,62.9,63.28,62.45,63.05,6950300.0,40.656713937997274,40.90233478531745,40.365847145118124,40.75366953562366,6950300.0
2005-10-03,False,daily,63.18,63.25,62.51,62.58,6826600.0,40.83769772023319,40.88294366579217,40.40462938416867,40.449875329727654,6826600.0
2005-09-30,False,daily,63.9,63.94,63.0,63.28,5646500.0,41.30308458883984,41.32893941487354,40.72135100308153,40.90233478531745,5646500.0
2005-09-29,False,daily,62.95,63.85,62.9,63.75,6285300.0,40.6890324705394,41.27076605629771,40.656713937997274,41.206128991213454,6285300.0
2005-09-28,False,daily,63.27,63.61,63.1,63.21,5573200.0,40.89587107880902,41.11563710009549,40.785988068165786,40.85708883975847,5573200.0
2005-09-27,False,daily,63.9,63.95,63.13,63.45,6244000.0,41.30308458883984,41.335403121381965,40.80537918769107,41.01221779596069,6244000.0
2005-09-26,False,daily,64.23,64.45,63.76,63.87,5981900.0,41.516386903617885,41.65858844680325,41.212592697721874,41.28369346931456,5981900.0
2005-09-23,False,daily,64.9,64.91,63.89,63.99,7814400.0,41.94945523968241,41.95591894619083,41.29662088233141,41.361257947415666,7814400.0
2005-09-22,False,daily,64.46,65.33,64.41,64.68,7239000.0,41.66505215331167,42.227394619544704,41.63273362076954,41.80725369649704,7239000.0
2005-09-21,False,daily,63.95,65.31,63.91,64.7,7173600.0,41.335403121381965,42.21446720652785,41.30954829534826,41.82018110951389,7173600.0
2005-09-20,False,daily,64.73,64.8,64.3,64.4,5301000.0,41.83957222903917,41.884818174598145,41.56163284917686,41.62626991426112,5301000.0
2005-09-19,False,daily,65.19,65.2,64.5,64.65,7212500.0,42.13690272842674,42.143366434935174,41.69090697934538,41.78786257697176,7212500.0
2005-09-16,False,daily,64.58,65.22,64.35,65.18,12995300.0,41.74261663141278,42.15629384795202,41.59395138171899,42.13043902191832,12995300.0
2005-09-15,False,daily,64.38,64.49,64.16,64.37,4896200.0,41.61334250124426,41.684443272836944,41.4711409580589,41.60687879473584,4896200.0
2005-09-14,False,daily,64.47,64.71,64.05,64.3,7406200.0,41.6715158598201,41.82664481602231,41.40004018646622,41.56163284917686,7406200.0
2005-09-13,False,daily,64.51,64.7,64.0,64.05,6670100.0,41.697370685853805,41.82018110951389,41.36772165392409,41.40004018646622,6670100.0
2005-09-12,False,daily,64.73,64.95,64.53,64.68,5923500.0,41.83957222903917,41.98177377222453,41.71029809887065,41.80725369649704,5923500.0
2005-09-09,False,daily,64.35,64.98,64.1,64.73,5124300.0,41.59395138171899,42.00116489174981,41.43235871900835,41.83957222903917,5124300.0
2005-09-08,False,daily,65.0,65.0,63.95,64.1,6475900.0,42.014092304766656,42.014092304766656,41.335403121381965,41.43235871900835,6475900.0
2005-09-07,False,daily,64.0,64.89,63.94,64.8,7817400.0,41.36772165392409,41.94299153317397,41.32893941487354,41.884818174598145,7817400.0
2005-09-06,False,daily,63.25,64.02,63.21,63.79,7373700.0,40.88294366579217,41.38064906694094,40.85708883975847,41.231983817247155,7373700.0
2005-09-02,False,daily,63.35,63.58,62.85,62.9,4130400.0,40.947580730876425,41.09624598057022,40.62439540545515,40.656713937997274,4130400.0
2005-09-01,False,daily,63.18,63.73,62.89,63.13,6161300.0,40.83769772023319,41.1932015781966,40.65025023148885,40.80537918769107,6161300.0
2005-08-31,False,daily,63.0,63.5,62.06,63.39,8006900.0,40.72135100308153,41.04453632850281,40.11376259128952,40.97343555691013,8006900.0
2005-08-30,False,daily,62.67,63.06,62.35,63.0,7581500.0,40.50804868830348,40.760133242132085,40.30121008003386,40.72135100308153,7581500.0
2005-08-29,False,daily,61.78,63.12,61.65,63.01,6364800.0,39.9327788090536,40.79891548118263,39.848750624444065,40.72781470958996,6364800.0
2005-08-26,False,daily,62.35,62.41,61.94,61.94,5206200.0,40.30121008003386,40.339992319084416,40.03619811318841,40.03619811318841,5206200.0
2005-08-25,False,daily,62.55,63.2,62.45,62.53,6143000.0,40.43048421020237,40.85062513325004,40.365847145118124,40.417556797185526,6143000.0
2005-08-24,False,daily,62.69,62.94,62.14,62.25,8021300.0,40.520976101320336,40.682568764030975,40.16547224335692,40.236573014949606,8021300.0
2005-08-23,False,daily,63.52,63.58,62.43,62.76,8909000.0,41.05746374151966,41.09624598057022,40.35291973210127,40.56622204687931,8909000.0
2005-08-22,False,daily,64.0,64.06,63.32,63.5,5380900.0,41.36772165392409,41.40650389297465,40.92818961135115,41.04453632850281,5380900.0
2005-08-19,False,daily,63.92,64.15,63.56,63.57,6121400.0,41.31601200185669,41.464677251550484,41.08331856755337,41.08978227406179,6121400.0
2005-08-18,False,daily,63.45,64.44,63.32,64.25,9326100.0,40.80041761015995,41.437019870744,40.716823373921635,41.314843679318784,9326100.0
2005-08-17,False,daily,63.22,63.78,63.17,63.5,5578500.0,40.65252011527678,41.01261836368797,40.62036848595436,40.832569239482375,5578500.0
2005-08-16,False,daily,63.32,63.38,62.84,63.01,5432300.0,40.716823373921635,40.75540532910855,40.40816773242634,40.51748327212259,5432300.0
2005-08-15,False,daily,63.42,63.59,63.02,63.35,5402600.0,40.78112663256649,40.890442172262745,40.523913597987075,40.73611435151509,5402600.0
2005-08-12,False,daily,64.03,64.17,63.47,63.56,4850200.0,41.1733765103001,41.2634010724029,40.81327826188892,40.87115119466929,4850200.0
2005-08-11,False,daily,63.85,64.5,63.75,64.31,4688300.0,41.05763064473936,41.475601825930916,40.993327386094506,41.3534256345057,4688300.0
2005-08-10,False,daily,64.16,64.66,63.75,63.85,5351200.0,41.25697074653841,41.57848703976268,40.993327386094506,41.05763064473936,5351200.0
2005-08-09,False,daily,63.62,64.02,63.45,64.02,4601200.0,40.9097331498562,41.166946184435616,40.80041761015995,41.166946184435616,4601200.0
2005-08-08,False,daily,63.54,63.68,63.23,63.44,4002000.0,40.85829054294032,40.948315105043115,40.658950441141265,40.79398728429546,4002000.0
2005-08-05,False,daily,64.02,64.08,63.54,63.54,5019400.0,41.166946184435616,41.20552813962253,40.85829054294032,40.85829054294032,5019400.0
2005-08-04,False,daily,64.74,64.95,64.12,64.15,4049200.0,41.62992964667856,41.76496648983276,41.23124944308047,41.25054042067393,4049200.0
2005-08-03,False,daily,64.38,65.01,64.31,64.87,5090400.0,41.39843791555709,41.80354844501967,41.3534256345057,41.71352388291688,5090400.0
2005-08-02,False,daily,64.64,64.71,64.17,64.63,5554800.0,41.565626388033714,41.610638669085105,41.2634010724029,41.55919606216922,5554800.0
2005-08-01,False,daily,64.25,65.35,64.25,64.5,7348200.0,41.314843679318784,42.022179524412174,41.314843679318784,41.475601825930916,7348200.0
2005-07-29,False,daily,64.68,64.78,63.94,63.96,6143200.0,41.591347691491656,41.65565095013651,41.11550357751973,41.1283642292487,6143200.0
2005-07-28,False,daily,64.48,64.84,64.12,64.73,6391600.0,41.462741174201945,41.694232905323425,41.23124944308047,41.62349932081408,6391600.0
2005-07-27,False,daily,63.1,64.77,63.02,64.54,10789500.0,40.57535620490296,41.64922062427202,40.523913597987075,41.501323129388865,10789500.0
2005-07-26,False,daily,62.84,63.37,62.67,62.67,12640400.0,40.40816773242634,40.74897500324406,40.29885219273009,40.29885219273009,12640400.0
2005-07-25,False,daily,64.25,64.29,63.3,63.34,6741900.0,41.314843679318784,41.340564982776726,40.703962722192664,40.72968402565061,6741900.0
2005-07-22,False,daily,64.4,64.4,64.0,64.32,5398400.0,41.41129856728607,41.41129856728607,41.154085532706645,41.359855960370176,5398400.0
2005-07-21,False,daily,64.87,64.87,63.98,63.98,9850100.0,41.71352388291688,41.71352388291688,41.141224880977674,41.141224880977674,9850100.0
2005-07-20,False,daily,64.87,64.96,64.35,64.96,7312600.0,41.71352388291688,41.771396815697244,41.37914693796363,41.771396815697244,7312600.0
2005-07-19,False,daily,64.55,65.06,64.5,65.02,11069400.0,41.507753455253344,41.8357000743421,41.475601825930916,41.80997877088416,11069400.0
2005-07-18,False,daily,64.85,65.07,64.45,64.6,5938000.0,41.7006632311879,41.84213040020658,41.44345019660849,41.539905084575764,5938000.0
2005-07-15,False,daily,64.57,65.15,64.57,65.03,6444500.0,41.52061410698231,41.89357300712247,41.52061410698231,41.81640909674864,6444500.0
2005-07-14,False,daily,64.7,64.88,64.32,64.6,6521400.0,41.60420834322063,41.71995420878136,41.359855960370176,41.539905084575764,6521400.0
2005-07-13,False,daily,64.62,64.89,64.35,64.42,6809800.0,41.55276573630474,41.726384534645845,41.37914693796363,41.42415921901503,6809800.0
2005-07-12,False,daily,64.79,65.0,64.61,64.78,5141600.0,41.662081276001,41.797118119155186,41.54633541044026,41.65565095013651,5141600.0
2005-07-11,False,daily,64.28,64.82,64.11,64.79,6528500.0,41.33413465691224,41.681372253594446,41.224819117215986,41.662081276001,6528500.0
2005-07-08,False,daily,63.9,64.3,63.53,64.28,8144900.0,41.08978227406179,41.346995308641205,40.85186021707583,41.33413465691224,8144900.0
2005-07-07,False,daily,64.1,64.1,63.52,63.92,8278900.0,41.218388791351494,41.218388791351494,40.845429891211346,41.10264292579076,8278900.0
2005-07-06,False,daily,64.9,64.93,64.15,64.15,6661400.0,41.73281486051034,41.752105838103795,41.25054042067393,41.25054042067393,6661400.0
2005-07-05,False,daily,64.4,65.25,64.38,64.85,6384100.0,41.41129856728607,41.957876265767325,41.39843791555709,41.7006632311879,6384100.0
2005-07-01,False,daily,64.82,65.43,64.82,64.95,6718200.0,41.681372253594446,42.073622131328065,41.681372253594446,41.76496648983276,6718200.0
2005-06-30,False,daily,65.62,65.68,64.61,65.0,9344300.0,42.195798322753284,42.2343802779402,41.54633541044026,41.797118119155186,9344300.0
2005-06-29,False,daily,65.95,65.99,65.4,65.7,7808300.0,42.4079990762813,42.43372037973924,42.05433115373461,42.24724092966917,7808300.0
2005-06-28,False,daily,64.43,66.1,64.43,66.07,6071700.0,41.430589544879524,42.504453964248576,41.430589544879524,42.48516298665512,6071700.0
2005-06-27,False,daily,65.52,65.91,65.49,65.65,6900200.0,42.13149506410843,42.38227777282336,42.11220408651497,42.21508930034674,6900200.0
2005-06-24,False,daily,65.0,66.29,65.0,65.58,18319900.0,41.797118119155186,42.62663015567381,41.797118119155186,42.17007701929534,18319900.0
2005-06-23,False,daily,65.88,66.1,65.19,65.35,8927500.0,42.3629867952299,42.504453964248576,41.919294310580405,42.022179524412174,8927500.0
2005-06-22,False,daily,66.65,66.67,65.97,66.0,8873100.0,42.85812188679528,42.87098253852425,42.42085972801027,42.44015070560373,8873100.0
2005-06-21,False,daily,66.35,66.7,66.2,66.53,8668900.0,42.665212110860715,42.89027351611771,42.56875722289344,42.780957976421455,8668900.0
2005-06-20,False,daily,66.352,66.8,66.2,66.55,8199500.0,42.66649817603362,42.95457677476256,42.56875722289344,42.793818628150426,8199500.0
2005-06-17,False,daily,65.41,66.75,65.41,66.56,14288000.0,42.06076147959909,42.92242514544014,42.06076147959909,42.80024895401491,14288000.0
2005-06-16,False,daily,66.17,66.58,66.11,66.3,4434800.0,42.54946624529998,42.81310960574388,42.51088429011307,42.63306048153829,4434800.0
2005-06-15,False,daily,66.55,66.55,66.03,66.35,4655300.0,42.793818628150426,42.793818628150426,42.459441683197184,42.665212110860715,4655300.0
2005-06-14,False,daily,66.41,66.8,66.36,66.58,3981700.0,42.70379406604763,42.95457677476256,42.6716424367252,42.81310960574388,3981700.0
2005-06-13,False,daily,66.25,66.95,66.23,66.47,5413400.0,42.600908852215866,43.05103166272984,42.588048200486895,42.74237602123454,5413400.0
2005-06-10,False,daily,65.73,66.71,65.73,66.48,5248400.0,42.266531907262625,42.89670384198219,42.266531907262625,42.74880634709903,5248400.0
2005-06-09,False,daily,66.32,66.86,66.15,66.73,5228900.0,42.64592113326726,42.99315872994947,42.53660559357101,42.909564493711166,5228900.0
2005-06-08,False,daily,66.85,66.85,66.25,66.36,5296300.0,42.986728404084985,42.986728404084985,42.600908852215866,42.6716424367252,5296300.0
2005-06-07,False,daily,66.73,66.94,66.51,66.54,5520700.0,42.909564493711166,43.044601336865355,42.76809732469249,42.78738830228595,5520700.0
2005-06-06,False,daily,66.59,66.72,66.3,66.38,7041700.0,42.81953993160837,42.90313416784668,42.63306048153829,42.68450308845417,7041700.0
2005-06-03,False,daily,66.83,66.95,66.36,66.44,6526000.0,42.973867752356014,43.05103166272984,42.6716424367252,42.723085043641085,6526000.0
2005-06-02,False,daily,67.25,67.25,66.87,67.0,6761600.0,43.24394143866441,43.24394143866441,42.99958905581396,43.08318329205227,6761600.0
2005-06-01,False,daily,67.1,67.61,67.05,67.31,4966200.0,43.14748655069712,43.47543316978588,43.115334921374696,43.28252339385132,4966200.0
2005-05-31,False,daily,67.68,67.69,67.1,67.1,6398300.0,43.52044545083728,43.526875776701765,43.14748655069712,43.14748655069712,6398300.0
2005-05-27,False,daily,67.5,67.68,67.43,67.43,4409900.0,43.40469958527654,43.52044545083728,43.35968730422515,43.35968730422515,4409900.0
2005-05-26,False,daily,68.0,68.0,67.37,67.42,5032300.0,43.72621587850081,43.72621587850081,43.321105349038234,43.353256978360655,5032300.0
2005-05-25,False,daily,67.62,67.7,67.2,67.47,4725900.0,43.481863495650366,43.53330610256625,43.21178980934198,43.38540860768308,4725900.0
2005-05-24,False,daily,67.29,67.69,67.26,67.6,8353300.0,43.26966274212235,43.526875776701765,43.25037176452889,43.46900284392139,8353300.0
2005-05-23,False,daily,67.3,67.58,67.04,67.26,5877000.0,43.27609306798683,43.456142192192424,43.10890459551022,43.25037176452889,5877000.0
2005-05-20,False,daily,67.65,67.65,67.09,67.2,6191100.0,43.50115447324382,43.50115447324382,43.14105622483264,43.21178980934198,6191100.0
2005-05-19,False,daily,67.55,67.73,67.27,67.41,8134400.0,43.43685121459897,43.55259708015971,43.25680209039337,43.34682665249617,8134400.0
2005-05-18,False,daily,68.0,68.08,67.48,67.6,8495100.0,43.72621587850081,43.777658485416694,43.391838933547575,43.46900284392139,8495100.0
2005-05-17,False,daily,67.32,67.95,67.07,67.91,5294400.0,43.2889537197158,43.69406424917838,43.12819557310366,43.66834294572044,5294400.0
2005-05-16,False,daily,67.11,67.64,67.1,67.64,3943500.0,43.15391687656161,43.49472414737934,43.14748655069712,43.49472414737934,3943500.0
2005-05-13,False,daily,67.15,67.38,66.755,67.1,5954700.0,43.17963818001955,43.32753567490271,42.92564030837237,43.14748655069712,5954700.0
2005-05-12,False,daily,67.25,68.14,67.25,67.65,4845300.0,43.03230714124843,43.60180533241142,43.03230714124843,43.28826138446776,4845300.0
2005-05-11,False,daily,67.82,68.11,67.24,67.95,4969700.0,43.397041937835965,43.582608764169976,43.02590828516795,43.48022706688225,4969700.0
2005-05-10,False,daily,68.0,68.15,67.46,67.73,6870600.0,43.512221347284665,43.60820418849191,43.16668311893857,43.33945223311162,6870600.0
2005-05-09,False,daily,68.1,68.29,67.77,68.17,6766100.0,43.57620990808949,43.697788173618676,43.36504765743355,43.62100190065288,6766100.0
2005-05-06,False,daily,68.87,68.87,68.15,68.21,4731000.0,44.06892182628669,44.06892182628669,43.60820418849191,43.6465973249748,4731000.0
2005-05-05,False,daily,68.25,68.6,67.9,68.51,6279600.0,43.67219274929674,43.89615271211364,43.448232786479835,43.8385630073893,6279600.0
2005-05-04,False,daily,68.15,68.25,67.65,68.22,8439700.0,43.60820418849191,43.67219274929674,43.28826138446776,43.652996181055286,8439700.0
2005-05-03,False,daily,68.82,68.83,68.32,68.73,5716300.0,44.03692754588427,44.043326401964755,43.71698474186012,43.979337841159925,5716300.0
2005-05-02,False,daily,68.68,68.83,68.35,68.78,4361200.0,43.94734356075751,44.043326401964755,43.736181310101564,44.01133212156234,4361200.0
2005-04-29,False,daily,67.82,68.63,67.79,68.63,6540900.0,43.397041937835965,43.91534928035509,43.377845369594525,43.91534928035509,6540900.0
2005-04-28,False,daily,68.1,68.34,67.62,67.66,6406300.0,43.57620990808949,43.72978245402109,43.26906481622631,43.29466024054824,6406300.0
2005-04-27,False,daily,67.84,68.4,67.68,68.33,5966400.0,43.40983964999693,43.768175590503986,43.30745795270921,43.723383597940604,5966400.0
2005-04-26,False,daily,68.4,68.69,68.0,68.02,5866900.0,43.768175590503986,43.95374241683799,43.512221347284665,43.525019059445626,5866900.0
2005-04-25,False,daily,69.0,69.5,68.44,68.54,5981500.0,44.15210695533297,44.47204975935712,43.793771014825914,43.85775957563075,5981500.0
2005-04-22,False,daily,68.33,68.78,67.99,68.49,7021900.0,43.723383597940604,44.01133212156234,43.50582249120418,43.82576529522833,7021900.0
2005-04-21,False,daily,68.33,68.475,67.83,68.15,7696200.0,43.723383597940604,43.8161670111076,43.40344079391645,43.60820418849191,7696200.0
2005-04-20,False,daily,69.05,69.15,67.85,68.1,7882400.0,44.184101235735376,44.248089796540214,43.41623850607741,43.57620990808949,7882400.0
2005-04-19,False,daily,69.95,69.95,68.41,69.05,9343700.0,44.759998282978856,44.759998282978856,43.77457444658447,44.184101235735376,9343700.0
2005-04-18,False,daily,69.3,69.31,68.466,69.04,9164900.0,44.34407263774745,44.35047149382794,43.81040804063517,44.1777023796549,9164900.0
2005-04-15,False,daily,69.3,69.99,69.3,69.4,12990700.0,44.34407263774745,44.785593707300784,44.34407263774745,44.40806119855229,12990700.0
2005-04-14,False,daily,68.6,69.26,68.23,69.25,8069600.0,43.89615271211364,44.31847721342553,43.65939503713577,44.312078357345044,8069600.0
2005-04-13,False,daily,68.45,68.99,68.45,68.59,7138400.0,43.8001698709064,44.14570809925248,43.8001698709064,43.88975385603317,7138400.0
2005-04-12,False,daily,68.28,68.71,67.85,68.64,9775400.0,43.69138931753819,43.96654012899895,43.41623850607741,43.921748136435575,9775400.0
2005-04-11,False,daily,68.8,69.26,68.7,68.89,4449500.0,44.0241298337233,44.31847721342553,43.96014127291848,44.08171953844765,4449500.0
2005-04-08,False,daily,69.46,69.48,68.64,68.64,4822800.0,44.446454335035185,44.45925204719615,43.921748136435575,43.921748136435575,4822800.0
2005-04-07,False,daily,68.6,69.25,68.47,69.24,4975300.0,43.89615271211364,44.312078357345044,43.81296758306736,44.30567950126456,4975300.0
2005-04-06,False,daily,69.1,69.2,68.65,68.81,5689800.0,44.21609551613779,44.28008407694263,43.92814699251606,44.03052868980379,5689800.0
2005-04-05,False,daily,67.98,69.05,67.78,69.01,9114300.0,43.4994236351237,44.184101235735376,43.37144651351404,44.158505811413455,9114300.0
2005-04-04,False,daily,66.95,68.09,66.85,67.98,8684900.0,42.84034145883395,43.56981105200901,42.77635289802911,43.4994236351237,8684900.0
2005-04-01,False,daily,67.32,67.45,66.65,66.85,11052700.0,43.077099133811814,43.1602842628581,42.648375776419456,42.77635289802911,11052700.0
2005-03-31,False,daily,67.38,67.46,67.0,67.16,12551500.0,43.11549227029471,43.16668311893857,42.872335739236355,42.97471743652409,12551500.0
2005-03-30,False,daily,67.93,68.25,67.9,68.05,6516300.0,43.46742935472128,43.67219274929674,43.448232786479835,43.54421562768707,6516300.0
2005-03-29,False,daily,67.85,68.12,67.7,67.92,9428000.0,43.41623850607741,43.58900762025046,43.320255664870174,43.4610304986408,9428000.0
2005-03-28,False,daily,68.23,68.5,68.166,68.35,5145100.0,43.65939503713577,43.83216415130882,43.618442358220676,43.736181310101564,5145100.0
2005-03-24,False,daily,68.2,68.52,67.96,68.09,8876600.0,43.640198468894326,43.84496186346978,43.48662592296272,43.56981105200901,8876600.0
2005-03-23,False,daily,66.83,68.2,66.82,68.2,9565500.0,42.76355518586814,43.640198468894326,42.75715632978766,43.640198468894326,9565500.0
2005-03-22,False,daily,66.65,67.23,66.65,66.79,5072300.0,42.648375776419456,43.01950942908747,42.648375776419456,42.73795976154622,5072300.0
2005-03-21,False,daily,67.25,67.25,66.66,66.85,5178600.0,43.03230714124843,43.03230714124843,42.65477463249993,42.77635289802911,5178600.0
2005-03-18,False,daily,67.0,67.25,66.66,67.25,10640700.0,42.872335739236355,43.03230714124843,42.65477463249993,43.03230714124843,10640700.0
2005-03-17,False,daily,66.83,67.37,66.81,66.99,4405800.0,42.76355518586814,43.109093414214236,42.75075747370718,42.865936883155875,4405800.0
2005-03-16,False,daily,67.1,67.45,67.05,67.05,5408700.0,42.936324300041186,43.1602842628581,42.90433001963877,42.90433001963877,5408700.0
2005-03-15,False,daily,67.84,67.85,67.26,67.26,5014000.0,43.40983964999693,43.41623850607741,43.03870599732892,43.03870599732892,5014000.0
2005-03-14,False,daily,67.59,67.83,67.49,67.82,5589000.0,43.24986824798486,43.40344079391645,43.18587968718003,43.397041937835965,5589000.0
2005-03-11,False,daily,68.25,68.25,67.49,67.6,5807000.0,43.67219274929674,43.67219274929674,43.18587968718003,43.25626710406534,5807000.0
2005-03-10,False,daily,67.87,68.27,67.8,68.0,5041700.0,43.42903621823839,43.6849904614577,43.384244225675,43.512221347284665,5041700.0
2005-03-09,False,daily,68.1,68.11,67.7,67.76,6375500.0,43.57620990808949,43.582608764169976,43.320255664870174,43.35864880135307,6375500.0
2005-03-08,False,daily,68.05,68.4,68.0,68.19,8537100.0,43.54421562768707,43.768175590503986,43.512221347284665,43.63379961281384,8537100.0
2005-03-07,False,daily,67.9,68.68,67.85,68.44,9389500.0,43.448232786479835,43.94734356075751,43.41623850607741,43.793771014825914,9389500.0
2005-03-04,False,daily,67.19,67.75,67.01,67.74,8306000.0,42.993914004765536,43.35224994527259,42.87873459531684,43.3458510891921,8306000.0
2005-03-03,False,daily,67.1,67.1,66.51,66.75,5791900.0,42.936324300041186,42.936324300041186,42.55879179129269,42.71236433722428,5791900.0
2005-03-02,False,daily,66.55,67.15,66.12,66.96,6991900.0,42.58438721561462,42.96831858044361,42.30923640415386,42.84674031491442,6991900.0
2005-03-01,False,daily,66.47,66.99,66.41,66.65,8467400.0,42.533196366970756,42.865936883155875,42.494803230487854,42.648375776419456,8467400.0
2005-02-28,False,daily,66.07,66.24,65.6,65.6,6833700.0,42.27724212375143,42.38602267711964,41.97649588796873,41.97649588796873,6833700.0
2005-02-25,False,daily,65.86,66.29,65.85,66.22,6456100.0,42.142866146061294,42.41801695752206,42.13646728998081,42.37322496495868,6456100.0
2005-02-24,False,daily,65.35,65.95,65.08,65.89,4817000.0,41.816524485956656,42.200455850785644,41.64375537178361,42.16206271430274,4817000.0
2005-02-23,False,daily,65.4,65.55,65.21,65.41,4928200.0,41.84851876635908,41.944501607566316,41.72694050082989,41.85491762243955,4928200.0
2005-02-22,False,daily,65.05,65.87,65.05,65.07,8299800.0,41.624558803542165,42.149265002141775,41.624558803542165,41.637356515703125,8299800.0
2005-02-18,False,daily,65.44,65.59,65.21,65.43,6185200.0,41.874114190681006,41.97009703188825,41.72694050082989,41.867715334600526,6185200.0
2005-02-17,False,daily,65.7,65.7,65.34,65.35,5354200.0,42.04048444877356,42.04048444877356,41.810125629876175,41.816524485956656,5354200.0
2005-02-16,False,daily,65.68,65.87,65.42,65.74,4607500.0,42.0276867366126,42.149265002141775,41.86131647852004,42.06607987309549,4607500.0
2005-02-15,False,daily,65.82,66.01,65.54,65.91,4186400.0,42.11727072173935,42.23884898726854,41.938102751485836,42.1748604264637,4186400.0
2005-02-14,False,daily,66.61,66.61,65.8,66.0,5217600.0,42.62278035209752,42.62278035209752,42.10447300957839,42.23245013118805,5217600.0
2005-02-11,False,daily,65.99,66.89,65.9,66.6,6584400.0,42.226051275107565,42.801948322351045,42.16846157038323,42.616381496017034,6584400.0
2005-02-10,False,daily,66.06,66.22,65.87,66.13,4002900.0,42.090725299048906,42.19267074330939,41.969665083989575,42.13532643091286,4002900.0
2005-02-09,False,daily,66.36,66.48,65.97,66.19,4529800.0,42.28187300703732,42.358332090232686,42.033380986652375,42.17355597251055,4529800.0
2005-02-08,False,daily,66.46,66.64,66.14,66.33,6379900.0,42.34558890970012,42.46027753449317,42.141698021179145,42.262758236238476,6379900.0
2005-02-07,False,daily,66.25,66.51,65.87,66.45,4892100.0,42.211785514108236,42.37744686103153,41.969665083989575,42.33921731943384,4892100.0
2005-02-04,False,daily,65.47,66.24,65.46,66.24,4851300.0,41.714801473338355,42.20541392384195,41.70842988307207,42.20541392384195,4851300.0
2005-02-03,False,daily,65.78,66.0,65.47,65.65,5022300.0,41.91232077159305,42.05249575745122,41.714801473338355,41.82949009813141,5022300.0
2005-02-02,False,daily,65.2,66.05,65.18,66.0,7068000.0,41.542768536148785,42.08435370878262,41.530025355616225,42.05249575745122,7068000.0
2005-02-01,False,daily,64.61,65.42,64.52,65.42,7340300.0,41.166844710438234,41.68294352200695,41.1095003980417,41.68294352200695,7340300.0
2005-01-31,False,daily,64.93,64.96,64.35,64.7,6168900.0,41.370735598959214,41.389850369758044,41.00118336351493,41.22418902283476,6168900.0
2005-01-28,False,daily,64.38,64.81,64.26,64.62,6968700.0,41.02029813431378,41.29427651576384,40.94383905111842,41.17321630070452,6968700.0
2005-01-27,False,daily,64.37,64.65,64.19,64.22,6360100.0,41.01392654404751,41.19233107150336,40.89923791925445,40.91835269005329,6360100.0
2005-01-26,False,daily,63.24,64.98,62.74,64.65,12781800.0,40.29393684395781,41.40259355029061,39.97535733064378,41.19233107150336,12781800.0
2005-01-25,False,daily,61.9,63.85,61.9,63.72,11172300.0,39.44014374827622,40.68260385020092,39.44014374827622,40.59977317673927,11172300.0
2005-01-24,False,daily,61.85,61.93,61.2,61.49,5938600.0,39.40828579694482,39.459258519075064,38.994132429636586,39.17890854735872,5938600.0
2005-01-21,False,daily,62.36,62.59,61.85,61.85,6426300.0,39.73323690052512,39.87978347664958,39.40828579694482,39.40828579694482,6426300.0
2005-01-20,False,daily,62.82,62.94,62.4,62.49,5274600.0,40.02633005277403,40.10278913596939,39.75872326159024,39.81606757398677,5274600.0
2005-01-19,False,daily,63.03,63.28,62.65,62.82,4697100.0,40.16013344836592,40.31942320502293,39.91801301824726,40.02633005277403,4697100.0
2005-01-18,False,daily,62.23,63.06,62.23,63.03,6122900.0,39.65040622706348,40.179248219164755,39.65040622706348,40.16013344836592,6122900.0
2005-01-14,False,daily,62.45,62.75,62.22,62.7,6820200.0,39.79058121292165,39.981728920910065,39.644034636797194,39.94987096957866,6820200.0
2005-01-13,False,daily,63.15,63.29,61.88,61.97,9014700.0,40.23659253156128,40.325794795289205,39.42740056774366,39.484744880140184,9014700.0
2005-01-12,False,daily,62.95,63.41,62.57,63.32,6093800.0,40.10916072623567,40.40225387848457,39.86704029611701,40.34490956608805,6093800.0
2005-01-11,False,daily,62.85,63.1,62.63,62.88,4880000.0,40.045444823572865,40.20473458022988,39.9052698377147,40.06455959437171,4880000.0
2005-01-10,False,daily,62.73,63.22,62.6,63.1,5419300.0,39.9689857403775,40.28119366342524,39.886155066915855,40.20473458022988,5419300.0
2005-01-07,False,daily,62.98,63.0,62.57,62.61,5037800.0,40.12827549703451,40.141018677567075,39.86704029611701,39.89252665718214,5037800.0
2005-01-06,False,daily,62.75,63.09,62.69,62.84,5277500.0,39.981728920910065,40.1983629899636,39.94349937931238,40.03907323330659,5277500.0
2005-01-05,False,daily,62.87,63.09,62.59,62.66,6888100.0,40.058188004105425,40.1983629899636,39.87978347664958,39.924384608513535,6888100.0
2005-01-04,False,daily,63.1,63.24,62.62,62.7,6989600.0,40.20473458022988,40.29393684395781,39.898898247448415,39.94987096957866,6989600.0
2005-01-03,False,daily,63.35,63.55,62.69,62.9,7859500.0,40.36402433688689,40.4914561422125,39.94349937931238,40.07730277490427,7859500.0
2006-12-29,False,daily,66.17,66.57,65.86,66.02,5877300.0,44.008572664413215,44.274606049115725,43.80239679126877,43.90881014514977,5877300.0
2006-12-28,False,daily,65.86,66.6,65.86,66.42,5450100.0,43.80239679126877,44.29455855296841,43.80239679126877,44.17484352985229,5450100.0
2006-12-27,False,daily,66.0,66.15,65.78,66.01,5168900.0,43.895508475914646,43.995270995178096,43.749190114328265,43.90215931053221,5168900.0
2006-12-26,False,daily,65.6,65.78,65.48,65.64,3804300.0,43.62947509121213,43.749190114328265,43.549665075801386,43.65607842968239,3804300.0
2006-12-22,False,daily,65.7,65.95,65.45,65.65,6067500.0,43.69598343738777,43.862254302826834,43.52971257194869,43.662729264299955,6067500.0
2006-12-21,False,daily,66.23,66.38,65.88,66.0,8729100.0,44.048477672118594,44.14824019138203,43.81569846050389,43.895508475914646,8729100.0
2006-12-20,False,daily,66.65,66.89,66.34,66.43,9780100.0,44.32781272605624,44.48743275687774,44.121636852911784,44.181494364469856,9780100.0
2006-12-19,False,daily,66.65,67.25,66.63,66.88,10245500.0,44.32781272605624,44.72686280311,44.314511056821104,44.48078192226017,10245500.0
2006-12-18,False,daily,66.22,66.84,66.22,66.6,7896700.0,44.04182683750103,44.454178583789925,44.04182683750103,44.29455855296841,7896700.0
2006-12-15,False,daily,66.57,66.57,65.5,66.29,12798000.0,44.274606049115725,44.274606049115725,43.562966745036505,44.08838267982397,12798000.0
2006-12-14,False,daily,65.78,66.62,65.52,66.25,9256500.0,43.749190114328265,44.307860222203544,43.57626841427163,44.06177934135372,9256500.0
2006-12-13,False,daily,65.8,66.0,65.42,65.47,8856700.0,43.76249178356339,43.895508475914646,43.50976006809601,43.54301424118382,8856700.0
2006-12-12,False,daily,65.78,65.9,65.29,65.58,8935000.0,43.749190114328265,43.82900012973902,43.42329921806769,43.61617342197701,8935000.0
2006-12-11,False,daily,65.96,66.0,65.46,65.7,7725100.0,43.86890513744439,43.895508475914646,43.53636340656625,43.69598343738777,7725100.0
2006-12-08,False,daily,65.9,66.25,65.68,65.95,6126200.0,43.82900012973902,44.06177934135372,43.68268176815264,43.862254302826834,6126200.0
2006-12-07,False,daily,66.25,66.64,65.95,66.06,10418400.0,44.06177934135372,44.32116189143867,43.862254302826834,43.935413483620025,10418400.0
2006-12-06,False,daily,66.25,66.25,65.8,66.03,7099900.0,44.06177934135372,44.06177934135372,43.76249178356339,43.91546097976734,7099900.0
2006-12-05,False,daily,66.35,66.37,65.94,66.17,6564300.0,44.128287687529344,44.14158935676448,43.85560346820927,44.008572664413215,6564300.0
2006-12-04,False,daily,66.39,66.72,65.81,66.28,7785800.0,44.154891025999596,44.37436856837917,43.76914261818096,44.081731845206406,7785800.0
2006-12-01,False,daily,65.91,66.06,65.33,65.97,8947400.0,43.83565096435658,43.935413483620025,43.449902556537936,43.87555597206196,8947400.0
2006-11-30,False,daily,66.2,66.43,65.68,65.91,7799300.0,44.02852516826591,44.181494364469856,43.68268176815264,43.83565096435658,7799300.0
2006-11-29,False,daily,65.9,66.32,65.73,66.2,6778700.0,43.82900012973902,44.10833518367665,43.71593594124045,44.02852516826591,6778700.0
2006-11-28,False,daily,65.55,66.08,65.5192,65.97,8083100.0,43.59622091812432,43.94871515285515,43.57573634750222,43.87555597206196,8083100.0
2006-11-27,False,daily,65.5,65.83,65.22,65.65,9429200.0,43.562966745036505,43.78244428741608,43.376743375744745,43.662729264299955,9429200.0
2006-11-24,False,daily,66.5,66.55,65.85,65.85,2874100.0,44.22805020679279,44.2613043798806,43.7957459566512,43.7957459566512,2874100.0
2006-11-22,False,daily,66.51,66.95,66.49,66.77,6992300.0,43.98626592248676,44.27725911156951,43.973038959346624,44.15821644330838,6992300.0
2006-11-21,False,daily,66.9,67.06,66.31,66.6,8304100.0,44.2441917037192,44.3500074088402,43.8539962910855,44.04578725661732,8304100.0
2006-11-20,False,daily,67.58,67.6,66.83,67.01,7973900.0,44.693908450483455,44.70713541362358,44.19789733272876,44.31694000098989,7973900.0
2006-11-17,False,daily,66.64,67.6,66.55,67.24,11117500.0,44.07224118289757,44.70713541362358,44.012719848767006,44.46905007710132,11117500.0
2006-11-16,False,daily,66.5,66.64,65.81,66.53,10445700.0,43.979652440916695,44.07224118289757,43.52332221258237,43.99949288562688,10445700.0
2006-11-15,False,daily,66.56,67.0,66.42,66.54,7773700.0,44.01933333033707,44.310326519419824,43.92674458835619,44.00610636719695,7773700.0
2006-11-14,False,daily,65.42,66.73,65.31,66.56,11365200.0,43.26539643134993,44.131762517028136,43.192648134079235,44.01933333033707,11365200.0
2006-11-13,False,daily,66.25,66.78,65.75,65.94,8794200.0,43.81431540166513,44.16482992487845,43.48364132316199,43.609297472993184,8794200.0
2006-11-10,False,daily,66.0,66.31,65.475,66.29,10113100.0,43.64897836241356,43.8539962910855,43.301770579985266,43.84076932794538,10113100.0
2006-11-09,False,daily,67.52,67.74,65.82,66.15,16574400.0,44.65422756106308,44.79972415560446,43.52993569415243,43.748180585964505,16574400.0
2006-11-08,False,daily,68.3,68.3,67.41,67.99,14318400.0,45.17007912352797,45.17007912352797,44.58147926379239,44.96506119485603,14318400.0
2006-11-07,False,daily,68.17,69.03,68.14,68.71,10671300.0,45.08410386311716,45.65286327814255,45.064263418406966,45.441231867900534,10671300.0
2006-11-06,False,daily,67.62,68.49,67.59,68.42,8041300.0,44.72036237676371,45.295735273359156,44.700521932053526,45.249440902368725,8041300.0
2006-11-03,False,daily,68.0,68.32,67.76,67.81,7102500.0,44.97167467642609,45.18330608666809,44.81295111874459,44.846018526594904,7102500.0
2006-11-02,False,daily,67.15,68.0,67.09,67.9,10374400.0,44.40952874297077,44.97167467642609,44.36984785355039,44.90553986072547,10374400.0
2006-11-01,False,daily,67.38,67.57,66.85,67.18,11145700.0,44.561638819082205,44.68729496891339,44.21112429586888,44.429369187680955,11145700.0
2006-10-31,False,daily,67.8,67.8,67.23,67.4,11950600.0,44.83940504502483,44.83940504502483,44.462436595531265,44.57486578222233,11950600.0
2006-10-30,False,daily,67.9,68.36,67.55,67.7,9175200.0,44.90553986072547,45.209760012948344,44.67406800577327,44.77327022932421,9175200.0
2006-10-27,False,daily,68.6,68.64,68.0,68.17,7945500.0,45.36848357062985,45.3949374969101,44.97167467642609,45.08410386311716,7945500.0
2006-10-26,False,daily,68.77,68.89,68.08,68.82,8171600.0,45.480912757320915,45.560274536161664,45.02458252898659,45.513980165171226,8171600.0
2006-10-25,False,daily,68.75,68.95,68.47,68.83,7007400.0,45.46768579418079,45.599955425582046,45.282508310219036,45.52059364674129,7007400.0
2006-10-24,False,daily,68.63,68.86,68.26,68.75,10853500.0,45.38832401534003,45.54043409145148,45.14362519724772,45.46768579418079,10853500.0
2006-10-23,False,daily,68.35,69.41,68.33,69.1,8941400.0,45.20314653137828,45.90417557780492,45.18991956823816,45.69915764913298,8941400.0
2006-10-20,False,daily,68.4,69.14,68.27,68.62,12064700.0,45.2362139392286,45.72561157541323,45.15023867881778,45.381710533769976,12064700.0
2006-10-19,False,daily,68.0,68.22,67.84,68.04,8608800.0,44.97167467642609,45.11717127096747,44.86585897130509,44.998128602706345,8608800.0
2006-10-18,False,daily,66.5,68.15,66.5,68.15,17880100.0,43.979652440916695,45.07087689997704,43.979652440916695,45.07087689997704,17880100.0
2006-10-17,False,daily,65.55,66.5,65.5,66.08,15308200.0,43.35137169176074,43.979652440916695,43.31830428391042,43.70188621497406,15308200.0
2006-10-16,False,daily,65.05,65.08,64.7,64.93,6357100.0,43.0206976132576,43.040538057967794,42.78922575830541,42.94133583441686,6357100.0
2006-10-13,False,daily,65.15,65.74,64.5,64.58,6413600.0,43.08683242895824,43.47702784159193,42.65695612690416,42.70986397946466,6413600.0
2006-10-12,False,daily,65.23,65.29,64.78,64.84,7902000.0,43.13974028151873,43.179421170939115,42.842133610865915,42.88181450028629,7902000.0
2006-10-11,False,daily,64.89,65.2,64.8,65.1,4855700.0,42.9148819081366,43.11989983680855,42.855360574006035,43.053765021107914,4855700.0
2006-10-10,False,daily,64.84,64.98,64.7,64.96,6047100.0,42.88181450028629,42.97440324226717,42.78922575830541,42.96117627912704,6047100.0
2006-10-09,False,daily,64.77,65.0,64.66,64.87,5545700.0,42.83552012929585,42.98763020540729,42.76277183202516,42.90165494499648,5545700.0
2006-10-06,False,daily,65.01,65.16,64.86,65.06,7134500.0,42.994243686977356,43.093445910528295,42.895041463426416,43.02731109482767,7134500.0
2006-10-05,False,daily,65.3,65.64,65.11,65.11,7998400.0,43.18603465250917,43.410893025891305,43.060378502677985,43.060378502677985,7998400.0
2006-10-04,False,daily,65.37,65.88,65.37,65.83,6168300.0,43.23232902349962,43.5696165835728,43.23232902349962,43.53654917572249,6168300.0
2006-10-03,False,daily,65.06,65.68,64.9732,65.5,6944900.0,43.02731109482767,43.43734695217156,42.969906074799525,43.31830428391042,6944900.0
2006-10-02,False,daily,65.0,65.33,64.94,65.09,6237000.0,42.98763020540729,43.20587509721936,42.94794931598692,43.04715153953786,6237000.0
2006-09-29,False,daily,64.94,65.01,64.65,64.94,7671300.0,42.94794931598692,42.994243686977356,42.7561583504551,42.94794931598692,7671300.0
2006-09-28,False,daily,64.88,65.04,64.81,64.9,5016400.0,42.908268426566536,43.01408413168755,42.861974055576106,42.92149538970667,5016400.0
2006-09-27,False,daily,64.54,64.87,64.52,64.82,5516500.0,42.68341005318442,42.90165494499648,42.67018309004428,42.86858753714616,5516500.0
2006-09-26,False,daily,64.4,64.72,64.35,64.67,5894200.0,42.590821311203534,42.80245272144554,42.557753903353216,42.76938531359522,5894200.0
2006-09-25,False,daily,64.25,64.34,64.02,64.19,5748400.0,42.491619087652595,42.55114042178316,42.339509011541146,42.45193819823221,5748400.0
2006-09-22,False,daily,64.04,64.11,63.85,63.96,5604800.0,42.35273597468128,42.39903034567172,42.22707982485009,42.29982812212078,5604800.0
2006-09-21,False,daily,64.16,64.41,64.05,64.23,7406900.0,42.43209775352203,42.59743479277359,42.35934945625134,42.47839212451247,7406900.0
2006-09-20,False,daily,64.4,64.5,64.14,64.19,6282100.0,42.590821311203534,42.65695612690416,42.4188707903819,42.45193819823221,6282100.0
2006-09-19,False,daily,64.16,64.2,63.95,64.18,5246800.0,42.43209775352203,42.458551679802284,42.293214640550715,42.44532471666216,5246800.0
2006-09-18,False,daily,63.95,64.33,63.89,64.16,6976100.0,42.293214640550715,42.544526940213096,42.253533751130334,42.43209775352203,6976100.0
2006-09-15,False,daily,63.6,64.14,63.6,63.79,9656600.0,42.06174278559852,42.4188707903819,42.06174278559852,42.18739893542971,9656600.0
2006-09-14,False,daily,63.75,63.85,63.42,63.73,5393700.0,42.16094500914946,42.22707982485009,41.942700117337395,42.14771804600933,5393700.0
2006-09-13,False,daily,63.95,64.03,63.78,63.81,6285700.0,42.293214640550715,42.34612249311122,42.18078545385965,42.20062589856984,6285700.0
2006-09-12,False,daily,63.96,64.09,63.73,63.83,6994400.0,42.29982812212078,42.38580338253159,42.14771804600933,42.21385286170996,6994400.0
2006-09-11,False,daily,63.65,64.06,63.59,64.04,5211600.0,42.09481019344883,42.3659629378214,42.05512930402846,42.35273597468128,5211600.0
2006-09-08,False,daily,63.51,63.75,63.38,63.59,5914300.0,42.00222145146795,42.16094500914946,41.91624619105714,42.05512930402846,5914300.0
2006-09-07,False,daily,63.51,63.7,63.25,63.46,7407100.0,42.00222145146795,42.12787760129915,41.83027093064633,41.96915404361764,7407100.0
2006-09-06,False,daily,64.02,64.25,63.92,63.92,8509800.0,42.339509011541146,42.491619087652595,42.273374195840525,42.273374195840525,8509800.0
2006-09-05,False,daily,64.6,64.74,64.21,64.31,7092400.0,42.723090942604784,42.81567968458566,42.46516516137234,42.53129997707297,7092400.0
2006-09-01,False,daily,64.87,64.89,64.58,64.72,4693200.0,42.90165494499648,42.9148819081366,42.70986397946466,42.80245272144554,4693200.0
2006-08-31,False,daily,64.66,64.74,64.42,64.66,4613000.0,42.76277183202516,42.81567968458566,42.60404827434366,42.76277183202516,4613000.0
2006-08-30,False,daily,64.72,64.8,64.6,64.6,4434500.0,42.80245272144554,42.855360574006035,42.723090942604784,42.723090942604784,4434500.0
2006-08-29,False,daily,64.5,64.65,64.3,64.6,5313000.0,42.65695612690416,42.7561583504551,42.524686495502905,42.723090942604784,5313000.0
2006-08-28,False,daily,64.79,64.87,64.55,64.58,5976100.0,42.84874709243598,42.90165494499648,42.690023534754474,42.70986397946466,5976100.0
2006-08-25,False,daily,64.73,64.89,64.61,64.67,5534200.0,42.809066203015604,42.9148819081366,42.72970442417485,42.76938531359522,5534200.0
2006-08-24,False,daily,64.3,65.13,64.24,64.62,10664000.0,42.279351765721145,42.825103895822984,42.23989980450896,42.48976222551945,10664000.0
2006-08-23,False,daily,64.0,64.06,63.8,63.91,6592900.0,42.08209195966024,42.12154392087242,41.9505854222863,42.02291401784196,6592900.0
2006-08-22,False,daily,64.24,64.34,64.03,64.16,8278700.0,42.23989980450896,42.305653073195934,42.10181794026633,42.18729718955939,8278700.0
2006-08-21,False,daily,64.27,64.58,64.19,64.27,7325900.0,42.259625785115055,42.46346091804466,42.20702317016548,42.259625785115055,7325900.0
2006-08-18,False,daily,64.39,64.6,64.15,64.42,7185900.0,42.33852970753942,42.47661157178205,42.180721862690696,42.35825568814551,7185900.0
2006-08-17,False,daily,64.66,64.68,64.13,64.23,8482200.0,42.51606353299423,42.529214186731636,42.1675712089533,42.233324477640274,8482200.0
2006-08-16,False,daily,64.48,64.75,64.42,64.61,5706400.0,42.39770764935769,42.57524147481251,42.35825568814551,42.48318689865075,5706400.0
2006-08-15,False,daily,64.0,64.48,63.85,64.41,7192900.0,42.08209195966024,42.39770764935769,41.98346205662979,42.35168036127681,7192900.0
2006-08-14,False,daily,63.95,64.0,63.74,63.91,7374800.0,42.04921532531676,42.08209195966024,41.91113346107412,42.02291401784196,7374800.0
2006-08-11,False,daily,63.56,63.79,63.4,63.47,7514200.0,41.792777577437576,41.9440100954176,41.68757234753842,41.7335996356193,7514200.0
2006-08-10,False,daily,63.36,63.75,63.3,63.55,5437400.0,41.66127104006364,41.917708787942814,41.62181907885145,41.78620225056888,5437400.0
2006-08-09,False,daily,63.68,63.72,63.03,63.32,6124000.0,41.871681499861936,41.897982807336724,41.44428525339664,41.63496973258885,6124000.0
2006-08-08,False,daily,63.42,63.71,63.4,63.56,5236200.0,41.70072300127582,41.89140748046803,41.68757234753842,41.792777577437576,5236200.0
2006-08-07,False,daily,63.25,63.44,63.16,63.27,6313600.0,41.58894244450797,41.71387365501321,41.529764502689694,41.60209309824537,6313600.0
2006-08-04,False,daily,63.25,63.7,63.18,63.53,6653300.0,41.58894244450797,41.88483215359933,41.54291515642709,41.773051596831486,6653300.0
2006-08-03,False,daily,63.1,63.34,63.04,63.08,6561400.0,41.490312541477515,41.64812038632625,41.450860580265335,41.477161887740124,6561400.0
2006-08-02,False,daily,63.1,63.2,62.88,63.15,7410800.0,41.490312541477515,41.55606581016449,41.34565535036619,41.523189175821,7410800.0
2006-08-01,False,daily,62.38,62.85,62.29,62.68,4551700.0,41.01688900693134,41.3259293697601,40.95771106511307,41.21414881299225,4551700.0
2006-07-31,False,daily,62.67,62.88,62.53,62.55,7059400.0,41.20757348612355,41.34565535036619,41.11551890996179,41.128669563699184,7059400.0
2006-07-28,False,daily,62.55,63.0,62.45,62.92,7786400.0,41.128669563699184,41.424559272790546,41.06291629501222,41.371956657840975,7786400.0
2006-07-27,False,daily,62.15,62.57,62.05,62.56,7658600.0,40.86565648895131,41.14182021743658,40.79990322026434,41.13524489056788,7658600.0
2006-07-26,False,daily,61.75,62.15,61.65,62.05,5660300.0,40.602643414203435,40.86565648895131,40.536890145516466,40.79990322026434,5660300.0
2006-07-25,False,daily,61.5,62.0,61.49,61.9,6303500.0,40.43826024248601,40.76702658592086,40.43168491561732,40.701273317233884,6303500.0
2006-07-24,False,daily,61.67,62.0,61.63,61.98,7828200.0,40.55004079925386,40.76702658592086,40.523739491779075,40.75387593218346,7828200.0
2006-07-21,False,daily,61.67,61.99,61.57,61.73,8654400.0,40.55004079925386,40.76045125905216,40.48428753056689,40.58949276046604,8654400.0
2006-07-20,False,daily,61.2,61.73,61.2,61.37,5563200.0,40.241000436425104,40.58949276046604,40.241000436425104,40.35278099319295,5563200.0
2006-07-19,False,daily,60.49,61.49,60.49,61.31,8465000.0,39.774152228747624,40.43168491561732,39.774152228747624,40.31332903198077,8465000.0
2006-07-18,False,daily,60.8,61.02,59.6842,60.6,8302900.0,39.97798736167722,40.122644552788564,39.244312389668025,39.84648082430329,8302900.0
2006-07-17,False,daily,60.55,61.3,60.55,60.91,7284200.0,39.813604189959804,40.30675370511207,39.813604189959804,40.05031595723289,7284200.0
2006-07-14,False,daily,60.31,61.06,60.15,60.46,7532000.0,39.65579634511108,40.148945860263346,39.55059111521193,39.754426248141534,7532000.0
2006-07-13,False,daily,60.73,60.76,60.17,60.27,8022400.0,39.93196007359635,39.95168605420244,39.56374176894932,39.629495037636296,8022400.0
2006-07-12,False,daily,60.81,60.95,60.5715,60.62,6169400.0,39.98456268854593,40.076617264707686,39.827741142727504,39.85963147804068,6169400.0
2006-07-11,False,daily,60.93,60.99,60.6,60.77,7102700.0,40.06346661097029,40.10291857218247,39.84648082430329,39.95826138107114,7102700.0
2006-07-10,False,daily,60.85,60.99,60.7,60.95,4732500.0,40.01086399602071,40.10291857218247,39.91223409299026,40.076617264707686,4732500.0
2006-07-07,False,daily,60.6,60.87,60.43,60.62,5353100.0,39.84648082430329,40.0240146497581,39.734700267535445,39.85963147804068,5353100.0
2006-07-06,False,daily,60.12,60.69,60.05,60.52,5631800.0,39.53086513460583,39.90565876612156,39.484837846524954,39.793878209353714,5631800.0
2006-07-05,False,daily,59.8,60.42,59.8,60.04,6556400.0,39.320454674807536,39.728124940666746,39.320454674807536,39.47826251965626,6556400.0
2006-07-03,False,daily,60.13,60.38,60.02,60.15,3302400.0,39.53744046147454,39.70182363319196,39.46511186591887,39.55059111521193,3302400.0
2006-06-30,False,daily,60.14,60.35,59.91,59.92,10294200.0,39.54401578834323,39.68209765258587,39.3927832703632,39.3993585972319,10294200.0
2006-06-29,False,daily,59.25,60.15,59.1,59.89,8491000.0,38.958811697029205,39.55059111521193,38.860181793998755,39.379632616625805,8491000.0
2006-06-28,False,daily,59.52,59.58,58.97,59.23,9490700.0,39.13634552248403,39.1757974836962,38.77470254470569,38.94566104329181,9490700.0
2006-06-27,False,daily,60.22,60.26,59.51,59.55,10361800.0,39.59661840329281,39.62291971076759,39.12977019561532,39.15607150309011,10361800.0
2006-06-26,False,daily,59.51,60.26,59.5,60.21,15467400.0,39.12977019561532,39.62291971076759,39.12319486874663,39.59004307642411,15467400.0
2006-06-23,False,daily,61.06,61.74,59.75,61.32,5004600.0,40.148945860263346,40.596068087334736,39.287578040464055,40.31990435884947,5004600.0
2006-06-22,False,daily,61.15,62.0,60.92,61.18,7812800.0,40.208123802081616,40.76702658592086,40.05689128410159,40.22784978268771,7812800.0
2006-06-21,False,daily,61.5,61.9,61.5,61.79,6998600.0,40.43826024248601,40.701273317233884,40.43826024248601,40.628944721678224,6998600.0
2006-06-20,False,daily,61.37,61.7,61.2082,61.53,6927900.0,40.35278099319295,40.569766779859954,40.246392204457436,40.4579862230921,6927900.0
2006-06-19,False,daily,61.6,61.68,61.32,61.35,9989800.0,40.50401351117298,40.556616126122556,40.31990435884947,40.33963033945556,9989800.0
2006-06-16,False,daily,61.3,61.75,61.3,61.68,11648700.0,40.30675370511207,40.602643414203435,40.30675370511207,40.556616126122556,11648700.0
2006-06-15,False,daily,61.4,61.51,60.92,61.47,8863300.0,40.37250697379904,40.44483556935471,40.05689128410159,40.41853426187992,8863300.0
2006-06-14,False,daily,61.28,61.38,60.96,61.25,8972700.0,40.29360305137468,40.35935632006165,40.08319259157638,40.27387707076859,8972700.0
2006-06-13,False,daily,61.55,61.69,61.01,61.05,12088300.0,40.4711368768295,40.56319145299125,40.11606922591986,40.14237053339465,12088300.0
2006-06-12,False,daily,61.45,61.66,61.34,61.38,6507600.0,40.40538360814253,40.54346547238516,40.33305501258686,40.35935632006165,6507600.0
2006-06-09,False,daily,61.43,61.68,61.35,61.51,8621700.0,40.39223295440513,40.556616126122556,40.33963033945556,40.44483556935471,8621700.0
2006-06-08,False,daily,61.18,61.75,61.04,61.56,12528800.0,40.22784978268771,40.602643414203435,40.135795206525955,40.477712203698196,12528800.0
2006-06-07,False,daily,61.12,61.69,61.01,61.17,9507200.0,40.188397821475526,40.56319145299125,40.11606922591986,40.221274455819014,9507200.0
2006-06-06,False,daily,60.44,61.25,60.36,60.94,10568900.0,39.74127559440414,40.27387707076859,39.688672979454566,40.07004193783898,10568900.0
2006-06-05,False,daily,60.35,60.5,60.09,60.13,6921900.0,39.68209765258587,39.78072755561632,39.51113915399975,39.53744046147454,6921900.0
2006-06-02,False,daily,60.7,61.01,60.45,60.74,6666600.0,39.91223409299026,40.11606922591986,39.747850921272835,39.93853540046505,6666600.0
2006-06-01,False,daily,60.25,60.7,60.21,60.65,5661800.0,39.6163443838989,39.91223409299026,39.59004307642411,39.87935745864677,5661800.0
2006-05-31,False,daily,60.14,60.28,59.88,60.22,8260300.0,39.54401578834323,39.63607036450499,39.373057289757114,39.59661840329281,8260300.0
2006-05-30,False,daily,60.48,60.55,59.82,59.85,7840900.0,39.767576901878925,39.813604189959804,39.33360532854493,39.353331309151024,7840900.0
2006-05-26,False,daily,60.84,60.89,60.48,60.69,6199600.0,40.00428866915202,40.0371653034955,39.767576901878925,39.90565876612156,6199600.0
2006-05-25,False,daily,60.69,60.91,60.15,60.45,8717200.0,39.90565876612156,40.05031595723289,39.55059111521193,39.747850921272835,8717200.0
2006-05-24,False,daily,60.12,60.93,59.99,60.41,12877100.0,39.287008012949684,39.81632398917206,39.202056066148565,39.47651620196757,12877100.0
2006-05-23,False,daily,60.15,60.55,59.97,60.0,10327900.0,39.30661230836533,39.56800291390724,39.18898653587147,39.20859083128711,10327900.0
2006-05-22,False,daily,59.9,60.2,59.65,59.86,9614000.0,39.14324317990163,39.33928613405807,38.97987405143794,39.117104119347445,9614000.0
2006-05-19,False,daily,60.11,60.24,59.63,59.9,13160600.0,39.28047324781114,39.365425194612264,38.966804521160846,39.14324317990163,13160600.0
2006-05-18,False,daily,60.3,60.48,60.04,60.14,8518000.0,39.40463378544355,39.52225955793741,39.234729891841305,39.300077543226784,8518000.0
2006-05-17,False,daily,60.0,60.79,59.95,60.13,13707900.0,39.20859083128711,39.724837277232396,39.17591700559438,39.29354277808824,13707900.0
2006-05-16,False,daily,60.0,60.48,59.85,60.25,8264500.0,39.20859083128711,39.52225955793741,39.1105693542089,39.37195995975081,8264500.0
2006-05-15,False,daily,58.97,60.012,58.84,59.97,10776200.0,38.53551002201668,39.21643254945337,38.45055807521557,39.18898653587147,10776200.0
2006-05-12,False,daily,58.48,59.25,58.4,58.83,10235800.0,38.215306530227835,38.71848344589603,38.163028409119455,38.444023310077014,10235800.0
2006-05-11,False,daily,58.66,59.07,58.6,58.84,9805800.0,38.3329323027217,38.60085767340216,38.293723711890415,38.45055807521557,9805800.0
2006-05-10,False,daily,58.4,58.49,58.25,58.32,7834700.0,38.163028409119455,38.22184129536639,38.06500693204124,38.110750288011076,7834700.0
2006-05-09,False,daily,58.69,58.794,58.32,58.36,7158300.0,38.35253659813734,38.420498155578244,38.110750288011076,38.13688934856526,7158300.0
2006-05-08,False,daily,58.7,58.88,58.65,58.71,5945200.0,38.359071363275895,38.476697135769754,38.326397537583155,38.36560612841444,5945200.0
2006-05-05,False,daily,58.5,58.82,58.35,58.7,7049700.0,38.228376060504935,38.43748854493847,38.130354583426715,38.359071363275895,7049700.0
2006-05-04,False,daily,58.44,58.47,58.19,58.26,7798600.0,38.18916746967365,38.20877176508929,38.02579834120995,38.07154169717979,7798600.0
2006-05-03,False,daily,58.53,58.7,58.24,58.35,9377700.0,38.24798035592058,38.359071363275895,38.058472166902696,38.130354583426715,9377700.0
2006-05-02,False,daily,58.77,58.96,58.6,58.67,5591900.0,38.40481471924573,38.528975256878134,38.293723711890415,38.33946706786025,5591900.0
2006-05-01,False,daily,58.71,58.78,58.55,58.59,7541800.0,38.36560612841444,38.411349484384274,38.261049886197675,38.28718894675187,7541800.0
2006-04-28,False,daily,58.65,58.79,58.5,58.61,8572000.0,38.326397537583155,38.41788424952282,38.228376060504935,38.30025847702896,8572000.0
2006-04-27,False,daily,58.44,58.92,58.2,58.65,11577800.0,38.18916746967365,38.50283619632395,38.0323331063485,38.326397537583155,11577800.0
2006-04-26,False,daily,58.34,58.64,58.29,58.54,10586700.0,38.12381981828817,38.31986277244461,38.09114599259543,38.25451512105913,10586700.0
2006-04-25,False,daily,58.34,58.45,58.12,58.21,8543400.0,38.12381981828817,38.195702234812195,37.980054985240116,38.03886787148705,8543400.0
2006-04-24,False,daily,58.34,58.61,58.19,58.33,8139300.0,38.12381981828817,38.30025847702896,38.02579834120995,38.11728505314962,8139300.0
2006-04-21,False,daily,58.56,58.6,58.06,58.37,10014200.0,38.26758465133622,38.293723711890415,37.94084639440883,38.14342411370381,10014200.0
2006-04-20,False,daily,58.06,58.5,58.02,58.22,7619600.0,37.94084639440883,38.228376060504935,37.91470733385464,38.045402636625596,7619600.0
2006-04-19,False,daily,58.28,58.38,57.85,58.02,9145600.0,38.08461122745688,38.14995887884236,37.80361632649932,37.91470733385464,9145600.0
2006-04-18,False,daily,57.7,58.14,57.67,58.13,12658300.0,37.70559484942111,37.993124515517216,37.685990554005464,37.98658975037867,12658300.0
2006-04-17,False,daily,57.68,57.82,57.46,57.65,8810800.0,37.69252531914401,37.784012031083684,37.54876048609596,37.672921023728364,8810800.0
2006-04-13,False,daily,57.84,58.0,57.53,57.91,7339900.0,37.79708156136078,37.90163780357754,37.5945038420658,37.84282491733061,7339900.0
2006-04-12,False,daily,57.85,57.99,57.76,57.87,6708200.0,37.80361632649932,37.895103038439,37.74480344025239,37.81668585677642,6708200.0
2006-04-11,False,daily,57.71,58.02,57.32,57.75,9114500.0,37.71212961455966,37.91470733385464,37.45727377415629,37.738268675113844,9114500.0
2006-04-10,False,daily,57.85,57.91,57.52,57.71,9309100.0,37.80361632649932,37.84282491733061,37.58796907692725,37.71212961455966,9309100.0
2006-04-07,False,daily,58.45,58.72,57.7,57.83,8974300.0,38.195702234812195,38.37214089355299,37.70559484942111,37.79054679622223,8974300.0
2006-04-06,False,daily,58.4,58.74,58.11,58.5,6432000.0,38.163028409119455,38.38521042383009,37.97352022010157,38.228376060504935,6432000.0
2006-04-05,False,daily,58.52,58.98,58.31,58.4,8809200.0,38.241445590782035,38.54204478715523,38.10421552287253,38.163028409119455,8809200.0
2006-04-04,False,daily,59.27,59.31,58.75,58.82,9506700.0,38.73155297617312,38.75769203672731,38.391745188968635,38.43748854493847,9506700.0
2006-04-03,False,daily,59.49,59.76,59.12,59.17,9271700.0,38.87531780922117,39.051756467961965,38.6335314990949,38.66620532478764,9271700.0
2006-03-31,False,daily,59.45,59.73,59.06,59.22,9704000.0,38.849178748666986,39.03215217254632,38.594322908263614,38.69887915048038,9704000.0
2006-03-30,False,daily,59.35,59.65,59.2,59.35,7838600.0,38.78383109728151,38.97987405143794,38.68580962020329,38.78383109728151,7838600.0
2006-03-29,False,daily,59.62,59.8,59.35,59.51,6631700.0,38.96026975602229,39.07789552851615,38.78383109728151,38.888387339498266,6631700.0
2006-03-28,False,daily,59.8,59.87,59.51,59.6,7750000.0,39.07789552851615,39.12363888448599,38.888387339498266,38.9472002257452,7750000.0
2006-03-27,False,daily,60.07,60.4,59.75,59.94,7469400.0,39.25433418725695,39.46998143682902,39.04522170282342,39.169382240455825,7469400.0
2006-03-24,False,daily,60.66,60.8032,60.29,60.39,5179200.0,39.63988533043127,39.73346316721528,39.398099020305004,39.46344667169048,5179200.0
2006-03-23,False,daily,60.77,60.9,60.62,60.81,6944600.0,39.7117677469553,39.79671969375642,39.613746269877076,39.73790680750949,6944600.0
2006-03-22,False,daily,60.61,61.1,60.3,61.0,7066500.0,39.60721150473853,39.927414996527375,39.40463378544355,39.862067345141895,7066500.0
2006-03-21,False,daily,60.71,60.84,60.41,60.57,7880000.0,39.67255915612401,39.757511102925136,39.47651620196757,39.58107244418434,7880000.0
2006-03-20,False,daily,60.4,60.55,60.3,60.48,5889200.0,39.46998143682902,39.56800291390724,39.40463378544355,39.52225955793741,5889200.0
2006-03-17,False,daily,60.4,60.4,60.15,60.34,11512300.0,39.46998143682902,39.46998143682902,39.30661230836533,39.430772845997744,11512300.0
2006-03-16,False,daily,59.7,60.23,59.7,60.02,10785400.0,39.01254787713068,39.35889042947371,39.01254787713068,39.22166036156421,10785400.0
2006-03-15,False,daily,59.15,59.95,59.1,59.8,8900800.0,38.65313579451055,39.17591700559438,38.62046196881781,39.07789552851615,8900800.0
2006-03-14,False,daily,59.15,59.4,59.03,59.29,7888100.0,38.65313579451055,38.81650492297424,38.574718612847974,38.74462250645021,7888100.0
2006-03-13,False,daily,59.07,59.37,59.0,59.08,6219700.0,38.60085767340216,38.7969006275586,38.55511431743233,38.60739243854071,6219700.0
2006-03-10,False,daily,58.65,59.04,58.5,59.04,9240900.0,38.326397537583155,38.58125337798652,38.228376060504935,38.58125337798652,9240900.0
2006-03-09,False,daily,58.95,58.97,58.25,58.31,8570900.0,38.52244049173959,38.53551002201668,38.06500693204124,38.10421552287253,8570900.0
2006-03-08,False,daily,58.15,58.85,57.83,58.74,7423700.0,37.99965928065576,38.457092840354115,37.79054679622223,38.38521042383009,7423700.0
2006-03-07,False,daily,57.53,58.31,57.53,58.22,9560000.0,37.5945038420658,38.10421552287253,37.5945038420658,38.045402636625596,9560000.0
2006-03-06,False,daily,57.57,58.07,57.51,57.85,7349500.0,37.620642902619984,37.947381159547376,37.5814343117887,37.80361632649932,7349500.0
2006-03-03,False,daily,57.55,58.12,57.47,57.47,6462400.0,37.60757337234289,37.980054985240116,37.555295251234504,37.555295251234504,6462400.0
2006-03-02,False,daily,57.5,58.26,57.45,57.69,7794500.0,37.57489954665015,38.07154169717979,37.54222572095741,37.69906008428256,7794500.0
2006-03-01,False,daily,57.62,57.82,57.45,57.66,7141200.0,37.653316728312724,37.784012031083684,37.54222572095741,37.67945578886691,7141200.0
2006-02-28,False,daily,57.81,57.92,57.42,57.65,8942200.0,37.77747726594514,37.849359682469164,37.52262142554177,37.672921023728364,8942200.0
2006-02-27,False,daily,57.96,58.55,57.83,57.91,7007800.0,37.87549874302335,38.261049886197675,37.79054679622223,37.84282491733061,7007800.0
2006-02-24,False,daily,58.69,58.69,57.42,57.76,10373100.0,38.35253659813734,38.35253659813734,37.52262142554177,37.74480344025239,10373100.0
2006-02-23,False,daily,59.0,59.06,58.45,58.59,9753300.0,38.33706482771934,38.376051673306854,37.97968540983382,38.070654716204686,9753300.0
2006-02-22,False,daily,59.01,59.2,58.7,59.03,8647200.0,38.343562635317255,38.46702097967771,38.14213059978179,38.356558250513096,8647200.0
2006-02-21,False,daily,59.13,59.32,58.75,59.14,6489200.0,38.42153632649228,38.54499467085273,38.17461963777138,38.428034134090204,6489200.0
2006-02-17,False,daily,59.18,59.27,58.74,59.07,6773400.0,38.45402536448187,38.512505632863146,38.16812183017346,38.38254948090477,6773400.0
2006-02-16,False,daily,59.45,59.45,58.58,58.98,11893700.0,38.62946616962568,38.62946616962568,38.06415690860676,38.324069212523504,11893700.0
2006-02-15,False,daily,59.08,59.4,58.7,59.1,8314500.0,38.38904728850269,38.59697713163608,38.14213059978179,38.40204290369853,8314500.0
2006-02-14,False,daily,58.7,59.27,58.7,59.05,9817100.0,38.14213059978179,38.512505632863146,38.14213059978179,38.36955386570893,9817100.0
2006-02-13,False,daily,58.38,58.64,58.04,58.5,5015500.0,37.934200756648394,38.10314375419427,37.71327529831916,38.01217444782341,5015500.0
2006-02-10,False,daily,58.7,58.76,58.24,58.39,8158200.0,38.14213059978179,38.181117445369296,37.843231450277536,37.94069856424631,8158200.0
2006-02-09,False,daily,59.08,59.71,58.3,58.55,12131200.0,38.38904728850269,38.798409167171556,37.882218295865044,38.044663485813004,12131200.0
2006-02-08,False,daily,57.05,58.74,56.93,58.6,14627400.0,37.069992346125225,38.16812183017346,36.99201865495021,38.0771525238026,14627400.0
2006-02-07,False,daily,57.0,57.33,56.7,56.8,10338700.0,37.03750330813563,37.25193095886694,36.84256908019808,36.90754715617726,10338700.0
2006-02-06,False,daily,57.5,57.56,56.65,56.85,10618900.0,37.36239368803156,37.401380533619076,36.81008004220848,36.94003619416686,10618900.0
2006-02-03,False,daily,57.26,57.5,57.02,57.38,11020100.0,37.20644630568152,37.36239368803156,37.050498923331475,37.28441999685654,11020100.0
2006-02-02,False,daily,58.35,58.38,57.59,57.65,10014200.0,37.914707333854636,37.934200756648394,37.42087395641283,37.459860802000335,10014200.0
2006-02-01,False,daily,57.67,58.42,57.65,57.86,13406000.0,37.472856417196176,37.96019198704007,37.459860802000335,37.59631476155663,13406000.0
2006-01-31,False,daily,57.91,58.34,57.45,57.54,20563700.0,37.62880379954622,37.90820952625672,37.32990465004197,37.388384918423235,20563700.0
2006-01-30,False,daily,58.71,58.75,58.04,58.4,11877300.0,38.148628407379704,38.17461963777138,37.71327529831916,37.94719637184423,11877300.0
2006-01-27,False,daily,58.95,59.21,58.35,58.71,11596300.0,38.30457578972975,38.47351878727563,37.914707333854636,38.148628407379704,11596300.0
2006-01-26,False,daily,58.75,59.5,58.56,58.64,15946100.0,38.17461963777138,38.661955207615264,38.05116129341093,38.10314375419427,15946100.0
2006-01-25,False,daily,61.0,61.0,58.04,58.5,25368800.0,39.63662634730305,39.63662634730305,37.71327529831916,38.01217444782341,25368800.0
2006-01-24,False,daily,60.19,61.24,59.36,59.36,19956800.0,39.11030393187164,39.79257372965309,38.570985901244406,38.570985901244406,19956800.0
2006-01-23,False,daily,60.75,61.24,60.61,61.19,7213100.0,39.47418115735508,39.79257372965309,39.383211850984225,39.7600846916635,7213100.0
2006-01-20,False,daily,61.24,62.3,60.73,60.8,11023500.0,39.79257372965309,40.481341335032454,39.46118554215924,39.506670195344675,11023500.0
2006-01-19,False,daily,62.3,62.62,61.7,62.17,7494700.0,40.481341335032454,40.689271178165846,40.091472879157344,40.39686983625952,7494700.0
2006-01-18,False,daily,61.75,62.24,61.35,61.6935,7547400.0,40.123961917146936,40.442354489444945,39.86404961323019,40.087249304218695,7547400.0
2006-01-17,False,daily,61.31,62.07,61.1,61.28,9674000.0,39.838058382838526,40.33189176028033,39.701604423282234,39.81856496004477,9674000.0
2006-01-13,False,daily,61.9,62.29,61.42,61.82,7043600.0,40.22142903111571,40.47484352743454,39.909534266415626,40.16944657033237,7043600.0
2006-01-12,False,daily,62.5,62.55,61.8,62.21,7262400.0,40.61129748699083,40.64378652498042,40.15645095513653,40.42286106665119,7262400.0
2006-01-11,False,daily,62.96,62.99,61.94,62.5,8824100.0,40.91019663649508,40.92969005928884,40.247420261507386,40.61129748699083,8824100.0
2006-01-10,False,daily,62.52,63.1,62.5,63.1,6656700.0,40.62429310218667,41.00116594286594,40.61129748699083,41.00116594286594,6656700.0
2006-01-09,False,daily,62.52,63.01,62.43,62.99,7103700.0,40.62429310218667,40.94268567448467,40.565812833805396,40.92969005928884,7103700.0
2006-01-06,False,daily,62.36,62.74,62.14,62.6,5919200.0,40.52032818061997,40.76724486934087,40.37737641346576,40.67627556297001,5919200.0
2006-01-05,False,daily,62.57,62.95,62.1,62.32,9852600.0,40.656782140176254,40.90369882889716,40.351385183074086,40.494336950228295,9852600.0
2006-01-04,False,daily,61.93,62.64,61.76,62.58,9068100.0,40.24092245390947,40.70226679336169,40.13045972474485,40.66327994777417,9068100.0
2006-01-03,False,daily,61.07,61.85,61.05,61.63,10703100.0,39.682111000488476,40.18893999312613,39.669115385292635,40.04598822597192,10703100.0
2007-12-31,False,daily,67.29,67.33,66.55,66.7,8515064.0,45.897189198069945,45.924472413524285,45.39244971216458,45.49476177011837,8515064.0
2007-12-28,False,daily,67.75,67.93,67.03,67.38,5279141.0,46.210946175794895,46.33372064533945,45.71984829761671,45.958576432842214,5279141.0
2007-12-27,False,daily,67.1,67.98,67.01,67.33,7625140.0,45.7675939246618,46.36782466465738,45.70620668988954,45.924472413524285,7625140.0
2007-12-26,False,daily,67.98,67.99,67.362,67.56,6399735.0,46.36782466465738,46.37464546852095,45.94629898588776,46.08135090238677,6399735.0
2007-12-24,False,daily,67.61,68.3,67.59,67.87,2771956.0,46.11545492170469,46.58609038829212,46.10181331397752,46.29279582215793,2771956.0
2007-12-21,False,daily,67.35,68.19,67.35,68.03,19748737.0,45.93811402125145,46.51106154579268,45.93811402125145,46.40192868397531,19748737.0
2007-12-20,False,daily,67.68,67.68,67.23,67.33,11029385.0,46.1632005487498,46.1632005487498,45.856264374888426,45.924472413524285,11029385.0
2007-12-19,False,daily,67.59,67.75,67.21,67.32,8857932.0,46.10181331397752,46.210946175794895,45.84262276716125,45.917651609660695,8857932.0
2007-12-18,False,daily,67.9,67.9,67.18,67.71,12275399.0,46.31325823374869,46.31325823374869,45.8221603555705,46.18366296034055,12275399.0
2007-12-17,False,daily,67.43,67.76,67.21,67.55,12357638.0,45.99268045216015,46.217766979658485,45.84262276716125,46.07453009852318,12357638.0
2007-12-14,False,daily,67.58,67.93,67.39,67.59,9492069.0,46.09499251011393,46.33372064533945,45.965397236705805,46.10181331397752,9492069.0
2007-12-13,False,daily,67.5,68.0,67.42,67.87,7775807.0,46.04042607920525,46.38146627238454,45.98585964829656,46.29279582215793,7775807.0
2007-12-12,False,daily,68.0,68.4,67.02,67.7,19270623.0,46.38146627238454,46.65429842692799,45.71302749375312,46.176842156476965,19270623.0
2007-12-11,False,daily,67.79,67.97,67.48,67.55,10231480.0,46.23822939124924,46.36100386079379,46.02678447147808,46.07453009852318,10231480.0
2007-12-10,False,daily,67.73,68.0,67.45,67.79,8315004.0,46.19730456806773,46.38146627238454,46.00632205988732,46.23822939124924,8315004.0
2007-12-07,False,daily,68.19,68.37,67.75,68.3,7605213.0,46.51106154579268,46.63383601533723,46.210946175794895,46.58609038829212,7605213.0
2007-12-06,False,daily,68.19,68.37,67.75,68.3,7605213.0,46.51106154579268,46.63383601533723,46.210946175794895,46.58609038829212,7605213.0
2007-12-05,False,daily,67.45,68.25,67.45,68.21,9753389.0,46.00632205988732,46.55198636897419,46.00632205988732,46.524703153519845,9753389.0
2007-12-04,False,daily,67.44,68.21,67.4,67.94,8107361.0,45.99950125602373,46.524703153519845,45.97221804056939,46.34054144920303,8107361.0
2007-12-03,False,daily,67.62,68.08,67.3,67.71,9768056.0,46.12227572556828,46.43603270329323,45.90401000193353,46.18366296034055,9768056.0
2007-11-30,False,daily,68.54,68.75,67.2,67.74,16655332.0,46.74978968101819,46.893026562153494,45.83580196329767,46.204125371931305,16655332.0
2007-11-29,False,daily,67.73,68.66,67.56,68.4,11037227.0,46.19730456806773,46.83163932738122,46.08135090238677,46.65429842692799,11037227.0
2007-11-28,False,daily,67.84,68.48,67.06,68.35,15187304.0,46.27233341056717,46.70886485783667,45.74031070920746,46.62019440761005,15187304.0
2007-11-27,False,daily,67.58,67.88,67.23,67.73,15182904.0,46.09499251011393,46.29961662602151,45.856264374888426,46.19730456806773,15182904.0
2007-11-26,False,daily,66.75,68.08,66.39,67.37,15976281.0,45.5288657894363,46.43603270329323,45.283316850347205,45.95175562897863,15976281.0
2007-11-23,False,daily,67.4,67.4,66.17,66.88,5964650.0,45.97221804056939,45.97221804056939,45.13325916534831,45.61753623966291,5964650.0
2007-11-22,False,daily,67.0,67.65,66.94,67.14,14971768.0,45.416912768023266,45.857524608310065,45.37624090584295,45.51181377977734,14971768.0
2007-11-21,False,daily,67.0,67.65,66.94,67.14,14971768.0,45.416912768023266,45.857524608310065,45.37624090584295,45.51181377977734,14971768.0
2007-11-20,False,daily,67.83,67.95,67.2,67.64,14723693.0,45.97954019485102,46.060883919211655,45.55248564195767,45.85074596461334,14723693.0
2007-11-19,False,daily,68.38,68.01,67.44,67.59,19230859.0,46.35236559817061,46.10155578139198,45.71517309067894,45.81685274612974,19230859.0
2007-11-16,False,daily,67.2,67.78,66.58,67.75,15135600.0,45.55248564195767,45.94564697636742,45.13220973276103,45.925311045277255,15135600.0
2007-11-15,False,daily,66.76,67.3,66.54,66.88,11491772.0,45.254225319301995,45.62027207892486,45.105095157974155,45.33556904366262,11491772.0
2007-11-14,False,daily,67.2,67.3,66.75,66.89,12130670.0,45.55248564195767,45.62027207892486,45.24744667560527,45.34234768735935,12130670.0
2007-11-13,False,daily,66.73,67.35,66.53,67.31,16423306.0,45.23388938821183,45.65416529740846,45.09831651427743,45.62705072262158,16423306.0
2007-11-12,False,daily,65.46,66.95,64.98,66.31,17583394.0,44.3730016387284,45.38301954953967,44.04762674128585,44.949186352949596,17583394.0
2007-11-09,False,daily,65.43,65.75,63.85,65.16,16168588.0,44.352665707638245,44.56958230593328,43.281640003556504,44.16964232782681,16168588.0
2007-11-08,False,daily,63.53,64.89,63.95,64.59,16433302.0,43.06472340526147,43.98661894801537,43.3494264405237,43.78325963711377,16433302.0
2007-11-07,False,daily,64.1,64.53,63.73,63.91,10752445.0,43.451106095974495,43.742587774933455,43.20029627919586,43.322311865736815,10752445.0
2007-11-06,False,daily,64.49,64.89,64.15,64.61,7820075.0,43.71547320014657,43.98661894801537,43.4849993144581,43.79681692450721,7820075.0
2007-11-05,False,daily,64.01,64.86,64.01,64.49,10140206.0,43.390098302704025,43.96628301692521,43.390098302704025,43.71547320014657,10140206.0
2007-11-02,False,daily,64.73,65.0,64.36,64.78,9896700.0,43.878160648867855,44.061184028679286,43.62735083208921,43.91205386735145,9896700.0
2007-11-01,False,daily,64.8,65.38,64.52,64.66,11156800.0,43.925611154744885,44.31877248915464,43.73580913123673,43.83071014299081,11156800.0
2007-10-31,False,daily,64.83,65.25,64.6,65.17,10549900.0,43.94594708583505,44.230650121097284,43.790038280810485,44.17642097152353,10549900.0
2007-10-30,False,daily,64.8,65.27,64.75,64.82,7699400.0,43.925611154744885,44.24420740849072,43.89171793626129,43.939168442138325,7699400.0
2007-10-29,False,daily,64.45,65.46,64.3,64.98,12797700.0,43.6883586253597,44.3730016387284,43.586678969908895,44.04762674128585,12797700.0
2007-10-26,False,daily,64.18,64.6,63.82,64.3,9531300.0,43.50533524554826,43.790038280810485,43.26130407246634,43.586678969908895,9531300.0
2007-10-25,False,daily,64.42,64.45,63.73,63.95,10605500.0,43.66802269426954,43.6883586253597,43.20029627919586,43.3494264405237,10605500.0
2007-10-24,False,daily,64.33,64.52,63.73,64.44,11114251.0,43.607014900999054,43.73580913123673,43.20029627919586,43.68157998166297,11114251.0
2007-10-23,False,daily,64.4,64.6,63.96,64.55,7729820.0,43.6544654068761,43.790038280810485,43.35620508422042,43.756145062326894,7729820.0
2007-10-22,False,daily,64.15,64.39,63.55,64.34,11153787.0,43.4849993144581,43.64768676317937,43.0782806926549,43.613793544695774,11153787.0
2007-10-19,False,daily,64.58,65.0,64.16,64.23,15297000.0,43.77648099341705,44.061184028679286,43.49177795815481,43.53922846403186,15297000.0
2007-10-18,False,daily,64.8,65.32,64.69,64.9,13529404.0,43.925611154744885,44.27810062697432,43.85104607408097,43.993397591712096,13529404.0
2007-10-17,False,daily,65.07,65.58,64.72,64.85,10198300.0,44.10863453455632,44.45434536308904,43.87138200517113,43.959504373228484,10198300.0
2007-10-16,False,daily,66.5,66.0,64.61,65.07,13882800.0,45.07798058318727,44.73904839835128,43.79681692450721,44.10863453455632,13882800.0
2007-10-15,False,daily,65.98,66.16,65.41,65.65,9198050.0,44.72549111095784,44.847506697498794,44.3391084202448,44.501795868966084,9198050.0
2007-10-12,False,daily,66.17,66.24,65.81,65.94,7025773.0,44.854285341195514,44.90173584707255,44.6102541681136,44.698376536170954,7025773.0
2007-10-11,False,daily,66.0,66.23,65.83,65.95,10369150.0,44.73904839835128,44.89495720337584,44.62381145550704,44.70515517986768,10369150.0
2007-10-10,False,daily,66.3,66.3,65.67,65.83,8523888.0,44.94240770925287,44.94240770925287,44.515353156359524,44.62381145550704,8523888.0
2007-10-09,False,daily,66.5,66.27,65.94,66.25,7639500.0,45.07798058318727,44.92207177816271,44.698376536170954,44.90851449076927,7639500.0
2007-10-08,False,daily,66.25,66.38,65.95,66.02,5678900.0,44.90851449076927,44.996636858826626,44.70515517986768,44.75260568574471,5678900.0
2007-10-05,False,daily,66.3,66.4,66.2,66.25,9407350.0,44.94240770925287,45.01019414622007,44.87462127228568,44.90851449076927,9407350.0
2007-10-04,False,daily,66.1,66.35,66.0,66.11,8741800.0,44.80683483531847,44.97630092773647,44.73904839835128,44.813613479015196,8741800.0
2007-10-03,False,daily,66.05,66.8,65.82,66.1,9377900.0,44.77294161683488,45.281339894088866,44.61703281181031,44.80683483531847,9377900.0
2007-10-02,False,daily,66.16,66.34,65.88,66.05,9839800.0,44.847506697498794,44.969522284039755,44.65770467399064,44.77294161683488,9839800.0
2007-10-01,False,daily,65.66,66.2,65.66,66.14,12568800.0,44.5085745126628,44.87462127228568,44.5085745126628,44.833949410105355,12568800.0
2007-09-28,False,daily,65.55,65.75,65.34,65.7,8858000.0,44.43400943199888,44.56958230593328,44.29165791436777,44.53568908744968,8858000.0
2007-09-27,False,daily,65.65,65.75,65.35,65.54,9074100.0,44.501795868966084,44.56958230593328,44.29843655806448,44.42723078830217,9074100.0
2007-09-26,False,daily,65.02,65.6342,64.86,65.39,12518700.0,44.074741316072725,44.49108561192527,43.96628301692521,44.325551132851366,12518700.0
2007-09-25,False,daily,64.99,65.34,64.75,64.97,10084865.0,44.054405384982566,44.29165791436777,43.89171793626129,44.04084809758913,10084865.0
2007-09-24,False,daily,65.12,65.55,64.75,65.2,12256700.0,44.14252775303993,44.43400943199888,43.89171793626129,44.196756902613686,12256700.0
2007-09-21,False,daily,64.85,65.56,64.79,65.12,17638200.0,43.959504373228484,44.4407880756956,43.91883251104817,44.14252775303993,17638200.0
2007-09-20,False,daily,64.5,65.0,64.18,64.79,12079500.0,43.722251843843296,44.061184028679286,43.50533524554826,43.91883251104817,12079500.0
2007-09-19,False,daily,63.71,64.775,63.65,64.49,17955977.0,43.18673899180242,43.90866454550309,43.146067129622104,43.71547320014657,17955977.0
2007-09-18,False,daily,62.97,63.95,62.94,63.83,12657450.0,42.685119358245146,43.3494264405237,42.66478342715499,43.26808271616306,12657450.0
2007-09-17,False,daily,63.02,63.33,62.7,62.94,11085700.0,42.71901257672875,42.92915053132707,42.502095978433715,42.66478342715499,11085700.0
2007-09-14,False,daily,63.11,63.32,62.87,63.2,9369363.0,42.78002036999923,42.92237188763035,42.61733292127795,42.84102816326971,9369363.0
2007-09-13,False,daily,62.69,63.27,62.57,63.11,13499000.0,42.49531733473699,42.88847866914675,42.41397361037635,42.78002036999923,13499000.0
2007-09-12,False,daily,62.43,62.67,61.95,62.51,11638787.0,42.31907259862228,42.481760047343556,41.99369770117972,42.373301748196035,11638787.0
2007-09-11,False,daily,61.84,62.14,61.72,62.05,9947109.0,41.9191326205158,42.1224919314174,41.83778889615516,42.061484138146916,9947109.0
2007-09-10,False,daily,61.85,61.98,61.57,61.84,10180500.0,41.92591126421252,42.01403363226988,41.736109240704366,41.9191326205158,10180500.0
2007-09-07,False,daily,61.66,62.03,61.26,61.68,13552947.0,41.79711703397484,42.047926850753484,41.52597128610605,41.81067432136828,13552947.0
2007-09-06,False,daily,61.7,61.9,61.61,61.66,7724524.0,41.82423160876173,41.95980448269612,41.763223815491244,41.79711703397484,7724524.0
2007-09-05,False,daily,61.94,61.97,61.45,61.65,11283800.0,41.986919057483,42.00725498857316,41.65476551634373,41.79033839027812,11283800.0
2007-09-04,False,daily,61.79,62.05,61.6,61.98,9167600.0,41.885239402032205,42.061484138146916,41.756445171794525,42.01403363226988,9167600.0
2007-08-31,False,daily,61.9,62.07,61.65,61.79,13365300.0,41.95980448269612,42.07504142554036,41.79033839027812,41.885239402032205,13365300.0
2007-08-30,False,daily,61.35,61.91,61.35,61.6,8354000.0,41.586979079376526,41.96658312639284,41.586979079376526,41.756445171794525,8354000.0
2007-08-29,False,daily,61.35,61.99,61.26,61.86,10176700.0,41.586979079376526,42.020812275966605,41.52597128610605,41.93268990790924,10176700.0
2007-08-28,False,daily,61.6,61.68,61.23,61.25,14789600.0,41.756445171794525,41.81067432136828,41.50563535501589,41.51919264240933,14789600.0
2007-08-27,False,daily,61.66,61.85,61.51,61.6,10458761.0,41.79711703397484,41.92591126421252,41.69543737852405,41.756445171794525,10458761.0
2007-08-24,False,daily,61.76,61.98,61.35,61.88,9166300.0,41.86490347094204,42.01403363226988,41.586979079376526,41.94624719530268,9166300.0
2007-08-23,False,daily,62.18,62.37,61.97,62.11,8809400.0,41.86797574304095,41.995909409672954,41.72657537465822,41.820842286913376,8809400.0
2007-08-22,False,daily,61.65,62.1,61.62,62.01,12141600.0,41.51110814664643,41.81410893603801,41.49090809402032,41.75350877815969,12141600.0
2007-08-21,False,daily,61.5,61.91,61.5,61.67,12477700.0,41.4101078835159,41.686175269406,41.4101078835159,41.524574848397165,12477700.0
2007-08-20,False,daily,61.84,62.1,61.54,61.83,12981800.0,41.63904181327843,41.81410893603801,41.43704128701737,41.63230846240306,12981800.0
2007-08-17,False,daily,62.0,62.98,61.35,62.02,18327900.0,41.74677542728432,42.406643813070424,41.309107620385376,41.76024212903506,18327900.0
2007-08-16,False,daily,60.55,61.93,60.73,61.63,24002000.0,40.770439550355896,41.699641971156744,40.89163986611253,41.49764144489569,24002000.0
2007-08-15,False,daily,61.13,61.75,60.78,61.3,13757504.0,41.16097390112727,41.57844165540011,40.92530662048937,41.27544086600853,13757504.0
2007-08-14,False,daily,61.45,61.94,61.11,61.13,18623200.0,41.37644112913906,41.70637532203211,41.14750719937653,41.16097390112727,18623200.0
2007-08-13,False,daily,61.15,61.87,61.13,61.45,11132700.0,41.174440602878,41.659241865904534,41.16097390112727,41.37644112913906,11132700.0
2007-08-10,False,daily,60.8,61.42,60.5,61.15,15651600.0,40.93877332224011,41.35624107651295,40.73677279597906,41.174440602878,15651600.0
2007-08-09,False,daily,61.99,62.6,60.83,60.83,20823700.0,41.740042076408955,42.15077647980643,40.95897337486621,40.95897337486621,20823700.0
2007-08-08,False,daily,62.08,62.49,61.2,62.49,15477600.0,41.80064223428727,42.076709620177375,41.208107357254846,42.076709620177375,15477600.0
2007-08-07,False,daily,61.75,62.4,61.55,62.08,18086400.0,41.57844165540011,42.016109462299056,41.44377463789274,41.80064223428727,18086400.0
2007-08-06,False,daily,60.7,62.36,60.31,62.3,14768100.0,40.871439813486425,41.98917605879758,40.60883912934706,41.94877595354537,14768100.0
2007-08-03,False,daily,61.03,61.5,60.41,60.55,12985233.0,41.09364039237359,41.4101078835159,40.67617263810074,40.770439550355896,12985233.0
2007-08-02,False,daily,60.8,61.48,60.75,61.03,17101800.0,40.93877332224011,41.39664118176516,40.905106567863264,41.09364039237359,17101800.0
2007-08-01,False,daily,60.35,61.4,60.45,60.96,17638776.0,40.63577253284853,41.342774374762215,40.70310604160222,41.046506936246004,17638776.0
2007-07-31,False,daily,60.75,61.78,60.5,60.5,21874700.0,40.905106567863264,41.598641708026214,40.73677279597906,40.73677279597906,21874700.0
2007-07-30,False,daily,59.78,60.44,59.77,60.07,13605400.0,40.25197153295253,40.69637269072685,40.24523818207716,40.44723870833821,13605400.0
2007-07-27,False,daily,60.96,61.14,59.72,59.77,23503537.0,41.046506936246004,41.167707252002636,40.211571427700314,40.24523818207716,23503537.0
2007-07-26,False,daily,61.09,61.52,60.75,60.96,23443859.0,41.1340404976258,41.423574585266635,40.905106567863264,41.046506936246004,23443859.0
2007-07-25,False,daily,61.7,61.99,61.188,61.53,10622400.0,41.544774901023274,41.740042076408955,41.20002733620441,41.43030793614201,10622400.0
2007-07-24,False,daily,61.57,62.13,61.42,61.47,10754800.0,41.45724133964348,41.83430898866411,41.35624107651295,41.3899078308898,10754800.0
2007-07-23,False,daily,61.89,62.33,61.85,62.0,9443800.0,41.67270856765527,41.96897600617148,41.6457751641538,41.74677542728432,9443800.0
2007-07-20,False,daily,62.39,62.5,61.72,61.79,13773900.0,42.00937611142369,42.08344297105275,41.558241602774004,41.605375058901586,13773900.0
2007-07-19,False,daily,62.0,62.7,62.06,62.39,12654100.0,41.74677542728432,42.218109988560116,41.78717553253654,42.00937611142369,12654100.0
2007-07-18,False,daily,62.5,62.9,62.02,62.2,16892825.0,42.08344297105275,42.352777006067484,41.76024212903506,41.881442444791695,16892825.0
2007-07-17,False,daily,64.0,63.52,62.28,62.74,27569020.0,43.09344560235801,42.770244760340326,41.93530925179464,42.24504339206159,27569020.0
2007-07-16,False,daily,63.4,63.88,63.28,63.8,13370123.0,42.689444549835905,43.01264539185359,42.608644339331484,42.95877858485064,13370123.0
2007-07-13,False,daily,63.47,63.6,63.01,63.43,8999802.0,42.73657800596348,42.82411156734327,42.42684386569653,42.709644602462006,8999802.0
2007-07-12,False,daily,62.94,63.41,62.62,63.36,11042343.0,42.37971040956895,42.69617790071127,42.16424318155716,42.66251114633443,11042343.0
2007-07-11,False,daily,62.62,62.99,62.15,62.86,11145903.0,42.16424318155716,42.413377163945796,41.84777569041485,42.32584360256601,11145903.0
2007-07-10,False,daily,62.72,62.85,62.12,62.2,14338653.0,42.231576690310845,42.31911025169064,41.82757563778874,41.881442444791695,14338653.0
2007-07-09,False,daily,62.36,63.33,61.99,62.72,18794403.0,41.98917605879758,42.64231109370832,41.740042076408955,42.231576690310845,18794403.0
2007-07-06,False,daily,62.28,62.4,62.0,62.13,7558898.0,41.93530925179464,42.016109462299056,41.74677542728432,41.83430898866411,7558898.0
2007-07-05,False,daily,62.1,62.42,61.87,62.28,8300092.0,41.81410893603801,42.0295761640498,41.659241865904534,41.93530925179464,8300092.0
2007-07-03,False,daily,61.91,62.28,61.88,61.95,4716439.0,41.686175269406,41.93530925179464,41.665975216779906,41.71310867290748,4716439.0
2007-07-02,False,daily,61.94,62.0,61.38,61.85,8105026.0,41.70637532203211,41.74677542728432,41.32930767301148,41.6457751641538,8105026.0
2007-06-29,False,daily,61.58,61.94,61.21,61.62,12025791.0,41.463974690518846,41.70637532203211,41.21484070813022,41.49090809402032,12025791.0
2007-06-28,False,daily,61.25,61.84,61.2,61.5,9515792.0,41.24177411163169,41.63904181327843,41.208107357254846,41.4101078835159,9515792.0
2007-06-27,False,daily,61.15,61.53,61.07,61.45,14158216.0,41.174440602878,41.43030793614201,41.12057379587506,41.37644112913906,14158216.0
2007-06-26,False,daily,61.11,61.96,61.32,61.65,13908392.0,41.14750719937653,41.719842023782846,41.28890756775927,41.51110814664643,13908392.0
2007-06-25,False,daily,61.0,61.51,60.97,61.11,12967700.0,41.07344033974748,41.41684123439126,41.05324028712137,41.14750719937653,12967700.0
2007-06-22,False,daily,62.11,61.98,60.73,60.73,22063856.0,41.820842286913376,41.73330872553358,40.89163986611253,40.89163986611253,22063856.0
2007-06-21,False,daily,62.0,62.34,61.79,62.11,10370659.0,41.74677542728432,41.97570935704685,41.605375058901586,41.820842286913376,10370659.0
2007-06-20,False,daily,62.42,62.84,61.99,62.04,11430474.0,42.0295761640498,42.31237690081527,41.740042076408955,41.77370883078579,11430474.0
2007-06-19,False,daily,62.33,62.67,62.2,62.42,11403145.0,41.96897600617148,42.19790993593401,41.881442444791695,42.0295761640498,11403145.0
2007-06-18,False,daily,62.85,62.9,62.23,62.33,8511087.0,42.31911025169064,42.352777006067484,41.9016424974178,41.96897600617148,8511087.0
2007-06-15,False,daily,62.59,63.12,62.57,62.77,16817023.0,42.14404312893106,42.50091072532558,42.13057642718032,42.26524344468769,16817023.0
2007-06-14,False,daily,62.28,62.61,62.18,62.45,9093373.0,41.93530925179464,42.157509830681796,41.86797574304095,42.0497762166759,9093373.0
2007-06-13,False,daily,61.86,62.26,61.32,62.18,14816600.0,41.65250851502916,41.9218425500439,41.28890756775927,41.86797574304095,14816600.0
2007-06-12,False,daily,62.25,62.41,61.76,61.83,11921464.0,41.91510919916853,42.02284281317443,41.58517500627548,41.63230846240306,11921464.0
2007-06-11,False,daily,62.13,62.89,62.15,62.27,9092196.0,41.83430898866411,42.34604365519211,41.84777569041485,41.92857590091927,9092196.0
2007-06-08,False,daily,61.9,62.35,61.46,62.13,13943784.0,41.679441918530635,41.98244270792222,41.383174480014425,41.83430898866411,13943784.0
2007-06-07,False,daily,62.9,62.9,61.99,62.0,14247800.0,42.352777006067484,42.352777006067484,41.740042076408955,41.74677542728432,14247800.0
2007-06-06,False,daily,63.31,63.43,62.55,62.9,11539619.0,42.628844391957585,42.709644602462006,42.117109725429586,42.352777006067484,11539619.0
2007-06-05,False,daily,63.4,63.55,63.02,63.31,11412712.0,42.689444549835905,42.79044481296643,42.433577216571905,42.628844391957585,11412712.0
2007-06-04,False,daily,63.05,63.67,63.01,63.6,10090375.0,42.45377726919801,42.871245023470856,42.42684386569653,42.82411156734327,10090375.0
2007-06-01,False,daily,63.27,63.77,63.02,63.41,10838778.0,42.60191098845612,42.93857853222454,42.433577216571905,42.69617790071127,10838778.0
2007-05-31,False,daily,63.22,63.55,62.97,63.27,12162300.0,42.56824423407927,42.79044481296643,42.39991046219506,42.60191098845612,12162300.0
2007-05-30,False,daily,63.05,63.36,62.76,63.22,10866580.0,42.45377726919801,42.66251114633443,42.25851009381232,42.56824423407927,10866580.0
2007-05-29,False,daily,63.2,63.36,62.79,63.05,10059446.0,42.554777532328536,42.66251114633443,42.27871014643843,42.45377726919801,10059446.0
2007-05-25,False,daily,63.56,63.58,63.09,63.19,8492984.0,42.7971781638418,42.810644865592536,42.48071067269949,42.548044181453164,8492984.0
2007-05-24,False,daily,63.68,64.08,63.46,63.48,11036302.0,42.87797837434622,43.14731240936096,42.729844655088115,42.74331135683885,11036302.0
2007-05-23,False,daily,63.77,64.1,63.64,63.81,9822246.0,42.65931963721008,42.88007509401233,42.57235536634859,42.68607787439824,9822246.0
2007-05-22,False,daily,63.7,63.88,63.3,63.58,8901909.0,42.61249272213082,42.7329047894775,42.3449103502493,42.53221801056636,8901909.0
2007-05-21,False,daily,63.99,64.03,63.38,63.52,10855682.0,42.806489941744914,42.83324817893307,42.39842682462561,42.49208065478414,10855682.0
2007-05-18,False,daily,62.77,63.63,62.8,63.42,13378690.0,41.990363707506305,42.56566580705155,42.010432385397415,42.42518506181376,13378690.0
2007-05-17,False,daily,63.06,63.1,62.53,62.74,13160020.0,42.1843609271204,42.21111916430855,41.82981428437739,41.97029502961519,13160020.0
2007-05-16,False,daily,62.45,63.37,62.41,63.05,17215383.0,41.77629781000109,42.391737265328565,41.749539572812935,42.17767136782336,17215383.0
2007-05-15,False,daily,62.27,62.4,61.66,61.82,21867846.0,41.65588574265441,41.7428500135159,41.2478226255351,41.35485557428771,21867846.0
2007-05-14,False,daily,63.03,63.46,62.56,62.61,16801674.0,42.164292249229284,42.45194329900191,41.84988296226851,41.883330758753694,16801674.0
2007-05-11,False,daily,62.5,63.03,61.65,62.27,23867427.0,41.80974560648628,42.164292249229284,41.24113306623806,41.65588574265441,23867427.0
2007-05-10,False,daily,64.01,64.01,62.47,62.5,23574390.0,42.819869060338995,42.819869060338995,41.78967692859516,41.80974560648628,23574390.0
2007-05-09,False,daily,63.7,64.29,63.31,64.11,13769600.0,42.61249272213082,43.00717672065605,42.351599909546344,42.88676465330936,13769600.0
2007-05-08,False,daily,63.94,64.09,63.5,63.7,10958419.0,42.77304214525972,42.8733855347153,42.47870153619006,42.61249272213082,10958419.0
2007-05-07,False,daily,63.6,64.33,63.59,64.26,10865328.0,42.54559712916044,43.033934957844195,42.538907569863404,42.98710804276494,10865328.0
2007-05-04,False,daily,64.56,64.79,64.16,64.48,6489250.0,43.18779482167607,43.34165468550794,42.920212449794555,43.13427834729977,6489250.0
2007-05-03,False,daily,64.48,64.8,64.14,64.32,9019223.0,43.13427834729977,43.34834424480497,42.90683333120048,43.02724539854716,9019223.0
2007-05-02,False,daily,64.01,64.8,64.0,64.48,8171666.0,42.819869060338995,43.34834424480497,42.81317950104195,43.13427834729977,8171666.0
2007-05-01,False,daily,64.53,64.94,64.26,64.56,10040340.0,43.167726143784954,43.4419980749635,42.98710804276494,43.18779482167607,10040340.0
2007-04-30,False,daily,64.17,64.37,63.75,64.22,13917873.0,42.92690200909159,43.06069319503235,42.64594051861601,42.96034980557678,13917873.0
2007-04-27,False,daily,64.24,64.53,63.85,64.17,9817509.0,42.97372892417086,43.167726143784954,42.712836111586384,42.92690200909159,9817509.0
2007-04-26,False,daily,64.49,64.7,64.15,64.24,10533041.0,43.1409679065968,43.2814486518346,42.913522890497525,42.97372892417086,10533041.0
2007-04-25,False,daily,64.75,65.12,64.5,64.68,12907874.0,43.314896448319786,43.562410142310185,43.14765746589384,43.26806953324053,12907874.0
2007-04-24,False,daily,64.73,65.15,64.36,64.49,10369074.0,43.30151732972571,43.5824788202013,43.05400363573531,43.1409679065968,10369074.0
2007-04-23,False,daily,65.12,65.12,64.68,64.75,10862303.0,43.562410142310185,43.562410142310185,43.26806953324053,43.314896448319786,10862303.0
2007-04-20,False,daily,65.45,65.45,64.87,65.12,15794598.0,43.783165599112436,43.783165599112436,43.39517115988424,43.562410142310185,15794598.0
2007-04-19,False,daily,64.43,65.03,64.3,64.94,12534289.0,43.10083055081458,43.502204108636846,43.013866279953085,43.4419980749635,12534289.0
2007-04-18,False,daily,64.55,64.77,64.15,64.43,11756974.0,43.18110526237903,43.32827556691386,42.913522890497525,43.10083055081458,11756974.0
2007-04-17,False,daily,63.02,65.4,64.43,64.55,29072832.0,42.15760268993225,43.749717802627245,43.10083055081458,43.18110526237903,29072832.0
2007-04-16,False,daily,62.49,63.02,62.41,63.02,13396773.0,41.803056047189244,42.15760268993225,41.749539572812935,42.15760268993225,13396773.0
2007-04-13,False,daily,61.92,62.38,61.89,62.35,14546116.0,41.42175116725809,41.729470894921825,41.401682489366976,41.709402217030714,14546116.0
2007-04-12,False,daily,61.55,61.95,61.5,61.92,9352794.0,41.17423747326769,41.441819845149205,41.1407896767825,41.42175116725809,9352794.0
2007-04-11,False,daily,61.52,62.29,61.5,61.89,14770530.0,41.15416879537658,41.669264861248486,41.1407896767825,41.401682489366976,14770530.0
2007-04-10,False,daily,61.54,61.87,61.46,61.67,9137522.0,41.16754791397065,41.388303370772896,41.11403143959435,41.254512184832144,9137522.0
2007-04-09,False,daily,61.6,61.75,61.37,61.63,5829622.0,41.20768526975288,41.308028659208446,41.053825405921,41.22775394764399,5829622.0
2007-04-05,False,daily,61.34,61.9,61.23,61.55,9694862.0,41.0337567280299,41.40837204866401,40.96017157576248,41.17423747326769,9694862.0
2007-04-04,False,daily,61.29,61.35,60.55,61.29,12996550.0,41.00030893154471,41.04044628732694,40.5052815435639,41.00030893154471,12996550.0
2007-04-03,False,daily,60.55,60.87,60.25,60.64,12062283.0,40.5052815435639,40.71934744106912,40.30459476465278,40.56548757723725,12062283.0
2007-04-02,False,daily,60.26,60.4,60.03,60.1,9734125.0,40.31128432394981,40.40493815410834,40.157424460117944,40.20425137519721,9734125.0
2007-03-30,False,daily,60.43,60.45,59.95,60.26,13275040.0,40.425006831999454,40.438385950593535,40.10390798574164,40.31128432394981,13275040.0
2007-03-29,False,daily,60.38,60.48,60.02,60.34,16849846.0,40.39155903551427,40.45845462848464,40.15073490082091,40.364800798326115,16849846.0
2007-03-28,False,daily,60.03,60.4,59.87,60.0,16112364.0,40.157424460117944,40.40493815410834,40.05039151136533,40.13735578222683,16112364.0
2007-03-27,False,daily,60.1,60.21,59.98,60.03,12692375.0,40.20425137519721,40.27783652746462,40.12397666363275,40.157424460117944,12692375.0
2007-03-26,False,daily,60.51,60.8,59.87,60.25,17387414.0,40.478523306375756,40.67252052598985,40.05039151136533,40.30459476465278,17387414.0
2007-03-23,False,daily,60.86,61.25,60.35,60.51,17677956.0,40.71265788177208,40.973550694356554,40.37149035762315,40.478523306375756,17677956.0
2007-03-22,False,daily,61.22,61.48,60.79,60.86,13321587.0,40.95348201646544,41.12741055818842,40.665830966692816,40.71265788177208,13321587.0
2007-03-21,False,daily,61.07,61.32,60.48,61.22,16304980.0,40.853138627009876,41.02037760943582,40.45845462848464,40.95348201646544,16304980.0
2007-03-20,False,daily,60.66,61.34,60.65,61.07,9903850.0,40.57886669583132,41.0337567280299,40.572177136534286,40.853138627009876,9903850.0
2007-03-19,False,daily,60.51,60.8,60.37,60.73,10425360.0,40.478523306375756,40.67252052598985,40.384869476217226,40.62569361091059,10425360.0
2007-03-16,False,daily,60.53,60.88,60.25,60.51,15556300.0,40.49190242496984,40.726037000366155,40.30459476465278,40.478523306375756,15556300.0
2007-03-15,False,daily,60.7,60.81,60.35,60.53,10110146.0,40.60562493301948,40.67921008528689,40.37149035762315,40.49190242496984,10110146.0
2007-03-14,False,daily,60.77,61.15,60.11,60.71,16218104.0,40.65245184809874,40.90665510138618,40.210940934494246,40.612314492316514,16218104.0
2007-03-13,False,daily,61.79,61.73,60.61,60.77,17202700.0,41.334786896396594,41.294649540614365,40.54541889934613,40.65245184809874,17202700.0
2007-03-12,False,daily,62.25,62.35,61.41,61.79,13310600.0,41.64250662406034,41.709402217030714,41.08058364310916,41.334786896396594,13310600.0
2007-03-09,False,daily,62.18,62.31,61.94,62.14,10011500.0,41.59567970898107,41.68264397984257,41.43513028585216,41.56892147179292,10011500.0
2007-03-08,False,daily,62.0,62.25,61.65,61.72,14670700.0,41.47526764163439,41.64250662406034,41.24113306623806,41.28795998131733,14670700.0
2007-03-07,False,daily,61.65,62.53,61.59,61.86,14139800.0,41.24113306623806,41.82981428437739,41.20099571045584,41.38161381147586,14139800.0
2007-03-06,False,daily,61.83,62.22,61.37,61.7,19244550.0,41.36154513358475,41.62243794616922,41.053825405921,41.274580862723255,19244550.0
2007-03-05,False,daily,61.95,62.35,61.45,61.83,16051400.0,41.441819845149205,41.709402217030714,41.10734188029731,41.36154513358475,16051400.0
2007-03-02,False,daily,62.45,62.45,61.73,61.95,13773000.0,41.77629781000109,41.77629781000109,41.294649540614365,41.441819845149205,13773000.0
2007-03-01,False,daily,62.35,62.93,61.75,62.45,14580139.0,41.709402217030714,42.09739665625891,41.308028659208446,41.77629781000109,14580139.0
2007-02-28,False,daily,63.05,63.72,62.82,62.93,16705700.0,42.17767136782336,42.62587184072489,42.02381150399149,42.09739665625891,16705700.0
2007-02-27,False,daily,64.3,64.24,62.72,63.05,18720600.0,43.013866279953085,42.97372892417086,41.95691591102111,42.17767136782336,18720600.0
2007-02-26,False,daily,64.25,64.49,64.01,64.3,10483197.0,42.98041848346789,43.1409679065968,42.819869060338995,43.013866279953085,10483197.0
2007-02-23,False,daily,64.61,64.61,63.99,64.15,11436000.0,43.221242618161256,43.221242618161256,42.806489941744914,42.913522890497525,11436000.0
2007-02-22,False,daily,64.97,65.07,64.65,64.78,12931000.0,43.21047251030568,43.2769808564813,42.997645802543666,43.08410665257198,12931000.0
2007-02-21,False,daily,65.26,65.4,64.96,65.0,12036400.0,43.403346714215,43.49645839886088,43.20382167568811,43.230425014158364,12036400.0
2007-02-20,False,daily,65.4,65.83,65.26,65.46,9384300.0,43.49645839886088,43.78244428741608,43.403346714215,43.53636340656625,9384300.0
2007-02-16,False,daily,65.65,65.74,65.24,65.51,12927800.0,43.662729264299955,43.72258677585801,43.39004504497987,43.56961757965407,12927800.0
2007-02-15,False,daily,65.75,65.93,65.59,65.79,7350800.0,43.72923761047558,43.848952633591715,43.622824256594576,43.75584094894583,7350800.0
2007-02-14,False,daily,65.56,65.9,65.4,65.85,7255107.0,43.60287175274188,43.82900012973902,43.49645839886088,43.7957459566512,7255107.0
2007-02-13,False,daily,65.41,65.52,65.28,65.38,8583851.0,43.50310923347844,43.57626841427163,43.416648383450124,43.48315672962575,8583851.0
2007-02-12,False,daily,65.72,65.87,65.36,65.46,6067741.0,43.709285106622886,43.809047625886336,43.46985506039063,43.53636340656625,6067741.0
2007-02-09,False,daily,65.86,66.1,65.53,65.6,7107600.0,43.80239679126877,43.96201682209027,43.5829192488892,43.62947509121213,7107600.0
2007-02-08,False,daily,65.76,65.97,65.6,65.76,7340100.0,43.735888445093146,43.87555597206196,43.62947509121213,43.735888445093146,7340100.0
2007-02-07,False,daily,66.0,66.1,65.65,65.8,7795300.0,43.895508475914646,43.96201682209027,43.662729264299955,43.76249178356339,7795300.0
2007-02-06,False,daily,66.39,66.43,65.79,66.0,8180100.0,44.154891025999596,44.181494364469856,43.75584094894583,43.895508475914646,8180100.0
2007-02-05,False,daily,66.38,66.6,66.1,66.3,7526200.0,44.14824019138203,44.29455855296841,43.96201682209027,44.09503351444153,7526200.0
2007-02-02,False,daily,67.0,67.15,66.49,66.58,11317420.0,44.56059193767093,44.66035445693438,44.22139937217522,44.28125688373329,11317420.0
2007-02-01,False,daily,66.8,67.07,66.5,67.01,9232600.0,44.42757524531967,44.607147779993866,44.22805020679279,44.567242772288495,9232600.0
2007-01-31,False,daily,66.39,67.02,66.15,66.8,8173100.0,44.154891025999596,44.573893606906054,43.995270995178096,44.42757524531967,8173100.0
2007-01-30,False,daily,66.15,66.6,66.1,66.39,7172100.0,43.995270995178096,44.29455855296841,43.96201682209027,44.154891025999596,7172100.0
2007-01-29,False,daily,66.25,66.4,66.0,66.15,8152800.0,44.06177934135372,44.16154186061716,43.895508475914646,43.995270995178096,8152800.0
2007-01-26,False,daily,66.68,66.87,65.99,66.07,10773000.0,44.34776522990892,44.47413108764262,43.88885764129708,43.942064318237584,10773000.0
2007-01-25,False,daily,66.81,67.04,66.5,66.68,7727900.0,44.43422607993724,44.58719527614119,44.22805020679279,44.34776522990892,7727900.0
2007-01-24,False,daily,66.41,67.09,66.3,67.01,7665500.0,44.16819269523472,44.620449449229,44.09503351444153,44.567242772288495,7665500.0
2007-01-23,False,daily,66.99,67.24,66.13,66.5,9698800.0,44.55394110305336,44.720211968492436,43.98196932594296,44.22805020679279,9698800.0
2007-01-22,False,daily,68.0,68.11,67.17,67.18,10245900.0,45.22567539942721,45.2988345802204,44.6736561261695,44.680306960787064,10245900.0
2007-01-19,False,daily,68.0,68.22,67.53,67.76,13473300.0,45.22567539942721,45.37199376101359,44.91308617240176,45.06605536860571,13473300.0
2007-01-18,False,daily,67.22,67.99,66.3,67.71,10696500.0,44.70691029925731,45.219024564809644,44.09503351444153,45.032801195517884,10696500.0
2007-01-17,False,daily,66.6,67.38,66.42,66.87,9189900.0,44.29455855296841,44.81332365313831,44.17484352985229,44.47413108764262,9189900.0
2007-01-16,False,daily,66.65,66.75,66.3,66.54,7964700.0,44.32781272605624,44.39432107223186,44.09503351444153,44.25465354526305,7964700.0
2007-01-12,False,daily,66.45,66.8,66.3,66.64,6189400.0,44.194796033704975,44.42757524531967,44.09503351444153,44.32116189143867,6189400.0
2007-01-11,False,daily,66.4,66.84,66.28,66.73,6371600.0,44.16154186061716,44.454178583789925,44.081731845206406,44.381019402996735,6371600.0
2007-01-10,False,daily,66.56,66.56,66.07,66.15,6528800.0,44.267955214498166,44.267955214498166,43.942064318237584,43.995270995178096,6528800.0
2007-01-09,False,daily,66.6,66.85,66.13,66.26,7149500.0,44.29455855296841,44.460829418407485,43.98196932594296,44.06843017597129,7149500.0
2007-01-08,False,daily,66.51,66.75,66.05,66.51,6180400.0,44.234701041410354,44.39432107223186,43.92876264900246,44.234701041410354,6180400.0
2007-01-05,False,daily,66.8,67.25,66.5,66.62,8141100.0,44.42757524531967,44.72686280311,44.22805020679279,44.307860222203544,8141100.0
2007-01-04,False,daily,65.9,67.62,65.9,67.23,11311800.0,43.82900012973902,44.972943683959826,43.82900012973902,44.713561133874876,11311800.0
2007-01-03,False,daily,66.13,67.1,66.11,66.4,12845400.0,43.98196932594296,44.62710028384655,43.96866765670784,44.16154186061716,12845400.0
2008-12-31,False,daily,59.18,60.05,59.07,59.83,11920587.0,41.52770349247618,42.138198626617005,41.45051445252734,41.98382054671932,11920587.0
2008-12-30,False,daily,58.48,59.17,58.27,59.17,10881485.0,41.03650051098355,41.52068630702628,40.88913961653577,41.52068630702628,10881485.0
2008-12-29,False,daily,58.58,58.88,57.34,58.15,9860456.0,41.106672365482495,41.31718792897934,40.23654136969557,40.804933391137034,9860456.0
2008-12-26,False,daily,58.84,59.34,58.2,58.56,4249009.0,41.289119187179764,41.63997845967449,40.84001931838651,41.09263799458271,4249009.0
2008-12-24,False,daily,58.8,58.96,58.26,58.56,3639152.0,41.26105044538018,41.373325412578495,40.88212243108587,41.09263799458271,3639152.0
2008-12-23,False,daily,59.19,59.94,58.58,58.68,10560421.0,41.53472067792607,42.06100958666816,41.106672365482495,41.17684421998145,10560421.0
2008-12-22,False,daily,59.18,59.54,58.06,58.93,14157436.0,41.52770349247618,41.78032216867238,40.74177872208798,41.35227385622881,14157436.0
2008-12-19,False,daily,59.55,60.15,58.54,58.84,23131685.0,41.787339354122274,42.20837048111595,41.07860362368292,41.289119187179764,23131685.0
2008-12-18,False,daily,59.55,60.25,58.49,58.99,18919726.0,41.787339354122274,42.278542335614894,41.04351769643345,41.39437696892818,18919726.0
2008-12-17,False,daily,59.05,59.39,58.4,58.78,15837753.0,41.43648008162754,41.675064386923964,40.98036302738439,41.24701607448039,15837753.0
2008-12-16,False,daily,58.45,59.75,57.63,59.6,17919665.0,41.015448954633875,41.92768306312016,40.44003974774252,41.82242528137175,17919665.0
2008-12-15,False,daily,57.73,58.39,56.95,57.81,12984459.0,40.510211602241455,40.9733458419345,39.96287113714968,40.56634908584062,12984459.0
2008-12-12,False,daily,57.21,57.64,56.41,57.25,14751687.0,40.14531795884694,40.44705693319241,39.58394312285537,40.17338670064652,14751687.0
2008-12-11,False,daily,57.4,58.84,57.05,58.25,16010364.0,40.27864448239494,41.289119187179764,40.03304299164863,40.87510524563598,16010364.0
2008-12-10,False,daily,58.82,58.82,56.84,57.8,13133031.0,41.27508481627997,41.27508481627997,39.88568209720084,40.55933190039072,13133031.0
2008-12-09,False,daily,58.95,59.0,57.5,57.81,13779111.0,41.3663082271286,41.401394154378075,40.34881633689388,40.56634908584062,13779111.0
2008-12-08,False,daily,59.07,59.77,57.75,58.77,16361473.0,41.45051445252734,41.94171743401996,40.52424597314125,41.239998889030495,16361473.0
2008-12-05,False,daily,55.86,58.37,55.25,58.23,16614520.0,39.197997923111174,40.95931147103471,38.7699496106676,40.861070874736185,16614520.0
2008-12-04,False,daily,57.42,57.61,55.53,56.18,17054253.0,40.29267885329473,40.426005376842724,38.96643080326465,39.422547857507794,17054253.0
2008-12-03,False,daily,56.08,58.01,55.5,57.32,18808045.0,39.35237600300885,40.7066927948385,38.94537924691497,40.22250699879578,18808045.0
2008-12-02,False,daily,56.11,57.0,54.95,56.83,16081420.0,39.37342755935853,39.99795706439915,38.55943404717077,39.878664911750946,16081420.0
2008-12-01,False,daily,57.66,57.82,55.22,55.33,18903483.0,40.46109130409219,40.57336627129051,38.74889805431792,38.826087094266754,18903483.0
2008-11-28,False,daily,58.47,58.76,57.63,58.58,7689897.0,41.02948332553366,41.2329817035806,40.44003974774252,41.106672365482495,7689897.0
2008-11-26,False,daily,57.62,58.5,56.52,58.27,18508454.0,40.433022562292614,41.050534881883344,39.661132162804215,40.88913961653577,18508454.0
2008-11-25,False,daily,59.99,60.0,57.46,58.7,21416544.0,42.09609551391764,42.10311269936753,40.3207475950943,41.19087859088123,21416544.0
2008-11-24,False,daily,59.22,59.89,57.92,59.11,20508651.0,41.55577223427575,42.02592365941869,40.643538125789455,41.47858319432691,20508651.0
2008-11-21,False,daily,56.48,58.51,54.49,58.35,30802275.0,39.633063421004636,41.05755206733323,38.23664351647562,40.94527710013492,30802275.0
2008-11-20,False,daily,58.0,58.55,55.0,55.81,31047084.0,40.36421868804265,40.74698283077409,38.27641427314389,38.84012146516656,31047084.0
2008-11-19,False,daily,60.44,61.53,58.01,58.12,27536521.0,42.0622996121603,42.820868549573525,40.37117803609231,40.4477308646386,27536521.0
2008-11-18,False,daily,58.78,61.0,58.46,60.89,21200279.0,40.90704783591633,42.45202310294141,40.68434869832713,42.37547027439512,21200279.0
2008-11-17,False,daily,58.8,61.1,58.65,59.27,16572002.0,40.92096653201565,42.52161658343803,40.816576311270715,41.2480558903498,16572002.0
2008-11-14,False,daily,61.52,62.5,59.62,60.05,22065214.0,42.81390920152386,43.49592531039079,41.49163307208798,41.790885038223465,22065214.0
2008-11-13,False,daily,58.4,63.01,57.32,62.9,27305150.0,40.64259261002915,43.85085206092357,39.8909830206656,43.77429923237729,27305150.0
2008-11-12,False,daily,58.83,59.54,57.59,57.92,18385324.0,40.94184457616464,41.43595828769068,40.078885418006486,40.30854390364535,18385324.0
2008-11-11,False,daily,59.29,60.4,58.01,59.55,14393763.0,41.261974586449114,42.034462219961654,40.37117803609231,41.44291763574034,14393763.0
2008-11-10,False,daily,61.0,61.25,59.58,60.01,13177546.0,42.45202310294141,42.62600680418297,41.46379567988933,41.763047646024816,13177546.0
2008-11-07,False,daily,58.46,60.49,58.28,60.22,16245752.0,40.68434869832713,42.09709635240862,40.5590804334332,41.90919395506773,16245752.0
2008-11-06,False,daily,59.73,60.32,57.5,57.92,22900582.0,41.56818590063426,41.97878743556436,40.01625128555953,40.30854390364535,22900582.0
2008-11-05,False,daily,61.75,61.75,59.73,59.85,19761353.0,42.9739742066661,42.9739742066661,41.56818590063426,41.65169807723022,19761353.0
2008-11-04,False,daily,61.83,62.17,61.31,61.89,14656510.0,43.0296489910634,43.26626682475192,42.66776289248095,43.07140507936138,14656510.0
2008-11-03,False,daily,61.49,61.82,60.56,61.16,11846931.0,42.79303115737488,43.022689643013734,42.14581178875626,42.563372671736005,11846931.0
2008-10-31,False,daily,60.84,61.64,59.83,61.34,19785125.0,42.34067353414681,42.89742137811981,41.63777938113089,42.68864093662994,19785125.0
2008-10-30,False,daily,62.35,62.75,59.68,60.57,23630175.0,43.39153508964585,43.66990901163235,41.53338916038595,42.15277113680592,23630175.0
2008-10-29,False,daily,63.37,63.37,60.04,61.53,29020355.0,44.10138859071142,44.10138859071142,41.7839256901738,42.820868549573525,29020355.0
2008-10-28,False,daily,61.44,64.5,60.57,64.19,27508560.0,42.75823441712656,44.887794920323294,42.15277113680592,44.672055130783754,27508560.0
2008-10-27,False,daily,60.41,62.69,60.1,60.15,21070761.0,42.041421568011316,43.628152923334376,41.82568177847178,41.86047851872009,21070761.0
2008-10-24,False,daily,59.0,62.49,58.64,60.79,23133204.0,41.060153493008904,43.488965962341126,40.80961696322105,42.30587679389849,23133204.0
2008-10-23,False,daily,61.84,63.14,60.2,62.45,23491947.0,43.036608339113066,43.94132358556919,41.89527525896841,43.46112857014248,23491947.0
2008-10-22,False,daily,62.27,63.1,60.25,61.42,23325478.0,43.33586030524855,43.91348619337054,41.93007199921672,42.744315721027235,23325478.0
2008-10-21,False,daily,63.71,64.9,63.37,63.66,14043293.0,44.33800642439996,45.166168842309794,44.10138859071142,44.30320968415164,14043293.0
2008-10-20,False,daily,63.44,64.53,62.15,64.44,18034941.0,44.150104027059065,44.90867296447228,43.2523481286526,44.846038832025314,18034941.0
2008-10-17,False,daily,62.95,65.0,62.04,62.65,25254190.0,43.809095972625606,45.235762322806416,43.17579530010631,43.60031553113573,25254190.0
2008-10-16,False,daily,60.74,63.98,58.31,63.5,34604230.0,42.27108005365018,44.52590882174084,40.57995847758219,44.19186011535704,34604230.0
2008-10-15,False,daily,64.31,64.76,60.1,60.54,25066373.0,44.75556730737971,45.068737969614524,41.82568177847178,42.13189309265693,25066373.0
2008-10-14,False,daily,66.5,67.48,63.0,64.0,38920462.0,46.2796645302558,46.961680639122726,43.84389271287392,44.539827517840166,38920462.0
2008-10-13,False,daily,58.46,62.8,57.95,62.68,32538950.0,40.68434869832713,43.70470575188066,40.32942194779434,43.621193575284714,32538950.0
2008-10-10,False,daily,55.4,59.0,52.06,55.85,50095419.0,38.55478819513039,41.060153493008904,36.23036594654311,38.86795885736521,50095419.0
2008-10-09,False,daily,62.64,63.16,57.58,57.58,33497155.0,43.593356183086065,43.95524228166851,40.071926069956824,40.071926069956824,33497155.0
2008-10-08,False,daily,61.64,63.86,61.12,62.36,37910891.0,42.89742137811981,44.44239664514489,42.535535279537356,43.39849443769551,37910891.0
2008-10-07,False,daily,65.11,65.6546,62.1,62.49,24172832.0,45.312315151352706,45.69132124613733,43.21755138840429,43.488965962341126,24172832.0
2008-10-06,False,daily,65.04,66.04,62.29,64.5,33472292.0,45.26359971500507,45.95953451997133,43.349779001347876,44.887794920323294,33472292.0
2008-10-03,False,daily,68.0,68.37,66.1,66.16,25447939.0,47.32356673770518,47.58106261554269,46.001290608269294,46.04304669656727,25447939.0
2008-10-02,False,daily,67.96,68.26,67.65,67.79,30897626.0,47.29572934550652,47.50450978699641,47.07998955596699,47.177420428662266,30897626.0
2008-10-01,False,daily,69.07,69.07,67.28,67.79,25552804.0,48.06821697901906,48.06821697901906,46.822493678129476,47.177420428662266,25552804.0
2008-09-30,False,daily,67.5,69.48,67.41,69.28,19623981.0,46.97559933522205,48.35355024905523,46.912965202775084,48.21436328806198,19623981.0
2008-09-29,False,daily,68.81,69.86,66.9,66.9,25739957.0,47.88727392972784,48.61800547494241,46.5580384522423,46.5580384522423,25739957.0
2008-09-26,False,daily,68.77,69.75,68.74,69.4,13087131.0,47.85943653752919,48.54145264639612,47.8385584933802,48.297875464657935,13087131.0
2008-09-25,False,daily,68.55,69.97,68.46,69.36,14578318.0,47.70633088043661,48.69455830348869,47.64369674798965,48.27003807245928,14578318.0
2008-09-24,False,daily,68.25,69.0,67.55,68.19,12470907.0,47.49755043894674,48.01950154267143,47.01039607547036,47.455794350648766,12470907.0
2008-09-23,False,daily,68.68,69.1,68.06,68.15,13635825.0,47.79680240508223,48.08909502316805,47.36532282600315,47.42795695845012,13635825.0
2008-09-22,False,daily,69.83,70.71,68.3,68.41,16043355.0,48.59712743079342,49.20955005916372,47.53234717919505,47.60890000774134,16043355.0
2008-09-19,False,daily,71.85,72.69,69.21,69.99,27446028.0,50.002915736825244,50.5875009729969,48.16564785171434,48.708476999588015,27446028.0
2008-09-18,False,daily,70.2,70.95,69.2,70.93,29282527.0,48.854623308630934,49.37657441235562,48.158688503664685,49.3626557162563,29282527.0
2008-09-17,False,daily,69.79,71.0,69.51,69.51,24167046.0,48.56929003859477,49.411371152603934,48.37442829320422,48.37442829320422,24167046.0
2008-09-16,False,daily,69.62,70.5,69.5,69.8,23336247.0,48.45098112175051,49.063403750120806,48.367468945154556,48.57624938664443,23336247.0
2008-09-15,False,daily,69.92,70.89,69.61,69.61,20987485.0,48.65976156324038,49.33481832405765,48.44402177370084,48.44402177370084,20987485.0
2008-09-12,False,daily,71.06,71.87,70.3,70.59,15141139.0,49.453127240901914,50.016834432924576,48.924216789127556,49.12603788256777,15141139.0
2008-09-11,False,daily,70.92,71.55,70.32,71.16,15725940.0,49.35569636820664,49.79413529533537,48.93813548522688,49.522720721398535,15725940.0
2008-09-10,False,daily,71.65,72.01,71.02,71.23,12613762.0,49.863728775832,50.11426530561985,49.42528984870326,49.57143615774618,12613762.0
2008-09-09,False,daily,71.91,72.76,71.34,71.34,19050015.0,50.044671825123224,50.63621640934454,49.64798898629246,49.64798898629246,19050015.0
2008-09-08,False,daily,71.2,72.38,70.8,72.22,15227456.0,49.550558113597184,50.37176118345736,49.272184191610684,50.260411614662765,15227456.0
2008-09-05,False,daily,70.39,71.07,70.31,70.67,10747869.0,48.98685092157452,49.46008658895157,48.931176137177225,49.18171266696507,10747869.0
2008-09-04,False,daily,71.49,71.49,70.4,70.45,13676255.0,49.75237920703739,49.75237920703739,48.993810269624184,49.028607009872495,13676255.0
2008-09-03,False,daily,71.67,71.9,71.31,71.51,9844497.0,49.877647471931326,50.03771247707357,49.627110942143474,49.766297903136724,9844497.0
2008-09-02,False,daily,71.09,72.1,70.77,71.73,15123310.0,49.4740052850509,50.176899438066805,49.25130614746169,49.9194035602293,15123310.0
2008-08-29,False,daily,71.18,71.4,70.42,70.43,10368344.0,49.53663941749787,49.68974507459044,49.00772896572351,49.01468831377318,10368344.0
2008-08-28,False,daily,71.48,71.69,71.17,71.41,8148102.0,49.74541985898774,49.89156616803065,49.5296800694482,49.696704422640096,8148102.0
2008-08-27,False,daily,70.72,71.39,70.31,71.21,8399242.0,49.21650940721338,49.68278572654077,48.931176137177225,49.557517461646846,8399242.0
2008-08-26,False,daily,70.72,71.02,70.25,70.71,6440523.0,49.21650940721338,49.42528984870326,48.889420048879245,49.20955005916372,6440523.0
2008-08-25,False,daily,71.25,71.35,70.55,70.8,8204945.0,49.585354853845494,49.654948334342116,49.098200490369116,49.272184191610684,8204945.0
2008-08-22,False,daily,71.05,71.68,70.82,71.42,7717617.0,49.446167892852245,49.88460681998099,49.28610288771,49.703663770689765,7717617.0
2008-08-21,False,daily,70.68,71.54,70.51,71.28,7840114.0,48.87123670178652,49.46587823494352,48.75369128244153,49.28610288771,7840114.0
2008-08-20,False,daily,71.18,71.55,70.59,71.08,10278305.0,49.21695852338942,49.472792671375565,48.809006773898,49.14781415906884,10278305.0
2008-08-19,False,daily,70.65,71.38,70.65,71.15,9133678.0,48.85049339249034,49.35524725203058,48.85049339249034,49.19621521409325,9133678.0
2008-08-18,False,daily,71.61,71.61,70.8,71.09,9846493.0,49.51427928996792,49.51427928996792,48.95420993897121,49.1547285955009,9846493.0
2008-08-15,False,daily,70.82,71.41,70.77,71.33,10790744.0,48.96803881183532,49.37599056132675,48.93346662967504,49.32067506987029,10790744.0
2008-08-14,False,daily,71.2,71.8,70.64,71.19,9459419.0,49.23078739625354,49.64565358217702,48.84357895605828,49.22387295982148,9459419.0
2008-08-13,False,daily,71.67,71.84,71.0,71.2,10600525.0,49.55576590856027,49.67331132790525,49.092498667612375,49.23078739625354,10600525.0
2008-08-12,False,daily,71.47,71.87,71.29,71.7,8696756.0,49.4174771799191,49.69405463720143,49.29301732414206,49.57650921785644,8696756.0
2008-08-11,False,daily,71.43,71.9,71.09,71.66,10231570.0,49.389819434190876,49.714797946497605,49.1547285955009,49.548851472128206,10231570.0
2008-08-08,False,daily,70.77,71.68,70.38,71.55,12071317.0,48.93346662967504,49.56268034499233,48.66380360882477,49.472792671375565,12071317.0
2008-08-07,False,daily,70.57,71.1,70.01,70.65,14180984.0,48.795177901033874,49.161643031932954,48.40796946083863,48.85049339249034,14180984.0
2008-08-06,False,daily,70.35,71.49,70.08,71.07,18729380.0,48.64306029952859,49.43130605278321,48.45637051586303,49.140899722636775,18729380.0
2008-08-05,False,daily,69.31,70.5,69.13,70.45,20179308.0,47.92395891059456,48.74677684600947,47.79949905481751,48.712204663849185,20179308.0
2008-08-04,False,daily,68.18,69.42,67.97,68.98,13695164.0,47.142627593772,48.0000177113472,46.99742442869878,47.69578250833664,13695164.0
2008-08-01,False,daily,68.5,68.8,67.93,68.1,9052223.0,47.36388955959785,47.571322652559594,46.96976668297055,47.08731210231553,9052223.0
2008-07-31,False,daily,67.8,69.05,67.79,68.47,13798375.0,46.879879009353786,47.74418356336105,46.87296457292174,47.34314625030168,13798375.0
2008-07-30,False,daily,68.7,68.7,67.71,68.08,13523843.0,47.502178288239016,47.502178288239016,46.81764908146526,47.07348322945141,13523843.0
2008-07-29,False,daily,68.55,69.0,68.3,68.48,13012169.0,47.39846174175814,47.70961138120076,47.225600830956694,47.35006068673374,13012169.0
2008-07-28,False,daily,68.96,68.99,68.42,68.48,9814279.0,47.681953635472524,47.7026969447687,47.30857406814139,47.35006068673374,9814279.0
2008-07-25,False,daily,68.88,69.21,68.56,69.03,10505362.0,47.626638144016056,47.85481454627397,47.4053761781902,47.73035469049693,10505362.0
2008-07-24,False,daily,68.26,69.25,67.72,68.66,16543075.0,47.19794308522847,47.88247229200221,46.824563517897325,47.47452054251078,16543075.0
2008-07-23,False,daily,68.21,68.35,67.62,68.27,10256708.0,47.16337090306816,47.260173013116976,46.755419153576746,47.204857521660514,10256708.0
2008-07-22,False,daily,67.02,68.25,67.02,67.99,15551244.0,46.34055296765325,47.191028648796404,46.34055296765325,47.01125330156289,15551244.0
2008-07-21,False,daily,67.98,67.98,67.0,67.11,11280192.0,47.00433886513083,47.00433886513083,46.32672409478914,46.40278289554178,11280192.0
2008-07-18,False,daily,67.75,68.22,67.55,67.82,12903481.0,46.8453068271935,47.170285339500225,46.70701809855233,46.8937078822179,12903481.0
2008-07-17,False,daily,68.44,68.45,67.0,67.83,14217403.0,47.32240294100551,47.32931737743757,46.32672409478914,46.90062231864996,14217403.0
2008-07-16,False,daily,67.77,68.81,67.5,68.19,18883754.0,46.859135700057614,47.578237088991656,46.67244591639204,47.14954203020405,18883754.0
2008-07-15,False,daily,67.1,67.98,66.79,67.7,24203420.0,46.39586845910972,47.00433886513083,46.18152092971593,46.81073464503321,24203420.0
2008-07-14,False,daily,66.44,66.94,66.09,66.41,11114649.0,45.93951565459389,46.28523747619679,45.69751037947186,45.91877234529771,11114649.0
2008-07-11,False,daily,66.31,66.73,66.0,66.26,16631460.0,45.84962798097714,46.14003431112358,45.635280451583334,45.81505579881685,16631460.0
2008-07-10,False,daily,66.06,67.2,66.06,66.94,17399901.0,45.676767070175686,46.46501282343031,45.676767070175686,46.28523747619679,17399901.0
2008-07-09,False,daily,66.15,67.0,66.02,66.18,13940665.0,45.73899699806421,46.32672409478914,45.649109324447444,45.75974030736038,13940665.0
2008-07-08,False,daily,65.15,66.28,65.15,66.21,15476866.0,45.0475533548584,45.82888467168096,45.0475533548584,45.78048361665655,15476866.0
2008-07-07,False,daily,65.1,65.94,64.87,65.25,14506696.0,45.012981172698105,45.59379383299098,44.853949134760775,45.11669771917898,14506696.0
2008-07-03,False,daily,64.35,65.36,64.25,65.12,7716435.0,44.49439844029374,45.19275651993161,44.42525407597317,45.02681004556223,7716435.0
2008-07-02,False,daily,64.94,65.11,64.5,64.64,10707981.0,44.902350189785174,45.01989560913017,44.59811498677462,44.69491709682344,10707981.0
2008-07-01,False,daily,63.75,64.98,63.74,64.69,16637292.0,44.079532254370264,44.930007935513416,44.07261781793821,44.72948927898372,16637292.0
2008-06-30,False,daily,63.54,64.61,63.1,64.34,12528453.0,43.934329089297044,44.67417378752726,43.63009388628649,44.487484003861695,12528453.0
2008-06-27,False,daily,64.2,64.71,63.4,63.57,19081942.0,44.39068189381288,44.74331815184784,43.83752697924823,43.955072398593224,19081942.0
2008-06-26,False,daily,64.68,65.35,64.26,64.26,12412665.0,44.72257484255167,45.18584208349955,44.432168512405234,44.432168512405234,12412665.0
2008-06-25,False,daily,64.83,65.68,64.72,65.28,10391046.0,44.82629138903254,45.41401848575748,44.7502325882799,45.13744102847515,10391046.0
2008-06-24,False,daily,64.1,64.84,64.1,64.72,10692749.0,44.321537529492296,44.833205825464596,44.321537529492296,44.7502325882799,10692749.0
2008-06-23,False,daily,64.2,64.46,63.95,64.29,8689844.0,44.39068189381288,44.570457241046384,44.21782098301143,44.452911821701406,8689844.0
2008-06-20,False,daily,64.29,64.62,63.88,64.06,16434932.0,44.452911821701406,44.68108822395932,44.16941992798702,44.29387978376407,16434932.0
2008-06-19,False,daily,64.31,64.98,64.14,64.62,9089540.0,44.46674069456552,44.930007935513416,44.34919527522053,44.68108822395932,9089540.0
2008-06-18,False,daily,65.28,65.97,64.2,64.44,12846064.0,45.13744102847515,45.61453714228716,44.39068189381288,44.556628368182274,12846064.0
2008-06-17,False,daily,66.04,66.25,65.5,65.59,7304287.0,45.66293819731157,45.80814136238479,45.28955862998043,45.35178855786896,7304287.0
2008-06-16,False,daily,65.96,66.16,65.5,65.84,7984620.0,45.6076227058551,45.745911434496264,45.28955862998043,45.524649468670404,7984620.0
2008-06-13,False,daily,65.78,66.37,65.74,66.27,8938243.0,45.48316285007806,45.891114599569484,45.45550510434982,45.8219702352489,8938243.0
2008-06-12,False,daily,65.24,65.83,65.16,65.69,9743371.0,45.10978328274692,45.51773503223834,45.054467791290456,45.42093292218953,9743371.0
2008-06-11,False,daily,65.51,65.85,65.11,65.2,10392390.0,45.29647306641249,45.53156390510246,45.01989560913017,45.08212553701869,10392390.0
2008-06-10,False,daily,65.21,65.92,65.21,65.62,10170073.0,45.08903997345074,45.57996496012687,45.08903997345074,45.37253186716513,10170073.0
2008-06-09,False,daily,65.88,66.2,65.31,65.63,8695928.0,45.55230721439863,45.7735691802245,45.15818433777133,45.379446303597184,8695928.0
2008-06-06,False,daily,66.58,66.76,65.68,65.76,14267136.0,46.0363177646427,46.16077762041975,45.41401848575748,45.46933397721394,14267136.0
2008-06-05,False,daily,66.66,67.1,66.5,66.96,8679800.0,46.091633256099165,46.39586845910972,45.981002273186235,46.29906634906091,8679800.0
2008-06-04,False,daily,66.7,66.94,66.27,66.55,8962918.0,46.1192910018274,46.28523747619679,45.8219702352489,46.015574455346524,8962918.0
2008-06-03,False,daily,66.61,67.04,66.44,66.76,11562946.0,46.057061073938875,46.35438184051738,45.93951565459389,46.16077762041975,11562946.0
2008-06-02,False,daily,66.55,67.0,66.15,66.51,9631181.0,46.015574455346524,46.32672409478914,45.73899699806421,45.9879167096183,9631181.0
2008-05-30,False,daily,66.49,67.03,66.36,66.74,10994925.0,45.97408783675418,46.347467404085315,45.88420016313742,46.146948747555626,10994925.0
2008-05-29,False,daily,64.66,66.65,64.54,66.42,13263997.0,44.70874596968755,46.08471881966711,44.62577273250286,45.92568678172977,13263997.0
2008-05-28,False,daily,65.19,65.31,64.64,64.88,14779286.0,45.07521110058663,45.15818433777133,44.69491709682344,44.86086357119282,14779286.0
2008-05-27,False,daily,64.82,65.33,64.81,65.15,8358136.0,44.81937695260048,45.17201321063544,44.812462516168424,45.0475533548584,8358136.0
2008-05-23,False,daily,65.33,65.49,64.86,64.92,9073447.0,45.17201321063544,45.28264419354837,44.84703469832871,44.888521316921064,9073447.0
2008-05-22,False,daily,65.69,65.75,65.21,65.41,9882688.0,45.42093292218953,45.46241954078188,45.08903997345074,45.2273287020919,9882688.0
2008-05-21,False,daily,66.39,66.7,65.58,65.73,11217989.0,45.58368569063962,45.79653314604101,45.02753588781663,45.13052659204311,11217989.0
2008-05-20,False,daily,66.44,66.94,66.04,66.15,12612366.0,45.618015925381776,45.961318272803375,45.343374047444506,45.41890056387726,12612366.0
2008-05-19,False,daily,66.6,66.79,66.26,66.63,8748267.0,45.727872676556686,45.8583275685769,45.494427080310004,45.74847081740198,8748267.0
2008-05-16,False,daily,66.91,66.91,66.3,66.68,9764842.0,45.940720131958074,45.940720131958074,45.52189126810373,45.78280105214415,9764842.0
2008-05-15,False,daily,66.98,66.99,66.34,66.68,8408100.0,45.98878246059711,45.99564850754553,45.54935545589746,45.78280105214415,8408100.0
2008-05-14,False,daily,66.58,67.11,66.41,66.81,9021996.0,45.71414058265982,46.078041070926716,45.59741778453648,45.87205966247376,9021996.0
2008-05-13,False,daily,66.75,67.0,66.3,66.41,9532370.0,45.83086338078317,46.00251455449396,45.52189126810373,45.59741778453648,9532370.0
2008-05-12,False,daily,66.59,66.89,66.3,66.71,7707844.0,45.72100662960826,45.92698803806122,45.52189126810373,45.80339919298944,7707844.0
2008-05-09,False,daily,66.52,66.97,66.35,66.55,8759016.0,45.67294430096923,45.98191641364867,45.55622150284589,45.69354244181453,8759016.0
2008-05-08,False,daily,67.03,67.16,66.7,66.9,9443475.0,46.023112695339265,46.11237130566887,45.79653314604101,45.93385408500965,9443475.0
2008-05-07,False,daily,67.48,67.68,66.79,66.91,12628354.0,46.3320848080187,46.46940574698734,45.8583275685769,45.940720131958074,12628354.0
2008-05-06,False,daily,67.7,67.98,67.31,67.58,9487591.0,46.483137840884204,46.6753871554403,46.21536200989536,46.40074527750302,9487591.0
2008-05-05,False,daily,68.04,68.32,67.71,67.9,10550384.0,46.71658343713089,46.90883275168698,46.49000388783263,46.62045877985285,10550384.0
2008-05-02,False,daily,67.51,68.32,67.51,68.26,12436381.0,46.352682948864,46.90883275168698,46.352682948864,46.86763646999639,12436381.0
2008-05-01,False,daily,67.13,67.88,66.95,67.81,13165015.0,46.09177316482358,46.60672668595598,45.968184319751806,46.55866435731696,13165015.0
2008-04-30,False,daily,67.45,67.67,66.92,67.09,13102170.0,46.311486667173405,46.46253970003891,45.94758617890651,46.06430897702985,13102170.0
2008-04-29,False,daily,67.25,67.49,67.13,67.19,7706731.0,46.17416572820476,46.33895085496713,46.09177316482358,46.132969446514174,7706731.0
2008-04-28,False,daily,67.3,67.67,67.17,67.32,9072330.0,46.20849596294692,46.46253970003891,46.11923735261731,46.22222805684378,9072330.0
2008-04-25,False,daily,67.57,67.7,66.94,67.31,9182162.0,46.39387923055458,46.483137840884204,45.961318272803375,46.21536200989536,9182162.0
2008-04-24,False,daily,67.21,67.74,67.02,67.37,9613068.0,46.14670154041103,46.51060202867792,46.016246648390826,46.256558291585954,9613068.0
2008-04-23,False,daily,67.12,67.49,66.75,67.26,10642940.0,46.084907117875154,46.33895085496713,45.83086338078317,46.1810317751532,10642940.0
2008-04-22,False,daily,66.06,67.16,65.79,66.99,13185583.0,45.35710614134137,46.11237130566887,45.17172287373371,45.99564850754553,13185583.0
2008-04-21,False,daily,66.25,66.565,66.05,66.32,8975745.0,45.48756103336157,45.703841512237176,45.35024009439293,45.53562336200059,8975745.0
2008-04-18,False,daily,66.07,66.8,65.94,66.51,10741205.0,45.36397218828979,45.86519361552533,45.27471357796018,45.6660782540208,10741205.0
2008-04-17,False,daily,65.64,66.0,65.55,65.76,8841445.0,45.06873216950722,45.31590985965077,45.00693774697133,45.15112473288841,8841445.0
2008-04-16,False,daily,65.79,65.91,65.13,65.7,12617855.0,45.17172287373371,45.25411543711488,44.71856377513719,45.10992845119782,12617855.0
2008-04-15,False,daily,65.63,66.02,64.99,65.65,17361984.0,45.06186612255879,45.329641953547636,44.622439117859145,45.07559821645566,17361984.0
2008-04-14,False,daily,65.92,66.42,65.74,65.74,10332635.0,45.26098148406332,45.60428383148491,45.13739263899154,45.13739263899154,10332635.0
2008-04-11,False,daily,66.34,66.75,65.94,66.0,9234735.0,45.54935545589746,45.83086338078317,45.27471357796018,45.31590985965077,9234735.0
2008-04-10,False,daily,66.26,66.57,66.15,66.33,8272020.0,45.494427080310004,45.70727453571139,45.41890056387726,45.542489408949024,8272020.0
2008-04-09,False,daily,66.22,66.5,65.94,66.29,8589841.0,45.46696289251628,45.65921220707237,45.27471357796018,45.515025221155305,8589841.0
2008-04-08,False,daily,65.98,66.61,65.75,66.32,8861097.0,45.30217776575391,45.73473872350512,45.144258685939974,45.53562336200059,8861097.0
2008-04-07,False,daily,65.65,66.24,65.5,66.14,8901880.0,45.07559821645566,45.480694986413134,44.972607512229175,45.41203451692882,8901880.0
2008-04-04,False,daily,65.24,65.95,65.03,65.73,8079540.0,44.794090291569944,45.281579624908616,44.64990330565288,45.13052659204311,8079540.0
2008-04-03,False,daily,64.8,65.58,64.8,65.27,7651129.0,44.49198422583894,45.02753588781663,44.49198422583894,44.81468843241524,7651129.0
2008-04-02,False,daily,65.85,65.97,65.15,65.31,9791418.0,45.21291915542429,45.29531171880548,44.73229586903406,44.84215262020897,9791418.0
2008-04-01,False,daily,65.13,65.92,64.51,65.87,11205151.0,44.71856377513719,45.26098148406332,44.292868864334416,45.22665124932116,11205151.0
2008-03-31,False,daily,64.29,65.01,63.72,64.87,13667924.0,44.14181583146892,44.636171211756015,43.75045115540829,44.54004655447797,13667924.0
2008-03-28,False,daily,64.84,65.0,64.06,64.18,8755128.0,44.519448413632674,44.629305164807576,43.98389675165498,44.066289315036165,8755128.0
2008-03-27,False,daily,64.85,65.25,64.52,64.62,10772186.0,44.5263144605811,44.800956338518375,44.29973491128285,44.36839538076717,10772186.0
2008-03-26,False,daily,64.47,64.85,64.21,64.7,11354749.0,44.26540467654068,44.5263144605811,44.08688745588145,44.42332375635463,11354749.0
2008-03-25,False,daily,64.92,65.14,64.35,64.55,9511847.0,44.574376789220125,44.72542982208563,44.1830121131595,44.32033305212814,9511847.0
2008-03-24,False,daily,65.16,65.54,64.64,64.89,9888232.0,44.739161915982486,45.00007170002291,44.38212747466403,44.55377864837483,9888232.0
2008-03-20,False,daily,65.2,65.5,64.88,65.38,16276289.0,44.76662610377622,44.972607512229175,44.54691260142639,44.89021494884799,16276289.0
2008-03-19,False,daily,65.39,65.81,64.82,64.88,15845733.0,44.89708099579642,45.18545496763057,44.5057163197358,44.54691260142639,15845733.0
2008-03-18,False,daily,64.65,65.31,64.43,65.31,15062461.0,44.38899352161246,44.84215262020897,44.237940488746965,44.84215262020897,15062461.0
2008-03-17,False,daily,61.64,64.29,61.64,64.04,22054466.0,42.32231339013445,44.14181583146892,42.32231339013445,43.97016465775812,22054466.0
2008-03-14,False,daily,63.34,63.37,62.25,62.65,20834904.0,43.48954137136788,43.51013951221317,42.7411422539888,43.015784131926075,20834904.0
2008-03-13,False,daily,62.52,63.44,61.66,62.81,15810437.0,42.92652552159646,43.5582018408522,42.33604548403131,43.125640883100985,15810437.0
2008-03-12,False,daily,62.45,63.13,62.14,62.55,13132380.0,42.87846319295744,43.34535438545081,42.665615737556045,42.947123662441754,13132380.0
2008-03-11,False,daily,61.76,62.53,61.49,62.44,14295720.0,42.40470595351563,42.93339156854489,42.21932268590797,42.871597146009,14295720.0
2008-03-10,False,daily,61.74,61.74,61.17,61.33,14229401.0,42.39097385961877,42.39097385961877,41.99960918355815,42.10946593473306,14229401.0
2008-03-07,False,daily,62.06,62.42,61.4,61.51,14943425.0,42.610687361968594,42.85786505211214,42.15752826337208,42.23305477980483,14943425.0
2008-03-06,False,daily,62.95,63.3,62.51,62.63,12137665.0,43.22176554037903,43.462077183574145,42.91965947464803,43.00205203802921,12137665.0
2008-03-05,False,daily,62.76,63.28,62.64,63.13,13654592.0,43.09131064835883,43.44834508967729,43.008918084977644,43.34535438545081,13654592.0
2008-03-04,False,daily,62.1,62.8,62.01,62.64,14347624.0,42.63815154976232,43.118774836152554,42.57635712722643,43.008918084977644,14347624.0
2008-03-03,False,daily,62.0,62.3,61.62,62.23,8841377.0,42.569491080278,42.775472488730955,42.308581296237584,42.72741016009193,8841377.0
2008-02-29,False,daily,62.75,62.75,61.88,61.96,12028301.0,43.0844446014104,43.0844446014104,42.487098516896815,42.54202689248427,12028301.0
2008-02-28,False,daily,63.1,63.49,62.5,62.71,8545111.0,43.32475624460551,43.592532075594356,42.9127934276996,43.056980413616664,8545111.0
2008-02-27,False,daily,63.21,63.85,62.96,63.04,9569700.0,43.40028276103826,43.83970976573791,43.22863158732746,43.28355996291492,9569700.0
2008-02-26,False,daily,63.67,64.07,63.4,63.72,9220989.0,43.716120920666135,43.990762798603406,43.530737653058466,43.75045115540829,9220989.0
2008-02-25,False,daily,62.77,63.28,62.5,63.18,10142352.0,43.09817669530726,43.44834508967729,42.9127934276996,43.37968462019297,10142352.0
2008-02-22,False,daily,62.77,63.28,62.5,63.18,10142352.0,43.09817669530726,43.44834508967729,42.9127934276996,43.37968462019297,10142352.0
2008-02-21,False,daily,63.38,63.57,62.75,62.98,11084914.0,43.23025488740783,43.35985016081597,42.80054424400191,42.95742273286439,11084914.0
2008-02-20,False,daily,63.66,63.71,63.11,63.23,13772947.0,43.421237395588236,43.455341414906165,43.04609318309101,43.127942829454035,13772947.0
2008-02-19,False,daily,63.25,63.83,63.05,63.66,10392807.0,43.141584437181216,43.5371910612692,43.00516835990949,43.421237395588236,10392807.0
2008-02-15,False,daily,62.67,63.1,62.45,62.9,11915959.0,42.745977813093226,43.03927237922743,42.595920128094335,42.9028563019557,11915959.0
2008-02-14,False,daily,63.3,63.63,62.62,62.79,10864097.0,43.17568845649914,43.40077498399748,42.7118737937753,42.82782745945626,10864097.0
2008-02-13,False,daily,62.59,63.75,62.59,63.41,11190656.0,42.69141138218454,43.48262463036051,42.69141138218454,43.25071729899859,11190656.0
2008-02-12,False,daily,62.14,63.15,62.01,62.97,11421394.0,42.384475208323174,43.07337639854535,42.29580475809655,42.950601929000804,11421394.0
2008-02-11,False,daily,62.13,62.14,61.36,61.88,11133371.0,42.377654404459584,42.384475208323174,41.852452506963466,42.207134307869936,11133371.0
2008-02-08,False,daily,62.85,63.19,61.94,62.03,13338736.0,42.86875228263777,43.100659613999696,42.24805913105145,42.309446365823725,13338736.0
2008-02-07,False,daily,62.81,63.18,62.5,62.81,13693207.0,42.84146906718343,43.09383881013611,42.630024147412264,42.84146906718343,13693207.0
2008-02-06,False,daily,63.18,63.37,62.78,63.05,9557768.0,43.09383881013611,43.22343408354424,42.821006655592676,43.00516835990949,9557768.0
2008-02-05,False,daily,63.7,63.75,62.8,62.87,11320902.0,43.44852061104258,43.48262463036051,42.83464826331984,42.882393890364945,11320902.0
2008-02-04,False,daily,63.18,63.71,63.0,63.47,7976181.0,43.09383881013611,43.455341414906165,42.97106434059156,43.2916421221801,7976181.0
2008-02-01,False,daily,63.35,64.09,62.75,63.36,11780308.0,43.209792475817075,43.714531961722436,42.80054424400191,43.21661327968066,11780308.0
2008-01-31,False,daily,61.86,63.39,61.72,63.14,21277704.0,42.19349270014276,43.237075691271414,42.09800144605256,43.066555594681766,21277704.0
2008-01-30,False,daily,62.97,63.0,62.0,62.1799,13653947.0,42.950601929000804,42.97106434059156,42.28898395423297,42.41169021573888,13653947.0
2008-01-29,False,daily,63.34,63.39,62.83,62.97,10074093.0,43.20297167195349,43.237075691271414,42.8551106749106,42.950601929000804,10074093.0
2008-01-28,False,daily,62.66,63.13,62.5,63.07,10182093.0,42.739157009229636,43.05973479081818,42.630024147412264,43.01880996763666,10182093.0
2008-01-25,False,daily,63.54,63.99,62.34,62.46,23938365.0,43.3393877492252,43.64632392308658,42.52089128559489,42.602740931957925,23938365.0
2008-01-24,False,daily,64.54,64.54,63.34,63.51,18084340.0,44.02146813558381,44.02146813558381,43.20297167195349,43.31892533763445,18084340.0
2008-01-23,False,daily,65.0,65.57,62.13,64.2,22842615.0,44.33522511330876,44.72401093353315,42.377654404459584,43.78956080422188,22842615.0
2008-01-22,False,daily,64.67,66.75,64.5,65.27,29488876.0,44.11013858581042,45.5288657894363,43.994184920129456,44.51938681762557,29488876.0
2008-01-18,False,daily,67.95,68.16,66.01,66.29,22717584.0,46.34736225306661,46.490599134201915,45.02412630353094,45.215108811711346,22717584.0
2008-01-17,False,daily,68.37,68.56,67.58,67.83,18326507.0,46.63383601533723,46.76343128874536,46.09499251011393,46.26551260670358,18326507.0
2008-01-16,False,daily,67.33,68.85,67.33,68.31,18610432.0,45.924472413524285,46.961234600789346,45.924472413524285,46.59291119215571,18610432.0
2008-01-15,False,daily,67.7,68.17,67.45,67.76,11549234.0,46.176842156476965,46.497419938065505,46.00632205988732,46.217766979658485,11549234.0
2008-01-14,False,daily,68.29,68.29,67.31,67.95,11661596.0,46.579269584428545,46.579269584428545,45.91083080579711,46.34736225306661,11661596.0
2008-01-11,False,daily,67.34,68.03,67.34,67.88,15541754.0,45.931293217387875,46.40192868397531,45.931293217387875,46.29961662602151,15541754.0
2008-01-10,False,daily,67.43,68.23,67.35,67.91,13043378.0,45.99268045216015,46.538344761247025,45.93811402125145,46.32007903761227,13043378.0
2008-01-09,False,daily,66.99,68.29,66.99,67.8,19490385.0,45.69256508216236,46.579269584428545,45.69256508216236,46.245050195112825,19490385.0
2008-01-08,False,daily,67.05,67.75,66.6,66.94,13478510.0,45.73348990534387,46.210946175794895,45.42655373148251,45.65846106284443,13478510.0
2008-01-07,False,daily,65.8,67.21,65.75,66.86,12352933.0,44.88088942239563,45.84262276716125,44.8467854030777,45.603894631935745,12352933.0
2008-01-04,False,daily,65.72,66.4,65.72,65.84,12714706.0,44.82632299148695,45.290137654210795,44.82632299148695,44.90817263784998,12714706.0
2008-01-03,False,daily,65.75,66.4,65.36,65.93,9277902.0,44.8467854030777,45.290137654210795,44.58077405239785,44.969559872622256,9277902.0
2008-01-02,False,daily,66.56,67.0,65.72,65.91,11970425.0,45.39927051602817,45.69938588602595,44.82632299148695,44.955918264895075,11970425.0
2009-12-31,False,daily,65.12,65.12,64.33,64.41,6962623.0,47.22994289757095,47.22994289757095,46.65697522421282,46.71499726708453,6962623.0
2009-12-30,False,daily,64.78,65.03,64.53,64.91,5602010.0,46.98334921536618,47.164668099340275,46.802030331392096,47.077635035032706,5602010.0
2009-12-29,False,daily,65.09,65.4,64.92,64.94,6661880.0,47.208184631494056,47.43302004762193,47.084887790391676,47.0993933011096,6661880.0
2009-12-28,False,daily,64.9,64.99,64.77,64.94,5693470.0,47.07038227967375,47.13565707790441,46.97609646000722,47.0993933011096,5693470.0
2009-12-24,False,daily,64.69,64.84,64.52,64.7,2433838.0,46.91807441713551,47.02686574751997,46.79477757603313,46.92532717249448,2433838.0
2009-12-23,False,daily,64.54,64.84,64.54,64.57,6360398.0,46.80928308675106,47.02686574751997,46.80928308675106,46.831041352827945,6360398.0
2009-12-22,False,daily,64.31,64.805,64.31,64.53,7124544.0,46.6424697134949,47.001481103763595,46.6424697134949,46.802030331392096,7124544.0
2009-12-21,False,daily,64.64,65.0,64.23,64.33,11125414.0,46.881810640340696,47.14290983326338,46.58444767062319,46.65697522421282,11125414.0
2009-12-18,False,daily,64.75,64.75,63.91,64.37,22177755.0,46.961590949289295,46.961590949289295,46.35235949913635,46.68598624564868,22177755.0
2009-12-17,False,daily,64.44,64.78,64.21,64.47,10088836.0,46.73675553316142,46.98334921536618,46.56994215990525,46.75851379923831,10088836.0
2009-12-16,False,daily,64.95,65.08,64.75,64.8,13333217.0,47.10664605646857,47.20093187613509,46.961590949289295,46.99785472608411,13333217.0
2009-12-15,False,daily,64.73,64.8,64.45,64.74,10724933.0,46.94708543857137,46.99785472608411,46.744008288520384,46.954338193930326,10724933.0
2009-12-14,False,daily,65.2,65.41,64.85,64.96,8172487.0,47.287964940442656,47.440272802980886,47.034118502878925,47.113898811827525,8172487.0
2009-12-11,False,daily,64.74,65.16,64.72,64.85,7194552.0,46.954338193930326,47.2589539190068,46.9398326832124,47.034118502878925,7194552.0
2009-12-10,False,daily,64.65,65.0,64.39,64.77,8841901.0,46.88906339569966,47.14290983326338,46.7004917563666,46.97609646000722,8841901.0
2009-12-09,False,daily,64.4,64.4,64.03,64.38,8911571.0,46.70774451172557,46.70774451172557,46.43939256344392,46.69323900100763,8911571.0
2009-12-08,False,daily,64.5,64.64,63.93,64.25,11074177.0,46.7802720653152,46.881810640340696,46.36686500985428,46.598953181341116,11074177.0
2009-12-07,False,daily,64.48,64.76,64.19,64.37,9106596.0,46.76576655459728,46.96884370464826,46.55543664918733,46.68598624564868,9106596.0
2009-12-04,False,daily,64.74,65.28,64.16,64.36,14992556.0,46.954338193930326,47.34598698331436,46.53367838311044,46.67873349028971,14992556.0
2009-12-03,False,daily,64.05,64.73,63.87,64.16,12520212.0,46.45389807416184,46.94708543857137,46.32334847770049,46.53367838311044,12520212.0
2009-12-02,False,daily,63.51,64.24,63.44,63.88,10896074.0,46.062249284777806,46.59170042598215,46.01147999726506,46.33060123305946,10896074.0
2009-12-01,False,daily,62.95,63.66,62.95,63.51,12302207.0,45.656094984675846,46.171040615162255,45.656094984675846,46.062249284777806,12302207.0
2009-11-30,False,daily,62.78,62.98,62.2375,62.84,10815323.0,45.532798143573466,45.67785325075273,45.13933616534969,45.57631467572725,10815323.0
2009-11-27,False,daily,62.52,63.09,62.01,62.89,6081102.0,45.34422650424041,45.75763355970134,44.97433598093327,45.612578452522065,6081102.0
2009-11-25,False,daily,63.38,63.44,62.93,63.3,7186673.0,45.96796346511128,46.01147999726506,45.641589473957914,45.90994142223957,7186673.0
2009-11-24,False,daily,62.93,63.4,62.65,63.18,9681122.0,45.641589473957914,45.98246897582921,45.438512323906934,45.82290835793201,9681122.0
2009-11-23,False,daily,62.49,63.1,62.42,62.69,13868006.0,45.32246823816352,45.7648863150603,45.27169895065077,45.46752334534279,13868006.0
2009-11-20,False,daily,61.82,62.62,61.72,62.31,16300134.0,44.83653362911296,45.41675405783005,44.76400607552332,45.19191864170217,16300134.0
2009-11-19,False,daily,62.24,62.49,61.64,62.43,13298433.0,44.78684592341011,44.96674167342381,44.35509612337724,44.92356669342052,13298433.0
2009-11-18,False,daily,62.07,62.49,61.95,62.32,11523015.0,44.664516813400795,44.96674167342381,44.57816685339422,44.844412563414494,11523015.0
2009-11-17,False,daily,61.96,62.44,61.79,62.17,11426326.0,44.58536268339477,44.930762523421066,44.46303357338545,44.73647511340628,11426326.0
2009-11-16,False,daily,61.45,62.35,61.41,62.19,13768148.0,44.21837535336683,44.86600005341614,44.18959203336463,44.75086677340737,13768148.0
2009-11-13,False,daily,61.09,61.58,61.04,61.43,9951134.0,43.95932547334711,44.31192114337395,43.92334632334436,44.20398369336573,9951134.0
2009-11-12,False,daily,60.64,61.43,60.62,61.15,13683158.0,43.63551312332245,44.20398369336573,43.62112146332135,44.002500453350386,13683158.0
2009-11-11,False,daily,60.9,61.07,60.65,60.87,11179532.0,43.822604703336694,43.944933813346005,43.642708953322995,43.801017213335044,11179532.0
2009-11-10,False,daily,60.74,61.39,60.6,61.23,11776433.0,43.70747142332793,44.17520037336354,43.606729803320256,44.060067093354775,11776433.0
2009-11-09,False,daily,60.42,60.75,60.29,60.75,11773978.0,43.4772048633104,43.71466725332847,43.38365907330327,43.71466725332847,11773978.0
2009-11-06,False,daily,59.94,60.34,59.57,60.3,8518646.0,43.131805023284095,43.419638223306016,42.86555931326382,43.39085490330382,8518646.0
2009-11-05,False,daily,59.81,60.2,59.68,59.98,9190291.0,43.038259233276975,43.31889660329834,42.94471344326985,43.160588343286285,9190291.0
2009-11-04,False,daily,59.13,60.06,58.97,59.52,13928671.0,42.54894279323972,43.218154983290674,42.43380951323095,42.829580163261085,13928671.0
2009-11-03,False,daily,60.04,60.04,58.8,58.93,17176970.0,43.20376332328957,43.20376332328957,42.31148040322163,42.40502619322876,17176970.0
2009-11-02,False,daily,59.15,59.87,58.91,59.49,12297779.0,42.56333445324081,43.08143421328026,42.39063453322766,42.80799267325944,12297779.0
2009-10-30,False,daily,59.71,59.88,58.78,59.05,20967414.0,42.96630093327149,43.08863004328081,42.29708874322054,42.49137615323533,20967414.0
2009-10-29,False,daily,59.82,60.02,59.51,59.86,13954428.0,43.04545506327752,43.18937166328848,42.82238433326054,43.07423838327971,13954428.0
2009-10-28,False,daily,60.02,60.1,59.5,59.57,13837194.0,43.18937166328848,43.246938303292865,42.81518850325999,42.86555931326382,13837194.0
2009-10-27,False,daily,60.3,60.4,59.94,60.02,10269713.0,43.39085490330382,43.462813203309295,43.131805023284095,43.18937166328848,10269713.0
2009-10-26,False,daily,60.69,60.93,59.96,60.09,11809158.0,43.671492273325185,43.84419219333834,43.14619668328519,43.23974247329232,11809158.0
2009-10-23,False,daily,60.86,61.05,60.12,60.54,10743842.0,43.7938213833345,43.93054215334491,43.26132996329395,43.56355482331697,10743842.0
2009-10-22,False,daily,60.15,61.24,60.04,60.94,9930393.0,43.282917453295596,44.06726292335532,43.20376332328957,43.851388023338885,9930393.0
2009-10-21,False,daily,60.6,61.08,60.28,60.31,12530380.0,43.606729803320256,43.95212964334655,43.37646324330272,43.398050733304366,12530380.0
2009-10-20,False,daily,61.31,61.59,60.51,60.59,15725811.0,44.117633733359156,44.3191169733745,43.54196733331532,43.59953397331971,15725811.0
2009-10-19,False,daily,60.61,61.47,60.42,61.16,11443203.0,43.613925633320804,44.23276701336792,43.4772048633104,44.009696283350934,11443203.0
2009-10-16,False,daily,60.57,60.71,60.25,60.46,13912678.0,43.58514231331861,43.68588393332628,43.35487575330108,43.50598818331259,13912678.0
2009-10-15,False,daily,60.43,60.94,60.29,60.94,14076602.0,43.48440069331094,43.851388023338885,43.38365907330327,43.851388023338885,14076602.0
2009-10-14,False,daily,61.21,61.24,60.14,60.55,18952359.0,44.04567543335368,44.06726292335532,43.275721623295055,43.57075065331752,18952359.0
2009-10-13,False,daily,60.92,61.4,60.63,61.01,23508204.0,43.83699636333779,44.182396203364085,43.6283172933219,43.90175883334272,23508204.0
2009-10-12,False,daily,61.89,62.74,61.87,62.53,12699820.0,44.534991873390936,45.146637423437504,44.520600213389834,44.995524993426,12699820.0
2009-10-09,False,daily,60.81,61.74,60.81,61.74,9248042.0,43.757842233331765,44.42705442338272,43.757842233331765,44.42705442338272,9248042.0
2009-10-08,False,daily,61.07,61.275,60.88,60.94,9220971.0,43.944933813346005,44.092448328357236,43.8082130433356,43.851388023338885,9220971.0
2009-10-07,False,daily,60.165,60.77,59.96,60.71,7271441.0,43.29371119829642,43.729058913329574,43.14619668328519,43.68588393332628,7271441.0
2009-10-06,False,daily,60.08,60.54,59.34,60.29,11766094.0,43.23254664329176,43.56355482331697,42.700055223251226,43.38365907330327,11766094.0
2009-10-05,False,daily,59.8,59.93,59.44,59.82,7114053.0,43.03106340327642,43.12460919328355,42.772013523256696,43.04545506327752,7114053.0
2009-10-02,False,daily,59.82,60.2,59.42,59.73,9125368.0,43.04545506327752,43.31889660329834,42.75762186325561,42.980692593272586,9125368.0
2009-10-01,False,daily,60.93,60.93,59.77,59.81,12207766.0,43.84419219333834,43.84419219333834,43.009475913274784,43.038259233276975,12207766.0
2009-09-30,False,daily,61.02,61.09,60.33,60.89,11039296.0,43.90895466334327,43.95932547334711,43.41244239330546,43.815408873336146,11039296.0
2009-09-29,False,daily,61.28,61.42,60.88,60.93,7556802.0,44.09604624335751,44.19678786336519,43.8082130433356,43.84419219333834,7556802.0
2009-09-28,False,daily,60.7,61.54,60.45,61.27,8721012.0,43.67868810332574,44.28313782337176,43.49879235331204,44.088850413356965,8721012.0
2009-09-25,False,daily,60.57,60.96,60.49,60.62,7883552.0,43.58514231331861,43.86577968333998,43.52757567331423,43.62112146332135,7883552.0
2009-09-24,False,daily,60.89,61.0,60.59,60.72,9290981.0,43.815408873336146,43.89456300334217,43.59953397331971,43.69307976332683,9290981.0
2009-09-23,False,daily,61.16,61.28,60.7,60.77,11175357.0,44.009696283350934,44.09604624335751,43.67868810332574,43.729058913329574,11175357.0
2009-09-22,False,daily,60.87,61.17,60.35,61.08,9997319.0,43.801017213335044,44.01689211335149,43.42683405330656,43.95212964334655,9997319.0
2009-09-21,False,daily,60.45,60.89,60.42,60.67,7237832.0,43.49879235331204,43.815408873336146,43.4772048633104,43.65710061332409,7237832.0
2009-09-18,False,daily,61.04,61.25,60.71,60.78,14463515.0,43.92334632334436,44.07445875335587,43.68588393332628,43.73625474333012,14463515.0
2009-09-17,False,daily,60.2,60.9,60.17,60.77,12261436.0,43.31889660329834,43.822604703336694,43.2973091132967,43.729058913329574,12261436.0
2009-09-16,False,daily,60.31,60.35,59.74,60.19,10831171.0,43.398050733304366,43.42683405330656,42.98788842327314,43.311700773297794,10831171.0
2009-09-15,False,daily,60.53,60.53,59.81,60.15,8321248.0,43.55635899331642,43.55635899331642,43.038259233276975,43.282917453295596,8321248.0
2009-09-14,False,daily,60.34,60.73,60.21,60.34,6656173.0,43.419638223306016,43.700275593327376,43.32609243329889,43.419638223306016,6656173.0
2009-09-11,False,daily,60.7,60.89,60.23,60.42,8480118.0,43.67868810332574,43.815408873336146,43.340484093299985,43.4772048633104,8480118.0
2009-09-10,False,daily,61.04,61.05,60.42,60.66,8825308.0,43.92334632334436,43.93054215334491,43.4772048633104,43.64990478332354,8825308.0
2009-09-09,False,daily,60.78,61.13,60.66,60.92,9303038.0,43.73625474333012,43.9881087933493,43.64990478332354,43.83699636333779,9303038.0
2009-09-08,False,daily,60.77,60.77,59.99,60.57,8792721.0,43.729058913329574,43.729058913329574,43.16778417328683,43.58514231331861,8792721.0
2009-09-04,False,daily,59.72,60.35,59.63,60.32,7425224.0,42.97349676327204,43.42683405330656,42.90873429326711,43.405246563304914,7425224.0
2009-09-03,False,daily,59.84,59.84,59.28,59.69,8725743.0,43.05984672327862,43.05984672327862,42.65688024324793,42.951909273270395,8725743.0
2009-09-02,False,daily,59.67,60.02,59.47,59.76,8586936.0,42.9375176132693,43.18937166328848,42.793601013258346,43.00228008327423,8586936.0
2009-09-01,False,daily,60.35,60.75,59.62,59.94,11890756.0,43.42683405330656,43.71466725332847,42.90153846326656,43.131805023284095,11890756.0
2009-08-31,False,daily,60.04,60.59,59.96,60.44,10181307.0,43.20376332328957,43.59953397331971,43.14619668328519,43.491596523311486,10181307.0
2009-08-28,False,daily,60.75,60.75,60.06,60.29,10897780.0,43.71466725332847,43.71466725332847,43.218154983290674,43.38365907330327,10897780.0
2009-08-27,False,daily,60.57,60.73,59.95,60.49,11031694.0,43.58514231331861,43.700275593327376,43.13900085328464,43.52757567331423,11031694.0
2009-08-26,False,daily,61.26,61.35,60.51,60.63,10865435.0,44.08165458335642,44.14641705336135,43.54196733331532,43.6283172933219,10865435.0
2009-08-25,False,daily,61.02,61.49,60.85,61.14,10811438.0,43.90895466334327,44.24715867336902,43.786625553333955,43.995304623349845,10811438.0
2009-08-24,False,daily,61.18,61.28,60.69,61.28,10500665.0,44.024087943352036,44.09604624335751,43.671492273325185,44.09604624335751,10500665.0
2009-08-21,False,daily,61.09,61.42,60.61,61.03,12594465.0,43.95932547334711,44.19678786336519,43.613925633320804,43.916150493343814,12594465.0
2009-08-20,False,daily,60.55,61.19,60.178,60.95,9955230.0,43.22046898276582,43.67729970364064,42.95493612625734,43.50598818331259,9955230.0
2009-08-19,False,daily,59.77,60.49,59.68,60.37,10499325.0,42.663706541699646,43.177641102683815,42.599464721576624,43.091985342519784,10499325.0
2009-08-18,False,daily,59.95,59.95,59.5,59.8,8803074.0,42.79219018194569,42.79219018194569,42.47098108133058,42.68512048174065,8803074.0
2009-08-17,False,daily,59.6,60.2,59.59,59.82,12926075.0,42.542360881467275,42.97063968228741,42.53522290145361,42.69939644176799,12926075.0
2009-08-14,False,daily,60.42,60.7,59.64,60.08,8961190.0,43.12767524258813,43.32753868297086,42.57091280152195,42.88498392212338,8961190.0
2009-08-13,False,daily,60.69,60.69,60.05,60.32,8338172.0,43.320400702957194,43.320400702957194,42.863569982082375,43.05629544245144,8338172.0
2009-08-12,False,daily,60.26,61.05,60.03,60.59,8219631.0,43.01346756236942,43.57736798344928,42.84929402205504,43.249020902820504,8219631.0
2009-08-11,False,daily,60.68,60.92,60.15,60.22,8302229.0,43.31326272294353,43.48457424327158,42.934949782219064,42.984915642314746,8302229.0
2009-08-10,False,daily,60.08,60.72,59.55,60.72,9519090.0,42.88498392212338,43.3418146429982,42.506670981398926,43.3418146429982,9519090.0
2009-08-07,False,daily,59.96,60.43,59.85,59.9,9974831.0,42.79932816195936,43.1348132226018,42.720810381808995,42.756500281877344,9974831.0
2009-08-06,False,daily,60.67,60.67,59.7,59.93,10835387.0,43.30612474292985,43.30612474292985,42.613740681603964,42.77791422191835,10835387.0
2009-08-05,False,daily,61.19,61.23,60.29,60.45,8575133.0,43.67729970364064,43.70585162369532,43.034881502410435,43.14908918262914,8575133.0
2009-08-04,False,daily,60.88,61.15,60.67,61.06,8910369.0,43.45602232321691,43.64874778358597,43.30612474292985,43.584505963462945,8910369.0
2009-08-03,False,daily,61.16,61.19,60.43,61.1,11180664.0,43.655885763599635,43.67729970364064,43.1348132226018,43.61305788351763,11180664.0
2009-07-31,False,daily,61.83,62.17,60.78,60.89,13232964.0,44.13413042451546,44.376821744980205,43.38464252308022,43.46316030323057,13232964.0
2009-07-30,False,daily,61.66,62.47,61.52,61.79,12637778.0,44.01278476428308,44.590961145390274,43.912853044091726,44.10557850446078,12637778.0
2009-07-29,False,daily,60.74,61.44,60.69,61.16,10522931.0,43.35609060302554,43.85574920398237,43.320400702957194,43.655885763599635,10522931.0
2009-07-28,False,daily,61.03,61.57,60.6,60.92,9025458.0,43.56309202342194,43.94854294416007,43.25615888283417,43.48457424327158,9025458.0
2009-07-27,False,daily,61.49,61.69,60.62,61.27,7940505.0,43.89143910405071,44.03419870432409,43.270434842861505,43.73440354375,7940505.0
2009-07-24,False,daily,60.26,61.62,60.22,61.51,11413426.0,43.01346756236942,43.98423284422841,42.984915642314746,43.90571506407805,11413426.0
2009-07-23,False,daily,59.26,60.35,59.1,60.22,12494636.0,42.299669561002524,43.07770938249245,42.18546188078382,42.984915642314746,12494636.0
2009-07-22,False,daily,59.45,59.8347,58.95,59.19,9358541.0,42.43529118126224,42.70988927238808,42.07839218057879,42.24970370090684,9358541.0
2009-07-21,False,daily,59.33,59.9,58.82,59.49,11222533.0,42.349635421098206,42.756500281877344,41.98559844040109,42.46384310131691,11222533.0
2009-07-20,False,daily,59.46,59.46,58.74,59.06,9226539.0,42.4424291612759,42.4424291612759,41.928494600291735,42.156909960729145,9226539.0
2009-07-17,False,daily,59.56,59.56,58.74,59.23,11310939.0,42.5138089614126,42.5138089614126,41.928494600291735,42.27825562096152,11310939.0
2009-07-16,False,daily,58.94,59.7,58.82,59.25,11595993.0,42.071254200565114,42.613740681603964,41.98559844040109,42.29253158098886,11595993.0
2009-07-15,False,daily,58.46,59.0,58.22,58.96,12987016.0,41.72863115990901,42.11408208064713,41.557319639580946,42.085530160592455,12987016.0
2009-07-14,False,daily,58.0,58.71,57.44,58.23,20434020.0,41.40028407928023,41.90708066025073,41.00055719851476,41.56445761959461,20434020.0
2009-07-13,False,daily,56.91,57.86,56.77,57.72,13564831.0,40.62224425779031,41.30035235908886,40.52231253759894,41.2004206388975,13564831.0
2009-07-10,False,daily,56.34,57.38,56.25,56.93,13661829.0,40.215379397011176,40.957729318432754,40.15113757688815,40.63652021781765,13661829.0
2009-07-09,False,daily,57.1,57.25,56.29,56.69,11324998.0,40.75786587805002,40.86493557825506,40.17968949694283,40.46520869748959,11324998.0
2009-07-08,False,daily,56.45,57.22,56.23,57.08,15414129.0,40.29389717716154,40.84352163821405,40.13686161686081,40.74358991802268,15414129.0
2009-07-07,False,daily,56.61,56.71,56.13,56.23,9678563.0,40.40810485738024,40.47948465751693,40.06548181672413,40.13686161686081,9678563.0
2009-07-06,False,daily,56.11,56.76,55.71,56.62,12879492.0,40.05120585669679,40.515174557585276,39.76568665615003,40.415242837393905,12879492.0
2009-07-03,False,daily,56.73,56.73,55.95,55.98,15119928.0,40.49376061754426,40.49376061754426,39.936998176478085,39.95841211651909,15119928.0
2009-07-02,False,daily,56.73,56.73,55.95,55.98,15119928.0,40.49376061754426,40.49376061754426,39.936998176478085,39.95841211651909,15119928.0
2009-07-01,False,daily,56.82,57.18,56.39,57.07,15317945.0,40.55800243766729,40.814969718159375,40.25106929707952,40.73645193800901,15317945.0
2009-06-30,False,daily,57.23,57.23,56.23,56.8,15974878.0,40.850659618227716,40.850659618227716,40.13686161686081,40.54372647763995,15974878.0
2009-06-29,False,daily,56.61,57.0,56.03,56.96,13814216.0,40.40810485738024,40.68648607791333,39.99410201658744,40.657934157858655,13814216.0
2009-06-26,False,daily,56.21,56.6,55.65,56.6,32298194.0,40.12258565683348,40.40096687736657,39.722858776068016,40.40096687736657,32298194.0
2009-06-25,False,daily,55.31,56.44,55.12,56.27,14239869.0,39.48016745560327,40.286759197147866,39.34454583534355,40.165413536915494,14239869.0
2009-06-24,False,daily,55.26,55.83,55.0382,55.46,12467686.0,39.444477555534924,39.851342416314054,39.28615715883175,39.5872371558083,12467686.0
2009-06-23,False,daily,55.54,55.59,54.91,55.01,12447362.0,39.64434099591765,39.680030895986,39.19464825505651,39.266028055193196,12447362.0
2009-06-22,False,daily,55.87,55.96,55.385,55.49,13237792.0,39.87989433636873,39.94413615649175,39.53370230570579,39.60865109584931,13237792.0
2009-06-19,False,daily,56.3,56.65,55.91,56.09,19334924.0,40.186827476956495,40.43665677743491,39.9084462564234,40.036929896669456,19334924.0
2009-06-18,False,daily,55.37,56.17,55.01,55.79,12104222.0,39.52299533568528,40.094033736778805,39.266028055193196,39.82279049625938,12104222.0
2009-06-17,False,daily,54.68,55.53,54.55,55.2,13061747.0,39.03047471474212,39.637203015903985,38.93768097456442,39.40164967545291,13061747.0
2009-06-16,False,daily,55.01,55.32,54.59,54.62,12606732.0,39.266028055193196,39.48730543561694,38.966232894619104,38.987646834660104,12606732.0
2009-06-15,False,daily,55.84,55.98,54.54,54.75,14810459.0,39.85848039632773,39.95841211651909,38.930542994550756,39.0804405748378,14810459.0
2009-06-12,False,daily,55.88,56.54,55.72,56.06,11882289.0,39.8870323163824,40.358138997284556,39.7728246361637,40.01551595662845,11882289.0
2009-06-11,False,daily,55.65,56.48,55.61,56.05,12778316.0,39.722858776068016,40.31531111720254,39.69430685601334,40.008377976614774,12778316.0
2009-06-10,False,daily,56.02,56.25,55.22,55.66,13263830.0,39.98696403657377,40.15113757688815,39.41592563548025,39.72999675608168,13263830.0
2009-06-09,False,daily,56.03,56.25,55.65,55.7,11173701.0,39.99410201658744,40.15113757688815,39.722858776068016,39.758548676136364,11173701.0
2009-06-08,False,daily,55.72,56.14,55.16,55.63,9891181.0,39.7728246361637,40.0726197967378,39.37309775539823,39.708582816040675,9891181.0
2009-06-05,False,daily,55.81,56.2,55.14,55.93,10215437.0,39.83706645628672,40.11544767681981,39.35882179537089,39.922722216450744,10215437.0
2009-06-04,False,daily,56.36,56.4,55.47,55.84,12219859.0,40.22965535703851,40.25820727709319,39.59437513582197,39.85848039632773,12219859.0
2009-06-03,False,daily,55.88,56.3,55.66,56.16,11191220.0,39.8870323163824,40.186827476956495,39.72999675608168,40.08689575676513,11191220.0
2009-06-02,False,daily,56.05,56.48,55.62,56.21,10276923.0,40.008377976614774,40.31531111720254,39.70144483602701,40.12258565683348,10276923.0
2009-06-01,False,daily,55.75,56.05,55.27,55.78,12454302.0,39.794238576204705,40.008377976614774,39.4516155355486,39.81565251624571,12454302.0
2009-05-29,False,daily,54.59,55.28,54.0,55.16,12505237.0,38.966232894619104,39.458753515562265,38.545092073812626,39.37309775539823,12505237.0
2009-05-28,False,daily,54.25,54.92,53.86,54.53,10890993.0,38.72354157415435,39.20178623507018,38.44516035362126,38.92340501453709,10890993.0
2009-05-27,False,daily,55.44,55.5,54.16,54.22,12480572.0,39.57296119578096,39.61578907586298,38.65929975403133,38.702127634113346,12480572.0
2009-05-26,False,daily,54.69,55.42,54.12,55.26,11389964.0,39.037612694755786,39.55868523575363,38.630747833976656,39.444477555534924,11389964.0
2009-05-22,False,daily,55.1,55.44,54.63,54.77,7425815.0,39.33026987531622,39.57296119578096,38.99478481467378,39.09471653486514,7425815.0
2009-05-21,False,daily,55.43,55.58,54.45,54.99,12500763.0,39.565823215767296,39.67289291597233,38.86630117442773,39.25175209516586,12500763.0
2009-05-20,False,daily,56.22,56.48,55.8,55.87,13729910.0,39.77777152333265,39.96173133471768,39.48060567417222,39.530133315698954,13729910.0
2009-05-19,False,daily,56.21,56.21,55.7,55.89,13351167.0,39.77069614597169,39.77069614597169,39.40985190056259,39.544284070420886,13351167.0
2009-05-18,False,daily,55.8,56.12,55.22,56.05,12888195.0,39.48060567417222,39.70701774972303,39.070233787236376,39.657490108196285,12888195.0
2009-05-15,False,daily,55.0,55.44,54.71,55.41,16430647.0,38.9145754852952,39.225892089177556,38.70938954182728,39.20466595709467,16430647.0
2009-05-14,False,daily,55.32,55.4,54.76,55.02,11986210.0,39.14098756084601,39.197590579733706,38.74476642863209,38.92872624001713,11986210.0
2009-05-13,False,daily,54.7,55.44,54.51,55.15,10972339.0,38.702314164466316,39.225892089177556,38.56788199460802,39.02070614570964,10972339.0
2009-05-12,False,daily,54.48,55.17,53.9,55.0,11825937.0,38.546655862525135,39.03485690043157,38.13628397558929,38.9145754852952,11825937.0
2009-05-11,False,daily,54.56,54.87,54.0,54.11,13073515.0,38.60325888141284,38.822595579602684,38.207037749198925,38.28486690016951,13073515.0
2009-05-08,False,daily,55.07,55.5,54.7,54.98,13030656.0,38.96410312682194,39.26834435334334,38.702314164466316,38.90042473057327,13030656.0
2009-05-07,False,daily,53.88,55.0,53.54,54.89,15244702.0,38.12213322086737,38.9145754852952,37.88157039059463,38.83674633432461,15244702.0
2009-05-06,False,daily,54.75,54.75,53.58,54.21,16618539.0,38.73769105127113,38.73769105127113,37.90987190003849,38.35562067377914,16618539.0
2009-05-05,False,daily,53.75,54.4,53.45,54.36,13320673.0,38.03015331517486,38.490052843637436,37.81789199434597,38.46175133419358,13320673.0
2009-05-04,False,daily,52.61,53.9,52.6,53.76,15115259.0,37.2235602960251,38.13628397558929,37.216484918664136,38.03722869253581,15115259.0
2009-05-01,False,daily,52.53,52.59,51.67,52.59,12505184.0,37.1669572771374,37.209409541303174,36.5584748240946,37.209409541303174,12505184.0
2009-04-30,False,daily,51.47,52.61,51.35,52.36,20004527.0,36.41696727687534,37.2235602960251,36.33206274854379,37.04667586200103,20004527.0
2009-04-29,False,daily,51.05,51.09,50.12,51.03,18496674.0,36.119801427714904,36.14810293715876,35.46179133314537,36.10565067299298,18496674.0
2009-04-28,False,daily,50.78,51.28,50.41,50.65,12084043.0,35.92876623896891,36.282535107017054,35.66697727661329,35.83678633327639,12084043.0
2009-04-27,False,daily,51.32,51.7128,50.63,50.86,13056781.0,36.310836616460904,36.58875743919952,35.822635578554475,35.98536925785662,13056781.0
2009-04-24,False,daily,51.76,51.84,50.64,50.92,14768208.0,36.622153220343264,36.67875623923097,35.82971095591544,36.02782152202239,14768208.0
2009-04-23,False,daily,51.38,51.51,50.31,51.4,14595692.0,36.35328888062668,36.44526878631919,35.596223503003664,36.3674396353486,14595692.0
2009-04-22,False,daily,52.1,52.15,51.11,51.18,13348635.0,36.862716050616,36.89809293742081,36.162253691880686,36.21178133340742,13348635.0
2009-04-21,False,daily,52.55,52.88,52.0,52.46,12236675.0,37.18110803185932,37.4145954847711,36.79196227700637,37.117429635610655,12236675.0
2009-04-20,False,daily,53.17,53.49,52.34,52.47,15308804.0,37.619781428239015,37.84619350378982,37.032525107279106,37.12450501297162,15308804.0
2009-04-17,False,daily,52.5,53.37,52.25,53.05,17691792.0,37.145731145054505,37.761288975458264,36.96884671103044,37.53487689990746,17691792.0
2009-04-16,False,daily,51.91,52.32,51.55,52.2,12216787.0,36.7282838807577,37.01837435255718,36.47357029576305,36.933469824225625,12216787.0
2009-04-15,False,daily,51.79,52.08,51.35,51.77,11504650.0,36.64337935242615,36.84856529589407,36.33206274854379,36.62922859770423,11504650.0
2009-04-14,False,daily,51.99,52.46,51.21,51.37,20773097.0,36.78488689964541,37.117429635610655,36.23300746549031,36.346213503265716,20773097.0
2009-04-13,False,daily,51.27,51.56,51.0,51.15,12069061.0,36.27545972965609,36.48064567312401,36.08442454091009,36.190555201324536,12069061.0
2009-04-09,False,daily,51.99,52.06,51.1,51.41,15059202.0,36.78488689964541,36.83441454117215,36.15517831451972,36.374515012709566,15059202.0
2009-04-08,False,daily,51.54,51.87,51.2,51.45,10943231.0,36.466494918402084,36.69998237131385,36.22593208812935,36.40281652215342,10943231.0
2009-04-07,False,daily,51.89,52.0,51.28,51.36,13132062.0,36.71413312603578,36.79196227700637,36.282535107017054,36.33913812590475,13132062.0
2009-04-06,False,daily,52.03,52.54,51.67,52.2,12768676.0,36.81318840908926,37.17403265449836,36.5584748240946,36.933469824225625,12768676.0
2009-04-03,False,daily,53.0,53.3,51.75,52.15,15214462.0,37.49950001310265,37.71176133393153,36.6150778429823,36.89809293742081,15214462.0
2009-04-02,False,daily,53.29,54.13,52.66,52.97,17423079.0,37.704685956570565,38.29901765489144,37.25893718282991,37.47827388101976,17423079.0
2009-04-01,False,daily,52.3,53.2,51.88,53.04,13730995.0,37.00422359783525,37.6410075603219,36.70705774867482,37.5278015225465,13730995.0
2009-03-31,False,daily,53.36,53.5,52.41,52.6,18518507.0,37.75421359809731,37.85326888115078,37.08205274880584,37.216484918664136,18518507.0
2009-03-30,False,daily,52.54,53.46,52.36,53.01,15744071.0,37.17403265449836,37.82496737170693,37.04667586200103,37.50657539046361,15744071.0
2009-03-27,False,daily,52.69,53.29,52.55,52.83,11293560.0,37.2801633149128,37.704685956570565,37.18110803185932,37.37921859796628,11293560.0
2009-03-26,False,daily,53.08,53.7,52.25,52.9,14584214.0,37.55610303199035,37.994776428370045,36.96884671103044,37.428746239493016,14584214.0
2009-03-25,False,daily,52.98,53.27,52.01,52.86,15821995.0,37.485349258380715,37.69053520184865,36.79903765436733,37.400444730049166,15821995.0
2009-03-24,False,daily,52.99,53.6,52.31,52.7,17093678.0,37.492424635741685,37.924022654760414,37.01129897519622,37.28723869227377,17093678.0
2009-03-23,False,daily,52.38,53.23,51.67,53.23,18823435.0,37.060826616722956,37.66223369240479,36.5584748240946,37.66223369240479,18823435.0
2009-03-20,False,daily,51.09,52.0,50.89,51.67,27595682.0,36.14810293715876,36.79196227700637,36.006595389939505,36.5584748240946,27595682.0
2009-03-19,False,daily,51.16,51.16,49.49,50.06,18964152.0,36.1976305786855,36.1976305786855,35.01604255940472,35.419339068979596,18964152.0
2009-03-18,False,daily,50.69,51.58,50.25,50.66,16155253.0,35.86508784272025,36.494796427845934,35.55377123883789,35.843861710637356,16155253.0
2009-03-17,False,daily,50.7,50.79,49.46,50.72,17348210.0,35.87216322008121,35.935841616329874,34.99481642732183,35.88631397480314,17348210.0
2009-03-16,False,daily,51.13,51.51,50.65,50.73,16547570.0,36.17640444660261,36.44526878631919,35.83678633327639,35.8933893521641,16547570.0
2009-03-13,False,daily,49.68,50.79,49.25,50.64,16509571.0,35.15047472926301,35.935841616329874,34.84623350274161,35.82971095591544,16509571.0
2009-03-12,False,daily,47.72,49.32,47.33,49.0,16337280.0,33.763700766514305,34.89576114426835,33.487761049436756,34.669349068717544,16337280.0
2009-03-11,False,daily,48.22,48.73,47.57,47.9,16569271.0,34.11746963456245,34.478313879971545,33.65757010609987,33.891057559011635,16569271.0
2009-03-10,False,daily,47.23,47.87,46.93,47.78,21883819.0,33.41700727582713,33.86983142692875,33.20474595499825,33.806153030680086,21883819.0
2009-03-09,False,daily,47.46,47.75,46.25,46.6,23305382.0,33.579740955129274,33.7849268985972,32.72362029445278,32.97125850208648,23305382.0
2009-03-06,False,daily,47.6,48.59,47.01,47.97,19202786.0,33.678796238182755,34.37925859691807,33.26134897388595,33.94058520053837,19202786.0
2009-03-05,False,daily,48.31,48.61,47.41,47.67,22349512.0,34.18114803081111,34.393409351639995,33.54436406832446,33.72832387970949,22349512.0
2009-03-04,False,daily,47.98,49.37,47.39,49.1,24254438.0,33.947660577899335,34.93113803107316,33.53021331360254,34.74010284232717,24254438.0
2009-03-03,False,daily,47.98,48.53,47.34,47.64,25993754.0,33.947660577899335,34.33680633275229,33.494836426797725,33.707097747626605,25993754.0
2009-03-02,False,daily,49.03,49.43,47.84,47.92,27904176.0,34.69057520080043,34.97359029523894,33.84860529484586,33.90520831373357,27904176.0
2009-02-27,False,daily,51.59,52.0,49.94,50.0,29880330.0,36.501871805206896,36.79196227700637,35.33443454064804,35.376886804813815,29880330.0
2009-02-26,False,daily,54.49,54.49,52.3,52.44,21288448.0,38.5537312398861,38.5537312398861,37.00422359783525,37.10327888088873,21288448.0
2009-02-25,False,daily,54.32,54.76,53.59,53.96,21018196.0,38.43344982474973,38.74476642863209,37.91694727739945,38.178736239755075,21018196.0
2009-02-24,False,daily,54.6,54.77,53.84,54.54,18849125.0,38.63156039085669,38.75184180599306,38.09383171142352,38.58910812669091,18849125.0
2009-02-23,False,daily,54.17,55.09,53.58,53.65,20501498.0,38.32731916433529,38.978253881543864,37.90987190003849,37.959399541565226,20501498.0
2009-02-20,False,daily,55.01,55.47,54.55,54.65,24426930.0,38.92165086265616,39.24711822126045,38.59618350405187,38.6669372776615,24426930.0
2009-02-19,False,daily,56.26,56.5,55.632,55.93,12200657.0,39.47868534110695,39.64709779190442,39.03800609485357,39.247118221260436,12200657.0
2009-02-18,False,daily,55.7,56.26,55.42,55.83,15517277.0,39.08572295591286,39.47868534110695,38.88924176331581,39.176946366761484,15517277.0
2009-02-17,False,daily,56.07,56.79,55.73,55.98,15247542.0,39.34535881755896,39.850596169951366,39.10677451226254,39.282204148509905,15247542.0
2009-02-13,False,daily,57.71,57.8,56.81,57.1,12563995.0,40.49617723134167,40.55933190039072,39.86463054085116,40.068128918898104,12563995.0
2009-02-12,False,daily,56.92,57.85,56.08,57.78,14427564.0,39.9418195808,40.59441782764019,39.35237600300885,40.54529752949093,14427564.0
2009-02-11,False,daily,56.88,57.37,56.53,57.33,14692544.0,39.91375083900042,40.257592926045255,39.66814934825411,40.229524184245676,14692544.0
2009-02-10,False,daily,57.98,58.5,56.6,56.73,16613162.0,40.68564123848882,41.050534881883344,39.71726964640337,39.808493057252,16613162.0
2009-02-09,False,daily,58.46,58.7,57.96,58.5,9357067.0,41.022466140083765,41.19087859088123,40.671606867589034,41.050534881883344,9357067.0
2009-02-06,False,daily,58.26,58.72,57.8,58.51,11458732.0,40.88212243108587,41.20491296178102,40.55933190039072,41.05755206733323,11458732.0
2009-02-05,False,daily,57.93,58.54,56.9929,58.11,14781332.0,40.65055531123935,41.07860362368292,39.99297486272973,40.776864649337455,14781332.0
2009-02-04,False,daily,58.71,59.13,57.67,57.96,11439573.0,41.19789577633113,41.4926175652267,40.46810848954209,40.671606867589034,11439573.0
2009-02-03,False,daily,58.07,58.81,57.23,58.58,13182213.0,40.748795907537875,41.268067630830075,40.159352329746724,41.106672365482495,13182213.0
2009-02-02,False,daily,57.25,58.14,56.92,57.69,10934074.0,40.17338670064652,40.79791620568714,39.9418195808,40.48214286044188,10934074.0
2009-01-30,False,daily,58.18,58.39,57.25,57.69,13859052.0,40.82598494748672,40.9733458419345,40.17338670064652,40.48214286044188,13859052.0
2009-01-29,False,daily,58.17,58.77,57.65,58.28,16159280.0,40.81896776203682,41.239998889030495,40.4540741186423,40.89615680198566,16159280.0
2009-01-28,False,daily,58.23,58.75,57.9,58.56,18145665.0,40.861070874736185,41.22596451813071,40.62950375488967,41.09263799458271,18145665.0
2009-01-27,False,daily,56.85,57.735,56.51,57.54,14771856.0,39.89269928265074,40.5137201949664,39.65411497735432,40.37688507869346,14771856.0
2009-01-26,False,daily,56.2,56.95,55.8,56.55,16536304.0,39.43658222840759,39.96287113714968,39.1558948104118,39.6821837191539,16536304.0
2009-01-23,False,daily,56.15,56.39,55.1,55.97,21333936.0,39.40149630115811,39.56990875195559,38.66469182891918,39.27518696306001,21333936.0
2009-01-22,False,daily,56.37,56.97,55.61,56.87,19149457.0,39.555874381055794,39.97690550804947,39.02256828686381,39.906733653550525,19149457.0
2009-01-21,False,daily,57.59,57.59,55.09,56.36,22313009.0,40.41197100594294,40.41197100594294,38.65767464346929,39.5488571956059,22313009.0
2009-01-20,False,daily,56.51,58.03,56.5,56.75,23154443.0,39.65411497735432,40.720727165738296,39.64709779190442,39.82252742815179,23154443.0
2009-01-19,False,daily,58.07,58.07,56.63,57.44,20748361.0,40.748795907537875,40.748795907537875,39.738321202753056,40.30671322419452,20748361.0
2009-01-16,False,daily,58.07,58.07,56.63,57.44,20748361.0,40.748795907537875,40.748795907537875,39.738321202753056,40.30671322419452,20748361.0
2009-01-15,False,daily,58.09,58.2,56.01,57.62,20384243.0,40.76283027843767,40.84001931838651,39.30325570485959,40.433022562292614,20384243.0
2009-01-14,False,daily,58.55,58.59,57.38,57.95,16708362.0,41.08562080913281,41.1136895509324,40.26461011149515,40.664589682139145,16708362.0
2009-01-13,False,daily,58.6,59.12,58.38,58.84,15513400.0,41.12070673638229,41.485600379776805,40.966328656484606,41.289119187179764,15513400.0
2009-01-12,False,daily,59.08,59.41,58.15,58.34,15253776.0,41.457531637977226,41.68909875782375,40.804933391137034,40.938259914685034,15253776.0
2009-01-09,False,daily,59.14,59.55,58.55,59.05,14698676.0,41.4996347506766,41.787339354122274,41.08562080913281,41.43648008162754,14698676.0
2009-01-08,False,daily,59.66,59.89,58.63,59.02,17345706.0,41.864528394071115,42.02592365941869,41.14175829273197,41.41542852527786,17345706.0
2009-01-07,False,daily,59.24,59.82,58.75,59.13,14314184.0,41.56980660517554,41.976803361269425,41.22596451813071,41.4926175652267,14314184.0
2009-01-06,False,daily,60.33,60.44,58.9,59.69,22101578.0,42.33467981921405,42.411868859162894,41.33122229987912,41.8855799504208,22101578.0
2009-01-05,False,daily,60.42,60.77,59.36,60.05,15544182.0,42.39783448826311,42.64343597900942,41.654012830574274,42.138198626617005,15544182.0
2009-01-02,False,daily,60.13,61.0,59.04,60.65,11642631.0,42.19433611021616,42.80483124435699,41.42946289617765,42.55922975361068,11642631.0
2010-12-31,False,daily,61.9,62.09,61.75,61.85,4981307.0,46.47835014641735,46.621013902924936,46.365720864964,46.44080705259957,4981307.0
2010-12-30,False,daily,62.1,62.19,61.9,61.94,5770255.0,46.62852252168849,46.6961000905605,46.47835014641735,46.50838462147158,5770255.0
2010-12-29,False,daily,62.12,62.44,62.1101,62.13,4975397.0,46.6435397592156,46.88381555964942,46.63610622663968,46.65104837797916,4975397.0
2010-12-28,False,daily,62.06,62.3,61.9,62.05,6354168.0,46.59848804663426,46.77869489695962,46.47835014641735,46.5909794278707,6354168.0
2010-12-27,False,daily,62.19,62.24,61.82,61.93,5163689.0,46.6961000905605,46.73364318437829,46.4182811963089,46.50087600270802,5163689.0
2010-12-23,False,daily,62.02,62.46,62.02,62.25,7250206.0,46.56845357158004,46.89883279717654,46.56845357158004,46.74115180314184,7250206.0
2010-12-22,False,daily,62.33,62.4,61.92,62.02,8850055.0,46.8012207532503,46.85378108459519,46.49336738394447,46.56845357158004,8850055.0
2010-12-21,False,daily,62.79,62.8,62.28,62.34,7908144.0,47.14661721637391,47.15412583513747,46.76367765943251,46.80872937201386,7908144.0
2010-12-20,False,daily,62.54,62.65,62.23,62.49,8906984.0,46.95890174728499,47.04149655368412,46.72613456561473,46.92135865346721,8906984.0
2010-12-17,False,daily,62.25,62.54,61.98,62.54,15960923.0,46.74115180314184,46.95890174728499,46.5384190965258,46.95890174728499,15960923.0
2010-12-16,False,daily,62.75,62.79,62.04,62.4,11150695.0,47.11658274131969,47.14661721637391,46.58347080910715,46.85378108459519,11150695.0
2010-12-15,False,daily,62.93,63.16,62.44,62.57,11535547.0,47.25173787906371,47.42443611062552,46.88381555964942,46.98142760357566,11535547.0
2010-12-14,False,daily,62.03,62.94,61.8901,62.77,13491176.0,46.57596219034359,47.25924649782727,46.470916613841425,47.1315999788468,13491176.0
2010-12-13,False,daily,61.8301,61.97,61.56,61.86,13673554.0,46.42586490126009,46.53091047776225,46.223057108456416,46.44831567136312,13673554.0
2010-12-10,False,daily,62.19,62.33,61.69,61.91,11459226.0,46.6961000905605,46.8012207532503,46.32066915238265,46.4858587651809,11459226.0
2010-12-09,False,daily,62.43,62.96,61.75,62.06,12965760.0,46.87630694088587,47.27426373535438,46.365720864964,46.59848804663426,12965760.0
2010-12-08,False,daily,62.22,62.56,62.14,62.45,7879147.0,46.71862594685117,46.97391898481211,46.65855699674272,46.89132417841298,7879147.0
2010-12-07,False,daily,62.56,62.74,62.25,62.31,9528777.0,46.97391898481211,47.10907412255613,46.74115180314184,46.78620351572319,9528777.0
2010-12-06,False,daily,62.31,62.48,62.2,62.2,8988972.0,46.78620351572319,46.91385003470365,46.70360870932406,46.70360870932406,8988972.0
2010-12-03,False,daily,62.51,62.77,62.23,62.56,9882724.0,46.93637589099432,47.1315999788468,46.72613456561473,46.97391898481211,9882724.0
2010-12-02,False,daily,62.39,62.88,62.27,62.6,10160313.0,46.84627246583164,47.21419478524593,46.75616904066896,47.00395345986634,10160313.0
2010-12-01,False,daily,62.18,62.48,61.82,62.42,15364681.0,46.68859147179694,46.91385003470365,46.4182811963089,46.86879832212231,15364681.0
2010-11-30,False,daily,61.48,61.8199,61.25,61.55,12633463.0,46.16298815834796,46.418206110121254,45.99028992678615,46.21554848969286,12633463.0
2010-11-29,False,daily,61.81,62.01,61.39,61.91,12019300.0,46.41077257754534,46.56094495281648,46.09541058947595,46.4858587651809,12019300.0
2010-11-26,False,daily,62.5,62.57,62.14,62.3,4638810.0,46.92886727223077,46.98142760357566,46.65855699674272,46.77869489695962,4638810.0
2010-11-24,False,daily,63.03,63.49,62.93,63.29,9635957.0,46.92302433536706,47.26547382282175,46.84857879461604,47.11658274131971,9635957.0
2010-11-23,False,daily,62.99,63.25,62.65,62.87,14766468.0,46.89324611906665,47.0868045250193,46.64013128051319,46.80391147016543,14766468.0
2010-11-22,False,daily,63.5,63.82,63.09,63.62,11179126.0,47.27291837689685,47.511144107300105,46.967691659817675,47.36225302579807,11179126.0
2010-11-19,False,daily,63.89,64.22,63.65,63.83,12890323.0,47.56325598582582,47.808926270304184,47.384586688023376,47.518588661375205,12890323.0
2010-11-18,False,daily,63.47,64.0,63.3,63.83,9400928.0,47.25058471467154,47.64514608065194,47.12402729539481,47.518588661375205,9400928.0
2010-11-17,False,daily,63.13,63.29,62.92,63.06,7416862.0,46.99746987611808,47.11658274131971,46.84113424054094,46.94535799759237,7416862.0
2010-11-16,False,daily,63.65,63.95,62.65,63.14,15671771.0,47.384586688023376,47.60792331027643,46.64013128051319,47.00491443019318,15671771.0
2010-11-15,False,daily,64.11,64.69,63.98,64.14,12729324.0,47.72703617547806,48.15882031183397,47.63025697250173,47.74936983770337,12729324.0
2010-11-12,False,daily,63.69,64.09,63.51,63.67,12944728.0,47.41436490432378,47.71214706732786,47.28036293097195,47.39947579617358,12944728.0
2010-11-11,False,daily,63.7,63.95,63.58,63.92,9109405.0,47.42180945839889,47.60792331027643,47.33247480949766,47.585589648051126,9109405.0
2010-11-10,False,daily,64.24,64.34,63.55,63.95,10795327.0,47.823815378454384,47.898260919205406,47.310141147272354,47.60792331027643,10795327.0
2010-11-09,False,daily,64.47,64.5,64.1,64.31,9225484.0,47.99504012218173,48.017373784407035,47.719591621402955,47.8759272569801,9225484.0
2010-11-08,False,daily,64.56,64.61,64.1,64.33,8485002.0,48.06204110885765,48.099263879233156,47.719591621402955,47.8908163651303,8485002.0
2010-11-05,False,daily,64.75,64.84,64.1,64.65,9276460.0,48.20348763628458,48.2704886229605,47.719591621402955,48.12904209553356,9276460.0
2010-11-04,False,daily,64.32,64.92,64.24,64.76,11337319.0,47.8833718110552,48.330045055561314,47.823815378454384,48.210932190359685,11337319.0
2010-11-03,False,daily,63.99,64.2,63.55,64.19,9322008.0,47.63770152657684,47.79403716215398,47.310141147272354,47.78659260807888,9322008.0
2010-11-02,False,daily,63.94,64.2,63.72,63.88,8632040.0,47.600478756201326,47.79403716215398,47.43669856654909,47.55581143175072,8632040.0
2010-11-01,False,daily,63.88,64.09,63.31,63.69,9360103.0,47.55581143175072,47.71214706732786,47.13147184946991,47.41436490432378,9360103.0
2010-10-29,False,daily,63.64,63.84,63.32,63.74,9309827.0,47.377142133948276,47.52603321545031,47.13891640354501,47.45158767469929,9309827.0
2010-10-28,False,daily,63.94,64.11,63.51,63.56,10121551.0,47.600478756201326,47.72703617547806,47.28036293097195,47.31758570134746,10121551.0
2010-10-27,False,daily,63.58,63.69,63.28,63.57,11916024.0,47.33247480949766,47.41436490432378,47.10913818724461,47.32503025542256,11916024.0
2010-10-26,False,daily,63.85,63.95,63.61,63.84,7122806.0,47.53347776952541,47.60792331027643,47.35480847172297,47.52603321545031,7122806.0
2010-10-25,False,daily,64.04,64.23,63.85,63.98,7795426.0,47.674924296952355,47.816370824379284,47.53347776952541,47.63025697250173,7795426.0
2010-10-22,False,daily,64.08,64.12,63.64,63.81,6774819.0,47.704702513252755,47.73448072955317,47.377142133948276,47.503699553225005,6774819.0
2010-10-21,False,daily,63.86,64.22,63.52,63.99,11111650.0,47.54092232360051,47.808926270304184,47.287807485047054,47.63770152657684,11111650.0
2010-10-20,False,daily,63.32,64.03,63.06,63.6,10206703.0,47.13891640354501,47.66747974287725,46.94535799759237,47.34736391764787,10206703.0
2010-10-19,False,daily,62.89,63.67,62.5,63.29,17235434.0,46.81880057831563,47.39947579617358,46.52846296938666,47.11658274131971,17235434.0
2010-10-18,False,daily,63.69,63.98,63.25,63.86,10849232.0,47.41436490432378,47.63025697250173,47.0868045250193,47.54092232360051,10849232.0
2010-10-15,False,daily,63.98,64.0,63.14,63.57,13265028.0,47.63025697250173,47.64514608065194,47.00491443019318,47.32503025542256,13265028.0
2010-10-14,False,daily,63.79,63.8,63.39,63.74,8654231.0,47.4888104450748,47.496254999149905,47.191028282070725,47.45158767469929,8654231.0
2010-10-13,False,daily,63.43,63.79,63.29,63.58,10104633.0,47.22080649837113,47.4888104450748,47.11658274131971,47.33247480949766,10104633.0
2010-10-12,False,daily,63.13,63.44,62.97,63.29,8707304.0,46.99746987611808,47.22825105244623,46.878357010916446,47.11658274131971,8707304.0
2010-10-11,False,daily,63.26,63.31,63.04,63.3,6173369.0,47.0942490790944,47.13147184946991,46.93046888944216,47.12402729539481,6173369.0
2010-10-08,False,daily,63.38,63.39,63.03,63.23,7358039.0,47.183583727995625,47.191028282070725,46.92302433536706,47.071915416869096,7358039.0
2010-10-07,False,daily,63.29,63.5,63.0,63.22,9827939.0,47.11658274131971,47.27291837689685,46.90069067314175,47.064470862793996,9827939.0
2010-10-06,False,daily,62.89,63.26,62.5,63.21,11339709.0,46.81880057831563,47.0942490790944,46.52846296938666,47.057026308718896,11339709.0
2010-10-05,False,daily,62.08,62.94,62.01,62.8,12439344.0,46.21579169823238,46.85602334869114,46.163679819706665,46.75179959163972,12439344.0
2010-10-04,False,daily,61.54,61.98,61.3,61.67,8710465.0,45.81378577817688,46.14134615748136,45.635116480374435,45.91056498115321,8710465.0
2010-10-01,False,daily,62.09,62.25,61.57,61.75,9773174.0,46.22323625230749,46.342349117509116,45.836119440402186,45.97012141375402,9773174.0
2010-09-30,False,daily,62.49,62.7,61.55,61.96,12845593.0,46.52101841531156,46.6773540508887,45.82123033225198,46.12645704933116,12845593.0
2010-09-29,False,daily,62.31,62.55,62.13,62.31,9596735.0,46.38701644195973,46.565685739762166,46.253014468607894,46.38701644195973,9596735.0
2010-09-28,False,daily,61.96,62.6,61.69,62.43,12155438.0,46.12645704933116,46.60290851013768,45.92545408930341,46.476351090860945,12155438.0
2010-09-27,False,daily,62.22,62.32,61.93,62.03,7687577.0,46.32001545528381,46.39446099603483,46.10412338710585,46.17856892785687,7687577.0
2010-09-24,False,daily,61.98,62.4,61.83,62.14,12636804.0,46.14134615748136,46.454017428635645,46.029677846354836,46.260459022682994,12636804.0
2010-09-23,False,daily,61.63,62.0,61.57,61.81,8394885.0,45.8807867648528,46.156235265631565,45.836119440402186,46.014788738204636,8394885.0
2010-09-22,False,daily,61.98,62.5,61.9,61.97,9353295.0,46.14134615748136,46.52846296938666,46.08178972488055,46.13390160340626,9353295.0
2010-09-21,False,daily,61.86,62.23,61.8,61.94,9449122.0,46.052011508580144,46.32746000935891,46.00734418412953,46.11156794118096,9449122.0
2010-09-20,False,daily,61.65,62.23,61.51,62.09,11160735.0,45.895675873003,46.32746000935891,45.79145211595157,46.22323625230749,11160735.0
2010-09-17,False,daily,61.59,61.72,61.13,61.57,12240505.0,45.85100854855239,45.947787751528715,45.508559061097706,45.836119440402186,12240505.0
2010-09-16,False,daily,60.82,61.39,60.76,61.29,10496243.0,45.27777788476955,45.70211746705036,45.233110560318934,45.627671926299335,10496243.0
2010-09-15,False,daily,60.67,61.15,60.5,61.05,9111441.0,45.16610957364302,45.52344816924791,45.03955215436629,45.449002628496885,9111441.0
2010-09-14,False,daily,60.43,60.97,60.25,60.58,9912823.0,44.98744027584058,45.38944619589608,44.85343830248874,45.0991085869671,9912823.0
2010-09-13,False,daily,60.06,60.38,59.92,60.32,10706503.0,44.711991775061804,44.95021750546507,44.60776801801038,44.905550181014455,10706503.0
2010-09-10,False,daily,59.94,60.0,59.77,59.98,8358704.0,44.62265712616058,44.6673244506112,44.496099706883854,44.65243534246099,8358704.0
2010-09-09,False,daily,59.39,60.0282,59.26,59.82,14077675.0,44.21320665202998,44.68831809310298,44.11642744905365,44.53332247725936,14077675.0
2010-09-08,False,daily,58.42,59.03,58.42,58.85,8412485.0,43.4910849067451,43.94520270532632,43.4910849067451,43.81120073197448,8412485.0
2010-09-07,False,daily,58.8,58.97,58.63,58.7,5626433.0,43.773977961598966,43.9005353808757,43.64742054232224,43.69953242084795,5626433.0
2010-09-03,False,daily,58.85,59.0,58.5,58.93,7533329.0,43.81120073197448,43.92286904310101,43.550641339345916,43.870757164575295,7533329.0
2010-09-02,False,daily,58.52,58.79,58.3,58.61,8084487.0,43.56553044749612,43.766533407523866,43.40175025784387,43.63253143417204,8084487.0
2010-09-01,False,daily,57.67,58.36,57.44,58.29,11603673.0,42.932743351112464,43.44641758229449,42.76151860738511,43.39430570376877,11603673.0
2010-08-31,False,daily,57.25,57.44,57.0,57.02,14572496.0,42.620072079958184,42.76151860738511,42.433958228080634,42.44884733623084,14572496.0
2010-08-30,False,daily,57.6,57.8,57.26,57.3,9240009.0,42.88063147258675,43.02952255408878,42.627516634033285,42.65729485033369,9240009.0
2010-08-27,False,daily,57.45,57.88,56.99,57.6,11675081.0,42.76896316146022,43.0890789866896,42.426513674005534,42.88063147258675,11675081.0
2010-08-26,False,daily,58.2,58.22,57.78,57.8,12841826.0,42.92251674914771,42.93726675490343,42.612766628277576,42.62751663403329,12841826.0
2010-08-25,False,daily,58.0,58.2,57.84,57.98,11678778.0,42.7750166915905,42.92251674914771,42.657016645544736,42.76026668583478,11678778.0
2010-08-24,False,daily,58.5,58.69,57.8591,58.01,14938364.0,43.143766835483525,43.28389189016287,42.67110290104145,42.78239169446836,14938364.0
2010-08-23,False,daily,58.98,59.35,58.81,58.87,8843937.0,43.49776697362082,43.77064208010166,43.3723919246972,43.41664194196436,8843937.0
2010-08-20,False,daily,58.7,58.91,58.49,58.74,11286110.0,43.291266893040735,43.4461419534758,43.13639183260567,43.32076690455218,11286110.0
2010-08-19,False,daily,59.17,59.18,58.4,58.72,11949610.0,43.63789202830017,43.64526703117804,43.07001680670492,43.30601689879645,11949610.0
2010-08-18,False,daily,59.46,59.82,59.03,59.35,10535005.0,43.85176711175813,44.1172672153611,43.53464198801013,43.77064208010166,10535005.0
2010-08-17,False,daily,58.93,59.48,58.5,59.22,13479045.0,43.460891959231525,43.866517117513844,43.143766835483525,43.674767042689474,13479045.0
2010-08-16,False,daily,57.99,58.11,57.47,58.01,8751175.0,42.767641688712644,42.856141723246964,42.3841415390639,42.78239169446836,8751175.0
2010-08-13,False,daily,58.49,58.49,58.06,58.15,8549872.0,43.13639183260567,43.13639183260567,42.81926670885767,42.88564173475841,8549872.0
2010-08-12,False,daily,58.15,58.71,58.1,58.52,8240896.0,42.88564173475841,43.29864189591859,42.848766720369106,43.15851684123925,8240896.0
2010-08-11,False,daily,58.92,58.95,58.3,58.5,11470282.0,43.45351695635367,43.47564196498725,42.996266777926316,43.143766835483525,11470282.0
2010-08-10,False,daily,59.41,59.81,58.9,59.43,13550737.0,43.81489209736882,44.109892212483246,43.43876695059794,43.82964210312454,13550737.0
2010-08-09,False,daily,60.0,60.25,59.79,60.05,6678311.0,44.25001726716259,44.4343923391091,44.095142206727516,44.286892281551886,6678311.0
2010-08-06,False,daily,59.52,60.0,59.25,59.96,8524039.0,43.89601712902529,44.25001726716259,43.696892051323054,44.220517255651146,8524039.0
2010-08-05,False,daily,59.53,59.89,59.512,59.76,9796671.0,43.903392131903146,44.16889223550613,43.890117126723,44.073017198093936,9796671.0
2010-08-04,False,daily,59.37,59.93,59.23,59.74,10508781.0,43.78539208585738,44.198392247017566,43.68214204556733,44.05826719233822,10508781.0
2010-08-03,False,daily,58.75,59.6,58.71,59.35,10855082.0,43.32814190743004,43.95501715204817,43.29864189591859,43.77064208010166,10855082.0
2010-08-02,False,daily,58.5,58.88,58.41,58.72,11455593.0,43.143766835483525,43.42401694484222,43.07739180958278,43.30601689879645,11455593.0
2010-07-30,False,daily,57.63,58.36,57.27,58.09,12984935.0,42.50214158510967,43.040516795193476,42.236641481506695,42.84139171749125,12984935.0
2010-07-29,False,daily,58.1,58.27,57.71,57.83,13036741.0,42.848766720369106,42.974141769292736,42.56114160813255,42.64964164266687,13036741.0
2010-07-28,False,daily,58.14,58.25,57.65,57.83,13503670.0,42.87826673188055,42.95939176353701,42.516891590865384,42.64964164266687,13503670.0
2010-07-27,False,daily,57.95,58.44,57.62,58.1,16963932.0,42.738141677201206,43.09951681821636,42.494766582231804,42.848766720369106,16963932.0
2010-07-26,False,daily,57.65,58.01,57.48,57.74,11777269.0,42.516891590865384,42.78239169446836,42.391516541941755,42.58326661676613,11777269.0
2010-07-23,False,daily,57.28,57.64,57.0,57.63,15076578.0,42.24401648438455,42.50951658798753,42.03751640380446,42.50214158510967,15076578.0
2010-07-22,False,daily,57.43,57.62,56.86,57.02,17973186.0,42.35464152755246,42.494766582231804,41.93426636351441,42.05226640956018,17973186.0
2010-07-21,False,daily,58.8,58.8,56.87,57.12,25707586.0,43.36501692181933,43.36501692181933,41.941641366392275,42.12601643833878,25707586.0
2010-07-20,False,daily,58.45,58.77,58.0,58.58,22305296.0,43.10689182109422,43.34289191318576,42.7750166915905,43.20276685850641,22305296.0
2010-07-19,False,daily,59.72,59.79,59.365,59.57,10277477.0,44.0435171865825,44.095142206727516,43.781704584418456,43.93289214341459,10277477.0
2010-07-16,False,daily,60.0,60.19,59.25,59.44,17569836.0,44.25001726716259,44.390142321841935,43.696892051323054,43.837017106002406,17569836.0
2010-07-15,False,daily,60.62,60.75,59.9,60.26,12839210.0,44.707267445589935,44.80314248300212,44.176267238383986,44.44176734198696,12839210.0
2010-07-14,False,daily,60.16,60.6755,60.05,60.62,9668481.0,44.368017313208355,44.74819871156206,44.286892281551886,44.707267445589935,9668481.0
2010-07-13,False,daily,60.59,60.96,60.44,60.5,10924403.0,44.685142436956355,44.958017543437194,44.57451739378845,44.61876741105561,10924403.0
2010-07-12,False,daily,60.48,60.54,60.06,60.21,10797127.0,44.604017405299885,44.64826742256705,44.29426728442975,44.40489232759766,10797127.0
2010-07-09,False,daily,60.97,61.07,60.38,60.54,12174104.0,44.96539254631505,45.039142575093656,44.53026737652129,44.64826742256705,12174104.0
2010-07-08,False,daily,60.93,61.73,60.64,61.38,15900447.0,44.93589253480361,45.52589276503244,44.72201745134566,45.26776766430733,15900447.0
2010-07-07,False,daily,59.33,60.7,59.035,60.61,17280181.0,43.75589207434594,44.766267468612824,43.538329489449055,44.69989244271208,17280181.0
2010-07-06,False,daily,59.5,59.6,58.669,59.08,15461192.0,43.881267123269566,43.95501715204817,43.268404384119364,43.571517002399425,15461192.0
2010-07-02,False,daily,59.42,59.59,58.85,59.08,10534820.0,43.822267100246684,43.94764214917031,43.40189193620864,43.571517002399425,10534820.0
2010-07-01,False,daily,59.07,59.25,58.65,59.07,17973704.0,43.56414199952157,43.696892051323054,43.25439187865143,43.56414199952157,17973704.0
2010-06-30,False,daily,59.04,59.61,58.94,59.06,15802190.0,43.54201699088799,43.96239215492603,43.46826696210938,43.55676699664371,15802190.0
2010-06-29,False,daily,58.98,59.42,58.68,59.24,20239927.0,43.49776697362082,43.822267100246684,43.27651688728501,43.6895170484452,20239927.0
2010-06-28,False,daily,59.01,59.79,58.81,59.45,15834242.0,43.51989198225441,44.095142206727516,43.3723919246972,43.844392108880264,15834242.0
2010-06-25,False,daily,59.86,59.87,58.63,58.7,45012827.0,44.14676722687254,44.1541422297504,43.23964187289571,43.291266893040735,45012827.0
2010-06-24,False,daily,59.03,59.94,59.03,59.6,18216217.0,43.53464198801013,44.20576724989542,43.53464198801013,43.95501715204817,18216217.0
2010-06-23,False,daily,59.16,59.42,58.71,59.24,12659602.0,43.63051702542231,43.822267100246684,43.29864189591859,43.6895170484452,12659602.0
2010-06-22,False,daily,59.25,60.09,59.12,59.16,13824070.0,43.696892051323054,44.31639229306334,43.60101701391087,43.63051702542231,13824070.0
2010-06-21,False,daily,59.5,59.8,58.92,59.13,12143507.0,43.881267123269566,44.10251720960538,43.45351695635367,43.608392016788734,12143507.0
2010-06-18,False,daily,59.18,59.29,58.85,59.18,16845436.0,43.64526703117804,43.7263920628345,43.40189193620864,43.64526703117804,16845436.0
2010-06-17,False,daily,59.28,59.44,58.65,59.18,11723066.0,43.71901705995664,43.837017106002406,43.25439187865143,43.64526703117804,11723066.0
2010-06-16,False,daily,59.25,59.58,58.78,59.24,8637467.0,43.696892051323054,43.94026714629245,43.35026691606362,43.6895170484452,8637467.0
2010-06-15,False,daily,58.93,59.16,58.55,59.14,11103431.0,43.460891959231525,43.63051702542231,43.18064184987283,43.61576701966659,11103431.0
2010-06-14,False,daily,58.7,59.1,58.38,58.42,10523926.0,43.291266893040735,43.586267008155154,43.0552668009492,43.08476681246064,10523926.0
2010-06-11,False,daily,58.17,58.48,57.935,58.46,14712954.0,42.90039174051413,43.1290168297278,42.72707917288441,43.11426682397208,14712954.0
2010-06-10,False,daily,58.72,59.13,58.35,58.5,16995121.0,43.30601689879645,43.608392016788734,43.03314179231562,43.143766835483525,16995121.0
2010-06-09,False,daily,58.8,58.94,57.94,58.17,13172984.0,43.36501692181933,43.46826696210938,42.73076667432334,42.90039174051413,13172984.0
2010-06-08,False,daily,58.15,58.71,57.87,58.64,14941480.0,42.88564173475841,43.29864189591859,42.679141654178316,43.24701687577357,14941480.0
2010-06-07,False,daily,58.17,58.55,58.0,58.0,13844130.0,42.90039174051413,43.18064184987283,42.7750166915905,42.7750166915905,13844130.0
2010-06-04,False,daily,58.96,59.0307,57.76,58.01,21785399.0,43.483016967865105,43.53515823821158,42.598016622521854,42.78239169446836,21785399.0
2010-06-03,False,daily,59.89,60.15,59.55,59.77,14254125.0,44.16889223550613,44.3606423103305,43.91814213765887,44.0803922009718,14254125.0
2010-06-02,False,daily,59.07,59.73,58.69,59.73,15581767.0,43.56414199952157,44.050892189460356,43.28389189016287,44.050892189460356,15581767.0
2010-06-01,False,daily,58.21,59.41,57.55,58.76,19511162.0,42.929891752025576,43.81489209736882,42.44314156208678,43.335516910307895,19511162.0
2010-05-28,False,daily,58.72,59.12,58.19,58.3,26819196.0,43.30601689879645,43.60101701391087,42.915141746269846,42.996266777926316,26819196.0
2010-05-27,False,daily,59.74,59.89,58.71,59.03,29931012.0,44.05826719233822,44.16889223550613,43.29864189591859,43.53464198801013,29931012.0
2010-05-26,False,daily,60.83,60.83,59.65,59.66,18914635.0,44.45608221515584,44.45608221515584,43.59370876432756,43.60101701391085,18914635.0
2010-05-25,False,daily,59.71,60.41,59.15,60.35,21178908.0,43.63755826182731,44.14913573265763,43.22829628516304,44.1052862351579,21178908.0
2010-05-24,False,daily,60.62,61.45,60.21,60.57,14045040.0,44.302608973906736,44.90919368931985,44.00297074099183,44.26606772599028,14045040.0
2010-05-21,False,daily,59.78,60.9599,59.51,60.88,21812957.0,43.68871600891034,44.551016377242775,43.491393270161495,44.49262346307229,21812957.0
2010-05-20,False,daily,61.82,61.84,60.55,60.55,24105867.0,45.179598923901594,45.19421542306817,44.251451226823704,44.251451226823704,24105867.0
2010-05-19,False,daily,62.69,62.959,62.05,62.22,18864900.0,45.81541663764786,46.01200855143838,45.34768866431727,45.471928907233206,18864900.0
2010-05-18,False,daily,63.44,63.56,62.85,62.97,18482671.0,46.36353535639464,46.451234351394135,45.932348630980506,46.02004762597999,18482671.0
2010-05-17,False,daily,64.06,64.24,63.2,63.88,10260964.0,46.81664683055865,46.94819532305788,46.18813736639568,46.685098338059426,10260964.0
2010-05-14,False,daily,64.71,64.79,63.41,63.97,12505046.0,47.29168305347253,47.35014905013886,46.341610607644775,46.750872584309036,12505046.0
2010-05-13,False,daily,64.84,65.16,64.51,64.67,12337121.0,47.38669029805531,47.6205542847206,47.145518061806726,47.262450055139375,12337121.0
2010-05-12,False,daily,64.85,65.05,64.49,64.9,11036816.0,47.393998547638596,47.54016353930441,47.13090156264014,47.430539795555056,11036816.0
2010-05-11,False,daily,64.23,65.09,64.18,64.67,10880162.0,46.94088707347459,47.56939653763757,46.904345825558146,47.262450055139375,10880162.0
2010-05-10,False,daily,64.91,65.36,64.0,64.75,18445337.0,47.43784804513834,47.76671927638641,46.77279733305891,47.320916051805696,18445337.0
2010-05-07,False,daily,63.26,63.6,62.09,63.31,20467817.0,46.231986863895415,46.48046734972729,45.37692166265044,46.26852811181187,20467817.0
2010-05-06,False,daily,65.04,65.1,60.03,63.4,24409751.0,47.53285528972112,47.576704787220855,43.8714222484926,46.334302358061485,24409751.0
2010-05-05,False,daily,64.58,65.29,64.44,65.14,13143647.0,47.19667580888976,47.715561529303386,47.09436031472369,47.605937785554026,13143647.0
2010-05-04,False,daily,65.07,65.281,64.41,64.7,14900719.0,47.55478003847099,47.70898410467842,47.07243556597382,47.28437480388924,14900719.0
2010-05-03,False,daily,65.16,65.62,64.545,65.33,15310437.0,47.6205542847206,47.95673376555197,47.171096935348245,47.74479452763654,15310437.0
2010-04-30,False,daily,65.13,65.34,64.3,64.3,14255863.0,47.59862953597073,47.75210277721983,46.99204482055762,46.99204482055762,14255863.0
2010-04-29,False,daily,64.85,65.34,64.85,65.01,7930052.0,47.393998547638596,47.75210277721983,47.393998547638596,47.51093054097125,7930052.0
2010-04-28,False,daily,64.43,64.86,64.25,64.62,12476924.0,47.087052065140405,47.40130679722189,46.95550357264117,47.22590880722292,12476924.0
2010-04-27,False,daily,64.57,64.88,64.21,64.28,11863002.0,47.18936755930646,47.41592329638847,46.926270574308006,46.977428321391045,11863002.0
2010-04-26,False,daily,64.99,65.2,64.72,64.76,9281405.0,47.49631404180466,47.64978728305377,47.29899130305582,47.32822430138899,9281405.0
2010-04-23,False,daily,64.71,65.04,64.33,65.04,11675340.0,47.29168305347253,47.53285528972112,47.01396956930749,47.53285528972112,11675340.0
2010-04-22,False,daily,65.18,65.24,64.33,64.78,19582934.0,47.63517078388719,47.679020281386926,47.01396956930749,47.342840800555564,19582934.0
2010-04-21,False,daily,65.98,65.98,65.07,65.39,13355707.0,48.21983075055042,48.21983075055042,47.55478003847099,47.788644025136286,13355707.0
2010-04-20,False,daily,66.03,66.2,65.73,65.99,11916328.0,48.256371998466875,48.38061224138281,48.03712451096816,48.22713900013371,11916328.0
2010-04-19,False,daily,65.06,66.1,65.06,66.03,14626386.0,47.5474717888877,48.3075297455499,47.5474717888877,48.256371998466875,14626386.0
2010-04-16,False,daily,65.34,65.65,64.89,65.02,15744105.0,47.75210277721983,47.97865851430184,47.42323154597176,47.518238790554534,15744105.0
2010-04-15,False,daily,65.29,65.54,65.13,65.51,8656869.0,47.715561529303386,47.898267768885646,47.59862953597073,47.87634302013577,8656869.0
2010-04-14,False,daily,65.43,65.6,65.18,65.49,10501810.0,47.81787702346945,47.94211726638538,47.63517078388719,47.861726520969185,10501810.0
2010-04-13,False,daily,65.06,65.85,64.91,65.68,12481503.0,47.5474717888877,48.12482350596764,47.43784804513834,48.00058326305171,12481503.0
2010-04-12,False,daily,65.11,65.21,64.93,65.11,8695893.0,47.58401303680415,47.65709553263705,47.45246454430493,47.58401303680415,8695893.0
2010-04-09,False,daily,64.88,65.17,64.78,65.14,6973140.0,47.41592329638847,47.627862534303894,47.342840800555564,47.605937785554026,6973140.0
2010-04-08,False,daily,65.19,65.19,64.77,64.93,8962530.0,47.64247903347047,47.64247903347047,47.335532550972275,47.45246454430493,8962530.0
2010-04-07,False,daily,65.24,65.49,65.08,65.22,9409314.0,47.679020281386926,47.861726520969185,47.56208828805428,47.66440378222035,9409314.0
2010-04-06,False,daily,65.13,65.445,65.0,65.31,8260051.0,47.59862953597073,47.828839397844376,47.503622291387956,47.730178028469965,8260051.0
2010-04-05,False,daily,65.77,65.89,65.38,65.4,8617518.0,48.06635750930132,48.154056504300804,47.78133577555299,47.79595227471958,8617518.0
2010-04-01,False,daily,65.37,65.77,65.24,65.77,10600562.0,47.77402752596971,48.06635750930132,47.679020281386926,48.06635750930132,10600562.0
2010-03-31,False,daily,64.84,65.31,64.7,65.2,11939078.0,47.38669029805531,47.730178028469965,47.28437480388924,47.64978728305377,11939078.0
2010-03-30,False,daily,64.95,64.98,64.56,64.9,8311541.0,47.46708104347151,47.48900579222138,47.18205930972318,47.430539795555056,8311541.0
2010-03-29,False,daily,64.46,64.935,64.4,64.82,7812812.0,47.108976813890266,47.45611866909657,47.06512731639053,47.37207379888872,7812812.0
2010-03-26,False,daily,64.68,64.72,64.33,64.38,9450324.0,47.269758304722664,47.29899130305582,47.01396956930749,47.050510817223945,9450324.0
2010-03-25,False,daily,65.04,65.25,64.53,64.57,10496759.0,47.53285528972112,47.686328530970215,47.160134560973304,47.18936755930646,10496759.0
2010-03-24,False,daily,65.31,65.31,64.75,64.75,9351174.0,47.730178028469965,47.730178028469965,47.320916051805696,47.320916051805696,9351174.0
2010-03-23,False,daily,65.18,65.39,64.87,65.36,9453881.0,47.63517078388719,47.788644025136286,47.40861504680518,47.76671927638641,9453881.0
2010-03-22,False,daily,65.07,65.44,64.98,65.1,8803799.0,47.55478003847099,47.82518527305273,47.48900579222138,47.576704787220855,8803799.0
2010-03-19,False,daily,65.25,65.49,64.81,65.11,23117598.0,47.686328530970215,47.861726520969185,47.36476554930544,47.58401303680415,23117598.0
2010-03-18,False,daily,64.58,65.15,64.37,65.06,11742117.0,47.19667580888976,47.613246035137315,47.04320256764066,47.5474717888877,11742117.0
2010-03-17,False,daily,64.72,64.74,64.48,64.65,8060649.0,47.29899130305582,47.3136078022224,47.12359331305686,47.2478335559728,8060649.0
2010-03-16,False,daily,64.7,64.72,64.23,64.53,8887955.0,47.28437480388924,47.29899130305582,46.94088707347459,47.160134560973304,8887955.0
2010-03-15,False,daily,64.14,64.57,64.07,64.57,7444898.0,46.875112827224974,47.18936755930646,46.823955080141936,47.18936755930646,7444898.0
2010-03-12,False,daily,64.26,64.26,63.85,64.18,8222961.0,46.96281182222447,46.96281182222447,46.66317358930956,46.904345825558146,8222961.0
2010-03-11,False,daily,64.15,64.22,63.6,64.22,9958724.0,46.88242107680827,46.9335788238913,46.48046734972729,46.9335788238913,9958724.0
2010-03-10,False,daily,64.49,64.56,64.15,64.29,8436581.0,47.13090156264014,47.18205930972318,46.88242107680827,46.98473657097434,8436581.0
2010-03-09,False,daily,64.55,64.55,64.09,64.27,8827242.0,47.17475106013988,47.17475106013988,46.83857157930853,46.97012007180775,8827242.0
2010-03-08,False,daily,64.08,64.41,64.02,64.2,33380465.0,46.83126332972523,47.07243556597382,46.78741383222549,46.918962324724724,33380465.0
2010-03-05,False,daily,63.66,64.07,63.55,64.04,10634135.0,46.524316847227034,46.823955080141936,46.44392610181084,46.802030331392075,10634135.0
2010-03-04,False,daily,63.53,63.7,63.37,63.57,8067653.0,46.42930960264426,46.5535498455602,46.31237760931161,46.458542600977424,8067653.0
2010-03-03,False,daily,63.59,63.75,63.22,63.4,9360393.0,46.473159100144,46.59009109347665,46.20275386556226,46.334302358061485,9360393.0
2010-03-02,False,daily,63.31,63.64,63.02,63.44,9013921.0,46.26852811181187,46.509700348060456,46.05658887389645,46.36353535639464,9013921.0
2010-03-01,False,daily,63.27,63.46,63.17,63.39,9219352.0,46.23929511347871,46.37815185556123,46.166212617645805,46.326994108478196,9219352.0
2010-02-26,False,daily,63.46,63.59,63.0,63.0,9357723.0,46.37815185556123,46.473159100144,46.041972374729866,46.041972374729866,9357723.0
2010-02-25,False,daily,62.79,63.35,62.52,63.28,10528841.0,45.888499133480764,46.29776111014503,45.691176394731926,46.246603363062,10528841.0
2010-02-24,False,daily,63.55,63.85,63.25,63.45,8519276.0,46.44392610181084,46.66317358930956,46.224678614312126,46.37084360597794,8519276.0
2010-02-23,False,daily,63.56,63.85,63.23,63.31,12481367.0,46.451234351394135,46.66317358930956,46.21006211514555,46.26852811181187,12481367.0
2010-02-22,False,daily,63.81,64.1,63.39,63.49,9839714.0,46.633940590976394,46.84587982889181,46.326994108478196,46.400076604311096,9839714.0
2010-02-19,False,daily,64.15,64.46,63.62,63.81,14222229.0,46.88242107680827,47.108976813890266,46.49508384889387,46.633940590976394,14222229.0
2010-02-18,False,daily,63.98,64.7,63.95,64.53,8260536.0,46.40312878664909,46.92532717249448,46.381370520572204,46.802030331392096,8260536.0
2010-02-17,False,daily,63.63,64.36,63.61,63.98,9485408.0,46.149282349085375,46.67873349028971,46.13477683836744,46.40312878664909,9485408.0
2010-02-16,False,daily,63.25,63.71,62.82,63.61,10212335.0,45.87367764544475,46.20730439195708,45.56180916500932,46.13477683836744,10212335.0
2010-02-12,False,daily,62.61,63.0,62.11,62.72,12335802.0,45.409501302471085,45.692358761470665,45.046863534522906,45.489281611419685,12335802.0
2010-02-11,False,daily,62.62,63.21,62.26,62.91,8353558.0,45.41675405783005,45.8446666240089,45.155654864907355,45.62708396323999,8353558.0
2010-02-10,False,daily,62.79,63.07,62.21,62.73,10115778.0,45.54005089893243,45.74312804898341,45.11939108811254,45.49653436677865,10115778.0
2010-02-09,False,daily,62.55,63.47,62.47,62.76,11356334.0,45.3659847703173,46.03323826334195,45.30796272744559,45.518292632855534,11356334.0
2010-02-08,False,daily,62.5,62.98,62.26,62.37,10081749.0,45.329720993522486,45.67785325075273,45.155654864907355,45.235435173855954,10081749.0
2010-02-05,False,daily,62.69,63.6,61.89,62.64,16775131.0,45.46752334534279,46.12752408300848,44.88730291662571,45.43125956854797,16775131.0
2010-02-04,False,daily,63.49,63.62,62.62,62.64,18396935.0,46.04774377405988,46.142029593726406,45.41675405783005,45.43125956854797,18396935.0
2010-02-03,False,daily,63.87,63.87,63.29,63.63,9256261.0,46.32334847770049,46.32334847770049,45.90268866688061,46.149282349085375,9256261.0
2010-02-02,False,daily,63.2,64.195,62.63,63.99,13609713.0,45.83741386864994,46.55906302686681,45.42400681318901,46.41038154200806,13609713.0
2010-02-01,False,daily,63.26,63.26,62.77,63.09,10153377.0,45.88093040080371,45.88093040080371,45.5255453882145,45.75763355970134,10153377.0
2010-01-29,False,daily,63.95,64.27,62.82,62.86,17846737.0,46.381370520572204,46.61345869205904,45.56180916500932,45.59082018644517,17846737.0
2010-01-28,False,daily,63.57,64.07,63.04,63.8,17102107.0,46.10576581693159,46.468403584879766,45.721369782906514,46.27257919018775,17102107.0
2010-01-27,False,daily,62.78,63.72,62.7,63.44,14982388.0,45.532798143573466,46.21455714731604,45.47477610070176,46.01147999726506,14982388.0
2010-01-26,False,daily,62.64,63.01,62.22,62.79,15630239.0,45.43125956854797,45.69961151682963,45.1266438434715,45.54005089893243,15630239.0
2010-01-25,False,daily,63.67,63.7,63.05,63.22,10002646.0,46.178293370521224,46.20005163659812,45.728622538265476,45.851919379367864,10002646.0
2010-01-22,False,daily,63.91,64.19,63.09,63.2,14017278.0,46.35235949913635,46.55543664918733,45.75763355970134,45.83741386864994,14017278.0
2010-01-21,False,daily,65.07,65.47,63.8,63.97,14476348.0,47.193679120776125,47.483789335134674,46.27257919018775,46.39587603129013,14476348.0
2010-01-20,False,daily,65.47,65.95,64.47,65.15,13033001.0,47.483789335134674,47.83192159236493,46.75851379923831,47.251701163647844,13033001.0
2010-01-19,False,daily,64.14,65.75,64.11,65.35,15181945.0,46.51917287239252,47.686866485185654,46.49741460631562,47.396756270827105,15181945.0
2010-01-18,False,daily,65.14,65.2,63.98,64.56,20995375.0,47.244448408288875,47.287964940442656,46.40312878664909,46.82378859746898,20995375.0
2010-01-15,False,daily,65.14,65.2,63.98,64.56,20995375.0,47.244448408288875,47.287964940442656,46.40312878664909,46.82378859746898,20995375.0
2010-01-14,False,daily,65.2,65.265,64.75,65.1,7898921.0,47.287964940442656,47.33510785027592,46.961590949289295,47.21543738685301,7898921.0
2010-01-13,False,daily,64.54,65.23,64.54,64.97,13023748.0,46.80928308675106,47.30972320651955,46.80928308675106,47.121151567186494,13023748.0
2010-01-12,False,daily,64.13,64.72,64.015,64.56,10820620.0,46.51192011703355,46.9398326832124,46.42851343040547,46.82378859746898,10820620.0
2010-01-11,False,daily,64.75,64.75,64.01,64.22,7976347.0,46.961590949289295,46.961590949289295,46.42488705272599,46.57719491526422,7976347.0
2010-01-08,False,daily,63.92,64.26,63.63,64.21,7898475.0,46.35961225449532,46.60620593670008,46.149282349085375,46.56994215990525,7898475.0
2010-01-07,False,daily,64.25,64.35,63.74,63.99,10901593.0,46.598953181341116,46.671480734930746,46.22906265803397,46.41038154200806,10901593.0
2010-01-06,False,daily,63.9,64.54,63.83,64.45,13171478.0,46.345106743777386,46.80928308675106,46.29433745626464,46.744008288520384,13171478.0
2010-01-05,False,daily,64.58,64.62,63.82,63.93,10673445.0,46.83829410818691,46.86730512962277,46.28708470090568,46.36686500985428,10673445.0
2010-01-04,False,daily,64.71,64.99,64.41,64.68,9506168.0,46.93257992785343,47.13565707790441,46.71499726708453,46.91082166177655,9506168.0
2011-12-30,False,daily,65.59,65.93,65.53,65.58,4959865.0,51.04132791839269,51.30591171915887,50.99463665943395,51.03354604189956,4959865.0
2011-12-29,False,daily,65.31,66.03,65.25,65.88,5702392.0,50.82343537658525,51.383730484090094,50.77674411762651,51.267002336693245,5702392.0
2011-12-28,False,daily,65.97,66.03,65.3,65.45,5943922.0,51.337039225131356,51.383730484090094,50.815653500092125,50.93238164748897,5943922.0
2011-12-27,False,daily,65.99,66.315,65.9,66.02,4995176.0,51.352602978117595,51.60551396414409,51.2825660896795,51.37594860759697,4995176.0
2011-12-23,False,daily,65.23,66.0,65.18,65.98,6503411.0,50.76118036464027,51.36038485461072,50.722270982174656,51.34482110162448,6503411.0
2011-12-22,False,daily,65.06,65.26,64.62,65.18,7428114.0,50.62888846425718,50.78452599411964,50.286485898559775,50.722270982174656,7428114.0
2011-12-21,False,daily,64.81,65.0,64.58,64.96,8518210.0,50.43434155192911,50.58219720529844,50.255358392587276,50.55106969932594,8518210.0
2011-12-20,False,daily,64.02,64.73,64.01,64.52,12247653.0,49.8195733089724,50.372086539984124,49.81179143247928,50.20866713362854,12247653.0
2011-12-19,False,daily,64.18,64.28,63.36,63.53,9024818.0,49.94408333286237,50.02190209779359,49.30596946042629,49.438261360809385,9024818.0
2011-12-16,False,daily,64.36,64.37,63.55,64.3,19214256.0,50.08415710973858,50.0919389862317,49.453825113795624,50.03746585077984,19214256.0
2011-12-15,False,daily,63.65,64.1,63.57,64.0,9656687.0,49.531643878726854,49.88182832091738,49.46938886678188,49.804009555986156,9656687.0
2011-12-14,False,daily,63.38,63.78,62.93,63.18,9802321.0,49.32153321341254,49.63280827313746,48.97134877122201,49.16589568355008,9802321.0
2011-12-13,False,daily,64.08,64.08,63.14,63.36,14219169.0,49.86626456793114,49.86626456793114,49.13476817757759,49.30596946042629,14219169.0
2011-12-12,False,daily,63.87,64.2,63.35,63.51,10810278.0,49.70284516157556,49.959647085848616,49.29818758393317,49.42269760782313,10810278.0
2011-12-09,False,daily,64.32,64.68,63.98,64.53,8835744.0,50.05302960376608,50.33317715751851,49.78844580299991,50.216449010121664,8835744.0
2011-12-08,False,daily,64.14,64.45,63.56,63.78,9567644.0,49.91295582688988,50.15419399817669,49.46160699028875,49.63280827313746,9567644.0
2011-12-07,False,daily,63.57,64.81,63.37,64.45,11505958.0,49.46938886678188,50.43434155192911,49.31375133691942,50.15419399817669,11505958.0
2011-12-06,False,daily,63.61,63.93,63.26,63.49,10417871.0,49.50051637275436,49.7495364205343,49.22815069549507,49.40713385483689,10417871.0
2011-12-05,False,daily,64.1,64.25,62.85,63.36,15294467.0,49.88182832091738,49.99855646831423,48.90909375927703,49.30596946042629,15294467.0
2011-12-02,False,daily,64.87,64.89,63.3,63.47,15792806.0,50.48103281088785,50.496596563874085,49.25927820146755,49.39157010185065,15792806.0
2011-12-01,False,daily,64.68,64.95,64.345,64.45,9852657.0,50.33317715751851,50.54328782283283,50.072484294998894,50.15419399817669,9852657.0
2011-11-30,False,daily,63.92,64.74,63.8,64.72,15032551.0,49.74175454404117,50.379868416477244,49.648372026123695,50.364304663491,15032551.0
2011-11-29,False,daily,62.82,63.13,62.46,62.78,8929673.0,48.88574812979766,49.12698630108447,48.60560057604524,48.85462062382517,8929673.0
2011-11-28,False,daily,61.88,62.71,61.78,62.37,11677991.0,48.15425173944411,48.80014748837331,48.07643297451288,48.53556368760713,11677991.0
2011-11-25,False,daily,61.31,61.64,61.05,61.27,5838797.0,47.71068477933611,47.96748670360917,47.508355990514914,47.67955727336362,5838797.0
2011-11-23,False,daily,62.59,62.65,61.99,61.99,10362723.0,48.25890473439904,48.30516666576289,47.79628542076045,47.79628542076045,10362723.0
2011-11-22,False,daily,62.95,63.2,62.7,62.9,8681442.0,48.53647632258219,48.7292343699316,48.34371827523278,48.497924713112305,8681442.0
2011-11-21,False,daily,63.27,63.34,62.88,62.94,32806842.0,48.78320662318944,48.837178876447275,48.48250406932436,48.528766000688215,32806842.0
2011-11-18,False,daily,64.19,64.2,63.56,63.85,12659693.0,49.492556237435274,49.500266559329255,49.00680595811476,49.23040529304008,12659693.0
2011-11-17,False,daily,64.17,64.51,63.3,63.94,13924632.0,49.477135593647326,49.73928653804253,48.806337588871365,49.299798190085866,13924632.0
2011-11-16,False,daily,64.53,65.16,64.3,64.4,8398077.0,49.75470718183048,50.240457461150996,49.577369778269016,49.65447299720879,8398077.0
2011-11-15,False,daily,64.97,65.29,64.51,64.99,10726338.0,50.09396134516545,50.3406916457727,49.73928653804253,50.109381988953395,10726338.0
2011-11-14,False,daily,64.97,65.33,64.655,64.91,8276241.0,50.09396134516545,50.3715329333486,49.85108620550519,50.04769941380159,8276241.0
2011-11-11,False,daily,64.62,65.49,64.62,65.25,9086769.0,49.82410007887627,50.494898083652224,49.82410007887627,50.30985035819679,9086769.0
2011-11-10,False,daily,64.13,64.42,63.66,64.12,7597408.0,49.446294306071415,49.66989364099674,49.08390917705452,49.43858398417745,7597408.0
2011-11-09,False,daily,64.07,64.13,63.1,63.53,11072513.0,49.40003237470756,49.446294306071415,48.65213115099184,48.98367499243283,11072513.0
2011-11-08,False,daily,64.09,64.99,63.95,64.86,7989475.0,49.41545301849552,50.109381988953395,49.30750851197985,50.009147804331704,7989475.0
2011-11-07,False,daily,63.96,64.34,63.25,64.0,8784118.0,49.31521883387382,49.60821106584493,48.76778597940149,49.346060121449725,8784118.0
2011-11-04,False,daily,64.0,64.54,63.4101,64.12,9725899.0,49.346060121449725,49.762417503724464,48.89122823292405,49.43858398417745,9725899.0
2011-11-03,False,daily,64.07,64.52,63.67,64.34,10465976.0,49.40003237470756,49.7469968599365,49.0916194989485,49.60821106584493,10465976.0
2011-11-02,False,daily,64.39,64.39,63.41,63.64,10136496.0,49.64676267531481,49.64676267531481,48.89115112970511,49.06848853326657,10136496.0
2011-11-01,False,daily,63.68,64.1025,63.18,63.38,14754304.0,49.09932982084248,49.42509092086299,48.71381372614365,48.868020164023186,14754304.0
2011-10-31,False,daily,65.17,65.86,64.38,64.39,13720903.0,50.24816778304498,50.780179993729355,49.63905235342083,49.64676267531481,13720903.0
2011-10-28,False,daily,65.64,65.845,65.01,65.6,10390794.0,50.61055291206188,50.76861451088839,50.12480263274136,50.57971162448597,10390794.0
2011-10-27,False,daily,64.99,65.69,64.71,65.3,16451497.0,50.109381988953395,50.649104521531754,49.89349297592205,50.34840196766667,16451497.0
2011-10-26,False,daily,64.19,64.6,63.79,64.49,9932060.0,49.492556237435274,49.80867943508831,49.18414336167622,49.72386589425457,9932060.0
2011-10-25,False,daily,64.56,64.83,63.56,63.69,10324791.0,49.77783814751241,49.986016838649775,49.00680595811476,49.10704014273645,10324791.0
2011-10-24,False,daily,63.9,64.79,63.6,64.73,12552753.0,49.268956902509956,49.95517555107387,49.037647245690664,49.90891361971001,12552753.0
2011-10-21,False,daily,63.11,63.84,62.89,63.78,13176442.0,48.659841472885816,49.222694971146105,48.49021439121833,49.17643303978224,13176442.0
2011-10-20,False,daily,62.96,63.13,62.31,62.53,11562590.0,48.54418664447617,48.67526211667377,48.043015721367695,48.21264280303518,11562590.0
2011-10-19,False,daily,64.51,64.51,62.16,62.64,19964736.0,49.73928653804253,49.73928653804253,47.92736089295804,48.297456343868916,19964736.0
2011-10-18,False,daily,63.76,64.74,63.4,64.42,11705369.0,49.161012395994284,49.91662394160398,48.883440807811134,49.66989364099674,11705369.0
2011-10-17,False,daily,64.4,64.84,63.62,63.79,10799691.0,49.65447299720879,49.993727160543756,49.05306788947861,49.18414336167622,10799691.0
2011-10-14,False,daily,64.69,64.74,64.17,64.72,6679202.0,49.8780723321341,49.91662394160398,49.477135593647326,49.90120329781603,6679202.0
2011-10-13,False,daily,64.45,64.45,63.57,64.23,7781041.0,49.69302460667867,49.69302460667867,49.014516280008735,49.52339752501119,7781041.0
2011-10-12,False,daily,64.13,64.69,63.87,64.33,9375006.0,49.446294306071415,49.8780723321341,49.24582593682803,49.600500743950946,9375006.0
2011-10-11,False,daily,64.26,64.36,63.85,63.96,7628642.0,49.54652849069312,49.62363170963288,49.23040529304008,49.31521883387382,7628642.0
2011-10-10,False,daily,63.89,64.43,63.64,64.43,7107065.0,49.26124658061598,49.67760396289072,49.06848853326657,49.67760396289072,7107065.0
2011-10-07,False,daily,63.01,63.72,63.0,63.13,12361771.0,48.58273825394605,49.13017110841838,48.57502793205207,48.67526211667377,12361771.0
2011-10-06,False,daily,62.52,62.83,62.1,62.81,9595350.0,48.2049324811412,48.44395245985447,47.88109896159418,48.42853181606652,9595350.0
2011-10-05,False,daily,62.21,62.51,61.6,62.35,15405649.0,47.965912502427926,48.19722215924722,47.49558286689536,48.0738570089436,15405649.0
2011-10-04,False,daily,61.55,62.33,60.83,62.17,18192294.0,47.45703125742548,48.05843636515564,46.90188808105917,47.93507121485202,18192294.0
2011-10-03,False,daily,63.65,64.21,62.05,62.08,16891181.0,49.07619885516055,49.50797688122323,47.8425473521243,47.86567831780623,16891181.0
2011-09-30,False,daily,63.22,64.74,63.15,63.69,14557427.0,48.74465501371956,49.91662394160398,48.69068276046172,49.10704014273645,14557427.0
2011-09-29,False,daily,63.92,64.24,63.02,63.9,8923222.0,49.28437754629791,49.53110784690516,48.59044857584003,49.268956902509956,8923222.0
2011-09-28,False,daily,63.9,64.45,63.14,63.25,8964194.0,49.268956902509956,49.69302460667867,48.682972438567745,48.76778597940149,8964194.0
2011-09-27,False,daily,63.37,64.35,62.71,63.82,13118567.0,48.860309842129205,49.6159213877389,48.351428597126755,49.20727432735815,13118567.0
2011-09-26,False,daily,62.05,62.85,62.01,62.69,10562206.0,47.8425473521243,48.45937310364243,47.811706064548396,48.3360079533388,10562206.0
2011-09-23,False,daily,61.3,61.9,61.0,61.59,10983681.0,47.26427321007606,47.72689252371465,47.03296355325677,47.48787254500139,10983681.0
2011-09-22,False,daily,62.16,62.6,61.14,61.92,19456859.0,47.92736089295804,48.26661505629301,47.14090805977244,47.74231316750261,19456859.0
2011-09-21,False,daily,64.19,64.6,63.1,63.13,10042114.0,49.492556237435274,49.80867943508831,48.65213115099184,48.67526211667377,10042114.0
2011-09-20,False,daily,64.42,64.85,63.79,64.22,10874749.0,49.66989364099674,50.00143748243772,49.18414336167622,49.51568720311721,10874749.0
2011-09-19,False,daily,64.05,64.39,63.63,64.14,8571705.0,49.3846117309196,49.64676267531481,49.06077821137259,49.454004627965396,8571705.0
2011-09-16,False,daily,64.52,64.74,63.96,64.59,15688745.0,49.7469968599365,49.91662394160398,49.31521883387382,49.80096911319434,15688745.0
2011-09-15,False,daily,64.28,64.63,63.92,64.4,10625716.0,49.56194913448107,49.831810400770244,49.28437754629791,49.65447299720879,10625716.0
2011-09-14,False,daily,63.95,64.47,62.98,63.73,13429403.0,49.30750851197985,49.70844525046662,48.55960728826412,49.137881430312355,13429403.0
2011-09-13,False,daily,63.99,64.05,63.18,63.61,11595863.0,49.33834979955575,49.3846117309196,48.71381372614365,49.04535756758464,11595863.0
2011-09-12,False,daily,63.1,63.61,62.3,63.59,13448671.0,48.65213115099184,49.04535756758464,48.035305399473714,49.02993692379669,13448671.0
2011-09-09,False,daily,64.39,64.41,63.29,63.64,17008157.0,49.64676267531481,49.66218331910276,48.79862726697739,49.06848853326657,17008157.0
2011-09-08,False,daily,64.96,65.93,64.84,64.95,15553157.0,50.086251023271465,50.834152246987195,49.993727160543756,50.0785407013775,15553157.0
2011-09-07,False,daily,65.04,65.45,64.69,65.43,10768147.0,50.147933598423286,50.46405679607632,49.8780723321341,50.44863615228837,10768147.0
2011-09-06,False,daily,63.17,64.75,62.5,64.64,15848203.0,48.706103404249674,49.92433426349796,48.189511837353244,49.839520722664226,15848203.0
2011-09-02,False,daily,64.83,65.0,63.91,64.07,13713987.0,49.986016838649775,50.117092310847376,49.27666722440393,49.40003237470756,13713987.0
2011-09-01,False,daily,65.66,66.14,65.11,65.33,11141017.0,50.625973555849825,50.9960690067607,50.20190585168112,50.3715329333486,11141017.0
2011-08-31,False,daily,66.03,66.23,65.34,65.8,14555278.0,50.911255465926956,51.065461903806494,50.37924325524258,50.7339180623655,14555278.0
2011-08-30,False,daily,65.82,66.04,65.19,65.77,11182942.0,50.749338706153445,50.91896578782094,50.26358842683293,50.71078709668357,11182942.0
2011-08-29,False,daily,64.64,65.92,64.56,65.86,12868072.0,49.839520722664226,50.82644192509322,49.77783814751241,50.780179993729355,12868072.0
2011-08-26,False,daily,63.55,64.57,62.5007,64.28,14150547.0,48.99909563622078,49.78554846940638,48.19005155988582,49.56194913448107,14150547.0
2011-08-25,False,daily,65.49,65.49,64.2,64.55,13142648.0,50.04900975045809,50.04900975045809,49.06316118459933,49.330639477661784,13142648.0
2011-08-24,False,daily,65.38,65.7,64.84,65.53,14523841.0,49.96494514406704,50.209496726295576,49.552264349056394,50.079578698236666,14523841.0
2011-08-23,False,daily,63.52,64.99,63.42,64.97,14879474.0,48.5434890723637,49.66689790322601,48.46706670291728,49.65161342933673,14879474.0
2011-08-22,False,daily,63.99,64.1,63.01,63.29,13690466.0,48.90267420876185,48.986738815152904,48.15373498818697,48.36771762263694,13690466.0
2011-08-19,False,daily,62.91,63.78,62.74,63.14,19395030.0,48.07731261874055,48.74218723292438,47.94739459068165,48.25308406846731,19395030.0
2011-08-18,False,daily,63.19,63.58,62.02,63.16,23376866.0,48.29129525319052,48.58934249403154,47.39715353066745,48.26836854235659,23376866.0
2011-08-17,False,daily,64.56,64.85,63.8,64.26,11847502.0,49.338281714606424,49.55990658600103,48.757471706813654,49.10901460626718,11847502.0
2011-08-16,False,daily,63.77,64.71,63.685,64.36,13142070.0,48.73454499597974,49.452915268776046,48.669585981950284,49.18543697571359,13142070.0
2011-08-15,False,daily,63.85,64.62,63.61,64.59,39362342.0,48.79568289153687,49.384135136274274,48.61226920486547,49.36120842544035,39362342.0
2011-08-12,False,daily,63.61,63.99,62.9,63.36,42325937.0,48.61226920486547,48.90267420876185,48.06967038179591,48.42121328124943,42325937.0
2011-08-11,False,daily,60.18,64.19,60.13,63.44,33514398.0,45.99098193285339,49.05551894765468,45.95277074813018,48.48235117680656,33514398.0
2011-08-10,False,daily,61.62,61.96,60.01,60.2,32689689.0,47.09146405288178,47.351300108999595,45.86106390479448,46.00626640674267,32689689.0
2011-08-09,False,daily,61.71,62.37,59.08,62.2,36288248.0,47.160244185383554,47.664631823729906,45.150335868942804,47.534713795670996,36288248.0
2011-08-08,False,daily,61.8,62.58,61.05,61.12,32423123.0,47.229024317885326,47.82511879956738,46.6558565470372,46.7093522056497,32423123.0
2011-08-05,False,daily,62.12,63.43,61.05,62.71,24037803.0,47.473575900113865,48.47470893986192,46.6558565470372,47.92446787984772,24037803.0
2011-08-04,False,daily,62.61,63.16,61.805,61.84,23485634.0,47.848045510401306,48.26836854235659,47.23284543635765,47.2595932656639,23485634.0
2011-08-03,False,daily,63.37,63.53,61.862,63.41,17660338.0,48.42885551819407,48.55113130930834,47.27640618694211,48.45942446597263,17660338.0
2011-08-02,False,daily,64.11,64.35,63.43,63.43,17118226.0,48.99438105209755,49.177794738768945,48.47470893986192,48.47470893986192,17118226.0
2011-08-01,False,daily,65.28,65.33,63.66,64.41,15843697.0,49.888522774620625,49.92673395934383,48.65048038958867,49.223648160436795,15843697.0
2011-07-29,False,daily,64.74,64.9293,64.13,64.79,16830733.0,49.47584197960997,49.620509524972036,49.00966552598683,49.514053164333184,16830733.0
2011-07-28,False,daily,65.23,65.62,64.78,65.08,9920365.0,49.850311589897416,50.14835883073844,49.50641092738854,49.73567803572779,9920365.0
2011-07-27,False,daily,65.76,65.87,65.14,65.23,12812048.0,50.255350147963426,50.33941475435448,49.78153145739564,49.850311589897416,12812048.0
2011-07-26,False,daily,66.17,66.32,65.87,65.92,10008539.0,50.56868186269373,50.683315416863344,50.33941475435448,50.37762593907769,10008539.0
2011-07-25,False,daily,66.21,66.43,66.01,66.25,10252263.0,50.59925081047229,50.76738002325442,50.44640607157947,50.62981975825086,10252263.0
2011-07-22,False,daily,66.69,66.79,66.49,66.72,7721253.0,50.96607818381509,51.04250055326151,50.813233444922254,50.989004894649014,7721253.0
2011-07-21,False,daily,66.45,66.795,66.13,66.47,11398105.0,50.7826644971437,51.04632167173383,50.53811291491516,50.79794897103297,11398105.0
2011-07-20,False,daily,66.57,66.9,66.06,66.24,8912529.0,50.874371340479385,51.12656515965257,50.48461725630267,50.62217752130621,8912529.0
2011-07-19,False,daily,67.1,67.22,66.15,66.72,13677455.0,51.279409898545396,51.371116741881096,50.55339738880445,50.989004894649014,13677455.0
2011-07-18,False,daily,67.17,67.35,66.55,67.09,10364302.0,51.33290555715789,51.47046582216144,50.85908686659011,51.27176766160076,10364302.0
2011-07-15,False,daily,67.73,67.95,66.99,67.45,10245582.0,51.760870826057825,51.929000038839945,51.195345292154336,51.54688819160786,10245582.0
2011-07-14,False,daily,67.6,67.93,67.47,67.66,9637732.0,51.66152174577748,51.913715564950664,51.56217266549714,51.70737516744533,9637732.0
2011-07-13,False,daily,67.39,67.98,67.21,67.63,9031662.0,51.501034769940006,51.951926749673866,51.363474504936455,51.684448456611406,9031662.0
2011-07-12,False,daily,66.9,67.68,66.83,67.03,10528800.0,51.12656515965257,51.72265964133462,51.073069501040074,51.22591423993291,10528800.0
2011-07-11,False,daily,66.88,67.41,66.83,67.27,8918964.0,51.11128068576328,51.51631924382929,51.073069501040074,51.409327926604306,8918964.0
2011-07-08,False,daily,67.81,67.99,67.19,67.57,7866185.0,51.82200872161496,51.9595689866185,51.348190031047174,51.63859503494355,7866185.0
2011-07-07,False,daily,67.82,68.05,67.4,67.92,8415172.0,51.82965095855959,52.00542240828636,51.50867700688465,51.906073328006016,8415172.0
2011-07-06,False,daily,67.63,67.75,67.37,67.55,7100325.0,51.684448456611406,51.776155299947106,51.485750296050725,51.623310561054275,7100325.0
2011-07-05,False,daily,67.29,67.67,67.25,67.62,9773302.0,51.424612400493594,51.715017404389975,51.394043452715025,51.676806219666766,9773302.0
2011-07-01,False,daily,66.48,67.36,66.27,67.3,9216896.0,50.80559120797762,51.478108059106084,50.64510423214014,51.432254637438234,9216896.0
2011-06-30,False,daily,66.42,66.91,66.25,66.52,9747137.0,50.75973778630977,51.134207396597205,50.62981975825086,50.83616015575618,9747137.0
2011-06-29,False,daily,66.23,66.59,65.93,66.31,9227170.0,50.61453528436158,50.88965581436868,50.385268176022336,50.67567317991871,9227170.0
2011-06-28,False,daily,65.59,66.12,65.38,65.91,7724523.0,50.12543211990452,50.53047067797052,49.96494514406704,50.36998370213304,7724523.0
2011-06-27,False,daily,65.29,65.615,65.0,65.25,7204390.0,49.896165011565266,50.144537712266114,49.674540140170656,49.8655960637867,7204390.0
2011-06-24,False,daily,65.57,65.61,64.83,65.06,13186164.0,50.11014764601522,50.1407165937938,49.544622112111746,49.720393561838506,13186164.0
2011-06-23,False,daily,65.54,65.74,64.69,65.67,16234706.0,50.08722093518131,50.24006567407413,49.437630794886765,50.18657001546165,16234706.0
2011-06-22,False,daily,66.47,66.62,66.05,66.07,7993546.0,50.79794897103297,50.9125825252026,50.47697501935803,50.4922594932473,7993546.0
2011-06-21,False,daily,66.52,66.75,66.16,66.49,9811446.0,50.83616015575618,51.01193160548294,50.56103962574908,50.813233444922254,9811446.0
2011-06-20,False,daily,66.08,66.74,66.07,66.51,9309228.0,50.49990173019195,51.004289368538295,50.4922594932473,50.82851791881155,9309228.0
2011-06-17,False,daily,66.63,66.95,66.19,66.29,14358445.0,50.92022476214724,51.16477634437578,50.58396633658301,50.66038870602943,14358445.0
2011-06-16,False,daily,65.7,66.35,65.47,66.32,11684461.0,50.209496726295576,50.70624212769727,50.03372527656881,50.683315416863344,11684461.0
2011-06-15,False,daily,67.0,67.0,65.71,66.16,12623799.0,51.20298752909898,51.20298752909898,50.21713896324021,50.56103962574908,12623799.0
2011-06-14,False,daily,66.95,67.36,66.75,67.1,11389026.0,51.16477634437578,51.478108059106084,51.01193160548294,51.279409898545396,11389026.0
2011-06-13,False,daily,66.32,66.965,66.26,66.59,8146197.0,50.683315416863344,51.17623969979274,50.63746199519551,50.88965581436868,8146197.0
2011-06-10,False,daily,66.49,66.68,66.09,66.09,9313229.0,50.813233444922254,50.95843594687046,50.5075439671366,50.5075439671366,9313229.0
2011-06-09,False,daily,66.33,67.28,66.17,66.78,14054443.0,50.69095765380799,51.41697016354895,50.56868186269373,51.03485831631687,14054443.0
2011-06-08,False,daily,65.49,66.23,65.18,66.14,10020753.0,50.04900975045809,50.61453528436158,49.81210040517421,50.5457551518598,10020753.0
2011-06-07,False,daily,66.0,66.28,65.5,65.5,10451782.0,50.43876383463482,50.65274646908479,50.05665198740274,50.05665198740274,10451782.0
2011-06-06,False,daily,65.87,66.22,65.84,66.05,8391717.0,50.33941475435448,50.60689304741693,50.31648804352056,50.47697501935803,8391717.0
2011-06-03,False,daily,65.84,66.36,65.8,66.09,10364871.0,50.31648804352056,50.71388436464192,50.28591909574199,50.5075439671366,10364871.0
2011-06-02,False,daily,66.44,66.76,66.28,66.48,9582863.0,50.77502226019905,51.01957384242759,50.65274646908479,50.80559120797762,9582863.0
2011-06-01,False,daily,67.02,67.29,66.46,66.48,11004473.0,51.218272002988265,51.424612400493594,50.79030673408833,50.80559120797762,11004473.0
2011-05-31,False,daily,67.31,67.34,66.99,67.29,16473802.0,51.439896874382875,51.4628235852168,51.195345292154336,51.424612400493594,16473802.0
2011-05-27,False,daily,65.79,66.97,65.6,66.77,16386011.0,50.27827685879735,51.180060818265055,50.13307435684915,51.027216079372224,16386011.0
2011-05-26,False,daily,65.59,65.78,65.28,65.51,12053778.0,50.12543211990452,50.27063462185271,49.888522774620625,50.064294224347385,12053778.0
2011-05-25,False,daily,66.29,66.59,66.07,66.29,14769112.0,50.22478120018483,50.452076936495814,50.058097660223424,50.22478120018483,14769112.0
2011-05-24,False,daily,65.74,66.23,65.5,65.78,11018110.0,49.80807235028134,50.17932205292263,49.62623576123255,49.83837844845614,11018110.0
2011-05-23,False,daily,65.19,65.69,65.08,65.56,12025786.0,49.391363500377864,49.770189727562844,49.308021730397165,49.67169490849475,12025786.0
2011-05-20,False,daily,66.25,66.33,65.28,65.69,12371516.0,50.194475102010024,50.25508729835962,49.45955222127116,49.770189727562844,12371516.0
2011-05-19,False,daily,66.53,66.53,65.85,66.39,9694203.0,50.406617789233614,50.406617789233614,49.891414120262034,50.30054644562182,9694203.0
2011-05-18,False,daily,66.17,66.51,65.94,66.5,9024367.0,50.13386290566043,50.39146474014622,49.95960284115534,50.38388821560252,9024367.0
2011-05-17,False,daily,66.23,66.48,65.855,66.4,10794833.0,50.17932205292263,50.36873516651512,49.895202382533896,50.30812297016553,10794833.0
2011-05-16,False,daily,66.41,66.79,66.19,66.37,11500178.0,50.315699494709214,50.60360742736981,50.149015954747824,50.285393396534424,11500178.0
2011-05-13,False,daily,67.09,67.25,65.95,66.62,11707031.0,50.830903163680794,50.952127556379985,49.96717936569904,50.47480651012692,11707031.0
2011-05-12,False,daily,66.04,67.37,65.8199,67.19,15635459.0,50.035368086592335,51.043045850904385,49.86860878138551,50.90666840911779,15635459.0
2011-05-11,False,daily,66.32,66.74,65.81,66.57,19995097.0,50.24751077381592,50.5657248046513,49.861108022087244,50.436923887408405,19995097.0
2011-05-10,False,daily,65.61,65.8,65.28,65.76,9696774.0,49.70957753121325,49.85353149754354,49.45955222127116,49.823225399368745,9696774.0
2011-05-09,False,daily,65.11,65.76,65.07,65.63,9006137.0,49.33075130402827,49.823225399368745,49.300445205853464,49.724730580300644,9006137.0
2011-05-06,False,daily,65.25,65.5,65.12,65.27,11912078.0,49.436822647640064,49.62623576123255,49.33832782857197,49.45197569672746,11912078.0
2011-05-05,False,daily,66.0,66.32,65.37,65.67,13421578.0,50.00506198841754,50.24751077381592,49.52774094216446,49.75503667847545,13421578.0
2011-05-04,False,daily,66.0,66.32,65.37,65.67,13421578.0,50.00506198841754,50.24751077381592,49.52774094216446,49.75503667847545,13421578.0
2011-05-03,False,daily,66.11,66.46,66.01,66.26,13107192.0,50.08840375839823,50.35358211742771,50.01263851296124,50.202051626553725,13107192.0
2011-05-02,False,daily,65.92,66.31,65.81,66.21,15462794.0,49.94444979206794,50.239934249272224,49.861108022087244,50.16416900383522,15462794.0
2011-04-29,False,daily,65.59,65.975,65.4,65.72,12103921.0,49.694424482125854,49.98612067705828,49.55047051579556,49.79291930119395,12103921.0
2011-04-28,False,daily,65.39,65.74,64.93,65.38,13095488.0,49.54289399125186,49.80807235028134,49.19437386224168,49.53531746670816,13095488.0
2011-04-27,False,daily,63.45,65.6,63.4,65.57,23779656.0,48.07304822977413,49.70200100666955,48.03516560705563,49.679271433038444,23779656.0
2011-04-26,False,daily,64.07,65.3,64.07,64.95,14538468.0,48.5427927514835,49.474705270358555,48.5427927514835,49.20952691132908,14538468.0
2011-04-25,False,daily,63.65,64.2,63.51,64.11,7228457.0,48.22457872064812,48.641287570551604,48.11850737703632,48.57309884965831,7228457.0
2011-04-22,False,daily,63.81,64.3,63.77,64.07,11697838.0,48.345803113347316,48.717052815988595,48.31549701517252,48.5427927514835,11697838.0
2011-04-21,False,daily,63.81,64.3,63.77,64.07,11697838.0,48.345803113347316,48.717052815988595,48.31549701517252,48.5427927514835,11697838.0
2011-04-20,False,daily,63.21,64.54,63.18,64.39,26743929.0,47.89121164072534,48.898889405037394,47.86848206709424,48.7852415368819,26743929.0
2011-04-19,False,daily,62.0,62.87,61.8,62.69,26099993.0,46.97445217093768,47.63360980623955,46.822921680063686,47.497232364452955,26099993.0
2011-04-18,False,daily,60.45,61.19,60.1,60.46,20044144.0,45.80009086666424,46.360753682898014,45.53491250763476,45.80766739120794,20044144.0
2011-04-15,False,daily,60.24,60.95,59.98,60.56,18614109.0,45.64098385124655,46.17891709384922,45.44399421311036,45.88343263664494,18614109.0
2011-04-14,False,daily,59.55,60.12,59.49,60.02,10431417.0,45.11820365773127,45.55006555672215,45.07274451046908,45.47430031128516,10431417.0
2011-04-13,False,daily,59.66,59.95,59.5143,59.6,10514570.0,45.20154542771197,45.42126463947926,45.09115546511027,45.15608628044978,10514570.0
2011-04-12,False,daily,59.66,60.08,59.66,59.94,9223552.0,45.20154542771197,45.519759458547355,45.20154542771197,45.41368811493556,9223552.0
2011-04-11,False,daily,59.54,60.17,59.5,59.86,9848034.0,45.11062713318758,45.58794817944065,45.08032103501278,45.353075918585965,9848034.0
2011-04-08,False,daily,59.73,59.78,59.31,59.46,7860002.0,45.254581099517864,45.29246372223637,44.936367068682486,45.05001493683798,7860002.0
2011-04-07,False,daily,59.72,59.76,59.25,59.48,9243687.0,45.24700457497417,45.27731067314897,44.890907921420286,45.06516798592538,9243687.0
2011-04-06,False,daily,59.7,59.9,59.6,59.66,10012202.0,45.231851525886775,45.38338201676076,45.15608628044978,45.20154542771197,10012202.0
2011-04-05,False,daily,59.75,59.96,59.48,59.8,10603662.0,45.26973414860527,45.42884116402296,45.06516798592538,45.307616771323765,10603662.0
2011-04-04,False,daily,59.5,60.18,59.46,60.15,9421856.0,45.08032103501278,45.59552470398435,45.05001493683798,45.57279513035325,9421856.0
2011-04-01,False,daily,59.63,59.64,59.06,59.49,9915912.0,45.178815854080874,45.186392378624575,44.74695395508999,45.07274451046908,9915912.0
2011-03-31,False,daily,59.21,59.7,59.21,59.25,9693358.0,44.86060182324549,45.231851525886775,44.86060182324549,44.890907921420286,9693358.0
2011-03-30,False,daily,59.34,59.73,59.24,59.38,10749320.0,44.95909664231359,45.254581099517864,44.88333139687659,44.98940274048839,10749320.0
2011-03-29,False,daily,58.98,59.31,58.93,59.22,9285938.0,44.6863417587404,44.936367068682486,44.6484591360219,44.86817834778919,9285938.0
2011-03-28,False,daily,58.98,59.3,58.98,59.24,8384615.0,44.6863417587404,44.928790544138785,44.6863417587404,44.88333139687659,8384615.0
2011-03-25,False,daily,59.01,59.09,58.65,58.98,8084807.0,44.709071332371494,44.769683528721096,44.43631644879831,44.6863417587404,8084807.0
2011-03-24,False,daily,58.98,59.08,58.73,59.03,8659330.0,44.6863417587404,44.762107004177395,44.496928645147904,44.724224381458896,8659330.0
2011-03-23,False,daily,58.72,58.89,58.5,58.72,9901520.0,44.4893521206042,44.6181530378471,44.32266858064281,44.4893521206042,9901520.0
2011-03-22,False,daily,58.8,59.15,58.7,58.79,10157961.0,44.549964316953805,44.81514267598329,44.47419907151681,44.5423877924101,10157961.0
2011-03-21,False,daily,58.67,59.16,58.67,58.83,10694382.0,44.45146949788571,44.82271920052699,44.45146949788571,44.5726938905849,10694382.0
2011-03-18,False,daily,58.56,58.69,58.1,58.57,14391027.0,44.36812772790501,44.466622546973106,44.01960759889483,44.37570425244871,14391027.0
2011-03-17,False,daily,58.21,58.375,57.9,58.13,12460199.0,44.10294936887553,44.22796202384657,43.868077108020834,44.04233717252593,12460199.0
2011-03-16,False,daily,58.57,58.57,57.5,57.66,17015254.0,44.37570425244871,44.37570425244871,43.56501612627285,43.68624051897204,17015254.0
2011-03-15,False,daily,58.78,58.84,58.02,58.48,16030758.0,44.5348112678664,44.5802704151286,43.958995402545234,44.30751553155541,16030758.0
2011-03-14,False,daily,59.49,59.49,58.92,59.13,11789664.0,45.07274451046908,45.07274451046908,44.6408826114782,44.79998962689589,11789664.0
2011-03-11,False,daily,59.24,59.865,59.11,59.69,10432147.0,44.88333139687659,45.35686418085781,44.78483657780849,45.22427500134307,10432147.0
2011-03-10,False,daily,60.14,60.3,59.4,59.61,14858294.0,45.565218605809555,45.686442998508745,45.00455578957578,45.16366280499347,14858294.0
2011-03-09,False,daily,60.74,61.06,60.32,60.4,10077377.0,46.01981007843153,46.26225886382992,45.70159604759615,45.76220824394574,10077377.0
2011-03-08,False,daily,60.48,60.99,60.34,60.71,8886859.0,45.82282044029534,46.20922319202403,45.71674909668355,45.99708050480043,8886859.0
2011-03-07,False,daily,61.09,61.1,60.3,60.4,9589472.0,46.284988437461024,46.29256496200472,45.686442998508745,45.76220824394574,9589472.0
2011-03-04,False,daily,61.29,61.29,60.34,61.06,11439484.0,46.43651892833501,46.43651892833501,45.71674909668355,46.26225886382992,11439484.0
2011-03-03,False,daily,61.12,61.2,60.81,61.05,7803156.0,46.30771801109211,46.368330207441716,46.07284575023743,46.25468233928622,7803156.0
2011-03-02,False,daily,60.5,60.93,60.36,60.81,10264568.0,45.83797348938274,46.16376404476183,45.731902145770945,46.07284575023743,10264568.0
2011-03-01,False,daily,61.25,61.5,60.6,60.7,14035900.0,46.406212830160214,46.5956259437527,45.91373873481974,45.989503980256735,14035900.0
2011-02-28,False,daily,59.93,61.45,59.77,61.44,20033534.0,45.40611159039186,46.55774332103421,45.28488719769267,46.5501667964905,20033534.0
2011-02-25,False,daily,59.92,59.95,59.36,59.64,11866055.0,45.398535065848165,45.42126463947926,44.974249691400985,45.186392378624575,11866055.0
2011-02-24,False,daily,60.47,60.5,60.03,60.25,11769119.0,45.404617663228706,45.42714351951938,45.074238437632204,45.239428050430455,11769119.0
2011-02-23,False,daily,60.76,61.08,60.37,60.39,12100835.0,45.62236760737186,45.86264340780568,45.329531475593136,45.344548713120254,12100835.0
2011-02-22,False,daily,60.68,60.99,60.45,60.65,11050789.0,45.562298657263405,45.795065838933674,45.389600425701595,45.539772800972735,11050789.0
2011-02-18,False,daily,60.89,61.22,60.55,61.11,12393022.0,45.719979651298104,45.96776407049548,45.464686613337165,45.885169264096355,12393022.0
2011-02-17,False,daily,60.37,60.93,60.33,60.79,7141324.0,45.329531475593136,45.750014126352326,45.29949700053891,45.644893463662534,7141324.0
2011-02-16,False,daily,60.61,60.74,60.5,60.52,9426478.0,45.509738325918505,45.607350369844745,45.42714351951938,45.442160757046494,9426478.0
2011-02-15,False,daily,60.6,60.7,60.48,60.62,8573114.0,45.50222970715495,45.57731589479052,45.412126281992265,45.517246944682064,8573114.0
2011-02-14,False,daily,60.69,60.98,60.65,60.7,8132455.0,45.56980727602696,45.78755722017011,45.539772800972735,45.57731589479052,8132455.0
2011-02-11,False,daily,60.74,61.17,60.51,60.7,9631213.0,45.607350369844745,45.930220976677695,45.434652138282935,45.57731589479052,9631213.0
2011-02-10,False,daily,60.64,61.07,60.42,60.93,8636022.0,45.532264182209175,45.855134789042125,45.367074569410924,45.750014126352326,8636022.0
2011-02-09,False,daily,60.93,60.94,60.64,60.88,8542052.0,45.750014126352326,45.757522745115885,45.532264182209175,45.712471032534545,8542052.0
2011-02-08,False,daily,60.94,60.99,60.75,60.94,7867877.0,45.757522745115885,45.795065838933674,45.614858988608304,45.757522745115885,7867877.0
2011-02-07,False,daily,60.88,60.99,60.65,60.87,8219961.0,45.712471032534545,45.795065838933674,45.539772800972735,45.704962413770986,8219961.0
2011-02-04,False,daily,60.94,60.99,60.65,60.84,9726231.0,45.757522745115885,45.795065838933674,45.539772800972735,45.682436557480315,9726231.0
2011-02-03,False,daily,60.66,60.97,60.59,60.8,10084786.0,45.54728141973629,45.780048601406556,45.494721088391394,45.652402082426086,10084786.0
2011-02-02,False,daily,60.46,60.76,60.28,60.62,9994273.0,45.397109044465154,45.62236760737186,45.26195390672113,45.517246944682064,9994273.0
2011-02-01,False,daily,59.7,60.74,59.7,60.63,14780437.0,44.82645401843483,45.607350369844745,44.82645401843483,45.52475556344562,14780437.0
2011-01-31,False,daily,60.16,60.22,59.69,59.77,19056202.0,45.171850481558444,45.216902194139784,44.81894539967127,44.87901434977973,19056202.0
2011-01-28,False,daily,60.9101,61.0,60.0,60.01,15299870.0,45.73507197501285,45.802574457697226,45.05171258134153,45.05922120010509,15299870.0
2011-01-27,False,daily,60.64,61.04,60.6,60.68,11223895.0,45.532264182209175,45.832608932751455,45.50222970715495,45.562298657263405,11223895.0
2011-01-26,False,daily,61.18,61.25,60.6,60.6,20266890.0,45.93772959544125,45.99028992678615,45.50222970715495,45.50222970715495,20266890.0
2011-01-25,False,daily,60.89,61.625,60.71,61.08,28056616.0,45.719979651298104,46.27186313041953,45.584824513554075,45.86264340780568,28056616.0
2011-01-24,False,daily,62.56,62.72,62.16,62.22,11381800.0,46.97391898481211,47.09405688502902,46.67357423426983,46.71862594685117,11381800.0
2011-01-21,False,daily,63.25,63.25,62.46,62.66,12934647.0,47.49201367949753,47.49201367949753,46.89883279717654,47.04900517244767,12934647.0
2011-01-20,False,daily,62.73,63.1,62.54,62.86,11523475.0,47.10156550379257,47.37938439804418,46.95890174728499,47.19917754771881,11523475.0
2011-01-19,False,daily,62.05,62.61,62.01,62.56,9596665.0,46.5909794278707,47.01146207862989,46.56094495281648,46.97391898481211,9596665.0
2011-01-18,False,daily,62.219,62.59,62.01,62.1,13945093.0,46.717875084974814,46.99644484110278,46.56094495281648,46.62852252168849,13945093.0
2011-01-14,False,daily,62.95,62.97,62.25,62.55,11274671.0,47.26675511659083,47.28177235411794,46.74115180314184,46.96641036604855,11274671.0
2011-01-13,False,daily,62.56,62.98,62.35,62.91,9489675.0,46.97391898481211,47.28928097288149,46.81623799077741,47.23672064153659,9489675.0
2011-01-12,False,daily,62.45,62.88,62.32,62.5,8313016.0,46.89132417841298,47.21419478524593,46.79371213448674,46.92886727223077,8313016.0
2011-01-11,False,daily,62.22,62.35,62.0,62.27,7372768.0,46.71862594685117,46.81623799077741,46.55343633405292,46.75616904066896,7372768.0
2011-01-10,False,daily,62.29,62.4,62.0,62.16,9774960.0,46.77118627819607,46.85378108459519,46.55343633405292,46.67357423426983,9774960.0
2011-01-07,False,daily,63.2,63.25,62.56,62.6,11085009.0,47.45447058567975,47.49201367949753,46.97391898481211,47.00395345986634,11085009.0
2011-01-06,False,daily,63.43,63.53,62.9,63.21,7606806.0,47.62716881724156,47.70225500487713,47.22921202277304,47.46197920444331,7606806.0
2011-01-05,False,daily,63.41,63.54,62.95,63.31,11837836.0,47.61215157971444,47.70976362364068,47.26675511659083,47.53706539207888,11837836.0
2011-01-04,False,daily,63.13,63.35,62.75,63.35,12346973.0,47.40191025433485,47.5670998671331,47.11658274131969,47.5670998671331,12346973.0
2011-01-03,False,daily,62.63,63.18,62.53,62.82,14898113.0,47.02647931615701,47.43945334815263,46.95139312852144,47.16914307266459,14898113.0
2012-12-31,False,daily,69.24,70.11,69.175,70.1,12771266.0,55.875362275965536,56.57743571877446,55.82290851299705,56.569365909087,12771266.0
2012-12-28,False,daily,69.84,70.07,69.415,69.48,9693676.0,56.35955085721307,56.54515648002462,56.01658394549607,56.069037708464556,9693676.0
2012-12-27,False,daily,70.13,70.4,69.8,70.09,10700303.0,56.59357533814938,56.81146019971078,56.327271618463236,56.56129609939955,10700303.0
2012-12-26,False,daily,69.95,70.36,69.88,70.17,7737247.0,56.44831876377512,56.779180960960936,56.3918300959629,56.625854576899215,7737247.0
2012-12-24,False,daily,70.32,70.4,69.94,70.02,5006415.0,56.74690172221109,56.81146019971078,56.44024895408766,56.50480743158733,5006415.0
2012-12-21,False,daily,70.56,70.75,70.06,70.27,22154453.0,56.94057715471012,57.09390353877183,56.53708667033717,56.7065526737738,22154453.0
2012-12-20,False,daily,70.74,70.9,70.49,70.75,11775935.0,57.08583372908437,57.214950684083725,56.884088486897895,57.09390353877183,11775935.0
2012-12-19,False,daily,70.91,71.31,70.63,70.63,11865800.0,57.22302049377117,57.54581288126953,56.99706582252232,56.99706582252232,11865800.0
2012-12-18,False,daily,71.06,71.1,70.505,70.95,16354131.0,57.344067639083065,57.376346877832894,56.896193201429085,57.25529973252102,16354131.0
2012-12-17,False,daily,70.84,71.18,70.78,70.94,14324436.0,57.16653182595897,57.440905355332575,57.118112967834215,57.247229922833554,14324436.0
2012-12-14,False,daily,70.62,70.86,70.49,70.69,10263540.0,56.988996012834875,57.18267144533388,56.884088486897895,57.04548468064708,10263540.0
2012-12-13,False,daily,70.9,71.0,70.6199,70.75,8839643.0,57.214950684083725,57.29564878095831,56.988915314737994,57.09390353877183,8839643.0
2012-12-12,False,daily,71.21,71.37,70.845,70.96,11783256.0,57.46511478439494,57.59423173939429,57.17056673080269,57.263369542208466,11783256.0
2012-12-11,False,daily,70.93,71.62,70.75,71.1,14934575.0,57.2391601131461,57.795976981580765,57.09390353877183,57.376346877832894,14934575.0
2012-12-10,False,daily,70.26,70.8,70.26,70.6,9700330.0,56.69848286408635,57.134252587209126,56.69848286408635,56.97285639345995,9700330.0
2012-12-07,False,daily,70.04,70.5225,69.86,70.45,10021271.0,56.520947050962256,56.910315368382136,56.37569047658799,56.85180924814807,10021271.0
2012-12-06,False,daily,70.34,70.34,69.8,70.05,9459120.0,56.763041341586025,56.763041341586025,56.327271618463236,56.529016860649705,9459120.0
2012-12-05,False,daily,69.93,70.295,69.58,69.97,11037053.0,56.43217914440021,56.72672719799245,56.14973580533914,56.46445838315004,11037053.0
2012-12-04,False,daily,69.58,70.49,69.45,69.86,14278003.0,56.14973580533914,56.884088486897895,56.044828279402175,56.37569047658799,14278003.0
2012-12-03,False,daily,69.8,69.92,69.36,69.65,9930689.0,56.327271618463236,56.424109334712746,55.972199992215046,56.20622447315136,9930689.0
2012-11-30,False,daily,69.39,69.92,69.175,69.73,13482853.0,55.99640942127742,56.424109334712746,55.82290851299705,56.270782950651025,13482853.0
2012-11-29,False,daily,69.47,69.555,69.05,69.22,9849162.0,56.06096789877709,56.1295612811205,55.722035891903815,55.85922265659062,9849162.0
2012-11-28,False,daily,68.71,69.38,68.6,69.29,9983230.0,55.44766236253021,55.98833961158996,55.35889445596816,55.915711324402835,9983230.0
2012-11-27,False,daily,69.01,69.15,68.73,68.81,8763305.0,55.689756653153985,55.802733988778414,55.463801981905135,55.52836045940481,8763305.0
2012-11-26,False,daily,69.12,69.5,68.82,69.09,9886495.0,55.77852455971603,56.08517732783947,55.53643026909226,55.75431513065366,9886495.0
2012-11-23,False,daily,69.08,69.56,68.95,69.56,5450045.0,55.746245320966196,56.13359618596422,55.64133779502923,56.13359618596422,5450045.0
2012-11-21,False,daily,69.63,69.875,69.45,69.59,7640296.0,55.69754351506678,55.893520797289845,55.55356020567842,55.6655472240916,7640296.0
2012-11-20,False,daily,69.26,69.715,69.14,69.67,9859579.0,55.40157782354626,55.76553563338908,55.30558895062068,55.729539806041984,9859579.0
2012-11-19,False,daily,69.54,69.81,69.04,69.25,12337384.0,55.62555186037261,55.84152682445516,55.2255982231827,55.39357875080246,12337384.0
2012-11-16,False,daily,68.87,69.27,68.51,69.19,14272346.0,55.08961398653813,55.409576896290055,54.8016473677614,55.34558431433967,14272346.0
2012-11-15,False,daily,68.99,69.2,68.72,69.07,11804602.0,55.1856028594637,55.35358338708347,54.96962789538115,55.24959544141409,11804602.0
2012-11-14,False,daily,69.63,69.76,69.03,69.27,10471849.0,55.69754351506678,55.80153146073617,55.2175991504389,55.409576896290055,10471849.0
2012-11-13,False,daily,69.52,70.11,69.4,69.51,8244865.0,55.60955371488501,56.0814990067691,55.513564841959436,55.60155464214122,8244865.0
2012-11-12,False,daily,69.79,70.05,69.31,69.68,9762068.0,55.825528678967565,56.03350457030631,55.44157318726525,55.737538878785784,9762068.0
2012-11-09,False,daily,69.56,70.26,69.43,69.87,10511681.0,55.6415500058602,56.20148509792608,55.53756206019083,55.88952126091795,10511681.0
2012-11-08,False,daily,70.15,70.42,69.65,69.65,12655586.0,56.1134952977443,56.32947026182685,55.71354166055439,55.71354166055439,12655586.0
2012-11-07,False,daily,70.69,70.99,69.7,70.34,12719676.0,56.5454452259094,56.78541740822334,55.75353702427338,56.26547767987646,12719676.0
2012-11-06,False,daily,71.0,71.62,70.89,71.01,7927454.0,56.79341648096714,57.289358991082636,56.705426680785365,56.801415553710946,7927454.0
2012-11-05,False,daily,70.86,71.0,70.47,70.79,6874426.0,56.681429462553965,56.79341648096714,56.369465625545836,56.625435953347385,6874426.0
2012-11-02,False,daily,71.7,71.7,70.83,70.9,7946639.0,57.35335157303302,57.35335157303302,56.65743224432257,56.713425753529165,7946639.0
2012-11-01,False,daily,71.1,71.9,70.83,71.5,11226550.0,56.87340720840512,57.513333027908985,56.65743224432257,57.19337011815705,11226550.0
2012-10-31,False,daily,71.11,71.25,70.48,70.82,9950511.0,56.88140628114892,56.99339329956209,56.37746469828964,56.64943317157877,9950511.0
2012-10-30,False,daily,71.0,71.32,70.56,70.9,8965190.0,56.79341648096714,57.04938680876868,56.44145728024002,56.713425753529165,8965190.0
2012-10-26,False,daily,71.0,71.32,70.56,70.9,8965190.0,56.79341648096714,57.04938680876868,56.44145728024002,56.713425753529165,8965190.0
2012-10-25,False,daily,71.01,71.56,70.99,71.14,9673169.0,56.801415553710946,57.24136455461984,56.78541740822334,56.90540349938032,9673169.0
2012-10-24,False,daily,70.99,71.2,70.67,70.74,8571972.0,56.78541740822334,56.95339793584311,56.529447080421804,56.585440589628384,8571972.0
2012-10-23,False,daily,71.17,71.53,70.525,70.89,11086192.0,56.92940071761171,57.21736733638845,56.41346052563673,56.705426680785365,11086192.0
2012-10-22,False,daily,71.79,72.29,71.33,71.78,14033469.0,57.425343227727204,57.825296864917114,57.05738588151248,57.417344154983404,14033469.0
2012-10-19,False,daily,72.11,72.24,71.73,71.86,18391113.0,57.68131355552874,57.78530150119811,57.37734879126441,57.481336736933784,18391113.0
2012-10-18,False,daily,70.87,72.74,70.82,72.52,33591058.0,56.68942853529777,58.18525513838802,56.64943317157877,58.00927553802446,33591058.0
2012-10-17,False,daily,69.73,71.18,69.55,71.0,26522960.0,55.77753424250478,56.937399790355514,55.6335509331164,56.79341648096714,26522960.0
2012-10-16,False,daily,69.3,69.8,69.02,69.55,13689960.0,55.43357411452145,55.83352775171136,55.2096000776951,55.6335509331164,13689960.0
2012-10-15,False,daily,68.18,68.99,68.07,68.6,14869847.0,54.537677967216055,55.1856028594637,54.44968816703427,54.87363902245557,14869847.0
2012-10-12,False,daily,68.18,68.51,67.8,67.97,8685539.0,54.537677967216055,54.8016473677614,54.23371320295172,54.36969743959629,8685539.0
2012-10-11,False,daily,68.21,68.3,67.86,67.97,9505526.0,54.56167518544744,54.63366684014163,54.28170763941451,54.36969743959629,9505526.0
2012-10-10,False,daily,68.38,68.49,67.98,68.22,10710868.0,54.697659422092016,54.78564922227379,54.377696512340094,54.56967425819124,10710868.0
2012-10-09,False,daily,68.62,68.97,68.1,68.41,15365897.0,54.88963716794318,55.169604713976106,54.47368538526566,54.72165664032341,15365897.0
2012-10-08,False,daily,69.6,69.65,69.17,69.44,6447530.0,55.67354629683539,55.71354166055439,55.329586168852074,55.54556113293462,6447530.0
2012-10-05,False,daily,69.46,69.74,69.32,69.65,9429835.0,55.561559278422216,55.785533315248564,55.44957226000904,55.71354166055439,9429835.0
2012-10-04,False,daily,69.1,69.5,69.01,69.27,9397590.0,55.27359265964548,55.59355556939742,55.20160100495131,55.409576896290055,9397590.0
2012-10-03,False,daily,69.19,69.32,68.73,69.0,8560579.0,55.34558431433967,55.44957226000904,54.97762696812496,55.19360193220751,8560579.0
2012-10-02,False,daily,69.12,69.28,68.64,68.96,10062669.0,55.28959080513309,55.417575969033855,54.90563531343077,55.161605641232306,10062669.0
2012-10-01,False,daily,68.92,69.45,68.92,69.13,9649497.0,55.12960935025712,55.55356020567842,55.12960935025712,55.297589877876874,9649497.0
2012-09-28,False,daily,68.77,69.04,68.5,68.91,10293525.0,55.009623259100145,55.2255982231827,54.7936482950176,55.12161027751332,10293525.0
2012-09-27,False,daily,69.09,69.35,68.89,69.01,8253153.0,55.26559358690169,55.473569478240435,55.105612132025726,55.20160100495131,8253153.0
2012-09-26,False,daily,69.5,69.5,68.96,69.0,9971862.0,55.59355556939742,55.59355556939742,55.161605641232306,55.19360193220751,9971862.0
2012-09-25,False,daily,69.01,69.64,69.01,69.32,11625484.0,55.20160100495131,55.70554258781059,55.20160100495131,55.44957226000904,11625484.0
2012-09-24,False,daily,68.88,69.2,68.81,69.0,9082404.0,55.09761305928192,55.35358338708347,55.04161955007534,55.19360193220751,9082404.0
2012-09-21,False,daily,69.05,69.3611,68.84,69.06,19076616.0,55.233597295926494,55.48244844898605,55.06561676830673,55.241596368670294,19076616.0
2012-09-20,False,daily,68.41,68.99,68.33,68.9,8704582.0,54.72165664032341,55.1856028594637,54.65766405837302,55.113611204769526,8704582.0
2012-09-19,False,daily,68.75,68.924,68.6,68.6,9911281.0,54.99362511361255,55.13280897935464,54.87363902245557,54.87363902245557,9911281.0
2012-09-18,False,daily,68.08,68.6675,68.07,68.55,8063082.0,54.45768723977807,54.92763276347622,54.44968816703427,54.833643658736584,8063082.0
2012-09-17,False,daily,68.49,68.7,68.0,68.25,11584028.0,54.78564922227379,54.95362974989356,54.39369465782769,54.59367147642264,11584028.0
2012-09-14,False,daily,68.91,68.91,68.08,68.47,13027702.0,55.12161027751332,55.12161027751332,54.45768723977807,54.7696510767862,13027702.0
2012-09-13,False,daily,68.01,69.17,68.0,68.99,13006345.0,54.40169373057149,55.329586168852074,54.39369465782769,55.1856028594637,13006345.0
2012-09-12,False,daily,68.37,68.46,68.03,68.15,8230629.0,54.68966034934822,54.761652004042396,54.41769187605908,54.51368074898466,8230629.0
2012-09-11,False,daily,68.365,68.55,68.18,68.2,8822632.0,54.685660812976316,54.833643658736584,54.537677967216055,54.55367611270365,8822632.0
2012-09-10,False,daily,67.99,68.47,67.83,68.18,11441918.0,54.38569558508388,54.7696510767862,54.25771042118311,54.537677967216055,11441918.0
2012-09-07,False,daily,67.97,68.01,67.52,67.88,8403379.0,54.36969743959629,54.40169373057149,54.00973916612537,54.29770578490211,8403379.0
2012-09-06,False,daily,67.71,68.22,67.59,67.84,13075458.0,54.16172154825753,54.56967425819124,54.065732675331965,54.26570949392692,13075458.0
2012-09-05,False,daily,67.44,67.8699,67.14,67.27,9266261.0,53.945746584174984,54.28962672143087,53.70577440186104,53.809762347530416,9266261.0
2012-09-04,False,daily,67.49,67.54,66.97,67.26,8402642.0,53.98574194789397,54.02573731161297,53.56979016521647,53.80176327478662,8402642.0
2012-08-31,False,daily,67.45,67.9,67.16,67.43,10152058.0,53.953745656918784,54.31370393038971,53.721772547348635,53.93774751143119,10152058.0
2012-08-30,False,daily,67.23,67.41,66.85,67.21,9672953.0,53.77776605655523,53.92174936594359,53.47380129229089,53.76176791106762,9672953.0
2012-08-29,False,daily,67.28,67.83,67.06,67.37,9609412.0,53.817761420274216,54.25771042118311,53.641781819910655,53.889753074968404,9609412.0
2012-08-28,False,daily,67.31,67.7,67.22,67.51,6750725.0,53.84175863850561,54.15372247551374,53.76976698381142,54.00174009338158,6750725.0
2012-08-27,False,daily,67.54,67.96,67.48,67.49,8761340.0,54.02573731161297,54.36169836685249,53.977742875150184,53.98574194789397,8761340.0
2012-08-24,False,daily,67.22,67.84,67.15,67.6,11297425.0,53.76976698381142,54.26570949392692,53.71377347460484,54.07373174807575,11297425.0
2012-08-23,False,daily,67.8,67.95,67.56,67.74,9064092.0,53.745337574758594,53.86424318886205,53.55508859219308,53.69777532911721,9064092.0
2012-08-22,False,daily,67.63,67.93,67.53,67.75,8230885.0,53.610577878774684,53.84838910698159,53.531307469372386,53.705702370057445,8230885.0
2012-08-21,False,daily,67.69,68.25,67.62,67.78,9544814.0,53.658140124416065,54.10205441706894,53.60265083783446,53.72948349287814,9544814.0
2012-08-20,False,daily,67.8,67.84,67.67,67.7,12645253.0,53.745337574758594,53.77704573851952,53.64228604253561,53.666067165356296,12645253.0
2012-08-17,False,daily,68.12,68.18,67.51,67.8,11999974.0,53.99900288484596,54.04656513048734,53.51545338749193,53.745337574758594,11999974.0
2012-08-16,False,daily,68.44,68.45,68.02,68.2,13518440.0,54.25266819493331,54.26059523587354,53.91973247544365,54.06241921236779,13518440.0
2012-08-15,False,daily,68.51,68.84,68.3,68.35,9349067.0,54.30815748151492,54.569749832542506,54.14168962177009,54.18132482647123,9349067.0
2012-08-14,False,daily,68.74,68.75,68.5,68.64,8218063.0,54.4904794231402,54.49840646408043,54.30023044057469,54.4112090137379,8218063.0
2012-08-13,False,daily,68.39,68.55,68.17,68.46,7199166.0,54.21303299023216,54.339865645275836,54.0386380895471,54.26852227681376,7199166.0
2012-08-10,False,daily,68.12,68.71,68.12,68.64,7645012.0,53.99900288484596,54.46669830031951,53.99900288484596,54.4112090137379,7645012.0
2012-08-09,False,daily,68.33,68.65,68.17,68.32,7764362.0,54.16547074459078,54.41913605467814,54.0386380895471,54.157543703650546,7764362.0
2012-08-08,False,daily,68.29,68.56,68.2175,68.35,6573160.0,54.13376258082987,54.34779268621607,54.076291534013194,54.18132482647123,6573160.0
2012-08-07,False,daily,68.81,68.94,68.21,68.29,11268373.0,54.54596870972181,54.649020241944804,54.07034625330802,54.13376258082987,11268373.0
2012-08-06,False,daily,69.18,69.34,68.78,68.84,8723756.0,54.839269224510325,54.966101879554,54.522187586901126,54.569749832542506,8723756.0
2012-08-03,False,daily,68.98,69.32,68.885,69.12,10898717.0,54.68072840570572,54.95024779767353,54.60542151677354,54.791706978868945,10898717.0
2012-08-02,False,daily,68.81,68.976,68.02,68.45,13536193.0,54.54596870972181,54.67755758932963,53.91973247544365,54.26059523587354,13536193.0
2012-08-01,False,daily,69.48,69.75,69.25,69.38,11681665.0,55.07708045271722,55.29111055810342,54.89475851109193,54.997810043314914,11681665.0
2012-07-31,False,daily,69.25,69.56,69.1,69.22,10313943.0,54.89475851109193,55.140496780239054,54.775852896988475,54.870977388271235,10313943.0
2012-07-30,False,daily,69.37,69.65,69.16,69.45,8379815.0,54.98988300237469,55.21184014870113,54.823415142629855,55.053299329896525,8379815.0
2012-07-27,False,daily,68.95,69.68,68.89,69.52,14015967.0,54.656947282885035,55.23562127152182,54.609385037243655,55.10878861647813,14015967.0
2012-07-26,False,daily,68.3,68.98,68.21,68.74,16477663.0,54.14168962177009,54.68072840570572,54.07034625330802,54.4904794231402,16477663.0
2012-07-25,False,daily,67.67,68.02,67.385,67.53,9882161.0,53.64228604253561,53.91973247544365,53.41636537573906,53.531307469372386,9882161.0
2012-07-24,False,daily,68.1,68.25,67.0,67.35,12146661.0,53.98314880296549,54.10205441706894,53.1111742995402,53.388620732448246,12146661.0
2012-07-23,False,daily,68.14,68.31,67.65,68.11,11772002.0,54.01485696672641,54.14961666271032,53.626431960655154,53.99107584390572,11772002.0
2012-07-20,False,daily,69.35,69.36,68.35,68.63,13965428.0,54.97402892049422,54.98195596143446,54.18132482647123,54.40328197279767,13965428.0
2012-07-19,False,daily,69.25,69.7,68.9775,69.53,13499518.0,54.89475851109193,55.25147535340228,54.67874664547067,55.11671565741837,13499518.0
2012-07-18,False,daily,68.74,69.46,68.66,69.37,15620267.0,54.4904794231402,55.06122637083675,54.427063095618365,54.98988300237469,15620267.0
2012-07-17,False,daily,67.84,69.18,67.61,69.0,24203994.0,53.77704573851952,54.839269224510325,53.59472379689423,54.696582487586184,24203994.0
2012-07-16,False,daily,68.47,68.72,68.36,68.45,12921696.0,54.276449317754,54.474625341259745,54.18925186741147,54.26059523587354,12921696.0
2012-07-13,False,daily,67.79,68.74,67.73,68.61,13239176.0,53.73741053381837,54.4904794231402,53.68984828817699,54.387427890917216,13239176.0
2012-07-12,False,daily,67.62,68.1203,67.44,67.71,16484176.0,53.60265083783446,53.99924069607416,53.45996410091032,53.67399420629652,16484176.0
2012-07-11,False,daily,68.03,68.11,67.72,67.9,12026003.0,53.92765951638388,53.99107584390572,53.68192124723676,53.8246079841609,12026003.0
2012-07-10,False,daily,67.97,68.1,67.74,67.88,12852245.0,53.8800972707425,53.98314880296549,53.69777532911721,53.80875390228043,12852245.0
2012-07-09,False,daily,67.74,67.96,67.63,67.78,12485897.0,53.69777532911721,53.87217022980227,53.610577878774684,53.72948349287814,12485897.0
2012-07-06,False,daily,67.51,67.875,67.36,67.64,9757958.0,53.51545338749193,53.80479038181032,53.396547773388484,53.618504919714916,9757958.0
2012-07-05,False,daily,67.92,68.15,67.78,67.78,11857715.0,53.840462066041354,54.022784007666644,53.72948349287814,53.72948349287814,11857715.0
2012-07-03,False,daily,67.96,68.12,67.72,68.04,8902338.0,53.87217022980227,53.99900288484596,53.68192124723676,53.935586557324115,8902338.0
2012-07-02,False,daily,67.42,68.0,67.34,68.0,12553306.0,53.444110019029864,53.90387839356319,53.38069369150802,53.90387839356319,12553306.0
2012-06-29,False,daily,67.3,67.7,67.215,67.56,18285993.0,53.3489855277471,53.666067165356296,53.28160567975515,53.55508859219308,18285993.0
2012-06-28,False,daily,66.71,67.0,66.438,66.94,12110891.0,52.88129011227353,53.1111742995402,52.66567459869929,53.06361205389882,12110891.0
2012-06-27,False,daily,66.42,67.2,66.36,66.84,17594405.0,52.65140592500688,53.269715118344806,52.60384367936549,52.98434164449653,17594405.0
2012-06-26,False,daily,66.56,66.69,66.41,66.42,11099918.0,52.76238449817009,52.86543603039308,52.64347888406664,52.65140592500688,11099918.0
2012-06-25,False,daily,66.26,66.63,66.14,66.5,13734486.0,52.5245732699632,52.8178737847517,52.42944877868044,52.71482225252871,13734486.0
2012-06-22,False,daily,66.66,66.97,66.52,66.63,18971433.0,52.841654907572384,53.087393176719516,52.73067633440917,52.8178737847517,18971433.0
2012-06-21,False,daily,66.55,66.97,66.16,66.39,24545768.0,52.75445745722986,53.087393176719516,52.44530286056089,52.62762480218618,24545768.0
2012-06-20,False,daily,66.78,67.0,66.46,67.0,21254955.0,52.93677939885515,53.1111742995402,52.68311408876779,53.1111742995402,21254955.0
2012-06-19,False,daily,66.4,66.96,66.36,66.72,23615303.0,52.635551843126414,53.07946613577928,52.60384367936549,52.88921715321377,23615303.0
2012-06-18,False,daily,65.82,66.39,65.82,66.3,25751222.0,52.175783468593075,52.62762480218618,52.175783468593075,52.55628143372411,25751222.0
2012-06-15,False,daily,65.9,66.1,65.51,66.01,25992729.0,52.239199796114924,52.39774061491951,51.930045199445956,52.326397246457454,25992729.0
2012-06-14,False,daily,64.35,65.75,64.285,65.45,34315433.0,51.010508450379284,52.12029418201147,50.95898268426779,51.882482953804576,34315433.0
2012-06-13,False,daily,64.24,64.7,63.18,64.45,98440198.0,50.923311000036755,51.287954883287334,50.08304466037239,51.08977885978159,98440198.0
2012-06-12,False,daily,62.16,63.27,61.83,63.08,26655372.0,49.27448648446894,50.15438802883446,49.01289413344136,50.00377425097009,26655372.0
2012-06-11,False,daily,62.97,63.03,62.11,62.12,12226335.0,49.91657680062756,49.96413904626894,49.234851279767796,49.24277832070802,12226335.0
2012-06-08,False,daily,62.54,63.04,62.33,62.98,11249675.0,49.575714040197674,49.97206608720917,49.40924618045285,49.92450384156779,11249675.0
2012-06-07,False,daily,63.18,63.2,62.51,62.8,12959963.0,50.08304466037239,50.09889874225285,49.55193291737699,49.78181710464365,12959963.0
2012-06-06,False,daily,62.09,62.8,61.89,62.8,11565961.0,49.21899719788733,49.78181710464365,49.06045637908274,49.78181710464365,11565961.0
2012-06-05,False,daily,62.16,62.38,62.0,62.21,9524501.0,49.27448648446894,49.448881385154,49.147653829425266,49.31412168917009,9524501.0
2012-06-04,False,daily,62.04,62.45,61.89,62.34,9203937.0,49.179361993186184,49.504370671735614,49.06045637908274,49.417173221393085,9203937.0
2012-06-01,False,daily,62.04,62.31,61.71,61.78,12063687.0,49.179361993186184,49.39339209857239,48.917769642158596,48.97325892874021,12063687.0
2012-05-31,False,daily,62.36,62.875,62.14,62.43,13299815.0,49.43302730327354,49.84126991169538,49.25863240258848,49.48851658985515,13299815.0
2012-05-30,False,daily,62.34,62.4,62.0,62.21,9415119.0,49.417173221393085,49.46473546703446,49.147653829425266,49.31412168917009,9415119.0
2012-05-29,False,daily,62.84,62.93,62.3,62.59,10091745.0,49.813525268404575,49.88486863686664,49.38546505763216,49.61534924489883,10091745.0
2012-05-25,False,daily,62.88,62.98,62.29,62.51,11208553.0,49.84523343216549,49.92450384156779,49.37753801669193,49.55193291737699,11208553.0
2012-05-24,False,daily,62.89,63.34,62.8,63.1,9309382.0,49.853160473105724,50.20987731541607,49.78181710464365,50.01962833285055,9309382.0
2012-05-23,False,daily,63.4,63.75,62.88,63.27,11269054.0,49.772896521192656,50.04766803195634,49.36466456234376,49.670838531480435,11269054.0
2012-05-22,False,daily,63.4,63.8,63.33,63.52,8411289.0,49.772896521192656,50.086921104922574,49.71794221903992,49.86710389631163,8411289.0
2012-05-21,False,daily,63.26,63.83,63.25,63.47,8786065.0,49.66298791688718,50.11047294870232,49.65513730229394,49.82785082334539,8786065.0
2012-05-18,False,daily,63.87,63.91,63.09,63.35,13781389.0,50.14187540707531,50.173277865448306,49.52952746880197,49.73364344822642,13781389.0
2012-05-17,False,daily,63.71,64.0,63.4799,63.55,7993866.0,50.01626557358335,50.24393339678754,49.835622931792706,49.890655740091375,7993866.0
2012-05-16,False,daily,63.79,63.93,63.45,63.71,10019001.0,50.07907049032933,50.1889790946348,49.812149594158896,50.01626557358335,10019001.0
2012-05-15,False,daily,63.7,64.14,63.41,63.61,8499912.0,50.0084149589901,50.353842001093014,49.7807471357859,49.93775942765087,8499912.0
2012-05-14,False,daily,64.03,64.1,63.56,63.93,39687977.0,50.26748524056728,50.32243954272002,49.89850635468463,50.1889790946348,39687977.0
2012-05-11,False,daily,64.43,64.99,64.23,64.34,37824533.0,50.581509824297214,51.021144241519096,50.42449753243225,50.51085429295798,37824533.0
2012-05-10,False,daily,64.81,64.86,64.39,64.57,7702056.0,50.879833178840634,50.919086251806874,50.55010736592421,50.691418428602674,7702056.0
2012-05-09,False,daily,64.59,64.88,64.25,64.28,10653195.0,50.70711965778918,50.934787480993364,50.44019876161874,50.46375060539849,10653195.0
2012-05-08,False,daily,64.68,64.98,64.55,64.98,12492582.0,50.77777518912841,51.01329362692585,50.675717199416184,51.01329362692585,12492582.0
2012-05-07,False,daily,64.58,65.02,64.51,64.8,8387726.0,50.699269043195926,51.04469608529884,50.644314741043196,50.87198256424738,8387726.0
2012-05-04,False,daily,65.19,65.29,64.74,64.74,10303267.0,51.178156533384055,51.25666267931654,50.82487887668789,50.82487887668789,10303267.0
2012-05-03,False,daily,65.4,65.485,65.1,65.34,10433086.0,51.34301943984227,51.409749663884874,51.10750100204482,51.29591575228278,10433086.0
2012-05-02,False,daily,65.17,65.33,64.84,65.33,8349654.0,51.162455304197564,51.28806513768953,50.90338502262038,51.28806513768953,8349654.0
2012-05-01,False,daily,64.91,65.36,64.8,65.22,10108376.0,50.95833932477311,51.31161698146928,50.87198256424738,51.201708377163804,10108376.0
2012-04-30,False,daily,64.85,65.39,64.84,65.1,11362495.0,50.91123563721362,51.33516882524902,50.90338502262038,51.10750100204482,11362495.0
2012-04-27,False,daily,64.95,65.13,64.68,64.84,9876285.0,50.98974178314611,51.13105284582456,50.77777518912841,50.90338502262038,9876285.0
2012-04-26,False,daily,64.41,64.97,64.26,64.75,9139768.0,50.56580859511071,51.0054430123326,50.44804937621199,50.83272949128114,9139768.0
2012-04-25,False,daily,63.96,64.58,63.84,64.43,11162751.0,50.212530938414545,50.699269043195926,50.118323563295576,50.581509824297214,11162751.0
2012-04-24,False,daily,63.55,63.79,63.36,63.77,9023247.0,49.890655740091375,50.07907049032933,49.74149406281966,50.06336926114284,9023247.0
2012-04-23,False,daily,63.5,63.69,63.3,63.37,10121322.0,49.851402667125136,50.00056434439685,49.69439037526018,49.749344677412914,10121322.0
2012-04-20,False,daily,63.22,63.97,63.2,63.71,14320669.0,49.63158545851419,50.2203815530078,49.6158842293277,50.01626557358335,14320669.0
2012-04-19,False,daily,63.22,63.535,62.76,63.03,15189095.0,49.63158545851419,49.878879818201504,49.27045718722478,49.48242378124248,15189095.0
2012-04-18,False,daily,63.9,63.92,63.12,63.26,20568315.0,50.16542725085506,50.18112848004156,49.55307931258171,49.66298791688718,20568315.0
2012-04-17,False,daily,64.23,64.28,63.27,64.22,18322883.0,50.42449753243225,50.46375060539849,49.670838531480435,50.416646917838996,18322883.0
2012-04-16,False,daily,63.72,64.16,63.67,63.98,10503199.0,50.02411618817659,50.369543230279504,49.98486311521035,50.22823216760104,10503199.0
2012-04-13,False,daily,63.94,64.0,63.52,63.54,11226567.0,50.19682970922805,50.24393339678754,49.86710389631163,49.88280512549813,11226567.0
2012-04-12,False,daily,64.05,64.15,63.68,64.15,13122221.0,50.28318646975378,50.361692615686266,49.992713729803604,50.361692615686266,13122221.0
2012-04-11,False,daily,64.69,64.69,63.96,64.13,10434100.0,50.78562580372165,50.78562580372165,50.212530938414545,50.34599138649976,10434100.0
2012-04-10,False,daily,64.81,64.86,64.16,64.2,12793985.0,50.879833178840634,50.919086251806874,50.369543230279504,50.400945688652506,12793985.0
2012-04-09,False,daily,64.95,65.23,64.88,64.92,6363359.0,50.98974178314611,51.209558991757056,50.934787480993364,50.96618993936636,6363359.0
2012-04-05,False,daily,65.26,65.38,65.09,65.34,7922631.0,51.2331108355368,51.32731821065577,51.09965038745158,51.29591575228278,7922631.0
2012-04-04,False,daily,65.61,65.7,65.355,65.39,9432229.0,51.50788234630048,51.57853787763971,51.30769167417265,51.33516882524902,9432229.0
2012-04-03,False,daily,66.12,66.155,65.5,65.88,9128402.0,51.90826369055613,51.935740841632494,51.421525585774745,51.71984894031817,9128402.0
2012-04-02,False,daily,66.04,66.3,65.82,66.21,8785901.0,51.84545877381015,52.04957475323459,51.67274525275868,51.97891922189535,8785901.0
2012-03-30,False,daily,65.63,66.18,65.58,65.96,11308445.0,51.52358357548697,51.95536737811562,51.484330502520734,51.782653857064155,11308445.0
2012-03-29,False,daily,65.28,65.54,65.2,65.54,9553285.0,51.24881206472329,51.45292804414775,51.18600714797731,51.45292804414775,9553285.0
2012-03-28,False,daily,65.4,65.62,65.18,65.62,10305555.0,51.34301943984227,51.51573296089373,51.17030591879082,51.51573296089373,10305555.0
2012-03-27,False,daily,65.33,65.5,65.22,65.4,10723717.0,51.28806513768953,51.421525585774745,51.201708377163804,51.34301943984227,10723717.0
2012-03-26,False,daily,64.89,65.26,64.83,65.17,8504151.0,50.94263809558662,51.2331108355368,50.895534408027125,51.162455304197564,8504151.0
2012-03-23,False,daily,64.49,64.71,64.37,64.55,8062435.0,50.62861351185669,50.80132703290815,50.53440613673772,50.675717199416184,8062435.0
2012-03-22,False,daily,64.675,64.69,64.4,64.46,10621204.0,50.77384988183178,50.78562580372165,50.557957980517465,50.60506166807694,10621204.0
2012-03-21,False,daily,64.96,65.07,64.64,64.76,7839558.0,50.997592397739346,51.08394915826508,50.74637273075542,50.840580105874395,7839558.0
2012-03-20,False,daily,65.0,65.13,64.76,64.96,7760524.0,51.02899485611235,51.13105284582456,50.840580105874395,50.997592397739346,7760524.0
2012-03-19,False,daily,64.95,65.27,64.9,65.21,7321718.0,50.98974178314611,51.24096145013004,50.95048871017987,51.19385776257055,7321718.0
2012-03-16,False,daily,65.2,65.46,64.81,65.12,17707139.0,51.18600714797731,51.39012312740175,50.879833178840634,51.123202231231325,17707139.0
2012-03-15,False,daily,64.93,65.38,64.85,65.07,11375346.0,50.97404055395961,51.32731821065577,50.91123563721362,51.08394915826508,11375346.0
2012-03-14,False,daily,65.21,65.38,65.02,65.08,9612125.0,51.19385776257055,51.32731821065577,51.04469608529884,51.09179977285833,9612125.0
2012-03-13,False,daily,65.42,65.44,65.03,65.33,9884040.0,51.35872066902876,51.37442189821526,51.05254669989209,51.28806513768953,9884040.0
2012-03-12,False,daily,64.55,65.15,64.54,65.1,7284622.0,50.675717199416184,51.14675407501107,50.66786658482294,51.10750100204482,7284622.0
2012-03-09,False,daily,64.83,64.995,64.59,64.74,8410903.0,50.895534408027125,51.02506954881572,50.70711965778918,50.82487887668789,8410903.0
2012-03-08,False,daily,64.95,65.08,64.74,64.85,11311176.0,50.98974178314611,51.09179977285833,50.82487887668789,50.91123563721362,11311176.0
2012-03-07,False,daily,64.27,64.46,64.12,64.3,8591783.0,50.455899990805236,50.60506166807694,50.33814077190652,50.47945183458498,8591783.0
2012-03-06,False,daily,64.46,64.73,64.19,64.35,9511003.0,50.60506166807694,50.81702826209465,50.393095074059254,50.51870490755122,9511003.0
2012-03-05,False,daily,64.69,64.96,64.54,64.91,7603632.0,50.78562580372165,50.997592397739346,50.66786658482294,50.95833932477311,7603632.0
2012-03-02,False,daily,64.74,64.87,64.565,64.77,6063903.0,50.82487887668789,50.926936866400126,50.687493121306055,50.84843072046764,6063903.0
2012-03-01,False,daily,65.11,65.26,64.64,64.83,8813804.0,51.11535161663807,51.2331108355368,50.74637273075542,50.895534408027125,8813804.0
2012-02-29,False,daily,65.22,65.26,64.71,65.08,11490055.0,51.201708377163804,51.2331108355368,50.80132703290815,51.09179977285833,11490055.0
2012-02-28,False,daily,64.6,65.42,64.5,65.18,11581419.0,50.714970272382416,51.35872066902876,50.636464126449944,51.17030591879082,11581419.0
2012-02-27,False,daily,64.26,64.64,64.02,64.45,8522935.0,50.44804937621199,50.74637273075542,50.25963462597403,50.597211053483704,8522935.0
2012-02-24,False,daily,64.79,64.79,64.19,64.46,10478532.0,50.864131949654144,50.864131949654144,50.393095074059254,50.60506166807694,10478532.0
2012-02-23,False,daily,65.19,66.05,64.9,65.1,8995376.0,50.73005285866777,51.39929423707633,50.50437844036721,50.660015970229665,8995376.0
2012-02-22,False,daily,65.08,65.34,64.87,65.0,8151430.0,50.64445221724342,50.84678100606462,50.48103281088785,50.58219720529844,8151430.0
2012-02-21,False,daily,65.23,65.24,64.75,65.04,8083421.0,50.76118036464027,50.76896224113338,50.38765029297037,50.613324711270934,8083421.0
2012-02-17,False,daily,65.22,65.28,64.81,64.99,9057483.0,50.75339848814714,50.80008974710588,50.43434155192911,50.574415328805316,9057483.0
2012-02-16,False,daily,64.6,65.16,64.44,64.92,8194493.0,50.27092214557352,50.7067072291884,50.14641212168356,50.51994219335346,8194493.0
2012-02-15,False,daily,64.51,64.95,64.4701,64.65,9023376.0,50.200885257135425,50.54328782283283,50.16983556992786,50.30983152803915,9023376.0
2012-02-14,False,daily,64.75,64.86,64.33,64.61,8978588.0,50.38765029297037,50.47325093439472,50.06081148025921,50.27870402206665,8978588.0
2012-02-13,False,daily,64.9,64.95,64.6,64.68,9662437.0,50.50437844036721,50.54328782283283,50.27092214557352,50.33317715751851,9662437.0
2012-02-10,False,daily,64.71,64.77,64.25,64.6,13954803.0,50.35652278699787,50.40321404595661,49.99855646831423,50.27092214557352,13954803.0
2012-02-09,False,daily,65.16,65.35,64.82,64.89,10936186.0,50.7067072291884,50.85456288255774,50.44212342842222,50.496596563874085,10936186.0
2012-02-08,False,daily,65.2,65.345,65.09,65.24,6889358.0,50.737834735160895,50.85067194431117,50.652234093736546,50.76896224113338,6889358.0
2012-02-07,False,daily,65.16,65.39,65.02,65.26,9248062.0,50.7067072291884,50.88569038853023,50.59776095828468,50.78452599411964,9248062.0
2012-02-06,False,daily,65.46,65.58,65.05,65.19,9535688.0,50.940163523982086,51.03354604189956,50.621106587764054,50.73005285866777,9535688.0
2012-02-03,False,daily,65.9,66.02,65.53,65.64,9036455.0,51.2825660896795,51.37594860759697,50.99463665943395,51.0802373008583,9036455.0
2012-02-02,False,daily,65.94,65.97,65.35,65.59,8282498.0,51.31369359565198,51.337039225131356,50.85456288255774,51.04132791839269,8282498.0
2012-02-01,False,daily,65.97,66.32,65.65,65.69,12276420.0,51.337039225131356,51.60940490239065,51.08801917735143,51.11914668332391,12276420.0
2012-01-31,False,daily,65.86,65.95,65.56,65.91,13568315.0,51.251438583707,51.32147547214511,51.017982288913316,51.29034796617262,13568315.0
2012-01-30,False,daily,65.33,65.71,65.13,65.71,7487109.0,50.83899912957149,51.13471043631016,50.68336159970903,51.13471043631016,7487109.0
2012-01-27,False,daily,65.62,65.87,65.46,65.56,10469692.0,51.06467354787206,51.259220460200126,50.940163523982086,51.017982288913316,10469692.0
2012-01-26,False,daily,65.53,65.88,65.22,65.7,12546132.0,50.99463665943395,51.267002336693245,50.75339848814714,51.12692855981704,12546132.0
2012-01-25,False,daily,64.83,65.3,64.76,65.22,10533021.0,50.44990530491535,50.815653500092125,50.3954321694635,50.75339848814714,10533021.0
2012-01-24,False,daily,64.34,65.45,64.34,65.0,12367858.0,50.06859335675234,50.93238164748897,50.06859335675234,50.58219720529844,12367858.0
2012-01-23,False,daily,65.23,65.33,64.88,65.0,10125026.0,50.76118036464027,50.83899912957149,50.48881468738096,50.58219720529844,10125026.0
2012-01-20,False,daily,65.28,65.55,64.54,65.27,14715438.0,50.80008974710588,51.01020041242019,50.22423088661479,50.79230787061275,14715438.0
2012-01-19,False,daily,65.16,65.25,64.79,65.19,11699741.0,50.7067072291884,50.77674411762651,50.41877779894286,50.73005285866777,11699741.0
2012-01-18,False,daily,65.26,65.37,65.0,65.28,8095696.0,50.78452599411964,50.87012663554399,50.58219720529844,50.80008974710588,8095696.0
2012-01-17,False,daily,65.54,65.69,64.5,65.12,8359883.0,51.00241853592708,51.11914668332391,50.1931033806423,50.67557972321592,8359883.0
2012-01-13,False,daily,64.97,65.28,64.3631,65.26,8978745.0,50.55885157581907,50.80008974710588,50.08656949145145,50.78452599411964,8978745.0
2012-01-12,False,daily,65.28,65.41,64.93,65.23,7402895.0,50.80008974710588,50.901254141516475,50.527724069846585,50.76118036464027,7402895.0
2012-01-11,False,daily,65.11,65.54,64.84,65.13,6784550.0,50.66779784672279,51.00241853592708,50.457687181408474,50.68336159970903,6784550.0
2012-01-10,False,daily,65.11,65.4,65.0,65.2,8476934.0,50.66779784672279,50.893472265023355,50.58219720529844,50.737834735160895,8476934.0
2012-01-09,False,daily,64.96,65.09,64.41,64.93,7934621.0,50.55106969932594,50.652234093736546,50.12306649220419,50.527724069846585,7934621.0
2012-01-06,False,daily,65.44,65.46,64.61,64.83,15359839.0,50.92459977099584,50.940163523982086,50.27870402206665,50.44990530491535,15359839.0
2012-01-05,False,daily,65.32,65.595,64.83,65.4,11886826.0,50.831217253078364,51.045218856639245,50.44990530491535,50.893472265023355,11886826.0
2012-01-04,False,daily,65.75,65.88,65.11,65.48,9243025.0,51.16583794228265,51.267002336693245,50.66779784672279,50.95572727696834,9243025.0
2012-01-03,False,daily,65.59,66.0,65.25,65.88,16116290.0,51.04132791839269,51.36038485461072,50.77674411762651,51.267002336693245,16116290.0
2013-12-31,False,daily,92.17,92.216,91.151,91.59,6348274.0,76.63842074912316,76.6766692828593,75.79113257788136,76.15615662810231,6348274.0
2013-12-30,False,daily,92.16,92.3,91.73,92.3,4370142.0,76.63010585048487,76.74651443142093,76.27256520903838,76.74651443142093,4370142.0
2013-12-27,False,daily,92.77,92.96,92.18,92.35,3511614.0,77.13731466742058,77.2952977415481,76.64673564776146,76.78808892461238,3511614.0
2013-12-26,False,daily,91.99,92.54,91.77,92.54,3459501.0,76.48875257363393,76.94607199873991,76.30582480359153,76.94607199873991,3459501.0
2013-12-24,False,daily,92.18,92.39,91.85,92.06,3147331.0,76.64673564776146,76.82134851916555,76.37234399269786,76.54695686410197,3147331.0
2013-12-23,False,daily,92.56,92.68,91.76,92.03,5320255.0,76.96270179601649,77.06248057967598,76.29750990495326,76.52201216818709,5320255.0
2013-12-20,False,daily,91.95,92.75,91.95,92.09,11264971.0,76.45549297908077,77.120684870144,76.45549297908077,76.57190156001684,11264971.0
2013-12-19,False,daily,92.4,92.4,91.415,91.98,7339601.0,76.82966341780384,76.82966341780384,76.01064590193224,76.48043767499564,7339601.0
2013-12-18,False,daily,90.95,92.66,89.77,92.64,9692564.0,75.62400311525172,77.04585078239938,74.64284507593345,77.0292209851228,9692564.0
2013-12-17,False,daily,91.3,91.33,90.5,90.66,8793968.0,75.91502456759189,75.93996926350675,75.24983267652865,75.3828710547413,8793968.0
2013-12-16,False,daily,91.42,92.32,91.16,91.37,6623019.0,76.01480335125137,76.76314422869751,75.79861598665582,75.97322885805993,6623019.0
2013-12-13,False,daily,91.46,91.855,91.08,91.35,7909466.0,76.04806294580453,76.37650144201702,75.7320967975495,75.95659906078333,7909466.0
2013-12-12,False,daily,92.84,92.86,91.07,91.16,12285664.0,77.19551895788862,77.2121487551652,75.7237818989112,75.79861598665582,12285664.0
2013-12-11,False,daily,94.4,94.45,93.03,93.11,9424296.0,78.49264314546194,78.53421763865339,77.35350203201614,77.42002122112247,9424296.0
2013-12-10,False,daily,94.58,94.79,93.96,94.14,7576606.0,78.64231132095115,78.81692419235526,78.12678760537715,78.27645578086639,7576606.0
2013-12-09,False,daily,94.3,94.48,93.7,94.44,6974541.0,78.40949415907903,78.55916233456826,77.9106002407816,78.5259027400151,6974541.0
2013-12-06,False,daily,93.6,94.48,93.42,94.44,7280472.0,77.8274512543987,78.55916233456826,77.67778307890947,78.5259027400151,7280472.0
2013-12-05,False,daily,93.42,93.63,92.66,92.97,8667604.0,77.67778307890947,77.85239595031356,77.04585078239938,77.3036126401864,8667604.0
2013-12-04,False,daily,93.76,94.25,93.13,93.63,6218496.0,77.96048963261134,78.36791966588757,77.43665101839903,77.85239595031356,6218496.0
2013-12-03,False,daily,94.2,94.56,93.51,93.97,9065252.0,78.32634517269612,78.62568152367459,77.75261716665409,78.13510250401544,9065252.0
2013-12-02,False,daily,94.41,94.6597,93.965,94.28,5828580.0,78.50095804410022,78.70858106309834,78.1309450546963,78.39286436180245,5828580.0
2013-11-29,False,daily,95.23,95.5,94.43,94.66,4106795.0,79.18277973244004,79.40728199567388,78.51758784137681,78.70883051005748,4106795.0
2013-11-27,False,daily,95.34,95.37,94.61,94.98,4603769.0,79.27424361746124,79.2991883133761,78.66725601686603,78.97490726648279,4603769.0
2013-11-26,False,daily,95.58,95.87,94.97,95.06,7267610.0,79.4738011847802,79.71493324529064,78.96659236784448,79.0414264555891,7267610.0
2013-11-25,False,daily,95.49,95.99,95.08,95.63,6375396.0,79.39896709703558,79.81471202895011,79.05805625286568,79.51537567797165,6375396.0
2013-11-22,False,daily,94.39,95.58,94.39,95.25,6462244.0,78.48432824682364,79.4738011847802,78.48432824682364,79.19940952971662,6462244.0
2013-11-21,False,daily,95.46,95.75,95.047,95.2,6897627.0,78.82374031304569,79.06320065969123,78.48271575040911,78.60905172639798,6897627.0
2013-11-20,False,daily,94.94,95.47,94.66,95.15,7085659.0,78.39436313975024,78.8319975663783,78.16316004643731,78.56776545973496,7085659.0
2013-11-19,False,daily,94.27,94.92,94.0,94.86,6624211.0,77.84112716646572,78.37784863308504,77.6181813264854,78.32830511308941,6624211.0
2013-11-18,False,daily,94.36,94.6,94.01,94.3,8491988.0,77.91544244645917,78.11361652644167,77.626438579818,77.86589892646354,8491988.0
2013-11-15,False,daily,93.63,94.4,93.55,94.39,7068584.0,77.31266295317901,77.94847145978959,77.24660492651817,77.94021420645699,7068584.0
2013-11-14,False,daily,93.4,94.14,93.4,93.92,7045942.0,77.12274612652911,77.73378287314186,77.12274612652911,77.55212329982456,7045942.0
2013-11-13,False,daily,93.36,93.45,92.32,93.34,8954791.0,77.08971711319869,77.16403239319213,76.23096276660777,77.07320260653348,8954791.0
2013-11-12,False,daily,93.98,94.09,93.0,93.56,7643136.0,77.60166681982018,77.69249660647884,76.7924559932249,77.25486217985079,7643136.0
2013-11-11,False,daily,93.97,94.64,93.94,94.29,4723327.0,77.59340956648758,78.14664553977211,77.56863780648976,77.85764167313094,4723327.0
2013-11-08,False,daily,92.63,94.1,92.56,94.05,7230331.0,76.48693761991854,77.70075385981144,76.4291368465903,77.65946759314842,7230331.0
2013-11-07,False,daily,93.19,93.35,92.69,92.69,6123007.0,76.9493438065444,77.08145985986607,76.53648113991416,76.53648113991416,6123007.0
2013-11-06,False,daily,93.03,93.2,92.72,93.04,5301288.0,76.81722775322272,76.957601059877,76.56125289991198,76.82548500655534,5301288.0
2013-11-05,False,daily,92.54,92.95,92.28,92.81,5357054.0,76.4126223399251,76.75116972656188,76.19793375327737,76.63556817990542,5357054.0
2013-11-04,False,daily,93.46,93.5,92.43,93.03,6862730.0,77.17228964652473,77.20531865985515,76.32179255326645,76.81722775322272,6862730.0
2013-11-01,False,daily,92.3801,93.5799,92.3801,93.37,6840971.0,76.28058885913674,77.27129411398266,76.28058885913674,77.09797436653129,6840971.0
2013-10-31,False,daily,92.85,93.35,92.32,92.61,7774133.0,76.66859719323584,77.08145985986607,76.23096276660777,76.47042311325332,7774133.0
2013-10-30,False,daily,93.27,93.45,92.65,92.79,6298491.0,77.01540183320523,77.16403239319213,76.50345212658375,76.61905367324022,6298491.0
2013-10-29,False,daily,92.8,93.175,92.58,93.14,6097163.0,76.62731092657282,76.93695792654549,76.44565135325551,76.90805753988138,6097163.0
2013-10-28,False,daily,91.96,92.8,91.92,92.39,6550970.0,75.933701646634,76.62731092657282,75.90067263330359,76.28876353993601,6550970.0
2013-10-25,False,daily,92.04,92.27,91.78,92.09,6080485.0,75.99975967329485,76.18967649994475,75.78507108664712,76.04104593995787,6080485.0
2013-10-24,False,daily,92.65,92.99,92.14,92.35,5254262.0,76.50345212658375,76.7841987398923,76.08233220662089,76.2557345266056,5254262.0
2013-10-23,False,daily,92.07,92.43,91.52,92.1,6452085.0,76.02453143329265,76.32179255326645,75.5703824999994,76.04930319329047,6452085.0
2013-10-22,False,daily,91.53,92.56,91.495,92.36,9645197.0,75.578639753332,76.4291368465903,75.5497393666679,76.26399177993821,9645197.0
2013-10-21,False,daily,91.63,91.63,90.77,91.2,6940710.0,75.66121228665804,75.66121228665804,74.95108850005403,75.30615039335605,6940710.0
2013-10-18,False,daily,91.75,92.05,91.14,91.63,9082602.0,75.7602993266493,76.00801692662745,75.25660687336041,75.66121228665804,9082602.0
2013-10-17,False,daily,90.87,92.0,90.77,91.97,8575026.0,75.03366103338008,75.96673065996443,74.95108850005403,75.94195889996661,8575026.0
2013-10-16,False,daily,90.42,91.17,90.16,91.11,8116016.0,74.66208463341286,75.28137863335823,74.44739604676514,75.23183511336259,8116016.0
2013-10-15,False,daily,90.33,91.46,89.93,89.93,11032666.0,74.58776935341942,75.52083898000376,74.25747922011523,74.25747922011523,11032666.0
2013-10-14,False,daily,88.83,89.89,88.63,89.8,9198573.0,73.34918135352869,74.22445020678481,73.18403628687659,74.15013492679137,9198573.0
2013-10-11,False,daily,88.62,89.48,88.02,89.45,8449844.0,73.175779033544,73.88590282014802,72.6803438335877,73.8611310601502,8449844.0
2013-10-10,False,daily,86.72,87.78,86.7,87.78,8649144.0,71.60690090034907,72.48216975360519,71.59038639368387,72.48216975360519,8649144.0
2013-10-09,False,daily,85.93,86.23,85.5,85.96,8015121.0,70.9545778870733,71.20229548705144,70.59951599377129,70.9793496470711,8015121.0
2013-10-08,False,daily,86.62,86.74,85.57,85.61,8672305.0,71.52432836702303,71.62341540701428,70.65731676709952,70.69034578042994,8672305.0
2013-10-07,False,daily,86.7,86.98,86.29,86.59,5705238.0,71.59038639368387,71.82158948699681,71.25183900704708,71.49955660702521,5705238.0
2013-10-04,False,daily,86.82,87.415,86.56,87.31,6053847.0,71.68947343367512,72.18078000696512,71.47478484702741,72.09407884697276,6053847.0
2013-10-03,False,daily,87.19,87.4,86.28,86.58,7731645.0,71.9949918069815,72.1683941269662,71.24358175371447,71.49129935369261,7731645.0
2013-10-02,False,daily,87.13,87.29,86.44,87.29,6383573.0,71.94544828698588,72.07756434030756,71.37569780703615,72.07756434030756,6383573.0
2013-10-01,False,daily,86.59,87.49,86.26,87.47,6320028.0,71.49955660702521,72.24270940695965,71.22706724704926,72.22619490029444,6320028.0
2013-09-30,False,daily,86.33,86.95,86.15,86.69,7971541.0,71.28486802037749,71.796817726999,71.1362374603906,71.58212914035126,7971541.0
2013-09-27,False,daily,86.81,86.94,86.44,86.73,5462520.0,71.68121618034252,71.78856047366638,71.37569780703615,71.61515815368169,5462520.0
2013-09-26,False,daily,87.28,87.7032,86.72,87.07,6400581.0,72.06930708697494,72.41875404801078,71.60690090034907,71.89590476699024,6400581.0
2013-09-25,False,daily,88.42,88.47,87.07,87.08,7494052.0,73.0106339668919,73.05192023355492,71.89590476699024,71.90416202032286,7494052.0
2013-09-24,False,daily,89.02,89.2,88.15,88.22,7797489.0,73.50606916684819,73.65469972683508,72.78768812691158,72.8454889002398,7797489.0
2013-09-23,False,daily,89.43,89.75,88.81,89.09,7376743.0,73.844616553485,74.10884866012834,73.33266684686349,73.56386994017643,7376743.0
2013-09-20,False,daily,90.2,90.72,89.68,89.68,14724337.0,74.48042506009556,74.909802233391,74.05104788680012,74.05104788680012,14724337.0
2013-09-19,False,daily,90.05,90.2,89.79,90.07,6721349.0,74.35656626010649,74.48042506009556,74.14187767345877,74.3730807667717,6721349.0
2013-09-18,False,daily,88.91,89.91,88.3,89.91,10116234.0,73.41523938018953,74.24096471345001,72.91154692690064,74.24096471345001,10116234.0
2013-09-17,False,daily,89.05,89.22,88.58,89.06,6292199.0,73.530840926846,73.67121423350028,73.14275002021357,73.53909818017861,6292199.0
2013-09-16,False,daily,89.43,89.57,88.83,89.03,7581044.0,73.844616553485,73.96021810014145,73.34918135352869,73.5143264201808,7581044.0
2013-09-13,False,daily,89.13,89.25,88.205,88.57,7738679.0,73.59689895350684,73.6959859934981,72.8331030202409,73.13449276688097,7738679.0
2013-09-12,False,daily,89.3,89.57,88.88,89.01,7939042.0,73.73727226016112,73.96021810014145,73.39046762019171,73.49781191351559,7939042.0
2013-09-11,False,daily,88.63,89.27,88.145,89.23,8098584.0,73.18403628687659,73.7125005001633,72.78355950024526,73.6794714868329,8098584.0
2013-09-10,False,daily,88.14,88.58,87.85,88.53,8659086.0,72.77943087357896,73.14275002021357,72.53997052693342,73.10146375355055,8659086.0
2013-09-09,False,daily,87.39,87.6,87.01,87.56,6824403.0,72.1601368736336,72.3335391936183,71.84636124699462,72.30051018028789,6824403.0
2013-09-06,False,daily,87.22,87.92,86.0,87.16,10038552.0,72.01976356697932,72.59777130026166,71.01237866040154,71.97022004698368,10038552.0
2013-09-05,False,daily,87.0,87.17,86.62,87.04,5656291.0,71.83810399366202,71.9784773003163,71.52432836702303,71.87113300699244,5656291.0
2013-09-04,False,daily,86.46,87.245,86.251,86.9,8462549.0,71.39221231370135,72.04040670031084,71.21963571904992,71.75553146033597,8462549.0
2013-09-03,False,daily,86.89,87.3,86.03,86.42,7591412.0,71.74727420700336,72.08582159364016,71.03715042039934,71.35918330037093,7591412.0
2013-08-30,False,daily,86.78,86.78,85.85,86.41,7471672.0,71.65644442034471,71.65644442034471,70.88851986041246,71.35092604703833,7471672.0
2013-08-29,False,daily,86.41,87.14,85.99,86.57,5769149.0,71.35092604703833,71.95370554031848,71.00412140706892,71.48304210036,5769149.0
2013-08-28,False,daily,86.36,86.91,85.88,86.53,8829179.0,71.3096397803753,71.76378871366856,70.91329162041026,71.45001308702959,8829179.0
2013-08-27,False,daily,86.97,87.08,85.96,86.17,9941186.0,71.8133322336642,71.90416202032286,70.9793496470711,71.15275196705582,9941186.0
2013-08-26,False,daily,88.36,88.48,87.3899,87.53,6724482.0,72.96109044689626,73.06017748688753,72.16005430110027,72.27573842029007,6724482.0
2013-08-23,False,daily,87.93,88.44,87.21,88.41,7714990.0,72.60602855359427,73.0271484735571,72.0115063136467,73.00237671355929,7714990.0
2013-08-22,False,daily,88.76,89.03,88.12,88.26,7192152.0,72.74331451195967,72.96459318386401,72.21880210448272,72.33353919361831,7192152.0
2013-08-21,False,daily,89.47,89.63,88.68,88.8,7941050.0,73.32519546400441,73.45632356587365,72.67775046102506,72.77609653742697,7941050.0
2013-08-20,False,daily,90.55,91.65,89.73,89.73,8559168.0,74.21031015162175,75.11181585197278,73.53827862954192,73.53827862954192,8559168.0
2013-08-19,False,daily,89.47,91.25,89.35,90.45,8687032.0,73.32519546400441,74.78399559729968,73.22684938760247,74.1283550879535,8687032.0
2013-08-16,False,daily,89.13,89.8025,88.77,89.37,14100923.0,73.04654824753227,73.59769605070142,72.75151001832648,73.24324040033613,14100923.0
2013-08-15,False,daily,90.32,90.41,89.09,89.55,12017159.0,74.02181350518472,74.09557306248618,73.01376622206497,73.39075951493902,12017159.0
2013-08-14,False,daily,92.79,92.95,90.51,90.7,12718622.0,76.0461035777911,76.17723167966034,74.17752812615446,74.33324274712417,12718622.0
2013-08-13,False,daily,91.89,93.35,91.76,93.01,10099808.0,75.30850800477663,76.50505193433342,75.20196642200787,76.2264047178613,10099808.0
2013-08-12,False,daily,92.08,92.77,91.755,92.0,11013016.0,75.46422262574634,76.02971256505744,75.19786866882446,75.39865857481173,11013016.0
2013-08-09,False,daily,93.39,93.39,91.78,92.36,12135904.0,76.53783395980074,76.53783395980074,75.21835743474153,75.69369680401752,12135904.0
2013-08-08,False,daily,94.27,94.37,92.71,93.34,11090305.0,77.25903852008153,77.34099358374982,75.98053952685646,76.4968564279666,11090305.0
2013-08-07,False,daily,93.6,94.03,93.47,93.66,9060926.0,76.7099395935041,77.06234636727768,76.60339801073535,76.75911263170507,9060926.0
2013-08-06,False,daily,93.88,93.94,93.5,93.81,6415151.0,76.93941377177526,76.98858680997624,76.62798452983583,76.88204522720748,6415151.0
2013-08-05,False,daily,94.05,94.3,93.43,93.8,7192620.0,77.07873738001133,77.28362503918203,76.57061598526805,76.87384972084065,7192620.0
2013-08-02,False,daily,93.56,94.39,93.45,94.39,8503225.0,76.6771575680368,77.35738459648347,76.5870069980017,77.35738459648347,8503225.0
2013-08-01,False,daily,94.16,94.4,93.705,93.77,11098955.0,77.16888795004644,77.3655801028503,76.7959924103558,76.84926320174017,11098955.0
2013-07-31,False,daily,93.23,94.42,93.19,93.5,11365794.0,76.4067058579315,77.38197111558395,76.37392383246419,76.62798452983583,11365794.0
2013-07-30,False,daily,93.47,93.97,93.02,93.17,8863157.0,76.60339801073535,77.01317332907672,76.23460022422812,76.35753281973054,8863157.0
2013-07-29,False,daily,92.63,93.39,92.61,93.21,7926934.0,75.91497547592185,76.53783395980074,75.8985844631882,76.39031484519784,7926934.0
2013-07-26,False,daily,92.32,92.93,91.653,92.83,8664440.0,75.66091477855021,76.16084066692667,75.11427450388283,76.0788856032584,8664440.0
2013-07-25,False,daily,92.0,92.75,91.75,92.57,7369026.0,75.39865857481173,76.01332155232379,75.19377091564105,75.86580243772089,7369026.0
2013-07-24,False,daily,92.65,92.66,91.75,92.36,6846208.0,75.93136648865551,75.93956199502233,75.19377091564105,75.69369680401752,6846208.0
2013-07-23,False,daily,92.39,92.855,92.11,92.42,8467942.0,75.718283323118,76.09937436917548,75.48880914484683,75.74286984221848,8467942.0
2013-07-22,False,daily,92.08,92.56,91.61,92.28,9916889.0,75.46422262574634,75.85760693135407,75.07903382650547,75.6281327530829,9916889.0
2013-07-19,False,daily,90.24,92.27,90.05,92.23,12506566.0,73.95624945425011,75.61993724671606,73.8005348332804,75.58715522124876,12506566.0
2013-07-18,False,daily,90.33,90.9493,90.06,90.17,8329813.0,74.03000901155156,74.53755672084917,73.80873033964723,73.89888090968232,8329813.0
2013-07-17,False,daily,90.58,90.97,89.88,90.13,12835591.0,74.23489667072225,74.55452141902852,73.66121122504433,73.866098884215,12835591.0
2013-07-16,False,daily,91.04,91.66,90.13,90.4,11413015.0,74.61188996359631,75.1200113583396,73.866098884215,74.08737755611936,11413015.0
2013-07-15,False,daily,89.91,90.81,89.76,90.4,13344861.0,73.6857977441448,74.42339331715928,73.5628651486424,74.08737755611936,13344861.0
2013-07-12,False,daily,89.69,89.99,89.38,89.99,7592885.0,73.50549660407461,73.75136179507943,73.25143590670295,73.75136179507943,7592885.0
2013-07-11,False,daily,89.81,89.93,89.0,89.67,8941310.0,73.60384268047655,73.70218875687847,72.94000666476352,73.48910559134096,8941310.0
2013-07-10,False,daily,88.88,89.48,88.81,89.24,7068374.0,72.84166058836159,73.33339097037124,72.7842920437938,73.13669881756738,7068374.0
2013-07-09,False,daily,88.65,89.08,88.36,88.88,9349609.0,72.65316394192457,73.00557071569814,72.41549425728657,72.84166058836159,9349609.0
2013-07-08,False,daily,88.09,88.99,87.97,88.59,12051769.0,72.19421558538224,72.93181115839668,72.0958695089803,72.6039909037236,12051769.0
2013-07-05,False,daily,87.58,87.88,86.92,87.87,5403977.0,71.77624476067403,72.02210995167886,71.23534134046344,72.01391444531204,5403977.0
2013-07-04,False,daily,86.54,87.04,86.1,86.78,3608615.0,70.923912098524,71.33368741686536,70.56330981838359,71.12060425132785,3608615.0
2013-07-03,False,daily,86.54,87.04,86.1,86.78,3608615.0,70.923912098524,71.33368741686536,70.56330981838359,71.12060425132785,3608615.0
2013-07-02,False,daily,86.65,87.2,86.21,86.57,8573755.0,71.01406266855909,71.4648155187346,70.65346038841868,70.94849861762447,8573755.0
2013-07-01,False,daily,85.72,87.64,85.5,86.63,9906010.0,70.25188057644415,71.825417798875,70.07157943637395,70.99767165582543,9906010.0
2013-06-28,False,daily,86.72,87.38,85.85,85.86,11898240.0,71.07143121312689,71.61233463333748,70.35842215921289,70.36661766557972,11898240.0
2013-06-27,False,daily,87.53,87.8224,86.49,86.71,8890595.0,71.7352672288399,71.97490383500593,70.88293456668985,71.06323570676005,8890595.0
2013-06-26,False,daily,85.95,87.32,85.94,86.99,11966641.0,70.44037722288118,71.56316159513652,70.43218171651435,71.29270988503121,11966641.0
2013-06-25,False,daily,85.16,85.59,84.54,85.35,11241286.0,69.79293221990181,70.1453389936754,69.28481082515853,69.94864684087153,11241286.0
2013-06-24,False,daily,82.92,85.31,82.81,84.61,14777598.0,67.95713879373248,69.91586481540423,67.86698822369739,69.34217936972631,14777598.0
2013-06-21,False,daily,83.0,84.32,82.5,83.2,20718887.0,68.02270284466711,69.10450968508832,67.61292752632573,68.18661297200366,20718887.0
2013-06-20,False,daily,84.21,84.45,82.12,82.62,15173932.0,69.01435911505321,69.21105126785707,67.3014982843863,67.71127360272767,15173932.0
2013-06-19,False,daily,86.43,86.5,84.8,84.86,8288594.0,70.83376152848889,70.89113007305669,69.49789399069603,69.54706702889699,8288594.0
2013-06-18,False,daily,85.75,86.44,85.63,86.36,7234317.0,70.27646709554463,70.84195703485571,70.1781210191427,70.7763929839211,7234317.0
2013-06-17,False,daily,85.37,86.405,84.98,85.63,8429068.0,69.9650378536052,70.81327276257183,69.64541310529893,70.1781210191427,8429068.0
2013-06-14,False,daily,84.71,85.48,84.66,84.91,6357030.0,69.42413443339458,70.05518842364029,69.38315690156044,69.58804456073113,6357030.0
2013-06-13,False,daily,83.6,84.96,83.0804,84.91,8573402.0,68.51443322667674,69.62902209256526,68.08859471585639,69.58804456073113,8573402.0
2013-06-12,False,daily,85.18,85.5,83.7,83.74,8413294.0,69.80932323263548,70.07157943637395,68.59638829034502,68.62917031581233,8413294.0
2013-06-11,False,daily,84.76,85.02,84.13,84.69,8966971.0,69.46511196522873,69.67819513076623,68.9487950641186,69.40774342066092,8966971.0
2013-06-10,False,daily,85.01,85.71,84.73,85.14,8477075.0,69.66999962439941,70.24368507007732,69.44052544612825,69.77654120716817,8477075.0
2013-06-07,False,daily,84.96,85.18,84.4,84.91,8908932.0,69.62902209256526,69.80932323263548,69.17007373602294,69.58804456073113,8908932.0
2013-06-06,False,daily,83.59,84.46,82.65,84.46,10671700.0,68.50623772030993,69.21924677422389,67.73586012182815,69.21924677422389,10671700.0
2013-06-05,False,daily,83.91,85.0,83.48,83.68,9839006.0,68.76849392404839,69.66180411803258,68.41608715027482,68.57999727761137,9839006.0
2013-06-04,False,daily,84.72,85.03,83.56,84.1,9972061.0,69.43232993976142,69.68639063713306,68.48165120120944,68.9242085450181,9972061.0
2013-06-03,False,daily,84.28,84.71,83.37,84.71,11770698.0,69.071727659621,69.42413443339458,68.32593658023973,69.42413443339458,11770698.0
2013-05-31,False,daily,85.68,85.99,84.18,84.18,13306174.0,70.21909855097684,70.47315924834848,68.98977259595274,68.98977259595274,13306174.0
2013-05-30,False,daily,85.71,86.31,85.68,85.99,7801107.0,70.24368507007732,70.73541545208697,70.21909855097684,70.47315924834848,7801107.0
2013-05-29,False,daily,87.08,87.16,85.14,85.65,11872285.0,71.36646944233267,71.43203349326728,69.77654120716817,70.19451203187636,11872285.0
2013-05-28,False,daily,87.54,88.29,87.27,87.61,8380624.0,71.74346273520673,72.35812571271879,71.52218406330239,71.80083127977451,8380624.0
2013-05-24,False,daily,86.8,87.03,86.49,86.82,10390046.0,71.1369952640615,71.32549191049853,70.88293456668985,71.15338627679515,10390046.0
2013-05-23,False,daily,87.11,87.97,87.0,87.21,14446889.0,71.39105596143315,72.0958695089803,71.30090539139805,71.47301102510141,14446889.0
2013-05-22,False,daily,88.7,89.99,88.2,88.46,13827735.0,72.15177053352947,73.2011029347499,71.74505254856031,71.95654590074426,13827735.0
2013-05-21,False,daily,87.94,88.64,87.79,88.59,10099587.0,71.53355919637634,72.10296437533317,71.4115438008856,72.06229257683626,10099587.0
2013-05-20,False,daily,88.1,88.2,87.81,88.01,7235972.0,71.66370895156646,71.74505254856031,71.42781252028436,71.59049971427203,7235972.0
2013-05-17,False,daily,87.47,88.2,87.41,88.09,11439498.0,71.15124429050533,71.74505254856031,71.10243813230902,71.6555745918671,11439498.0
2013-05-16,False,daily,87.33,87.77,87.06,87.45,9441996.0,71.03736325471397,71.39527508148682,70.81773554283062,71.13497557110657,9441996.0
2013-05-15,False,daily,86.94,87.88,86.94,87.64,13445477.0,70.72012322643802,71.48475303818003,70.72012322643802,71.28952840539485,13445477.0
2013-05-14,False,daily,85.76,87.08,85.76,86.97,10363203.0,69.7602687819108,70.83400426222939,69.7602687819108,70.74452630553617,10363203.0
2013-05-13,False,daily,85.56,86.07,85.44,85.85,6631530.0,69.59758158792313,70.01243393259166,69.49996927153053,69.83347801920523,6631530.0
2013-05-10,False,daily,85.29,85.76,85.181,85.76,7595332.0,69.37795387603978,69.7602687819108,69.2892893553165,69.7602687819108,7595332.0
2013-05-09,False,daily,85.45,85.691,84.963,85.15,8342217.0,69.50810363122991,69.70414169998504,69.11196031386994,69.26407284024842,8342217.0
2013-05-08,False,daily,85.48,85.6,84.93,85.46,8044549.0,69.53250671032806,69.63011902672065,69.08511692686199,69.51623799092928,8044549.0
2013-05-07,False,daily,84.87,85.57,84.63,85.53,9064264.0,69.03631076866569,69.6057159476225,68.84108613588047,69.57317850882498,9064264.0
2013-05-06,False,daily,85.78,85.78,84.55,84.68,8815951.0,69.77653750130956,69.77653750130956,68.77601125828541,68.8817579343774,8815951.0
2013-05-03,False,daily,85.58,85.99,85.45,85.75,9216677.0,69.6138503073219,69.9473590549966,69.50810363122991,69.75213442221141,9216677.0
2013-05-02,False,daily,84.44,85.21,84.17,85.16,8670010.0,68.6865333015922,69.3128789984447,68.46690558970886,69.27220719994779,8670010.0
2013-05-01,False,daily,84.5,85.13,83.88,84.23,12313701.0,68.7353394597885,69.24780412084964,68.23100915842673,68.51571174790516,12313701.0
2013-04-30,False,daily,85.39,85.7,84.89,85.23,12102081.0,69.45929747303362,69.7114626237145,69.05257948806445,69.32914771784348,12102081.0
2013-04-29,False,daily,85.02,85.89,84.91,85.58,8039981.0,69.15832616415642,69.86601545800278,69.0688482074632,69.6138503073219,8039981.0
2013-04-26,False,daily,85.3,85.49,84.805,85.12,6785901.0,69.38608823573917,69.54064107002743,68.9834374306197,69.23966976115027,6785901.0
2013-04-25,False,daily,84.54,85.44,84.34,85.22,8689508.0,68.76787689858604,69.49996927153053,68.60518970459837,69.3210133581441,8689508.0
2013-04-24,False,daily,85.68,85.74,84.28,84.39,9481742.0,69.69519390431573,69.74400006251201,68.55638354640207,68.64586150309529,9481742.0
2013-04-23,False,daily,84.99,85.68,84.0,85.45,8987297.0,69.13392308505827,69.69519390431573,68.32862147481934,69.50810363122991,8987297.0
2013-04-22,False,daily,84.59,84.93,84.195,84.83,6989805.0,68.80854869708295,69.08511692686199,68.48724148895731,69.00377332986815,6989805.0
2013-04-19,False,daily,83.51,84.57,83.47,84.49,10787943.0,67.93003784954956,68.79227997768417,67.89750041075203,68.72720510008911,10787943.0
2013-04-18,False,daily,83.96,84.3,83.03,83.18,9921415.0,68.2960840360218,68.57265226580083,67.53958858397917,67.66160397946992,9921415.0
2013-04-17,False,daily,83.36,84.43,83.29,83.9,13695585.0,67.80802245405881,68.67839894189282,67.75108193616313,68.24727787782551,13695585.0
2013-04-16,False,daily,82.33,83.54,82.07,83.44,12620569.0,66.97018340502234,67.95444092864771,66.75869005283836,67.87309733165388,12620569.0
2013-04-15,False,daily,82.72,83.09,81.71,81.71,12385815.0,67.28742343329829,67.58839474217547,66.46585310366056,66.46585310366056,12385815.0
2013-04-12,False,daily,82.25,82.74,82.17,82.74,6989079.0,66.90510852742727,67.30369215269704,66.84003364983221,67.30369215269704,6989079.0
2013-04-11,False,daily,82.14,82.96,82.08,82.32,9882969.0,66.81563057073406,67.48264806608347,66.76682441253776,66.96204904532294,9882969.0
2013-04-10,False,daily,81.83,82.2,81.735,82.02,7583115.0,66.56346542005318,66.86443672893036,66.48618900290903,66.71801825434144,7583115.0
2013-04-09,False,daily,81.26,81.75,81.24,81.52,9112685.0,66.09980691718833,66.49839054245811,66.08353819778955,66.31130026937228,9112685.0
2013-04-08,False,daily,81.27,81.39,80.31,81.11,15833564.0,66.1079412768877,66.20555359328031,65.32704274574692,65.97779152169758,15833564.0
2013-04-05,False,daily,81.79,82.11,81.62,82.04,8581618.0,66.53092798125564,66.79122749163591,66.39264386636613,66.73428697374023,8581618.0
2013-04-04,False,daily,82.2,82.72,81.925,82.41,10303575.0,66.86443672893036,67.28742343329829,66.64074183719731,67.03525828261739,10303575.0
2013-04-03,False,daily,82.74,82.95,81.57,82.07,12256404.0,67.30369215269704,67.4745137063841,66.3519720678692,66.75869005283836,12256404.0
2013-04-02,False,daily,82.0,82.69,81.9,82.69,10343271.0,66.70174953494269,67.26302035420014,66.62040593794886,67.26302035420014,10343271.0
2013-04-01,False,daily,81.39,81.965,81.28,81.93,7379930.0,66.20555359328031,66.67327927599484,66.1160756365871,66.64480901704701,7379930.0
2013-03-29,False,daily,81.37,81.59,80.95,81.53,11335093.0,66.18928487388155,66.36824078726798,65.84764176650745,66.31943462907168,11335093.0
2013-03-28,False,daily,81.37,81.59,80.95,81.53,11335093.0,66.18928487388155,66.36824078726798,65.84764176650745,66.31943462907168,11335093.0
2013-03-27,False,daily,80.56,81.35,80.27,81.27,10703798.0,65.5304017382315,66.17301615448277,65.29450530694938,66.1079412768877,10703798.0
2013-03-26,False,daily,79.93,80.8815,79.85,80.85,12683054.0,65.01793707717036,65.79192140256667,64.95286219957528,65.7662981695136,12683054.0
2013-03-25,False,daily,79.83,79.94,79.47,79.68,9616509.0,64.93659348017653,65.02607143686973,64.64375653099873,64.81457808468578,9616509.0
2013-03-22,False,daily,79.11,79.74,79.02,79.74,6878401.0,64.35091958182093,64.86338424288206,64.27771034452647,64.86338424288206,6878401.0
2013-03-21,False,daily,79.12,79.5,78.77,79.01,8436540.0,64.35905394152032,64.66815961009688,64.07435135204189,64.2695759848271,8436540.0
2013-03-20,False,daily,79.18,79.61,79.17,79.45,8001282.0,64.40786009971661,64.7576375667901,64.39972574001723,64.62748781159996,8001282.0
2013-03-19,False,daily,78.98,79.09,78.5,78.86,7095710.0,64.24517290572895,64.33465086242217,63.85472364015855,64.14756058933635,7095710.0
2013-03-18,False,daily,78.72,79.19,78.7,78.81,8005857.0,64.03367955354499,64.41599445941598,64.01741083414622,64.10688879083943,8005857.0
2013-03-15,False,daily,78.62,79.24,78.62,79.19,18302441.0,63.95233595655115,64.4566662579129,63.95233595655115,64.41599445941598,18302441.0
2013-03-14,False,daily,78.67,79.1,78.49,79.1,10150106.0,63.99300775504806,64.34278522212153,63.84658928045916,64.34278522212153,10150106.0
2013-03-13,False,daily,78.52,78.67,78.2,78.55,7987068.0,63.87099235955731,63.99300775504806,63.610692849177056,63.89539543865546,7987068.0
2013-03-12,False,daily,78.5,78.69,78.21,78.56,8790845.0,63.85472364015855,64.00927647444682,63.61882720887643,63.903529798354846,8790845.0
2013-03-11,False,daily,77.92,78.52,77.84,78.44,8807527.0,63.38293077759432,63.87099235955731,63.31785589999926,63.80591748196225,8807527.0
2013-03-08,False,daily,77.84,78.22,77.7,78.19,8555429.0,63.31785589999926,63.626961568575815,63.20397486420789,63.602558489477666,8555429.0
2013-03-07,False,daily,77.62,77.96,77.59,77.75,7996589.0,63.13889998661283,63.41546821639185,63.11449690751468,63.2446466627048,7996589.0
2013-03-06,False,daily,77.69,77.74,77.22,77.39,8536851.0,63.1958405045085,63.23651230300542,62.81352559863749,62.951809713527005,8536851.0
2013-03-05,False,daily,77.56,77.71,77.44,77.66,9399329.0,63.09009382841652,63.21210922390726,62.99248151202392,63.17143742541035,9399329.0
2013-03-04,False,daily,76.73,77.28,76.73,77.2,12628151.0,62.41494197336772,62.86233175683379,62.41494197336772,62.79725687923873,12628151.0
2013-03-01,False,daily,75.79,76.77,75.73,76.7,9528747.0,61.65031216162569,62.447479412165244,61.60150600342939,62.39053889426957,9528747.0
2013-02-28,False,daily,76.23,76.49,76.11,76.11,11810994.0,62.008223988398555,62.21971734058251,61.91061167200595,61.91061167200595,11810994.0
2013-02-27,False,daily,75.68,76.45,75.6,76.32,8180984.0,61.560834204932476,62.18717990178499,61.4957593273374,62.08143322569299,8180984.0
2013-02-26,False,daily,75.88,76.34,75.5,75.75,10743510.0,61.723521398920134,62.09770194509177,61.41441573034357,61.61777472282815,10743510.0
2013-02-25,False,daily,76.47,76.66,75.57,75.57,10603690.0,62.203448621183746,62.35800145547203,61.471356248239246,61.471356248239246,10603690.0
2013-02-22,False,daily,76.39,76.49,75.97,76.25,8573799.0,62.13837374358868,62.21971734058251,61.79673063621458,62.024492707797314,8573799.0
2013-02-21,False,daily,76.47,77.02,76.38,76.87,9465751.0,61.70983467999833,62.153674212808575,61.6372063928112,62.0326270674967,9465751.0
2013-02-20,False,daily,76.79,76.97,76.54,76.65,7857956.0,61.968068589997024,62.11332516437128,61.76632334781055,61.8550912543726,7857956.0
2013-02-19,False,daily,76.03,77.0,75.96,76.96,9747837.0,61.35476305375014,62.13753459343366,61.29827438593792,62.10525535468381,9747837.0
2013-02-18,False,daily,75.72,76.16,75.51,76.16,10529175.0,61.10459895343892,61.459670579687106,60.935132950002284,61.459670579687106,10529175.0
2013-02-15,False,daily,75.72,76.16,75.51,76.16,10529175.0,61.10459895343892,61.459670579687106,60.935132950002284,61.459670579687106,10529175.0
2013-02-14,False,daily,75.5,76.09,75.38,75.81,9681846.0,60.92706314031482,61.403181911874896,60.83022542406531,61.177227240626046,9681846.0
2013-02-13,False,daily,75.79,75.87,75.37,75.66,8014888.0,61.161087621251134,61.2256460987508,60.822155614377856,61.05618009531416,8014888.0
2013-02-12,False,daily,75.42,75.86,75.42,75.8,7598878.0,60.86250466281515,61.21757628906334,60.86250466281515,61.16915743093858,7598878.0
2013-02-11,False,daily,75.28,75.5,75.05,75.41,5697146.0,60.74952732719073,60.92706314031482,60.56392170437917,60.854434853127685,5697146.0
2013-02-08,False,daily,75.17,75.61,74.73,75.48,8153554.0,60.66075942062868,61.01583104687687,60.30568779438049,60.9109235209399,8153554.0
2013-02-07,False,daily,74.82,75.2,74.68,75.06,9798177.0,60.378316081567604,60.68496884969105,60.2653387459432,60.57199151406663,9798177.0
2013-02-06,False,daily,74.57,75.39,74.52,75.39,12083995.0,60.176570839381135,60.838295233752774,60.13622179094384,60.838295233752774,12083995.0
2013-02-05,False,daily,74.49,74.82,74.47,74.66,10230794.0,60.11201236188146,60.378316081567604,60.09587274250655,60.249199126568264,10230794.0
2013-02-04,False,daily,73.56,74.25,73.56,74.11,9200667.0,59.36152006094779,59.918336929382455,59.36152006094779,59.80535959375803,9200667.0
2013-02-01,False,daily,74.14,74.42,74.08,74.18,10019482.0,59.82956902282041,60.05552369406926,59.78115016469565,59.861848261570245,10019482.0
2013-01-31,False,daily,74.08,74.36,73.78,73.92,10452547.0,59.78115016469565,60.0071048359445,59.539055874071884,59.65203320969631,10452547.0
2013-01-30,False,daily,74.45,74.8,74.01,74.09,9246397.0,60.07973312313163,60.36217646219269,59.72466149688344,59.789219974383116,9246397.0
2013-01-29,False,daily,73.67,74.62,73.64,74.41,12390703.0,59.45028796750984,60.21691988781844,59.42607853844746,60.047453884381795,12390703.0
2013-01-28,False,daily,73.96,74.0,73.43,73.62,9420940.0,59.68431244844614,59.71659168719598,59.25661253501083,59.409938919072545,9420940.0
2013-01-25,False,daily,73.13,73.93,73.06,73.92,10421557.0,59.014518244387055,59.660103019383776,58.958029576574845,59.65203320969631,10421557.0
2013-01-24,False,daily,72.96,73.23,72.8434,73.1,9369713.0,58.87733147970025,59.09521634126165,58.783237498744484,58.990308815324674,9369713.0
2013-01-23,False,daily,72.52,72.91,72.47,72.85,10155089.0,58.522259853452056,58.83698243126296,58.48191080501476,58.788563573138205,10155089.0
2013-01-22,False,daily,72.92,73.21,72.42,72.69,11471537.0,58.84505224095042,59.07907672188672,58.44156175657747,58.659446618138865,11471537.0
2013-01-21,False,daily,72.9,73.23,72.79,73.23,13564396.0,58.828912621575505,59.09521634126165,58.74014471501346,59.09521634126165,13564396.0
2013-01-18,False,daily,72.9,73.23,72.79,73.23,13564396.0,58.828912621575505,59.09521634126165,58.74014471501346,59.09521634126165,13564396.0
2013-01-17,False,daily,72.88,73.01,72.37,72.9,10573077.0,58.81277300220058,58.91768052813755,58.40121270814018,58.828912621575505,10573077.0
2013-01-16,False,daily,72.26,72.815,72.25,72.58,8780055.0,58.31244480157813,58.760319239232096,58.30437499189067,58.57067871157681,8780055.0
2013-01-15,False,daily,72.25,72.44,72.0,72.37,7795015.0,58.30437499189067,58.45770137595239,58.1026297497042,58.40121270814018,7795015.0
2013-01-14,False,daily,72.6,72.79,72.37,72.56,7385928.0,58.58681833095173,58.74014471501346,58.40121270814018,58.5545390922019,7385928.0
2013-01-11,False,daily,72.19,72.58,72.16,72.35,7766724.0,58.25595613376591,58.57067871157681,58.23174670470354,58.38507308876525,7766724.0
2013-01-10,False,daily,71.81,72.38,71.74,72.19,11891155.0,57.94930336564248,58.409282517827634,57.89281469783026,58.25595613376591,11891155.0
2013-01-09,False,daily,71.64,71.85,71.5,71.73,7673216.0,57.812116600955676,57.98158260439231,57.699139265331254,57.88474488814281,7673216.0
2013-01-08,False,daily,71.31,71.65,71.25,71.41,9830721.0,57.54581288126953,57.82018641064314,57.49739402314478,57.62651097814412,9830721.0
2013-01-07,False,daily,71.5,71.53,71.19,71.4,7548751.0,57.699139265331254,57.72334869439363,57.44897516502002,57.61844116845667,7548751.0
2013-01-04,False,daily,71.24,71.73,71.01,71.55,11634731.0,57.489324213457316,57.88474488814281,57.30371859064577,57.73948831376855,11634731.0
2013-01-03,False,daily,70.98,71.0,70.445,70.74,9598228.0,57.27950916158339,57.29564878095831,56.84777434330433,57.08583372908437,9598228.0
2013-01-02,False,daily,71.02,71.02,70.3,70.84,12875582.0,57.31178840033322,57.31178840033322,56.73076210283618,57.16653182595897,12875582.0
2014-12-31,False,daily,105.61,106.11,104.54,104.57,6202118.0,90.2483207080178,90.67559237125053,89.33395934869975,89.35959564849371,6202118.0
2014-12-30,False,daily,105.42,105.8,105.06,105.36,4371735.0,90.08595747598936,90.41068394004624,89.7783218784618,90.03468487640143,4371735.0
2014-12-29,False,daily,104.64,105.69,104.61,105.33,4273424.0,89.4194136813463,90.31668417413503,89.39377738155234,90.00904857660747,4273424.0
2014-12-26,False,daily,105.07,105.69,104.69,105.06,2951001.0,89.78686731172644,90.31668417413503,89.46214084766957,89.7783218784618,2951001.0
2014-12-24,False,daily,104.38,105.33,104.38,104.59,3420184.0,89.19723241646527,90.00904857660747,89.19723241646527,89.37668651502302,3420184.0
2014-12-23,False,daily,106.66,106.91,103.92,104.28,10181076.0,91.14559120080654,91.35922703242291,88.80414248629117,89.11177808381873,10181076.0
2014-12-22,False,daily,105.69,106.83,105.67,106.74,8124539.0,90.31668417413503,91.29086356630566,90.29959330760573,91.21395466692377,8124539.0
2014-12-19,False,daily,106.63,107.39,105.5,105.55,19154418.0,91.11995490101258,91.76940782912632,90.1543209421066,90.19704810842987,19154418.0
2014-12-18,False,daily,105.62,106.82,104.74,106.81,11756825.0,90.25686614128246,91.282318133041,89.50486801399283,91.27377269977636,11756825.0
2014-12-17,False,daily,103.27,104.49,102.7,104.07,10207637.0,88.2486893240886,89.29123218237648,87.7615996280033,88.93232398526098,10207637.0
2014-12-16,False,daily,103.48,105.21,102.5,102.76,10212440.0,88.42814342264636,89.9065033774316,87.5906909627102,87.81287222759123,10212440.0
2014-12-15,False,daily,104.77,105.06,103.63,103.96,12110559.0,89.5305043137868,89.7783218784618,88.55632492161617,88.83832421934977,12110559.0
2014-12-12,False,daily,106.65,106.87,104.39,104.43,8334704.0,91.13704576754189,91.32504529936429,89.20577784972993,89.23995958278856,8334704.0
2014-12-11,False,daily,105.85,107.305,105.36,106.72,7114640.0,90.4534111063695,91.69677164637677,90.03468487640143,91.19686380039447,7114640.0
2014-12-10,False,daily,107.61,107.96,106.15,106.24,9416414.0,91.95740736094874,92.25649752521164,90.70977410430916,90.78668300369104,9416414.0
2014-12-09,False,daily,108.22,108.47,106.89,108.05,7214300.0,92.47867879009266,92.69231462170903,91.34213616589359,92.33340642459353,7214300.0
2014-12-08,False,daily,108.42,108.88,108.1405,108.52,6500735.0,92.64958745538576,93.04267738555987,92.41074259563867,92.7350417880323,6500735.0
2014-12-05,False,daily,107.53,108.74,107.221,108.51,6449739.0,91.88904389483149,92.9230413198547,91.62499000695367,92.72649635476765,6449739.0
2014-12-04,False,daily,108.09,108.3,107.38,107.56,6813598.0,92.36758815765215,92.54704225620989,91.76086239586166,91.91468019462546,6813598.0
2014-12-03,False,daily,108.54,108.99,107.65,107.72,8957411.0,92.75213265456162,93.13667715147106,91.99158909400735,92.05140712685993,8957411.0
2014-12-02,False,daily,107.97,108.53,107.5,108.51,6184380.0,92.2650429584763,92.74358722129696,91.86340759503753,92.72649635476765,6184380.0
2014-12-01,False,daily,107.89,108.813,107.35,108.03,5638779.0,92.19667949235907,92.98542298268669,91.7352260960677,92.31631555806423,5638779.0
2014-11-28,False,daily,107.61,108.82,107.33,108.25,5881239.0,91.95740736094874,92.99140478597194,91.7181352295384,92.50431508988663,5881239.0
2014-11-26,False,daily,106.77,107.25,106.6,107.21,5503702.0,91.23959096671774,91.64977176342116,91.0943186012186,91.61559003036254,5503702.0
2014-11-25,False,daily,106.98,107.19,106.7,106.7,7367894.0,91.41904506527548,91.59849916383324,91.17977293386515,91.17977293386515,7367894.0
2014-11-24,False,daily,107.92,108.23,106.64,106.88,9097994.0,92.22231579215303,92.48722422335732,91.12850033427723,91.33359073262893,9097994.0
2014-11-21,False,daily,108.73,108.73,107.62,107.86,8417378.0,92.91449588659006,92.91449588659006,91.9659527942134,92.1710431925651,8417378.0
2014-11-20,False,daily,108.55,108.57,107.69,108.18,8090667.0,92.1604518476573,92.17743212436805,91.43029994909456,91.84631672850823,8090667.0
2014-11-19,False,daily,108.45,108.81,108.1,108.76,5217829.0,92.0755504641035,92.3811954448972,91.77839562166517,92.3387447531203,5217829.0
2014-11-18,False,daily,108.13,109.06,107.72,108.83,5407151.0,91.8038660367313,92.59344890378172,91.4557703641607,92.39817572160796,5407151.0
2014-11-17,False,daily,108.0,108.69,107.61,108.3,5232983.0,91.69349423811137,92.27931378463263,91.36237884225152,91.94819838877278,5232983.0
2014-11-14,False,daily,108.92,109.06,108.01,108.16,5650746.0,92.47458696680638,92.59344890378172,91.70198437646675,91.82933645179746,5650746.0
2014-11-13,False,daily,109.05,109.49,108.5,109.07,4859955.0,92.58495876542634,92.95852485306308,92.11800115588039,92.60193904213709,4859955.0
2014-11-12,False,daily,108.67,109.0,108.3862,108.75,4895939.0,92.26233350792187,92.54250807364943,92.02138338139616,92.33025461476491,4895939.0
2014-11-11,False,daily,108.88,109.4,108.55,108.91,6229047.0,92.44062641338486,92.88211360786467,92.1604518476573,92.466096828451,6229047.0
2014-11-10,False,daily,108.07,108.92,107.2,108.82,7573288.0,91.75292520659903,92.47458696680638,91.01428316968091,92.38968558325257,7573288.0
2014-11-07,False,daily,109.0,109.03,107.92,108.2,6652571.0,92.54250807364943,92.56797848871558,91.62557313126833,91.86329700521898,6652571.0
2014-11-06,False,daily,108.93,109.32,108.55,109.01,6200277.0,92.48307710516177,92.81419250102161,92.1604518476573,92.55099821200481,6200277.0
2014-11-05,False,daily,109.05,109.26,107.95,108.82,6966795.0,92.58495876542634,92.76325167088933,91.65104354633446,92.38968558325257,6966795.0
2014-11-04,False,daily,107.89,108.73,107.34,108.62,9349214.0,91.60010271620217,92.31327433805416,91.13314510665624,92.21988281614497,9349214.0
2014-11-03,False,daily,107.83,108.12,106.75,107.46,7084618.0,91.5491618860699,91.79537589837594,90.63222694368878,91.2350267669208,7084618.0
2014-10-31,False,daily,107.94,108.18,107.26,107.78,10803709.0,91.64255340797908,91.84631672850823,91.0652239998132,91.50671119429299,10803709.0
2014-10-30,False,daily,105.17,107.05,104.91,107.04,9068343.0,89.29078508353864,90.8869310943502,89.07004148629873,90.87844095599482,9068343.0
2014-10-29,False,daily,105.0,105.56,104.86,105.56,8188368.0,89.14645273149716,89.62190047939848,89.02759079452183,89.62190047939848,8188368.0
2014-10-28,False,daily,104.55,104.8,103.56,104.79,10347753.0,88.76439650550503,88.97664996438955,87.92387280832234,88.96815982603417,10347753.0
2014-10-27,False,daily,103.07,104.24,103.035,104.07,7044535.0,87.50785602890868,88.50120221648822,87.47814054466485,88.35686986444675,7044535.0
2014-10-24,False,daily,102.26,102.98,101.94,102.63,7570675.0,86.82015482212286,87.43144478371026,86.54847039475067,87.13428994127193,7570675.0
2014-10-23,False,daily,102.26,102.98,101.94,102.63,7570675.0,86.82015482212286,87.43144478371026,86.54847039475067,87.13428994127193,7570675.0
2014-10-22,False,daily,101.1,101.79,100.52,101.22,9364649.0,85.8352987728987,86.42111831941996,85.34287074828661,85.93718043316326,9364649.0
2014-10-21,False,daily,99.83,100.38,99.34,100.36,7288282.0,84.75705120176535,85.22400881131128,84.3410344223517,85.20702853460052,7288282.0
2014-10-20,False,daily,98.83,99.2,98.32,99.2,7991982.0,83.90803736622728,84.22217248537636,83.47504031010286,84.22217248537636,7991982.0
2014-10-17,False,daily,97.54,99.15,97.31,98.7,12281405.0,82.81280951838318,84.17972179359947,82.61753633620941,83.79766556760734,12281405.0
2014-10-16,False,daily,96.97,98.0,96.5,96.78,14575531.0,82.32887163212648,83.20335588273068,81.92983512942358,82.16755900337424,14575531.0
2014-10-15,False,daily,96.05,98.72,95.1,98.21,21905946.0,81.54777890343145,83.8146458443181,80.74121575967028,83.38164878819367,21905946.0
2014-10-14,False,daily,100.53,100.9,95.34,97.01,20808277.0,85.351360886642,85.66549600579108,80.94497908019943,82.362832185548,20808277.0
2014-10-13,False,daily,101.46,101.46,99.02,99.12,10341254.0,86.1409437536924,86.1409437536924,84.0693499949795,84.15425137853332,10341254.0
2014-10-10,False,daily,102.35,102.53,101.23,101.23,9988521.0,86.89656606732127,87.04938855771813,85.94567057151865,85.94567057151865,9988521.0
2014-10-09,False,daily,104.63,104.86,101.79,102.08,10677257.0,88.83231761234808,89.02759079452183,86.42111831941996,86.667332331726,10677257.0
2014-10-08,False,daily,102.43,105.03,102.0401,104.91,8336957.0,86.96448717416433,89.1719231465633,86.63345667968802,89.07004148629873,8336957.0
2014-10-07,False,daily,104.46,104.46,102.34,102.39,8409384.0,88.6879852603066,88.6879852603066,86.8880759289659,86.9305266207428,8409384.0
2014-10-06,False,daily,105.68,106.0,104.365,104.86,5016549.0,89.72378213966306,89.99546656703522,88.60732894593048,89.02759079452183,5016549.0
2014-10-03,False,daily,104.23,105.19,104.13,105.13,6856127.0,88.49271207813285,89.30776536024939,88.40781069457904,89.2568245301171,6856127.0
2014-10-02,False,daily,104.06,104.54,103.25,103.85,7566157.0,88.34837972609138,88.75590636714965,87.66067851930553,88.17008682062838,7566157.0
2014-10-01,False,daily,105.98,106.28,103.95,104.3,12267373.0,89.97848629032447,90.2331904409859,88.2549882041822,88.55214304662051,12267373.0
2014-09-30,False,daily,106.5,107.2099,106.45,106.59,6822524.0,90.41997348480426,91.02268840665275,90.37752279302737,90.49638473000269,6822524.0
2014-09-29,False,daily,106.38,106.65,106.04,106.54,6581602.0,90.31809182453969,90.54732556013498,90.02942712045676,90.4539340382258,6581602.0
2014-09-26,False,daily,107.41,107.49,106.2,107.1,4467569.0,91.1925760751439,91.26049718198695,90.16526933414285,90.9293817861271,4467569.0
2014-09-25,False,daily,108.53,108.55,107.07,107.1,5691811.0,92.14347157094655,92.1604518476573,90.90391137106096,90.9293817861271,5691811.0
2014-09-24,False,daily,107.7,108.77,107.34,108.64,5892456.0,91.43879008744995,92.34723489147568,91.13314510665624,92.23686309285573,5892456.0
2014-09-23,False,daily,107.77,108.1,107.19,107.46,8108322.0,91.4982210559376,91.77839562166517,91.00579303132552,91.2350267669208,8108322.0
2014-09-22,False,daily,108.0,108.25,107.775,107.88,5790392.0,91.69349423811137,91.90574769699589,91.5024661251153,91.59161257784679,5790392.0
2014-09-19,False,daily,107.89,108.37,107.62,107.99,13033621.0,91.60010271620217,92.00762935726046,91.3708689806069,91.68500409975599,13033621.0
2014-09-18,False,daily,106.18,107.41,106.03,107.35,6628840.0,90.14828905743208,91.1925760751439,90.02093698210138,91.14163524501161,6628840.0
2014-09-17,False,daily,105.88,106.63,105.8,106.19,6627848.0,89.89358490677066,90.53034528342421,89.82566379992761,90.15677919578746,6627848.0
2014-09-16,False,daily,104.49,105.94,104.3,105.88,6081537.0,88.71345567537274,89.94452573690295,88.55214304662051,89.89358490677066,6081537.0
2014-09-15,False,daily,104.59,104.91,104.35,104.72,4525564.0,88.79835705892656,89.07004148629873,88.5945937383974,88.9087288575465,4525564.0
2014-09-12,False,daily,104.54,104.805,103.96,104.58,5931020.0,88.75590636714965,88.98089503356724,88.26347834253757,88.78986692057117,5931020.0
2014-09-11,False,daily,104.78,104.89,104.0999,104.55,4835853.0,88.95966968767878,89.05306120958798,88.38225537812934,88.76439650550503,4835853.0
2014-09-10,False,daily,104.19,105.34,103.96,104.99,7406861.0,88.45875152471132,89.43511743558011,88.26347834253757,89.13796259314178,7406861.0
2014-09-09,False,daily,104.4,104.4,103.55,103.8,6006566.0,88.63704443017433,88.63704443017433,87.91538266996696,88.12763612885148,6006566.0
2014-09-08,False,daily,104.42,104.58,103.83,104.05,4900319.0,88.65402470688508,88.78986692057117,88.15310654391762,88.339889587736,4900319.0
2014-09-05,False,daily,103.92,104.42,103.34,104.42,5750803.0,88.22951778911604,88.65402470688508,87.73708976450396,88.65402470688508,5750803.0
2014-09-04,False,daily,103.99,104.1,103.76,103.84,6147742.0,88.2889487576037,88.38234027951289,88.09367557542996,88.161596682273,6147742.0
2014-09-03,False,daily,103.82,104.1,103.54,103.76,4725840.0,88.14461640556223,88.38234027951289,87.90689253161159,88.09367557542996,4725840.0
2014-09-02,False,daily,103.3,103.7097,103.02,103.36,4644820.0,87.70312921108244,88.05097017950239,87.46540533713178,87.75407004121473,4644820.0
2014-08-29,False,daily,103.1,103.76,103.0069,103.73,5287778.0,87.53332644397483,88.09367557542996,87.45428325588624,88.06820516036382,5287778.0
2014-08-28,False,daily,102.9,103.19,102.71,102.95,3485694.0,87.36352367686722,87.60973768917326,87.20221104811498,87.40597436864412,3485694.0
2014-08-27,False,daily,103.6,103.72,102.91,103.22,4786441.0,87.95783336174387,88.05971502200843,87.3720138152226,87.6352081042394,4786441.0
2014-08-26,False,daily,103.47,103.72,103.17,103.44,3512447.0,87.84746156312391,88.05971502200843,87.5927574124625,87.82199114805778,3512447.0
2014-08-25,False,daily,103.65,103.81,103.09,103.23,3678216.0,88.00028405352077,88.13612626720686,87.52483630561946,87.64369824259478,3678216.0
2014-08-22,False,daily,103.63,104.03,102.97,103.1,5076573.0,87.98330377681,88.32290931102524,87.42295464535488,87.53332644397483,5076573.0
2014-08-21,False,daily,103.33,104.42,103.33,104.19,8357633.0,87.13919546319339,88.05840308009924,87.13919546319339,87.8644418398347,8357633.0
2014-08-20,False,daily,102.87,103.3,102.7,103.21,5183142.0,86.75127298266432,87.11389617098497,86.60791032681662,87.03799829435971,5183142.0
2014-08-19,False,daily,102.73,102.96,102.02,102.96,5670017.0,86.63320961902504,86.82717085928957,86.03445970342581,86.82717085928957,5670017.0
2014-08-18,False,daily,102.73,102.96,102.02,102.96,5670017.0,86.63320961902504,86.82717085928957,86.03445970342581,86.82717085928957,5670017.0
2014-08-15,False,daily,102.21,102.44,100.8,101.17,6986145.0,86.19468855407912,86.38864979434366,85.0056218202835,85.31764642418732,6986145.0
2014-08-14,False,daily,101.89,102.05,101.5,102.02,5239445.0,85.92482943718935,86.05975899563423,85.59593863847991,86.03445970342581,5239445.0
2014-08-13,False,daily,101.15,101.95,101.15,101.74,4563748.0,85.30078022938172,85.97542802160618,85.30078022938172,85.79833297614725,4563748.0
2014-08-12,False,daily,101.0,101.22,100.31,100.63,4577733.0,85.17428376833962,85.35981191120135,84.59240004754601,84.8622591644358,4577733.0
2014-08-11,False,daily,101.62,101.78,101.01,101.16,5706553.0,85.69713580731359,85.83206536575848,85.18271686574242,85.3092133267845,5706553.0
2014-08-08,False,daily,100.21,101.15,99.77,101.08,5619629.0,84.50806907351794,85.30078022938172,84.13701278779449,85.24174854756205,5619629.0
2014-08-07,False,daily,101.09,101.19,99.58,99.93,7417911.0,85.25018164496487,85.33451261899293,83.97678393714118,84.27194234623938,7417911.0
2014-08-06,False,daily,99.67,100.83,99.6,100.71,7412322.0,84.05268181376643,85.03092111249191,83.99365013194678,84.92972394365823,7412322.0
2014-08-05,False,daily,99.83,100.24,99.55,99.82,6230883.0,84.18761137221132,84.53336836572636,83.95148464493276,84.1791782748085,6230883.0
2014-08-04,False,daily,99.99,100.375,99.315,100.16,6790846.0,84.32254093065622,84.64721518066425,83.75330685596681,84.46590358650391,6790846.0
2014-08-01,False,daily,99.76,100.41,98.8,99.9,8610725.0,84.12857969039169,84.67673102157407,83.31900233972232,84.24664305403097,8610725.0
2014-07-31,False,daily,101.77,101.84,100.05,100.09,9142218.0,85.82363226835567,85.88266395017531,84.37313951507305,84.40687190468428,9142218.0
2014-07-30,False,daily,102.27,102.85,101.81,102.3,5995785.0,86.24528713849597,86.7344067878587,85.8573646579669,86.27058643070438,5995785.0
2014-07-29,False,daily,102.45,102.51,101.69,101.96,6058738.0,86.39708289174648,86.44768147616331,85.75616748913322,85.98386111900898,6058738.0
2014-07-28,False,daily,101.89,102.4,101.66,102.11,4634905.0,85.92482943718935,86.35491740473245,85.7308681969248,86.11035758005107,4634905.0
2014-07-25,False,daily,102.27,102.4,101.8,102.11,3952062.0,86.24528713849597,86.35491740473245,85.84893156056408,86.11035758005107,3952062.0
2014-07-24,False,daily,102.34,102.73,102.02,102.2,5177227.0,86.30431882031561,86.63320961902504,86.03445970342581,86.18625545667632,5177227.0
2014-07-23,False,daily,102.8,102.93,101.8832,102.19,4815975.0,86.69224130084467,86.80187156708116,85.91909493095544,86.17782235927352,4815975.0
2014-07-22,False,daily,101.91,102.54,101.78,102.47,6554213.0,85.94169563199495,86.47298076837173,85.83206536575848,86.41394908655208,6554213.0
2014-07-21,False,daily,101.44,101.58,101.02,101.27,6386413.0,85.54534005406308,85.66340341770236,85.19114996314522,85.40197739821537,6386413.0
2014-07-18,False,daily,100.67,101.96,100.37,101.8,8408731.0,84.89599155404701,85.98386111900898,84.64299863196285,85.84893156056408,8408731.0
2014-07-17,False,daily,101.9,102.1,100.26,100.37,11226538.0,85.93326253459215,86.10192448264826,84.55023456053198,84.64299863196285,11226538.0
2014-07-16,False,daily,103.53,103.67,101.95,102.22,11947879.0,87.30785741124951,87.4259207748888,85.97542802160618,86.20312165148194,11947879.0
2014-07-15,False,daily,105.23,105.47,102.77,103.28,14224802.0,88.74148396972652,88.94387830739386,86.66694200863625,87.09702997617936,14224802.0
2014-07-14,False,daily,105.38,105.49,105.11,105.38,7786696.0,88.8679804307686,88.96074450219946,88.64028680089284,88.8679804307686,7786696.0
2014-07-11,False,daily,105.84,106.009,104.86,105.1,5464127.0,89.25590291129768,89.39842225740509,88.4294593658227,88.63185370349004,5464127.0
2014-07-10,False,daily,105.08,106.0,104.52,105.8,4955123.0,88.61498750868442,89.39083246974256,88.14273405412729,89.22217052168645,4955123.0
2014-07-09,False,daily,106.0,106.21,105.72,106.04,5721371.0,89.39083246974256,89.56792751520149,89.154705742464,89.4245648593538,5721371.0
2014-07-08,False,daily,106.21,106.25,105.52,105.72,6268373.0,89.56792751520149,89.60165990481272,88.98604379440788,89.154705742464,6268373.0
2014-07-07,False,daily,105.42,106.74,105.27,106.47,7018503.0,88.90171282037983,90.01488167755019,88.77521635933773,89.78718804767445,7018503.0
2014-07-03,False,daily,105.87,106.25,105.11,105.42,4199082.0,89.2812022035061,89.60165990481272,88.64028680089284,88.90171282037983,4199082.0
2014-07-02,False,daily,105.7,105.97,105.295,105.86,3764939.0,89.13783954765839,89.36553317753415,88.79629910284476,89.27276910610328,3764939.0
2014-07-01,False,daily,105.15,106.0,104.99,105.87,5133942.0,88.67401919050407,89.39083246974256,88.53908963205916,89.2812022035061,5133942.0
2014-06-30,False,daily,105.62,106.0,104.52,104.62,6944226.0,89.07037476843594,89.39083246974256,88.14273405412729,88.22706502815535,6944226.0
2014-06-27,False,daily,105.47,105.59,104.45,104.99,6462995.0,88.94387830739386,89.04507547622752,88.08370237230766,88.53908963205916,6462995.0
2014-06-26,False,daily,105.84,105.97,105.03,105.65,5106917.0,89.25590291129768,89.36553317753415,88.57282202167039,89.09567406064437,5106917.0
2014-06-25,False,daily,104.23,105.87,104.23,105.76,6411062.0,87.89817422944593,89.2812022035061,87.89817422944593,89.18843813207523,6411062.0
2014-06-24,False,daily,104.63,105.23,104.55,104.59,5915291.0,88.23549812555815,88.74148396972652,88.1680333463357,88.20176573594694,5915291.0
2014-06-23,False,daily,104.91,105.12,104.44,104.75,6066848.0,88.47162485283673,88.64871989829565,88.07526927490484,88.33669529439183,6066848.0
2014-06-20,False,daily,104.37,105.48,104.07,105.27,12464629.0,88.01623759308521,88.95231140479666,87.76324467100102,88.77521635933773,12464629.0
2014-06-19,False,daily,102.93,103.87,102.81,103.81,5481511.0,86.80187156708116,87.5945827229449,86.70067439824749,87.54398413852807,5481511.0
2014-06-18,False,daily,101.91,102.83,101.8603,102.81,5449119.0,85.94169563199495,86.71754059305309,85.899783137903,86.70067439824749,5449119.0
2014-06-17,False,daily,102.13,102.2,101.38,101.93,4835591.0,86.12722377485667,86.18625545667632,85.49474146964623,85.95856182680058,4835591.0
2014-06-16,False,daily,102.52,102.89,101.84,102.45,5645516.0,86.45611457356611,86.76813917746993,85.88266395017531,86.39708289174648,5645516.0
2014-06-13,False,daily,102.51,102.65,102.17,102.53,4302188.0,86.44768147616331,86.56574483980259,86.1609561644679,86.46454767096891,4302188.0
2014-06-12,False,daily,103.18,103.21,102.51,102.53,5935011.0,87.01269900215131,87.03799829435971,86.44768147616331,86.46454767096891,5935011.0
2014-06-11,False,daily,103.81,104.15,103.133,103.32,5960610.0,87.54398413852807,87.83070945022348,86.9730634443581,87.13076236579057,5960610.0
2014-06-10,False,daily,103.47,104.12,102.77,104.1,5797720.0,87.25725882683267,87.80541015801506,86.66694200863625,87.78854396320943,5797720.0
2014-06-09,False,daily,103.07,103.23,102.68,103.22,3748814.0,86.91993493072043,87.05486448916534,86.591044132011,87.04643139176252,3748814.0
2014-06-06,False,daily,103.25,103.33,102.8386,103.18,4625104.0,87.07173068397094,87.13919546319339,86.72479305681951,87.01269900215131,4625104.0
2014-06-05,False,daily,102.78,103.36,102.42,103.22,4731051.0,86.67537510603907,87.1644947554018,86.37178359953805,87.04643139176252,4731051.0
2014-06-04,False,daily,102.23,102.71,101.94,102.68,5608597.0,86.21155474888475,86.61634342421942,85.96699492420336,86.591044132011,5608597.0
2014-06-03,False,daily,101.91,102.6,101.84,102.46,6683665.0,85.94169563199495,86.52357935278856,85.88266395017531,86.40551598914927,6683665.0
2014-06-02,False,daily,101.54,102.26,101.01,102.17,5852618.0,85.62967102809114,86.23685404109317,85.18271686574242,86.1609561644679,5852618.0
2014-05-30,False,daily,100.7,101.54,100.55,101.46,5972931.0,84.92129084625545,85.62967102809114,84.79479438521335,85.56220624886868,5972931.0
2014-05-29,False,daily,100.56,100.795,100.15,100.76,3685692.0,84.80322748261615,85.0014052715821,84.45747048910111,84.97188943067228,3685692.0
2014-05-28,False,daily,100.67,100.93,100.12,100.3,4353776.0,84.89599155404701,85.11525208651997,84.4321711968927,84.58396695014319,4353776.0
2014-05-27,False,daily,101.1,101.36,100.265,100.81,4524361.0,85.25861474236767,85.47787527484063,84.55445110923338,85.01405491768631,4524361.0
2014-05-23,False,daily,101.04,101.16,100.67,100.98,5276064.0,85.20801615795084,85.3092133267845,84.89599155404701,85.157417573534,5276064.0
2014-05-22,False,daily,100.58,101.01,100.08,100.96,5124957.0,84.82009367742177,85.18271686574242,84.39843880728147,85.14055137872839,5124957.0
2014-05-21,False,daily,100.6,101.2,100.53,101.14,5302472.0,84.24979483455125,84.7522787003637,84.19117171687314,84.70203031378246,5302472.0
2014-05-20,False,daily,100.81,100.98,99.96,100.25,5438763.0,84.42566418758561,84.56803461623248,83.71381204435133,83.95667924616068,5438763.0
2014-05-19,False,daily,100.22,100.93,100.125,100.64,6997400.0,83.93155505287005,84.5261609607481,83.85199510744975,84.28329375893875,6997400.0
2014-05-16,False,daily,100.57,100.89,100.14,100.58,6517090.0,84.22467064126063,84.49266203636061,83.86455720409506,84.23304537235751,6517090.0
2014-05-15,False,daily,100.64,100.84,100.41,100.69,7011935.0,84.28329375893875,84.45078838087623,84.09067494371065,84.32516741442312,7011935.0
2014-05-14,False,daily,100.95,101.1,100.77,100.87,4187810.0,84.54291042294186,84.66853138939496,84.39216526319812,84.47591257416686,4187810.0
2014-05-13,False,daily,100.9,101.49,100.625,101.02,6183174.0,84.50103676745748,84.99514590217304,84.27073166229344,84.60153354061997,6183174.0
2014-05-12,False,daily,101.24,101.24,100.42,100.52,7437341.0,84.78577762475119,84.78577762475119,84.09904967480753,84.18279698577626,7437341.0
2014-05-09,False,daily,100.86,101.25,100.41,100.91,5691707.0,84.46753784306999,84.79415235584807,84.09067494371065,84.50941149855436,5691707.0
2014-05-08,False,daily,100.67,101.09,100.36,100.5,5668825.0,84.30841795222938,84.66015665829809,84.04880128822629,84.16604752358252,5668825.0
2014-05-07,False,daily,99.85,101.045,99.35,100.91,8720814.0,83.62169000228572,84.62247036836216,83.20295344744203,84.50941149855436,8720814.0
2014-05-06,False,daily,100.02,100.02,99.51,99.51,5795969.0,83.76406043093257,83.76406043093257,83.33694914499202,83.33694914499202,5795969.0
2014-05-05,False,daily,99.29,100.17,99.04,100.0,5438240.0,83.1527050608608,83.88968139738569,82.94333678343894,83.74731096873883,5438240.0
2014-05-02,False,daily,100.17,100.38,98.88,99.31,8744242.0,83.88968139738569,84.06555075042003,82.80934108588895,83.16945452305454,8744242.0
2014-05-01,False,daily,100.77,101.03,99.93,100.53,6590499.0,84.39216526319812,84.60990827171685,83.68868785106072,84.19117171687314,6590499.0
2014-04-30,False,daily,100.84,101.67,100.7,101.29,8519913.0,84.45078838087623,85.14589106191677,84.33354214552,84.82765128023557,8519913.0
2014-04-29,False,daily,101.63,101.98,100.96,101.03,7811264.0,85.11239213752927,85.40550772591986,84.55128515403872,84.60990827171685,7811264.0
2014-04-28,False,daily,100.56,101.5,100.1201,101.34,8793329.0,84.21629591016377,85.00352063326991,83.84789148921229,84.86952493571994,8793329.0
2014-04-25,False,daily,99.97,100.26,99.4,99.79,5897880.0,83.72218677544821,83.96505397725755,83.24482710292641,83.57144161570449,5897880.0
2014-04-24,False,daily,100.24,100.37,99.55,99.96,6154027.0,83.9483045150638,84.05717601932317,83.3704480693795,83.71381204435133,6154027.0
2014-04-23,False,daily,100.24,100.56,99.92,100.22,5880223.0,83.9483045150638,84.21629591016377,83.68031311996384,83.93155505287005,5880223.0
2014-04-22,False,daily,100.0,100.75,99.74,100.18,7937911.0,83.74731096873883,84.37541580100437,83.5295679602201,83.89805612848257,7937911.0
2014-04-21,False,daily,99.01,100.13,98.67,100.0,7032062.0,82.91821259014831,83.85618247299819,82.6334717328546,83.74731096873883,7032062.0
2014-04-17,False,daily,98.69,99.65,98.69,98.96,9153584.0,82.65022119504835,83.45419538034825,82.65022119504835,82.87633893466395,9153584.0
2014-04-16,False,daily,99.57,99.71,98.07,98.75,11308070.0,83.38719753157325,83.50444376692948,82.13098786704217,82.70046958162959,11308070.0
2014-04-15,False,daily,98.45,99.21,98.05,99.2,14005235.0,82.44922764872338,83.0857072120858,82.11423840484842,83.07733248098893,14005235.0
2014-04-14,False,daily,97.28,97.36,96.25,97.14,8617844.0,81.46938411038913,81.53638195916413,80.60678680741113,81.3521378750329,8617844.0
2014-04-11,False,daily,96.2,97.199,96.05,96.87,8711166.0,80.56491315192676,81.40154878850446,80.43929218547365,81.1260201354173,8711166.0
2014-04-10,False,daily,98.86,98.93,96.52,96.54,9668076.0,82.7925916236952,82.85121474137333,80.83290454702671,80.84965400922047,9668076.0
2014-04-09,False,daily,98.42,99.0,97.78,98.95,8921922.0,82.42410345543276,82.90983785905144,81.88812066523283,82.86796420356707,8921922.0
2014-04-08,False,daily,98.03,98.725,97.5,98.06,9601881.0,82.09748894265468,82.6795327538874,81.65362819452037,82.1226131359453,9601881.0
2014-04-07,False,daily,98.39,99.36,97.83,97.89,11410399.0,82.39897926214213,83.2113281785389,81.9299943207172,81.98024270729844,11410399.0
2014-04-04,False,daily,98.62,99.38,98.32,98.42,10309687.0,82.59159807737024,83.22807764073265,82.34035614446401,82.42410345543276,10309687.0
2014-04-03,False,daily,97.97,98.34,97.53,98.26,5476117.0,82.04724055607343,82.35710560665777,81.67875238781099,82.29010775788278,5476117.0
2014-04-02,False,daily,98.01,98.39,97.37,98.23,7995623.0,82.08073948046093,82.39897926214213,81.544756690261,82.26498356459216,7995623.0
2014-04-01,False,daily,98.31,98.68,97.37,97.94,7068696.0,82.33198141336715,82.64184646395148,81.544756690261,82.02211636278281,7068696.0
2014-03-31,False,daily,98.0,98.6,97.61,98.23,7545682.0,82.07236474936406,82.57484861517648,81.74575023658598,82.26498356459216,7545682.0
2014-03-28,False,daily,97.51,98.22,96.96,97.44,8815993.0,81.66200292561724,82.25660883349528,81.20139271528916,81.60337980793912,8815993.0
2014-03-27,False,daily,97.08,97.7,96.26,97.28,8694613.0,81.30188948845165,81.82112281645784,80.615161538508,81.46938411038913,8694613.0
2014-03-26,False,daily,97.51,98.47,97.05,97.05,11215165.0,81.66200292561724,82.46597711091712,81.27676529516103,81.27676529516103,11215165.0
2014-03-25,False,daily,95.7,97.7,95.7,97.38,14167327.0,80.14617659708307,81.82112281645784,80.14617659708307,81.55313142135788,14167327.0
2014-03-24,False,daily,95.3,95.43,94.54,95.2,13949809.0,79.8111873532081,79.92005885746747,79.1747077898457,79.72744004223937,13949809.0
2014-03-21,False,daily,94.77,95.93,93.88,95.93,24005402.0,79.36732660507379,80.33879541231117,78.62197553745202,80.33879541231117,24005402.0
2014-03-20,False,daily,93.52,94.19,92.96,94.12,5727520.0,78.32048521796455,78.8815922014551,77.85150027653961,78.822969083777,5727520.0
2014-03-19,False,daily,93.89,94.36,92.92,93.59,5937603.0,78.6303502685489,79.02396263010196,77.81800135215212,78.37910833564267,5937603.0
2014-03-18,False,daily,93.9,94.24,93.48,93.94,5891904.0,78.63872499964576,78.92346585693947,78.28698629357706,78.67222392403326,5891904.0
2014-03-17,False,daily,93.26,94.18,93.18,93.93,5876845.0,78.10274220944584,78.87321747035824,78.03574436067085,78.66384919293638,5876845.0
2014-03-14,False,daily,92.88,93.44,92.46,92.81,7337843.0,77.78450242776462,78.25348736918956,77.43276372169592,77.72587931008651,7337843.0
2014-03-13,False,daily,93.85,94.2,92.98,93.0,7659366.0,78.5968513441614,78.88996693255199,77.86824973873337,77.88499920092711,7659366.0
2014-03-12,False,daily,92.82,93.62,92.65,93.6,6159381.0,77.73425404118338,78.40423252893329,77.59188361253653,78.38748306673953,6159381.0
2014-03-11,False,daily,93.71,93.75,93.09,93.49,5837194.0,78.47960510880516,78.51310403319265,77.96037178079898,78.29536102467392,5837194.0
2014-03-10,False,daily,93.17,93.49,92.79,93.45,4880978.0,78.02736962957397,78.29536102467392,77.70912984789277,78.26186210028644,4880978.0
2014-03-07,False,daily,93.37,93.48,92.6901,93.32,6792275.0,78.19486425151145,78.28698629357706,77.62546628423499,78.15299059602707,6792275.0
2014-03-06,False,daily,93.19,93.65,92.82,92.89,7718786.0,78.04411909176771,78.42935672222391,77.73425404118338,77.7928771588615,7718786.0
2014-03-05,False,daily,93.27,93.3,92.38,92.59,6843672.0,78.1111169405427,78.13624113383332,77.36576587292093,77.54163522595529,6843672.0
2014-03-04,False,daily,92.47,93.46,92.25,93.34,8796989.0,77.4411384527928,78.2702368313833,77.25689436866158,78.16974005822082,8796989.0
2014-03-03,False,daily,91.13,91.98,90.83,91.56,7506786.0,76.31892448581169,77.03077662904597,76.06768255290548,76.67903792297727,7506786.0
2014-02-28,False,daily,91.42,92.64,91.06,92.12,9644505.0,76.56179168762104,77.58350888143966,76.26030136813358,77.14802286440221,9644505.0
2014-02-27,False,daily,91.16,91.42,90.75,91.36,7040593.0,76.34404867910231,76.56179168762104,76.00068470413049,76.5115433010398,7040593.0
2014-02-26,False,daily,91.11,91.54,90.77,91.11,6334213.0,76.30217502361795,76.66228846078353,76.01743416632424,76.30217502361795,6334213.0
2014-02-25,False,daily,91.59,91.87,90.66,91.11,6387063.0,76.7041621162679,76.93865458698036,75.92531212425862,76.30217502361795,6387063.0
2014-02-24,False,daily,91.45,92.06,91.1,91.11,8407203.0,76.58691588091166,77.09777447782096,76.29380029252107,76.30217502361795,8407203.0
2014-02-21,False,daily,91.86,92.245,91.45,91.52,7381439.0,76.93027985588348,77.25270700311314,76.58691588091166,76.64553899858977,7381439.0
2014-02-20,False,daily,91.69,92.73,91.31,92.38,8160140.0,76.23930561448522,77.10405507286742,75.92333946623017,76.81303362052725,8160140.0
2014-02-19,False,daily,92.15,92.75,91.57,91.64,7693621.0,76.62179095184658,77.120684870144,76.13952683082573,76.19773112129377,7693621.0
2014-02-18,False,daily,92.77,92.85,92.09,92.17,6935397.0,77.13731466742058,77.2038338565269,76.57190156001684,76.63842074912316,6935397.0
2014-02-14,False,daily,92.6,92.945,92.0282,92.76,5524615.0,76.99596139056965,77.28282539359067,76.5205154864322,77.12899976878231,5524615.0
2014-02-13,False,daily,92.0,92.62,91.71,92.56,5926351.0,76.49706747227222,77.01259118784624,76.2559354117618,76.96270179601649,5926351.0
2014-02-12,False,daily,92.95,92.99,91.95,92.42,7699343.0,77.28698284290982,77.32024243746297,76.45549297908077,76.84629321508042,7699343.0
2014-02-11,False,daily,91.09,92.97,90.95,92.97,11581143.0,75.74041169618779,77.3036126401864,75.62400311525172,77.3036126401864,11581143.0
2014-02-10,False,daily,90.24,91.08,89.8,91.07,8080445.0,75.0336453119331,75.7320967975495,74.66778977184832,75.7237818989112,8080445.0
2014-02-07,False,daily,88.92,90.04,88.61,90.04,9526254.0,73.93607869167876,74.8673473391673,73.67831683389176,74.8673473391673,9526254.0
2014-02-06,False,daily,87.63,88.76,87.55,88.75,10038015.0,72.86345676733929,73.80304031346611,72.79693757823297,73.79472541482782,10038015.0
2014-02-05,False,daily,86.49,87.67,86.48,87.28,10678430.0,71.91555832257417,72.89671636189246,71.9072434239359,72.57243531499913,10678430.0
2014-02-04,False,daily,86.93,87.28,86.09,86.62,11438774.0,72.28141386265897,72.57243531499913,71.58296237704256,72.02365200487196,11438774.0
2014-02-03,False,daily,88.75,88.78,86.61,86.78,13950813.0,73.79472541482782,73.81967011074269,72.01533710623366,72.15669038308461,13950813.0
2014-01-31,False,daily,89.01,89.34,88.15,88.47,12198893.0,74.01091277942338,74.28530443448696,73.2958314965304,73.56190825295569,12198893.0
2014-01-30,False,daily,89.62,89.78,89.01,89.5,6876827.0,74.5181215963591,74.65115997457174,74.01091277942338,74.4183428126996,6876827.0
2014-01-29,False,daily,89.47,89.71,88.53,88.9,11168264.0,74.39339811678474,74.5929556841037,73.61179764478543,73.91944889440218,11168264.0
2014-01-28,False,daily,90.58,90.6,89.79,90.1,8279490.0,75.31635186563497,75.33298166291155,74.65947487321003,74.91723673099703,8279490.0
2014-01-27,False,daily,90.3,90.76,89.85,89.94,8692336.0,75.08353470376284,75.46602004112421,74.70936426503977,74.78419835278439,8692336.0
2014-01-24,False,daily,92.12,92.61,90.61,90.61,10661597.0,76.59684625593171,77.00427628920794,75.34129656154985,75.34129656154985,10661597.0
2014-01-23,False,daily,93.74,93.8,92.41,92.74,9322328.0,77.94385983533476,77.9937492271645,76.83797831644213,77.11236997150571,9322328.0
2014-01-22,False,daily,93.99,94.55,93.54,94.32,8897354.0,78.15173230129201,78.61736662503628,77.77756186256896,78.4261239563556,8897354.0
2014-01-21,False,daily,94.93,95.1,92.62,94.03,16368694.0,78.93333277329133,79.07468605014226,77.01259118784624,78.18499189584519,16368694.0
2014-01-17,False,daily,94.72,95.17,94.38,95.06,13815121.0,78.75871990188722,79.1328903406103,78.47601334818535,79.0414264555891,13815121.0
2014-01-16,False,daily,94.6,95.0884,94.23,94.64,8401397.0,78.65894111822773,79.06504076772184,78.35128986861099,78.6922007127809,8401397.0
2014-01-15,False,daily,94.65,95.2701,94.51,94.8,7423588.0,78.70051561141919,79.21612247597959,78.58410703048312,78.82523909099355,7423588.0
2014-01-14,False,daily,94.6,94.9,94.32,94.72,7567457.0,78.65894111822773,78.90838807737646,78.4261239563556,78.75871990188722,7567457.0
2014-01-13,False,daily,94.37,94.99,94.06,94.5,9594869.0,78.46769844954706,78.98322216512106,78.20993659176006,78.57579213184484,9594869.0
2014-01-10,False,daily,94.64,94.975,94.14,94.74,6700178.0,78.6922007127809,78.97074981716362,78.27645578086639,78.7753496991638,6700178.0
2014-01-09,False,daily,94.94,95.38,94.09,94.73,7952774.0,78.94164767192962,79.3075032120144,78.23488128767492,78.76703480052552,7952774.0
2014-01-08,False,daily,94.17,94.6,93.88,94.16,9097188.0,78.30140047678125,78.65894111822773,78.06026841627083,78.29308557814296,9097188.0
2014-01-07,False,daily,93.04,94.62,92.99,94.29,11089742.0,77.36181693065443,78.67557091550432,77.32024243746297,78.40117926044074,11089742.0
2014-01-06,False,daily,91.93,92.75,91.87,92.33,7467811.0,76.4388631818042,77.120684870144,76.38897378997444,76.7714591273358,7467811.0
2014-01-03,False,daily,91.29,92.22,91.26,91.85,5637762.0,75.90670966895361,76.6799952423146,75.88176497303873,76.37234399269786,5637762.0
2014-01-02,False,daily,91.14,91.73,91.01,91.03,5921167.0,75.78198618937924,76.27256520903838,75.67389250708148,75.69052230435804,5921167.0
2015-12-31,False,daily,103.37,103.62,102.69,102.72,4592603.0,90.95215127420894,91.1721187485105,90.3538397441087,90.38023584102488,4592603.0
2015-12-30,False,daily,104.11,104.34,103.53,103.78,3847819.0,91.60325499814155,91.80562507449899,91.09293045776194,91.31289793206349,3847819.0
2015-12-29,False,daily,103.34,104.185,103.34,104.03,4229973.0,90.92575517729276,91.66924524043202,90.92575517729276,91.53286540636505,4229973.0
2015-12-28,False,daily,103.18,103.47,102.925,103.22,4062986.0,90.78497599373975,91.04013826392956,90.56060916995216,90.820170789628,4062986.0
2015-12-24,False,daily,103.12,103.91,103.01,103.72,2546278.0,90.73218379990738,91.4272810187003,90.6353981112147,91.26010573823112,2546278.0
2015-12-23,False,daily,103.11,103.67,102.74,103.49,5531671.0,90.72338510093532,91.2161122433708,90.397833238969,91.05773566187368,5531671.0
2015-12-22,False,daily,101.91,102.88,101.15,102.71,5581632.0,89.66754122428782,90.52101502457788,88.9988401024111,90.37143714205281,5581632.0
2015-12-21,False,daily,102.34,102.92,100.85,101.58,8321937.0,90.04588528008651,90.55620982046612,88.73487913324921,89.37718415820977,8321937.0
2015-12-18,False,daily,103.08,103.08,101.95,101.95,14966025.0,90.69698900401913,90.69698900401913,89.70273602017608,89.70273602017608,14966025.0
2015-12-17,False,daily,105.16,105.26,103.63,103.64,8740832.0,92.5271183902081,92.61510537992874,91.18091744748256,91.18971614645461,8740832.0
2015-12-16,False,daily,104.64,105.49,103.52,105.25,8178826.0,92.06958604366086,92.81747545628616,91.08413175878987,92.60630668095666,8178826.0
2015-12-15,False,daily,102.65,104.69,102.65,104.13,9283193.0,90.31864494822045,92.11357953852117,90.31864494822045,91.62085239608567,9283193.0
2015-12-14,False,daily,101.645,102.29,100.78,102.15,10641483.0,89.43437570152817,90.0018917852262,88.67328824044478,89.87870999961733,10641483.0
2015-12-11,False,daily,102.37,102.37,101.43,101.68,7796547.0,90.0722813770027,90.0722813770027,89.24520367362884,89.46517114793039,7796547.0
2015-12-10,False,daily,102.3,103.34,101.8,102.64,6479272.0,90.01069048419825,90.92575517729276,89.57075553559514,90.30984624924838,6479272.0
2015-12-09,False,daily,102.14,103.34,101.67,102.15,7947010.0,89.86991130064526,90.92575517729276,89.45637244895833,89.87870999961733,7947010.0
2015-12-08,False,daily,102.98,103.24,101.9103,102.42,8005368.0,90.60900201429851,90.83776818757212,89.667805185257,90.11627487186301,8005368.0
2015-12-07,False,daily,102.61,103.49,102.6,103.32,7262911.0,90.2834501523322,91.05773566187368,90.27465145336012,90.90815777934861,7262911.0
2015-12-04,False,daily,101.4,103.0,101.28,102.95,7845387.0,89.21880757671265,90.62659941224263,89.1132231890479,90.58260591738232,7845387.0
2015-12-03,False,daily,102.27,102.37,100.31,100.79,12008737.0,89.98429438728206,90.0722813770027,88.25974938875784,88.68208693941685,12008737.0
2015-12-02,False,daily,102.5,102.93,101.99,102.05,6623500.0,90.1866644636395,90.5650085194382,89.73793081606432,89.7907230098967,6623500.0
2015-12-01,False,daily,101.73,102.49,101.12,102.36,7545986.0,89.50916464279071,90.17786576466744,88.9724440054949,90.06348267803064,7545986.0
2015-11-30,False,daily,102.48,102.48,101.24,101.24,8983655.0,90.16906706569539,90.16906706569539,89.07802839315964,89.07802839315964,8983655.0
2015-11-27,False,daily,102.28,102.62,101.79,102.37,2353779.0,89.99309308625413,90.29224885130427,89.56195683662308,90.0722813770027,2353779.0
2015-11-25,False,daily,102.17,102.33,101.96,101.96,5401491.0,89.89630739756144,90.03708658111445,89.71153471914813,89.71153471914813,5401491.0
2015-11-24,False,daily,101.81,102.79,101.81,102.04,7492381.0,89.5795542345672,90.44182673382932,89.5795542345672,89.78192431092464,7492381.0
2015-11-23,False,daily,102.39,103.0,102.19,102.77,6730605.0,90.08987877494683,90.62659941224263,89.91390479550557,90.42422933588519,6730605.0
2015-11-20,False,daily,102.49,102.8,102.2,102.48,7671517.0,90.17786576466744,90.45062543280137,89.92270349447764,90.16906706569539,7671517.0
2015-11-19,False,daily,102.66,102.68,102.06,102.49,5164480.0,89.66644664518843,89.68391526912087,89.14238792721538,89.51796334176272,5164480.0
2015-11-18,False,daily,101.53,102.8,101.31,102.67,7148429.0,88.67946939300586,89.78872701271547,88.48731452974907,89.67518095715465,7148429.0
2015-11-17,False,daily,101.34,101.71,100.88,101.5,5124025.0,88.51351746564772,88.83668700839776,88.11173911520171,88.65326645710721,5124025.0
2015-11-16,False,daily,100.38,101.29,100.04,101.22,5755804.0,87.67502351689085,88.46984590581664,87.37805691003946,88.40870572205311,5755804.0
2015-11-13,False,daily,100.04,100.94,99.74,99.88,8517537.0,87.37805691003946,88.16414498699902,87.11602755105292,87.23830791857998,8517537.0
2015-11-12,False,daily,101.14,101.605,100.22,100.27,6918671.0,88.33883122632338,88.74497673275249,87.53527452543136,87.57894608526246,6918671.0
2015-11-11,False,daily,101.78,102.355,101.5,101.86,6284749.0,88.89782719216129,89.4000501302188,88.65326645710721,88.96770168789104,6284749.0
2015-11-10,False,daily,101.0,101.76,100.68,101.45,5114204.0,88.21655085879632,88.88035856822886,87.93705287587738,88.60959489727612,5114204.0
2015-11-09,False,daily,101.39,101.59,100.55,100.84,6625850.0,88.5571890254788,88.73187526480316,87.82350682031654,88.07680186733685,6625850.0
2015-11-06,False,daily,101.57,101.92,100.86,101.92,6221110.0,88.71440664087072,89.02010755968834,88.09427049126928,89.02010755968834,6221110.0
2015-11-05,False,daily,102.25,102.49,101.42,102.33,6545590.0,89.30833985457352,89.51796334176272,88.58339196137746,89.37821435030325,6545590.0
2015-11-04,False,daily,101.9,102.39,101.69,101.94,5592309.0,89.00263893575591,89.43062022210056,88.81921838446533,89.03757618362077,5592309.0
2015-11-03,False,daily,101.84,102.3,101.11,101.96,6229192.0,88.9502330639586,89.3520114144046,88.31262829042473,89.0550448075532,6229192.0
2015-11-02,False,daily,101.18,102.34,100.84,102.17,6297939.0,88.37376847418825,89.38694866226948,88.07680186733685,89.23846535884377,6297939.0
2015-10-30,False,daily,101.53,102.12,101.01,101.03,10520339.0,88.67946939300586,89.19479379901269,88.22528517076255,88.24275379469498,10520339.0
2015-10-29,False,daily,100.47,101.53,100.12,101.37,6340702.0,87.7536323245868,88.67946939300586,87.4479314057692,88.53972040154638,6340702.0
2015-10-28,False,daily,100.45,100.48,99.5,100.48,7256317.0,87.73616370065437,87.76236663655303,86.90640406386372,87.76236663655303,7256317.0
2015-10-27,False,daily,99.92,100.9,99.7,100.19,8883164.0,87.27324516644485,88.12920773913416,87.08109030318806,87.50907158953271,8883164.0
2015-10-26,False,daily,100.05,100.28,99.49,99.94,7561604.0,87.38679122200567,87.58768039722868,86.8976697518975,87.29071379037728,7561604.0
2015-10-23,False,daily,99.88,100.88,99.53,100.31,9178873.0,87.23830791857998,88.11173911520171,86.93260699976237,87.61388333312733,9178873.0
2015-10-22,False,daily,97.85,99.81,97.13,99.53,9887929.0,85.46524258943782,87.17716773481645,84.83637212787016,86.93260699976237,9887929.0
2015-10-21,False,daily,97.64,98.22,97.07,97.63,7093295.0,85.28182203814727,85.78841213218787,84.78396625607286,85.27308772618105,7093295.0
2015-10-20,False,daily,97.95,98.25,97.31,97.59,6041789.0,85.55258570910001,85.81461506808652,84.99358974326209,85.23815047831619,6041789.0
2015-10-19,False,daily,98.05,98.2,97.31,97.94,8725430.0,85.63992882876218,85.77094350825544,84.99358974326209,85.54385139713379,8725430.0
2015-10-16,False,daily,97.87,98.31,97.4,98.24,9495256.0,85.48271121337027,85.86702093988383,85.07219855095805,85.8058807561203,9495256.0
2015-10-15,False,daily,95.0,97.35,94.86,97.15,9561891.0,82.97596367906586,85.02852699112695,82.85368331153882,84.85384075180261,9561891.0
2015-10-14,False,daily,95.21,95.96,94.12,94.53,8881871.0,83.15938423035642,83.81445762782272,82.20734422603873,82.56545101665364,8881871.0
2015-10-13,False,daily,94.79,96.23,94.31,95.45,12761886.0,82.79254312777529,84.0502840509106,82.37329615339685,83.36900771754564,12761886.0
2015-10-12,False,daily,95.07,96.47,94.98,95.99,8957937.0,83.03710386282937,84.25990753809982,82.95849505513343,83.84066056372139,8957937.0
2015-10-09,False,daily,95.14,95.96,94.7775,95.37,8259654.0,83.0982440465929,83.81445762782272,82.78162523781752,83.29913322181591,8259654.0
2015-10-08,False,daily,94.71,95.195,93.81,95.08,7090710.0,82.72266863204554,83.14628276240708,81.93658055508598,83.04583817479559,7090710.0
2015-10-07,False,daily,94.26,95.42,93.44,94.98,9466389.0,82.32962459356577,83.34280478164699,81.61341101233593,82.95849505513343,9466389.0
2015-10-06,False,daily,94.52,94.66,92.58,93.42,8365247.0,82.55671670468742,82.67899707221446,80.86226018324123,81.5959423884035,8365247.0
2015-10-05,False,daily,94.19,94.82,94.075,94.76,9419198.0,82.26848440980224,82.81874606367394,82.16803982219075,82.76634019187664,9419198.0
2015-10-02,False,daily,92.14,93.97,91.84,93.93,8368056.0,80.47795045672767,82.07632954654545,80.21592109774114,82.04139229868059,8368056.0
2015-10-01,False,daily,93.43,93.85,91.76,93.17,9675937.0,81.60467670036972,81.97151780295084,80.14604660201141,81.37758458924806,9675937.0
2015-09-30,False,daily,94.13,94.47,92.59,93.35,10970101.0,82.21607853800494,82.51304514485633,80.87099449520746,81.53480220463997,10970101.0
2015-09-29,False,daily,92.24,93.84,91.83,93.04,11519966.0,80.56529357638983,81.96278349098463,80.20718678577492,81.26403853368724,11519966.0
2015-09-28,False,daily,90.7,92.07,89.9,91.37,14332752.0,79.22020953359235,80.41681027296413,78.52146457629496,79.80540843532893,14332752.0
2015-09-25,False,daily,92.93,93.125,90.76,91.0,10794367.0,81.16796110205885,81.33828018540008,79.27261540538966,79.48223889257888,10794367.0
2015-09-24,False,daily,92.52,92.94,91.775,92.48,7407588.0,80.80985431144393,81.17669541402506,80.15914806996074,80.77491706357905,7407588.0
2015-09-23,False,daily,93.21,93.7,92.56,92.99,5609270.0,81.41252183711292,81.8405031234576,80.8447915593088,81.22036697385614,5609270.0
2015-09-22,False,daily,92.26,93.44,91.8799,93.24,10618668.0,80.58276220032228,81.61341101233593,80.25077100248635,81.43872477301157,10618668.0
2015-09-21,False,daily,93.87,94.6,92.37,93.13,7053655.0,81.98898642688329,82.62659120041715,80.67883963195067,81.34264734138318,7053655.0
2015-09-18,False,daily,94.08,94.7185,93.25,93.39,14211147.0,82.17240697817385,82.73009279721684,81.4474590849778,81.56973945250485,14211147.0
2015-09-17,False,daily,94.53,96.19,94.32,94.84,8258048.0,82.56545101665364,84.01534680304573,82.38203046536306,82.83621468760637,8258048.0
2015-09-16,False,daily,94.49,94.82,93.82,94.61,5630442.0,82.53051376878877,82.81874606367394,81.94531486705219,82.63532551238337,5630442.0
2015-09-15,False,daily,93.79,94.745,93.19,94.4,7030679.0,81.91911193115355,82.75323872392731,81.39505321318049,82.45190496109281,7030679.0
2015-09-14,False,daily,92.9,93.91,92.51,93.32,7948727.0,81.14175816616019,82.02392367474815,80.8011199994777,81.50859926874132,7948727.0
2015-09-11,False,daily,92.44,93.0,91.8,92.93,7381327.0,80.73997981571418,81.22910128582237,80.18098384987627,81.16796110205885,7381327.0
2015-09-10,False,daily,92.11,93.48,91.615,92.72,8359464.0,80.451747520829,81.6483482602008,80.01939907850124,80.98454055076827,8359464.0
2015-09-09,False,daily,94.99,95.16,92.03,92.22,7384549.0,82.96722936709963,83.11571267052533,80.38187302509927,80.5478249524574,7384549.0
2015-09-08,False,daily,93.09,93.98,92.51,93.94,11394069.0,81.30771009351832,82.08506385851167,80.8011199994777,82.0501266106468,11394069.0
2015-09-04,False,daily,91.58,91.88,90.5728,91.31,10997186.0,79.98882898661948,80.250858345606,79.10910908538206,79.75300256353161,10997186.0
2015-09-03,False,daily,93.66,94.09,92.26,92.64,9027240.0,81.8055658755927,82.18114129014008,80.58276220032228,80.91466605503854,9027240.0
2015-09-02,False,daily,93.17,93.47,92.5,93.35,11517391.0,81.37758458924806,81.63961394823458,80.79238568751148,81.53480220463997,11517391.0
2015-09-01,False,daily,92.29,92.89,91.4601,92.09,14593543.0,80.60896513622093,81.13302385419397,79.88410458614453,80.43427889689657,14593543.0
2015-08-31,False,daily,94.88,95.17,93.58,93.98,9083511.0,82.87115193547125,83.12444698249155,81.73569137986297,82.08506385851167,9083511.0
2015-08-28,False,daily,95.93,96.29,94.38,95.17,9200294.0,83.78825469192408,84.10268992270791,82.43443633716036,83.12444698249155,9200294.0
2015-08-27,False,daily,96.1,96.4,94.35,96.22,11131225.0,83.93673799534977,84.1987673543363,82.40823340126171,84.04154973894438,11131225.0
2015-08-26,False,daily,92.91,95.22,91.46,95.11,14738289.0,81.15049247812641,83.16811854232263,79.88401724302487,83.07204111069424,14738289.0
2015-08-25,False,daily,95.69,95.7,90.4,90.73,15671123.0,83.57863120473486,83.58736551670108,78.95818017460583,79.246412469491,15671123.0
2015-08-24,False,daily,91.08,95.21,81.79,92.82,25636323.0,79.55211338830861,83.15938423035642,71.4379375716926,81.07188367043044,25636323.0
2015-08-21,False,daily,97.22,98.52,95.51,95.56,16141529.0,84.91498093556613,86.0504414911744,83.42141358934295,83.46508514917403,16141529.0
2015-08-20,False,daily,98.95,100.1199,98.79,98.79,10620430.0,85.76988255326408,86.78395213991455,85.63119451679594,85.63119451679594,10620430.0
2015-08-19,False,daily,99.18,99.99,98.78,99.31,7642360.0,85.96924660568703,86.67135479030696,85.62252651451668,86.08193063531739,7642360.0
2015-08-18,False,daily,99.24,99.68,99.02,99.37,7618826.0,86.02125461936257,86.40264671964997,85.83055856921888,86.13393864899294,7618826.0
2015-08-17,False,daily,98.44,99.88,98.06,99.87,6901809.0,85.32781443702189,86.57600676523512,84.99843035041006,86.56733876295587,6901809.0
2015-08-14,False,daily,98.33,98.825,97.8728,98.81,5177310.0,85.23246641195004,85.66153252477335,84.83616534774234,85.64853052135446,5177310.0
2015-08-13,False,daily,98.74,98.98,98.15,98.48,5047960.0,85.58785450539963,85.79588656010185,85.07644237092339,85.36248644613893,5047960.0
2015-08-12,False,daily,98.4,98.73,97.41,98.71,7607491.0,85.29314242790485,85.57918650312038,84.43501020225824,85.56185049856187,7607491.0
2015-08-11,False,daily,99.05,99.34,98.77,99.01,6682636.0,85.85656257605666,86.10793464215517,85.61385851223741,85.82189056693963,6682636.0
2015-08-10,False,daily,99.57,100.06,99.45,99.79,6133458.0,86.30729869457811,86.73203080626179,86.20328266722701,86.49799474472181,6133458.0
2015-08-07,False,daily,99.02,99.07,98.16,98.85,6027855.0,85.83055856921888,85.87389858061518,85.08511037320264,85.68320253047149,6027855.0
2015-08-06,False,daily,100.49,100.6,99.01,99.07,6987963.0,87.1047549042699,87.20010292934174,85.82189056693963,85.87389858061518,6987963.0
2015-08-05,False,daily,100.57,101.0,100.35,100.52,4571280.0,87.17409892250397,87.5468230205121,86.98340287236027,87.13075891110768,4571280.0
2015-08-04,False,daily,100.41,100.5,99.65,99.8,6005340.0,87.03541088603583,87.11342290654916,86.37664271281218,86.50666274700106,6005340.0
2015-08-03,False,daily,100.0,100.21,99.23,100.02,6172519.0,86.68002279258623,86.86205084045066,86.01258661708331,86.69735879714474,6172519.0
2015-07-31,False,daily,100.34,100.98,99.96,100.21,6216815.0,86.97473487008102,87.52948701595358,86.6453507834692,86.86205084045066,6216815.0
2015-07-30,False,daily,99.8,100.0,99.38,99.84,5517401.0,86.50666274700106,86.68002279258623,86.14260665127219,86.54133475611809,5517401.0
2015-07-29,False,daily,99.26,100.05,99.05,99.73,7853488.0,86.0385906239211,86.72336280398252,85.85656257605666,86.44598673104625,7853488.0
2015-07-28,False,daily,98.89,99.23,98.42,99.02,7757505.0,85.71787453958852,86.01258661708331,85.31047843246337,85.83055856921888,7757505.0
2015-07-27,False,daily,98.97,98.99,97.915,98.28,8733993.0,85.7872185578226,85.8045545623811,84.87274431736081,85.18912640055375,8733993.0
2015-07-24,False,daily,99.75,99.95,99.05,99.15,6524173.0,86.46332273560476,86.63668278118995,85.85656257605666,85.94324259884925,6524173.0
2015-07-23,False,daily,100.5,100.6,100.0,100.2,5016148.0,87.11342290654916,87.20010292934174,86.68002279258623,86.8533828381714,5016148.0
2015-07-22,False,daily,100.41,100.71,99.73,100.18,6721856.0,87.03541088603583,87.29545095441358,86.44598673104625,86.8360468336129,6721856.0
2015-07-21,False,daily,100.6,100.81,100.07,100.34,5891640.0,87.20010292934174,87.38213097720619,86.74069880854104,86.97473487008102,5891640.0
2015-07-20,False,daily,100.5,100.65,100.1,100.37,5016152.0,87.11342290654916,87.24344294073805,86.7667028153788,87.0007388769188,5016152.0
2015-07-17,False,daily,100.89,100.91,99.96,100.08,8054183.0,87.45147499544025,87.46881099999877,86.6453507834692,86.7493668108203,8054183.0
2015-07-16,False,daily,100.95,101.36,100.78,101.11,5774981.0,87.5034830091158,87.8588711025654,87.35612697036841,87.64217104558394,5774981.0
2015-07-15,False,daily,99.76,100.94,99.63,100.42,7990325.0,86.47199073788403,87.49481500683655,86.35930670825365,87.0440788883151,7990325.0
2015-07-14,False,daily,99.26,99.88,98.55,99.78,9890556.0,86.0385906239211,86.57600676523512,85.42316246209373,86.48932674244254,9890556.0
2015-07-13,False,daily,100.05,100.48,99.87,100.27,6986321.0,86.72336280398252,87.09608690199065,86.56733876295587,86.91405885412621,6986321.0
2015-07-10,False,daily,99.78,99.89,99.09,99.53,6969285.0,86.48932674244254,86.58467476751439,85.8912345851737,86.27262668546108,6969285.0
2015-07-09,False,daily,99.05,99.5398,98.4,98.4,7316390.0,85.85656257605666,86.28112132769475,85.29314242790485,85.29314242790485,7316390.0
2015-07-08,False,daily,98.42,98.59,97.69,97.77,6845543.0,85.31047843246337,85.45783447121077,84.67771426607749,84.74705828431155,6845543.0
2015-07-07,False,daily,98.63,98.98,97.52,98.92,7122569.0,85.49250648032779,85.79588656010185,84.53035822733008,85.7438785464263,7122569.0
2015-07-06,False,daily,97.71,98.5,96.64,98.2,6817796.0,84.695050270636,85.37982245069743,83.76757402675534,85.11978238231968,6817796.0
2015-07-02,False,daily,98.85,99.02,98.32,98.44,6091886.0,85.68320253047149,85.83055856921888,85.22379840967078,85.32781443702189,6091886.0
2015-07-01,False,daily,98.3,98.675,97.64,98.47,6726694.0,85.20646240511226,85.53151249058446,84.63437425468119,85.35381844385967,6726694.0
2015-06-30,False,daily,98.43,98.45,97.3,97.46,8967911.0,85.31914643474263,85.33648243930115,84.3396621771864,84.47835021365454,8967911.0
2015-06-29,False,daily,98.98,99.35,97.62,97.68,11150902.0,85.79588656010185,86.11660264443442,84.61703825012269,84.66904626379824,11150902.0
2015-06-26,False,daily,99.43,100.13,99.12,99.64,9041052.0,86.1859466626685,86.79270682221659,85.91723859201147,86.36797471053292,9041052.0
2015-06-25,False,daily,99.5,99.98,99.11,99.12,6581098.0,86.2466226786233,86.66268678802771,85.90857058973221,85.91723859201147,6581098.0
2015-06-24,False,daily,99.51,99.81,99.07,99.33,7254699.0,86.25529068090256,86.51533074928032,85.87389858061518,86.0992666398759,7254699.0
2015-06-23,False,daily,100.1,100.36,99.48,99.78,6046627.0,86.7667028153788,86.99207087463954,86.22928667406478,86.48932674244254,6046627.0
2015-06-22,False,daily,100.6,100.84,99.99,100.09,5055871.0,87.20010292934174,87.40813498404395,86.67135479030696,86.75803481309956,5055871.0
2015-06-19,False,daily,99.88,100.2,99.78,99.86,11653584.0,86.57600676523512,86.8533828381714,86.48932674244254,86.5586707606766,11653584.0
2015-06-18,False,daily,98.86,100.55,98.71,100.36,8815756.0,85.69187053275074,87.15676291794546,85.56185049856187,86.99207087463954,8815756.0
2015-06-17,False,daily,98.38,99.1199,98.15,98.73,6155753.0,85.27580642334632,85.91715191198868,85.07644237092339,85.57918650312038,6155753.0
2015-06-16,False,daily,97.5,98.49,97.1,98.36,6049522.0,84.51302222277158,85.37115444841818,84.16630213160123,85.25847041878782,6049522.0
2015-06-15,False,daily,97.75,97.87,97.01,97.49,6833452.0,84.72972227975303,84.83373830710414,84.0882901110879,84.50435422049232,6833452.0
2015-06-12,False,daily,98.88,99.229,98.12,98.35,8717217.0,85.70920653730926,86.01171981685539,85.05043836408561,85.24980241650856,8717217.0
2015-06-11,False,daily,99.2,99.8,98.83,99.24,6175188.0,85.98658261024555,86.50666274700106,85.66586652591297,86.02125461936257,6175188.0
2015-06-10,False,daily,98.48,99.55,98.2,98.88,10025139.0,85.36248644613893,86.28996269001959,85.11978238231968,85.70920653730926,10025139.0
2015-06-09,False,daily,98.44,98.54,97.8,98.21,7844315.0,85.32781443702189,85.41449445981448,84.77306229114933,85.12845038459893,7844315.0
2015-06-08,False,daily,98.6,98.98,97.96,97.96,7054613.0,85.46650247349002,85.79588656010185,84.91175032761747,84.91175032761747,7054613.0
2015-06-05,False,daily,98.99,99.05,98.2,98.59,7557268.0,85.8045545623811,85.85656257605666,85.11978238231968,85.45783447121077,7557268.0
2015-06-04,False,daily,99.94,100.47,99.06,99.23,8057860.0,86.62801477891068,87.08741889971138,85.86523057833593,86.01258661708331,8057860.0
2015-06-03,False,daily,100.32,100.43,99.84,100.09,5375153.0,86.9573988655225,87.05274689059436,86.54133475611809,86.75803481309956,5375153.0
2015-06-02,False,daily,99.92,100.24,99.1,99.98,8312446.0,86.61067877435217,86.88805484728843,85.89990258745296,86.66268678802771,8312446.0
2015-06-01,False,daily,100.28,100.6,99.72,100.04,7298085.0,86.92272685640548,87.20010292934174,86.43731872876698,86.71469480170327,7298085.0
2015-05-29,False,daily,101.55,101.62,99.83,100.14,9957798.0,88.02356314587132,88.08423916182613,86.53266675383884,86.80137482449585,9957798.0
2015-05-28,False,daily,101.01,101.7,100.81,101.15,5700051.0,87.55549102279136,88.1535831800602,87.38213097720619,87.67684305470098,5700051.0
2015-05-27,False,daily,101.01,101.41,100.8,101.13,9297934.0,87.55549102279136,87.9022111139617,87.37346297492692,87.65950705014245,9297934.0
2015-05-26,False,daily,101.23,101.55,100.58,100.82,7918872.0,87.74618707293504,88.02356314587132,87.18276692478322,87.39079897948544,7918872.0
2015-05-22,False,daily,102.27,102.41,101.33,101.35,6216965.0,88.64765930997794,88.76901134188756,87.83286709572762,87.85020310028614,6216965.0
2015-05-21,False,daily,102.91,103.3007,102.34,102.42,6875627.0,89.20241145585048,89.54107030490113,88.70833532593275,88.77767934416681,6875627.0
2015-05-20,False,daily,104.42,104.48,103.31,103.6,7146547.0,89.85603404857055,89.9076655563556,88.90085115454724,89.15040344217495,7146547.0
2015-05-19,False,daily,103.66,104.12,103.2549,103.96,7724081.0,89.20203494996,89.59787650964533,88.85343621989799,89.46019248888521,7724081.0
2015-05-18,False,daily,102.37,104.34,102.32,103.42,10479584.0,88.09195753258156,89.7871920381905,88.04893127609402,88.99550891881982,10479584.0
2015-05-15,False,daily,101.98,102.32,101.67,102.3,6023543.0,87.75635273197878,88.04893127609402,87.48958994175605,88.031720773499,6023543.0
2015-05-14,False,daily,100.97,101.87,100.95,101.83,5454009.0,86.88722235093054,87.66169496770621,86.87001184833554,87.62727396251617,5454009.0
2015-05-13,False,daily,100.68,101.13,100.47,100.55,5826750.0,86.63767006330285,87.02490637169066,86.4569597860552,86.52580179643525,5826750.0
2015-05-12,False,daily,100.88,101.05,100.28,100.47,6903070.0,86.80977508925298,86.95606436131061,86.29346001140256,86.4569597860552,6903070.0
2015-05-11,False,daily,101.32,101.66,101.01,101.03,5698884.0,87.1884061463433,87.48098469045854,86.92164335612058,86.93885385871559,5698884.0
2015-05-08,False,daily,100.48,101.67,100.443,101.47,7508622.0,86.4655650373527,87.48958994175605,86.43372560755192,87.3174849158059,7508622.0
2015-05-07,False,daily,98.94,100.0,98.91,99.66,6401552.0,85.14035633753657,86.05251297507235,85.11454058364406,85.7599344309571,6401552.0
2015-05-06,False,daily,99.62,99.87,98.66,99.17,8030769.0,85.72551342576708,85.94064470820476,84.89940930120638,85.33827711737925,8030769.0
2015-05-05,False,daily,100.13,100.29,99.29,99.5,8828129.0,86.16438124193994,86.30206526270007,85.44154013294934,85.62225041019698,8828129.0
2015-05-04,False,daily,100.33,100.55,100.16,100.35,5532387.0,86.33648626789008,86.52580179643525,86.19019699583247,86.3536967704851,5532387.0
2015-05-01,False,daily,99.62,100.39,99.62,100.13,6255973.0,85.72551342576708,86.38811777567513,85.72551342576708,86.16438124193994,6255973.0
2015-04-30,False,daily,100.07,100.15,98.77,99.2,10170628.0,86.11274973415489,86.18159174453496,84.99406706547896,85.36409287127177,10170628.0
2015-04-29,False,daily,100.51,100.61,99.9,100.39,8926249.0,86.49138079124522,86.57743330422029,85.96646046209727,86.38811777567513,8926249.0
2015-04-28,False,daily,100.45,100.9455,99.31,100.74,7484612.0,86.43974928346017,86.86613948525165,85.45875063554435,86.68930157108788,7484612.0
2015-04-27,False,daily,101.16,101.6,100.47,100.58,9113861.0,87.05072212558318,87.4293531826735,86.4569597860552,86.55161755032776,9113861.0
2015-04-24,False,daily,100.11,101.529,100.0,101.08,6566915.0,86.14717073934493,87.3682558984612,86.05251297507235,86.98188011520313,6566915.0
2015-04-23,False,daily,100.5,100.82,99.91,100.46,7351494.0,86.48277553994771,86.75814358146793,85.97506571339478,86.44835453475767,7351494.0
2015-04-22,False,daily,100.63,100.8,99.96,100.43,4764283.0,86.5946438068153,86.74093307887293,86.01809196988232,86.42253878086517,4764283.0
2015-04-21,False,daily,100.66,100.99,100.16,100.3,6532698.0,86.62045956070783,86.90443285352556,86.19019699583247,86.31067051399756,6532698.0
2015-04-20,False,daily,100.26,100.88,100.05,100.21,6668541.0,86.27624950880754,86.80977508925298,86.09553923155988,86.23322325232,6668541.0
2015-04-17,False,daily,99.37,99.8515,99.11,99.58,11084248.0,85.5103821433294,85.92472499330437,85.2866456095942,85.69109242057705,11084248.0
2015-04-16,False,daily,100.27,100.3199,99.77,99.79,7324783.0,86.28485476010503,86.32779496407962,85.85459219522969,85.8718026978247,7324783.0
2015-04-15,False,daily,100.54,101.24,100.33,100.6,8237103.0,86.51719654513775,87.11956413596324,86.33648626789008,86.56882805292278,8237103.0
2015-04-14,False,daily,101.05,101.46,100.185,100.52,9322175.0,86.95606436131061,87.3088796645084,86.21171012407623,86.49998604254272,9322175.0
2015-04-13,False,daily,101.54,101.98,100.55,100.55,10753497.0,87.37772167488846,87.75635273197878,86.52580179643525,86.52580179643525,10753497.0
2015-04-10,False,daily,101.33,102.14,100.93,102.06,6786456.0,87.19701139764081,87.8940367527389,86.85280134574053,87.82519474235885,6786456.0
2015-04-09,False,daily,100.57,101.65,100.33,101.33,8073887.0,86.54301229903025,87.47237943916105,86.33648626789008,87.19701139764081,8073887.0
2015-04-08,False,daily,99.84,100.45,99.6,100.16,7354110.0,85.91482895431224,86.43974928346017,85.70830292317206,86.19019699583247,7354110.0
2015-04-07,False,daily,99.55,100.87,99.433,100.1,7900303.0,85.66527666668452,86.80116983795548,85.5645952265037,86.13856548804742,7900303.0
2015-04-06,False,daily,98.84,99.56,98.04,99.16,9697623.0,85.05430382456152,85.67388191798203,84.36588372076093,85.32967186608174,9697623.0
2015-04-02,False,daily,99.44,99.99,98.89,99.64,6097146.0,85.57061890241194,86.04390772377484,85.09733008104905,85.74272392836208,6097146.0
2015-04-01,False,daily,100.46,100.46,98.61,99.15,11368126.0,86.44835453475767,86.44835453475767,84.85638304471884,85.32106661478424,11368126.0
2015-03-31,False,daily,100.97,101.49,100.59,100.6,8027954.0,86.88722235093054,87.33469541840093,86.56022280162527,86.56882805292278,8027954.0
2015-03-30,False,daily,101.24,101.86,100.76,101.55,6061170.0,87.11956413596324,87.65308971640869,86.7065120736829,87.38632692618597,6061170.0
2015-03-27,False,daily,100.28,100.95,100.15,100.34,5847382.0,86.29346001140256,86.87001184833554,86.18159174453496,86.34509151918759,5847382.0
2015-03-26,False,daily,99.95,100.81,99.56,100.14,9972373.0,86.00948671858481,86.74953833017044,85.67388191798203,86.17298649323745,9972373.0
2015-03-25,False,daily,101.85,102.5,100.34,100.34,8444099.0,87.64448446511118,88.20382579944916,86.34509151918759,86.34509151918759,8444099.0
2015-03-24,False,daily,102.83,103.23,101.93,101.96,8390708.0,88.4877990922669,88.83200914416719,87.71332647549126,87.73914222938376,8390708.0
2015-03-23,False,daily,102.47,103.35,102.23,102.98,9015961.0,88.17801004555663,88.93527215973727,87.97148401441646,88.6168778617295,9015961.0
2015-03-20,False,daily,101.87,102.9,101.76,102.4,12433761.0,87.66169496770621,88.54803585134945,87.56703720343363,88.11777328647409,12433761.0
2015-03-19,False,daily,101.04,101.955,100.91,101.69,6863107.0,86.9474591100131,87.73483960373501,86.83559084314551,87.50680044435107,6863107.0
2015-03-18,False,daily,99.89,101.74,99.13,101.46,7972458.0,85.95785521079976,87.54982670083861,85.30385611218921,87.3088796645084,7972458.0
2015-03-17,False,daily,100.11,100.52,99.41,99.89,7301526.0,86.14717073934493,86.49998604254272,85.54480314851942,85.95785521079976,7301526.0
2015-03-16,False,daily,99.74,101.07,99.74,101.06,7726509.0,85.82877644133715,86.97327486390562,85.82877644133715,86.96466961260812,7726509.0
2015-03-13,False,daily,99.85,100.05,98.6393,99.21,7821813.0,85.92343420560974,86.09553923155988,84.88159643102054,85.37269812256928,7821813.0
2015-03-12,False,daily,98.96,100.24,98.83,99.83,8317996.0,85.1575668401316,86.25903900621252,85.045698573264,85.90622370301472,8317996.0
2015-03-11,False,daily,99.83,99.83,98.22,98.32,9138141.0,85.90622370301472,85.90622370301472,84.52077824411606,84.60683075709113,9138141.0
2015-03-10,False,daily,99.99,100.44,99.51,99.53,8735743.0,86.04390772377484,86.43114403216266,85.6308556614945,85.64806616408951,8735743.0
2015-03-09,False,daily,100.2,100.92,99.76,100.66,5701061.0,86.22461800102249,86.84419609444302,85.84598694393217,86.62045956070783,5701061.0
2015-03-06,False,daily,102.09,102.43,99.88,100.11,9287621.0,87.85101049625136,88.1435890403666,85.94924995950225,86.14717073934493,9287621.0
2015-03-05,False,daily,102.07,103.21,102.0,102.52,8042336.0,87.83379999365634,88.81479864157217,87.7735632345738,88.22103630204417,8042336.0
2015-03-04,False,daily,102.12,102.12,101.17,101.65,8665474.0,87.87682625014389,87.87682625014389,87.0593273768807,87.47237943916105,8665474.0
2015-03-03,False,daily,103.1,103.1,101.81,102.34,6419659.0,88.72014087729958,88.72014087729958,87.61006345992116,88.06614177868904,6419659.0
2015-03-02,False,daily,102.86,103.41,102.7,103.22,7277612.0,88.51361484615941,88.98690366752231,88.37593082539931,88.82340389286968,7277612.0
2015-02-27,False,daily,103.04,103.33,102.48,102.51,8500014.0,88.66850936951455,88.91806165714226,88.18661529685414,88.21243105074667,8500014.0
2015-02-26,False,daily,101.38,103.18,101.22,102.8,11437890.0,87.24003765412834,88.78898288767965,87.10235363336822,88.46198333837437,11437890.0
2015-02-25,False,daily,100.94,101.29,100.16,101.21,9683963.0,86.86140659703803,87.16259039245078,86.19019699583247,87.09374838207071,9683963.0
2015-02-24,False,daily,100.25,101.05,100.0,100.7,6588073.0,86.26764425751003,86.95606436131061,86.05251297507235,86.65488056589786,6588073.0
2015-02-23,False,daily,100.74,100.77,99.8,100.18,6878246.0,86.68930157108788,86.7151173249804,85.8804079491222,86.20740749842749,6878246.0
2015-02-20,False,daily,100.18,100.366,99.11,100.26,10085673.0,86.20740749842749,86.36746517256111,85.2866456095942,86.27624950880754,10085673.0
2015-02-19,False,daily,99.95,100.84,99.61,100.7,10028180.0,85.41160548022327,86.17214904077753,85.12106074922501,86.05251297507236,10028180.0
2015-02-18,False,daily,100.7,100.94,99.38,99.96,7878157.0,86.05251297507236,86.25760337342408,84.92451578413795,85.42015091348792,7878157.0
2015-02-17,False,daily,99.39,100.48,99.12,100.44,8627082.0,84.93306121740261,85.86451344324996,84.70233451925694,85.83033171019134,8627082.0
2015-02-13,False,daily,98.44,99.67,98.33,99.62,11153595.0,84.12124505726041,85.17233334881294,84.0272452913492,85.12960618248967,11153595.0
2015-02-12,False,daily,100.5,100.54,97.15,98.44,25835156.0,85.88160430977928,85.9157860428379,83.01888416611996,84.12124505726041,25835156.0
2015-02-11,False,daily,100.46,100.79,99.95,100.38,8177011.0,85.84742257672065,86.12942187445427,85.41160548022327,85.77905911060341,8177011.0
2015-02-10,False,daily,100.19,100.7,99.425,100.35,12275450.0,85.61669587857497,86.05251297507236,84.9629702338289,85.75342281080944,12275450.0
2015-02-09,False,daily,101.06,101.06,99.1,99.78,9851745.0,86.36014857259994,86.36014857259994,84.68524365272762,85.26633311472413,9851745.0
2015-02-06,False,daily,102.11,102.45,100.83,101.1,9215663.0,87.25741906538867,87.54796379638692,86.16360360751287,86.39433030565854,9215663.0
2015-02-05,False,daily,101.57,102.56,101.46,102.46,6642224.0,86.79596566909731,87.64196356229813,86.7019659031861,87.55650922965158,6642224.0
2015-02-04,False,daily,102.12,102.45,101.02,101.36,9514074.0,87.26596449865333,87.54796379638692,86.32596683954131,86.61651157053957,9514074.0
2015-02-03,False,daily,101.4,102.56,101.12,102.46,10005207.0,86.65069330359819,87.64196356229813,86.41142117218786,87.55650922965158,10005207.0
2015-02-02,False,daily,100.49,100.85,99.38,100.83,8990701.0,85.8730588765146,86.18069447404218,84.92451578413795,86.16360360751287,8990701.0
2015-01-30,False,daily,101.58,102.0,100.09,100.14,10676345.0,86.80451110236197,87.16341929947747,85.53124154592844,85.5739687122517,10676345.0
2015-01-29,False,daily,101.51,102.46,100.67,102.38,7569330.0,86.7446930695094,87.55650922965158,86.0268766752784,87.48814576353435,7569330.0
2015-01-28,False,daily,102.48,102.93,101.44,101.48,9053222.0,87.5736000961809,87.95814459309035,86.6848750366568,86.71905676971544,9053222.0
2015-01-27,False,daily,101.83,102.7671,100.93,102.09,10160531.0,87.01814693397834,87.81893948520913,86.24905794015943,87.24032819885936,10160531.0
2015-01-26,False,daily,101.8,102.45,101.21,102.26,8962787.0,86.99251063418437,87.54796379638692,86.48833007156975,87.3856005643585,8962787.0
2015-01-23,False,daily,102.94,102.97,101.9397,102.2,10125960.0,87.96669002635501,87.99232632614897,87.1118903368916,87.33432796477057,10125960.0
2015-01-22,False,daily,102.39,103.83,101.57,103.76,9036608.0,87.496691196799,88.72723358690926,86.79596566909731,88.66741555405669,9036608.0
2015-01-21,False,daily,100.56,102.1,100.4,101.9,11702890.0,85.9328769093672,87.24887363212402,85.79614997713273,87.07796496683093,11702890.0
2015-01-20,False,daily,101.55,102.05,100.26,101.29,20467800.0,86.77887480256801,87.20614646580074,85.67651391142756,86.556693537687,20467800.0
2015-01-16,False,daily,102.06,104.62,102.0,104.04,14092276.0,87.2146918990654,89.402322814817,87.16341929947747,88.90668768546702,14092276.0
2015-01-15,False,daily,102.97,103.93,101.95,102.49,10834811.0,87.99232632614897,88.81268791955583,87.1206921331542,87.58214552944554,10834811.0
2015-01-14,False,daily,103.86,104.43,103.51,104.0,8887694.0,88.75286988670324,89.23995958278856,88.45377972244033,88.8725059524084,8887694.0
2015-01-13,False,daily,105.44,106.33,104.24,104.76,10155188.0,90.10304834251866,90.86359190307293,89.0775963507601,89.52195888052216,10155188.0
2015-01-12,False,daily,105.17,105.82,104.3,104.58,6838966.0,89.872321644373,90.42777480657554,89.12886895034804,89.36814108175837,6838966.0
2015-01-09,False,daily,106.5,106.5,104.75,104.94,7364760.0,91.00886426857207,91.00886426857207,89.5134134472575,89.67577667928593,7364760.0
2015-01-08,False,daily,106.06,106.49,105.75,106.39,9925854.0,90.63286520492726,91.00031883530741,90.36795677372297,90.91486450266086,9925854.0
2015-01-07,False,daily,103.91,105.83,103.81,105.56,7931714.0,88.7955970530265,90.4363202398402,88.71014272037996,90.20559354169453,7931714.0
2015-01-06,False,daily,104.34,104.99,102.94,103.28,7428022.0,89.16305068340667,89.7185038456092,87.96669002635501,88.25723475735326,7428022.0
2015-01-05,False,daily,104.48,104.73,103.682,103.79,8079279.0,89.28268674911183,89.49632258072819,88.60076117459238,88.69305185385066,8079279.0
2015-01-02,False,daily,105.05,105.55,104.13,104.52,5756961.0,89.76977644519714,90.19704810842987,88.98359658484891,89.31686848217043,5756961.0
2016-12-30,False,daily,115.8,115.99,114.975,115.21,5506734.0,104.76859198267266,104.94049209041624,104.0221836201018,104.23479691125834,5506734.0
2016-12-29,False,daily,115.23,115.87,115.01,115.49,2993622.0,104.25289165944189,104.83192360131504,104.053849429423,104.48812338582785,2993622.0
2016-12-28,False,daily,115.88,116.16,115.05,115.1,3278292.0,104.84097097540679,105.0942974499763,104.09003892579005,104.13527579624889,3278292.0
2016-12-27,False,daily,115.89,116.0,115.38,115.91,3232942.0,104.85001834949857,104.94953946450802,104.3886022708184,104.8681130976821,3232942.0
2016-12-23,False,daily,115.4,116.32,115.3,115.96,2993339.0,104.40669701900194,105.23905543544458,104.31622327808425,104.91334996814093,2993339.0
2016-12-22,False,daily,115.0,115.526,113.88,115.44,4602309.0,104.04480205533122,104.52069393255822,103.03149615705321,104.44288651536901,4602309.0
2016-12-21,False,daily,116.2,116.2,114.74,115.31,5907740.0,105.13048694634338,105.13048694634338,103.80957032894526,104.32527065217603,5907740.0
2016-12-20,False,daily,115.98,116.25,114.91,115.66,5715163.0,104.93144471632448,105.17572381680222,103.96337568850531,104.6419287453879,5715163.0
2016-12-19,False,daily,116.07,116.66,115.94,116.02,6310789.0,105.01287108315039,105.54666615456469,104.8952552199574,104.96763421269155,6310789.0
2016-12-16,False,daily,116.41,116.46,115.46,115.88,11291124.0,105.32048180227049,105.36571867272933,104.46098126355254,104.84097097540679,11291124.0
2016-12-15,False,daily,115.33,115.92,114.89,115.89,6738083.0,104.34336540035956,104.87716047177388,103.94528094032178,104.85001834949857,6738083.0
2016-12-14,False,daily,116.12,117.3,114.58,114.99,9378704.0,105.05810795360924,106.12569809643784,103.66481234347697,104.03575468123945,9378704.0
2016-12-13,False,daily,115.53,115.97,115.01,115.89,7051623.0,104.52431288219492,104.92239734223271,104.053849429423,104.85001834949857,7051623.0
2016-12-12,False,daily,112.69,115.4,112.58,115.36,9544614.0,101.95485864013283,104.40669701900194,101.85533752512337,104.37050752263487,9544614.0
2016-12-09,False,daily,111.41,112.43,111.2,112.26,7672088.0,100.79679475638653,101.71962691374686,100.60679990045941,101.56582155418681,7672088.0
2016-12-08,False,daily,110.54,111.195,109.93,110.99,7774945.0,100.00967321040272,100.60227621341352,99.45778339080489,100.41680504453228,7774945.0
2016-12-07,False,daily,111.89,111.89,109.32,111.1,11761134.0,101.2310687127914,101.2310687127914,98.90589357120703,100.51632615954172,11761134.0
2016-12-06,False,daily,112.24,113.2,111.85,112.06,6530358.0,101.54772680600327,102.416274718813,101.19487921642431,101.38487407235145,6530358.0
2016-12-05,False,daily,112.4,112.42,111.73,111.94,5451568.0,101.69248479147157,101.7105795396551,101.08631072732311,101.27630558325023,5451568.0
2016-12-02,False,daily,111.72,112.53,111.44,111.96,6167740.0,101.07726335323134,101.81010065466454,100.82393687866184,101.29440033143376,6167740.0
2016-12-01,False,daily,111.36,111.5399,111.0,111.38,8143287.0,100.7515578859277,100.9143201458386,100.42585241862405,100.76965263411122,8143287.0
2016-11-30,False,daily,112.19,112.52,111.3,111.3,11178468.0,101.50248993554443,101.80105328057277,100.69727364137708,100.69727364137708,11178468.0
2016-11-29,False,daily,112.95,113.41,112.165,112.48,7799649.0,102.1900903665188,102.60626957474012,101.47987150031501,101.7648637842057,7799649.0
2016-11-28,False,daily,113.79,114.12,113.05,113.13,9065730.0,102.9500697902273,103.24863313525564,102.28056410743648,102.35294310017062,9065730.0
2016-11-25,False,daily,113.6,114.23,113.38,114.13,3433340.0,102.7781696824837,103.3481542502651,102.57912745246482,103.25768050934741,3433340.0
2016-11-23,False,daily,112.25,113.43,111.56,113.07,8467037.0,101.55677418009505,102.62436432292367,100.93250536776306,102.29865885562,8467037.0
2016-11-22,False,daily,114.59,115.0,112.27,112.74,11649748.0,103.67385971756875,104.04480205533122,101.57486892827858,102.00009551059166,11649748.0
2016-11-21,False,daily,115.44,115.6799,114.8,115.0,5843313.0,104.44288651536901,104.65993301983053,103.86385457349586,104.04480205533122,5843313.0
2016-11-18,False,daily,115.79,115.92,114.81,115.36,7717773.0,104.7595446085809,104.87716047177388,103.87290194758764,104.37050752263487,7717773.0
2016-11-17,False,daily,116.68,116.68,116.12,116.57,5730329.0,104.8402879789926,104.8402879789926,104.3371121025079,104.74144986039738,5730329.0
2016-11-16,False,daily,116.65,116.78,116.08,116.36,6594838.0,104.81333212846664,104.93014081407915,104.30117096847327,104.55275890671562,6594838.0
2016-11-15,False,daily,116.4,116.69,115.82,116.32,7446670.0,104.58870004075025,104.84927326250126,104.06755359724822,104.516817772681,7446670.0
2016-11-14,False,daily,118.58,118.99,116.5,116.6,10054905.0,106.54749184563715,106.91588846949202,104.6785528758368,104.76840571092335,10054905.0
2016-11-11,False,daily,119.49,119.49,118.13,118.47,8134783.0,107.36515264492479,107.36515264492479,106.14315408774765,106.44865372704194,8134783.0
2016-11-10,False,daily,120.77,121.1,119.02,119.54,11905170.0,108.5152689340327,108.81178328981834,106.94284432001798,107.41007906246809,11905170.0
2016-11-09,False,daily,120.0,122.5,118.1,120.31,16219977.0,107.82340210386623,110.06972298103011,106.11619823722168,108.10194589263456,16219977.0
2016-11-08,False,daily,116.48,117.57,116.47,117.05,6675268.0,104.6605823088195,105.63997821126294,104.65159702531083,105.17274346881285,6675268.0
2016-11-07,False,daily,115.89,116.72,115.84,116.66,6398177.0,104.13045058180882,104.87622911302722,104.08552416426554,104.82231741197529,6398177.0
2016-11-04,False,daily,115.04,115.94,115.04,115.11,7160570.0,103.3667014835731,104.1753769993521,103.3667014835731,103.42959846813368,7160570.0
2016-11-03,False,daily,114.88,115.4393,114.75,115.03,6227110.0,103.2229369474346,103.72548385407372,103.10612826182208,103.35771620006444,6227110.0
2016-11-02,False,daily,115.52,115.76,114.83,114.86,6591318.0,103.79799509198855,104.01364189619629,103.17801052989132,103.20496638041729,6591318.0
2016-11-01,False,daily,114.76,115.94,114.63,115.34,7591930.0,103.11511354533074,104.1753769993521,102.99830485971822,103.63625998883276,7591930.0
2016-10-31,False,daily,115.28,116.23,114.5,115.99,8552528.0,103.58234828778083,104.4359502211031,102.88149617410569,104.22030341689536,8552528.0
2016-10-28,False,daily,115.82,115.91,114.57,115.33,8813324.0,104.06755359724822,104.14842114882612,102.94439315866627,103.6272747053241,8813324.0
2016-10-27,False,daily,114.98,116.55,114.79,115.7,7548667.0,103.31278978252116,104.72347929338008,103.14206939585671,103.95973019514436,7548667.0
2016-10-26,False,daily,113.64,115.22,113.6,114.56,6429241.0,102.10876179236132,103.52843658672889,102.07282065832669,102.93540787515764,6429241.0
2016-10-25,False,daily,113.64,114.16,113.093,113.96,5594989.0,102.10876179236132,102.57599653481141,101.61726678443787,102.39629086463829,5594989.0
2016-10-24,False,daily,113.93,114.1897,113.44,113.61,6141858.0,102.36933501411234,102.60268282683212,101.92905612218821,102.08180594183536,6141858.0
2016-10-21,False,daily,114.11,114.24,112.99,113.44,8422032.0,102.53107011726813,102.64787880288065,101.5247183642987,101.92905612218821,8422032.0
2016-10-20,False,daily,114.83,115.7,114.59,114.87,6973009.0,103.17801052989132,103.95973019514436,102.9623637256836,103.21395166392595,6973009.0
2016-10-19,False,daily,115.57,115.89,114.46,114.59,7400937.0,103.84292150953183,104.13045058180882,102.84555504007108,102.9623637256836,7400937.0
2016-10-18,False,daily,117.38,118.48,115.16,115.41,12598255.0,105.46925782459849,106.4576390105506,103.47452488567696,103.69915697339334,12598255.0
2016-10-17,False,daily,117.5,118.55,117.5,118.49,6956374.0,105.57708122670235,106.52053599511117,105.57708122670235,106.46662429405924,6956374.0
2016-10-14,False,daily,118.5,118.8,117.56,117.56,5640519.0,106.47560957756791,106.74516808282756,105.63099292775429,105.63099292775429,5640519.0
2016-10-13,False,daily,117.54,119.2,117.28,118.26,7387365.0,105.61302236073698,107.10457942317379,105.37940498951193,106.25996277336017,7387365.0
2016-10-12,False,daily,117.96,118.43,117.5,117.97,4686022.0,105.9904042681005,106.41271259300733,105.57708122670235,105.99938955160916,4686022.0
2016-10-11,False,daily,119.41,119.63,117.06,117.64,6394159.0,107.29327037685556,107.49094661404598,105.18172875232152,105.70287519582354,6394159.0
2016-10-10,False,daily,119.51,120.1955,119.35,119.8,3657049.0,107.38312321194212,107.99906439646044,107.23935867580362,107.64369643369312,3657049.0
2016-10-07,False,daily,119.17,119.565,118.69,119.24,4799292.0,107.07762357264782,107.43254227123971,106.64632996423235,107.1405205572084,4799292.0
2016-10-06,False,daily,118.5,118.85,117.92,118.75,4448450.0,106.47560957756791,106.79009450037084,105.95446313406589,106.7002416652843,4448450.0
2016-10-05,False,daily,119.22,119.44,118.595,119.18,5778691.0,107.1225499901911,107.32022622738153,106.56096977090013,107.08660885615649,5778691.0
2016-10-04,False,daily,118.84,119.48,118.28,118.82,5733934.0,106.78110921686219,107.35616736141615,106.27793334037749,106.76313864984488,5733934.0
2016-10-03,False,daily,118.0,119.01,117.43,118.81,6098589.0,106.02634540213514,106.93385903650935,105.51418424214177,106.75415336633623,6098589.0
2016-09-30,False,daily,117.78,118.619,117.39,118.13,7941065.0,105.82866916494471,106.58253445132091,105.47824310810714,106.14315408774765,7941065.0
2016-09-29,False,daily,118.88,119.27,117.0434,117.27,6190185.0,106.8170503508968,107.16747640773437,105.16681318169715,105.37041970600328,6190185.0
2016-09-28,False,daily,119.05,119.52,118.81,119.39,5076091.0,106.96980017054396,107.39210849545077,106.75415336633623,107.27529980983824,5076091.0
2016-09-27,False,daily,118.39,119.22,117.72,119.22,5349466.0,106.3767714589727,107.1225499901911,105.77475746389277,107.1225499901911,5349466.0
2016-09-26,False,daily,118.63,118.64,117.56,117.78,5998854.0,106.59241826318042,106.60140354668908,105.63099292775429,105.82866916494471,5998854.0
2016-09-23,False,daily,119.41,119.6,118.71,118.81,4772980.0,107.29327037685556,107.46399076352,106.66430053124967,106.75415336633623,4772980.0
2016-09-22,False,daily,119.25,119.84,119.14,119.46,5340466.0,107.14950584071707,107.67963756772775,107.05066772212186,107.33819679439883,5340466.0
2016-09-21,False,daily,117.95,119.0,117.64,118.91,6337292.0,105.98141898459185,106.92487375300068,105.70287519582354,106.84400620142277,6337292.0
2016-09-20,False,daily,118.17,118.24,117.69,117.95,5187716.0,106.17909522178228,106.24199220634286,105.7478016133668,105.98141898459185,5187716.0
2016-09-19,False,daily,118.36,118.66,117.64,117.66,5457633.0,106.34981560844673,106.61937411370639,105.70287519582354,105.72084576284084,5457633.0
2016-09-16,False,daily,118.51,119.14,118.12,118.25,12408779.0,106.48459486107656,107.05066772212186,106.134168804239,106.25097748985152,12408779.0
2016-09-15,False,daily,117.81,118.94,117.32,118.63,5814900.0,105.85562501547068,106.87096205194875,105.41534612354654,106.59241826318042,5814900.0
2016-09-14,False,daily,117.85,118.33,117.46,117.86,6124894.0,105.8915661495053,106.32285975792075,105.54114009266773,105.90055143301394,6124894.0
2016-09-13,False,daily,118.42,118.83,117.49,117.61,7957869.0,106.40372730949866,106.77212393335354,105.5680959431937,105.67591934529756,7957869.0
2016-09-12,False,daily,117.76,119.45,117.38,119.16,7239795.0,105.8106985979274,107.32921151089018,105.46925782459849,107.06863828913917,7239795.0
2016-09-09,False,daily,119.03,119.16,118.18,118.23,7957267.0,106.95182960352665,107.06863828913917,106.18808050529094,106.2330069228342,7957267.0
2016-09-08,False,daily,119.37,119.82,119.14,119.47,4833010.0,107.25732924282094,107.66166700071042,107.05066772212186,107.34718207790749,4833010.0
2016-09-07,False,daily,119.84,119.95,119.435,119.61,4753760.0,107.67963756772775,107.77847568632296,107.3157335856272,107.47297604702867,4753760.0
2016-09-06,False,daily,119.78,119.97,119.36,119.75,5280652.0,107.62572586667581,107.79644625334026,107.24834395931228,107.59877001614984,5280652.0
2016-09-02,False,daily,119.36,119.81,118.9,119.32,5806365.0,107.24834395931228,107.65268171720177,106.83502091791414,107.21240282527765,5806365.0
2016-09-01,False,daily,119.19,119.39,118.6,119.08,4551792.0,107.09559413966514,107.27529980983824,106.56546241265445,106.99675602106993,4551792.0
2016-08-31,False,daily,119.54,119.62,119.01,119.34,5693081.0,107.41007906246809,107.48196133053733,106.93385903650935,107.23037339229496,5693081.0
2016-08-30,False,daily,120.67,120.67,119.255,119.47,3820510.0,108.42541609894616,108.42541609894616,107.1539984824714,107.34718207790749,3820510.0
2016-08-29,False,daily,119.3,120.13,119.055,119.92,5074924.0,107.19443225826035,107.94021078947875,106.97429281229829,107.75151983579698,5074924.0
2016-08-26,False,daily,118.84,119.74,118.56,119.04,6482673.0,106.78110921686219,107.58978473264118,106.52952127861984,106.96081488703531,6482673.0
2016-08-25,False,daily,118.86,119.21,118.33,118.57,5566048.0,106.7990797838795,107.11356470668244,106.32285975792075,106.53850656212849,5566048.0
2016-08-24,False,daily,119.48,119.61,118.62,118.71,6303942.0,107.35616736141615,107.47297604702867,106.58343297967177,106.66430053124967,6303942.0
2016-08-23,False,daily,119.67,119.96,119.02,119.44,5603177.0,107.5268877480806,107.7874609698316,106.94284432001798,107.32022622738153,5603177.0
2016-08-22,False,daily,119.9,119.9,118.95,119.13,6544864.0,107.73354926877968,107.73354926877968,106.8799473354574,107.0416824386132,6544864.0
2016-08-19,False,daily,119.91,119.99,119.32,119.92,7798299.0,107.74253455228833,107.81441682035758,107.21240282527765,107.75151983579698,7798299.0
2016-08-18,False,daily,121.17,121.39,119.9,120.72,8728000.0,108.15317808568193,108.34954434118123,107.01960924711781,107.751519835797,8728000.0
2016-08-17,False,daily,120.5,121.33,119.85,121.31,10442818.0,107.55515358029771,108.29598990786324,106.97498055268613,108.27813843009058,10442818.0
2016-08-16,False,daily,122.11,122.32,120.06,120.33,11289111.0,108.99219754099713,109.17963805761008,107.16242106929911,107.40341601923006,11289111.0
2016-08-15,False,daily,123.12,123.27,122.28,122.31,6469495.0,109.89369716851664,110.0275832518116,109.14393510206476,109.17071231872376,6469495.0
2016-08-12,False,daily,123.47,123.77,122.95,123.22,4234841.0,110.20609802953824,110.47387019612819,109.74195960744899,109.98295455737994,4234841.0
2016-08-11,False,daily,123.85,124.14,123.47,123.77,4051971.0,110.54527610721884,110.80412253492247,110.20609802953824,110.47387019612819,4051971.0
2016-08-10,False,daily,123.59,123.78,123.24,123.36,4333466.0,110.31320689617422,110.48279593501452,110.0008060351526,110.10791490178859,4333466.0
2016-08-09,False,daily,123.91,124.0,123.33,123.43,3941488.0,110.59883054053684,110.67916219051382,110.08113768512959,110.17039507399292,3941488.0
2016-08-08,False,daily,124.0,124.15,123.23,123.65,5232469.0,110.67916219051382,110.8130482738088,109.99188029626629,110.36676132949222,5232469.0
2016-08-05,False,daily,124.38,124.38,123.76,124.24,5146935.0,111.01834026819442,111.01834026819442,110.46494445724187,110.89337992378579,5146935.0
2016-08-04,False,daily,124.24,124.39,123.64,123.86,4728165.0,110.89337992378579,111.02726600708077,110.35783559060589,110.55420184610517,4728165.0
2016-08-03,False,daily,125.0,125.0,123.69,123.9,5310641.0,111.571736079147,111.571736079147,110.40246428503754,110.5899048016505,5310641.0
2016-08-02,False,daily,125.65,125.9,124.476,124.85,7158693.0,112.15190910675857,112.37505257891686,111.10402736150321,111.43784999585202,7158693.0
2016-08-01,False,daily,125.31,125.71,125.1,125.4,4615103.0,111.84843398462328,112.20546354007655,111.66099346801032,111.92876563460027,4615103.0
2016-07-29,False,daily,124.34,125.32,124.34,125.23,7020910.0,110.9826373126491,111.8573597235096,110.9826373126491,111.77702807353263,7020910.0
2016-07-28,False,daily,124.98,125.0,124.41,124.46,4320393.0,111.55388460137434,111.571736079147,111.04511748485342,111.08974617928507,4320393.0
2016-07-27,False,daily,125.1,125.23,124.34,124.77,4812634.0,111.66099346801032,111.77702807353263,110.9826373126491,111.36644408476137,4812634.0
2016-07-26,False,daily,125.025,125.55,124.75,125.15,5589861.0,111.59405042636283,112.06265171789525,111.3485926069887,111.70562216244198,5589861.0
2016-07-25,False,daily,125.07,125.13,124.14,124.89,4880569.0,111.63421625135132,111.6877706846693,110.80412253492247,111.47355295139735,4880569.0
2016-07-22,False,daily,125.12,125.35,124.645,125.03,5839195.0,111.67884494578298,111.8841369401686,111.25487234868221,111.598513295806,5839195.0
2016-07-21,False,daily,125.21,125.74,124.89,125.15,5563937.0,111.75917659575997,112.23224075673555,111.47355295139735,111.70562216244198,5563937.0
2016-07-20,False,daily,125.84,126.07,125.04,125.14,7334633.0,112.32149814559887,112.52679013998448,111.60743903469233,111.69669642355565,7334633.0
2016-07-19,False,daily,124.78,125.75,123.34,125.25,11325700.0,111.3753698236477,112.24116649562188,110.09006342401592,111.7948795513053,11325700.0
2016-07-18,False,daily,123.0,123.22,122.44,123.14,6599199.0,109.78658830188064,109.98295455737994,109.28674692424606,109.91154864628929,6599199.0
2016-07-15,False,daily,123.77,124.3,122.71,123.0,7192765.0,110.47387019612819,110.94693435710377,109.52774187417702,109.78658830188064,7192765.0
2016-07-14,False,daily,122.98,123.74,122.91,123.18,5322718.0,109.76873682410799,110.44709297946919,109.70625665190366,109.94725160183462,5322718.0
2016-07-13,False,daily,122.68,123.4,122.3,123.0,5230819.0,109.50096465751804,110.14361785733392,109.16178657983743,109.78658830188064,5230819.0
2016-07-12,False,daily,122.65,123.2,122.61,122.92,6415861.0,109.47418744085904,109.96510307960729,109.43848448531371,109.71518239078999,6415861.0
2016-07-11,False,daily,122.71,123.45,122.41,122.93,6711586.0,109.52774187417702,110.18824655176557,109.25996970758708,109.72410812967632,6711586.0
2016-07-08,False,daily,123.0,123.1,121.96,122.85,6129913.0,109.78658830188064,109.87584569074396,108.85831145770214,109.65270221858566,6129913.0
2016-07-07,False,daily,122.59,122.81,122.01,122.51,6058727.0,109.42063300754104,109.61699926304034,108.90294015213381,109.34922709645039,6058727.0
2016-07-06,False,daily,121.93,122.66,121.54,122.64,9332366.0,108.83153424104316,109.48311317974536,108.48343042447621,109.46526170197271,9332366.0
2016-07-05,False,daily,121.36,123.23,121.34,122.27,9334141.0,108.32276712452224,109.99188029626629,108.30491564674958,109.13500936317843,9334141.0
2016-07-01,False,daily,121.54,121.54,120.79,121.29,7051358.0,108.48343042447621,108.48343042447621,107.81400000800133,108.26028695231793,7051358.0
2016-06-30,False,daily,119.18,121.41,119.1601,121.3,11559922.0,106.37695604730192,108.3673958189539,106.35919382691812,108.26921269120425,11559922.0
2016-06-29,False,daily,118.84,119.41,118.1,119.33,8341454.0,106.07348092516663,106.58224804168755,105.41297624757809,106.51084213059688,8341454.0
2016-06-28,False,daily,117.17,118.37,116.55,118.23,10089587.0,104.58288253114924,105.65397119750905,104.02948672019666,105.5290108531004,10089587.0
2016-06-27,False,daily,115.0,116.64,115.0,116.55,10896051.0,102.64599719281524,104.10981837017364,102.64599719281524,104.02948672019666,10896051.0
2016-06-24,False,daily,115.07,117.12,115.0,115.63,13939481.0,102.70847736501956,104.53825383671757,102.64599719281524,103.20831874265414,13939481.0
2016-06-23,False,daily,117.2,117.38,116.68,117.38,6775873.0,104.60965974780822,104.77032304776219,104.14552132571897,104.77032304776219,6775873.0
2016-06-22,False,daily,116.54,117.21,116.3101,116.46,5833754.0,104.02056098131034,104.61858548669456,103.81535824431357,103.94915507021967,5833754.0
2016-06-21,False,daily,116.99,117.15,116.18,116.18,5493490.0,104.42221923119526,104.56503105337657,103.69923438140239,103.69923438140239,5493490.0
2016-06-20,False,daily,116.6,117.135,116.4297,116.54,5588202.0,104.07411541462831,104.55164244504708,103.9221100813941,104.02056098131034,5588202.0
2016-06-17,False,daily,116.62,116.67,115.01,115.48,10702199.0,104.09196689240099,104.13659558683264,102.65492293170158,103.07443265935916,10702199.0
2016-06-16,False,daily,115.69,116.89,115.22,116.64,6664815.0,103.26187317597213,104.33296184233194,102.84236344831454,104.10981837017364,6664815.0
2016-06-15,False,daily,117.64,117.74,116.335,116.41,6371378.0,105.00239225880682,105.09164964767014,103.83758333414052,103.90452637578801,6371378.0
2016-06-14,False,daily,116.45,117.18,116.3,117.12,6378395.0,103.94022933133334,104.59180827003557,103.80634324803836,104.53825383671757,6378395.0
2016-06-13,False,daily,117.13,117.64,116.79,116.79,7940893.0,104.5471795756039,105.00239225880682,104.24370445346862,104.24370445346862,7940893.0
2016-06-10,False,daily,116.74,117.23,116.36,117.01,6067428.0,104.19907575903696,104.63643696446722,103.85989768135636,104.44007070896792,6067428.0
2016-06-09,False,daily,115.78,117.19,115.61,117.0,7375474.0,103.34220482594911,104.60073400892189,103.19046726488148,104.43114497008159,7375474.0
2016-06-08,False,daily,115.52,115.95,115.41,115.8,5863782.0,103.1101356149045,103.49394238701676,103.01195248715484,103.36005630372178,5863782.0
2016-06-07,False,daily,116.01,116.23,115.45,115.73,6417404.0,103.54749682033476,103.74386307583404,103.04765544270018,103.29757613151746,6417404.0
2016-06-06,False,daily,114.97,116.0,114.9301,115.77,6349758.0,102.61921997615624,103.53857108144841,102.58360627799978,103.33327908706278,6349758.0
2016-06-03,False,daily,114.47,115.39,114.115,114.76,6881721.0,102.17293303183966,102.99410100938218,101.85606930137487,102.43177945954328,6881721.0
2016-06-02,False,daily,112.87,114.65,112.86,114.49,7310801.0,100.74481481002658,102.33359633179363,100.73588907114024,102.19078450961231,7310801.0
2016-06-01,False,daily,112.57,113.06,112.07,112.78,4749563.0,100.47704264343662,100.91440384886688,100.03075569912002,100.66448316004958,4749563.0
2016-05-31,False,daily,113.26,113.63,112.32,112.69,10104705.0,101.09291862659352,101.42317096538778,100.25389917127832,100.5841515100726,10104705.0
2016-05-27,False,daily,113.04,113.34,112.69,113.06,4647024.0,100.89655237109422,101.16432453768417,100.5841515100726,100.91440384886688,4647024.0
2016-05-26,False,daily,113.11,113.32,112.85,112.9,3973550.0,100.95903254329853,101.1464730599115,100.7269633322539,100.77159202668558,3973550.0
2016-05-25,False,daily,113.18,113.725,112.85,113.35,5455518.0,101.02151271550287,101.50796548480794,100.7269633322539,101.1732502765705,5455518.0
2016-05-24,False,daily,112.52,113.5,112.52,112.69,6125259.0,100.43241394900495,101.30713635986548,100.43241394900495,100.5841515100726,6125259.0
2016-05-23,False,daily,112.77,112.82,112.04,112.16,6462321.0,100.65555742116325,100.7001861155949,100.00397848246105,100.11108734909702,6462321.0
2016-05-20,False,daily,112.2,112.92,111.76,112.64,7435203.0,100.14679030464235,100.78944350445823,99.75405779364375,100.53952281564095,7435203.0
2016-05-19,False,daily,112.99,113.04,112.2,112.85,8232205.0,100.13697871484307,100.18129103394868,99.43684407297454,100.01290422134738,8232205.0
2016-05-18,False,daily,113.61,114.025,112.88,113.59,8267933.0,100.68645147175256,101.05424372032907,100.03949161281074,100.66872654411031,8267933.0
2016-05-17,False,daily,114.54,114.56,113.24,113.83,9233911.0,101.51066060711679,101.52838553475902,100.35854031037108,100.88142567581721,9233911.0
2016-05-16,False,daily,113.39,114.63,113.31,114.44,6222861.0,100.4914772676879,101.59042278150687,100.42057755711893,101.42203596890558,6222861.0
2016-05-13,False,daily,113.9,114.09,113.36,113.56,6779907.0,100.94346292256506,101.11184973516636,100.46488987622455,100.64213915264696,6779907.0
2016-05-12,False,daily,114.5,114.7599,113.54,114.23,7156263.0,101.47521075183231,101.70554618654323,100.62441422500471,101.23592422866204,7156263.0
2016-05-11,False,daily,114.57,114.76,114.31,114.37,6680655.0,101.53724799858014,101.70563481118144,101.30682393923101,101.35999872215774,6680655.0
2016-05-10,False,daily,114.0,115.0,113.92,114.67,8356411.0,101.03208756077626,101.91833394288834,100.96118785020731,101.62587263679136,8356411.0
2016-05-09,False,daily,112.98,113.99,112.73,113.72,6512715.0,100.12811625102195,101.02322509695514,99.90655465549393,100.78393857378488,6512715.0
2016-05-06,False,daily,112.58,113.05,112.275,112.74,6099860.0,99.77361769817712,100.1901534977698,99.50331255163294,99.91541711931505,6099860.0
2016-05-05,False,daily,112.08,113.1,112.04,112.88,5404341.0,99.33049450712109,100.2344658168754,99.2950446518366,100.03949161281074,5404341.0
2016-05-04,False,daily,112.04,112.54,111.7,112.22,5214649.0,99.2950446518366,99.73816784289265,98.9937208819185,99.45456900061677,5214649.0
2016-05-03,False,daily,112.56,113.1,112.12,112.69,7554529.0,99.75589277053489,100.2344658168754,99.36594436240557,99.87110480020945,7554529.0
2016-05-02,False,daily,112.22,112.7897,111.93,112.75,5178847.0,99.45456900061677,99.95946356450602,99.19755754980429,99.92427958313618,5178847.0
2016-04-29,False,daily,112.06,112.22,111.51,112.08,7774512.0,99.31276957947885,99.45456900061677,98.82533406931721,99.33049450712109,7774512.0
2016-04-28,False,daily,112.1,112.71,111.64,112.48,6640041.0,99.34821943476332,99.88882972785169,98.94054609899177,99.68499305996592,6640041.0
2016-04-27,False,daily,112.96,113.2,112.46,112.77,5759301.0,100.1103913233797,100.32309045508661,99.66726813232367,99.94200451077842,5759301.0
2016-04-26,False,daily,113.45,113.56,112.65,112.91,5853561.0,100.54465205061463,100.64213915264696,99.83565494492497,100.0660790042741,5853561.0
2016-04-25,False,daily,113.31,113.55,112.48,113.51,6139854.0,100.42057755711893,100.63327668882583,99.68499305996592,100.59782683354136,6139854.0
2016-04-22,False,daily,113.43,113.7531,112.828,113.32,7508690.0,100.5269271229724,100.8132733290328,99.99340680094092,100.42944002094005,7508690.0
2016-04-21,False,daily,113.31,113.73,112.77,113.57,7884452.0,100.42057755711893,100.79280103760601,99.94200451077842,100.65100161646806,7884452.0
2016-04-20,False,daily,113.19,114.19,113.05,113.58,8213383.0,100.31422799126548,101.20047437337756,100.1901534977698,100.6598640802892,8213383.0
2016-04-19,False,daily,111.65,113.95,111.48,112.68,10526437.0,98.9494085628129,100.98777524167066,98.79874667785384,99.86224233638833,10526437.0
2016-04-18,False,daily,110.0,111.1,109.67,110.93,7772549.0,97.48710203232798,98.46197305265125,97.194640726231,98.31131116769221,7772549.0
2016-04-15,False,daily,110.07,110.4,109.5,110.18,10057921.0,97.54913927907582,97.84160058517281,97.04397884127194,97.64662638110815,10057921.0
2016-04-14,False,daily,110.0,110.29,109.45,109.84,4457099.0,97.48710203232798,97.74411348314048,96.99966652216634,97.34530261119005,4457099.0
2016-04-13,False,daily,110.0,110.35,109.31,109.87,5758284.0,97.48710203232798,97.7972882660672,96.87559202867065,97.37189000265342,5758284.0
2016-04-12,False,daily,109.0,110.24,108.75,109.6,8412327.0,96.6008556502159,97.69980116403487,96.37929405468789,97.13260347948314,8412327.0
2016-04-11,False,daily,109.15,109.62,108.65,108.97,6823922.0,96.73379260753272,97.1503284071254,96.29066941647669,96.57426825875254,6823922.0
2016-04-08,False,daily,109.37,109.64,108.76,109.1,6301634.0,96.92876681159737,97.16805333476763,96.388156518509,96.6894802884271,6301634.0
2016-04-07,False,daily,109.0,109.62,108.63,109.27,7822916.0,96.6008556502159,97.1503284071254,96.27294448883444,96.84014217338616,7822916.0
2016-04-06,False,daily,108.72,109.5,107.88,109.42,6828705.0,96.35270666322452,97.04397884127194,95.60825970225038,96.97307913070297,6828705.0
2016-04-05,False,daily,108.23,109.84,108.005,108.95,7938961.0,95.91844593598961,97.34530261119005,95.71904050001439,96.5565433311103,7938961.0
2016-04-04,False,daily,108.82,109.1,108.26,108.59,10668885.0,96.44133130143572,96.6894802884271,95.94503332745298,96.23749463354996,10668885.0
2016-04-01,False,daily,108.0,109.29,107.69,109.19,9043232.0,95.71460926810383,96.8578671010284,95.43987288964908,96.76924246281719,9043232.0
2016-03-31,False,daily,108.86,108.98,108.04,108.2,8167693.0,96.47678115672021,96.58313072257367,95.75005912338833,95.89185854452624,8167693.0
2016-03-30,False,daily,109.45,109.56,108.93,108.98,5248182.0,96.99966652216634,97.09715362419867,96.53881840346807,96.58313072257367,5248182.0
2016-03-29,False,daily,108.3,109.25,107.74,109.14,6612787.0,95.98048318273744,96.82241724574392,95.4841852087547,96.72493014371159,6612787.0
2016-03-28,False,daily,108.41,108.9,108.06,108.23,4738112.0,96.07797028476978,96.5122310120047,95.76778405103056,95.91844593598961,4738112.0
2016-03-24,False,daily,108.22,108.61,107.75,108.31,6284486.0,95.90958347216849,96.25521956119219,95.49304767257581,95.98934564655858,6284486.0
2016-03-23,False,daily,107.29,108.825,107.2,108.5,8191313.0,95.08537433680426,96.4457625333463,95.00561216241418,96.15773245915987,8191313.0
2016-03-22,False,daily,107.28,107.63,107.05,107.38,7821676.0,95.07651187298315,95.38669810672236,94.87267520509737,95.16513651119435,7821676.0
2016-03-21,False,daily,107.41,107.75,106.55,107.28,7674706.0,95.1917239026577,95.49304767257581,94.42955201404132,95.07651187298315,7674706.0
2016-03-18,False,daily,106.99,107.84,106.36,107.5,14758303.0,94.81950042217063,95.57280984696591,94.26116520144004,95.2714860770478,14758303.0
2016-03-17,False,daily,107.47,107.6,106.45,106.74,8571060.0,95.24489868558443,95.360110715259,94.34092737583012,94.59793882664262,8571060.0
2016-03-16,False,daily,107.73,107.78,106.875,107.41,7065081.0,95.47532274493358,95.51963506403918,94.71758208822774,95.1917239026577,7065081.0
2016-03-15,False,daily,107.62,108.35,106.76,107.76,8476598.0,95.37783564290125,96.02479550184306,94.61566375428487,95.50191013639694,8476598.0
2016-03-14,False,daily,107.92,108.3,107.31,107.66,7242758.0,95.64370955753486,95.98048318273744,95.1030992644465,95.41328549818573,7242758.0
2016-03-11,False,daily,107.5,107.99,107.21,107.71,7763774.0,95.2714860770478,95.70574680428271,95.01447462623528,95.45759781729133,7763774.0
2016-03-10,False,daily,106.99,107.48,106.07,107.14,10474747.0,94.81950042217063,95.25376114940556,94.00415375062752,94.95243737948745,10474747.0
2016-03-09,False,daily,106.84,107.02,106.09,106.84,7564238.0,94.68656346485383,94.846087813634,94.02187867826977,94.68656346485383,7564238.0
2016-03-08,False,daily,106.52,106.77,105.965,106.22,7632880.0,94.40296462257795,94.62452621810598,93.91109788050576,94.13709070794434,7632880.0
2016-03-07,False,daily,106.0,106.9196,105.49,106.74,6973521.0,93.94211650387969,94.75710867686995,93.49013084900253,94.59793882664262,6973521.0
2016-03-04,False,daily,106.51,106.98,106.07,106.5,6715668.0,94.39410215875685,94.81063795834952,94.00415375062752,94.38523969493572,6715668.0
2016-03-03,False,daily,106.82,107.0,105.63,106.65,6927155.0,94.66883853721158,94.82836288599177,93.61420534249821,94.51817665225254,6927155.0
2016-03-02,False,daily,106.91,107.41,106.43,107.04,9766977.0,94.74860071160167,95.1917239026577,94.32320244818789,94.86381274127625,9766977.0
2016-03-01,False,daily,105.9,107.24,105.44,107.22,8298471.0,93.85349186566849,95.04106201769865,93.44581852989693,95.02333709005642,8298471.0
2016-02-29,False,daily,105.28,106.2,105.04,105.21,10111077.0,93.304019108759,94.1193657803021,93.09131997705211,93.24198186201114,10111077.0
2016-02-26,False,daily,106.82,106.92,105.42,105.78,9049441.0,94.66883853721158,94.7574631754228,93.42809360225469,93.74714229981504,9049441.0
2016-02-25,False,daily,104.95,106.39,104.77,106.38,8092468.0,93.01155780266201,94.2877525929034,92.85203345388183,94.27889012908227,8092468.0
2016-02-24,False,daily,103.34,105.075,102.97,104.96,9076094.0,91.58470112746157,93.12233860042602,91.2567899660801,93.02042026648313,9076094.0
2016-02-23,False,daily,104.65,104.79,103.96,104.08,6629181.0,92.7456838880284,92.86975838152408,92.13417388437105,92.2405234502245,6629181.0
2016-02-22,False,daily,104.44,104.75,104.05,104.75,6946975.0,92.55957214778485,92.8343085262396,92.21393605876115,92.8343085262396,6946975.0
2016-02-19,False,daily,103.58,104.68,103.38,104.16,9343260.0,91.79740025916847,92.77227127949176,91.62015098274605,92.31142316079347,9343260.0
2016-02-18,False,daily,102.83,104.6767,102.5,104.24,10744647.0,90.47702152971756,92.10187726888833,90.1866644636395,91.71763808477836,10744647.0
2016-02-17,False,daily,102.75,103.24,102.23,102.5,8904013.0,90.40663193794107,90.83776818757212,89.94909959139383,90.1866644636395,8904013.0
2016-02-16,False,daily,102.37,103.05,101.65,102.32,10452827.0,90.0722813770027,90.67059290710294,89.4387750510142,90.02828788214238,10452827.0
2016-02-12,False,daily,101.82,101.98,100.72,101.82,9035013.0,89.58835293353926,89.72913211709226,88.6204960466124,89.58835293353926,9035013.0
2016-02-11,False,daily,100.46,102.02,99.98,101.7,12465832.0,88.39172987333878,89.76432691298051,87.9693923226798,89.48276854587452,12465832.0
2016-02-10,False,daily,102.05,102.91,101.3684,101.73,9833124.0,89.7907230098967,90.54741112149406,89.19100368796092,89.50916464279071,9833124.0
2016-02-09,False,daily,101.31,102.24,100.9725,101.97,10044539.0,89.13961928596409,89.95789829036588,88.84266319565697,89.7203334181202,10044539.0
2016-02-08,False,daily,100.31,103.51,100.22,102.0,14323776.0,88.25974938875784,91.07533305981781,88.18056109800928,89.74672951503639,14323776.0
2016-02-05,False,daily,102.66,102.77,99.78,100.54,15522154.0,90.3274436471925,90.42422933588519,87.79341834323854,88.46211946511528,15522154.0
2016-02-04,False,daily,103.61,104.085,102.73,103.9,10389000.0,91.16332004953843,91.58125825071139,90.38903453999694,91.41848231972824,10389000.0
2016-02-03,False,daily,103.65,104.38,102.01,104.14,10168633.0,91.19851484542669,91.84081987038724,89.75552821400845,91.62965109505774,10168633.0
2016-02-02,False,daily,103.3,104.26,103.0,103.41,10616349.0,90.8905603814045,91.73523548272249,90.62659941224263,90.98734607009717,10616349.0
2016-02-01,False,daily,103.61,104.785,103.22,104.37,9803745.0,91.16332004953843,92.19716717875576,90.820170789628,91.83202117141518,9803745.0
2016-01-29,False,daily,102.89,104.75,102.63,104.44,15614567.0,90.52981372354994,92.16637173235354,90.30104755027631,91.89361206421961,15614567.0
2016-01-28,False,daily,102.5,103.04,101.85,102.27,12789459.0,90.1866644636395,90.66179420813089,89.61474903045544,89.98429438728206,12789459.0
2016-01-27,False,daily,100.49,103.38,100.49,102.16,19330465.0,88.41812597025496,90.96094997318099,88.41812597025496,89.88750869858939,19330465.0
2016-01-26,False,daily,97.26,101.34,97.135,101.18,17266649.0,85.57614620227882,89.16601538288027,85.46616246512804,89.02523619932728,17266649.0
2016-01-25,False,daily,96.72,97.69,96.04,96.4,9350181.0,85.10101645778744,85.9544902580775,84.5027049276872,84.81945809068145,9350181.0
2016-01-22,False,daily,97.02,97.085,95.95,96.75,8379951.0,85.36497742694931,85.42216897026772,84.42351663693864,85.12741255470364,8379951.0
2016-01-21,False,daily,95.77,96.64,94.28,95.94,11266449.0,84.26514005544152,85.03062686601095,82.95413390860422,84.41471793796657,11266449.0
2016-01-20,False,daily,96.11,97.28,94.53,95.75,12685151.0,84.56429582049164,85.59374360022294,83.17410138290579,84.24754265749739,12685151.0
2016-01-19,False,daily,97.93,98.41,96.9,97.5,12457849.0,86.165659033407,86.58799658406599,85.25939303928457,85.78731497760832,12457849.0
2016-01-15,False,daily,96.37,98.0,96.25,97.0,12662181.0,84.79306199376526,86.22724992621143,84.68747760610052,85.3473800290052,12662181.0
2016-01-14,False,daily,97.1,99.47,97.0,98.89,10164344.0,85.43536701872581,87.5206586751046,85.3473800290052,87.01033413472499,10164344.0
2016-01-13,False,daily,98.49,98.98,96.84,97.02,8290689.0,86.65838617584248,87.08952242547355,85.2066008454522,85.36497742694931,8290689.0
2016-01-12,False,daily,97.99,98.63,97.24,98.24,6745013.0,86.21845122723937,86.78156796145136,85.55854880433469,86.43841870154093,6745013.0
2016-01-11,False,daily,98.24,98.63,96.08,97.57,8151427.0,86.43841870154093,86.78156796145136,84.53789972357545,85.84890587041274,8151427.0
2016-01-08,False,daily,99.88,99.94,97.85,98.16,9766711.0,87.88140533295916,87.93419752679154,86.09526944163049,86.36802910976442,9766711.0
2016-01-07,False,daily,99.31,100.09,98.88,99.22,9433097.0,87.3798794915516,88.06617801137247,87.00153543575291,87.30069120080304,9433097.0
2016-01-06,False,daily,99.82,100.97,99.6,100.39,7733825.0,87.82861313912679,88.84046352091396,87.6350417617414,88.33013898053434,7733825.0
2016-01-05,False,daily,100.58,101.44,100.57,100.9,6467235.0,88.49731426100352,89.2540023726009,88.48851556203147,88.77887262810953,6467235.0
2016-01-04,False,daily,101.71,101.81,99.45,100.48,12722756.0,89.49156724484658,89.5795542345672,87.50306127716048,88.4093272712829,12722756.0
2017-12-29,False,daily,140.98,141.2074,139.58,139.72,4452924.0,130.8639786095503,131.07506152014622,129.5644356243512,129.6943899228711,4452924.0
2017-12-28,False,daily,140.7,141.0,140.33,140.56,2484959.0,130.60407001251045,130.88254350933886,130.26061936642213,130.47411571399056,2484959.0
2017-12-27,False,daily,140.42,141.15,140.2,140.57,3753629.0,130.34416141547064,131.02178025775305,130.1399475177965,130.48339816388483,3753629.0
2017-12-26,False,daily,140.46,140.54,139.68,140.09,3271087.0,130.38129121504778,130.45555081420198,129.65726012329398,130.03784056895944,3271087.0
2017-12-22,False,daily,141.0,141.35,140.04,140.12,4665587.0,130.88254350933886,131.20742925563863,129.99142831948802,130.06568791864228,4665587.0
2017-12-21,False,daily,141.59,142.17,141.02,141.06,6284711.0,131.43020805310132,131.96859014696952,130.9011084091274,130.93823820870452,6284711.0
2017-12-20,False,daily,142.26,142.58,141.08,141.16,6289782.0,132.05213219601805,132.349170592635,130.9568031084931,131.03106270764732,6289782.0
2017-12-19,False,daily,141.89,142.38,141.36,141.78,6580136.0,131.7086815499297,132.1635215947494,131.21671170553293,131.60657460109263,6580136.0
2017-12-18,False,daily,142.56,143.8,141.401,141.8,5833232.0,132.33060569284643,133.48162947973708,131.25476975009946,131.6251395008812,5833232.0
2017-12-15,False,daily,142.48,143.14,141.78,142.46,12516980.0,132.25634609369217,132.86898778671463,131.60657460109263,132.23778119390363,12516980.0
2017-12-14,False,daily,143.52,143.62,141.61,141.65,5337934.0,133.22172088269724,133.31454538164004,131.4487729528899,131.485902752467,5337934.0
2017-12-13,False,daily,142.5,143.43,142.21,142.89,6118375.0,132.27491099348074,133.13817883364874,132.00571994654666,132.63692653935763,6118375.0
2017-12-12,False,daily,142.06,143.57,142.04,142.6,8016720.0,131.86648319813247,133.26813313216863,131.8479182983439,132.36773549242355,8016720.0
2017-12-11,False,daily,140.1,141.17,139.83,141.14,4358620.0,130.0471230188537,131.0403451575416,129.79649687170817,131.01249780785875,4358620.0
2017-12-08,False,daily,140.0,140.76,139.8,140.59,5101341.0,129.9542985199109,130.65976471187614,129.76864952202533,130.5019630636734,5101341.0
2017-12-07,False,daily,141.0,141.499,139.26,140.01,4713177.0,130.88254350933886,131.34573775906338,129.26739722773422,129.96358096980518,4713177.0
2017-12-06,False,daily,140.25,141.96,140.19,141.06,5591702.0,130.1863597672679,131.77365869918967,130.1306650679022,130.93823820870452,5591702.0
2017-12-05,False,daily,139.88,140.81,139.2,139.67,6745335.0,129.84290912117956,130.70617696134755,129.21170252836856,129.64797767339968,6745335.0
2017-12-04,False,daily,140.62,141.5,138.93,139.01,5916688.0,130.52981041335624,131.34666600405282,128.96107638122302,129.03533598037725,5916688.0
2017-12-01,False,daily,139.57,140.53,138.6,139.98,5990487.0,129.5551531744569,130.4462683643077,128.6547555347118,129.93573362012233,5990487.0
2017-11-30,False,daily,140.06,140.28,138.48,139.33,8941892.0,130.0099932192766,130.21420711695075,128.54336613598045,129.3323743769942,8941892.0
2017-11-29,False,daily,140.22,140.63,138.95,139.81,5851449.0,130.15851241758506,130.53909286325052,128.97964128101157,129.7779319719196,5851449.0
2017-11-28,False,daily,138.3,140.53,138.2517,140.02,5052825.0,128.37628203788344,130.4462683643077,128.33144780489405,129.97286341969948,5052825.0
2017-11-27,False,daily,137.51,138.31,137.48,138.1,3933071.0,127.64296849623534,128.3855644877777,127.61512114655251,128.19063303999783,3933071.0
2017-11-24,False,daily,137.5,138.38,137.31,138.01,2606832.0,126.85684164174056,127.6687254282477,126.68154855147198,127.32736519982991,2606832.0
2017-11-22,False,daily,138.3,138.38,136.6,137.29,3917467.0,127.59491781129252,127.6687254282477,126.02650595099462,126.66309664723316,3917467.0
2017-11-21,False,daily,138.45,139.26,138.19,138.34,5660581.0,127.73330709308348,128.48060921475482,127.4934323379791,127.63182161977011,5660581.0
2017-11-20,False,daily,138.15,138.56,137.74,137.93,4266264.0,127.45652852950151,127.83479256639689,127.07826449260615,127.25355758287473,4266264.0
2017-11-17,False,daily,138.3,138.86,137.89,138.0,4247381.0,127.59491781129252,128.11157112997887,127.21665377439712,127.31813924771052,4247381.0
2017-11-16,False,daily,139.42,139.68,138.64,138.87,4193806.0,128.6282244486652,128.86809920376962,127.90860018335206,128.12079708209828,4193806.0
2017-11-15,False,daily,139.23,139.83,138.75,139.1,4811462.0,128.45293135839663,129.0064884855606,128.01008565666547,128.33299398084444,4811462.0
2017-11-14,False,daily,139.57,140.2843,138.92,139.49,4078239.0,128.7666137304562,129.42562349034492,128.16692684269526,128.69280611350104,4078239.0
2017-11-13,False,daily,139.01,140.02,138.42,139.76,4322275.0,128.24996041176985,129.1817815758292,127.70562923672529,128.9419068207248,4322275.0
2017-11-10,False,daily,140.13,140.13,138.61,139.56,4240786.0,129.28326704914258,129.28326704914258,127.8809223269939,128.7573877783368,4240786.0
2017-11-09,False,daily,140.86,141.41,139.8,140.35,3517130.0,129.95676155385874,130.4641889204257,128.9788106292024,129.48623799576936,3517130.0
2017-11-08,False,daily,139.7,141.87,139.4601,141.32,4440729.0,128.8865511080084,130.88858271791807,128.66522051666402,130.38115535135108,4440729.0
2017-11-07,False,daily,140.08,140.15,138.91,139.77,4201853.0,129.2371372885456,129.30171895338137,128.15770089057585,128.9511327728442,4201853.0
2017-11-06,False,daily,140.01,140.49,139.72,139.76,4220666.0,129.17255562370977,129.61540132544096,128.9050030122472,128.9419068207248,4220666.0
2017-11-03,False,daily,139.73,140.4,139.3,140.08,2736951.0,128.9142289643666,129.53236775636637,128.51751302323245,129.2371372885456,2736951.0
2017-11-02,False,daily,140.11,140.29,139.11,139.93,3494055.0,129.2648151449038,129.43088228305297,128.34221993296387,129.0987480067546,3494055.0
2017-11-01,False,daily,139.83,140.59,139.34,139.98,5006771.0,129.0064884855606,129.70766084663495,128.55441683171003,129.14487776735157,5006771.0
2017-10-31,False,daily,140.02,140.26,138.98,139.41,4832136.0,129.1817815758292,129.40320442669477,128.22228255541165,128.61899849654583,4832136.0
2017-10-30,False,daily,141.08,141.21,139.32,140.0,6034336.0,130.15973250048552,130.2796698780377,128.5359649274712,129.1633296715904,6034336.0
2017-10-27,False,daily,141.0,142.7,140.2,141.78,5140654.0,130.0859248835303,131.6543367438282,129.34784871397835,130.80554914884345,5140654.0
2017-10-26,False,daily,142.51,143.75,141.38,141.81,5841067.0,131.47904365355961,132.62306171636513,130.43651106406747,130.83322700520165,5841067.0
2017-10-25,False,daily,141.16,143.23,140.9594,142.36,6563580.0,130.2335401174407,132.14331220615637,130.04846751792553,131.34065437176864,6563580.0
2017-10-24,False,daily,143.38,143.38,140.93,141.64,6585767.0,132.28170148794734,132.28170148794734,130.02134321869454,130.67638581917186,6585767.0
2017-10-23,False,daily,142.13,144.3523,142.081,143.62,6685964.0,131.12845747302242,133.17874081251657,131.08325030763737,132.50312433881294,6685964.0
2017-10-20,False,daily,142.38,143.62,141.83,142.4,5634523.0,131.35910627600742,132.50312433881294,130.85167890944047,131.37755818024624,5634523.0
2017-10-19,False,daily,140.71,142.98,140.535,142.04,9181291.0,129.81837227206773,131.91266340317136,129.65691810997825,131.04542390394784,9181291.0
2017-10-18,False,daily,140.79,141.58,140.07,140.68,6827734.0,129.8921798890229,130.6210301064555,129.22791133642616,129.79069441570954,6827734.0
2017-10-17,False,daily,137.67,141.12,137.06,140.79,11717348.0,127.01368282777034,130.19663630896312,126.45089974848699,129.8921798890229,11717348.0
2017-10-16,False,daily,136.45,137.26,135.54,136.12,5120140.0,125.88811666920363,126.63541879087497,125.04855502633828,125.58366024926346,5120140.0
2017-10-13,False,daily,136.6,137.42,136.34,136.43,4106625.0,126.02650595099462,126.78303402478535,125.78663119589024,125.86966476496484,4106625.0
2017-10-12,False,daily,136.34,137.52,136.02,136.83,5172806.0,125.78663119589024,126.87529354597936,125.49140072806946,126.23870284974082,5172806.0
2017-10-11,False,daily,134.88,137.08,134.37,136.65,8269430.0,124.43964218645793,126.46935165272579,123.96911862836858,126.07263571159162,8269430.0
2017-10-10,False,daily,133.56,134.13,132.92,133.9,4184588.0,123.22181650669722,123.74769577750298,122.63135557105566,123.53549887875681,4184588.0
2017-10-09,False,daily,133.66,133.815,133.17,133.45,3751097.0,123.31407602789122,123.45707828574191,122.86200437404064,123.12033103338382,3751097.0
2017-10-06,False,daily,133.0,133.25,132.48,133.22,2469506.0,122.70516318801087,122.93581199099584,122.2254136778021,122.90813413463765,2469506.0
2017-10-05,False,daily,132.89,133.31,132.36,133.19,3741108.0,122.60367771469745,122.99116770371225,122.11470225236933,122.88045627827945,3741108.0
2017-10-04,False,daily,132.4,133.18,132.1,132.89,3589047.0,122.15160606084692,122.87123032616006,121.87482749726492,122.60367771469745,3589047.0
2017-10-03,False,daily,131.65,132.4,131.36,132.1,3900761.0,121.45965965189197,122.15160606084692,121.19210704042939,121.87482749726492,3900761.0
2017-10-02,False,daily,130.16,131.33,130.02,131.22,4492936.0,120.08499278610145,121.1644291840712,119.95582945642988,121.06294371075779,4492936.0
2017-09-29,False,daily,129.58,130.47,129.05,130.01,5736925.0,119.54988756317631,120.37099730180284,119.06091210084814,119.94660350431046,5736925.0
2017-09-28,False,daily,129.91,130.27,129.29,129.47,3992740.0,119.85434398311648,120.18647825941487,119.28233495171371,119.44840208986291,3992740.0
2017-09-27,False,daily,131.0,131.09,129.43,129.75,5796066.0,120.859972764131,120.9430063332056,119.41149828138532,119.70672874920609,5796066.0
2017-09-26,False,daily,131.5,131.94,130.82,130.94,4516193.0,121.32127037010098,121.72721226335453,120.69390562598181,120.80461705141461,4516193.0
2017-09-25,False,daily,131.47,131.76,130.83,131.17,6017418.0,121.29359251374277,121.56114512520534,120.70313157810122,121.01681395016078,6017418.0
2017-09-22,False,daily,131.99,132.39,131.2701,131.39,4334862.0,121.77334202395154,122.1423801087275,121.10916573087599,121.21978489678756,4334862.0
2017-09-21,False,daily,133.31,133.82,131.3775,131.75,6051811.0,122.99116770371225,123.4616912618016,121.20825245663832,121.55191917308595,6051811.0
2017-09-20,False,daily,133.25,134.29,132.34,133.22,8705535.0,122.93581199099584,123.89531101141337,122.09625034813051,122.90813413463765,8705535.0
2017-09-19,False,daily,135.02,135.79,134.35,135.22,4903837.0,124.56880551612954,125.27920382932327,123.95066672412977,124.75332455851752,4903837.0
2017-09-18,False,daily,134.44,135.77,134.11,135.38,5261593.0,124.03370029320436,125.26075192508449,123.72924387326421,124.9009397924279,5261593.0
2017-09-15,False,daily,134.79,135.45,134.18,134.45,15522011.0,124.35660861738333,124.96552145726369,123.7938255381,124.04292624532376,15522011.0
2017-09-14,False,daily,132.14,134.47,131.99,134.18,6274510.0,121.9117313057425,124.06137814956256,121.77334202395154,123.7938255381,6274510.0
2017-09-13,False,daily,132.67,133.7467,131.85,132.45,4679486.0,122.40070676807068,123.39406503276642,121.64417869427994,122.1977358214439,4679486.0
2017-09-12,False,daily,133.83,133.88,131.93,132.63,5465190.0,123.47091721392103,123.517046974518,121.71798631123515,122.36380295959309,5465190.0
2017-09-11,False,daily,131.37,133.34,131.02,133.21,5724233.0,121.20133299254879,123.01884556007045,120.87842466836982,122.89890818251826,5724233.0
2017-09-08,False,daily,132.0,132.34,130.87,130.98,4854414.0,121.78256797607094,122.09625034813051,120.74003538657881,120.8415208598922,4854414.0
2017-09-07,False,daily,130.86,132.52,130.25,132.19,3800234.0,120.73080943445943,122.26231748627971,120.16802635517605,121.95786106633952,3800234.0
2017-09-06,False,daily,130.54,131.0,130.21,130.67,5601903.0,120.43557896663863,120.859972764131,120.13112254669846,120.55551634419082,5601903.0
2017-09-05,False,daily,130.72,131.18,129.72,129.9,5154935.0,120.60164610478782,121.0260399022802,119.6790508928479,119.84511803099709,5154935.0
2017-09-01,False,daily,132.6,132.65,130.935,131.03,3820814.0,122.33612510323489,122.38225486383189,120.8000040753549,120.8876506204892,3820814.0
2017-08-31,False,daily,131.39,132.5,131.25,132.37,7407143.0,121.21978489678756,122.2438655820409,121.09062156711599,122.12392820448872,7407143.0
2017-08-30,False,daily,132.0,132.0,130.9,131.07,5430781.0,121.78256797607094,121.78256797607094,120.76771324293702,120.92455442896679,5430781.0
2017-08-29,False,daily,131.57,132.45,131.3,132.21,3277875.0,121.38585203493676,122.1977358214439,121.136751327713,121.97631297057833,3277875.0
2017-08-28,False,daily,131.68,132.12,131.49,131.74,5349181.0,121.48733750825016,121.89327940150373,121.31204441798158,121.54269322096656,5349181.0
2017-08-25,False,daily,131.91,132.56,131.62,131.68,4133347.0,121.69953440699634,122.2992212947573,121.43198179553376,121.48733750825016,4133347.0
2017-08-24,False,daily,132.82,133.08,132.27,132.89,5398432.0,121.76452429365814,122.00288279626582,121.26030438429576,121.82869773666789,5398432.0
2017-08-23,False,daily,134.43,134.49,132.65,132.8,5129938.0,123.24051348288259,123.29551929117666,121.6086745034916,121.7461890242268,5129938.0
2017-08-22,False,daily,133.27,134.79,132.9,134.7,4150284.0,122.17706785586374,123.57054833264705,121.83786537138359,123.48803962020592,4150284.0
2017-08-21,False,daily,132.28,133.65,132.1875,133.45,4659993.0,121.26947201901145,122.52543797505956,121.1846713978914,122.34208528074596,4659993.0
2017-08-18,False,daily,132.67,133.78,132.381,132.63,4792761.0,121.62700977292293,122.6446172263634,121.3620651296398,121.59033923406022,4792761.0
2017-08-17,False,daily,134.18,134.74,133.0314,133.04,5741389.0,123.01132261499059,123.52471015906866,121.9583280915476,121.96621225740309,5741389.0
2017-08-16,False,daily,134.08,134.97,133.86,134.17,4469937.0,122.9196462678338,123.73556575752929,122.71795830408885,123.0021549802749,4469937.0
2017-08-15,False,daily,133.85,133.94,133.195,133.38,3931763.0,122.70879066937314,122.79129938181427,122.10831059549612,122.2779118377362,3931763.0
2017-08-14,False,daily,134.2,134.37,132.87,133.48,3041064.0,123.02965788442194,123.18550767458851,121.81036246723654,122.36958818489299,3041064.0
2017-08-11,False,daily,133.64,134.49,132.75,133.1,4270571.0,122.51627034034387,123.29551929117666,121.70035085064839,122.02121806569717,4270571.0
2017-08-10,False,daily,133.04,133.8501,132.37,133.09,5607853.0,121.96621225740309,122.70888234572031,121.35198073145256,122.0120504309815,5607853.0
2017-08-09,False,daily,132.81,133.41,132.365,133.23,6332347.0,121.75535665894246,122.30541474188324,121.34739691409473,122.140397317001,6332347.0
2017-08-08,False,daily,132.5,132.8,131.4,132.27,5535804.0,121.47115998275639,121.7461890242268,120.46272016403162,121.26030438429576,5535804.0
2017-08-07,False,daily,133.09,133.48,132.51,132.86,3010828.0,122.0120504309815,122.36958818489299,121.48032761747207,121.80119483252088,3010828.0
2017-08-04,False,daily,133.74,134.01,132.8,133.18,3192805.0,122.60794668750069,122.85547282482402,121.7461890242268,122.09455914342261,3192805.0
2017-08-03,False,daily,131.91,133.4,131.51,133.35,4327314.0,120.93026953453129,122.29624710716757,120.5635641459041,122.25040893358917,4327314.0
2017-08-02,False,daily,132.08,132.5,131.5,132.16,4032147.0,121.08611932469786,121.47115998275639,120.55439651118841,121.15946040242328,4032147.0
2017-08-01,False,daily,133.17,133.35,132.28,132.51,3837566.0,122.08539150870692,122.25040893358917,121.26947201901145,121.48032761747207,3837566.0
2017-07-31,False,daily,132.14,133.58,132.1,132.72,5440788.0,121.14112513299192,122.46126453204981,121.1044545941292,121.67284794650135,5440788.0
2017-07-28,False,daily,131.14,131.99,130.52,131.85,4970860.0,120.22436166142394,121.00361061225674,119.65596830905181,120.87526372623721,4970860.0
2017-07-27,False,daily,130.85,131.15,129.5711,130.83,5838110.0,119.95850025466923,120.23352929613964,118.78605145088096,119.94016498523789,5838110.0
2017-07-26,False,daily,131.66,132.24,130.75,130.95,5382182.0,120.70107866663929,121.23280148014872,119.86682390751244,120.05017660182602,5382182.0
2017-07-25,False,daily,133.74,133.8499,131.45,131.88,6262907.0,122.60794668750069,122.70869899302599,120.50855833761001,120.90276663038425,6262907.0
2017-07-24,False,daily,134.99,135.16,132.85,133.01,8306671.0,123.75390102696065,123.9097508171272,121.79202719780518,121.93870935325604,8306671.0
2017-07-21,False,daily,135.33,136.27,135.1,135.31,6773546.0,124.06560060729377,124.92735827056767,123.85474500883312,124.0472653378624,6773546.0
2017-07-20,False,daily,135.73,137.08,135.62,136.57,6088612.0,124.43230599592094,125.66993668253772,124.33146201404847,125.20238731203804,6088612.0
2017-07-19,False,daily,134.84,135.41,134.52,135.21,5503298.0,123.61638650622545,124.13894168501919,123.3230221953237,123.9555889907056,5503298.0
2017-07-18,False,daily,131.62,134.95,131.0801,134.46,10255960.0,120.66440812777658,123.71723048809791,120.16944752947701,123.26801638702963,10255960.0
2017-07-17,False,daily,132.71,132.93,131.75,132.15,4939384.0,121.66368031178567,121.86536827553063,120.78358737908042,121.15029276770761,4939384.0
2017-07-14,False,daily,132.0,133.0,131.74,132.6,4383133.0,121.0127782469724,121.92954171854038,120.77441974436474,121.56283632991318,4383133.0
2017-07-13,False,daily,132.1,132.22,130.99,131.86,4424422.0,121.1044545941292,121.21446621071736,120.08684714068876,120.8844313609529,4424422.0
2017-07-12,False,daily,132.04,132.89,131.77,132.23,5053248.0,121.04944878583512,121.82869773666789,120.80192264851178,121.22363384543303,5053248.0
2017-07-11,False,daily,131.43,131.79,130.48,131.23,3733072.0,120.49022306817866,120.82025791794312,119.61929777018908,120.30687037386505,3733072.0
2017-07-10,False,daily,132.74,132.87,131.23,131.55,4019587.0,121.69118321593271,121.81036246723654,120.30687037386505,120.60023468476683,4019587.0
2017-07-07,False,daily,132.91,133.0,131.69,132.54,4994080.0,121.84703300609925,121.92954171854038,120.72858157078633,121.5078305216191,4994080.0
2017-07-06,False,daily,133.61,133.97,132.405,132.52,4282244.0,122.48876743619685,122.81880228596131,121.38406745295744,121.48949525218777,4282244.0
2017-07-05,False,daily,132.98,134.06,132.42,133.64,4302669.0,121.91120644910902,122.90131099840244,121.39781890503095,122.51627034034387,4302669.0
2017-07-03,False,daily,132.79,133.32,132.65,132.9,2930998.0,121.7370213895111,122.22290602944213,121.6086745034916,121.83786537138359,2930998.0
2017-06-30,False,daily,132.7,133.2,132.28,132.29,5264416.0,121.65451267706997,122.11289441285396,121.26947201901145,121.27863965372711,5264416.0
2017-06-29,False,daily,133.4,133.7276,132.31,132.64,5749952.0,122.29624710716757,122.59657882045323,121.29697492315849,121.59950686877589,5749952.0
2017-06-28,False,daily,135.95,136.2,133.57,133.82,6557871.0,124.63399395966589,124.86318482755789,122.45209689733412,122.68128776522612,6557871.0
2017-06-27,False,daily,136.5,136.73,134.99,135.01,6120536.0,125.13821386902828,125.3490694674889,123.75390102696065,123.772236296392,6120536.0
2017-06-26,False,daily,136.48,136.899,136.2,136.34,5561844.0,125.11987859959692,125.50400249418391,124.86318482755789,124.99153171357742,5561844.0
2017-06-23,False,daily,135.45,136.51,135.32,136.43,9007077.0,124.1756122238819,125.14738150374396,124.05643297257807,125.07404042601853,9007077.0
2017-06-22,False,daily,135.45,137.0,135.27,136.05,7311037.0,124.1756122238819,125.59659560481226,124.01059479899969,124.7256703068227,7311037.0
2017-06-21,False,daily,134.29,135.11,134.02,134.91,5841053.0,123.11216659686306,123.86391264354882,122.86464045953971,123.6805599492352,5841053.0
2017-06-20,False,daily,133.9,134.755,133.9,134.22,5201174.0,122.75462884295156,123.53846161114217,122.75462884295156,123.0479931538533,5201174.0
2017-06-19,False,daily,134.15,134.68,133.49,134.07,7488704.0,122.98381971084355,123.46970435077458,122.3787558196087,122.9104786331181,7488704.0
2017-06-16,False,daily,133.72,134.605,133.04,134.35,12639630.0,122.58961141806932,123.40094709040697,121.96621225740309,123.16717240515713,12639630.0
2017-06-15,False,daily,132.0,133.35,131.805,133.04,5264996.0,121.0127782469724,122.25040893358917,120.83400937001666,121.96621225740309,5264996.0
2017-06-14,False,daily,132.51,133.56,132.51,132.77,7329376.0,121.48032761747207,122.44292926261845,121.48032761747207,121.71868612007975,7329376.0
2017-06-13,False,daily,131.75,132.73,131.4,132.02,5733817.0,120.78358737908042,121.68201558121702,120.46272016403162,121.03111351640378,5733817.0
2017-06-12,False,daily,131.64,132.04,131.09,131.82,8020951.0,120.68274339720793,121.04944878583512,120.17852348784555,120.84776082209017,8020951.0
2017-06-09,False,daily,130.37,131.7,130.31,131.53,5993031.0,119.51845378831662,120.737749205502,119.46344798002254,120.58189941533546,5993031.0
2017-06-08,False,daily,131.0,131.4,129.96,130.55,8101669.0,120.09601477540443,120.46272016403162,119.14258076497374,119.68347121319886,8101669.0
2017-06-07,False,daily,131.0,131.48,130.58,130.75,5765471.0,120.09601477540443,120.53606124175705,119.7109741173459,119.86682390751244,5765471.0
2017-06-06,False,daily,130.18,131.33,130.03,130.83,5619093.0,119.3442687287187,120.39854672102187,119.20675420798351,119.94016498523789,5619093.0
2017-06-05,False,daily,129.97,130.7,129.8,130.36,4634663.0,119.15174839968942,119.82098573393404,118.99589860952288,119.50928615360094,4634663.0
2017-06-02,False,daily,129.05,130.14,128.83,130.08,6562557.0,118.3083260058469,119.30759818985597,118.10663804210195,119.25259238156191,6562557.0
2017-06-01,False,daily,128.32,128.78,128.12,128.78,5790899.0,117.63908867160227,118.06079986852353,117.45573597728868,118.06079986852353,5790899.0
2017-05-31,False,daily,127.35,128.8,127.35,128.25,8813511.0,116.74982810418133,118.0791351379549,116.74982810418133,117.5749152285925,8813511.0
2017-05-30,False,daily,126.7,127.3901,126.19,127.11,3665353.0,116.15393184766215,116.78659031939121,115.68638247716248,116.52980487100501,3665353.0
2017-05-26,False,daily,127.23,127.67,126.83,126.92,4005234.0,116.63981648759318,117.04319241508308,116.27311109896598,116.35561981140711,4005234.0
2017-05-25,False,daily,126.74,127.62,126.33,127.53,5294263.0,116.19060238652486,116.9973542415047,115.814729363182,116.91484552906357,5294263.0
2017-05-24,False,daily,127.79,128.0,127.29,127.51,3968185.0,116.38143168921495,116.57268374848981,115.9260696433224,116.12642894351512,3968185.0
2017-05-23,False,daily,127.31,128.15,127.31,127.52,3973025.0,115.9442841251581,116.70929236225757,115.9442841251581,116.13553618443297,3973025.0
2017-05-22,False,daily,126.63,127.65,126.63,127.26,4858199.0,115.32499174274425,116.25393031636504,115.32499174274425,115.89874792056885,4858199.0
2017-05-19,False,daily,127.03,127.39,126.44,127.0,6957196.0,115.68928137945828,116.01714205250092,115.15195416530509,115.66195965670474,6957196.0
2017-05-18,False,daily,126.46,127.87,125.96,126.97,6571254.0,115.17016864714078,116.45428961655776,114.71480660124824,115.63463793395118,6571254.0
2017-05-17,False,daily,126.6,127.89,126.45,126.67,6480802.0,115.29767001999069,116.47250409839344,115.16106140622294,115.36142070641566,6480802.0
2017-05-16,False,daily,127.34,128.37,127.06,127.77,7233801.0,115.97160584791166,116.90965166245029,115.71660310221183,116.36321720737924,7233801.0
2017-05-15,False,daily,124.41,127.36,124.33,126.99,9854621.0,113.30318425898137,115.98982032974736,113.23032633163858,115.65285241578688,9854621.0
2017-05-12,False,daily,123.11,124.1,123.01,123.64,4097060.0,112.11924293966078,113.02085979052801,112.02817053048229,112.60192670830688,4097060.0
2017-05-11,False,daily,122.5,123.21,122.34,123.2,4095893.0,111.56370124367189,112.21031534883929,111.41798538898628,112.20120810792145,4095893.0
2017-05-10,False,daily,122.91,123.055,122.38,122.81,4237412.0,111.93709812130376,112.0691531146126,111.45441435265768,111.84602571212527,4237412.0
2017-05-09,False,daily,123.23,123.47,122.88,123.21,3762488.0,112.228529830675,112.44710361270342,111.9097763985502,112.21031534883929,3762488.0
2017-05-08,False,daily,123.53,123.8,123.02,123.25,3609058.0,112.50174705821051,112.74764256299248,112.03727777140013,112.2467443125107,3609058.0
2017-05-05,False,daily,123.8,123.8,122.86,123.51,4139755.0,112.74764256299248,112.74764256299248,111.89156191671451,112.48353257637481,4139755.0
2017-05-04,False,daily,123.69,123.95,123.23,123.95,3753701.0,112.64746291289613,112.88425117676024,112.228529830675,112.88425117676024,3753701.0
2017-05-03,False,daily,123.59,123.7,123.04,123.33,3736531.0,112.55639050371762,112.65657015381399,112.05549225323584,112.3196022398535,3736531.0
2017-05-02,False,daily,123.52,123.74,122.89,123.7,4881641.0,112.49263981729266,112.69299911748537,111.91888363946806,112.65657015381399,4881641.0
2017-05-01,False,daily,123.4,123.775,123.0,123.34,4556360.0,112.38335292627846,112.72487446069786,112.01906328956443,112.32870948077135,4556360.0
2017-04-28,False,daily,123.85,123.9,123.13,123.47,4381766.0,112.79317876758174,112.838714972171,112.13745742149648,112.44710361270342,4381766.0
2017-04-27,False,daily,123.58,124.3057,123.4,123.74,4225165.0,112.54728326279977,113.2081957362082,112.38335292627846,112.69299911748537,4225165.0
2017-04-26,False,daily,123.79,124.26,123.48,123.51,5021839.0,112.73853532207464,113.16657564521363,112.45621085362127,112.48353257637481,5021839.0
2017-04-25,False,daily,123.34,123.745,123.01,123.43,5089987.0,112.32870948077135,112.6975527379443,112.02817053048229,112.41067464903202,5089987.0
2017-04-24,False,daily,122.52,123.21,122.15,122.89,5679021.0,111.58191572550759,112.21031534883929,111.24494781154712,111.91888363946806,5679021.0
2017-04-21,False,daily,121.78,122.04,121.54,121.76,6021721.0,110.90797989758663,111.14476816145076,110.68940611555821,110.88976541575093,6021721.0
2017-04-20,False,daily,121.86,122.15,121.35,121.87,6330136.0,110.98083782492944,111.24494781154712,110.51636853811904,110.9899450658473,6330136.0
2017-04-19,False,daily,122.1,122.28,121.11,121.37,6993098.0,111.19941160695785,111.36334194347917,110.29779475609062,110.53458301995475,6993098.0
2017-04-18,False,daily,123.18,123.37,120.95,121.82,13485682.0,112.18299362608575,112.3560312035249,110.15207890140502,110.94440886125803,13485682.0
2017-04-17,False,daily,125.02,125.81,124.93,125.72,5367465.0,113.85872595497028,114.5781979874805,113.77676078670963,114.49623281921983,5367465.0
2017-04-13,False,daily,125.13,125.65,124.96,124.99,5396539.0,113.95890560506663,114.43248213279489,113.80408250946317,113.83140423221673,5396539.0
2017-04-12,False,daily,124.54,125.46,124.36,125.4,5556604.0,113.42157839091345,114.25944455535571,113.25764805439213,114.20480110984862,5556604.0
2017-04-11,False,daily,124.26,124.79,123.95,124.22,4161540.0,113.16657564521363,113.64925941385972,112.88425117676024,113.13014668154221,4161540.0
2017-04-10,False,daily,124.87,124.95,124.23,124.34,4594234.0,113.72211734120252,113.79497526854533,113.13925392246007,113.23943357255644,4594234.0
2017-04-07,False,daily,125.12,125.47,124.83,124.92,3615126.0,113.94979836414879,114.26855179627357,113.68568837753111,113.76765354579177,3615126.0
2017-04-06,False,daily,124.85,125.46,124.5,125.05,4324385.0,113.7039028593668,114.25944455535571,113.38514942724204,113.88604767772382,4324385.0
2017-04-05,False,daily,124.72,125.6016,124.41,124.8,5646251.0,113.58550872743476,114.38840308675249,113.30318425898137,113.65836665477757,5646251.0
2017-04-04,False,daily,124.51,124.765,124.22,124.68,5358474.0,113.3942566681599,113.62649131156509,113.13014668154221,113.54907976376336,5358474.0
2017-04-03,False,daily,124.73,125.31,124.2829,124.69,4956532.0,113.59461596835261,114.12283594158795,113.18743122691549,113.5581870046812,4956532.0
2017-03-31,False,daily,124.11,124.825,124.03,124.55,5657560.0,113.02996703144586,113.68113475707219,112.95710910410305,113.4306856318313,5657560.0
2017-03-30,False,daily,124.74,125.43,124.28,124.66,4711693.0,113.60372320927046,114.23212283260217,113.18479012704933,113.53086528192765,4711693.0
2017-03-29,False,daily,125.05,125.33,124.36,124.92,3971828.0,113.88604767772382,114.14105042342365,113.25764805439213,113.76765354579177,3971828.0
2017-03-28,False,daily,125.62,125.78,124.78,125.66,5287559.0,114.40516041004133,114.55087626472694,113.64015217294187,114.44158937371273,5287559.0
2017-03-27,False,daily,125.16,126.14,125.15,125.8,5004285.0,113.98622732782019,114.87873693776956,113.97712008690235,114.56909074656264,5004285.0
2017-03-24,False,daily,125.86,126.36,125.13,125.48,6490304.0,114.62373419206975,115.07909623796228,113.95890560506663,114.27765903719141,6490304.0
2017-03-23,False,daily,126.1,127.002,125.66,125.9,8508073.0,114.84230797409816,115.6637811048883,114.44158937371273,114.66016315574116,8508073.0
2017-03-22,False,daily,127.05,127.65,126.21,126.26,10272668.0,115.70749586129398,116.25393031636504,114.94248762419451,114.98802382878378,10272668.0
2017-03-21,False,daily,128.38,128.45,127.14,127.25,7578634.0,116.91875890336813,116.98250958979308,115.78946102955464,115.889640679651,7578634.0
2017-03-20,False,daily,128.04,128.42,127.97,128.07,5827497.0,116.6091127121612,116.95518786703953,116.54536202573625,116.63643443491476,5827497.0
2017-03-17,False,daily,128.45,128.94,127.95,128.06,13300756.0,116.98250958979308,117.42876439476778,116.52714754390055,116.62732719399692,13300756.0
2017-03-16,False,daily,128.44,128.7,127.77,128.46,7610720.0,116.97340234887524,117.21019061273935,116.36321720737924,116.99161683071095,7610720.0
2017-03-15,False,daily,127.05,129.0,126.6,128.96,8360637.0,115.70749586129398,117.48340784027488,115.29767001999069,117.4469788766035,8360637.0
2017-03-14,False,daily,126.86,127.75,126.77,127.05,7679707.0,115.53445828385482,116.34500272554354,115.45249311559417,115.70749586129398,7679707.0
2017-03-13,False,daily,125.83,126.95,125.79,126.68,7162476.0,114.59641246931619,115.61642345211548,114.5599835056448,115.37052794733351,7162476.0
2017-03-10,False,daily,126.04,126.49,125.54,126.21,7395375.0,114.78766452859107,115.19749036989434,114.33230248269852,114.94248762419451,7395375.0
2017-03-09,False,daily,124.58,126.21,124.17,125.95,8571147.0,113.45800735458485,114.94248762419451,113.08461047695296,114.7056993603304,8571147.0
2017-03-08,False,daily,123.75,124.68,123.5,124.1,7909858.0,112.70210635840323,113.54907976376336,112.47442533545696,113.02085979052801,7909858.0
2017-03-07,False,daily,122.58,124.46,122.39,123.83,6643988.0,111.6365591710147,113.34872046357063,111.46352159357554,112.77496428574604,6643988.0
2017-03-06,False,daily,123.01,124.4268,122.6,123.71,6670681.0,112.02817053048229,113.31848442372338,111.6547736528504,112.66567739473183,6670681.0
2017-03-03,False,daily,123.41,123.93,123.23,123.79,5593811.0,112.3924601671963,112.86603669492455,112.228529830675,112.73853532207464,5593811.0
2017-03-02,False,daily,123.75,124.36,123.02,123.63,6950220.0,112.70210635840323,113.25764805439213,112.03727777140013,112.59281946738902,6950220.0
2017-03-01,False,daily,122.49,124.45,122.42,123.86,9393869.0,111.55459400275403,113.33961322265279,111.49084331632908,112.80228600849959,9393869.0
2017-02-28,False,daily,122.01,122.65,121.94,122.21,8885513.0,111.1174464386972,111.70030985743965,111.05369575227225,111.2995912570542,8885513.0
2017-02-27,False,daily,122.13,122.88,122.1033,122.4,5946157.0,111.22673332971141,111.9097763985502,111.20241699646076,111.47262883449338,5946157.0
2017-02-24,False,daily,121.5,122.74,120.9,122.73,10834986.0,110.65297715188682,111.7822750257003,110.10654269681577,111.77316778478246,10834986.0
2017-02-23,False,daily,119.52,121.9,119.48,121.7,9980945.0,108.13421514481033,110.2874901786511,108.09802564844325,110.10654269681574,9980945.0
2017-02-22,False,daily,119.28,119.77,119.25,119.52,5103903.0,107.9170781666079,108.36039949710452,107.8899360443326,108.13421514481033,5103903.0
2017-02-21,False,daily,118.4,119.89,118.32,119.66,8595110.0,107.12090924653232,108.46896798620574,107.04853025379818,108.26087838209507,8595110.0
2017-02-17,False,daily,118.19,118.9,118.05,118.86,8691397.0,106.9309143906052,107.57327795112072,106.80425115332044,107.53708845475364,8691397.0
2017-02-16,False,daily,117.0,118.28,116.995,118.08,7119291.0,105.85427687368481,107.0123407574311,105.84975318663894,106.83139327559574,7119291.0
2017-02-15,False,daily,115.9,117.46,115.59,117.2,5979679.0,104.85906572359035,106.27045608190613,104.57859712674554,106.03522435552017,5979679.0
2017-02-14,False,daily,115.44,116.4,115.32,116.36,5539136.0,104.44288651536901,105.31143442817874,104.3343180262678,105.27524493181166,5539136.0
2017-02-13,False,daily,115.28,116.12,115.22,115.88,5710779.0,104.29812852990072,105.05810795360924,104.24384428535012,104.84097097540679,5710779.0
2017-02-10,False,daily,114.32,115.99,114.23,115.24,6438536.0,103.42958061709099,104.94049209041624,103.3481542502651,104.26193903353365,6438536.0
2017-02-09,False,daily,113.47,114.65,113.4,114.08,5854606.0,102.66055381929073,103.72814396211935,102.59722220064836,103.21244363888857,5854606.0
2017-02-08,False,daily,113.3,113.69,113.15,113.4,5271951.0,102.50674845973067,102.85959604930962,102.37103784835416,102.59722220064836,5271951.0
2017-02-07,False,daily,113.6,113.62,113.05,113.48,5507915.0,102.7781696824837,102.79626443066725,102.28056410743648,102.6696011933825,5507915.0
2017-02-06,False,daily,113.46,113.59,112.62,113.4,6178433.0,102.65150644519896,102.76912230839194,101.89152702149046,102.59722220064836,6178433.0
2017-02-03,False,daily,113.5,113.66,112.66,113.64,7267569.0,102.68769594156603,102.83245392703432,101.92771651785752,102.81435917885078,7267569.0
2017-02-02,False,daily,112.82,113.62,112.77,113.57,7826308.0,102.07247450332581,102.79626443066725,102.02723763286697,102.7510275602084,7826308.0
2017-02-01,False,daily,112.48,113.32,112.47,113.23,7082322.0,101.7648637842057,102.5248432079142,101.75581641011394,102.44341684108831,7082322.0
2017-01-31,False,daily,112.79,113.4,112.43,113.25,8713408.0,102.04533238105051,102.59722220064836,101.71962691374686,102.46151158927184,8713408.0
2017-01-30,False,daily,113.4,113.6,112.85,113.13,6969430.0,102.59722220064836,102.7781696824837,102.09961662560112,102.35294310017062,6969430.0
2017-01-27,False,daily,112.0,113.5398,111.9,113.38,8886070.0,101.33058982780085,102.72370449045127,101.24011608688316,102.57912745246482,8886070.0
2017-01-26,False,daily,112.0,112.84,111.6,111.84,10164341.0,101.33058982780085,102.09056925150935,100.96869486413011,101.18583184233256,10164341.0
2017-01-25,False,daily,111.93,112.8,110.76,112.8,9385502.0,101.26725820915847,102.05437975514228,100.20871544042163,102.05437975514228,9385502.0
2017-01-24,False,daily,112.91,113.3,111.15,111.76,12450307.0,102.15390087015172,102.50674845973067,100.56156303000057,101.11345284959842,12450307.0
2017-01-23,False,daily,114.51,114.77,113.8,113.91,7989760.0,103.6014807248346,103.83671245122056,102.95911716431907,103.05863827932852,7989760.0
2017-01-20,False,daily,114.49,115.03,114.08,114.15,7502425.0,103.58338597665106,104.07194417760653,103.21244363888857,103.27577525753095,7502425.0
2017-01-19,False,daily,114.68,114.9,113.92,114.2,5540831.0,103.75528608439465,103.95432831441354,103.06768565342028,103.32101212798979,5540831.0
2017-01-18,False,daily,114.94,115.1,114.41,114.7,5014570.0,103.99051781078062,104.13527579624889,103.51100698391691,103.77338083257818,5014570.0
2017-01-17,False,daily,113.94,115.05,113.67,114.87,6255447.0,103.08578040160381,104.09003892579005,102.84150130112609,103.92718619213824,6255447.0
2017-01-13,False,daily,114.94,115.02,114.44,114.6,4935188.0,103.99051781078062,104.06289680351476,103.53814910619222,103.6829070916605,4935188.0
2017-01-12,False,daily,114.27,114.73,113.37,114.62,6627250.0,103.38434374663215,103.80052295485349,102.57008007837305,103.70100183984404,6627250.0
2017-01-11,False,daily,116.08,116.25,114.02,114.73,8887197.0,105.02191845724215,105.17572381680222,103.15815939433796,103.80052295485349,8887197.0
2017-01-10,False,daily,116.03,117.0,115.87,116.16,5312812.0,104.97668158678331,105.85427687368481,104.83192360131504,105.0942974499763,5312812.0
2017-01-09,False,daily,116.35,116.61,115.89,116.28,5457539.0,105.26619755771989,105.50142928410585,104.85001834949857,105.20286593907751,5457539.0
2017-01-06,False,daily,116.67,117.0,115.76,116.3,5221381.0,105.55571352865647,105.85427687368481,104.73240248630559,105.22096068726105,5221381.0
2017-01-05,False,daily,116.0,116.97,115.4401,116.86,6217214.0,104.94953946450802,105.8271347514095,104.44297698910994,105.72761363640005,6217214.0
2017-01-04,False,daily,115.5,116.23,115.31,115.65,5828946.0,104.49717075991961,105.15762906861868,104.32527065217603,104.63288137129614,5828946.0
2017-01-03,False,daily,115.78,116.0,115.23,115.84,5953048.0,104.75049723448912,104.94953946450802,104.25289165944189,104.80478147903973,5953048.0
2018-12-31,False,daily,128.18,129.55,127.42,129.05,7409858.0,122.20966238761957,123.51585085283287,121.48506148720928,123.03913973414188,7409858.0
2018-12-28,False,daily,127.91,128.75,126.75,127.27,6537240.0,121.95223838352643,122.75311306292728,120.84626858816337,121.34204815160199,6537240.0
2018-12-27,False,daily,125.87,127.41,123.07,127.41,9918687.0,120.00725701926724,121.47552726483546,117.33767475459776,121.47552726483546,9918687.0
2018-12-26,False,daily,123.42,126.76,122.0071,126.71,9253404.0,117.67137253768145,120.8558028105372,116.32428225848447,120.80813169866809,9253404.0
2018-12-24,False,daily,127.3,128.0,121.0,122.84,7531885.0,121.37065081872345,122.03804638489082,115.3640907232171,117.11838763999991,7531885.0
2018-12-21,False,daily,127.8,130.6,127.12,128.09,19732933.0,121.84736193741442,124.5169442020839,121.1990348159947,122.1238543862552,19732933.0
2018-12-20,False,daily,127.72,129.75,126.76,128.27,16609606.0,121.77108815842386,123.70653530030926,120.8558028105372,122.29547038898396,16609606.0
2018-12-19,False,daily,129.87,131.35,127.09,127.61,21232073.0,123.82094596879509,125.23201088012038,121.17043214887325,121.66621171231185,21232073.0
2018-12-18,False,daily,132.05,132.8,129.2,130.42,24640095.0,125.89940644628777,126.61447312432423,123.18215306974916,124.34532819935515,24640095.0
2018-12-17,False,daily,128.32,131.65,126.83,129.14,36933136.0,122.34314150085304,125.51803755133497,120.92254236715392,123.12494773550624,36933136.0
2018-12-14,False,daily,144.34,145.38,130.2,133.0,58140194.0,137.61696574371203,138.60852487058926,124.13557530713112,126.80515757180062,58140194.0
2018-12-13,False,daily,146.96,148.5899,146.8,147.84,6008330.0,140.11493200565278,141.66891491036162,139.96238444767167,140.9539435745489,6008330.0
2018-12-12,False,daily,147.0,148.49,147.0,147.1,8869173.0,140.15306889514804,141.57366802884718,140.15306889514804,140.24841111888625,8869173.0
2018-12-11,False,daily,146.29,148.21,145.79,146.5,9857360.0,139.47613910660687,141.30670980238023,138.99942798791588,139.67635777645708,9857360.0
2018-12-10,False,daily,145.39,145.88,142.38,145.26,6848441.0,138.61805909296308,139.08523598928025,135.7482581584434,138.49411420210342,6848441.0
2018-12-07,False,daily,145.49,147.3367,144.12,145.43,9444459.0,138.7134013167013,140.47408616247455,137.407212851488,138.65619598245837,9444459.0
2018-12-06,False,daily,144.5,146.45,142.79,145.91,11572488.0,137.76951330169314,139.62868666458797,136.13916127577,139.1138386564017,11572488.0
2018-12-04,False,daily,146.32,148.99,145.82,146.03,9803458.0,139.5047417737283,142.05037914753817,139.02803065503733,139.22824932488754,9803458.0
2018-12-03,False,daily,145.57,146.63,144.94,146.21,8826313.0,138.78967509569185,139.8003026673167,138.1890190861412,139.3998653276163,8826313.0
2018-11-30,False,daily,145.34,147.0,145.1,146.9,12517550.0,138.570387981094,140.15306889514804,138.3415666441223,140.05772667140985,12517550.0
2018-11-29,False,daily,145.62,147.2,144.84,145.85,6900046.0,138.83734620756096,140.34375334262444,138.09367686240302,139.0566333221588,6900046.0
2018-11-28,False,daily,143.83,146.56,143.36,146.44,8411383.0,137.13072040264726,139.7335631107,136.68261195107772,139.61915244221416,8411383.0
2018-11-27,False,daily,140.57,143.35,139.66,143.22,5962112.0,134.02256390878205,136.6730777287039,133.15494967276447,136.54913283784424,5962112.0
2018-11-26,False,daily,142.0,142.05,140.715,141.37,7590941.0,135.38595770823827,135.43362882010737,134.16081013320243,134.78530169868762,7590941.0
2018-11-23,False,daily,141.85,142.73,141.6,142.23,3404882.0,134.38715691614937,135.22085940530138,134.15030961809484,134.74716480919227,3404882.0
2018-11-21,False,daily,146.23,146.23,140.78,141.99,10275810.0,138.53672157806503,138.53672157806503,133.37345048047592,134.51979140305994,10275810.0
2018-11-20,False,daily,147.5,148.75,146.35,146.45,8937990.0,139.73990585218212,140.92414234245484,138.6504082811312,138.74514720035302,8937990.0
2018-11-19,False,daily,146.43,148.44,146.37,147.73,8714603.0,138.72619941650868,140.6304516928672,138.66935606497557,139.95780536639228,8714603.0
2018-11-16,False,daily,144.71,146.74,144.55,145.99,8494311.0,137.09669000589338,139.0198900660963,136.9451077351385,138.30934817193267,8494311.0
2018-11-15,False,daily,143.41,144.51,142.48,144.5,6658019.0,135.86508405600975,136.90721216744973,134.98401210724683,136.89773827552756,6658019.0
2018-11-14,False,daily,145.02,145.31,143.56,144.25,6433077.0,137.39038065548104,137.6651235212243,136.00719243484247,136.66089097747303,6433077.0
2018-11-13,False,daily,146.19,146.75,143.42,144.68,7432438.0,138.4988260103763,139.02936395801848,135.87455794793192,137.06826833012684,7432438.0
2018-11-12,False,daily,144.99,146.24,144.73,145.62,7013577.0,137.36195897971447,138.54619546998723,137.11563778973775,137.95881417081193,7013577.0
2018-11-09,False,daily,145.04,145.74,144.38,145.34,5343206.0,137.40932843932538,138.0725008738781,136.78405157246138,137.69354519699084,5343206.0
2018-11-08,False,daily,144.31,145.7921,144.0,145.3,5497130.0,136.7177343290061,138.12185985079267,136.42404367941847,137.65564962930213,5497130.0
2018-11-07,False,daily,143.1,144.8735,142.97,144.75,7173590.0,135.57139340642212,137.25158813882106,135.44823281143374,137.13458557358211,7173590.0
2018-11-06,False,daily,141.53,142.83,141.06,142.57,5798915.0,134.08399237463956,135.31559832452322,133.63871945429702,135.06927713454647,5798915.0
2018-11-05,False,daily,141.0,142.74,139.0,142.2,5601398.0,133.5818761027639,135.23033329722358,131.68709771832755,134.71874313342573,5601398.0
2018-11-02,False,daily,141.97,142.0,139.66,140.68,7673303.0,134.50084361921557,134.5292652949821,132.31237458519155,133.2787115612541,7673303.0
2018-11-01,False,daily,140.07,141.58,139.85,140.82,6913461.0,132.70080415400102,134.13136183425047,132.492378531713,133.41134604816463,6913461.0
2018-10-31,False,daily,141.0,141.43,139.61,139.99,9968941.0,133.5818761027639,133.98925345541775,132.26500512558067,132.62501301862358,9968941.0
2018-10-30,False,daily,137.93,141.1,137.0,140.75,9646224.0,130.6733912826541,133.67661502198573,129.7923193338912,133.3450288047094,9646224.0
2018-10-29,False,daily,136.99,139.1,136.22,137.55,6783049.0,129.78284544196902,131.78183663754936,129.053355763961,130.3133833896112,6783049.0
2018-10-26,False,daily,137.94,139.3,135.33,136.97,11371401.0,130.68286517457628,131.971314475993,128.21017938288682,129.76389765812465,11371401.0
2018-10-25,False,daily,137.46,139.09,135.05,138.47,9720715.0,130.22811836231156,131.7723627456272,127.94491040906574,131.18498144645193,9720715.0
2018-10-24,False,daily,138.52,140.11,137.17,137.47,8279166.0,131.23235090606283,132.73869972168976,129.95337549656827,130.23759225423373,8279166.0
2018-10-23,False,daily,137.79,139.49,137.45,138.93,8282724.0,130.54075679574353,132.15131842251446,130.21864447038936,131.62078047487228,8282724.0
2018-10-22,False,daily,138.61,139.26,138.14,138.68,4864342.0,131.31761593336248,131.93341890830428,130.8723430130199,131.38393317681775,4864342.0
2018-10-19,False,daily,138.34,140.0,137.91,139.05,5924814.0,131.06182085146355,132.63448691054575,130.65444349880974,131.73446717793848,5924814.0
2018-10-18,False,daily,139.2,139.81,137.71,139.5,7584163.0,131.87657555677117,132.4544829640243,130.46496566036612,132.16079231443663,7584163.0
2018-10-17,False,daily,136.23,140.0,136.21,139.46,8261107.0,129.06282965588318,132.63448691054575,129.04388187203884,132.12289674674793,8261107.0
2018-10-16,False,daily,134.75,137.99,134.75,136.56,9592783.0,127.66069365140028,130.7302346341872,127.66069365140028,129.37546808931518,9592783.0
2018-10-15,False,daily,133.88,135.3,133.51,133.95,6398651.0,126.83646505417045,128.18175770712028,126.48593105304971,126.90278229762572,6398651.0
2018-10-12,False,daily,134.4,134.41,132.23,133.87,6997955.0,127.32910743412391,127.33858132604608,125.27327288701044,126.82699116224828,6997955.0
2018-10-11,False,daily,137.91,138.66,132.88,133.84,11603189.0,130.65444349880974,131.36498539297338,125.88907586195226,126.79856948648172,11603189.0
2018-10-10,False,daily,139.35,140.46,137.73,137.73,7265642.0,132.01868393560392,133.07028593896612,130.48391344421046,130.48391344421046,7265642.0
2018-10-09,False,daily,138.74,139.62,137.81,139.2,4475392.0,131.44077652835082,132.27447901750284,130.55970457958793,131.87657555677117,4475392.0
2018-10-08,False,daily,138.9,139.68,138.62,139.39,5174106.0,131.59235879910574,132.33132236903592,131.32708982528465,132.05657950329262,5174106.0
2018-10-05,False,daily,139.8,140.25,138.56,139.1,4309320.0,132.44500907210212,132.87133420860027,131.27024647375157,131.78183663754936,4309320.0
2018-10-04,False,daily,138.55,139.53,137.32,139.35,4738706.0,131.26077258182937,132.1892139902032,130.095483875401,132.01868393560392,4738706.0
2018-10-03,False,daily,140.54,141.27,138.88,139.03,5411809.0,133.14607707434354,133.83767118466284,131.57341101526137,131.71551939409412,5411809.0
2018-10-02,False,daily,139.79,140.73,139.65,140.48,6439132.0,132.43553518017993,133.326081020865,132.30290069326938,133.08923372281046,6439132.0
2018-10-01,False,daily,138.26,139.85,138.0,139.69,4873173.0,130.98602971608608,132.492378531713,130.73970852610938,132.3407962609581,4873173.0
2018-09-28,False,daily,138.1,138.56,137.41,138.17,6638464.0,130.8344474453312,131.27024647375157,130.18074890270063,130.90076468878644,6638464.0
2018-09-27,False,daily,138.45,139.5786,137.57,138.22,6450485.0,131.16603366260753,132.235257104945,130.33233117345554,130.94813414839737,6450485.0
2018-09-26,False,daily,138.95,140.0,137.96,138.16,7133329.0,131.63972825871664,132.63448691054575,130.70181295842065,130.89129079686427,7133329.0
2018-09-25,False,daily,140.53,140.96,138.4,138.64,7982758.0,133.13660318242137,133.5439805350752,131.11866420299665,131.34603760912898,7982758.0
2018-09-24,False,daily,142.1,142.5,140.23,140.47,6708195.0,134.62400421420392,135.0029598910912,132.8523864247559,133.0797598308883,6708195.0
2018-09-21,False,daily,142.18,143.13,141.69,142.88,13283427.0,134.6997953495814,135.59981508218866,134.23557464539448,135.3629677841341,13283427.0
2018-09-20,False,daily,140.82,142.14,140.51,141.98,5019257.0,133.41134604816463,134.66189978189263,133.117655398577,134.51031751113774,5019257.0
2018-09-19,False,daily,140.76,140.99,140.05,140.46,5049937.0,133.35450269663156,133.57240221084174,132.68185637015665,133.07028593896612,5049937.0
2018-09-18,False,daily,140.27,140.84,139.83,140.54,4533838.0,132.89028199244467,133.43029383200903,132.47343074786866,133.14607707434354,4533838.0
2018-09-17,False,daily,139.33,140.4,139.18,139.96,5100807.0,131.99973615175958,133.01344258743302,131.85762777292683,132.596591342857,5100807.0
2018-09-14,False,daily,140.0,140.35,139.1,139.49,4309610.0,132.63448691054575,132.96607312782209,131.78183663754936,132.15131842251446,4309610.0
2018-09-13,False,daily,139.89,140.48,139.02,139.89,6096147.0,132.53027409940174,133.08923372281046,131.70604550217192,132.53027409940174,6096147.0
2018-09-12,False,daily,138.9,139.99,138.56,139.36,6693495.0,131.59235879910574,132.62501301862358,131.27024647375157,132.02815782752612,6693495.0
2018-09-11,False,daily,137.64,138.91,137.22,138.51,7723921.0,130.39864841691082,131.6018326910279,130.00074495617918,131.22287701414064,7723921.0
2018-09-10,False,daily,137.53,138.4716,137.06,137.21,4892017.0,130.29443560576684,131.18649726915947,129.8491626854243,129.991271064257,4892017.0
2018-09-07,False,daily,136.78,137.69,135.745,137.32,6374666.0,129.5838937116032,130.44601787652172,128.60334589765736,130.095483875401,6374666.0
2018-09-06,False,daily,135.5,137.31,135.18,136.87,6562238.0,128.3712355455639,130.08600998347882,128.0680710040541,129.66915873890284,6562238.0
2018-09-05,False,daily,133.48,135.94,133.46,135.86,6174815.0,126.45750937728317,128.78808679013991,126.43856159343882,128.71229565476247,6174815.0
2018-09-04,False,daily,134.69,134.75,133.44,133.72,4406793.0,127.60385029986718,127.66069365140028,126.41961380959445,126.68488278341555,4406793.0
2018-08-31,False,daily,134.6,135.0,133.97,134.69,6139494.0,127.51858527256753,127.89754094945482,126.92173008147009,127.60385029986718,6139494.0
2018-08-30,False,daily,134.7,135.6,134.6,134.95,4822040.0,127.61332419178936,128.46597446478572,127.51858527256753,127.8501714898439,4822040.0
2018-08-29,False,daily,134.32,134.944,133.94,134.86,4648795.0,127.25331629874646,127.8444871546906,126.89330840570354,127.76490646254429,4648795.0
2018-08-28,False,daily,134.78,134.9,133.89,134.32,6037517.0,127.68911532716682,127.80280203023301,126.84593894609262,127.25331629874646,6037517.0
2018-08-27,False,daily,135.5,136.05,134.21,134.92,4325878.0,128.3712355455639,128.89229960128392,127.14910348760246,127.82174981407735,4325878.0
2018-08-24,False,daily,135.11,136.1464,134.83,135.95,4809565.0,127.15437179381297,128.12974586625103,126.89085892206205,127.94491040906573,4809565.0
2018-08-23,False,daily,134.61,135.49,134.1,135.11,5057560.0,126.68381309425774,127.51199640547495,126.2038432207114,127.15437179381297,5057560.0
2018-08-22,False,daily,135.56,135.68,134.42,134.61,4688593.0,127.57787462341267,127.69080871130592,126.50500078842674,126.68381309425774,4688593.0
2018-08-21,False,daily,137.0,137.43,135.3,135.35,5832414.0,128.9330836781317,129.3377641597492,127.33318409964396,127.38023996959946,5832414.0
2018-08-20,False,daily,134.93,137.12,134.0,136.88,7935000.0,126.98497066197308,129.04601776602496,126.10973148080036,128.82014959023846,7935000.0
2018-08-17,False,daily,132.45,135.0,132.19,134.47,6701056.0,124.65099951217915,127.05084887991082,124.40630898841044,126.55205665838227,6701056.0
2018-08-16,False,daily,131.02,132.88,130.57,132.48,7861491.0,123.30520163145123,125.05567999379664,122.88169880185151,124.67923303415246,7861491.0
2018-08-15,False,daily,129.75,130.74,128.93,130.43,5377274.0,122.10998253458095,123.0416887597003,121.33826626731039,122.74994236597605,5377274.0
2018-08-14,False,daily,129.67,130.47,129.35,129.5,4543002.0,122.0346931426521,122.78758706194047,121.73353557493677,121.87470318480334,4543002.0
2018-08-13,False,daily,130.72,130.9,129.85,130.22,3778022.0,123.02286641171808,123.19226754355797,122.20409427449198,122.55230771216286,3778022.0
2018-08-10,False,daily,131.19,131.63,130.26,130.75,4324061.0,123.46519158929999,123.87928324490859,122.58995240812726,123.05109993369139,4324061.0
2018-08-09,False,daily,131.54,131.72,130.67,131.2,4058143.0,123.79458267898865,123.96398381082854,122.97581054176254,123.47460276329109,4058143.0
2018-08-08,False,daily,131.49,131.8,130.89,131.17,3721868.0,123.74752680903313,124.03927320275739,123.18285636956685,123.44636924131777,3721868.0
2018-08-07,False,daily,131.88,132.17,131.3,131.46,4664630.0,124.1145625946862,124.38748664042822,123.56871450320216,123.71929328705983,4664630.0
2018-08-06,False,daily,131.64,132.53,131.01,132.02,5840245.0,123.88869441889969,124.726288904108,123.2957904574601,124.24631903056168,5840245.0
2018-08-03,False,daily,131.18,132.7,130.9,131.95,6498714.0,123.4557804153089,124.88627886195677,123.19226754355797,124.18044081262393,6498714.0
2018-08-02,False,daily,132.89,133.0,131.09,131.25,6563468.0,125.06509116778774,125.16861408168991,123.37107984938895,123.52165863324662,6563468.0
2018-08-01,False,daily,132.39,132.96,132.08,132.64,5770569.0,124.59453246823252,125.13096938572549,124.3027860745083,124.82981181801013,5770569.0
2018-07-31,False,daily,132.28,132.64,131.77,132.52,7598851.0,124.49100955433039,124.82981181801013,124.01103968078407,124.7168777301169,7598851.0
2018-07-30,False,daily,131.78,132.49,131.25,132.17,11013512.0,124.02045085477516,124.68864420814359,123.52165863324662,124.38748664042822,11013512.0
2018-07-27,False,daily,129.98,132.27,129.94,131.55,6735319.0,122.32643953637634,124.48159838033929,122.28879484041192,123.80399385297977,6735319.0
2018-07-26,False,daily,129.9,131.22,129.85,130.28,7640607.0,122.25115014444752,123.49342511127331,122.20409427449198,122.60877475610948,7640607.0
2018-07-25,False,daily,129.14,129.23,127.65,128.62,6539081.0,121.53590092112356,121.6206014870435,120.133635996449,121.04651987358613,6539081.0
2018-07-24,False,daily,127.24,129.62,127.15,129.36,7159042.0,119.7477778628137,121.98763727269659,119.66307729689377,121.74294674892788,7159042.0
2018-07-23,False,daily,125.75,126.68,125.45,126.63,4631107.0,118.34551293813914,119.22075211931187,118.06317771840601,119.17369624935634,4631107.0
2018-07-20,False,daily,125.3,126.14,125.12,125.85,5862442.0,117.92201010853944,118.71254872379222,117.75260897669956,118.43962467805018,5862442.0
2018-07-19,False,daily,127.53,127.7,125.87,125.94,5984636.0,120.02070190855575,120.18069186640453,118.4584470260324,118.52432524397013,5984636.0
2018-07-18,False,daily,128.81,129.05,127.17,127.8,7152355.0,121.22533217941712,121.45120035520364,119.68189964487598,120.27480360631556,7152355.0
2018-07-17,False,daily,128.53,130.54,127.5638,129.11,12858746.0,120.9618193076662,122.8534652798782,120.05251167664568,121.50766739915026,12858746.0
2018-07-16,False,daily,126.0,126.1,124.16,124.69,7314433.0,118.58079228791675,118.6749040278278,116.84913627355353,117.34792849508206,7314433.0
2018-07-13,False,daily,125.32,127.5,125.32,125.93,8252131.0,117.94083245652165,119.99246838658243,117.94083245652165,118.51491406997903,8252131.0
2018-07-12,False,daily,127.71,128.21,127.17,127.76,6198989.0,120.19010304039563,120.66066173995085,119.68189964487598,120.23715891035116,6198989.0
2018-07-11,False,daily,127.41,127.4401,126.06,126.24,4827374.0,119.90776782066249,119.93609545437572,118.63725933186339,118.80666046370325,4827374.0
2018-07-10,False,daily,126.37,127.52,126.11,127.38,5075638.0,118.92900572558763,120.01129073456464,118.6843152018189,119.87953429868918,5075638.0
2018-07-09,False,daily,126.22,126.75,125.6,126.05,6706121.0,118.78783811572106,119.28663033724959,118.20434532827257,118.62784815787228,6706121.0
2018-07-06,False,daily,125.16,125.92,124.61,125.75,7312163.0,117.79025367266398,118.50550289598792,117.27263910315322,118.34551293813914,7312163.0
2018-07-05,False,daily,123.6,125.12,123.23,125.0,7319147.0,116.32211053005167,117.75260897669956,115.97389709238081,117.63967488880631,7319147.0
2018-07-03,False,daily,121.65,123.46,121.26,122.71,4248060.0,114.4869316017863,116.1903540941762,114.11989581613322,115.48451604484337,4248060.0
2018-07-02,False,daily,121.34,121.73,120.11,121.58,5481356.0,114.19518520806206,114.56222099371513,113.0376108071562,114.42105338384856,5481356.0
2018-06-29,False,daily,122.24,123.18,121.19,121.34,7728480.0,115.04219086726145,115.9268412224253,114.05401759819549,114.19518520806206,7728480.0
2018-06-28,False,daily,121.78,122.41,121.07,122.0,5296978.0,114.60927686367066,115.20218082511023,113.94108351030224,114.81632269147495,5296978.0
2018-06-27,False,daily,122.13,122.97,121.4527,121.61,5666040.0,114.93866795335931,115.72920656861208,114.3012491389418,114.44928690582188,5666040.0
2018-06-26,False,daily,122.49,122.89,121.6,122.35,5496350.0,115.27747021703907,115.65391717668325,114.43987573183077,115.14571378116361,5496350.0
2018-06-25,False,daily,122.82,123.43,121.51,122.59,8170503.0,115.58803895874551,116.16212057220291,114.35517516591084,115.37158195695012,8170503.0
2018-06-22,False,daily,121.68,123.38,121.65,122.84,10305307.0,114.51516512375962,116.11506470224737,114.4869316017863,115.60686130672774,10305307.0
2018-06-21,False,daily,121.83,122.24,121.11,121.45,4417154.0,114.65633273362617,115.04219086726145,113.97872820626665,114.29870812196421,4417154.0
2018-06-20,False,daily,122.42,122.66,121.66,122.04,6277185.0,115.21159199910134,115.43746017488785,114.49634277577739,114.85396738743938,6277185.0
2018-06-19,False,daily,120.66,123.1735,120.57,122.57,8572409.0,113.55522537666695,115.92072395933107,113.47052481074701,115.3527596089679,8572409.0
2018-06-18,False,daily,121.61,121.8125,120.25,121.32,6787408.0,114.44928690582188,114.63986317914174,113.16936724303167,114.17636286007985,6787408.0
2018-06-15,False,daily,122.1,122.7285,121.2401,122.61,13173510.0,114.910434431386,115.50192671672691,114.10116757989093,115.39040430493233,13173510.0
2018-06-14,False,daily,122.71,123.15,122.09,122.41,5239195.0,115.48451604484337,115.89860770045198,114.9010232573949,115.20218082511023,5239195.0
2018-06-13,False,daily,123.15,124.09,122.46,122.63,5836904.0,115.89860770045198,116.7832580556158,115.24923669506576,115.40922665291454,5836904.0
2018-06-12,False,daily,123.16,123.18,121.95,122.54,5227303.0,115.90801887444307,115.9268412224253,114.76926682151944,115.32452608699461,5227303.0
2018-06-11,False,daily,124.27,124.34,122.55,122.66,5571389.0,116.95265918745568,117.01853740539342,115.3339372609857,115.43746017488785,5571389.0
2018-06-08,False,daily,123.36,124.845,123.33,124.06,6208077.0,116.09624235426517,117.49380169194418,116.06800883229185,116.75502453364248,6208077.0
2018-06-07,False,daily,123.0,123.49,122.27,123.33,7414082.0,115.7574400905854,116.21858761614952,115.07042438923477,116.06800883229185,7414082.0
2018-06-06,False,daily,121.97,122.79,121.4616,122.79,6799291.0,114.78808916950165,115.55980543677222,114.30962508379389,115.55980543677222,6799291.0
2018-06-05,False,daily,122.05,122.555,120.9,121.48,5125356.0,114.86337856143048,115.33864284798126,113.78109355245347,114.32694164393753,5125356.0
2018-06-04,False,daily,121.85,122.37,121.02,121.95,4853030.0,114.67515508160838,115.16453612914583,113.8940276403467,114.76926682151944,4853030.0
2018-06-01,False,daily,120.38,121.32,119.97,121.26,5741030.0,113.29171250491602,114.17636286007985,112.90585437128074,114.11989581613322,5741030.0
2018-05-31,False,daily,120.92,121.25,119.54,119.62,10337475.0,113.79991590043566,114.11048464214211,112.50117388966325,112.57646328159208,10337475.0
2018-05-30,False,daily,120.12,121.58,119.54,120.97,6423721.0,113.04702198114731,114.42105338384856,112.50117388966325,113.84697177039119,6423721.0
2018-05-29,False,daily,120.5,120.8,118.621,119.4,9821920.0,113.40464659280929,113.68698181254241,111.63628699988074,112.36941745378779,9821920.0
2018-05-25,False,daily,121.56,122.8,121.13,121.47,4594795.0,114.40223103586636,115.5692166107633,113.99755055424886,114.31753046994642,4594795.0
2018-05-24,False,daily,123.22,123.39,121.55,122.25,6923611.0,115.11075964168991,115.2695717593582,113.55066413283078,114.20459638205317,6923611.0
2018-05-23,False,daily,122.87,123.97,122.74,123.45,4940832.0,114.78379351707872,115.81140133728532,114.66234895650884,115.32562309500584,4940832.0
2018-05-22,False,daily,123.8,124.24,122.76,122.91,7172652.0,115.65258921961703,116.06363234769967,114.68103273505805,114.82116107417713,7172652.0
2018-05-21,False,daily,124.62,124.99,123.32,123.72,5558662.0,116.4186241401347,116.76427404329509,115.20417853443595,115.57785410542019,5558662.0
2018-05-18,False,daily,123.78,124.44,123.28,124.24,5433919.0,115.63390544106782,116.25047013319178,115.16681097733755,116.06363234769967,5433919.0
2018-05-17,False,daily,125.49,125.59,123.55,123.85,6473359.0,117.23136850702537,117.32478739977144,115.41904198775188,115.69929866599006,6473359.0
2018-05-16,False,daily,125.44,125.9,125.0,125.35,3818114.0,117.18465906065234,117.6143859672842,116.7736159325697,117.10058205718089,3818114.0
2018-05-15,False,daily,125.54,125.83,124.4,125.13,5875704.0,117.27807795339841,117.54899274236196,116.21310257609338,116.89506049313957,5875704.0
2018-05-14,False,daily,127.35,127.61,125.6,126.06,6101637.0,118.96895991210201,119.21184903324175,117.33412928904603,117.76385619567789,6101637.0
2018-05-11,False,daily,125.77,127.6,125.76,127.24,5716654.0,117.49294140671432,119.20250714396714,117.48359951743973,118.86619913008134,5716654.0
2018-05-10,False,daily,124.22,126.05,123.995,125.35,4948013.0,116.04494856915046,117.75451430640328,115.83475606047185,117.10058205718089,4948013.0
2018-05-09,False,daily,122.99,124.05,122.53,123.51,6808562.0,114.89589618837397,115.88613645148217,114.46616928174213,115.38167443065348,6808562.0
2018-05-08,False,daily,122.86,123.49,121.69,122.61,5951815.0,114.77445162780411,115.36299065210426,113.68145058267525,114.54090439593897,5951815.0
2018-05-07,False,daily,124.14,125.24,123.32,123.59,6707913.0,115.97021345495362,116.99782127516023,115.20417853443595,115.45640954485032,6707913.0
2018-05-04,False,daily,122.6,124.51,121.8,124.19,6127629.0,114.53156250666436,116.31586335811403,113.7842113646959,116.01692290132665,6127629.0
2018-05-03,False,daily,123.3,123.685,121.28,123.03,7282886.0,115.18549475588675,115.54515749295906,113.29843312241643,114.9332637454724,7282886.0
2018-05-02,False,daily,125.52,126.18,123.2,123.5,7390805.0,117.25939417484919,117.87595886697316,115.09207586314069,115.37233254137887,7390805.0
2018-05-01,False,daily,126.32,126.64,124.97,126.01,5122550.0,118.00674531681763,118.30568577360502,116.74559026474589,117.71714674930487,5122550.0
2018-04-30,False,daily,128.86,128.98,126.49,126.49,8219410.0,120.37958519256746,120.49168786386271,118.16555743448592,118.16555743448592,8219410.0
2018-04-27,False,daily,127.73,128.79,127.5,128.27,4266797.0,119.32395170453702,120.3141919676452,119.1090882512211,119.82841372536573,4266797.0
2018-04-26,False,daily,126.62,129.22,126.62,128.01,8211074.0,118.2870019950558,120.71589320645325,118.2870019950558,119.58552460422597,8211074.0
2018-04-25,False,daily,125.91,126.85,125.28,126.76,5859592.0,117.6237278565588,118.50186544837173,117.03518883225865,118.41778844490028,5859592.0
2018-04-24,False,daily,126.94,127.46,125.31,126.19,6577490.0,118.58594245184318,119.07172069412266,117.06321450008248,117.88530075624776,6577490.0
2018-04-23,False,daily,126.88,127.3,125.78,126.83,7501870.0,118.52989111619554,118.92225046572898,117.50228329598893,118.48318166982251,7501870.0
2018-04-20,False,daily,128.0,128.3,126.17,126.66,7743916.0,119.57618271495137,119.85643939318955,117.86661697769856,118.32436955215422,7743916.0
2018-04-19,False,daily,127.63,128.27,126.8875,127.55,5959525.0,119.23053281179097,119.82841372536573,118.5368975331515,119.15579769759412,5959525.0
2018-04-18,False,daily,129.69,129.9,126.94,127.72,9383604.0,121.15496200235971,121.35114167712644,118.58594245184318,119.31460981526241,9383604.0
2018-04-17,False,daily,132.11,132.2,128.81,130.54,11008695.0,123.41569920681428,123.4997762102857,120.33287574619443,121.94902259070118,11008695.0
2018-04-16,False,daily,131.41,132.88,131.28,131.76,6379562.0,122.76176695759187,124.13502468095889,122.640322397022,123.08873308220306,6379562.0
2018-04-13,False,daily,131.09,131.42,129.63,130.62,4742250.0,122.4628265008045,122.77110884686647,121.09891066671207,122.02375770489803,4742250.0
2018-04-12,False,daily,130.09,131.31,129.86,130.43,4559776.0,121.52863757334394,122.66834806484582,121.31377412002803,121.84626180868054,4559776.0
2018-04-11,False,daily,129.14,130.35,129.03,129.63,4575422.0,120.64115809225639,121.77152669448368,120.53839731023575,121.09891066671207,4575422.0
2018-04-10,False,daily,130.25,130.9096,129.29,130.25,6069549.0,121.67810780173762,122.29429881829063,120.78128643137548,121.67810780173762,6069549.0
2018-04-09,False,daily,128.65,131.14,127.68,129.48,6395848.0,120.18340551780074,122.50953594717751,119.277242258164,120.95878232759298,6395848.0
2018-04-06,False,daily,130.22,130.64,126.41,128.1,6399310.0,121.65008213391381,122.04244148344723,118.09082232028908,119.66960160769742,6399310.0
2018-04-05,False,daily,130.41,131.2,129.5,130.71,5621686.0,121.8275780301313,122.56558728282515,120.9774661061422,122.1078347083695,5621686.0
2018-04-04,False,daily,126.9,131.12,126.39,130.41,7717054.0,118.54857489474476,122.49085216862832,118.07213854173987,121.8275780301313,7717054.0
2018-04-03,False,daily,125.18,128.485,124.68,128.35,8034954.0,116.94176993951261,120.02926434476976,116.47467547578233,119.90314883956256,8034954.0
2018-04-02,False,daily,127.82,127.88,123.54,124.56,8916907.0,119.40802870800846,119.4640800436561,115.40970009847729,116.36257280448706,8916907.0
2018-03-29,False,daily,127.97,128.76,126.82,128.15,6119424.0,119.54815704712756,120.28616629982139,118.4738397805479,119.71631105407046,6119424.0
2018-03-28,False,daily,127.63,129.02,127.21,127.45,6868531.0,119.23053281179097,120.52905542096116,118.83817346225753,119.06237880484807,6868531.0
2018-03-27,False,daily,127.11,129.1,126.39,127.21,7789861.0,118.74475456951147,120.60379053515798,118.07213854173987,118.83817346225753,7789861.0
2018-03-26,False,daily,126.41,127.54,125.21,127.39,8358246.0,118.09082232028908,119.14645580831952,116.96979560733641,119.00632746920043,8358246.0
2018-03-23,False,daily,127.63,127.87,124.9,125.1,8452497.0,119.23053281179097,119.4547381543815,116.68019703982365,116.86703482531576,8452497.0
2018-03-22,False,daily,130.47,130.68,127.1,127.38,7560078.0,121.88362936577894,122.07980904054567,118.73541268023686,118.99698557992582,7560078.0
2018-03-21,False,daily,131.4,132.78,130.66,131.19,5158743.0,122.75242506831728,124.04160578821283,122.06112526199645,122.55624539355055,5158743.0
2018-03-20,False,daily,130.78,131.78,129.38,131.21,6214255.0,122.17322793329173,123.10741686075228,120.86536343484694,122.57492917209977,6214255.0
2018-03-19,False,daily,133.35,133.47,129.36,130.24,6016952.0,124.57409347686534,124.68619614816062,120.84667965629774,121.66876591246303,6016952.0
2018-03-16,False,daily,133.16,134.4,132.1,133.68,14233523.0,124.39659758064785,125.55499185069894,123.40635731753966,124.88237582292734,14233523.0
2018-03-15,False,daily,132.55,134.24,132.47,133.06,6147165.0,123.82674233489692,125.40552162230526,123.75200722070007,124.30317868790179,6147165.0
2018-03-14,False,daily,135.24,135.7,131.9,132.32,6770620.0,126.33971054976581,126.76943745639765,123.21951953204756,123.61187888158098,6770620.0
2018-03-13,False,daily,133.8,135.39,133.45,134.35,9152306.0,124.99447849422262,126.47983888888488,124.6675123696114,125.50828240432591,9152306.0
2018-03-12,False,daily,133.8,134.23,132.32,132.63,4942046.0,124.99447849422262,125.39617973303064,123.61187888158098,123.90147744909375,4942046.0
2018-03-09,False,daily,132.51,133.82,131.56,133.8,7557814.0,123.78937477779847,125.01316227277181,122.90189529671096,124.99447849422262,7557814.0
2018-03-08,False,daily,129.33,132.3,129.33,132.06,6423362.0,120.81865398847393,123.59319510303177,120.81865398847393,123.36898976044124,6423362.0
2018-03-07,False,daily,127.48,129.33,127.27,129.04,6391661.0,119.09040447267189,120.81865398847393,118.89422479790517,120.54773919951035,6391661.0
2018-03-06,False,daily,130.0,130.2,127.92,128.22,5546530.0,121.4445605698725,121.63139835536458,119.50144760075453,119.78170427899269,5546530.0
2018-03-05,False,daily,128.63,130.3,128.18,129.79,5799799.0,120.16472173925152,121.72481724811067,119.74433672189429,121.24838089510577,5799799.0
2018-03-02,False,daily,126.91,129.11,126.91,128.82,6910426.0,118.55791678401935,120.6131324244326,118.55791678401935,120.34221763546903,6910426.0
2018-03-01,False,daily,129.11,130.12,126.52,127.28,9424007.0,120.6131324244326,121.55666324116775,118.19358310230974,118.90356668717978,9424007.0
2018-02-28,False,daily,131.95,132.33,129.87,129.88,7985941.0,123.26622897842056,123.6212207708556,121.32311600930262,121.33245789857722,7985941.0
2018-02-27,False,daily,132.21,133.09,131.6,131.67,7158550.0,123.50911809956033,124.33120435572562,122.93926285380937,123.0046560787316,7158550.0
2018-02-26,False,daily,131.71,133.4055,131.0,132.07,6684416.0,123.04202363583005,124.6259409623394,122.37874949733305,123.37833164971583,6684416.0
2018-02-23,False,daily,130.09,132.08,130.02,132.02,5126832.0,120.75539067468009,122.60259820364168,120.69041352542013,122.546903504276,5126832.0
2018-02-22,False,daily,130.1,131.02,129.48,129.91,5732245.0,120.76467312457434,121.61865851484806,120.18916123112902,120.58830657658305,5732245.0
2018-02-21,False,daily,130.8,132.4348,129.86,129.91,6578047.0,121.41444461717393,122.9319395258907,120.54189432711166,120.58830657658305,6578047.0
2018-02-20,False,daily,132.87,133.45,130.66,130.87,6563538.0,123.33591174528974,123.87429383915793,121.284490318654,121.47942176643387,6563538.0
2018-02-16,False,daily,130.96,134.45,130.84,133.15,7970065.0,121.56296381548239,124.80253882858587,121.45157441675103,123.59582034232956,7970065.0
2018-02-15,False,daily,130.1,131.28,129.4,131.23,5606447.0,120.76467312457434,121.86000221209932,120.1149016319748,121.81358996262792,5606447.0
2018-02-14,False,daily,129.44,130.015,128.39,129.67,6259662.0,120.15203143155192,120.68577230047296,119.17737419265258,120.36552777912033,6259662.0
2018-02-13,False,daily,129.21,130.6,128.7,129.96,6339029.0,119.9385350839835,121.22879561928832,119.46513013937523,120.63471882605445,6339029.0
2018-02-12,False,daily,130.0,131.32,127.6755,130.27,9963943.0,120.67184862563157,121.89713201167643,118.51414314770632,120.92247477277711,9963943.0
2018-02-09,False,daily,127.52,130.92,125.44,129.53,15030881.0,118.36980105185027,121.52583401590525,116.43905147384018,120.23557348060044,15030881.0
2018-02-08,False,daily,130.91,131.25,126.11,126.36,11680221.0,121.51655156601097,121.83215486241649,117.06097561675689,117.29303686411387,11680221.0
2018-02-07,False,daily,131.89,133.43,131.35,131.42,10550411.0,122.42623165565034,123.85572893936938,121.92497936135926,121.98995651061922,10550411.0
2018-02-06,False,daily,130.01,132.99,128.0,131.83,19193520.0,120.68113107552584,123.4473011440211,118.81535864677569,122.3705369562847,19193520.0
2018-02-05,False,daily,136.58,137.0,122.15,130.39,19954145.0,126.77970065606739,127.1695635516271,113.38512545862228,121.03386417150844,19954145.0
2018-02-02,False,daily,139.02,140.36,137.38,137.68,9262508.0,129.04461843027156,130.28846671610498,127.52229664760972,127.8007701444381,9262508.0
2018-02-01,False,daily,137.53,140.67,137.0,140.02,9393645.0,127.66153339602391,130.57622266282763,127.1695635516271,129.97286341969948,9393645.0
2018-01-31,False,daily,142.57,142.57,138.1,138.19,13137396.0,132.3398881427407,132.3398881427407,128.19063303999783,128.27417508904634,13137396.0
2018-01-30,False,daily,143.4,143.82,142.43,142.43,8376092.0,133.1103314839659,133.50019437952562,132.2099338442208,132.2099338442208,8376092.0
2018-01-29,False,daily,144.85,144.94,143.53,143.68,8013444.0,134.4562867186364,134.53982876768492,133.2310033325915,133.37024008100573,8013444.0
2018-01-26,False,daily,144.5,145.6,144.13,145.33,8065646.0,134.13140097233662,135.15247046070735,133.78795032624828,134.9018443135618,8065646.0
2018-01-25,False,daily,142.31,144.66,142.2105,144.4,7938846.0,132.09854444548944,134.27992017064508,132.00618406904135,134.03857647339385,7938846.0
2018-01-24,False,daily,143.5,143.56,141.8,142.07,13034368.0,133.2031559829087,133.25885068227436,131.6251395008812,131.87576564802674,13034368.0
2018-01-23,False,daily,146.96,147.44,141.62,141.83,17473631.0,136.41488364632934,136.86044124125476,131.45805540278417,131.65298685056405,17473631.0
2018-01-22,False,daily,147.01,148.14,146.72,148.14,7010438.0,136.46129589580073,137.5102127338543,136.19210484886665,137.5102127338543,7010438.0
2018-01-19,False,daily,147.46,147.65,146.42,147.36,8738791.0,136.8790061410433,137.0553726890346,135.91363135203824,136.78618164210053,8738791.0
2018-01-18,False,daily,146.93,147.44,145.97,146.92,5554815.0,136.3870362966465,136.86044124125476,135.4959211067957,136.3777538467522,5554815.0
2018-01-17,False,daily,147.84,148.32,145.48,146.98,10619654.0,137.23173923702592,137.67729683195134,135.041081061976,136.4334485461179,10619654.0
2018-01-16,False,daily,146.42,148.06,146.03,146.86,8804005.0,135.91363135203824,137.43595313470007,135.55161580616135,136.32205914738657,8804005.0
2018-01-12,False,daily,144.99,146.42,144.9,145.76,5450570.0,134.5862410171563,135.91363135203824,134.5026989681078,135.3009896590158,5450570.0
2018-01-11,False,daily,144.13,144.9,143.69,144.79,4962160.0,133.78795032624828,134.5026989681078,133.3795225309,134.4005920192707,4962160.0
2018-01-10,False,daily,143.55,144.155,143.32,143.97,6558622.0,133.24956823238008,133.811156450984,133.03607188481166,133.63943112793982,6558622.0
2018-01-09,False,daily,142.37,145.68,142.26,144.14,8897002.0,132.15423914485513,135.22673005986158,132.05213219601805,133.79723277614255,8897002.0
2018-01-08,False,daily,141.7,142.0,140.92,141.89,5129798.0,131.5323150019384,131.81078849876678,130.8082839101846,131.7086815499297,5129798.0
2018-01-05,False,daily,140.69,141.82,140.281,141.71,6158754.0,130.59478756261618,131.64370440066975,130.21513536194016,131.5415974518327,6158754.0
2018-01-04,False,daily,140.45,141.14,140.22,140.55,4837642.0,130.37200876515348,131.01249780785875,130.15851241758506,130.46483326409628,4837642.0
2018-01-03,False,daily,139.36,140.68,138.9,140.56,5350496.0,129.36022172667705,130.5855051127219,128.93322903154018,130.47411571399056,5350496.0
2018-01-02,False,daily,139.66,139.95,138.72,139.23,6842124.0,129.6386952235054,129.90788627043952,128.76614493344314,129.2395498780514,6842124.0
2019-12-31,False,daily,145.1,146.01,144.78,145.87,4435105.0,142.2413043464625,143.13337593126803,141.92760884411334,142.99613414899028,4435105.0
2019-12-30,False,daily,145.78,146.2,145.03,145.3,2923859.0,142.90790728895456,143.31963263578785,142.17268345532364,142.43736403543076,2923859.0
2019-12-27,False,daily,146.2,146.55,145.54,145.75,3432686.0,143.31963263578785,143.6627370914823,142.67263566219265,142.87849833560932,3432686.0
2019-12-26,False,daily,145.97,146.1827,145.16,145.83,3020481.0,143.09416399347438,143.30267347269213,142.30012225315298,142.95692221119663,3020481.0
2019-12-24,False,daily,146.0,146.01,145.26,145.93,4238924.0,143.12357294681962,143.13337593126803,142.3981520976371,143.05495205568076,4238924.0
2019-12-23,False,daily,145.74,146.76,145.3401,146.44,6559466.0,142.8686953511609,143.86859976489896,142.4766740030689,143.55490426254977,6559466.0
2019-12-20,False,daily,146.88,147.84,144.8,146.06,14532998.0,143.9862355782799,144.9273220853275,141.94721481301016,143.1823908535101,14532998.0
2019-12-19,False,daily,143.89,145.88,143.61,145.35,9874889.0,141.05514322820463,143.00593713343866,140.7806596636491,142.48637895767283,9874889.0
2019-12-18,False,daily,143.72,143.88,142.74,143.19,7849413.0,140.8884924925816,141.04534024375621,139.92780001663724,140.36893431681577,7849413.0
2019-12-17,False,daily,143.0,144.05,142.52,143.56,10724074.0,140.18267761229592,141.21199097937924,139.71213435877215,140.73164474140702,10724074.0
2019-12-16,False,daily,141.73,142.85,141.49,141.79,5353158.0,138.93769858734757,140.03563284556975,138.70242696058568,138.99651649403805,5353158.0
2019-12-13,False,daily,141.1,141.8,140.31,141.38,4257231.0,138.3201105670976,139.00631947848646,137.54567479567302,138.59459413165314,4257231.0
2019-12-12,False,daily,141.32,142.06,140.73,141.34,5012506.0,138.53577622496266,139.26119707414517,137.95740014250632,138.5553821938595,5012506.0
2019-12-11,False,daily,140.93,141.98,140.63,140.98,6631591.0,138.1534598314746,139.18277319855787,137.8593702980222,138.20247475371664,6631591.0
2019-12-10,False,daily,140.8,141.0,139.91,139.99,5310783.0,138.02602103364524,138.22208072261347,137.15355541773653,137.23197929332383,5310783.0
2019-12-09,False,daily,140.39,140.81,140.0601,140.5,4260566.0,137.6240986712603,138.03582401809365,137.3006982143072,137.73193150019284,4260566.0
2019-12-06,False,daily,139.46,141.58,139.46,140.38,6640534.0,136.712421117558,138.7906538206214,136.712421117558,137.61429568681191,6640534.0
2019-12-05,False,daily,139.35,139.745,137.95,139.56,5473037.0,136.60458828862545,136.99180617433774,135.2321704658477,136.8104509620421,5473037.0
2019-12-04,False,daily,138.5,139.74,138.04,139.38,7257393.0,135.7713346105104,136.98690468211353,135.32039732588342,136.63399724197066,7257393.0
2019-12-03,False,daily,136.91,137.45,136.16,137.16,6419310.0,134.21266008321282,134.7420212434271,133.47743624958193,134.45773469442315,6419310.0
2019-12-02,False,daily,137.72,137.85,136.85,137.36,4717317.0,135.00670182353423,135.1341406213636,134.15384217652237,134.6537943833914,4717317.0
2019-11-29,False,daily,137.6,138.27,136.94,137.49,3278854.0,134.88906601015327,135.54586596819692,134.24206903655806,134.78123318122076,3278854.0
2019-11-27,False,daily,137.16,138.25,136.9,137.75,5522951.0,134.45773469442315,135.5262599993001,134.20285709876444,135.03611077687947,5522951.0
2019-11-26,False,daily,136.47,137.34,135.15,137.17,10637413.0,133.7813287674827,134.63418841449456,132.4873348202923,134.46753767887154,10637413.0
2019-11-25,False,daily,137.06,137.65,136.24,137.18,6111909.0,134.35970484993902,134.93808093239537,133.55586012516923,134.47734066331998,6111909.0
2019-11-22,False,daily,136.65,138.63,136.5,138.07,9235894.0,133.0360768790717,134.96371268017347,132.8900438638367,134.41852275662953,9235894.0
2019-11-21,False,daily,135.94,136.85,135.0,136.44,6424868.0,132.34485394029275,133.23078756605165,131.42971371148684,132.8316306577427,6424868.0
2019-11-20,False,daily,135.11,136.34,134.07,135.94,7600882.0,131.53680458932584,132.73427531425273,130.52430901702994,132.34485394029275,7600882.0
2019-11-19,False,daily,135.0,135.19,134.21,134.82,5192243.0,131.42971371148684,131.61468886411782,130.66060649791592,131.25447409320486,5192243.0
2019-11-18,False,daily,134.22,135.69,132.66,134.83,9293614.0,130.67034203226493,132.10146558156777,129.15159867382107,131.26420962755387,9293614.0
2019-11-15,False,daily,131.25,134.97,130.78,134.94,10495624.0,127.7788883306122,131.40050710843985,127.32131821620925,131.37130050539284,10495624.0
2019-11-14,False,daily,131.03,131.36,130.14,130.96,4217472.0,127.56470657493423,127.8859792084512,126.69824401787331,127.49655783449124,4217472.0
2019-11-13,False,daily,131.04,131.487,130.72,131.27,5921414.0,127.57444210928323,128.00962049468347,127.26290501011526,127.79835939931021,5921414.0
2019-11-12,False,daily,132.0,132.09,131.02,131.35,5229157.0,128.50905340678713,128.59667321592812,127.55497104058524,127.8762436741022,5229157.0
2019-11-11,False,daily,132.27,132.5247,131.33,131.98,4371362.0,128.77191283421013,129.01987689407912,127.85677260540422,128.48958233808912,4371362.0
2019-11-08,False,daily,131.3,133.04,130.97,133.0,5003528.0,127.82756600235722,129.52154897908304,127.50629336884023,129.48260684168704,5003528.0
2019-11-07,False,daily,131.73,132.38,131.01,131.43,5874081.0,128.24619397936416,128.8790037120491,127.54523550623622,127.9541279488942,5874081.0
2019-11-06,False,daily,130.42,131.48,129.7,130.96,5450031.0,126.97083897964528,128.00280562063918,126.26988050651735,127.49655783449124,5450031.0
2019-11-05,False,daily,130.53,131.47,129.68,130.42,6257266.0,127.07792985748428,127.99307008629019,126.25040943781937,126.97083897964528,6257266.0
2019-11-04,False,daily,131.8,131.95,130.09,130.23,6140323.0,128.31434271980717,128.46037573504213,126.64956634612832,126.7858638270143,6140323.0
2019-11-01,False,daily,132.05,133.0,131.14,131.2,5541792.0,128.55773107853213,129.48260684168704,127.6717974527732,127.73021065886721,5541792.0
2019-10-31,False,daily,132.38,132.84,130.89,132.04,7686682.0,128.8790037120491,129.32683829210305,127.42840909404823,128.54799554418312,7686682.0
2019-10-30,False,daily,133.3,133.53,131.73,132.84,9627603.0,129.77467287215703,129.99859016218397,128.24619397936416,129.32683829210305,9627603.0
2019-10-29,False,daily,129.7,129.97,128.56,129.1244,4506298.0,126.26988050651735,126.53273993394033,125.16002959073147,125.70950314938898,4506298.0
2019-10-28,False,daily,128.62,130.0,128.51,129.18,7876303.0,125.21844279682547,126.56194653698734,125.11135191898647,125.76363272036942,7876303.0
2019-10-25,False,daily,127.83,129.1,127.31,128.35,6947250.0,124.44933558325454,125.68574844557742,123.9430877971066,124.95558336940249,6947250.0
2019-10-24,False,daily,130.42,130.58,126.1,127.5,12146358.0,126.97083897964528,127.12660752922929,122.76508814087771,124.12806294973757,12146358.0
2019-10-23,False,daily,129.66,130.48,129.07,129.9,6722254.0,126.23093836912136,127.02925218573927,125.65654184253042,126.46459119349734,6722254.0
2019-10-22,False,daily,128.76,130.54,128.09,129.2,7625647.0,125.35474027771144,127.08766539183327,124.70245947632851,125.7831037890674,7625647.0
2019-10-21,False,daily,128.67,129.67,127.06,128.02,14107414.0,125.26712046857045,126.24067390347035,123.69969943838161,124.63431073588553,14107414.0
2019-10-18,False,daily,133.31,134.3875,127.7,127.7,25879463.0,129.784408406506,130.83341223261064,124.32277363671756,124.32277363671756,25879463.0
2019-10-17,False,daily,135.96,137.49,135.65,136.17,8612673.0,132.36432500899076,133.8538617643876,132.06252344417177,132.56877123031973,8612673.0
2019-10-16,False,daily,134.9,136.59,133.8,135.17,12463867.0,131.33235836799685,132.97766367297768,130.26144958960697,131.5952177954198,12463867.0
2019-10-15,False,daily,133.0,134.25,132.1,132.84,10048879.0,129.48260684168704,130.6995486353119,128.60640875027713,129.32683829210305,10048879.0
2019-10-14,False,daily,131.36,131.36,130.42,130.72,5851866.0,127.8859792084512,127.8859792084512,126.97083897964528,127.26290501011526,5851866.0
2019-10-11,False,daily,131.14,132.62,130.82,131.33,7187687.0,127.6717974527732,129.11265653642508,127.36026035360524,127.85677260540422,7187687.0
2019-10-10,False,daily,128.95,130.1179,128.63,129.06,5265916.0,125.53971543034243,126.67672848696202,125.22817833117446,125.64680630818143,5265916.0
2019-10-09,False,daily,131.14,131.25,128.52,129.22,7854729.0,127.6717974527732,127.7788883306122,125.12108745333548,125.8025748577654,7854729.0
2019-10-08,False,daily,132.45,133.265,131.49,131.84,7926935.0,128.94715245249208,129.7405985019355,128.01254115498818,128.35328485720316,7926935.0
2019-10-07,False,daily,133.09,133.825,132.1446,133.16,5437161.0,129.57022665082803,130.28578842547944,128.64982923347367,129.638375391271,5437161.0
2019-10-04,False,daily,131.34,133.72,131.25,133.66,7240361.0,127.86650813975321,130.18356531481496,127.7788883306122,130.12515210872098,7240361.0
2019-10-03,False,daily,131.64,132.3715,130.01,131.19,7413819.0,128.15857417022315,128.87072850785245,126.57168207133633,127.72047512451822,7413819.0
2019-10-02,False,daily,132.76,134.7,131.22,132.0,12088624.0,129.24895401731106,131.13764768101686,127.7496817275652,128.50905340678713,12088624.0
2019-10-01,False,daily,130.02,130.8,129.77,129.99,7706218.0,126.58141760568533,127.34078928490726,126.33802924696036,126.55221100263834,7706218.0
2019-09-30,False,daily,129.07,130.28,129.0,129.38,6825489.0,125.65654184253042,126.83454149875931,125.58839310208742,125.95834340734939,6825489.0
2019-09-27,False,daily,128.61,129.4,126.7,128.6,6006690.0,125.20870726247648,125.9778144760474,123.34922020181766,125.19897172812746,6006690.0
2019-09-26,False,daily,131.09,131.3092,128.03,128.85,7706003.0,127.62311978102822,127.83652269395829,124.64404627023453,125.44236008685243,7706003.0
2019-09-25,False,daily,131.5,131.575,130.23,130.99,4569635.0,128.0222766893372,128.09529319695466,126.7858638270143,127.52576443753824,4569635.0
2019-09-24,False,daily,132.1,132.78,131.34,131.55,7131472.0,128.60640875027713,129.26842508600905,127.86650813975321,128.0709543610822,7131472.0
2019-09-23,False,daily,131.02,132.05,130.49,131.74,5422371.0,127.55497104058524,128.55773107853213,127.03898772008829,128.25592951371317,5422371.0
2019-09-20,False,daily,131.0,132.0,130.29,131.65,12335326.0,127.53549997188723,128.50905340678713,126.8442770331083,128.16830970457218,12335326.0
2019-09-19,False,daily,129.63,131.19,129.36,130.11,4857275.0,126.20173176607436,127.72047512451822,125.93887233865141,126.66903741482633,4857275.0
2019-09-18,False,daily,129.9,130.56,128.78,130.41,4450707.0,126.46459119349734,127.10713646053128,125.37421134640945,126.96110344529629,4450707.0
2019-09-17,False,daily,129.6,130.5,129.11,129.67,5002870.0,126.17252516302736,127.04872325443728,125.69548397992644,126.24067390347035,5002870.0
2019-09-16,False,daily,130.11,130.75,129.33,129.54,5101689.0,126.66903741482633,127.29211161316226,125.9096657356044,126.11411195693337,5101689.0
2019-09-13,False,daily,131.33,131.57,129.96,130.78,5369774.0,127.85677260540422,128.09042542978017,126.52300439959134,127.32131821620925,5369774.0
2019-09-12,False,daily,131.36,131.77,130.06,130.43,5250032.0,127.8859792084512,128.28513611676016,126.62035974308132,126.9805745139943,5250032.0
2019-09-11,False,daily,129.86,131.28,129.08,131.17,6203628.0,126.42564905610136,127.8080949336592,125.66627737687944,127.7010040558202,6203628.0
2019-09-10,False,daily,127.34,129.55,126.34,129.55,8239733.0,123.97229440015359,126.12384749128239,122.99874096525369,126.12384749128239,8239733.0
2019-09-09,False,daily,128.0,128.16,126.59,126.95,7684665.0,124.61483966718752,124.7706082167715,123.24212932397866,123.59260856054263,7684665.0
2019-09-06,False,daily,128.88,129.23,128.07,128.21,6758329.0,125.47156668989943,125.8123103921144,124.68298840763052,124.81928588851652,6758329.0
2019-09-05,False,daily,129.9,129.9,128.31,128.58,4754074.0,126.46459119349734,126.46459119349734,124.9166412320065,125.17950065942948,4754074.0
2019-09-04,False,daily,129.49,129.59,128.08,128.86,4821460.0,126.06543428518839,126.16278962867837,124.69272394197952,125.45209562120145,4821460.0
2019-09-03,False,daily,127.99,128.98,127.51,128.74,5710249.0,124.60510413283852,125.56892203338941,124.13779848408657,125.33526920901346,5710249.0
2019-08-30,False,daily,128.27,129.1,127.62,128.36,7371134.0,124.8776990946105,125.68574844557742,124.24488936192557,124.96531890375151,7371134.0
2019-08-29,False,daily,128.84,129.2,126.83,128.24,6750113.0,125.43262455250344,125.7831037890674,123.47578214835464,124.8484924915635,6750113.0
2019-08-28,False,daily,127.86,128.87,127.01,128.68,9885221.0,124.47854218630154,125.46183115555044,123.65102176663663,125.27685600291946,9885221.0
2019-08-27,False,daily,129.88,132.4,129.1,129.64,20186781.0,126.44512012479933,128.8984747807471,125.68574844557742,126.21146730042335,20186781.0
2019-08-26,False,daily,127.42,128.08,126.63,127.8,8916621.0,124.05017867494558,124.69272394197952,123.28107146137465,124.42012898020754,8916621.0
2019-08-23,False,daily,131.07,131.26,127.13,127.73,15714753.0,126.65458845806961,126.8381878462365,122.84731693503007,123.4271044766097,15714753.0
2019-08-22,False,daily,131.6,132.13,130.8007,131.27,7213567.0,127.16673411979829,127.67887978152696,126.39436048315731,126.8478509719295,7213567.0
2019-08-21,False,daily,131.7,132.41,130.85,131.53,6914009.0,127.26336537672822,127.94944730093079,126.44199969282376,127.09909223994734,6914009.0
2019-08-20,False,daily,131.96,132.66,130.46,130.6,7302016.0,127.51460664474608,128.19102544325563,126.06513779079701,126.20042155049892,7302016.0
2019-08-19,False,daily,132.5,132.57,131.82,132.25,4958004.0,128.03641543216773,128.10405731201868,127.37932288504415,127.79483728984289,4958004.0
2019-08-16,False,daily,131.47,131.67,130.595,131.36,5858866.0,127.04111348578938,127.23437599964925,126.19558998765241,126.93481910316646,5858866.0
2019-08-15,False,daily,130.17,131.07,129.25,130.54,7251225.0,125.78490714570017,126.65458845806961,124.89589958194476,126.14244279634094,7251225.0
2019-08-14,False,daily,132.53,132.54,130.13,130.26,7736420.0,128.06540480924673,128.0750679349397,125.7462546429282,125.87187527693712,7736420.0
2019-08-13,False,daily,132.3,134.1,132.0,133.42,5101835.0,127.84315291830787,129.58251554304672,127.55325914751805,128.92542299592316,5101835.0
2019-08-12,False,daily,132.3,133.48,132.0,131.93,6736369.0,127.84315291830787,128.98340175008113,127.55325914751805,127.4856172676671,6736369.0
2019-08-09,False,daily,131.8,132.76,131.23,132.04,4677327.0,127.35999663365818,128.28765670018558,126.80919846915752,127.59191165029002,4677327.0
2019-08-08,False,daily,130.98,131.945,130.23,131.68,5260533.0,126.56762032683267,127.50011195620658,125.84288589985813,127.24403912534225,5260533.0
2019-08-07,False,daily,129.36,130.905,128.19,130.21,6771743.0,125.0021939645677,126.49514688413522,123.87160825848741,125.82355964847217,6771743.0
2019-08-06,False,daily,130.34,131.22,129.59,130.77,7880567.0,125.94918028248108,126.79953534346453,125.22444585550654,126.36469468727982,7880567.0
2019-08-05,False,daily,130.91,131.46,129.01,130.16,9480016.0,126.49997844698171,127.03145036009639,124.6639845653129,125.77524402000718,9480016.0
2019-08-02,False,daily,130.86,131.47,129.7701,131.07,6574944.0,126.45166281851677,127.04111348578938,125.39847874923737,126.65458845806961,6574944.0
2019-08-01,False,daily,130.26,130.74,129.02,130.29,7870738.0,125.87187527693712,126.33570531020084,124.67364769100591,125.9008646540161,7870738.0
2019-07-31,False,daily,131.64,132.0,130.18,130.22,8559201.0,127.20538662257026,127.55325914751805,125.79457027139318,125.83322277416515,8559201.0
2019-07-30,False,daily,132.47,132.49,131.27,132.08,5509621.0,128.00742605508876,128.02675230647475,126.8478509719295,127.63056415306201,5509621.0
2019-07-29,False,daily,131.0,133.31,130.21,133.02,7831982.0,126.58694657821867,128.81912861330022,125.82355964847217,128.53889796820343,7831982.0
2019-07-26,False,daily,131.3,131.3,130.49,130.73,4894714.0,126.87684034900849,126.87684034900849,126.094127167876,126.32604218450783,4894714.0
2019-07-25,False,daily,130.06,131.53,129.67,131.12,8897902.0,125.67861276307725,127.09909223994734,125.30175086105048,126.7029040865346,8897902.0
2019-07-24,False,daily,128.88,129.79,128.57,129.78,6838620.0,124.53836393130398,125.41770836936641,124.23880703482116,125.40804524367343,6838620.0
2019-07-23,False,daily,128.61,129.45,128.155,128.84,5803625.0,124.27745953759316,125.08916209580462,123.83778731856194,124.49971142853201,5803625.0
2019-07-22,False,daily,130.0,130.15,127.84,128.64,12625513.0,125.62063400891928,125.7655808943142,123.53339885923263,124.30644891467212,12625513.0
2019-07-19,False,daily,132.25,132.39,130.19,130.31,8340239.0,127.79483728984289,127.9301210495448,125.80423339708616,125.9201909054021,8340239.0
2019-07-18,False,daily,132.13,132.51,131.17,132.07,6203739.0,127.67887978152696,128.0460785578607,126.75121971499955,127.620901027369,6203739.0
2019-07-17,False,daily,132.49,133.58,131.41,131.86,8862093.0,128.02675230647475,129.08003300701108,126.98313473163141,127.41797538781614,8862093.0
2019-07-16,False,daily,132.93,133.83,131.75,132.5,10214538.0,128.45192983696649,129.32161114933592,127.31168100519321,128.03641543216773,10214538.0
2019-07-15,False,daily,135.39,136.36,134.45,134.71,10038224.0,130.82905875744294,131.76638194966336,129.92072494230152,130.17196621031937,10038224.0
2019-07-12,False,daily,140.12,140.12,132.32,134.3,17780111.0,135.399717210229,135.399717210229,127.86247916969384,129.77577805690663,17780111.0
2019-07-11,False,daily,140.94,141.21,139.02,140.11,5817412.0,136.1920935170545,136.45299791076533,134.33677338399968,135.39005408453602,5817412.0
2019-07-10,False,daily,141.78,141.99,140.67,141.21,4874373.0,137.00379607526597,137.20672171481885,135.93118912334364,136.45299791076533,4874373.0
2019-07-09,False,daily,141.46,142.47,140.91,141.41,4217453.0,136.69457605309017,137.67055174808254,136.1631041399755,136.6462604246252,4217453.0
2019-07-08,False,daily,140.12,141.08,139.635,140.97,4078372.0,135.399717210229,136.3273772767564,134.9310556141188,136.22108289413347,4078372.0
2019-07-05,False,daily,141.74,141.8637,140.37,140.57,4652419.0,136.96514357249401,137.08467643731632,135.64129535255387,135.83455786641372,4652419.0
2019-07-03,False,daily,141.0,142.18,140.79,142.14,3436339.0,136.25007227121245,137.39032110298572,136.0471466316596,137.35166860021374,3436339.0
2019-07-02,False,daily,139.22,140.03,138.69,140.03,4501207.0,134.53003589785956,135.31274907899206,134.01789023613088,135.31274907899206,4501207.0
2019-07-01,False,daily,140.2,140.26,138.72,139.36,5875080.0,135.47702221577293,135.5350009699309,134.04687961320988,134.6653196575615,5875080.0
2019-06-28,False,daily,140.74,141.1,138.505,139.28,12792462.0,135.99883100319462,136.3467035281424,133.83912241081052,134.58801465201753,12792462.0
2019-06-27,False,daily,142.23,142.5,140.605,140.69,5233481.0,137.43863673145069,137.69954112516152,135.8683788063392,135.95051537472966,5233481.0
2019-06-26,False,daily,143.85,143.85,140.76,141.85,7674128.0,139.00406309371567,139.00406309371567,136.0181572545806,137.07143795511692,7674128.0
2019-06-25,False,daily,143.27,144.98,143.19,144.24,7517135.0,138.44360180352206,140.095996297024,138.3662967979781,139.38092499574245,7517135.0
2019-06-24,False,daily,142.42,143.7,142.09,143.06,5894683.0,137.62223611961755,138.85911620832078,137.30335297174878,138.24067616396917,5894683.0
2019-06-21,False,daily,141.46,142.425,141.01,142.09,11272212.0,136.69457605309017,137.6270676824641,136.25973539690546,137.30335297174878,11272212.0
2019-06-20,False,daily,141.25,142.4,141.0,142.21,7335833.0,136.49165041353731,137.6029098682316,136.25007227121245,137.41931048006472,7335833.0
2019-06-19,False,daily,140.01,140.97,139.91,140.45,6393620.0,135.29342282760607,136.22108289413347,135.19679157067614,135.7186003580978,6393620.0
2019-06-18,False,daily,140.56,140.93,139.79,140.23,7122711.0,135.82489474072074,136.18243039136152,135.0808340623602,135.50601159285193,7122711.0
2019-06-17,False,daily,140.0,140.24,139.21,139.44,5562791.0,135.28375970191308,135.51567471854494,134.52037277216658,134.74262466310543,5562791.0
2019-06-14,False,daily,141.23,141.485,140.04,140.09,6548166.0,136.4723241621513,136.71873386732267,135.32241220468504,135.37072783315003,6548166.0
2019-06-13,False,daily,141.72,141.95,140.21,140.71,7500807.0,136.94581732110802,137.16806921204684,135.48668534146594,135.96984162611565,7500807.0
2019-06-12,False,daily,140.3,142.91,140.3,141.68,9216636.0,135.57365347270292,138.09572927857428,135.57365347270292,136.90716481833604,9216636.0
2019-06-11,False,daily,139.68,140.66,139.5,139.78,8230527.0,134.9745396797373,135.92152599765066,134.8006034172634,135.07117093666722,8230527.0
2019-06-10,False,daily,138.6,139.15,137.6,139.02,4994790.0,133.93092210489394,134.4623940180086,132.96460953559458,134.33677338399968,4994790.0
2019-06-07,False,daily,137.59,139.59,137.14,138.55,6533960.0,132.95494640990157,134.88757154850035,132.52010575371685,133.882606476429,6533960.0
2019-06-06,False,daily,134.9,137.66,134.59,136.68,9115846.0,130.35556559848627,133.02258828975252,130.05600870200345,132.07560197183915,9115846.0
2019-06-05,False,daily,134.7,135.13,133.86,134.38,6860551.0,130.16230308462636,130.5778174894251,129.3506005264149,129.85308306245057,6860551.0
2019-06-04,False,daily,132.6,134.3,132.58,133.73,6649100.0,128.13304668909768,129.77577805690663,128.1137204377117,129.22497989240597,6649100.0
2019-06-03,False,daily,131.5,132.4,131.04,131.44,8434761.0,127.07010286286835,127.9397841752378,126.62559908099064,127.0121241087104,8434761.0
2019-05-31,False,daily,131.52,132.0,129.61,131.15,7810987.0,127.08942911425436,127.55325914751805,125.24377210689255,126.73189346361357,7810987.0
2019-05-30,False,daily,131.44,132.82,131.17,132.11,7361016.0,127.0121241087104,128.34563545434352,126.75121971499955,127.659553530141,7361016.0
2019-05-29,False,daily,135.89,135.89,128.52,131.33,23247405.0,131.31221504209262,131.31221504209262,124.19049140635622,126.90582972608748,23247405.0
2019-05-28,False,daily,139.0,140.49,137.0,137.07,11919579.0,134.3174471326137,135.75725286086978,132.38482199401494,132.4524638738659,11919579.0
2019-05-24,False,daily,139.5,139.5,138.56,138.85,5473499.0,134.8006034172634,134.8006034172634,133.89226960212198,134.17250024721878,5473499.0
2019-05-23,False,daily,138.5,139.85,137.67,139.79,6951797.0,132.92476530031712,134.220421857396,132.12817645411303,134.16283712152583,6951797.0
2019-05-22,False,daily,138.35,138.95,137.485,138.76,5456839.0,132.78080346064166,133.3566508193434,131.95062351851334,133.1742991557545,5456839.0
2019-05-21,False,daily,139.12,139.57,138.08,138.12,4859048.0,133.51980757097556,133.95169309000187,132.5216721492259,132.56006197313934,4859048.0
2019-05-20,False,daily,138.61,138.96,137.68,138.42,4771127.0,133.0303373160791,133.36624827532177,132.1377739100914,132.8479856524902,4771127.0
2019-05-17,False,daily,137.0,139.03,136.86,138.61,6915286.0,131.48514690356276,133.4334304671703,131.3507825198657,133.0303373160791,6915286.0
2019-05-16,False,daily,137.39,139.1929,136.97,138.21,6857180.0,131.85944768671888,133.58977302505784,131.45635453562767,132.6464390769446,6857180.0
2019-05-15,False,daily,136.9,137.49,135.33,136.91,6429352.0,131.38917234377917,131.95542224650254,129.88237175517628,131.3987697997575,6429352.0
2019-05-14,False,daily,137.04,137.84,136.73,136.82,7179438.0,131.5235367274762,132.2913332057452,131.22601559214698,131.31239269595224,7179438.0
2019-05-13,False,daily,137.85,138.06,136.5302,137.2,5560421.0,132.30093066172356,132.50247723726918,131.03425842169932,131.67709602313,5560421.0
2019-05-10,False,daily,138.43,139.25,136.41,139.05,4771626.0,132.8575831084686,133.64457449869428,130.9188970008394,133.45262537912703,4771626.0
2019-05-09,False,daily,138.95,139.32,137.64,138.73,5604201.0,133.3566508193434,133.7117566905428,132.09938408617793,133.14550678781941,5604201.0
2019-05-08,False,daily,140.2,140.92,139.7,139.79,4667257.0,134.55633281663867,135.24734964708077,134.07646001772056,134.16283712152583,4667257.0
2019-05-07,False,daily,140.82,141.38,139.06,139.97,6606664.0,135.15137508729714,135.68883262208544,133.4622228351054,134.33559132913635,6606664.0
2019-05-06,False,daily,140.25,142.24,139.93,142.09,5818880.0,134.6043200965305,136.5142138362246,134.29720150522292,136.37025199654914,5818880.0
2019-05-03,False,daily,141.29,142.09,141.08,142.01,5281630.0,135.60245551828015,136.37025199654914,135.4009089427346,136.29347234872225,5281630.0
2019-05-02,False,daily,141.91,142.15,140.12,141.28,8835587.0,136.19749778893862,136.42783673241934,134.4795531688118,135.59285806230181,8835587.0
2019-05-01,False,daily,140.95,142.35,139.75,141.95,6656335.0,135.27614201501584,136.61978585198656,134.1244472976124,136.23588761285208,6656335.0
2019-04-30,False,daily,140.19,141.45,138.9599,141.2,6003702.0,134.54673536066034,135.75601481393394,133.366152300762,135.5160784144749,6003702.0
2019-04-29,False,daily,140.35,140.43,139.58,139.84,4275158.0,134.70029465631413,134.77707430414102,133.96129054598023,134.21082440141765,4275158.0
2019-04-26,False,daily,139.88,140.524,139.31,140.39,4613583.0,134.2492142253311,134.86729039033762,133.70215923456445,134.73868448022756,4613583.0
2019-04-25,False,daily,138.52,139.77,137.96,139.65,5218088.0,132.94396021227385,134.14364220956912,132.40650267748555,134.02847273782876,5218088.0
2019-04-24,False,daily,139.65,140.14,138.8607,139.2,5676338.0,134.02847273782876,134.4987480807685,133.27094553745664,133.59658721880245,5676338.0
2019-04-23,False,daily,137.42,140.85,137.25,139.9,5790482.0,131.88824005465398,135.18016745523224,131.72508330302182,134.26840913728782,5790482.0
2019-04-22,False,daily,136.98,138.49,136.4575,137.83,4666537.0,131.46595199160603,132.91516784433875,130.96448491673664,132.28173574976685,4666537.0
2019-04-18,False,daily,139.35,140.24,135.75,137.52,10485289.0,133.74054905847788,134.59472264055213,130.2854649062675,131.9842146144376,10485289.0
2019-04-17,False,daily,139.0,140.1458,137.67,138.52,9543743.0,133.40463809923523,134.50431460523598,132.12817645411303,132.94396021227385,9543743.0
2019-04-16,False,daily,138.32,140.7,137.56,138.02,10745724.0,132.75201109270657,135.03620561555678,132.02260443835107,132.46408741335574,10745724.0
2019-04-15,False,daily,136.0,136.79,135.8,136.52,5380891.0,130.52540130572655,131.28360032801714,130.33345218615932,131.0244690166014,5380891.0
2019-04-12,False,daily,135.22,136.35,134.75,135.98,5756816.0,129.7767997394143,130.86131226496923,129.32571930843127,130.50620639376982,5756816.0
2019-04-11,False,daily,135.96,136.18,134.42,135.21,4485211.0,130.4870114818131,130.69815551333707,129.0090032611453,129.76720228343592,4485211.0
2019-04-10,False,daily,135.89,136.13,135.33,135.58,4194170.0,130.41982928996455,130.65016823344524,129.88237175517628,130.12230815463533,4194170.0
2019-04-09,False,daily,136.0,136.26,134.56,135.57,5210317.0,130.52540130572655,130.77493516116397,129.14336764484239,130.11271069865697,5210317.0
2019-04-08,False,daily,136.05,136.51,135.7,136.14,4330048.0,130.57338858561837,131.01487156062302,130.23747762637566,130.6597656894236,4330048.0
2019-04-05,False,daily,136.04,136.58,135.7,136.18,4759699.0,130.56379112963998,131.08205375247158,130.23747762637566,130.69815551333707,4759699.0
2019-04-04,False,daily,136.87,137.005,135.13,135.57,5844786.0,131.36037997584407,131.48994563155193,129.69042263560902,130.11271069865697,5844786.0
2019-04-03,False,daily,138.2,138.24,136.87,137.17,5947020.0,132.63684162096624,132.6752314448797,131.36037997584407,131.64830365519492,5947020.0
2019-04-02,False,daily,139.01,139.01,136.91,137.71,5517817.0,133.41423555521357,133.41423555521357,131.3987697997575,132.1665662780265,5517817.0
2019-04-01,False,daily,139.99,140.29,138.735,138.98,5885401.0,134.35478624109308,134.64270992044393,133.15030551580864,133.3854431872785,5885401.0
2019-03-29,False,daily,139.28,139.88,138.88,139.79,7168449.0,133.67336686662935,134.2492142253311,133.28946862749487,134.16283712152583,7168449.0
2019-03-28,False,daily,139.06,139.46,138.71,138.88,4602073.0,133.4622228351054,133.8461210742399,133.1263118758627,133.28946862749487,4602073.0
2019-03-27,False,daily,138.59,139.48,138.07,138.7,6764854.0,133.01114240412238,133.8653159861966,132.5120746932475,133.11671441988435,6764854.0
2019-03-26,False,daily,136.93,139.27,136.93,138.57,4758846.0,131.41796471171423,133.663769410651,131.41796471171423,132.99194749216562,4758846.0
2019-03-25,False,daily,136.91,137.01,135.74,136.61,4500368.0,131.3987697997575,131.49474435954113,130.27586745028913,131.11084612040665,4500368.0
2019-03-22,False,daily,137.75,138.39,136.86,136.91,6528782.0,132.20495610193993,132.8191932845551,131.3507825198657,131.3987697997575,6528782.0
2019-03-21,False,daily,137.0,138.78,136.95,138.1,5765119.0,131.48514690356276,133.19349406771124,131.43715962367094,132.5408670611826,5765119.0
2019-03-20,False,daily,138.33,138.51,136.65,137.29,5475863.0,132.76160854868496,132.93436275629546,131.14923594432008,131.76347312693528,5475863.0
2019-03-19,False,daily,137.61,138.82,137.47,138.44,5882503.0,132.07059171824287,133.2318838916247,131.9362273345458,132.86718056444693,5882503.0
2019-03-18,False,daily,137.65,137.78,136.72,137.17,7369629.0,132.10898154215633,132.23374846987502,131.2164181361686,131.64830365519492,7369629.0
2019-03-15,False,daily,138.0,138.26,136.83,137.6,11922855.0,132.44489250139898,132.6944263568364,131.32199015193063,132.0609942622645,11922855.0
2019-03-14,False,daily,138.34,138.8,137.94,138.02,8493603.0,132.77120600466333,133.21268897966797,132.38730776552882,132.46408741335574,8493603.0
2019-03-13,False,daily,139.59,139.84,139.02,139.41,6446942.0,133.9708880019586,134.21082440141765,133.42383301119196,133.79813379434808,6446942.0
2019-03-12,False,daily,138.65,140.0,138.5,139.18,5553235.0,133.06872713999255,134.36438369707145,132.92476530031712,133.57739230684575,5553235.0
2019-03-11,False,daily,138.11,139.03,137.52,138.56,6150442.0,132.550464517161,133.4334304671703,131.9842146144376,132.98235003618728,6150442.0
2019-03-08,False,daily,138.09,139.3,136.42,138.06,7046830.0,132.53126960520424,133.6925617785861,130.92849445681776,132.50247723726918,7046830.0
2019-03-07,False,daily,138.53,139.12,137.7,138.24,6100380.0,132.9535576682522,133.51980757097556,132.15696882204813,132.6752314448797,6100380.0
2019-03-06,False,daily,139.47,139.65,138.6,139.09,6236946.0,133.85571853021824,134.02847273782876,133.02073986010072,133.4910152030405,6236946.0
2019-03-05,False,daily,138.81,139.14,138.36,138.77,6568870.0,133.22228643564634,133.5390024829323,132.79040091662006,133.1838966117329,6568870.0
2019-03-04,False,daily,138.85,139.41,137.51,138.48,8378067.0,133.26067625955977,133.79813379434808,131.97461715845924,132.90557038836036,8378067.0
2019-03-01,False,daily,137.22,138.61,137.01,138.35,5641586.0,131.69629093508675,133.0303373160791,131.49474435954113,132.78080346064166,5641586.0
2019-02-28,False,daily,135.95,137.9549,135.69,136.64,10133160.0,130.47741402583472,132.40160797493658,130.22788017039733,131.13963848834172,10133160.0
2019-02-27,False,daily,135.52,136.25,135.39,135.87,4378066.0,130.06472341876517,130.7653377051856,129.93995649104644,130.40063437800785,4378066.0
2019-02-26,False,daily,136.44,136.96,136.05,136.11,5106878.0,130.9476893687745,131.44675707964933,130.57338858561837,130.63097332148854,5106878.0
2019-02-25,False,daily,136.35,137.49,135.86,136.2,6846581.0,130.86131226496923,131.95542224650254,130.39103692202949,130.71735042529377,6846581.0
2019-02-22,False,daily,135.29,136.64,134.82,136.6,5223858.0,128.9884944954053,130.27561451587093,128.54038604383578,130.23747762637566,5223858.0
2019-02-21,False,daily,134.98,135.7875,134.2688,135.42,6665481.0,128.6929336018169,129.46282205850284,128.01485970659084,129.11243938626495,6665481.0
2019-02-20,False,daily,135.97,136.73,135.7251,136.35,6089752.0,129.63682161682505,130.36142251723533,129.4033285108902,129.99912206703019,6089752.0
2019-02-19,False,daily,136.14,136.38,135.63,135.69,5935948.0,129.79890339717997,130.02772473415163,129.31265805611517,129.3698633903581,5935948.0
2019-02-15,False,daily,135.19,136.41,135.01,136.38,6665038.0,128.8931522716671,130.0563274012731,128.72153626893834,130.02772473415163,6665038.0
2019-02-14,False,daily,134.3,134.82,133.35,134.31,3910454.0,128.04460648039716,128.54038604383578,127.1388553548843,128.05414070277098,3910454.0
2019-02-13,False,daily,134.07,134.98,133.21,134.45,7902181.0,127.8253193657993,128.6929336018169,127.00537624165084,128.18761981600446,7902181.0
2019-02-12,False,daily,132.08,134.3,132.08,134.16,6262320.0,125.92800911340923,128.04460648039716,125.92800911340923,127.91112736716369,6262320.0
2019-02-11,False,daily,132.31,132.67,131.26,132.0,4962617.0,126.14729622800706,126.49052823346456,125.146202878756,125.85173533441866,4962617.0
2019-02-08,False,daily,131.95,132.46,131.54,132.4,4436768.0,125.80406422254954,126.29030956361437,125.41316110522295,126.23310422937145,4436768.0
2019-02-07,False,daily,132.45,132.64,131.53,132.05,6085346.0,126.28077534124053,126.4619255663431,125.40362688284914,125.89940644628777,6085346.0
2019-02-06,False,daily,133.08,133.565,132.3,133.0,5066324.0,126.88143135079119,127.34384113592142,126.13776200563326,126.80515757180062,5066324.0
2019-02-05,False,daily,133.52,133.88,132.75,132.88,6449787.0,127.30093713523925,127.64416914069673,126.56680201245513,126.69074690331477,6449787.0
2019-02-04,False,daily,133.96,134.15,132.21,132.88,7759043.0,127.7204429196873,127.90159314478987,126.05195400426888,126.69074690331477,7759043.0
2019-02-01,False,daily,134.02,134.69,133.47,134.2,9575150.0,127.77764825393022,128.41644115297612,127.25326602337013,127.94926425665896,9575150.0
2019-01-31,False,daily,131.63,135.19,130.87,133.08,17298062.0,125.49896910658732,128.8931522716671,124.77436820617704,126.88143135079119,17298062.0
2019-01-30,False,daily,130.37,132.19,130.3,131.64,7299455.0,124.29765708748607,126.03288555952123,124.23091753086933,125.50850332896114,7299455.0
2019-01-29,False,daily,128.95,130.47,128.5,130.33,6669289.0,122.94379751040367,124.39299931122426,122.5147575035818,124.2595201979908,6669289.0
2019-01-28,False,daily,127.81,129.15,127.29,128.99,6927661.0,121.85689615978825,123.13448195788008,121.36111659634963,122.98193439989896,6927661.0
2019-01-25,False,daily,128.13,128.45,127.18,128.23,7585947.0,122.16199127575047,122.46708639171268,121.25624015023762,122.25733349948867,7585947.0
2019-01-24,False,daily,128.49,128.7,125.0,127.03,9917100.0,122.50522328120799,122.70544195105818,119.17777967274495,121.11322681463032,9917100.0
2019-01-23,False,daily,128.5,129.3,127.93,128.8,9267966.0,122.5147575035818,123.27749529348738,121.9713068282741,122.80078417479639,9267966.0
2019-01-22,False,daily,128.2,129.5009,127.01,128.8,10568128.0,122.2287308323672,123.4690378209774,121.09415836988268,122.80078417479639,10568128.0
2019-01-18,False,daily,129.9,131.18,129.45,130.69,10592972.0,123.84954863591655,125.06992909976546,123.42050862909466,124.60275220344829,10592972.0
2019-01-17,False,daily,127.71,129.52,127.4628,129.09,7631960.0,121.76155393605005,123.48724818571141,121.52586795896923,123.07727662363716,7631960.0
2019-01-16,False,daily,129.41,129.41,127.9,128.04,6264150.0,123.38237173959938,123.38237173959938,121.94270416115263,122.0761832743861,6264150.0
2019-01-15,False,daily,128.52,129.49,127.65,129.36,5194405.0,122.53382594832945,123.45864551858995,121.70434860180714,123.3347006277303,5194405.0
2019-01-14,False,daily,128.74,128.96,127.5898,128.28,7374457.0,122.74357884055348,122.95333173277751,121.64695258311674,122.30500461135777,7374457.0
2019-01-11,False,daily,129.0,129.84,128.31,129.75,5300666.0,122.99146862227278,123.79234330167363,122.33360727847923,123.70653530030926,5300666.0
2019-01-10,False,daily,127.69,129.89,127.69,129.71,6224419.0,121.7424854913024,123.8400144135427,121.7424854913024,123.66839841081398,6224419.0
2019-01-09,False,daily,129.83,130.24,128.33,128.93,7403525.0,123.78280907929982,124.17371219662641,122.35267572322688,122.92472906565605,7403525.0
2019-01-08,False,daily,128.18,130.5,127.73,129.96,9351570.0,122.20966238761957,124.42160197834572,121.7806223807977,123.90675397015947,9351570.0
2019-01-07,False,daily,127.63,128.3491,126.797,127.01,8404653.0,121.6852801570595,122.37088608796086,120.89107943332031,121.09415836988268,8404653.0
2019-01-04,False,daily,127.12,128.65,126.73,127.83,8831997.0,121.1990348159947,122.6577708391891,120.82720014341574,121.87596460453588,8831997.0
2019-01-03,False,daily,128.135,128.27,125.36,125.72,8654685.0,122.16675838693737,122.29547038898396,119.52101167820244,119.86424368365995,8654685.0
2019-01-02,False,daily,128.13,128.38,126.28,127.75,7631672.0,122.16199127575047,122.40034683509596,120.39816013659384,121.79969082554533,7631672.0
2020-09-18,False,daily,146.51,149.65,146.2,149.18,12174044.0,146.51,149.65,146.2,149.18,12174044.0
2020-09-17,False,daily,148.04,148.63,146.05,147.17,5461414.0,148.04,148.63,146.05,147.17,5461414.0
2020-09-16,False,daily,149.39,150.06,148.3501,148.4,4323502.0,149.39,150.06,148.3501,148.4,4323502.0
2020-09-15,False,daily,149.45,150.59,148.52,148.89,3659221.0,149.45,150.59,148.52,148.89,3659221.0
2020-09-14,False,daily,148.12,149.47,148.01,148.35,4375798.0,148.12,149.47,148.01,148.35,4375798.0
2020-09-11,False,daily,147.05,148.53,146.63,147.78,3934691.0,147.05,148.53,146.63,147.78,3934691.0
2020-09-10,False,daily,149.25,149.78,146.52,146.91,6191800.0,149.25,149.78,146.52,146.91,6191800.0
2020-09-09,False,daily,148.15,151.1,148.12,149.7,6960668.0,148.15,151.1,148.12,149.7,6960668.0
2020-09-08,False,daily,150.25,150.89,146.9,147.26,8756842.0,150.25,150.89,146.9,147.26,8756842.0
2020-09-04,False,daily,150.17,150.95,147.13,148.59,7200065.0,150.17,150.95,147.13,148.59,7200065.0
2020-09-03,False,daily,154.83,155.47,148.3,149.55,8672808.0,154.83,155.47,148.3,149.55,8672808.0
2020-09-02,False,daily,150.79,154.33,149.245,153.83,6881856.0,150.79,154.33,149.245,153.83,6881856.0
2020-09-01,False,daily,153.87,154.08,150.07,151.52,6309237.0,153.87,154.08,150.07,151.52,6309237.0
2020-08-31,False,daily,153.0,154.4,152.2605,153.41,6362683.0,153.0,154.4,152.2605,153.41,6362683.0
2020-08-28,False,daily,152.74,153.7,151.9,153.64,5395684.0,152.74,153.7,151.9,153.64,5395684.0
2020-08-27,False,daily,152.42,153.26,151.89,152.98,5575432.0,152.42,153.26,151.89,152.98,5575432.0
2020-08-26,False,daily,151.86,152.65,150.64,152.3,8008292.0,151.86,152.65,150.64,152.3,8008292.0
2020-08-25,False,daily,152.78,153.07,151.535,152.06,3863477.0,152.78,153.07,151.535,152.06,3863477.0
2020-08-24,False,daily,152.74,152.9,150.35,152.15,5387937.0,152.74,152.9,150.35,152.15,5387937.0
2020-08-21,False,daily,151.78,153.65,150.5901,152.76,6722759.0,150.77647944488086,152.63411560617962,149.59444668106835,151.75,6722759.0
2020-08-20,False,daily,149.75,151.58,149.5457,151.42,4874739.0,148.75990115213406,150.57780178057084,148.5569519180414,150.4188596491228,4874739.0
2020-08-19,False,daily,149.58,151.58,149.32,150.39,7816251.0,148.59102513747055,150.57780178057084,148.3327441738675,149.39566967792615,7816251.0
2020-08-18,False,daily,149.26,150.1,148.57,150.09,4322567.0,148.2731408745745,149.1075870646766,147.5877029327049,149.0976531814611,4322567.0
2020-08-17,False,daily,148.32,150.23,148.23,148.99,4306909.0,147.33935585231734,149.23672754647814,147.24995090337782,148.00492602775597,4306909.0
2020-08-14,False,daily,147.61,149.34,147.58,148.24,4240189.0,146.63405014401678,148.35261194029852,146.60424849437027,147.25988478659335,4240189.0
2020-08-13,False,daily,148.54,149.19,147.53,148.0,5155457.0,147.55790128305838,148.20360369206597,146.55457907829273,147.0214715894213,5155457.0
2020-08-12,False,daily,147.54,150.24,147.49,149.66,5258127.0,146.56451296150823,149.24666142969363,146.51484354543075,148.67049620319455,5258127.0
2020-08-11,False,daily,149.14,149.23,146.37,146.97,6388389.0,148.15393427598846,148.24333922492798,145.4022486252946,145.99828161822467,6388389.0
2020-08-10,False,daily,148.86,149.01,147.72,148.03,4096620.0,147.87578554595444,148.02479379418696,146.74332285938726,147.05127323906783,4096620.0
2020-08-07,False,daily,147.51,148.65,147.15,148.6,3635071.0,146.53471131186174,147.66717399842892,146.1770915161037,147.6175045823514,3635071.0
2020-08-06,False,daily,148.4,149.25,146.5,147.55,4837865.0,147.4188269180414,148.263206991359,145.5313891070961,146.57444684472375,4837865.0
2020-08-05,False,daily,149.1,149.31,147.8,148.4,5493196.0,148.11419874312648,148.322810290652,146.82279392511128,147.4188269180414,5493196.0
2020-08-04,False,daily,146.99,147.22,145.8247,147.22,4162154.0,146.0181493846557,146.2466286986122,144.8605539735533,146.2466286986122,4162154.0
2020-08-03,False,daily,146.39,147.79,146.15,147.35,4079755.0,145.42211639172558,146.81286004189576,145.18370319455354,146.37576918041373,4079755.0
2020-07-31,False,daily,146.66,147.45,143.96,145.76,8257997.0,145.6903312385441,146.4751080125687,143.00818277035873,144.796281749149,8257997.0
2020-07-30,False,daily,147.44,147.5,146.14,146.84,5922481.0,146.46517412935324,146.52477742864625,145.17376931133802,145.86914113642314,5922481.0
2020-07-29,False,daily,146.39,147.47,146.07,146.54,4489147.0,145.42211639172558,146.49497577899973,145.10423212882952,145.5711246399581,4489147.0
2020-07-28,False,daily,147.4,147.99,146.75,146.83,4842184.0,146.42543859649123,147.01153770620581,145.77973618748362,145.85920725320764,4842184.0
2020-07-27,False,daily,147.37,148.92,146.86,147.18,5675155.0,146.39563694684472,147.93538884524745,145.88900890285416,146.2068931657502,5675155.0
2020-07-24,False,daily,150.5,150.6,147.03,148.12,5405867.0,149.50494239329666,149.60428122545167,146.05788491751767,147.14067818800734,5405867.0
2020-07-23,False,daily,150.21,150.85,149.28,149.61,6566269.0,149.21685978004714,149.8526283058392,148.29300864100549,148.62082678711707,6566269.0
2020-07-22,False,daily,149.93,150.405,147.85,150.01,5910193.0,148.9387110500131,149.4105705027494,146.8724633411888,149.0181821157371,5910193.0
2020-07-21,False,daily,149.6,151.6695,149.5,149.74,5579687.0,148.61089290390154,150.66671003534955,148.51155407174653,148.74996726891857,5579687.0
2020-07-20,False,daily,150.23,150.32,148.43,149.6,6191457.0,149.23672754647814,149.32613249541765,147.44862856768788,148.61089290390154,6191457.0
2020-07-17,False,daily,150.0,150.5776,148.69,149.35,7444124.0,149.0082482325216,149.58202932704896,147.7069095312909,148.362545823514,7444124.0
2020-07-16,False,daily,148.68,149.34,146.68,149.25,9304669.0,147.6969756480754,148.35261194029852,145.71019900497512,148.263206991359,9304669.0
2020-07-15,False,daily,149.73,150.205,148.23,148.26,8512838.0,148.74003338570304,149.21189283843938,147.24995090337782,147.27975255302434,8512838.0
2020-07-14,False,daily,145.32,148.39,145.26,147.92,7447125.0,144.35919088766693,147.40889303482587,144.2995875883739,146.9420005236973,7447125.0
2020-07-13,False,daily,143.61,146.639,143.28,145.21,6951941.0,142.66049685781618,145.66947008379157,142.33267871170463,144.24991817229642,6951941.0
2020-07-10,False,daily,142.75,142.87,141.425,142.37,4282406.0,141.80618290128305,141.92538949986908,140.48994337522913,141.42869533909402,4282406.0
2020-07-09,False,daily,142.76,144.425,140.58,142.49,5738564.0,141.81611678449855,143.47010833987957,139.65053024351926,141.54790193768002,5738564.0
2020-07-08,False,daily,142.87,143.39,141.7,143.27,6257537.0,141.92538949986908,142.44195142707514,140.7631251636554,142.32274482848914,6257537.0
2020-07-07,False,daily,141.39,143.97,141.23,142.85,5622609.0,140.45517478397485,143.01811665357422,140.29623265252684,141.90552173343806,5622609.0
2020-07-06,False,daily,142.17,143.77,141.88,142.98,6156354.0,141.23001767478397,142.81943898926423,140.94193506153442,142.0346622152396,6156354.0
2020-07-02,False,daily,141.25,141.8386,140.33,140.97,5152238.0,140.31610041895783,140.90080878502226,139.40218316313172,140.0379516889238,5152238.0
2020-07-01,False,daily,140.69,141.39,140.06,140.38,6175020.0,139.75980295888976,140.45517478397485,139.13396831631317,139.4518525792092,6175020.0
2020-06-30,False,daily,139.4,141.02,137.84,140.63,7738296.0,138.4783320240901,140.08762110500132,136.92864624247184,139.70019965959673,7738296.0
2020-06-29,False,daily,138.74,139.7,137.98,139.04,5309797.0,137.822695731867,138.7763485205551,137.06772060748887,138.12071222833202,5309797.0
2020-06-26,False,daily,139.53,139.6,137.02,137.81,12849738.0,138.6074725058916,138.6770096884001,136.11406781880075,136.89884459282536,12849738.0
2020-06-25,False,daily,140.57,140.57,137.54,139.67,7421160.0,139.64059636030373,139.64059636030373,136.6306297460068,138.7465468709086,7421160.0
2020-06-24,False,daily,141.49,142.19,138.72,139.82,8211239.0,140.5545136161299,141.24988544121499,137.80282796543597,138.89555511914114,8211239.0
2020-06-23,False,daily,143.74,144.08,142.68,142.86,5921594.0,142.7896373396177,143.12738936894476,141.73664571877455,141.9154556166536,5921594.0
2020-06-22,False,daily,143.47,143.66,142.03,143.39,5285631.0,142.52142249279916,142.7101662738937,141.09094330976694,142.44195142707514,5285631.0
2020-06-19,False,daily,145.79,145.88,143.25,143.83,12194086.0,144.82608339879548,144.915488347735,142.30287706205812,142.87904228855723,12194086.0
2020-06-18,False,daily,142.52,144.115,141.87,143.41,4797449.0,141.57770358732654,143.162157960199,140.93200117831893,142.46181919350616,4797449.0
2020-06-17,False,daily,144.9,145.42,143.47,144.02,5100095.0,143.94196779261588,144.45852971982194,142.52142249279916,143.06778606965176,5100095.0
2020-06-16,False,daily,144.09,145.4219,142.77,144.46,7582631.0,143.13732325216026,144.4604171576329,141.82605066771407,143.50487693113382,7582631.0
2020-06-15,False,daily,141.0,142.397,139.3914,141.25,8655014.0,140.0677533385703,141.45551682377584,138.46978888452475,140.31610041895783,8655014.0
2020-06-12,False,daily,142.84,143.7067,140.28,142.15,8687356.0,141.89558785022257,142.7565575085101,139.3525137470542,141.21014990835297,8687356.0
2020-06-11,False,daily,148.58,149.17,140.75,140.87,11913265.0,147.5976368159204,148.18373592563498,139.81940625818277,139.9386128567688,11913265.0
2020-06-10,False,daily,146.6,150.03,146.6,147.8,10137069.0,145.6307279392511,149.0380498821681,145.6307279392511,146.82279392511128,10137069.0
2020-06-09,False,daily,148.25,149.33,145.65,145.96,8247233.0,147.26981866980884,148.34267805708302,144.68700903377848,144.99495941345901,8247233.0
2020-06-08,False,daily,145.88,147.61,145.74,146.77,7555622.0,144.915488347735,146.63405014401678,144.776413982718,145.79960395391464,7555622.0
2020-06-05,False,daily,147.69,149.64,146.6,147.3,9725441.0,146.71352120974078,148.65062843676353,145.6307279392511,146.32609976433622,9725441.0
2020-06-04,False,daily,146.8,148.37,145.58,146.73,8170480.0,145.82940560356116,147.38902526839487,144.61747185126998,145.75986842105263,8170480.0
2020-06-03,False,daily,148.52,149.14,146.449,148.65,6339468.0,147.5380335166274,148.15393427598846,145.48072630269706,147.66717399842892,6339468.0
2020-06-02,False,daily,147.06,148.35,146.12,148.25,6078311.0,146.08768656716418,147.36915750196385,145.15390154490706,147.26981866980884,6078311.0
2020-06-01,False,daily,147.29,148.34,146.01,147.19,6142580.0,146.3161658811207,147.35922361874836,145.04462882953652,146.21682704896568,6142580.0
2020-05-29,False,daily,147.96,149.35,145.33,148.75,8505215.0,146.98173605655933,148.362545823514,144.36912477088245,147.76651283058393,8505215.0
2020-05-28,False,daily,146.02,148.11,145.81,146.97,6190582.0,145.05456271275204,147.13074430479185,144.8459511652265,145.99828161822467,6190582.0
2020-05-27,False,daily,144.32,145.25,143.01,144.89,7950008.0,143.36580256611677,144.28965370515843,142.06446386488608,143.93203390940036,7950008.0
2020-05-26,False,daily,146.19,146.44,144.3,144.56,7072258.0,145.22343872741556,145.4717858078031,143.34593479968578,143.6042157632888,7072258.0
2020-05-22,False,daily,144.57,146.285,144.06,144.37,6140899.0,143.6141496465043,145.3178106179628,143.10752160251374,143.4154719821943,6140899.0
2020-05-21,False,daily,148.5,148.5,145.82,146.71,6487343.0,146.50260207077648,146.50260207077648,143.85864938694021,144.73667844985602,6487343.0
2020-05-20,False,daily,149.75,150.39,147.27,147.68,5713440.0,147.7357889568941,148.36718064258633,145.2891461748367,145.6936314734833,5713440.0
2020-05-19,False,daily,150.1,151.1,148.4,149.02,6107256.0,148.08108128500706,149.06763079390117,146.40394711988705,147.0156078154014,6107256.0
2020-05-18,False,daily,152.49,153.62,150.46,150.52,7389995.0,150.43893461126402,151.55373555631436,148.43623910820895,148.4954320787426,7389995.0
2020-05-15,False,daily,147.87,150.48,145.66,150.44,10340403.0,145.88107588017317,148.4559700983868,143.70080146551717,148.41650811803106,10340403.0
2020-05-14,False,daily,145.39,147.76,144.257,147.64,6871412.0,143.43443309811576,145.7725554341948,142.31667250453873,145.6541694931275,6871412.0
2020-05-13,False,daily,146.08,148.95,146.01,147.13,6970457.0,144.1151522592527,146.94654934977882,144.04609379363012,145.15102924359152,6970457.0
2020-05-12,False,daily,150.1,150.34,147.03,147.14,7039227.0,148.08108128500706,148.31785316714164,145.05237429270213,145.16089473868047,7039227.0
2020-05-11,False,daily,148.45,150.1,148.12,149.11,5887489.0,146.45327459533175,148.08108128500706,146.12771325739672,147.1043972712019,5887489.0
2020-05-08,False,daily,148.92,149.18,147.89,148.7,4712477.0,146.91695286451198,147.17345573682448,145.90080687035103,146.69991197255527,4712477.0
2020-05-07,False,daily,149.37,149.525,147.1301,147.59,5571034.0,147.36090014351436,147.51381531739295,145.15112789854243,145.6048420176828,5571034.0
2020-05-06,False,daily,150.0,150.32,148.04,148.08,6191594.0,147.98242633411763,148.29812217696374,146.04878929668516,146.08825127704094,6191594.0
2020-05-05,False,daily,149.0,150.78,148.64,149.5,6562288.0,146.99587682522352,148.75193495105506,146.64071900202163,147.4891515796706,6562288.0
2020-05-04,False,daily,148.77,149.08,147.09,148.27,7198409.0,146.7689704381779,147.07480078593508,145.11156726323577,146.27569568373085,7198409.0
2020-05-01,False,daily,149.62,149.67,146.79,148.29,7308960.0,147.60753752073788,147.65686499618258,144.81560241056752,146.2954266739087,7308960.0
2020-04-30,False,daily,148.46,150.43,147.16,150.04,14829596.0,146.46314009042072,148.40664262294212,145.18062572885836,148.02188831447341,14829596.0
2020-04-29,False,daily,151.38,151.63,149.16,150.24,9285216.0,149.34386465639153,149.59050203361505,147.1537247466466,148.21919821625224,9285216.0
2020-04-28,False,daily,151.25,153.1,150.7,151.39,8558719.0,149.2156132202353,151.0407298116894,148.67301099034353,149.35373015148045,8558719.0
2020-04-27,False,daily,154.81,156.05,154.0,154.29,8924048.0,152.72772947189836,153.95105086292708,151.92862436969412,152.2147237272734,8924048.0
2020-04-24,False,daily,155.57,156.3,153.64,154.86,8654126.0,153.47750709865787,154.1976882401506,151.57346654649223,152.77705694734308,8654126.0
2020-04-23,False,daily,154.25,157.0,153.6988,155.51,10665024.0,152.17526174691764,154.88827289637646,151.63147565761523,153.41831412812422,10665024.0
2020-04-22,False,daily,152.81,155.0,151.73,152.99,11518324.0,150.75463045411013,152.91517387858823,149.68915698450445,150.93220936571106,11518324.0
2020-04-21,False,daily,150.12,151.64,148.57,149.68,9951106.0,148.10081227518495,149.600367528704,146.57166053639904,147.66673049127152,9951106.0
2020-04-20,False,daily,150.93,153.0,150.09,151.67,12226200.0,148.8999173773892,150.9420748608,148.0712157899181,149.6299640139708,12226200.0
2020-04-17,False,daily,151.99,152.3,149.6,152.02,10920022.0,149.94565985681695,150.25149020457414,147.58780653056,149.97525634208378,10920022.0
2020-04-16,False,daily,148.31,150.68,146.44,149.67,12181704.0,146.3151576640866,148.65328000016567,144.47031008245457,147.65686499618258,12181704.0
2020-04-15,False,daily,145.55,147.91,143.54,147.66,11962259.0,143.59228101953883,145.92053786052892,141.60931650666163,145.6739004833054,11962259.0
2020-04-14,False,daily,145.42,147.42,144.05,146.03,13838016.0,143.46402958338257,145.4371286011708,142.11245675619764,144.065824783808,13838016.0
2020-04-13,False,daily,140.0,141.4899,137.8404,139.77,8153228.0,138.11693124517646,139.58679135847783,135.98637892576872,137.89002485813083,8153228.0
2020-04-09,False,daily,144.01,145.42,140.28,141.23,11127206.0,142.07299477584186,143.46402958338257,138.39316510766682,139.33038714111623,11127206.0
2020-04-08,False,daily,137.75,144.13,137.3,143.26,10758179.0,135.8971948501647,142.19138071690918,135.45324757116236,141.33308264417127,10758179.0
2020-04-07,False,daily,139.86,142.03,137.26,137.48,11567070.0,137.9788143139313,140.11962674823152,135.41378559080658,135.63082648276327,11567070.0
2020-04-06,False,daily,137.01,140.97,135.54,139.76,14994419.0,135.16714821358306,139.07388426880377,133.71692043550868,137.88015936304188,14994419.0
2020-04-03,False,daily,132.38,134.785,131.58,134.17,10071180.0,130.5994239874033,132.97207555629365,129.810184380288,132.36534760832376,10071180.0
2020-04-02,False,daily,129.12,134.0,127.22,133.15,11594456.0,127.38327258840847,132.19763419181177,125.50882852150964,131.35906710925178,11594456.0
2020-04-01,False,daily,127.7,130.23,125.5,128.81,12606081.0,125.98237228577882,128.47834254328092,123.81196336621176,127.0774422406513,12606081.0
2020-03-31,False,daily,134.99,135.7097,130.05,131.13,15746124.0,133.17431820561694,133.88433788716804,128.30076363168,129.36623710128563,15746124.0
2020-03-30,False,daily,128.46,133.99,127.5,133.01,21754033.0,126.73214991253836,132.18776869672283,125.785062384,131.22095017800658,21754033.0
2020-03-27,False,daily,121.65,127.62,120.58,123.16,12133222.0,120.01374775696942,125.9034483250673,118.9581397824527,121.50343751539953,12133222.0
2020-03-26,False,daily,120.57,127.1,120.38,126.57,15068646.0,118.94827428736376,125.39044258044234,118.76082988067388,124.86757134072846,15068646.0
2020-03-25,False,daily,118.91,123.96,116.7008,119.4,13986052.0,117.31060210259952,122.29267712251482,115.13111692755065,117.79401136195766,13986052.0
2020-03-24,False,daily,118.76,119.65,113.86,119.18,17604766.0,117.16261967626542,118.04064873918118,112.32852708268423,117.57697047000094,17604766.0
2020-03-23,False,daily,117.0,118.56,109.16,111.14,20815226.0,115.42629254061177,116.96530977448658,107.69174439088188,109.64511241849223,20815226.0
2020-03-20,False,daily,126.83,127.44,118.13,119.89,19785130.0,125.12407421304094,125.72586941346636,116.54109348566212,118.27742062131577,19785130.0
2020-03-19,False,daily,134.99,134.99,126.15,127.05,18482336.0,133.17431820561694,133.17431820561694,124.45322054699294,125.34111510499764,18482336.0
2020-03-18,False,daily,131.02,135.6696,128.71,134.96,17521129.0,129.2577166553073,133.8447772518614,126.97878728976188,133.14472172035013,17521129.0
2020-03-17,False,daily,128.55,136.77,127.81,136.59,18911758.0,126.82093936833883,134.93037633144849,126.09089273175718,134.75279741984752,18911758.0
2020-03-16,False,daily,123.57,133.76,122.43,127.13,18877918.0,121.9079228140461,131.96086230967717,120.78325637390682,125.42003906570918,18877918.0
2020-03-13,False,daily,129.32,134.92,124.65,134.29,20084151.0,127.58058249018728,133.10525973999435,122.97339628365177,132.48373354939105,20084151.0
2020-03-12,False,daily,127.31,133.765,124.5,125.41,21539204.0,125.59761797731012,131.96579505722164,122.82541385731764,123.72317391041129,21539204.0
2020-03-11,False,daily,138.09,138.75,131.5,131.8,17768062.0,136.2326216831887,136.88374435905882,129.73126041957647,130.02722527224472,17768062.0
2020-03-10,False,daily,139.97,141.95,134.23,141.64,12698073.0,138.08733475990965,140.04070278752,132.4245405788574,139.7348724397628,12698073.0
2020-03-09,False,daily,136.33,139.6799,134.9,136.44,13848569.0,134.49629454753506,137.80113674737947,133.08552874981646,134.6048149935134,13848569.0
2020-03-06,False,daily,138.48,143.01,137.41,142.03,12239093.0,136.6173759916574,141.08644526694775,135.5617680171407,140.11962674823152,12239093.0
2020-03-05,False,daily,140.8,142.68,139.84,142.01,11339185.0,138.90617085229178,140.76088392901272,137.95908332375342,140.09989575805363,11339185.0
2020-03-04,False,daily,137.68,143.64,137.14,143.48,10560823.0,135.82813638454212,141.70797145755105,135.29539964973927,141.55012353612798,10560823.0
2020-03-03,False,daily,140.0,140.99,133.1,135.59,13662451.0,138.11693124517646,139.09361525898166,131.30973963380706,133.7662479109534,13662451.0
2020-03-02,False,daily,134.78,140.13,134.0138,140.02,11508232.0,132.96714280874917,138.2451826813327,132.21124857503452,138.13666223535435,11508232.0
2020-02-28,False,daily,135.36,137.29,130.82,134.48,19825528.0,133.53934152390778,135.4433820760734,129.06040675352847,132.67117795608092,19825528.0
2020-02-27,False,daily,142.56,144.77,138.95,139.12,12566706.0,140.6424979879454,142.82277240260143,137.08105426083765,137.24876767734966,12566706.0
2020-02-26,False,daily,145.35,146.22,143.59,143.68,10094401.0,143.39497111775998,144.2532691904979,141.65864398210635,141.74743343790684,10094401.0
2020-02-25,False,daily,145.99,146.75,143.83,144.65,10529373.0,144.02636280345223,144.77614043021177,141.89541586424096,142.7043864615341,10529373.0
2020-02-24,False,daily,146.5,149.0,145.25,145.91,10589203.0,144.52950305298825,146.99587682522352,143.29631616687058,143.9474388427407,10589203.0
2020-02-21,False,daily,148.09,150.24,147.54,149.93,7776835.0,145.1723966965378,147.28003835294646,144.6332325518751,146.97614583504566,7776835.0
2020-02-20,False,daily,148.61,149.38,147.4043,148.37,7465047.0,145.68215188785524,146.43698169038296,144.50020605291016,145.44688026109336,7465047.0
2020-02-19,False,daily,149.21,149.76,148.58,148.94,6115220.0,146.27033095475997,146.80949509942263,145.65274293451,146.00565037465284,6115220.0
2020-02-18,False,daily,150.47,150.74,149.06,149.14,7231010.0,147.50550699525994,147.77018757536706,146.1232861880338,146.20171006362108,7231010.0
2020-02-14,False,daily,150.56,150.64,149.15,150.13,5716549.0,147.59373385529562,147.67215773088293,146.2115130480695,147.1722055240139,5716549.0
2020-02-13,False,daily,150.16,151.045,149.88,150.09,5480225.0,147.20161447735913,148.06917860104363,146.9271309128036,147.13299358622027,5480225.0
2020-02-12,False,daily,151.87,152.15,150.92,151.09,5167069.0,148.87792481803766,149.1524083825932,147.94664129543847,148.1132920310615,5167069.0
2020-02-11,False,daily,152.29,152.38,151.54,151.99,3715389.0,149.28965016487095,149.37787702490667,148.55442633124002,148.9955606314186,3715389.0
2020-02-10,False,daily,151.68,151.91,150.8911,151.86,4836002.0,148.6916681135178,148.91713675583128,147.91831067038257,148.86812183358924,4836002.0
2020-02-07,False,daily,153.34,153.455,151.55,151.89,5700295.0,150.31896353195427,150.43169785311102,148.56422931568846,148.89753078693445,5700295.0
2020-02-06,False,daily,154.25,154.5,152.74,153.53,6201257.0,151.21103511675977,151.45610972797007,149.73078446504954,150.5052202364741,6201257.0
2020-02-05,False,daily,151.72,154.02,151.31,153.99,5980013.0,148.73088005131146,150.9855664744463,148.32895768892655,150.95615752110106,5980013.0
2020-02-04,False,daily,151.49,152.75,151.2,151.6,6541584.0,148.505411408998,149.74058744949792,148.221124859994,148.6132442379305,6541584.0
2020-02-03,False,daily,149.42,150.49,149.24,150.17,5765413.0,146.47619362817662,147.52511296415676,146.2997399081052,147.21141746180754,5765413.0
2020-01-31,False,daily,149.75,150.0,148.64,148.87,8651930.0,146.79969211497425,147.04476672618455,145.71156084120045,145.93702948351395,8651930.0
2020-01-30,False,daily,150.03,150.51,149.05,150.36,6470584.0,147.0741756795298,147.54471893305356,146.1134832035854,147.3976741663274,6470584.0
2020-01-29,False,daily,149.45,151.19,149.13,150.54,6288760.0,146.50560258152186,148.2113218755456,146.19190707917267,147.5741278863988,6288760.0
2020-01-28,False,daily,148.46,150.57,148.15,149.5,7336636.0,145.53510712112904,147.60353683974404,145.23121460322827,146.55461750376392,7336636.0
2020-01-27,False,daily,147.52,149.46,147.0,148.75,7587103.0,144.6136265829783,146.5154055659703,144.10387139166085,145.819393670133,7587103.0
2020-01-24,False,daily,148.58,148.945,147.93,148.32,9051933.0,145.65274293451,146.01055186687705,145.0155489453632,145.39786533885126,9051933.0
2020-01-23,False,daily,148.04,148.77,146.755,148.53,8671988.0,145.12338177429572,145.83899963902985,143.86369827267475,145.60372801226794,8671988.0
2020-01-22,False,daily,146.7,149.18,146.0,148.25,10305334.0,143.80978185820848,146.24092200141473,143.12357294681962,145.3292444477124,10305334.0
2020-01-21,False,daily,148.58,150.17,148.5,149.27,9543905.0,145.65274293451,147.21141746180754,145.5743190589227,146.32914886145045,9543905.0
2020-01-17,False,daily,148.41,149.41,147.93,149.17,9083838.0,145.48609219888698,146.4663906437282,145.0155489453632,146.23111901696632,9083838.0
2020-01-16,False,daily,147.42,148.84,146.2,148.2,6476379.0,144.51559673849417,145.9076205301687,143.31963263578785,145.28022952547033,6476379.0
2020-01-15,False,daily,146.4,147.395,146.24,147.01,4960460.0,143.51569232475612,144.49108927737316,143.35884457358154,144.11367437610926,4960460.0
2020-01-14,False,daily,145.05,146.61,144.73,146.52,7038779.0,142.19228942422046,143.7215549981728,141.87859392187124,143.63332813813707,7038779.0
2020-01-13,False,daily,145.48,145.79,144.72,145.7,4593819.0,142.61381775550217,142.91771027340295,141.86879093742286,142.82948341336726,4593819.0
2020-01-10,False,daily,145.75,146.18,144.9,145.06,5042668.0,142.87849833560932,143.30002666689106,142.04524465749427,142.20209240866888,5042668.0
2020-01-09,False,daily,145.76,146.03,144.99,145.39,6112783.0,142.8883013200577,143.15298190016486,142.13347151752998,142.52559089546645,6112783.0
2020-01-08,False,daily,144.87,145.98,143.7,144.96,6605775.0,142.01583570414903,143.1039669779228,140.86888652368478,142.10406256418474,6605775.0
2020-01-07,False,daily,144.01,145.45,141.38,144.98,7389034.0,141.17277904158556,142.58440880215693,138.59459413165314,142.12366853308157,7389034.0
2020-01-06,False,daily,144.0,144.2,142.85,144.1,7731435.0,141.16297605713717,141.3590357461054,140.03563284556975,141.26100590162127,7731435.0
2020-01-03,False,daily,143.5,145.373,143.0,144.28,5753422.0,140.67282683471655,142.50892582190417,140.18267761229592,141.4374596216927,5753422.0
2020-01-02,False,daily,145.87,146.02,145.08,145.97,5634469.0,142.99613414899028,143.14317891571645,142.2216983775657,143.09416399347438,5634469.0
